1 0
1  0.000 1.000 1000000000.000
4 0 1 2 8
1 0
1 4
1 13
0 29
1 29
1 45
0 90
1 90
0 156
1 156
0
209
129
5	0	TRYP #num missed tryp terminals
2	-1e+09	0
3	0.17185912	0.17185912	-0.14991632
6	0	TRYP C-term AA
5	-1e+09	5	7	9	10
6	0.36097278	0.34490852	0.0068986519	-0.34755523	-0.27273622	0.39391372
7	0	TRYP #frags at digest when C-term is R
3	-1e+09	0	4
4	0	0	0.01476475	0
8	0	TRYP #frags at digest when C-term is K
5	-1e+09	0	1	5	6
6	-0.11654399	-0.11654399	-0.084209634	0.034219738	-0.080109185	-0.11654399
9	0	TRYP #frags at digest when C-term is other
7	-1e+09	1	3	4	5	7	8
8	0.10373391	0.19473392	0.2245478	0.19788943	0.15233527	0.068095487	0.043245681	0
12	0	TRYP AA at N-terminal When C-term is other
9	-1e+09	6	7	11	15	16	19	21	22
10	-0.08529466	-0.08529466	-0.017704518	-0.27403527	-0.040733358	-0.26227627	-0.41057868	-0.34466539	-0.13226551	-0.08529466
13	0	ANN PEAK diff from org pm_with_19
12	-1e+09	-2.6560059	-2.0558472	-1.1486206	-0.94873047	-0.7487793	-0.048706055	0.051391602	0.2512207	0.45129395	0.85131836	1.0585938
13	-0.42025912	-0.36973301	0.3502482	0.26936097	0.21812437	0.23356139	0.55041649	0.45398394	0.45969091	0.22946942	-0.12378062	-0.5504718	-0.46118243
15	0	ANN PEAK %ann intensity
21	-1e+09	0.06296017	0.078006171	0.098423123	0.11765442	0.12380259	0.13625325	0.14832436	0.16080181	0.17330953	0.18620576	0.1929459	0.20663369	0.21378228	0.25257066	0.26998273	0.29906487	0.3215448	0.34759831	0.39725301	0.4712016
22	-0.058631654	-0.058631654	-0.049745159	0.016170457	0.042046709	0.035497066	0.057107431	-0.031112875	0.16197866	-0.014172023	0.045579619	0.06437817	0.092154591	0.0011925324	-0.046348765	-0.047280314	-0.060668117	-0.0016029086	0.0028944406	0.0050200973	0.0088453021	-0.058631654
16	0	ANN PEAK %ann peaks
13	-1e+09	0.053435113	0.057471264	0.075630255	0.080357142	0.11340206	0.11827957	0.12371134	0.14285715	0.15151516	0.16831683	0.18309858	0.1923077
14	0.06191052	0.06191052	0.056955918	0.055075488	0.089277941	0.055518047	0.054567124	-0.014704663	-0.0099643154	-0.024139775	-0.053019595	-0.0053063302	0.00069055376	0.06191052
17	0	ANN PEAK #ann in top 25
11	-1e+09	2	3	5	6	7	8	9	10	11	12
12	0.13196472	0.057840527	-0.12818512	-0.10521846	-0.079757782	-0.030398093	0.010920753	0.040124638	0.080587479	0.10954798	0.15224157	0.20963441
18	0	ANN PEAK #ann in top half (up to 50)
11	-1e+09	5	6	8	11	12	14	16	17	19	20
12	-0.0078825908	-0.1282795	-0.14852207	-0.13580471	-0.15275148	-0.11657616	-0.062935217	-0.038069963	-0.015535477	0.013003876	0.085826503	0.13962009
19	0	ANN PEAK #ann in top third - #ann in mid third
11	-1e+09	-5	-2	0	2	3	5	6	9	10	14
12	0.10936442	0.10936442	0.038506262	0.053371921	-0.052927229	-0.048827088	-0.028407113	0.045812292	0.051538929	0.083227131	0.028775822	0.10936442
20	0	ANN PEAK #ann in top third - #ann in last third
12	-1e+09	1	3	5	7	8	9	10	12	13	14	16
13	0.0157955	0.0157955	0.055129565	-0.037118116	-0.060651411	-0.027693849	-0.020027173	-0.015350964	-0.0020470883	0.007524233	0.010432979	0.064507717	0.0157955
21	0	ANN PEAK #ann in mid third - #ann in last third
8	-1e+09	0	1	2	4	5	7	9
9	-0.008533034	-0.053497941	0.022737527	0.0077912469	-0.014280107	0.006116714	0.015027716	0.065377307	0.073081401
22	0	ANN PEAK #y annotated
4	-1e+09	0	1	2
5	0.03657436	0.03657436	0.01508572	-0.038133424	0.049218295
23	0	ANN PEAK #b annotated
4	-1e+09	0	1	2
5	-0.10571679	-0.089118682	-0.070346908	-0.12386808	-0.024154358
24	0	ANN PEAK #b-H2O annotated
4	-1e+09	0	1	2
5	0.049246198	0.071734744	0.0096491076	-0.080203533	0.0049606549
28	0	ANN PEAK #a annotated
3	-1e+09	0	1
4	-0.023407441	-0.080461097	0.0019382228	0.11031811
29	0	PEAK OFF y num frags detected
4	-1e+09	0	1	2
5	0.060018944	0.044565405	-0.022965374	-0.034254297	0.06336648
30	0	PEAK OFF y max self offset
17	-1e+09	0.0092964172	0.03459549	0.044353485	0.061573029	0.065654755	0.069530487	0.077770233	0.085704803	0.11500168	0.1195488	0.1490593	0.16069412	0.17307663	0.23417282	0.24705887	0.30302048
18	-0.10214983	0.011929602	0.020124342	0.041611621	0.02191878	0.044593357	0.061113897	0.074264272	0.20192266	0.090318379	0.05679592	0.044809815	0.024503073	-0.0035448005	-0.016641254	-0.11097647	-0.20613891	-0.25888931
31	0	PEAK OFF y avg self offset
13	-1e+09	0.039958954	0.051528931	0.062835693	0.06571579	0.074746452	0.077884674	0.087932587	0.1114184	0.12076441	0.14323807	0.2080574	0.27006912
14	0.00075072548	0.029576076	0.072283726	0.068303997	-0.049753661	-0.10894866	-0.12783266	-0.17264481	-0.044940563	-0.065321555	-0.076762856	-0.096296649	-0.11110718	-0.012765826
37	0	PEAK OFF b num frags detected
13	-1e+09	0.0081912279	0.035143733	0.053235173	0.096631169	0.14851105	0.19874847	0.21232879	0.22795379	0.24583709	0.26722443	1	2
14	-0.26955747	-0.26955747	-0.14333925	-0.057714941	-0.049325549	0	-0.033412909	-0.048345798	-0.12066486	-0.17260416	-0.22825693	-0.26919865	-0.30665891	-0.26955747
38	0	PEAK OFF b max self offset
19	-1e+09	0.012286067	0.020068049	0.0258257	0.050463557	0.057385564	0.0809201	0.10267365	0.12364471	0.1434201	0.14895904	0.15489471	0.16765106	0.17501831	0.19114959	0.21156037	0.22401154	0.25493133	0.3048526
20	-0.071386747	-0.033697677	9.8432577e-05	0.069816802	0.065047368	0.0011216007	-0.013068659	-0.0091375797	-0.063402859	-0.01068705	-0.036498264	-0.061474747	-0.060521121	-0.025148337	-0.050449806	-0.0047218626	-0.069954865	-0.073155749	-0.11725992	-0.11821354
39	0	PEAK OFF b avg self offset
11	-1e+09	0.030487061	0.044629216	0.054895122	0.076318465	0.088676251	0.091875911	0.11058319	0.11485565	0.1479007	0.29647592
12	0.23921827	0.23921827	0.21749325	0.20088013	0.21588663	0.1750558	0.087384748	0.057086111	0.054162326	0.047941177	0.015006495	0.23921827
45	0	PEP COMP start cat N (len 3)
6	-1e+09	6	9	10	15	16
7	0.0079330458	-0.2208535	-0.076593577	0.1462942	0.18289149	0.19539388	0.2424727
46	0	PEP COMP end cat C (len 3)
7	-1e+09	3	8	11	13	14	16
8	-0.17592701	-0.22279335	-0.20485875	-0.2119466	-0.086042664	-0.058650348	-0.0070878533	-0.13831789
54	0	PEP COMP before cat score 1
11	-1e+09	4	6	8	9	11	12	15	16	18	19
12	-0.15477145	-0.15477145	-0.033706308	0.027379952	-0.17575959	-0.1867452	-0.090651046	-0.068544623	-0.038183719	-0.10001868	-0.0064501017	-0.15477145
55	0	PEP COMP after cat score 1
10	-1e+09	4	6	7	9	11	14	16	17	19
11	-0.13017681	-0.12495215	-0.13941628	-0.12837706	-0.11172896	-0.08287544	-0.046581604	-0.11066669	-0.0099378512	-0.06196723	-0.13830833
56	0	PEP COMP span cat score 1
6	-1e+09	4	5	10	14	19
7	0.0029449639	-0.007683398	-0.011289021	-0.041231841	-0.0037431229	0.020640849	0.0029449639
68	0	PEP COMP #aa N
1	-1e+09
2	0	-0.094164694
69	0	PEP COMP #aa D
2	-1e+09	1
3	0.012787296	0.01468521	0
70	0	PEP COMP #aa C
1	-1e+09
2	0	0.019125158
71	0	PEP COMP #aa Q
2	-1e+09	1
3	-0.011351975	-0.57031699	-0.59884023
72	0	PEP COMP #aa E
1	-1e+09
2	0	-0.026719183
73	0	PEP COMP #aa G
1	-1e+09
2	0	0.079131281
76	0	PEP COMP #aa K
2	-1e+09	1
3	0	0	-0.048872254
77	0	PEP COMP #aa M
1	-1e+09
2	0	0.00673342
78	0	PEP COMP #aa F
1	-1e+09
2	0	-0.12516711
79	0	PEP COMP #aa P
1	-1e+09
2	0	0.2529991
80	0	PEP COMP #aa S
1	-1e+09
2	0	0.053537865
81	0	PEP COMP #aa T
1	-1e+09
2	0	-0.045117635
83	0	PEP COMP #aa Y
1	-1e+09
2	0	0.0079747547
96	0	PRM N/-C delta mass
5	-1e+09	-0.23161316	0.032417297	0.14100647	0.19132233
6	0.00093155005	0.00093155005	0	0.052275689	0.17312625	0.00093155005
98	0	PRM N/-C average breakage score
4	-1e+09	-16.380383	1.3073865	2.8089013
5	0.1178651	0.12837996	0.019302551	0.12837996	0.10907741
100	0	PRM N/-C path score
3	-1e+09	31.88139	46.296722
4	0.006420626	0.019539697	0.00094412542	0
101	0	PRM N/-C average path score
2	-1e+09	5.3135648
3	0.0049503837	0.015545927	0
102	0	PRM -N/C delta mass
12	-1e+09	-0.49695587	-0.16080475	-0.062850952	-0.037780762	0.025558472	0.061584473	0.081634521	0.14360046	0.15727234	0.17380524	0.23081207
13	-0.25559724	-0.40976707	0.035849413	0.093597819	0.12241166	0.24596521	0.31152556	0.32484273	0.36344112	0.26798501	0.24474795	0.17594224	-0.1153755
103	0	PRM -N/C total breakage score
9	-1e+09	-95.018715	-73.18306	-34.791195	-32.945911	-24.033329	-22.335796	-13.444111	-4.0614481
10	-0.020558115	-0.020558115	-0.088197429	-0.11362529	-0.09601325	-0.091181486	-0.089134484	0	-0.013522633	-0.020558115
104	0	PRM -N/C average breakage score
4	-1e+09	-27.292538	-16.798044	-2.1925983
5	-0.00036293798	-0.00036293798	-0.049939169	0.0070470668	-0.00036293798
105	0	PRM -N/C normalized average breakage score
9	-1e+09	-15.836452	-12.197177	-5.7985325	-5.4909854	-4.0055547	-3.7226326	-2.2406852	-0.67690802
10	-0.01174794	-0.01174794	-0.021117455	-0.028864738	-0.016082359	-0.011213702	-0.0081149941	0	-0.0072351067	-0.01174794
106	0	PRM -N/C path score
5	-1e+09	14.297407	33.253017	34.915428	38.296837
6	0.013936267	0.013936267	0.011963452	0.0067772488	-0.022048436	0.013936267
107	0	PRM -N/C average path score
6	-1e+09	2.3829012	5.5421696	5.8192382	6.3828063	7.7911873
7	0.0045122432	0.0045122432	-0.003506153	-0.0093294351	-0.021435657	0.0054568067	0.0045122432
108	0	PRM -N/-C delta mass
9	-1e+09	-0.39474487	-0.24794006	-0.1463089	-0.028038025	-0.021354675	-7.6293945e-05	0.033279419	0.06489563
10	-0.069991375	-0.069991375	-0.051420635	0.0054526688	0.04759759	0.0047300798	-0.010611479	-0.019783612	-0.03317261	-0.069991375
110	0	PRM -N/-C average breakage score
6	-1e+09	-16.952311	-6.5819983	-3.6535754	0.81415105	9.2867603
7	-0.063005658	-0.063005658	-0.038820668	-0.072274516	-0.015964969	-0.053271769	-0.063005658
111	0	PRM -N/-C normalized average breakage score
4	-1e+09	-8.5768919	-2.0007963	0.5079146
5	-0.021722711	-0.021722711	-0.014003617	0.00094085301	-0.021722711
112	0	PRM -N/-C path score
6	-1e+09	28.368671	29.18132	33.819351	36.25116	43.644161
7	-0.024492446	-0.092681827	-0.029236525	-0.025622512	-0.011215636	0.0070450182	0.061089496
113	0	PRM -N/-C average path score
7	-1e+09	4.7281117	4.8635535	5.6365585	6.0418601	7.2740269	7.8382297
8	0.010532425	-0.090634871	-0.032760279	-0.016873986	0.00099257271	0.029347803	0.1031455	0.10409659
114	0	PRM path score
15	-1e+09	-93.82711	-63.527176	-52.150764	-49.107227	-43.608204	-38.757351	-28.478943	-22.898695	-19.404409	-17.680994	7.5363822	9.3810463	13.343849	20.623867
16	-0.0552489	-0.0552489	-0.0044043384	0.0057417199	0.01409686	0.0013844034	-0.043498933	-0.020736906	-0.060652883	0.026271946	0.0618927	0.027909577	0.015030918	-0.00027859816	-0.045007988	-0.0552489
115	0	PRM total breakage score
16	-1e+09	9.2175074	14.473787	18.910013	20.715176	23.278006	27.258884	31.962975	32.740891	35.180943	36.915657	39.652554	43.727646	56.257034	59.071152	62.777493
17	0.24387463	0.24387463	0.023978118	0.0064353249	-0.073451323	-0.080768801	-0.068680551	-0.11862787	-0.17289065	-0.17643537	-0.19097962	-0.24980883	-0.23222261	-0.22906283	-0.077933836	-0.032800116	0.24387463
116	0	PRM SeqPath rank
12	-1e+09	0	2	4	15	17	25	33	41	44	51	63
13	-0.23013829	-0.043832679	-0.071639722	-0.19728206	-0.18717646	-0.11432664	-0.10592601	-0.11000481	-0.092387817	-0.10521604	-0.143318	-0.25675351	-0.23972176
117	0	PRM multipath score
17	-1e+09	8.0955076	12.398612	15.110427	18.592449	19.968508	22.324308	23.375057	26.265551	28.015081	30.472235	32.067062	32.847061	35.98259	39.300476	41.956795	54.204544
18	-0.024421055	-0.1861359	-0.14044105	-0.12878287	0.014418645	0.082126867	-0.18895205	-0.16612032	-0.10743228	-0.0041299816	0.067990691	0.04288729	0.05156525	0.059979574	0.10028395	0.031819084	0.13982759	0.14390061
118	0	PRM delta score
21	-1e+09	0	1.4929886	4.0713692	9.6009064	10.962875	12.193123	16.267492	18.837793	19.658451	20.477417	21.290405	22.081539	25.245152	27.563499	30.706345	32.357872	37.7659	38.791298	43.628632	45.151199
22	0.75856656	0.75856656	0.61871954	0.60763966	0.5544272	0.36312734	0.35096235	0.32679185	0.27131476	0.1891581	0.14564645	0.072367586	0.0062141572	-0.014780632	0.12526506	0.047109906	-0.026586323	-0.21546988	-0.2237577	-0.32429528	-0.33198437	-0.36635169
119	0	PRM rank, delta score<=1.5
2	-1e+09	1
3	0.091349072	0.13816555	0
121	0	PRM rank, 7.5<delta score<=15
4	-1e+09	3	9	11
5	0	0	-0.059421765	-0.053114848	0
122	0	PRM rank, delta score>15
11	-1e+09	3	4	8	12	15	17	20	25	51	63
12	-0.055445909	-0.054478309	-0.029292643	0.010462656	-0.12686886	-0.13013882	-0.094848353	-0.086360318	-0.097963962	-0.22145701	-0.23268089	-0.055445909
123	0	PRM tag, percent in top 5 denovo
4	-1e+09	0.2	0.40000001	0.80000001
5	-0.0068891061	-0.080643623	-0.063058999	-0.072415718	0.096886944
124	0	PRM tag, percent in top 20 denovo
11	-1e+09	0.050000001	0.1	0.30000001	0.44999999	0.55000001	0.60000002	0.69999999	0.80000001	0.85000002	0.89999998
12	0.027576783	-0.093074966	-0.033875821	-0.10901562	-0.033875821	-0.0034284675	0.083892672	0.10879966	0.11802719	0.16633447	0.18707468	0.25510784
125	0	PRM tag, percent in all denovo
10	-1e+09	0.039999999	0.059999999	0.1	0.12	0.16	0.23999999	0.31999999	0.66000003	0.80000001
11	0.35245673	-0.056328061	0.0025333948	0.12384179	0.1311336	0.35330377	0.40446435	0.48296883	0.46167142	0.47477731	0.37873519
126	0	PRM tag, rank if in top 5
11	-1e+09	0	1	2	3	6	10	13	17	19	32
12	0.4344541	0.77951457	0.74281027	0.62131228	0.61014003	0.47711765	0.33141159	0.31192667	0.27008386	0.41108089	0.16283737	0.28380877
127	0	PRM tag, rank if in top 5-20
4	-1e+09	0	2	18
5	-0.041100899	-0.041100899	-0.034107658	0	-0.041100899
128	0	PRM tag, rank if in top 20-all
13	-1e+09	0	1	2	4	12	14	21	29	31	36	43	49
14	0.49060085	0.48529114	0.15793801	0.13435602	0.1622621	0.63351608	0.52192411	0.46941493	0.52886068	0.49708629	0.45395761	0.38868043	0.35651949	0.33654897
133	0	PRM breakage score min 1
6	-1e+09	-45.843987	-35.426403	-25.030252	-8.4036589	-5.1337748
7	0.014455338	0.015788713	0.0033045591	-0.0092408501	0.014638995	0.011128731	0.007970298
134	0	PRM breakage score min 2
11	-1e+09	-38.143646	-33.153179	-20.687986	-16.073473	-10.725127	-7.6913638	-2.362638	4.9375143	8.3705521	9.3847494
12	0.11252271	0.11252271	0.087248818	0.059844857	0.064653169	0.052148284	0.15394779	0.04882969	0.076138032	0.13616913	0.12578544	0.11252271
136	0	PRM breakage score min consecutive 3
9	-1e+09	-43.735435	-37.540108	-21.55262	-9.7247763	-0.93281865	9.2016697	20.299995	28.570576
10	0.13195703	0.13195703	0.11200461	0.059216406	0.05828547	0.079151105	0.070196957	0.01369197	0.10307473	0.13195703
137	0	PRM breakage score max consecutive 3
9	-1e+09	-62.184822	-53.520561	-38.836922	-32.249523	-17.250109	-2.1659536	4.4876857	9.7805786
10	0.018332211	0.018332211	0.06027816	0.094247905	0.099383217	0.0014808458	0.0062555946	0.024283234	0.030168016	0.018332211
138	0	PRM breakage score min consecutive 2
11	-1e+09	-43.739201	-38.34404	-36.719856	-30.567875	-24.774353	-12.588752	-8.5366917	-4.2335906	2.0466156	9.8429966
12	0.011613321	0.037537231	0.08072169	0.068742345	-0.016929223	-0.019453065	-0.028811731	-0.015770583	-0.068404548	-0.032113657	-0.0024329879	-0.0012835322
139	0	PRM breakage score max consecutive 2
14	-1e+09	-25.898489	-6.8045397	-5.5572762	-4.4044399	3.3697767	5.4266968	6.4383144	8.5262918	10.648809	11.691103	14.909322	22.237288	27.254658
15	-0.031355823	-0.031355823	0.01203615	0.0091032943	-0.0028344054	-0.0056998324	-0.0034535869	-0.00065993941	0.039881161	0.025330561	-0.071846417	-0.01316262	0.056156389	0.013021617	-0.031355823
142	0	PRM #breakage scores 0 - 8
3	-1e+09	0	1
4	0.019011514	0.019011514	-0.022720881	0.019011514
144	0	PRM #breakage scores above 15
3	-1e+09	0	1
4	-0.031846748	-0.031846748	0.013000106	-0.031846748
145	0	PRM %breakage scores below -10
3	-1e+09	0	0.5
4	-0.0039536129	-0.0039536129	0.0023569879	-0.0039536129
146	0	PRM %breakage scores below 0
5	-1e+09	0	0.33333334	0.66666669	0.75
6	-0.037326572	-0.037326572	0.014988626	0.032861081	-0.0081394816	-0.037326572
147	0	PRM %breakage scores above 0
5	-1e+09	0	0.25	0.5	0.75
6	-0.0046140992	-0.0046140992	0.0046095748	0.0079842527	0.0023652948	-0.0046140992
148	0	PRM %breakage scores above 8
4	-1e+09	0	0.25	0.5
5	-0.00097786725	-0.00097786725	0.0012364571	0.0042250011	-0.00097786725
149	0	PRM Score connected to N-terminal
6	-1e+09	-0.95854229	6.2818303	6.8819523	11.430917	14.904886
7	-0.17061163	-0.17061163	-0.03553794	-0.11133095	-0.16968406	-0.13321855	-0.17061163
150	0	PRM Score connected to C-terminal
9	-1e+09	-3.6786799	0	2.3864532	7.6090789	8.2049255	8.7579107	12.387322	13.277831
10	0.19818227	0.13064769	0	0.12757138	0.15081541	0.18522574	0.21201861	0.27748501	0.25425383	0.20297383
151	0	PRM %breakages with 1 frag detected
3	-1e+09	0	0.25
4	-0.070147736	-0.14018062	-0.0082460423	0.13667266
152	0	PRM %breakages with 2 frag detected
3	-1e+09	0	0.25
4	-0.01670123	-0.076174346	-0.03687739	0.068645049
153	0	PRM %breakages with > 5 frags detected
4	-1e+09	0	0.25	0.66666669
5	0.023503902	0.02934458	-0.011040283	-0.045767677	0.017416666
154	0	PRM %breakages with dual orientation frags
4	-1e+09	0	0.25	0.66666669
5	-0.012378915	-0.089017901	-0.028138382	0.027051366	0.10020711
157	0	COMP PPP frag 1 obs_ratio
5	-1e+09	0	0.25	0.33333334	0.66666669
6	0.079243485	0.07331931	0.1070852	-0.010940948	0.078457512	0.099256884
158	0	COMP PPP frag 2 obs_ratio
4	-1e+09	0	0.33333334	0.66666669
5	-0.089289042	-0.10437743	-0.1123815	-0.13570802	-0.04538386
159	0	COMP PPP frag 3 obs_ratio
5	-1e+09	0.25	0.5	0.66666669	0.75
6	-0.058399364	0	-0.099910568	-0.22644932	-0.21621967	-0.10478485
160	0	COMP PPP num missed peaks
3	-1e+09	38	43
4	0.017903211	0.017903211	-0.012899919	0.017903211
161	0	COMP PPP MOBILE sum ranks of missed 1-5
3	-1e+09	27	30
4	-0.09970187	-0.09970187	0	-0.09970187
162	0	COMP PPP PARTMOBILE sum ranks of missed 1-5
4	-1e+09	22	33	42
5	-0.061401687	-0.061401687	0	-0.056649415	-0.061401687
163	0	COMP PPP NONMOBILE sum ranks of missed 1-5
5	-1e+09	14	17	24	32
6	0.034809406	0.034809406	0.0077211018	0.034809406	0.027088305	0.034809406
164	0	COMP PPP sum ranks of missed 1-5
5	-1e+09	20	23	29	40
6	0.022520006	0.022520006	0.0081313991	-0.0067718401	-0.024729718	0.022520006
170	0	COMP PPP PARTMOBILE sum ranks of missed 11-15
6	-1e+09	65	70	75	95	100
7	-0.019412368	-0.019412368	0	-0.033737493	-0.070203804	-0.03303174	-0.019412368
172	0	COMP PPP sum ranks of missed 11-15
3	-1e+09	70	95
4	0.012136524	0.012136524	-0.0031399452	0.012136524
173	0	COMB PPP observed rank of predicted rank 1
6	-1e+09	0	1	3	4	5
7	0.10632466	0.23306274	0.23914043	0.094725739	0.038840288	-0.075809928	-0.25145113
174	0	COMB PPP observed rank of predicted rank 2
7	-1e+09	0	1	2	3	4	5
8	-0.03609533	0.022915752	0.081241085	0.097147826	0.044574064	0.027044871	-0.011823056	-0.085327583
175	0	COMB PPP observed rank of predicted rank 3
6	-1e+09	0	1	3	4	5
7	-0.039284387	-0.013828588	0.043477198	0.05830311	0.037979172	0.0048973239	-0.089171092
176	0	COMB PPP observed rank of predicted rank 4
3	-1e+09	0	5
4	0.0012878561	0.0012878561	-0.0011533034	0.0012878561
177	0	COMB PPP observed rank of predicted rank 5
4	-1e+09	0	2	7
5	0.0054495116	0.014683726	0.01843695	0.031249652	-0.015607888
178	0	COMB PPP observed rank of predicted rank 6
4	-1e+09	1	6	9
5	-0.022926272	-0.022926272	0.0090658611	0.015953093	-0.022926272
180	0	COMB PPP predicted rank of observed rank 1
4	-1e+09	0	3	4
5	0.00053856201	0.050919151	0.053902405	0.026847704	-0.049165379
181	0	COMB PPP predicted rank of observed rank 2
3	-1e+09	4	9
4	0.0064462843	0.022675517	-0.017886263	-0.012969678
182	0	COMB PPP predicted rank of observed rank 3
4	-1e+09	0	5	9
5	0.0041068801	0.0041068801	0.01041007	-0.008895713	0.0041068801
183	0	COMB PPP predicted rank of observed rank 4
3	-1e+09	1	6
4	-0.016734177	-0.0094450456	0.03215847	-0.026414657
184	0	COMB PPP predicted rank of observed rank 5
3	-1e+09	6	9
4	-0.0028638965	0.0078047705	0.015580627	-0.016334742
186	0	COMB PPP predicted rank of observed rank 7
3	-1e+09	2	7
4	-0.0055408807	-0.0055408807	0.0024194305	-0.0055408807
187	0	COMB PPP rank of missed #1
7	-1e+09	0	1	2	3	5	9
8	-0.1018318	-0.17214222	-0.12036079	0.0181947	0.010207017	0.099873064	0.10727987	0.11633216
188	0	COMB PPP rank of missed #3
5	-1e+09	3	5	6	10
6	0.0091465705	0.0091465705	-0.010189779	-0.0083058253	0.022428397	0.0091465705
189	0	COMB PPP rank of missed #5
3	-1e+09	6	9
4	0.0096627247	0.0096627247	-0.0095993791	0.0096627247
192	0	COMB PPP rank of missed #11
3	-1e+09	12	17
4	0.01063144	0.01063144	-0.0098710224	0.01063144
195	0	COMB PPP rank of missed #17
3	-1e+09	18	23
4	0.00094521343	0.00094521343	0	0.00094521343
196	0	COMB PPP delta score #1
11	-1e+09	0	0.079722643	0.5056088	0.58544636	0.83805633	1.1862483	1.3656802	1.5477166	2.5481739	2.7475646
12	-0.20637776	0.097232753	0.1032969	0.0029943824	-0.03289219	-0.094452096	-0.1061043	-0.26066557	-0.21089037	-0.36731123	-0.44184037	-0.48074439
197	0	COMB PPP delta score #2
10	-1e+09	-2.0142348	-1.1672983	-0.43147206	-0.22921824	0.33371329	0.48871088	0.9848994	1.5840497	1.7280462
11	-0.099096522	-0.086470533	0.16782311	0.19390583	0.18806255	0.19690769	0.095466878	0.0078242845	-0.055810237	-0.094581889	-0.1190618
198	0	COMB PPP delta score #3
19	-1e+09	-2.3305044	-1.8120174	-1.528322	-1.3398206	-1.1804216	-0.68240499	-0.58340168	-0.24888754	-0.1641655	0.076821327	0.2158637	0.50107074	0.89259982	0.97761893	1.0665123	1.2767951	1.5481907	1.7151043
20	-0.20625184	-0.20625184	0.024471243	0.029810318	0.11315711	0.059975111	0.1043161	0.11287192	0.21852274	0.19653709	0.14548497	0.12564375	0.043451715	-0.0077417983	-0.016297618	-0.046532635	-0.056498747	-0.13851595	-0.19709298	-0.20625184
199	0	COMB PPP delta score #4
9	-1e+09	-1.5249197	-1.068424	-0.58528709	-0.22786748	0.10740376	0.52913213	0.99788094	1.0999897
10	-0.04349525	-0.04349525	0.034465109	0.10473632	0.0963108	0.070813723	0.028498059	0.0058283044	-0.040061381	-0.04349525
200	0	COMB PPP delta score #5
15	-1e+09	-2.3504765	-1.7081239	-1.3800862	-1.2535248	-1.0449624	-0.95232868	-0.57574201	-0.18611479	0.16038394	0.29961145	0.37071919	1.2098887	1.3475349	2.009325
16	-0.030381273	-0.030381273	-0.013398358	0.016858131	0.033247471	0.032309907	0.042874729	0.078285445	0.11734299	0.14935572	0.11225102	0.086605072	0.030394738	0.024200065	0.0063353873	-0.030381273
201	0	COMB PPP delta score #6
13	-1e+09	-2.0779073	-1.8184581	-1.4779024	-1.3496283	-1.0556471	-0.89861989	-0.82931221	-0.76148772	-0.2609098	-0.1987524	0.17118859	1.0474722
14	-0.068249186	-0.077984902	-0.035438663	-0.006127101	0.038764285	0.094846734	0.21058738	0.19683923	0.088845802	0.050699812	0.079437644	0.096406231	-0.060397616	-0.061466994
202	0	COMB PPP delta score #7
7	-1e+09	-2.7174065	-0.89278293	-0.72235239	-0.047346711	0.19273102	0.7381922
8	0.054836505	0.054836505	0.11146025	0.11052049	0.019567382	0.042707164	0.074403886	0.054836505
203	0	COMB PPP dot prod pred-obs top 15
15	-1e+09	0.12684689	0.15855861	0.16912919	0.25621605	0.39756653	0.44505379	0.4626883	0.48443079	0.49341583	0.51051307	0.52285081	0.5771898	0.58898461	0.67273456
16	0.012634155	0.012634155	0.026490922	0.0017645804	-0.0085268824	-0.03946606	-0.036415688	-0.03734466	-0.015735476	-0.0054490371	0.028424551	0.020814949	-0.021672358	-0.011622839	0.02548886	0.012634155
204	0	COMB PPP dot prod obs-pred top 15
15	-1e+09	0.21141148	0.22369508	0.26385748	0.26426437	0.30452025	0.34565777	0.38370454	0.41989118	0.42828017	0.45610681	0.50479776	0.55390948	0.578866	0.65264058
16	-0.090968611	-0.10369728	-0.033994373	-0.03306635	0.00065520671	0.012906414	0.079791249	0.006800578	0.0038422724	0.020773832	-0.0054456847	0.00044791187	-0.0015278237	0.0043786253	-0.041190571	-0.077722213
205	0	COMB PPP dot prod pred-obs top 30
10	-1e+09	0.082300037	0.10287504	0.10973338	0.25794673	0.28875712	0.32013509	0.33122799	0.33923292	0.38214144
11	0.0031474534	0.0031474534	0.010396067	0.005065212	0.00082109538	0.0019342372	0.0010022491	0.0063877573	0.0011175923	-0.0040739217	0.0031474534
206	0	COMB PPP dot prod obs-pred top 30
11	-1e+09	0.17119442	0.17145841	0.19757698	0.22426759	0.27243125	0.27787414	0.29592848	0.35938421	0.37557635	0.42344233
12	-0.0055544594	-0.011815577	-0.0053417225	-0.0042801845	8.743639e-05	-0.001919286	0.005319261	0.0042638854	0.0082334306	0.0092916397	0.0016623024	-0.00045029197
207	0	COMB PPP dot prod pred-obs top 45
12	-1e+09	0.065031566	0.081289455	0.086708754	0.20382348	0.23720995	0.24835683	0.25296327	0.26172864	0.26805395	0.29591233	0.30195925
13	0.0067506514	0.0067506514	0.01883381	0.011618961	0.010443482	0.011421919	0.017347122	0.019468743	0.029907557	0.02034726	-0.012010132	-0.010946985	0.0067506514
208	0	COMB PPP dot prod obs-pred top 45
13	-1e+09	0.11468347	0.13527383	0.13548243	0.15612072	0.17721102	0.21526882	0.21956967	0.23383577	0.25879851	0.283977	0.29677168	0.33459425
14	-0.041050666	-0.047308013	-0.046368587	-0.013768299	0.0027991506	0.04162131	0.021680508	0.031561378	0.030473718	0.031425455	0.028460626	0.03047911	-0.01340173	-0.034015162
