0 -999999999 -999999999 -1 -1
1 0 0 -1 -1
0.2179 -1.113
356
7.29958985e-01
0.00000000e+00
0.00000000e+00
0.00000000e+00
0.00000000e+00
0.00000000e+00
0.00000000e+00
0.00000000e+00
0.00000000e+00
0.00000000e+00
0.00000000e+00
0.00000000e+00
0.00000000e+00
0.00000000e+00
0.00000000e+00
0.00000000e+00
0.00000000e+00
0.00000000e+00
0.00000000e+00
0.00000000e+00
0.00000000e+00
0.00000000e+00
0.00000000e+00
0.00000000e+00
0.00000000e+00
0.00000000e+00
0.00000000e+00
0.00000000e+00
0.00000000e+00
0.00000000e+00
0.00000000e+00
0.00000000e+00
0.00000000e+00
0.00000000e+00
0.00000000e+00
0.00000000e+00
0.00000000e+00
0.00000000e+00
0.00000000e+00
0.00000000e+00
0.00000000e+00
0.00000000e+00
0.00000000e+00
0.00000000e+00
0.00000000e+00
0.00000000e+00
0.00000000e+00
0.00000000e+00
0.00000000e+00
0.00000000e+00
0.00000000e+00
-9.01174017e-01
1.94288499e-01
1.05276762e+00
0.00000000e+00
0.00000000e+00
0.00000000e+00
0.00000000e+00
0.00000000e+00
0.00000000e+00
-1.11206761e+00
1.30129428e+00
6.78161213e-02
8.72191154e-01
1.04032023e+00
1.09928395e-01
1.45879601e+00
1.52296539e-01
0.00000000e+00
0.00000000e+00
0.00000000e+00
-9.91051605e-04
-3.02417347e-02
3.34003126e-01
-1.17056873e+00
-2.24409724e-02
5.71109031e-01
-1.03403314e+00
1.01483453e-02
-1.08666548e-01
5.78351793e-01
6.00391256e-01
-1.15952656e-01
-6.95695680e-01
0.00000000e+00
0.00000000e+00
0.00000000e+00
0.00000000e+00
0.00000000e+00
0.00000000e+00
8.40341794e-01
7.77554912e-02
-3.60763685e-01
2.34520394e-01
-5.99739269e-01
-7.95077806e-02
2.22490366e-01
3.67795926e-01
5.26788070e-01
-8.82898383e-01
-1.11946517e-01
-6.94971911e-01
0.00000000e+00
0.00000000e+00
3.21113838e+00
3.02471984e+00
2.84272953e-01
9.84395434e-01
5.37377957e-01
6.86947094e-01
-3.58135254e-01
-4.17794486e-01
-1.90873692e-01
-1.05354139e+00
-7.13748252e-01
-8.52479941e-02
-9.76956697e-01
-1.17787507e+00
0.00000000e+00
0.00000000e+00
0.00000000e+00
0.00000000e+00
0.00000000e+00
0.00000000e+00
-4.03311825e-01
-3.92472997e-01
-8.63902007e-02
9.42322739e-02
-5.94925740e-01
-9.11892365e-01
5.01349702e+00
4.72914773e+00
4.90087830e+00
4.96177797e+00
5.22384663e+00
5.26980441e+00
1.42489844e+00
7.82285786e-01
3.66743044e-01
2.84528073e-01
-2.58408721e-01
-7.55406300e-01
0.00000000e+00
2.95610048e-01
-2.01902570e-01
3.84270780e-02
-5.73304447e-01
-9.75544293e-01
1.71706370e+00
0.00000000e+00
0.00000000e+00
0.00000000e+00
0.00000000e+00
0.00000000e+00
0.00000000e+00
0.00000000e+00
-9.87104713e-01
-1.73568705e-01
0.00000000e+00
0.00000000e+00
-1.41423396e+00
-4.77218943e-01
-1.06694544e+00
-1.81754191e+00
-2.48117940e+00
0.00000000e+00
0.00000000e+00
0.00000000e+00
-8.42399381e-03
-1.20971310e+00
-6.86312682e-01
-4.59474241e-01
1.34528698e+00
-1.53846262e+00
1.99646739e-01
-4.81074049e-02
2.14131037e-01
0.00000000e+00
-1.36709819e+00
1.03614440e+00
-7.37969756e-01
1.11549057e+00
-4.58842673e-01
-1.82115621e-01
4.37960520e-01
-2.08351385e+00
9.30001507e-01
1.02019299e+00
6.11668166e-01
0.00000000e+00
0.00000000e+00
0.00000000e+00
2.67976424e-01
3.75382486e-01
-2.75397507e-03
2.33949906e-01
0.00000000e+00
7.33642385e-01
2.24310432e-01
3.06623615e-01
3.19004375e-01
0.00000000e+00
7.04085471e-01
-1.21465150e-01
-3.53464039e-01
-4.02394723e-02
-1.02136185e-01
5.20486105e-01
8.31776585e-02
0.00000000e+00
-2.34031202e-01
2.52938097e-01
-7.86436104e-01
-8.69696872e-01
0.00000000e+00
5.58386602e-01
5.71104641e-01
1.94268779e+00
1.02535652e+00
0.00000000e+00
-4.93548126e-02
0.00000000e+00
0.00000000e+00
0.00000000e+00
-8.90791202e-01
-1.14705660e+00
-6.10143317e-01
-1.00018288e+00
0.00000000e+00
-9.94304250e-01
1.18543841e-01
-1.72907717e-01
-1.11369553e+00
0.00000000e+00
-1.20338965e+00
-9.69827847e-01
-5.07221111e-01
2.03285379e-01
0.00000000e+00
-1.38969560e+00
-1.15509317e+00
0.00000000e+00
9.16448988e-01
-2.31544642e-01
8.32607678e-02
9.64062819e-01
6.05223441e-01
-2.36635406e-01
-1.69474330e+00
-5.44537089e-01
0.00000000e+00
5.56831883e-01
1.45164566e-01
4.67200311e-01
-7.51325788e-01
0.00000000e+00
-1.15020621e+00
7.52198860e-01
0.00000000e+00
0.00000000e+00
-2.29476085e+00
0.00000000e+00
0.00000000e+00
0.00000000e+00
8.21156128e-01
-2.29994839e-01
-1.81519557e+00
6.40579645e-01
0.00000000e+00
1.28105915e+00
2.50687742e-01
1.69942274e+00
1.77780694e-01
0.00000000e+00
1.82110193e+00
-8.19523435e-01
-3.22108601e+00
3.16297523e-01
1.16399020e-01
-1.34264260e-01
-1.21662182e+00
-3.83885112e-01
-6.61477726e-01
1.98786637e+00
-4.69241115e-01
0.00000000e+00
0.00000000e+00
0.00000000e+00
6.01736227e-01
4.12121515e-01
9.67650611e-01
5.68392940e-01
0.00000000e+00
2.37584562e-01
7.63952072e-01
2.78757541e-01
6.93023304e-01
0.00000000e+00
2.16480255e-01
1.05709878e+00
1.24627858e+00
5.31328791e-01
0.00000000e+00
9.01384424e-01
1.18206995e+00
4.23443982e-01
7.08694179e-01
3.85824086e-01
-8.15711239e-01
-1.54320429e-01
0.00000000e+00
2.97592734e-01
1.02730586e+00
1.28036988e+00
6.01761452e-01
0.00000000e+00
-6.99818670e-01
0.00000000e+00
0.00000000e+00
0.00000000e+00
3.38244651e-01
1.10528466e+00
5.91959273e-01
1.05264279e+00
0.00000000e+00
6.33828398e-03
-1.73751016e-01
-4.70399679e-01
-7.70012495e-01
0.00000000e+00
1.01812570e+00
4.36810165e-02
4.82693196e-01
-3.49524733e-01
0.00000000e+00
2.83839464e-01
-1.85563455e-01
-4.18664832e-01
-2.41205050e-01
-4.78166652e-01
-6.61390810e-01
0.00000000e+00
0.00000000e+00
2.27331743e+00
-1.47904962e+00
-3.22898515e-01
0.00000000e+00
0.00000000e+00
0.00000000e+00
7.97143123e-01
-2.68355526e-01
0.00000000e+00
-1.15615110e+00
0.00000000e+00
0.00000000e+00
0.00000000e+00
247
-2.57586750e+00
0.00000000e+00
0.00000000e+00
0.00000000e+00
0.00000000e+00
0.00000000e+00
0.00000000e+00
0.00000000e+00
0.00000000e+00
0.00000000e+00
0.00000000e+00
0.00000000e+00
0.00000000e+00
0.00000000e+00
0.00000000e+00
0.00000000e+00
0.00000000e+00
0.00000000e+00
0.00000000e+00
0.00000000e+00
0.00000000e+00
0.00000000e+00
0.00000000e+00
0.00000000e+00
0.00000000e+00
0.00000000e+00
0.00000000e+00
0.00000000e+00
0.00000000e+00
0.00000000e+00
0.00000000e+00
0.00000000e+00
0.00000000e+00
0.00000000e+00
0.00000000e+00
0.00000000e+00
0.00000000e+00
0.00000000e+00
0.00000000e+00
0.00000000e+00
0.00000000e+00
0.00000000e+00
0.00000000e+00
1.24430330e+00
-2.80615128e-03
1.39393057e+00
-6.59287067e-03
4.94372711e-01
2.03403681e-02
5.77516861e+00
4.87870360e+00
3.97848292e+00
0.00000000e+00
0.00000000e+00
0.00000000e+00
0.00000000e+00
0.00000000e+00
0.00000000e+00
0.00000000e+00
1.82968728e+00
4.93427654e+00
0.00000000e+00
-8.94013017e-01
8.32132030e-01
4.07344520e-01
0.00000000e+00
0.00000000e+00
0.00000000e+00
-3.84538324e-01
0.00000000e+00
0.00000000e+00
0.00000000e+00
0.00000000e+00
0.00000000e+00
0.00000000e+00
0.00000000e+00
0.00000000e+00
0.00000000e+00
0.00000000e+00
0.00000000e+00
-1.11234667e+00
0.00000000e+00
0.00000000e+00
0.00000000e+00
0.00000000e+00
0.00000000e+00
6.37674594e+00
6.53203539e+00
5.36940991e+00
0.00000000e+00
5.22239115e+00
0.00000000e+00
0.00000000e+00
0.00000000e+00
0.00000000e+00
0.00000000e+00
0.00000000e+00
0.00000000e+00
0.00000000e+00
0.00000000e+00
0.00000000e+00
0.00000000e+00
0.00000000e+00
3.35906094e+00
0.00000000e+00
0.00000000e+00
0.00000000e+00
-5.93492844e+00
-4.70373668e+00
0.00000000e+00
0.00000000e+00
3.18075713e-01
-4.72363050e+00
4.95251378e+00
0.00000000e+00
-4.40555479e+00
0.00000000e+00
0.00000000e+00
0.00000000e+00
0.00000000e+00
0.00000000e+00
0.00000000e+00
2.53305101e+00
0.00000000e+00
0.00000000e+00
0.00000000e+00
7.52861037e-01
0.00000000e+00
0.00000000e+00
0.00000000e+00
5.41341294e+00
0.00000000e+00
0.00000000e+00
2.51626134e+00
0.00000000e+00
0.00000000e+00
0.00000000e+00
0.00000000e+00
3.01753146e+00
-2.48640080e+00
8.83228839e-02
0.00000000e+00
2.34632725e+00
1.54301159e+00
4.44494565e-01
0.00000000e+00
0.00000000e+00
0.00000000e+00
0.00000000e+00
0.00000000e+00
0.00000000e+00
0.00000000e+00
0.00000000e+00
0.00000000e+00
0.00000000e+00
7.47869562e-01
0.00000000e+00
0.00000000e+00
0.00000000e+00
0.00000000e+00
0.00000000e+00
0.00000000e+00
0.00000000e+00
0.00000000e+00
0.00000000e+00
0.00000000e+00
0.00000000e+00
0.00000000e+00
-2.57472369e+00
2.69901336e+00
0.00000000e+00
0.00000000e+00
-1.91915398e+00
0.00000000e+00
0.00000000e+00
0.00000000e+00
0.00000000e+00
-2.14890681e+00
6.60047579e-01
0.00000000e+00
0.00000000e+00
-6.99658624e+00
0.00000000e+00
0.00000000e+00
0.00000000e+00
0.00000000e+00
0.00000000e+00
0.00000000e+00
0.00000000e+00
0.00000000e+00
0.00000000e+00
0.00000000e+00
7.82840389e-01
0.00000000e+00
0.00000000e+00
0.00000000e+00
0.00000000e+00
0.00000000e+00
0.00000000e+00
2.10486666e+00
0.00000000e+00
0.00000000e+00
0.00000000e+00
0.00000000e+00
-1.83565916e+00
-3.41947393e+00
3.01163516e+00
0.00000000e+00
0.00000000e+00
7.44446192e-02
3.76073392e-01
0.00000000e+00
0.00000000e+00
0.00000000e+00
0.00000000e+00
0.00000000e+00
0.00000000e+00
0.00000000e+00
0.00000000e+00
0.00000000e+00
0.00000000e+00
4.44301509e-01
0.00000000e+00
0.00000000e+00
0.00000000e+00
0.00000000e+00
0.00000000e+00
0.00000000e+00
-3.10066314e-01
0.00000000e+00
0.00000000e+00
0.00000000e+00
0.00000000e+00
9.38513640e-01
0.00000000e+00
0.00000000e+00
0.00000000e+00
0.00000000e+00
-3.57711232e+00
1.94087862e+00
0.00000000e+00
0.00000000e+00
0.00000000e+00
0.00000000e+00
0.00000000e+00
0.00000000e+00
0.00000000e+00
3 -999999999 -999999999 0 -1
1 0 0 1 -1
-5.8136e-01 2.2222e-01
356
-1.97555254e+00
0.00000000e+00
0.00000000e+00
0.00000000e+00
0.00000000e+00
0.00000000e+00
0.00000000e+00
0.00000000e+00
0.00000000e+00
0.00000000e+00
0.00000000e+00
0.00000000e+00
0.00000000e+00
0.00000000e+00
0.00000000e+00
0.00000000e+00
0.00000000e+00
0.00000000e+00
0.00000000e+00
0.00000000e+00
0.00000000e+00
0.00000000e+00
0.00000000e+00
0.00000000e+00
0.00000000e+00
0.00000000e+00
0.00000000e+00
0.00000000e+00
0.00000000e+00
0.00000000e+00
0.00000000e+00
-1.97555254e+00
0.00000000e+00
-4.34783115e+00
0.00000000e+00
0.00000000e+00
2.25588238e-01
1.60603214e+00
1.10490846e+00
7.66246471e-01
6.65053404e-01
0.00000000e+00
0.00000000e+00
0.00000000e+00
0.00000000e+00
0.00000000e+00
0.00000000e+00
0.00000000e+00
0.00000000e+00
0.00000000e+00
0.00000000e+00
-6.17994914e-01
1.43952451e+00
3.89729558e-01
0.00000000e+00
0.00000000e+00
0.00000000e+00
0.00000000e+00
-7.07167405e-01
-9.37835461e-01
-3.96770962e-01
7.14189146e-01
-3.58245934e-01
4.78408135e-01
-1.85296535e-01
2.94290459e-02
-3.28071702e-01
1.41742156e+00
0.00000000e+00
0.00000000e+00
0.00000000e+00
-2.65233303e+00
-5.31186720e-03
1.55382017e+00
1.18765382e+00
-1.18742786e-02
6.28214406e-01
4.87249417e-01
1.36252427e-02
3.25953116e-01
1.68245351e+00
8.87159838e-01
5.50383616e-01
0.00000000e+00
0.00000000e+00
0.00000000e+00
0.00000000e+00
0.00000000e+00
0.00000000e+00
0.00000000e+00
-1.43871035e+00
2.67283392e+00
0.00000000e+00
0.00000000e+00
-7.53842531e-01
1.44100796e-01
0.00000000e+00
0.00000000e+00
-2.47718724e-01
1.42334458e-02
2.90082232e+00
1.15453166e+00
0.00000000e+00
0.00000000e+00
5.38141999e+00
4.07126869e+00
2.03808701e+00
-8.34993380e-01
4.38969181e-02
3.32457272e-01
-9.10884730e-01
-3.57677628e-01
4.95370433e+00
2.29418089e+00
2.23737523e+00
6.18807803e-01
0.00000000e+00
0.00000000e+00
0.00000000e+00
0.00000000e+00
0.00000000e+00
0.00000000e+00
0.00000000e+00
0.00000000e+00
1.97591969e+00
3.32675092e+00
3.41614279e+00
3.07719207e+00
3.56413563e+00
0.00000000e+00
7.50491205e+00
7.46445108e+00
7.51760674e+00
7.08875182e+00
7.21678041e+00
7.46177235e+00
7.69495742e-01
8.98153020e-01
1.14982135e+00
7.33558224e-01
-7.47600802e-02
-1.74559661e+00
0.00000000e+00
1.80725134e-01
-9.55939373e-01
8.31175280e-01
0.00000000e+00
0.00000000e+00
3.10885465e-01
0.00000000e+00
0.00000000e+00
0.00000000e+00
0.00000000e+00
0.00000000e+00
0.00000000e+00
0.00000000e+00
-2.28643800e+00
-3.67303104e+00
0.00000000e+00
0.00000000e+00
-3.72930904e+00
-8.59238612e-01
3.79759949e-01
-2.46694239e+00
-3.34954909e+00
0.00000000e+00
0.00000000e+00
0.00000000e+00
-2.21447091e+00
0.00000000e+00
-5.27664753e-01
1.64557277e+00
0.00000000e+00
-1.90639309e+00
-7.83275227e-01
9.95497158e-01
-2.23114539e-03
0.00000000e+00
-2.85903180e+00
4.67433289e+00
-1.42424686e+00
9.41257114e-02
1.65704357e+00
-7.88545769e-01
-7.27989624e-01
0.00000000e+00
-5.46338367e-01
6.59421206e-01
-5.58183914e-01
0.00000000e+00
0.00000000e+00
0.00000000e+00
1.63345093e-01
0.00000000e+00
0.00000000e+00
0.00000000e+00
0.00000000e+00
0.00000000e+00
4.28882781e-01
7.57418995e-02
0.00000000e+00
0.00000000e+00
3.65232317e-01
0.00000000e+00
0.00000000e+00
0.00000000e+00
0.00000000e+00
1.49792667e-01
0.00000000e+00
0.00000000e+00
0.00000000e+00
3.04219363e-03
2.25989831e-01
4.29781683e-01
0.00000000e+00
2.34143994e+00
2.73754970e+00
2.79971379e-02
3.87434448e-01
1.43500975e-02
1.09032346e+00
0.00000000e+00
0.00000000e+00
0.00000000e+00
-5.58333559e-01
0.00000000e+00
0.00000000e+00
0.00000000e+00
0.00000000e+00
0.00000000e+00
4.07584076e-01
-5.97583454e-01
0.00000000e+00
0.00000000e+00
-4.63385271e-01
0.00000000e+00
0.00000000e+00
0.00000000e+00
0.00000000e+00
-1.27716288e+00
0.00000000e+00
0.00000000e+00
0.00000000e+00
-1.13720318e+00
-2.03791852e-01
-7.59211199e-01
1.22450702e-01
-8.89724337e-01
-3.57553892e+00
0.00000000e+00
0.00000000e+00
0.00000000e+00
0.00000000e+00
0.00000000e+00
0.00000000e+00
0.00000000e+00
5.83551801e-01
1.06825118e+00
0.00000000e+00
0.00000000e+00
-3.32618100e+00
0.00000000e+00
0.00000000e+00
0.00000000e+00
1.55164055e+00
0.00000000e+00
-1.21744499e+00
-5.31617986e-01
0.00000000e+00
3.75684502e-01
1.09880867e+00
2.77955896e+00
3.72278828e-01
0.00000000e+00
1.44991502e+00
1.91097882e+00
0.00000000e+00
1.20634809e+00
1.16923979e+00
2.32512920e-02
-2.69069276e-01
9.49730568e-01
1.89585608e+00
1.11662350e+00
-1.40074576e+00
0.00000000e+00
0.00000000e+00
0.00000000e+00
5.67931493e-01
0.00000000e+00
3.76628028e-01
2.37929328e-01
0.00000000e+00
0.00000000e+00
-4.64128712e-01
-2.98034504e-01
0.00000000e+00
0.00000000e+00
2.05674745e-01
1.04440940e-01
0.00000000e+00
7.44471669e-01
0.00000000e+00
9.82511466e-02
-9.04019430e-02
0.00000000e+00
1.30396965e-02
-6.10273215e-01
-7.81864745e-01
9.40479284e-02
0.00000000e+00
0.00000000e+00
2.03338914e-02
-8.36944764e-02
-2.97964666e-02
2.07538871e-01
-1.42223352e-03
0.00000000e+00
0.00000000e+00
0.00000000e+00
4.32928021e-01
0.00000000e+00
1.13194187e+00
1.09123631e+00
0.00000000e+00
0.00000000e+00
1.33783122e+00
1.87695549e+00
0.00000000e+00
0.00000000e+00
2.79187197e-01
4.66559282e-01
0.00000000e+00
-4.70377263e-01
0.00000000e+00
6.00461263e-01
1.47546196e-01
0.00000000e+00
8.92915543e-01
5.00566900e-01
-8.75912673e-01
0.00000000e+00
0.00000000e+00
7.81098455e-01
-2.54431626e+00
0.00000000e+00
0.00000000e+00
0.00000000e+00
0.00000000e+00
0.00000000e+00
0.00000000e+00
0.00000000e+00
-1.59102972e+00
0.00000000e+00
0.00000000e+00
0.00000000e+00
247
-5.15190116e-01
0.00000000e+00
0.00000000e+00
0.00000000e+00
0.00000000e+00
0.00000000e+00
0.00000000e+00
0.00000000e+00
0.00000000e+00
0.00000000e+00
0.00000000e+00
0.00000000e+00
0.00000000e+00
0.00000000e+00
0.00000000e+00
0.00000000e+00
0.00000000e+00
0.00000000e+00
0.00000000e+00
0.00000000e+00
0.00000000e+00
0.00000000e+00
0.00000000e+00
0.00000000e+00
0.00000000e+00
0.00000000e+00
0.00000000e+00
-5.15190116e-01
0.00000000e+00
-3.19322349e+00
0.00000000e+00
0.00000000e+00
1.63397730e+00
3.69512253e-01
0.00000000e+00
0.00000000e+00
0.00000000e+00
0.00000000e+00
0.00000000e+00
0.00000000e+00
0.00000000e+00
0.00000000e+00
0.00000000e+00
-7.07023589e-01
-2.09448410e-02
-8.49841383e-01
-1.90417330e-02
-1.43848034e+00
-7.15341595e-04
1.14721020e+00
9.96032682e-01
2.76459678e-01
-2.18654892e-01
0.00000000e+00
0.00000000e+00
0.00000000e+00
0.00000000e+00
0.00000000e+00
0.00000000e+00
3.73751445e+00
2.00975394e+00
-7.72535589e-02
9.54297558e-01
2.38014456e-01
5.05032425e-01
-6.86205347e-01
-8.36045347e-01
5.53460847e-01
-6.61918925e-01
-4.28854572e-01
-9.11735960e-01
-1.51872354e+00
-1.38277260e+00
0.00000000e+00
0.00000000e+00
0.00000000e+00
0.00000000e+00
0.00000000e+00
0.00000000e+00
-9.37694741e-01
-5.15937750e-01
-8.36772251e-02
2.11831641e-01
-5.22671520e-01
-6.76794463e-01
6.65525733e+00
6.54744234e+00
6.64366054e+00
6.70637351e+00
6.46330192e+00
6.38490519e+00
8.10399807e-01
6.00448806e-01
2.34500077e-01
-3.17757801e-03
-1.11383392e-01
-7.01901539e-01
0.00000000e+00
2.00041050e-01
-2.36951525e-01
-7.40083888e-03
-3.51603731e-01
-8.91056616e-01
9.78401855e-02
0.00000000e+00
0.00000000e+00
0.00000000e+00
-6.13030301e-01
2.17694510e-02
0.00000000e+00
0.00000000e+00
-1.98828111e+00
-9.54746688e-02
-9.97033861e-01
-1.52791020e+00
-2.08375578e+00
0.00000000e+00
0.00000000e+00
0.00000000e+00
-4.85730499e-01
-1.23863224e+00
-9.04048771e-01
-4.99289855e-01
1.35692200e+00
-1.52773331e+00
1.48618991e-01
-4.13336865e-01
1.20039341e+00
0.00000000e+00
-1.32360952e+00
1.26040169e+00
-2.07235011e-01
7.56533511e-01
-9.17420235e-01
-9.24322540e-02
2.79406560e-01
-1.58019040e+00
1.45414471e+00
6.49482298e-01
4.90607064e-01
7.83102188e-01
0.00000000e+00
1.50454965e+00
4.86916635e-01
-6.44489934e-01
0.00000000e+00
0.00000000e+00
0.00000000e+00
5.69233369e-01
0.00000000e+00
1.92554616e-01
0.00000000e+00
0.00000000e+00
7.92582202e-01
1.00513151e-01
8.02635670e-01
0.00000000e+00
0.00000000e+00
3.67900729e-01
4.52326375e-01
0.00000000e+00
0.00000000e+00
0.00000000e+00
5.83334086e-01
-2.12164017e-01
0.00000000e+00
0.00000000e+00
3.62829917e-01
-2.92495124e-01
-1.91817048e-01
3.60101455e-01
-4.22851704e-01
-2.57436284e+00
0.00000000e+00
0.00000000e+00
0.00000000e+00
0.00000000e+00
1.97020456e-01
2.89657233e-01
1.00053883e+00
8.51287571e-01
-2.52494406e+00
0.00000000e+00
0.00000000e+00
0.00000000e+00
1.75154713e+00
-6.58990988e-01
-6.56007487e-02
1.26134649e+00
0.00000000e+00
7.65109309e-01
1.64488562e+00
8.22259272e-01
1.04583299e+00
0.00000000e+00
1.58894364e+00
1.10146534e+00
-3.01733438e-01
7.66813851e-01
-4.96023558e-01
1.37005323e+00
1.18662679e+00
-7.30496507e-01
4.57249710e-01
1.91227068e+00
-3.47003682e-01
3.89084952e-01
0.00000000e+00
0.00000000e+00
3.36496549e-01
-1.74009014e+00
0.00000000e+00
0.00000000e+00
0.00000000e+00
1.53815415e+00
0.00000000e+00
1.80064308e+00
1.67622248e+00
0.00000000e+00
9.01084856e-01
1.51220646e+00
1.81435632e+00
0.00000000e+00
0.00000000e+00
1.58760889e+00
1.06663330e+00
9.61332002e-01
1.45284333e+00
0.00000000e+00
5.87859823e-01
1.06891327e+00
0.00000000e+00
1.39804908e+00
1.22622550e+00
-7.36088634e-01
0.00000000e+00
0.00000000e+00
3.96339880e-01
-2.17794038e+00
-1.38611881e+00
0.00000000e+00
0.00000000e+00
0.00000000e+00
-7.91821562e-01
0.00000000e+00
0.00000000e+00
0.00000000e+00
6 2
-999999999 -999999999
2 -1
0 3 
217
-1.51879524e+03
-8.78025585e+02
3.04222661e+03
0.00000000e+00
0.00000000e+00
0.00000000e+00
-1.24347379e+03
2.81262237e+03
0.00000000e+00
0.00000000e+00
0.00000000e+00
0.00000000e+00
0.00000000e+00
0.00000000e+00
-8.51201639e+02
5.62048301e+01
-1.92959979e+03
0.00000000e+00
0.00000000e+00
0.00000000e+00
0.00000000e+00
0.00000000e+00
0.00000000e+00
0.00000000e+00
0.00000000e+00
0.00000000e+00
0.00000000e+00
-1.40535359e+03
-1.13441655e+02
0.00000000e+00
0.00000000e+00
0.00000000e+00
0.00000000e+00
0.00000000e+00
0.00000000e+00
0.00000000e+00
0.00000000e+00
-2.51381723e+02
0.00000000e+00
0.00000000e+00
0.00000000e+00
0.00000000e+00
0.00000000e+00
0.00000000e+00
0.00000000e+00
-1.33030466e+03
0.00000000e+00
0.00000000e+00
0.00000000e+00
0.00000000e+00
0.00000000e+00
0.00000000e+00
0.00000000e+00
0.00000000e+00
0.00000000e+00
0.00000000e+00
0.00000000e+00
0.00000000e+00
0.00000000e+00
0.00000000e+00
0.00000000e+00
0.00000000e+00
-1.51879524e+03
0.00000000e+00
0.00000000e+00
0.00000000e+00
-2.59771818e+03
-1.00947048e+03
0.00000000e+00
0.00000000e+00
0.00000000e+00
-1.33030466e+03
0.00000000e+00
0.00000000e+00
0.00000000e+00
0.00000000e+00
0.00000000e+00
0.00000000e+00
0.00000000e+00
0.00000000e+00
0.00000000e+00
0.00000000e+00
0.00000000e+00
0.00000000e+00
0.00000000e+00
0.00000000e+00
0.00000000e+00
0.00000000e+00
0.00000000e+00
0.00000000e+00
0.00000000e+00
0.00000000e+00
0.00000000e+00
0.00000000e+00
0.00000000e+00
0.00000000e+00
0.00000000e+00
0.00000000e+00
0.00000000e+00
0.00000000e+00
0.00000000e+00
0.00000000e+00
0.00000000e+00
0.00000000e+00
0.00000000e+00
0.00000000e+00
0.00000000e+00
0.00000000e+00
0.00000000e+00
0.00000000e+00
0.00000000e+00
0.00000000e+00
0.00000000e+00
0.00000000e+00
0.00000000e+00
0.00000000e+00
0.00000000e+00
0.00000000e+00
0.00000000e+00
0.00000000e+00
0.00000000e+00
-9.25504664e+00
0.00000000e+00
0.00000000e+00
0.00000000e+00
-4.36447415e+00
0.00000000e+00
7.36022109e+02
0.00000000e+00
0.00000000e+00
0.00000000e+00
0.00000000e+00
0.00000000e+00
0.00000000e+00
0.00000000e+00
0.00000000e+00
0.00000000e+00
0.00000000e+00
0.00000000e+00
0.00000000e+00
0.00000000e+00
0.00000000e+00
0.00000000e+00
0.00000000e+00
0.00000000e+00
1.92948397e+03
0.00000000e+00
0.00000000e+00
0.00000000e+00
-5.46647603e+00
0.00000000e+00
8.80626021e+02
0.00000000e+00
0.00000000e+00
0.00000000e+00
0.00000000e+00
0.00000000e+00
0.00000000e+00
0.00000000e+00
0.00000000e+00
0.00000000e+00
0.00000000e+00
0.00000000e+00
0.00000000e+00
0.00000000e+00
0.00000000e+00
0.00000000e+00
0.00000000e+00
0.00000000e+00
-4.92590115e+02
0.00000000e+00
0.00000000e+00
0.00000000e+00
0.00000000e+00
0.00000000e+00
0.00000000e+00
0.00000000e+00
0.00000000e+00
0.00000000e+00
0.00000000e+00
0.00000000e+00
0.00000000e+00
0.00000000e+00
0.00000000e+00
0.00000000e+00
0.00000000e+00
0.00000000e+00
0.00000000e+00
0.00000000e+00
0.00000000e+00
0.00000000e+00
0.00000000e+00
0.00000000e+00
-8.55679307e+02
0.00000000e+00
0.00000000e+00
0.00000000e+00
0.00000000e+00
0.00000000e+00
0.00000000e+00
0.00000000e+00
0.00000000e+00
0.00000000e+00
0.00000000e+00
0.00000000e+00
0.00000000e+00
0.00000000e+00
0.00000000e+00
0.00000000e+00
0.00000000e+00
0.00000000e+00
0.00000000e+00
0.00000000e+00
0.00000000e+00
0.00000000e+00
0.00000000e+00
0.00000000e+00
136
5.62408784e-01
2.56865961e-01
-2.43525060e-03
3.05542823e-01
1.73737420e-03
0.00000000e+00
0.00000000e+00
0.00000000e+00
0.00000000e+00
0.00000000e+00
2.66114631e+00
2.14533902e+00
1.55690168e+00
0.00000000e+00
0.00000000e+00
0.00000000e+00
0.00000000e+00
0.00000000e+00
0.00000000e+00
0.00000000e+00
-6.97476976e-01
1.62698851e-02
0.00000000e+00
0.00000000e+00
0.00000000e+00
0.00000000e+00
0.00000000e+00
0.00000000e+00
-2.25997871e-01
-4.71479104e-01
1.62698851e-02
0.00000000e+00
0.00000000e+00
0.00000000e+00
0.00000000e+00
0.00000000e+00
0.00000000e+00
0.00000000e+00
0.00000000e+00
0.00000000e+00
0.00000000e+00
0.00000000e+00
0.00000000e+00
0.00000000e+00
0.00000000e+00
0.00000000e+00
0.00000000e+00
7.72136770e-01
1.32725091e+00
1.70074209e-01
0.00000000e+00
0.00000000e+00
-1.88674484e+00
-5.78099647e-01
6.28301201e-02
-3.10853955e-01
0.00000000e+00
0.00000000e+00
0.00000000e+00
0.00000000e+00
0.00000000e+00
0.00000000e+00
-6.81207090e-01
0.00000000e+00
0.00000000e+00
0.00000000e+00
0.00000000e+00
0.00000000e+00
0.00000000e+00
0.00000000e+00
0.00000000e+00
0.00000000e+00
0.00000000e+00
0.00000000e+00
0.00000000e+00
0.00000000e+00
0.00000000e+00
0.00000000e+00
0.00000000e+00
0.00000000e+00
0.00000000e+00
0.00000000e+00
0.00000000e+00
0.00000000e+00
0.00000000e+00
0.00000000e+00
-1.94365628e+00
-7.68129993e-01
-1.71954930e+00
0.00000000e+00
0.00000000e+00
0.00000000e+00
3.62163505e-01
-1.16315818e+00
-1.03509179e+00
-3.78001438e-01
2.06511022e-01
-8.35552862e-01
1.02133060e-01
-1.94908717e-01
5.13666209e-01
0.00000000e+00
5.10065179e-01
1.73881642e-01
-6.26198711e-01
8.40079098e-01
-6.60511795e-01
1.83488405e-01
2.69296868e-01
-1.73539411e+00
9.84987222e-01
7.62996087e-01
-1.90811434e+00
0.00000000e+00
0.00000000e+00
0.00000000e+00
4.81380886e-01
-1.80630079e+00
-5.73133371e-01
1.31649064e-01
-5.33303209e-01
4.06660075e-01
9.69527942e-01
2.03406401e-01
-2.18754986e-01
0.00000000e+00
3.91280542e-01
1.40951800e-02
-1.30182292e+00
-2.99576856e-01
-1.67912113e-01
3.26122965e-01
4.51079120e-01
-1.42681384e+00
1.99796669e-01
8.44504899e-01
5 2
-4.6734e+00 3.3793e-01
3 -1
0 3 6 
217
2.41402722e-01
5.45354787e+00
-7.45556054e+00
0.00000000e+00
0.00000000e+00
0.00000000e+00
7.24444134e+00
9.46445247e-01
2.85960316e+00
-7.68182504e-01
0.00000000e+00
0.00000000e+00
0.00000000e+00
0.00000000e+00
0.00000000e+00
0.00000000e+00
0.00000000e+00
0.00000000e+00
0.00000000e+00
0.00000000e+00
0.00000000e+00
0.00000000e+00
0.00000000e+00
8.38615008e-01
-1.06620150e-02
1.00458486e+01
9.95202357e+00
6.87258337e+00
0.00000000e+00
0.00000000e+00
0.00000000e+00
0.00000000e+00
0.00000000e+00
0.00000000e+00
0.00000000e+00
0.00000000e+00
0.00000000e+00
-6.28341714e+00
0.00000000e+00
0.00000000e+00
0.00000000e+00
0.00000000e+00
0.00000000e+00
0.00000000e+00
0.00000000e+00
-2.57426442e+00
0.00000000e+00
0.00000000e+00
0.00000000e+00
0.00000000e+00
0.00000000e+00
0.00000000e+00
0.00000000e+00
0.00000000e+00
0.00000000e+00
0.00000000e+00
0.00000000e+00
0.00000000e+00
0.00000000e+00
0.00000000e+00
0.00000000e+00
0.00000000e+00
2.41402722e-01
0.00000000e+00
0.00000000e+00
0.00000000e+00
1.04083127e+01
-1.18668046e+00
0.00000000e+00
0.00000000e+00
0.00000000e+00
-2.57426442e+00
0.00000000e+00
0.00000000e+00
0.00000000e+00
0.00000000e+00
0.00000000e+00
-6.26073038e+00
6.50213311e+00
0.00000000e+00
0.00000000e+00
0.00000000e+00
0.00000000e+00
0.00000000e+00
0.00000000e+00
0.00000000e+00
0.00000000e+00
0.00000000e+00
0.00000000e+00
0.00000000e+00
0.00000000e+00
0.00000000e+00
0.00000000e+00
0.00000000e+00
0.00000000e+00
0.00000000e+00
0.00000000e+00
0.00000000e+00
0.00000000e+00
0.00000000e+00
0.00000000e+00
0.00000000e+00
0.00000000e+00
0.00000000e+00
0.00000000e+00
0.00000000e+00
0.00000000e+00
0.00000000e+00
0.00000000e+00
0.00000000e+00
0.00000000e+00
0.00000000e+00
0.00000000e+00
0.00000000e+00
0.00000000e+00
0.00000000e+00
0.00000000e+00
0.00000000e+00
0.00000000e+00
0.00000000e+00
0.00000000e+00
7.27836076e+00
0.00000000e+00
0.00000000e+00
0.00000000e+00
-1.68107868e+01
-6.56114395e-02
0.00000000e+00
0.00000000e+00
0.00000000e+00
0.00000000e+00
0.00000000e+00
0.00000000e+00
0.00000000e+00
0.00000000e+00
0.00000000e+00
0.00000000e+00
0.00000000e+00
7.18627014e-01
0.00000000e+00
0.00000000e+00
0.00000000e+00
0.00000000e+00
0.00000000e+00
0.00000000e+00
-7.32390831e+00
0.00000000e+00
0.00000000e+00
0.00000000e+00
1.04894660e+01
-9.11359201e-02
0.00000000e+00
0.00000000e+00
0.00000000e+00
0.00000000e+00
0.00000000e+00
0.00000000e+00
0.00000000e+00
0.00000000e+00
0.00000000e+00
0.00000000e+00
0.00000000e+00
2.52624422e+00
0.00000000e+00
0.00000000e+00
0.00000000e+00
0.00000000e+00
0.00000000e+00
0.00000000e+00
-7.64313848e-01
0.00000000e+00
0.00000000e+00
0.00000000e+00
0.00000000e+00
0.00000000e+00
0.00000000e+00
0.00000000e+00
0.00000000e+00
0.00000000e+00
0.00000000e+00
-4.45472800e-01
-3.94276538e-01
0.00000000e+00
0.00000000e+00
0.00000000e+00
0.00000000e+00
0.00000000e+00
0.00000000e+00
3.84138147e+00
0.00000000e+00
0.00000000e+00
0.00000000e+00
-8.71248369e-02
-1.16138233e-01
0.00000000e+00
0.00000000e+00
0.00000000e+00
0.00000000e+00
0.00000000e+00
0.00000000e+00
0.00000000e+00
0.00000000e+00
0.00000000e+00
0.00000000e+00
-9.47888966e-01
-5.44106133e-01
0.00000000e+00
0.00000000e+00
0.00000000e+00
0.00000000e+00
0.00000000e+00
0.00000000e+00
-1.42646448e+00
0.00000000e+00
0.00000000e+00
0.00000000e+00
-1.84657957e-01
136
2.64307301e-01
0.00000000e+00
0.00000000e+00
-9.77575543e-02
4.32562468e-03
5.07783419e-02
-2.17104939e-03
2.96543363e-01
2.71580419e-03
2.17705186e-01
3.66122815e-01
4.17970200e-02
-3.41879785e-01
0.00000000e+00
0.00000000e+00
0.00000000e+00
0.00000000e+00
0.00000000e+00
0.00000000e+00
0.00000000e+00
-3.06557034e-01
1.49956985e-01
0.00000000e+00
0.00000000e+00
0.00000000e+00
0.00000000e+00
0.00000000e+00
0.00000000e+00
-7.97108964e-02
-2.26846137e-01
1.88248500e-01
0.00000000e+00
-2.66879836e-02
0.00000000e+00
0.00000000e+00
0.00000000e+00
0.00000000e+00
0.00000000e+00
0.00000000e+00
0.00000000e+00
0.00000000e+00
0.00000000e+00
0.00000000e+00
0.00000000e+00
0.00000000e+00
0.00000000e+00
0.00000000e+00
1.59982273e-01
1.38079635e+00
1.74782456e-01
0.00000000e+00
0.00000000e+00
1.10425540e-01
-2.22686264e-01
4.26336016e-01
-2.01540397e-01
3.88102546e-01
-1.07979138e-01
1.18191204e-01
-1.38710160e-01
-1.58161064e-02
0.00000000e+00
-1.18308534e-01
0.00000000e+00
0.00000000e+00
0.00000000e+00
0.00000000e+00
0.00000000e+00
0.00000000e+00
0.00000000e+00
0.00000000e+00
0.00000000e+00
0.00000000e+00
0.00000000e+00
0.00000000e+00
0.00000000e+00
0.00000000e+00
0.00000000e+00
0.00000000e+00
0.00000000e+00
0.00000000e+00
0.00000000e+00
0.00000000e+00
0.00000000e+00
0.00000000e+00
0.00000000e+00
-2.22020344e+00
-2.24445847e+00
-2.04752853e+00
0.00000000e+00
0.00000000e+00
0.00000000e+00
7.39734642e-01
-1.96814727e+00
-7.49983343e-01
-1.04913290e-01
1.93491971e-01
-1.37920091e+00
4.03847773e-01
7.48082199e-02
4.10526112e-01
0.00000000e+00
-4.83651607e-01
4.51005888e-01
-5.59787157e-01
1.08765330e+00
-8.72674778e-01
5.43858650e-01
6.74637992e-01
-2.39551998e+00
8.46689993e-01
1.04009526e+00
-2.45857236e+00
0.00000000e+00
0.00000000e+00
0.00000000e+00
4.41253443e-01
-2.09402489e+00
-6.33533080e-01
3.91968572e-02
-6.85698632e-01
2.99672730e-01
6.16463591e-01
4.32414333e-01
-4.32292645e-01
0.00000000e+00
3.61442994e-01
1.42194697e-01
-1.43677173e+00
-7.61887979e-02
6.52555710e-01
5.85786576e-02
2.99342534e-01
-1.22827141e+00
-5.71834641e-02
8.42276740e-01
4 1
-999999999 -999999999
4 -1
0 3 6 5 
217
-7.19662044e+00
-2.97276504e+00
1.11963204e+01
0.00000000e+00
0.00000000e+00
0.00000000e+00
-3.70904087e+00
1.94885795e+00
0.00000000e+00
0.00000000e+00
0.00000000e+00
0.00000000e+00
0.00000000e+00
0.00000000e+00
0.00000000e+00
0.00000000e+00
0.00000000e+00
-7.99166526e+00
1.92794412e-01
-5.91128267e+00
0.00000000e+00
0.00000000e+00
0.00000000e+00
0.00000000e+00
0.00000000e+00
0.00000000e+00
0.00000000e+00
1.41320148e+01
0.00000000e+00
0.00000000e+00
0.00000000e+00
0.00000000e+00
0.00000000e+00
0.00000000e+00
0.00000000e+00
0.00000000e+00
0.00000000e+00
-2.08728357e+01
0.00000000e+00
0.00000000e+00
0.00000000e+00
0.00000000e+00
0.00000000e+00
0.00000000e+00
0.00000000e+00
5.58653392e-01
0.00000000e+00
0.00000000e+00
0.00000000e+00
0.00000000e+00
0.00000000e+00
0.00000000e+00
0.00000000e+00
0.00000000e+00
0.00000000e+00
0.00000000e+00
0.00000000e+00
0.00000000e+00
0.00000000e+00
0.00000000e+00
0.00000000e+00
0.00000000e+00
-5.40249647e+00
0.00000000e+00
0.00000000e+00
0.00000000e+00
1.60289926e+01
1.02779054e+01
0.00000000e+00
0.00000000e+00
0.00000000e+00
-1.23547058e+00
0.00000000e+00
0.00000000e+00
0.00000000e+00
0.00000000e+00
0.00000000e+00
9.84787883e+00
-1.70444993e+01
0.00000000e+00
0.00000000e+00
0.00000000e+00
0.00000000e+00
0.00000000e+00
0.00000000e+00
-7.19662044e+00
0.00000000e+00
0.00000000e+00
0.00000000e+00
0.00000000e+00
0.00000000e+00
0.00000000e+00
0.00000000e+00
0.00000000e+00
0.00000000e+00
0.00000000e+00
0.00000000e+00
0.00000000e+00
0.00000000e+00
0.00000000e+00
0.00000000e+00
0.00000000e+00
0.00000000e+00
0.00000000e+00
0.00000000e+00
0.00000000e+00
0.00000000e+00
0.00000000e+00
0.00000000e+00
0.00000000e+00
0.00000000e+00
0.00000000e+00
0.00000000e+00
0.00000000e+00
0.00000000e+00
0.00000000e+00
0.00000000e+00
0.00000000e+00
0.00000000e+00
0.00000000e+00
0.00000000e+00
-1.55404630e+01
0.00000000e+00
0.00000000e+00
0.00000000e+00
-4.08966189e+00
0.00000000e+00
0.00000000e+00
0.00000000e+00
0.00000000e+00
0.00000000e+00
0.00000000e+00
0.00000000e+00
0.00000000e+00
0.00000000e+00
0.00000000e+00
0.00000000e+00
0.00000000e+00
0.00000000e+00
0.00000000e+00
-1.82248931e-01
0.00000000e+00
0.00000000e+00
0.00000000e+00
0.00000000e+00
-6.14603322e-01
0.00000000e+00
0.00000000e+00
0.00000000e+00
-3.46365526e+00
0.00000000e+00
0.00000000e+00
0.00000000e+00
0.00000000e+00
0.00000000e+00
0.00000000e+00
0.00000000e+00
0.00000000e+00
0.00000000e+00
0.00000000e+00
0.00000000e+00
0.00000000e+00
0.00000000e+00
0.00000000e+00
-4.05469614e-01
0.00000000e+00
0.00000000e+00
0.00000000e+00
0.00000000e+00
-1.32402484e+01
0.00000000e+00
0.00000000e+00
0.00000000e+00
0.00000000e+00
0.00000000e+00
0.00000000e+00
0.00000000e+00
0.00000000e+00
0.00000000e+00
0.00000000e+00
-1.54584674e+00
0.00000000e+00
0.00000000e+00
0.00000000e+00
0.00000000e+00
0.00000000e+00
0.00000000e+00
0.00000000e+00
0.00000000e+00
-2.87966267e-01
-1.18311570e+00
0.00000000e+00
0.00000000e+00
7.08803326e+00
0.00000000e+00
0.00000000e+00
0.00000000e+00
0.00000000e+00
0.00000000e+00
0.00000000e+00
0.00000000e+00
0.00000000e+00
0.00000000e+00
0.00000000e+00
-3.65044782e+00
0.00000000e+00
0.00000000e+00
0.00000000e+00
0.00000000e+00
0.00000000e+00
0.00000000e+00
0.00000000e+00
0.00000000e+00
-3.74821332e-01
-2.71744490e+00
0.00000000e+00
0.00000000e+00
136
3.39601818e-01
-3.92597663e-02
2.30291090e-02
1.21804121e-01
-2.50101337e-03
1.09509108e-01
5.26898729e-03
1.47548354e-01
1.38708978e-02
4.92030644e-01
5.24893968e-01
-2.37779456e-01
-4.52761705e-01
0.00000000e+00
0.00000000e+00
0.00000000e+00
0.00000000e+00
0.00000000e+00
0.00000000e+00
0.00000000e+00
-4.81762657e-01
3.16185358e-01
0.00000000e+00
0.00000000e+00
0.00000000e+00
0.00000000e+00
0.00000000e+00
0.00000000e+00
-1.42264172e-01
-3.39498485e-01
3.46947739e-01
0.00000000e+00
-2.34759306e-02
0.00000000e+00
0.00000000e+00
0.00000000e+00
1.92777320e-02
0.00000000e+00
0.00000000e+00
0.00000000e+00
0.00000000e+00
0.00000000e+00
0.00000000e+00
0.00000000e+00
0.00000000e+00
0.00000000e+00
0.00000000e+00
7.32898064e-02
1.25505182e+00
2.76000057e-02
0.00000000e+00
0.00000000e+00
-2.31532113e-01
-2.27147564e-01
2.06143642e-01
-3.65059163e-01
2.13995996e-01
1.31750701e-01
-7.48993481e-02
-1.29910296e-02
-6.14487993e-03
0.00000000e+00
5.26320563e-01
-2.29553217e-02
-1.31734893e-02
0.00000000e+00
0.00000000e+00
0.00000000e+00
0.00000000e+00
0.00000000e+00
0.00000000e+00
0.00000000e+00
0.00000000e+00
0.00000000e+00
0.00000000e+00
0.00000000e+00
0.00000000e+00
0.00000000e+00
0.00000000e+00
0.00000000e+00
0.00000000e+00
0.00000000e+00
0.00000000e+00
0.00000000e+00
0.00000000e+00
0.00000000e+00
-2.02970534e+00
-1.55608945e+00
-1.88188766e+00
0.00000000e+00
0.00000000e+00
0.00000000e+00
6.01355775e-01
-1.74386504e+00
-1.12474677e+00
-2.85226253e-01
3.28263561e-01
-9.06206466e-01
2.17848681e-01
1.45994990e-01
5.20621085e-01
0.00000000e+00
1.97062815e-01
3.27942328e-01
-6.57904634e-01
1.11002028e+00
-8.71458665e-01
3.04290231e-01
3.65092664e-01
-2.02074945e+00
7.65198489e-01
8.44578727e-01
-2.19718757e+00
0.00000000e+00
0.00000000e+00
0.00000000e+00
3.33502137e-01
-1.99681285e+00
-7.17288856e-01
2.43216461e-01
-5.02251628e-01
3.63326433e-01
5.88254023e-01
3.48259671e-01
-2.54753846e-02
0.00000000e+00
3.92925217e-01
1.84372035e-01
-1.30648317e+00
-2.42622519e-01
2.69669765e-01
2.70182469e-01
3.62616362e-01
-1.67401906e+00
-6.66263778e-03
9.18103963e-01
