3 1
1  0.000 1.000 1000000000.000
4 0 1 3 5
1 0
1 4
1 13
1 29
1 43
1 59
1 104
1 115
0 174
1 174
0
227
169
5	0	TRYP #num missed tryp terminals
3	-1e+09	0	1
4	0.083293344	0.22466081	-0.26402681	-0.24042781
7	0	TRYP #frags at digest when C-term is R
3	-1e+09	0	2
4	0	0	0.010996192	0
8	0	TRYP #frags at digest when C-term is K
4	-1e+09	0	1	2
5	-0.1640501	-0.24195058	-0.16435856	0	-0.036018176
9	0	TRYP #frags at digest when C-term is other
5	-1e+09	1	2	4	5
6	0.13246908	0.19380711	0.15635577	0.19380711	0.098789353	0.19380711
12	0	TRYP AA at N-terminal When C-term is other
6	-1e+09	4	10	16	18	21
7	0.10022091	0.10022091	-0.32078697	-0.10387988	0.039046334	0.089215555	0.10022091
13	0	ANN PEAK diff from org pm_with_19
18	-1e+09	-2.8027344	-2.095459	-1.7954102	-1.6950684	-1.4951172	-1.3952637	-1.1950684	-1.095459	-0.89526367	-0.6953125	-0.59533691	-0.48803711	-0.39501953	-0.18798828	-0.095214844	0.0046386719	0.31201172
19	0.029609092	0.78493084	0.93386263	0.83158641	0.81023532	0.69160192	0.57951095	0.49757512	0.44697453	0.3780127	0.093574619	0.00042717068	-0.00093398448	-0.086072368	-0.25725174	-0.31380934	-0.39198383	-0.63368786	-0.84718819
14	0	ANN PEAK # aas in peptide
4	-1e+09	7	8	9
5	0.28036828	0.61829723	0.022601543	-0.38384285	-0.69750514
15	0	ANN PEAK %ann intensity
20	-1e+09	0.20510788	0.22067119	0.2345722	0.27097899	0.29292923	0.30352706	0.31377253	0.34367138	0.38251117	0.40093997	0.41059363	0.46725103	0.47725606	0.50765473	0.55176955	0.58899593	0.60400856	0.63698578	0.67753381
21	0.026475981	0.45358566	0.29414442	0.24489664	0.18735016	0.0097371984	-0.010730997	-0.038184241	-0.099607033	-0.031639897	-0.16767832	-0.30223132	-0.33246612	-0.38399308	-0.38533598	-0.4266883	-0.47483258	-0.49792738	-0.50061358	-0.46306104	-0.44160166
16	0	ANN PEAK %ann peaks
15	-1e+09	0.13978495	0.16504854	0.18181819	0.19130434	0.2038835	0.21929824	0.22321428	0.23762377	0.24468085	0.26229507	0.2735849	0.31132075	0.34	0.37837839
16	-0.0052767857	-0.29397822	-0.12161839	0.050632747	0.033275943	0.023181458	0.10144377	0.14381351	0.084950016	0.15546528	0.1099588	0.11688285	0.2349568	0.2376552	0.27157616	0.27823546
17	0	ANN PEAK #ann in top 25
11	-1e+09	3	4	5	7	10	12	13	14	15	16
12	0.24020001	0.24020001	-0.10773653	-0.2928562	-0.30129287	-0.27683467	-0.15300113	-0.049510221	0.014831725	0.10832962	0.16468531	0.24020001
18	0	ANN PEAK #ann in top half (up to 50)
16	-1e+09	11	12	13	14	15	16	17	19	21	22	24	25	26	27	29
17	-0.020976313	-0.45746665	-0.37685633	-0.37551312	-0.35289185	-0.29307907	-0.28234704	-0.24869141	-0.16997759	-0.087133738	-0.046354884	0.074753785	0.23454208	0.26400458	0.34723646	0.35971337	0.45024085
19	0	ANN PEAK #ann in top third - #ann in mid third
12	-1e+09	-1	1	2	3	5	6	7	8	9	10	11
13	0.044381025	0.085666092	0.090565056	0.084924507	0.042698007	-0.0012315677	0.042134873	0.072458836	0.095247689	0.073093503	-0.07410766	-0.07280376	0.0024644399
20	0	ANN PEAK #ann in top third - #ann in last third
8	-1e+09	0	5	7	8	13	14	16
9	0.035253888	0.035253888	0.040945638	-0.058100161	0.02979417	-0.022322074	0.015133713	0.033673344	0.035253888
21	0	ANN PEAK #ann in mid third - #ann in last third
5	-1e+09	-2	2	5	9
6	0.046932928	0.046932928	-0.011535948	-0.038481606	-0.0011581977	0.046932928
22	0	ANN PEAK #y annotated
7	-1e+09	1	2	5	6	7	8
8	0.099840648	0.099840648	-0.074412517	-0.079904792	-0.071888583	-0.04932719	-0.04649787	0.099840648
24	0	ANN PEAK #b-H2O annotated
4	-1e+09	0	1	4
5	0.030299433	0.030299433	-0.024173754	-0.025487182	0.030299433
25	0	ANN PEAK #y2 annotated
8	-1e+09	0	1	2	3	5	6	7
9	0.21237656	0.14380328	0.020304033	-0.037014415	-0.070680783	-0.2467378	-0.15825008	-0.096297638	0.28123096
26	0	ANN PEAK #y-H2O annotated
3	-1e+09	1	2
4	0.00058894714	0.04796646	-0.04527984	-0.053738746
27	0	ANN PEAK #b2 annotated
7	-1e+09	0	1	3	4	6	7
8	0.059625503	0.059625503	0.047562648	0.045487884	0.022534655	-0.037969599	-0.0085555515	0.059625503
28	0	ANN PEAK #a annotated
2	-1e+09	0
3	0.022331595	0.026491666	-0.02310586
29	0	INTEN BAL c_idx - n_idx
3	-1e+09	6	7
4	0.043728834	0.043728834	0.034725765	-0.0043513543
30	0	INTEN BAL RHK N
3	-1e+09	0	2
4	-0.029377797	-0.029377797	0	-0.0051703212
31	0	INTEN BAL RHK C
3	-1e+09	0	2
4	-0.22782593	-0.23160993	0	-0.14077078
34	0	INTEN BAL prefix prop, pair -2,-3
4	-1e+09	0.216589	0.46868816	0.66950715
5	0	0	0.094794852	0.048278418	0
35	0	INTEN BAL prefix prop, pair -1,0,+1
10	-1e+09	0.17741348	0.19784336	0.21922275	0.27620092	0.35756686	0.40463606	0.55933249	0.58841914	0.63292682
11	0.080481095	0.11872097	0.10091803	0.084351039	0.063493554	0.056445189	0.030204997	0.045013997	0.0076678182	-0.11968889	0.057104071
36	0	INTEN BAL prefix prop, pair +2,+3
7	-1e+09	0.30197322	0.4504602	0.47113973	0.6113919	0.61941266	0.66217542
8	-0.060878425	-0.13784818	-0.11311936	-0.076959147	-0.056702887	-0.0054437079	0.085158551	-0.012460504
37	0	INTEN BAL prefix prop, pair +4,+5
11	-1e+09	0.10407592	0.24259038	0.31750301	0.33514479	0.43839532	0.46741873	0.49335131	0.59087455	0.63878638	0.64813685
12	0.094831503	0.094831503	0.15334955	0.25218537	0.23782268	0.16915978	0.19469697	0.18767317	0.18289106	0.25218537	0.16401537	0.094831503
40	0	INTEN BAL all prefix prop, pair -1,0,+1
15	-1e+09	0.10211636	0.11904979	0.12760073	0.143345	0.1707859	0.21089488	0.22313035	0.23572327	0.31628883	0.44668522	0.46322945	0.57879841	0.62179184	0.69366807
16	-0.010942478	0.016876448	-0.017109321	-0.095543546	-0.11683273	-0.12749761	-0.19842257	-0.24208393	-0.2447495	-0.25527263	-0.23004584	-0.3475593	-0.35702083	-0.31318245	-0.17227162	-0.024916787
41	0	INTEN BAL all prefix prop, pair +2,+3
7	-1e+09	0.45177504	0.54732573	0.57869548	0.61418223	0.69876659	0.73466128
8	0.1038994	0.07992782	0.12926245	0.0077925755	-0.058752585	0.075985344	0.074678614	0.13242594
42	0	INTEN BAL all prefix prop, pair +4,+5
7	-1e+09	0.4482038	0.45876551	0.54418087	0.59473407	0.66545099	0.70057631
8	0.28929757	0.33426625	0.25546843	0.17961111	0.26674165	0.087130539	0.10070503	0.2059871
43	0	PEAK OFF y num frags detected
7	-1e+09	1	2	5	6	7	8
8	0.03773294	0.03773294	-0.026566512	-0.034920076	-0.028494323	-0.022764636	-0.021370993	0.03773294
44	0	PEAK OFF y max self offset
14	-1e+09	0.092700958	0.15641403	0.16541672	0.17383957	0.21693039	0.24225998	0.28319168	0.3355217	0.34440994	0.37098312	0.42216873	0.43763351	0.45940018
15	-0.18147612	-0.12465404	-0.011276792	0.0091255311	0.05715544	0.059850868	0.070098931	0.0034518444	-0.034724077	-0.14525397	-0.15069335	-0.16869235	-0.24346437	-0.096210233	-0.18147612
45	0	PEAK OFF y avg self offset
19	-1e+09	0.059215546	0.082261764	0.092288971	0.11200079	0.13730495	0.16555998	0.19819005	0.22868221	0.23670833	0.24537277	0.25444603	0.27338538	0.29353604	0.30399704	0.32699203	0.36658478	0.3815918	0.41918945
20	-0.004630692	-0.18608316	-0.25661064	-0.2972769	-0.37310578	-0.52671027	-0.49994795	-0.50685385	-0.38482495	-0.44681279	-0.44939655	-0.4764055	-0.49323559	-0.46547075	-0.44257679	-0.32646076	-0.26364423	-0.09721462	-0.055676583	0.20540742
46	0	PEAK OFF y max consecutive offset
13	-1e+09	0.0809021	0.10186768	0.11746216	0.14508057	0.15161133	0.17703247	0.22351074	0.23046875	0.23748779	0.28466797	0.29400635	0.72634888
14	-0.053376511	-0.0043245893	0.052158381	0.056421612	0.043969932	0.039882089	0.021447818	0.019960195	-0.039534909	-0.068876883	-0.1003222	-0.19056007	-0.24393937	-0.16639848
47	0	PEAK OFF y avg consecutive offset
13	-1e+09	0.034466553	0.056326728	0.088890076	0.092447914	0.099619545	0.11515808	0.11933051	0.14035542	0.15531158	0.17211914	0.20028178	0.25159201
14	-0.13810283	-0.10944688	-0.059932613	-0.045475205	-0.057275946	-0.11008011	-0.1567615	-0.1208829	-0.1178589	-0.071892967	-0.10754879	-0.087994164	-0.11634485	-0.17941991
48	0	PEAK OFF y grab offset #1
16	-1e+09	0.011230469	0.029724121	0.052856445	0.066162109	0.092895508	0.13171387	0.20202637	0.21954346	0.26397705	0.30804443	0.34533691	0.42181396	0.54321289	0.83728027	1.0267334
17	0.058805251	0.075868532	0.1135208	0.12448386	0.098294931	0.022044249	0.0071797898	0.1460984	0.12822631	0.10584914	0.067879358	0.052494563	0.024883052	-0.18965552	-0.12313606	0.026936835	0.045034245
49	0	PEAK OFF y grab offset #2
8	-1e+09	0.0034179688	0.010375977	0.060974121	0.085327148	0.097900391	0.10400391	0.20605469
9	-0.084321369	-0.073288629	-0.019899798	0.050126239	-0.022491454	-0.0085802467	-0.0098889703	-0.075208577	-0.092772156
50	0	PEAK OFF y grab offset #3
6	-1e+09	0.09777832	0.10998535	0.15478516	1	3
7	0.039958285	0.039958285	0.042621359	0.0069296437	-0.036552117	0.10977275	0.039958285
51	0	PEAK OFF b num frags detected
9	-1e+09	0.18580353	0.21278107	0.23963654	0.35509002	0.41438019	1	3	6
10	-0.064517024	-0.11772163	-0.250408	-0.32382925	-0.39940094	-0.27225221	-0.21710984	-0.22120192	-0.19173217	-0.0040920815
52	0	PEAK OFF b max self offset
16	-1e+09	0.059778381	0.06895721	0.0987674	0.11931121	0.16118877	0.19102204	0.21428661	0.24901092	0.26698029	0.28599823	0.33848846	0.39643586	0.40943635	0.43541229	0.44835174
17	0.24362552	0.24362552	0.25958621	0.21729262	0.19107205	0.18772171	0.25958621	0.18701269	0.23688243	0.19351237	0.19492557	0.25403247	0.25958621	0.24217874	0.20376876	0.25958621	0.24362552
53	0	PEAK OFF b avg self offset
13	-1e+09	0.028307796	0.059399724	0.08996582	0.11077255	0.12592335	0.1416626	0.15224594	0.19314215	0.19996369	0.20636769	0.22822845	0.29702759
14	-0.23059954	-0.17029427	-0.052869507	-0.051409769	-0.047228469	-0.12115253	-0.10417843	-0.076770293	-0.16454861	-0.1755512	-0.19329549	-0.19044926	-0.21293013	-0.26019637
54	0	PEAK OFF b max consecutive offset
7	-1e+09	0.070526123	0.083984375	0.14961025	0.20618591	0.23858643	0.43188477
8	-0.26578499	-0.26578499	-0.06860037	0	-0.082756651	-0.13911066	-0.25762695	-0.26578499
55	0	PEAK OFF b avg consecutive offset
11	-1e+09	0.021118164	0.084179685	0.097290039	0.12477112	0.14884034	0.1767334	0.19708252	0.24215698	0.25317383	0.28460693
12	-0.043357167	-0.043357167	0.12192933	0.094168534	0.089000193	0.069360861	0.04069945	0.010706927	0.00050250695	-0.0054146274	-0.04204083	-0.043357167
56	0	PEAK OFF b grab offset #1
8	-1e+09	0.020080566	0.075195312	0.10809326	0.16711426	0.22387695	0.41918945	0.52294922
9	-0.0070808519	-0.0070808519	0.17999938	0.062537892	-0.0085305723	-0.15329869	-0.071425742	-0.028997536	-0.0070808519
57	0	PEAK OFF b grab offset #2
6	-1e+09	0.049194336	0.079956055	0.11767578	0.21411133	0.24215698
7	-0.050867883	-0.050867883	0	-0.063973187	-0.092976971	-0.081961836	-0.050867883
58	0	PEAK OFF b grab offset #3
3	-1e+09	0.022827148	0.040893555
4	0.058749255	0.058749255	0	0.058749255
59	0	PEP COMP start cat N (len 3)
5	-1e+09	2	4	9	15
6	0.0023403525	-0.048242937	0.088483184	0.098376796	0.12087011	0.084102445
60	0	PEP COMP end cat C (len 3)
10	-1e+09	1	3	4	5	6	8	9	12	13
11	-0.03386647	-0.40112307	-0.29746129	-0.035204053	-0.00699431	0.17839112	0.21666445	0.22247936	0.26006251	0.26280132	0.34300741
62	0	PEP COMP len 3 # cat 15-18
4	-1e+09	0	1	2
5	-0.00090789655	0.0065202147	-0.010518824	0.0083834726	-0.032075181
63	0	PEP COMP len 3 # cat 7-14
6	-1e+09	0	1	2	3	4
7	0.024733337	0.024733337	0.0096243811	-0.011185053	-0.045034056	0.0014357895	0.024733337
64	0	PEP COMP len 3 # cat 3-6
2	-1e+09	0
3	-0.00051023343	0.0032661645	-0.009077895
66	0	PEP COMP min cat, len 3
9	-1e+09	2	3	4	5	7	9	10	14
10	0.076521569	0.069459005	0.04938664	0.035142175	-0.077127554	-0.030181944	-0.025936713	0.02214809	0.051912173	0.083514458
67	0	PEP COMP avg cat, len 3
17	-1e+09	1.7	2.5555556	2.875	3.3333333	3.5714285	4.4444447	4.5999999	6	6.0999999	6.4444447	6.6999998	7	7.5	8.1000004	8.8000002	10.1
18	-0.0803323	-0.0803323	-0.051356534	-0.034883481	-0.026653891	0.018681499	0.054341331	0.0097034735	-0.022458714	-0.0075972984	0.01084613	0.025324735	0.013403831	-0.024600559	-0.023287953	-0.073883267	-0.10305111	-0.084375752
68	0	PEP COMP before cat score 1
6	-1e+09	9	12	14	15	16
7	-0.044422403	-0.048660902	-0.21266042	-0.03422461	0.21523911	0.044724323	-0.042813975
69	0	PEP COMP after cat score 1
10	-1e+09	5	8	13	14	15	16	17	18	19
11	0.035393017	0.14580157	0.0075573625	-0.00016191486	-0.029995936	-0.046689418	0.0087887483	0.01819776	-0.049437926	-0.12270041	-0.1072027
70	0	PEP COMP span cat score 1
9	-1e+09	1	2	3	4	5	7	12	18
10	0.079214478	0.13441361	0.13965411	0.14313152	0.1749222	0.013394622	-0.11116287	0.014565396	-0.010276474	0.0022653349
71	0	PEP COMP before cat score 2
7	-1e+09	9	10	12	14	15	17
8	0.01707194	0.0072903725	-0.03842253	-0.094316908	0.021272182	-0.030342603	-0.11178018	0.021715041
72	0	PEP COMP after cat score 2
7	-1e+09	8	11	14	15	17	18
8	0.0063924811	0.097816579	0.00048948913	-0.0025996801	-0.037378112	0.014413484	-0.032052264	-0.080401765
73	0	PEP COMP span cat score 2
11	-1e+09	1	2	3	4	11	14	15	16	17	19
12	0.047615774	0.047615774	0.033464814	0.016344116	0.0062142632	5.3044707e-05	-0.024405679	0.016987051	-0.059094437	0.011852795	0.035824507	0.047615774
74	0	PEP COMP before cat score 3
5	-1e+09	10	11	14	17
6	0.026864844	0.01313649	0.029467813	0.045051638	0.020528223	0.042269413
75	0	PEP COMP after cat score 3
7	-1e+09	9	10	11	14	18	19
8	-0.024559464	0.051220685	-0.066452127	-0.024833415	-0.0054917604	0.042949609	-0.0020222498	-0.080431737
76	0	PEP COMP span cat score 3
5	-1e+09	4	8	17	18
6	0.041926114	0.041926114	0.0087983091	0.035148577	0.0023304512	0.041926114
77	0	PEP COMP before cat score 4
9	-1e+09	5	8	10	14	16	17	18	19
10	-0.063432205	-0.063432205	-0.09092259	-0.14123312	-0.07957694	-0.10235775	-0.12209591	-0.11638591	-0.042518969	-0.063432205
78	0	PEP COMP after cat score 4
8	-1e+09	7	8	13	15	17	18	19
9	-0.057319195	-0.033044807	-0.055021528	-0.14274352	-0.068444991	-0.054040686	-0.081987315	-0.073152613	-0.078250791
79	0	PEP COMP span cat score 4
9	-1e+09	1	3	5	6	7	10	12	17
10	-0.10289948	-0.09000804	-0.076767432	-0.045550393	0	-0.052972345	-0.089680871	-0.099451347	-0.17437514	-0.11713919
80	0	PEP COMP #aa A
2	-1e+09	1
3	0.053747231	0	0.18469135
82	0	PEP COMP #aa N
1	-1e+09
2	0	0.096076496
83	0	PEP COMP #aa D
2	-1e+09	1
3	-0.040979254	-0.12029078	-0.22573931
84	0	PEP COMP #aa C
1	-1e+09
2	0	0.28285902
85	0	PEP COMP #aa Q
2	-1e+09	1
3	-0.18340967	-0.47337567	-0.87653234
86	0	PEP COMP #aa E
2	-1e+09	1
3	-0.013803429	-0.1580163	-0.19481834
87	0	PEP COMP #aa G
2	-1e+09	1
3	0.15545091	0.21434639	0.50362355
88	0	PEP COMP #aa H
1	-1e+09
2	0	0.016999679
89	0	PEP COMP #aa L
2	-1e+09	1
3	0.068573057	0.068573057	0
91	0	PEP COMP #aa M
1	-1e+09
2	0	0.48915954
92	0	PEP COMP #aa F
2	-1e+09	1
3	-0.28282528	-0.37403535	-0.94714917
93	0	PEP COMP #aa P
2	-1e+09	1
3	0.042808112	0.17166958	0.27595811
95	0	PEP COMP #aa T
2	-1e+09	1
3	-0.029510891	-0.0067586942	-0.072199039
96	0	PEP COMP #aa W
1	-1e+09
2	0	0.043395039
98	0	PEP COMP #aa V
2	-1e+09	1
3	-0.030747487	-0.046066271	-0.097342503
121	0	PRM N/-C delta mass
14	-1e+09	-0.63159943	-0.48428345	-0.41738129	-0.25096893	-0.170578	-0.14699554	-0.12457275	0.12015533	0.26853943	0.41049957	0.55857086	1.0243225	1.1376419
15	-0.44892024	-0.44892024	-0.43423421	-0.39856983	0.3420726	0.37552509	0.37711747	0.44546884	0.47453024	0.40532267	0.40270701	0.3696743	-0.11461208	-0.33850503	-0.44892024
126	0	PRM N/-C average path score
5	-1e+09	8.1802139	10.736534	11.531141	13.080295
6	0.060501161	0.060501161	0.031521952	-0.024310972	0.056537282	0.060501161
127	0	PRM -N/C delta mass
22	-1e+09	-1.3511887	-0.86103058	-0.72476196	-0.58773804	-0.43335724	-0.34342194	-0.28274536	-0.21401215	-0.19522858	-0.17804718	-0.14445496	-0.099334717	-0.085121155	0.0021362305	0.019264221	0.058921814	0.30762482	0.49465179	0.70350647	0.78366852	1.0178909
23	-0.26860267	-0.548926	-0.61369601	0.76985466	0.86565502	1.0624171	1.0125082	1.0408196	1.1716272	1.2512894	1.2983957	1.3266164	1.3590655	1.4146524	1.4597852	1.4639159	1.4652354	1.36879	1.2379824	1.0903923	0.85224751	0.31346676	0.02956838
128	0	PRM -N/C total breakage score
3	-1e+09	-38.128994	51.971039
4	0.0013318363	0.0013318363	-0.0081170932	0.0013318363
129	0	PRM -N/C average breakage score
7	-1e+09	-6.8461242	-4.651917	-2.6543751	0.87293321	2.3109915	2.887496
8	-0.0064266866	-0.0064266866	-0.028764573	-0.018827717	0.034000886	0.046724136	0.0096275056	-0.0064266866
130	0	PRM -N/C normalized average breakage score
7	-1e+09	-6.2853293	-4.943727	-4.5935688	-2.0035901	-1.5993732	3.9538338
8	-0.062136613	-0.062136613	-0.063484404	-0.04786108	0.016719907	-0.041467961	-0.049222922	-0.062136613
131	0	PRM -N/C path score
8	-1e+09	61.187187	71.085159	102.76534	104.22451	112.52172	116.55704	132.01216
9	0.051025057	0.051025057	-0.043138792	-0.031736774	-0.038004834	-0.075291647	-0.068096923	-0.047870876	0.051025057
132	0	PRM -N/C average path score
11	-1e+09	4.8824377	7.2242737	7.8335342	8.254509	8.3901215	8.6503649	10.612391	11.084599	12.855326	13.655416
12	0.022245142	-0.068419032	-0.24235358	-0.16841276	-0.22632789	-0.24221216	-0.25632201	-0.19422893	-0.16528581	-0.13504773	-0.074367118	0.10787747
133	0	PRM -N/-C delta mass
11	-1e+09	-0.89169312	-0.78036499	-0.42928314	-0.39269257	-0.1714325	0.14803314	0.35144806	0.62381744	0.80429077	0.91052246
12	-0.0054716303	-0.051867778	0.056122868	0.16291263	0.4470756	0.7404312	0.68234726	0.65770847	0.64569559	0.59348578	0.25085542	0.060738231
134	0	PRM -N/-C total breakage score
6	-1e+09	-81.274887	-42.679516	17.470472	25.499418	53.50745
7	-0.061469916	-0.048293434	0.11127422	0.040847232	0.043166676	0.050365919	-0.07063596
135	0	PRM -N/-C average breakage score
3	-1e+09	-3.5826983	-1.3270694
4	0.0080533426	0.011057899	-0.004534869	0.0065230302
136	0	PRM -N/-C normalized average breakage score
6	-1e+09	-4.1939712	-1.5358787	2.7828329	4.7654953	6.9183812
7	-0.0011090985	0.026579554	-0.015584879	-0.010462071	-0.0060736694	-0.0073899262	-0.021054277
137	0	PRM -N/-C path score
8	-1e+09	69.932541	79.130165	85.995399	89.337585	96.252831	98.836594	106.18351
9	-0.0050722428	-0.0050722428	-0.11604581	-0.05191297	0.094206561	-0.075833894	-0.058124415	-0.021833033	-0.0050722428
138	0	PRM -N/-C average path score
7	-1e+09	6.7198224	9.5433769	10.671055	10.803179	12.288766	14.932568
8	-0.060674811	-0.060674811	-0.03924748	0.066262233	0.067614065	0.074027125	0.13333505	-0.060674811
139	0	PRM path score
17	-1e+09	-71.366684	-43.994133	-37.265743	-24.020985	-17.402395	-11.161612	-9.1922474	-5.3337803	0.41046357	4.2051845	16.031887	24.877663	32.503204	41.858006	45.637314	62.477169
18	-0.085079205	-0.085079205	0.062955321	-3.3809246e-06	-0.009426469	-0.0031994713	0.0071115586	0.01671422	0.076989476	0.019757427	0.026899973	0.055632529	0.081284278	0.085481967	0.065491106	0.027361968	-0.056734003	-0.085079205
140	0	PRM total breakage score
21	-1e+09	50.39505	54.030346	61.568386	63.54755	67.096352	73.07225	75.668701	78.183792	83.098701	85.468903	86.64666	89.040207	93.959656	96.560333	100.84875	102.34425	107.23062	110.97698	120.94256	128.73351
22	0.29992082	0.29992082	0.17325423	0.14300734	0.085324899	0.0059179398	-0.050603142	-0.03788145	-0.21058441	-0.10709944	-0.16843516	-0.16461324	-0.085207926	-0.1834389	-0.14749079	-0.12064382	-0.08157912	-0.12304939	-0.11033188	0.046431709	0.22274532	0.29992082
141	0	PRM SeqPath rank
12	-1e+09	1	2	3	5	7	12	29	62	78	99	143
13	0.26476243	0.26476243	0.039966294	-0.035342029	-0.08862729	-0.11550687	-0.26307515	-0.26756147	-0.22916021	-0.20749131	-0.20611876	-0.16025076	-0.15042648
142	0	PRM multipath score
15	-1e+09	63.210217	70.194191	75.395432	78.271149	80.960693	84.674072	87.031273	89.311485	96.067825	97.182152	100.68493	114.89372	118.8548	120.99887
16	-0.068117437	-0.068117437	-0.023398479	-0.0074107531	0.016914618	-0.010048222	-0.042363615	0.038830249	0.0098636757	0.013852366	0.025766904	0.055959205	0.03869859	0.049956529	-0.048649491	-0.068117437
143	0	PRM delta score
25	-1e+09	0	0.32518768	2.0392838	3.39431	4.6566544	5.2677536	7.6325073	8.184494	9.3316803	9.8926926	10.446838	11.573448	12.706764	13.869553	15.06559	15.656376	16.878265	21.609436	24.077621	25.932076	28.058174	30.64119	34.262177	36.834824
26	0.95618906	1.5547057	1.4899487	1.4404761	1.3667572	1.2746793	1.2659365	1.2430422	0.99176969	1.0113233	0.97403877	1.0215833	1.0652784	1.0228237	1.0455936	0.93254362	0.9405891	0.80857729	0.8181175	0.74152061	0.57825246	0.49641231	0.40605804	0.43867429	0.33776143	0.18376512
144	0	PRM rank, delta score<=1.5
4	-1e+09	0	3	12
5	0.1571974	0.16329503	0	0.013873638	0.13039865
145	0	PRM rank, 1.5<delta score<=7.5
10	-1e+09	2	3	6	11	15	19	34	41	52
11	0.094959835	0.094959835	0.092316835	0.072996149	0.071386	0.0053333617	0.00397586	0.092095153	0.094959835	0.090983975	0.094959835
146	0	PRM rank, 7.5<delta score<=15
6	-1e+09	8	27	32	45	178
7	0.019955719	0.019955719	0.05022719	0.076105417	0.056149697	0.076105417	0.019955719
147	0	PRM rank, delta score>15
4	-1e+09	41	170	185
5	-0.019114105	-0.019114105	-0.053683717	0	-0.013762132
148	0	PRM delta num breakage scores (missing)
5	-1e+09	-2	-1	0	1
6	-0.065421012	-0.065421012	0.026616568	0.058151879	0.017153361	-0.065421012
150	0	PRM num breakage scores
6	-1e+09	6	7	8	9	10
7	0.090287341	0.090287341	0.047122814	-0.049458626	-0.076214852	-0.074288539	0.090287341
151	0	PRM breakage score min 1
14	-1e+09	-33.721012	-29.085463	-28.651636	-27.037333	-24.258469	-23.71443	-21.82489	-18.487564	-14.654149	-12.583635	-10.464032	-8.5858345	-6.0725636
15	0.047880732	-0.027493938	-0.060824993	-0.048647469	0.01286235	0.036154374	0.0095837821	-0.016624874	-0.066522783	-0.0081009774	-0.023746371	0.056379593	-0.064895949	0.0075145124	0.078500774
152	0	PRM breakage score min 2
10	-1e+09	-21.066833	-18.217634	-15.107335	-14.023263	-10.896688	-8.3836441	-7.8880424	-5.9819231	-2.0869219
11	0.043939531	0.043939531	0.086903317	0.0028207103	-0.01930337	-0.012387637	0.014659811	-0.04419767	-0.055039031	-0.035740428	0.043939531
153	0	PRM breakage score min 3
16	-1e+09	-13.3257	-10.763393	-8.5556173	-7.344625	-5.8339148	-5.1217871	-4.1064053	-3.4361639	-2.7214622	-2.0482247	-0.067392588	0.296159	0.76696438	1.7275747	3.0780294
17	-0.3301419	-0.40492662	-0.35028071	-0.35480297	-0.25347746	-0.39689047	-0.27285405	-0.27149523	-0.24147183	-0.23029002	-0.2108863	-0.18393067	-0.24397853	-0.28090015	-0.31729601	-0.24440897	-0.22741824
154	0	PRM breakage score min consecutive 3
15	-1e+09	-48.726723	-43.261158	-41.738647	-37.603535	-33.971355	-32.901585	-23.721289	-21.800774	-19.837975	-15.68424	-13.481944	-1.0400069	0.95760632	3.4963665
16	0.19718208	0.19718208	0.1187618	0.097546255	0.057338187	0.19618112	0.16296564	0.14951622	0.13782255	0.085327816	0.12669087	0.095180273	0.069666676	0.09894951	0.13893629	0.19718208
155	0	PRM breakage score max consecutive 3
8	-1e+09	4.6778216	15.72994	19.815105	23.610409	30.339632	37.861839	45.044945
9	-0.004322567	-0.004322567	0.046908684	0.028342649	-0.058975923	0.030119077	0.07710849	0.033596451	-0.004322567
156	0	PRM breakage score min consecutive 2
9	-1e+09	-50.788437	-47.854168	-37.478882	-29.825388	-24.50189	-20.109623	-8.621253	-6.0472627
10	-0.078740689	-0.13006881	-0.0662582	0.050300308	-0.069904997	-0.048254473	0.012712434	-0.013821279	-0.042696596	-0.019237569
157	0	PRM breakage score max consecutive 2
10	-1e+09	11.484819	12.311426	15.575274	16.706017	20.88361	23.405758	25.888428	29.711655	30.401672
11	0.0080875684	0.0080875684	0.024254139	0.026847759	0.11985861	-0.023364711	-0.026145658	-0.096358208	-0.097674977	-0.0096620891	0.0080875684
158	0	PRM #breakage scores below -10
3	-1e+09	1	4
4	0.034160109	0.034160109	-0.036909994	0.013938058
159	0	PRM #breakage scores 0 - -10
5	-1e+09	0	1	2	3
6	-0.037120532	-0.037120532	0.02808495	0.050539762	0.0031488151	-0.037120532
161	0	PRM #breakage scores 8 - 15
4	-1e+09	0	1	4
5	-0.026495151	-0.026495151	0.017562374	-0.029404388	-0.026495151
163	0	PRM %breakage scores below -10
5	-1e+09	0.11111111	0.25	0.33333334	0.44444445
6	-0.0042641824	-0.0013003938	5.0738207e-05	0.018198064	-0.027320566	-0.011837731
164	0	PRM %breakage scores below 0
7	-1e+09	0.11111111	0.2857143	0.33333334	0.375	0.66666669	0.77777779
8	0.01562616	0.01562616	-0.018206538	-0.019573387	-0.0038545724	0.02893432	0.016968781	0.01562616
166	0	PRM %breakage scores above 8
8	-1e+09	0.11111111	0.125	0.25	0.2857143	0.375	0.44444445	0.55555558
9	0.034393063	0.034393063	-0.0091243732	-0.048473512	-0.04199769	-0.03769627	-0.040381772	-0.037729	0.034393063
167	0	PRM Score connected to N-terminal
5	-1e+09	4.4368687	8.0224123	16.544733	21.051842
6	-0.06830008	-0.06830008	0.028478206	-0.0062644131	-0.0023431861	-0.06830008
168	0	PRM Score connected to C-terminal
5	-1e+09	0	0.072234124	5.4017515	7.0696964
6	-0.26282901	-0.33548264	0.0077048736	0.023203612	-0.069542675	-0.13589635
169	0	PRM %breakages with 1 frag detected
6	-1e+09	0	0.090909094	0.125	0.22222222	0.30000001
7	0.0066229689	0.13827977	0.0087371073	-0.10069207	-0.099388712	-0.19017021	-0.20880604
170	0	PRM %breakages with 2 frag detected
5	-1e+09	0.125	0.18181819	0.22222222	0.36363637
6	0.036448963	0.018441328	0.042200859	0.046310389	-0.024784592	0.051231024
171	0	PRM %breakages with > 5 frags detected
7	-1e+09	0	0.11111111	0.18181819	0.2	0.27272728	0.33333334
8	0.021393652	0.23122604	0.1032018	0.093216831	0.0071114482	-0.11975232	-0.16520393	-0.20016268
172	0	PRM %breakages with dual orientation frags
11	-1e+09	0.40000001	0.44444445	0.5	0.54545456	0.55555558	0.625	0.66666669	0.72727275	0.77777779	0.80000001
12	0.063325799	-0.0024136992	-0.033038352	-0.035033694	-0.08022852	-0.016321133	0.020802557	0.052230285	0.031270516	0.0012043534	0.060812119	0.10925156
173	0	PRM #orientation switches
3	-1e+09	0	1
4	0.023471796	0.17688939	-0.052646739	-0.23617388
175	0	COMP PPP frag 1 obs_ratio
15	-1e+09	0	0.2	0.30000001	0.33333334	0.40000001	0.44444445	0.55555558	0.69999999	0.72727275	0.75	0.77777779	0.80000001	0.83333331	0.875
16	0.25436952	0.25436952	0.11525027	0.034776564	0.049820177	-0.050075802	-0.11850657	-0.13912291	-0.09133137	0.0096871781	0.0083575681	0.017522901	0.13063116	0.12248888	0.15597439	0.25436952
176	0	COMP PPP frag 2 obs_ratio
13	-1e+09	0	0.1	0.2	0.27272728	0.33333334	0.5	0.55555558	0.60000002	0.66666669	0.69999999	0.77777779	0.80000001
14	0.23304977	0.23304977	0.17169637	-0.07244787	-0.19358415	-0.2036148	-0.21061527	-0.22650071	-0.2634922	-0.25423353	-0.22474693	-0.083228289	-0.0083912284	0.23304977
177	0	COMP PPP frag 3 obs_ratio
10	-1e+09	0.1	0.11111111	0.25	0.33333334	0.375	0.45454547	0.5	0.66666669	0.85714287
11	-0.010884754	-0.066645281	-0.084514782	-0.10543185	-0.032996899	-0.078677934	-0.015886011	0.033969071	0.084164128	0.12685982	0.065657789
179	0	COMP PPP MOBILE sum ranks of missed 1-5
15	-1e+09	22	32	36	43	44	48	50	53	56	57	59	62	76	89
16	0.26915856	0.19790928	0.14160942	0.25858705	0.18691288	0.35138175	0.34170696	0.30810127	0.27731072	0.39657746	0.40845331	0.44697958	0.45184709	0.5017068	0.52994307	0.59862251
182	0	COMP PPP sum ranks of missed 1-5
12	-1e+09	16	22	31	38	45	56	62	64	70	73	79
13	0.078228188	0.078228188	0.047160726	-0.068521495	-0.094911902	-0.062382086	-0.020416	0.0051896351	0.028189197	0.084077343	0.12216031	0.1491908	0.16114683
183	0	COMP PPP MOBILE sum ranks of missed 6-10
9	-1e+09	65	70	77	79	95	107	113	136
10	0.14567517	0.078749575	0.10731183	0.19808608	0.16160899	0.18103084	0.12981056	0.12849552	0.11267337	0.20515241
186	0	COMP PPP sum ranks of missed 6-10
5	-1e+09	73	90	103	120
6	0.054840616	0.054840616	-0.048892626	-0.026884619	-0.0060184089	0.054840616
187	0	COMP PPP MOBILE sum ranks of missed 11-15
9	-1e+09	88	100	110	122	140	145	150	160
10	0.088484873	0.036608908	0.062553242	0.06658298	0.2212584	0.17033318	0.17840263	0.11960693	0.093207612	0.12307025
190	0	COMP PPP sum ranks of missed 11-15
3	-1e+09	138	140
4	0.023753368	0	0.004173768	0.05989828
191	0	COMB PPP observed rank of predicted rank 1
7	-1e+09	3	4	5	6	8	10
8	0.016607834	0.26623162	0.1618484	0.10148808	0.081956916	-0.037455389	-0.026789697	-0.057134939
192	0	COMB PPP observed rank of predicted rank 2
5	-1e+09	2	3	4	7
6	0.039531987	0.050582292	0.044492497	0.037454616	0.0065902372	-0.037032661
193	0	COMB PPP observed rank of predicted rank 3
6	-1e+09	0	1	5	6	8
7	-0.011209317	0.026428493	0.047013897	0.068470774	0.03960774	0.0015905173	-0.0699224
194	0	COMB PPP observed rank of predicted rank 4
9	-1e+09	2	5	6	7	8	9	10	17
10	0.052393183	0.059467788	0.063602176	0.056671623	0.023936778	-0.001961397	-0.0069344084	-0.03765835	-0.058954631	0.022494519
195	0	COMB PPP observed rank of predicted rank 5
7	-1e+09	1	2	4	7	10	12
8	-0.064906226	-0.051414585	0.064410132	0.077044642	0.068792496	0.0071643925	-0.042407514	-0.078033626
196	0	COMB PPP observed rank of predicted rank 6
8	-1e+09	0	1	2	4	5	9	11
9	-0.06990048	-0.062173984	-0.031541304	0.0097159278	0.062661586	0.089007775	0.095808014	0.024683265	-0.078563102
197	0	COMB PPP observed rank of predicted rank 7
9	-1e+09	0	1	4	6	7	9	10	19
10	-0.10656726	-0.10656726	-0.047711317	0.0011427125	0.0038796444	0.015840039	-0.020772296	-0.078854683	-0.10175776	-0.10656726
198	0	COMB PPP predicted rank of observed rank 1
6	-1e+09	4	5	8	9	14
7	0.059340108	0.082725655	-0.038908999	-0.11039965	-0.058646662	-0.025282624	-0.08108003
199	0	COMB PPP predicted rank of observed rank 2
9	-1e+09	0	2	3	5	6	8	10	11
10	-0.024441206	0.011245404	0.040446539	0.092342817	0.046766597	0.013412056	-0.028999112	0.045470358	-0.039390587	-0.051694771
200	0	COMB PPP predicted rank of observed rank 3
7	-1e+09	0	2	5	10	13	18
8	-0.03812085	-0.03812085	-0.0037994358	-0.023472575	-0.0075995176	0.033527569	-0.015267936	-0.03812085
201	0	COMB PPP predicted rank of observed rank 4
8	-1e+09	0	1	4	5	6	8	9
9	-0.076922973	-0.067905546	-0.03336929	0.046406903	0.042168256	0.032427074	-0.037561682	-0.065353846	-0.099008528
202	0	COMB PPP predicted rank of observed rank 5
7	-1e+09	1	7	8	9	10	13
8	-0.050440468	0.027522418	0.03977896	0.074815375	0.0032152281	-0.0031497315	-0.015687875	-0.090808581
203	0	COMB PPP predicted rank of observed rank 6
9	-1e+09	1	7	8	10	12	14	15	16
10	-0.059223867	0.025833672	0.12214292	0.087731235	0.067315471	-0.0037832647	-0.017426803	-0.038178753	-0.060578427	-0.12822194
204	0	COMB PPP predicted rank of observed rank 7
12	-1e+09	0	7	8	9	10	12	14	15	16	17	22
13	0.062978663	0.096863155	0.12718356	0.14262748	0.1077596	0.069360828	0.020088179	-0.009876764	-0.025159477	-0.094673095	-0.11930548	-0.11394619	0.026862902
205	0	COMB PPP rank of missed #1
9	-1e+09	1	2	3	4	6	8	10	12
10	0.59029422	-0.13938958	-0.014141216	0.078058925	0.045002192	0.25826922	0.36741746	0.44898093	0.58178374	0.69103216
206	0	COMB PPP rank of missed #3
8	-1e+09	4	7	10	12	13	17	20
9	0.11750937	0.11750937	0.096579816	0.058612874	0.21603512	0.20422409	0.20288129	0.38653667	0.40978209
207	0	COMB PPP rank of missed #5
8	-1e+09	9	10	12	13	16	19	22
9	-0.054465434	-0.087513359	0.088740208	0.10861144	0.058909775	0.036315327	0.051676966	-0.050485463	-0.054465434
208	0	COMB PPP rank of missed #7
6	-1e+09	8	10	13	19	20
7	0.030531352	0.030531352	-0.013027518	-0.023893355	-0.045765368	-0.0048089435	0.030531352
209	0	COMB PPP rank of missed #9
5	-1e+09	20	21	23	24
6	-0.056939812	-0.063508641	0.046816985	0.050878286	-0.011405395	-0.04291357
210	0	COMB PPP rank of missed #11
4	-1e+09	18	30	31
5	-0.06840352	-0.06840352	0.048254472	0.068527802	-0.06840352
211	0	COMB PPP rank of missed #13
3	-1e+09	21	22
4	0.0026431352	0.0026431352	0	0.0026431352
212	0	COMB PPP rank of missed #15
3	-1e+09	23	32
4	0.037833526	0	0.081880777	0.070260572
214	0	COMB PPP delta score #1
14	-1e+09	0.051290035	0.09885025	0.19177771	0.28553581	0.33094835	0.42185831	0.55783892	0.60438013	0.65207505	0.85560775	1.1496921	1.2856383	1.525841
15	0.23077969	0.4510829	0.45924038	0.45523544	0.45385382	0.4154419	0.35935818	0.35670429	0.28825654	0.29075345	0.37489947	0.34097526	0.13175918	0.16213922	0.075455426
215	0	COMB PPP delta score #2
15	-1e+09	-0.47418547	-0.15307045	0.31434774	0.35612535	0.40143991	0.48867035	0.72563434	0.83394742	1.0153444	1.082947	1.4070666	1.6069075	1.7311358	2.5278294
16	0.099279396	0.32239978	0.31691246	0.35991385	0.3892968	0.37230151	0.27391856	0.23720443	0.13560883	0.15190719	0.10449736	0.057598772	0.036078834	-0.025478273	-0.12242295	-0.067745638
216	0	COMB PPP delta score #3
14	-1e+09	-0.31416869	-0.24152279	-0.17830086	0.046669006	0.17048573	0.29656839	0.47033739	0.56334019	0.61153722	0.88230801	1.074697	1.3118799	1.4068756
15	-0.29513781	-0.070027605	-0.035467667	-0.0063024638	-0.022617644	-0.041321543	0.014230015	-0.00065891842	-0.047902686	-0.19419924	-0.21289487	-0.29938599	-0.32134057	-0.18458431	-0.41490681
217	0	COMB PPP delta score #4
20	-1e+09	-0.96722984	-0.607862	-0.41956234	-0.34528112	-0.16266203	-0.10895419	-0.0069241524	0.051043034	0.40123439	0.49289036	0.58708596	0.68617988	0.73723388	0.91047716	1.0404515	1.1107643	1.2727225	1.5838735	2.3889399
21	0.54652933	0.60980921	0.66253345	0.64754223	0.63482508	0.47213681	0.51987895	0.46438803	0.52341039	0.53746877	0.64917088	0.62264142	0.60216195	0.57312667	0.45271213	0.41552574	0.4347295	0.47998335	0.44786067	0.2969826	0.41379961
218	0	COMB PPP delta score #5
17	-1e+09	-1.0808115	-0.84453964	-0.41441464	-0.22241592	-0.16575122	0.034521103	0.077931881	0.25126696	0.29428601	0.52160525	0.67192411	0.78079629	0.96563816	1.0348628	1.364861	1.7243094
18	0.20576791	0.23038612	0.28736197	0.33004353	0.33890801	0.31890311	0.31435865	0.3094451	0.2524194	0.28670604	0.28538493	0.25962779	0.20613094	0.33557607	0.25630157	0.19097598	0.16215016	0.1753263
219	0	COMB PPP delta score #6
15	-1e+09	-0.5629437	-0.33422852	-0.21601105	-0.012349844	0.051794767	0.09560132	0.31634498	0.60098815	1.018554	1.1756148	1.2668147	1.3625096	1.9317889	2.4968824
16	0.23026196	0.26194046	0.31159674	0.30892397	0.19557605	0.21837561	0.19196661	0.15827323	0.24690994	0.25916603	0.15096679	0.15497281	0.12769838	0.13304285	0.19946762	0.2160541
220	0	COMB PPP delta score #7
16	-1e+09	-1.2512667	-0.70305467	-0.44041634	-0.30808973	-0.24876451	-0.14011288	-0.038118601	0.12753344	0.21746039	0.39991379	0.59960914	0.70868444	0.82894087	0.89251089	0.9602592
17	0.023491403	0.023491403	0.0934142	0.09075164	0.10215039	0.079815424	0.071746736	0.017660611	0.0081641898	0.092870401	0.11084426	0.095550879	0.11673701	0.10975547	0.060165006	0.024860301	0.023491403
221	0	COMB PPP dot prod pred-obs top 15
13	-1e+09	0.57945073	0.59529471	0.68898481	0.71871477	0.75380385	0.79768252	0.80439359	0.81029373	0.82845426	0.84393978	0.85869408	0.90790832
14	-0.098448774	-0.18015234	-0.085100459	-0.079558359	0.036138957	0.0051939576	0.041936055	0.039032728	0.068893611	0.055035587	0.00037901529	-0.060398844	-0.017425174	-0.0023031312
222	0	COMB PPP dot prod obs-pred top 15
13	-1e+09	0.55405104	0.86970854	0.89922482	0.91359299	0.91719395	0.9212774	0.93360829	0.94079065	0.96109474	0.98341393	0.98808086	0.9922666
14	0.0178381	-0.062723831	-0.14418047	-0.15591675	-0.031286325	-0.081436724	-0.099337902	-0.056194891	-0.041709846	-0.034671825	0.0061872197	0.07195912	0.15835555	0.14265759
223	0	COMB PPP dot prod pred-obs top 30
12	-1e+09	0.38280892	0.46850774	0.49386972	0.53136766	0.56171322	0.58738875	0.59343475	0.64981186	0.67880464	0.69146419	0.69863045
13	-0.0027577001	-0.0027577001	0.099535615	-0.02632329	-0.048960316	-0.063499703	-0.05205057	0.01311017	0.0077223027	-0.023138075	0.02305209	-2.7569341e-05	-0.0027577001
224	0	COMB PPP dot prod obs-pred top 30
7	-1e+09	0.46424362	0.56416464	0.57169604	0.62644047	0.65959716	0.6731534
8	0.028182845	0.024703592	0.026161883	0.024815637	-0.026651361	-0.020066806	-0.006926158	0.032590178
225	0	COMB PPP dot prod pred-obs top 45
9	-1e+09	0.44973388	0.45995358	0.47881952	0.4835318	0.51471663	0.55981505	0.60578126	0.61758429
10	-0.012551344	-0.012551344	-0.0033337933	0.050805133	-0.008702214	-0.015491594	-0.020148755	0.033443486	0.0066553778	-0.012551344
226	0	COMB PPP dot prod obs-pred top 45
8	-1e+09	0.36683446	0.38583329	0.44578972	0.45174083	0.49499866	0.52119827	0.53191012
9	0.00041834161	0.00041834161	0.0088801439	0.016088693	0.014733228	-0.016098018	-0.0066304516	-0.0030945655	0.00041834161
