#WEIGHT_SINGLE_STATE_SCORE 1.000
#WEIGHT_SINGLE_OFFSET_SCORE 1.000
#WEIGHT_MULTI_STATE_SCORE 1.000
#WEIGHT_MULTI_OFFSET_SCORE 1.000
#WEIGHT_TRANSFER_SCORE 1.000
#WEIGHT_COMBO_SCORE 3.000
#MULTY_AA_PENALTY -8.000
#BAD_DOUBLE_PENALTY -5.000
#PROBLEMATIC_PAIR_PENALTY -2.000
#TOLS 5 0.100 0.250 0.500 0.900 1000000000.000
0.806 -1.325 -1.275 -0.403 -0.149 0.484 0.634 0.362 -0.064 0.000 1.272 -0.656 -0.904 0.235 1.563 0.458 0.233 -1.710 -0.243 0.999 
-1.086 -1.703 -2.415 -2.653 -3.040 -0.970 -1.509 -0.572 -1.949 0.000 -0.031 -1.206 -2.151 -1.254 1.776 -1.973 -1.571 -3.604 -1.121 -0.223 
-1.464 -2.093 -2.273 -1.916 -0.449 -1.007 -1.180 -0.731 -1.994 0.000 -0.901 -2.029 -1.772 -0.510 0.378 -0.982 -0.991 -1.786 -1.185 -0.534 
-0.894 -1.636 -2.196 -2.032 -0.399 -1.778 -0.839 0.326 -1.097 0.000 -0.441 -1.796 -1.991 -0.762 0.383 -0.570 -0.865 -1.958 -0.269 -0.420 
-1.383 -3.040 -2.226 -2.640 -3.263 -1.557 -0.980 -0.713 -2.376 0.000 -1.939 -3.544 -2.088 -2.062 -0.391 -2.011 -1.980 -2.986 -0.870 -1.367 
0.157 -1.137 -1.757 -1.538 -1.130 0.122 0.020 -0.233 -0.478 0.000 0.509 -1.332 -1.398 -0.658 0.742 -0.300 -0.628 -3.099 -0.646 -0.119 
0.444 -1.509 -1.077 -0.513 0.230 -0.080 0.403 0.362 -0.588 0.000 0.679 -0.550 -0.966 -0.221 1.158 0.106 -0.039 -1.399 -0.189 0.309 
0.575 0.650 0.346 0.928 0.278 1.025 1.521 1.101 0.869 0.000 1.545 1.596 -0.105 1.295 1.528 1.317 1.076 -1.164 1.238 1.177 
1.002 0.926 -0.022 0.372 0.158 0.941 1.351 1.112 -0.308 0.000 1.757 1.064 -0.551 0.602 1.091 0.982 0.812 -1.030 0.115 1.092 
0.000 0.000 0.000 0.000 0.000 0.000 0.000 0.000 0.000 0.000 0.000 0.000 0.000 0.000 0.000 0.000 0.000 0.000 0.000 0.000 
1.205 0.522 -0.598 -0.709 -0.137 1.082 0.544 1.138 -0.138 0.000 1.517 0.664 -0.724 0.594 1.867 0.513 0.914 -0.923 0.491 1.479 
-0.807 -1.106 -2.648 -2.702 -2.697 -0.657 -1.229 -0.573 -1.416 0.000 0.878 -0.694 -2.839 -0.416 1.941 -1.083 -0.983 -1.871 -0.600 -0.069 
-1.385 -2.074 -2.108 -1.395 -1.067 -1.441 -0.503 -0.721 -2.474 0.000 -1.125 -1.907 -2.582 -1.002 -0.877 -1.768 -1.137 -3.915 -2.006 -1.271 
-0.198 -1.022 -1.251 -0.856 -0.453 -0.246 -0.285 0.547 -1.482 0.000 0.236 -0.587 -2.027 -0.342 0.244 0.029 -0.115 -1.752 -0.365 0.241 
-0.687 -1.184 -2.187 -2.201 -2.245 -2.169 -0.677 -0.904 -2.595 0.000 -1.342 -1.764 -2.949 -1.605 -2.160 -1.194 -1.722 -3.054 -1.476 -1.386 
1.238 1.179 0.285 0.969 0.697 1.152 1.876 1.764 0.974 0.000 1.604 1.982 -0.132 1.074 0.918 1.859 1.441 -0.364 1.216 1.262 
0.197 -1.746 -1.206 -1.376 -0.571 -0.716 -0.057 0.598 -0.167 0.000 0.552 -0.890 -1.777 0.070 0.981 -0.155 -0.284 -1.875 -0.078 0.376 
-2.441 -4.703 -4.122 -5.002 -2.986 -3.099 -2.588 -1.729 -3.227 0.000 -1.851 -3.094 -5.014 -1.895 -1.619 -2.409 -3.609 -4.653 -2.386 -2.666 
-0.320 -2.807 -0.742 -1.469 -0.148 -0.117 0.158 0.415 -1.220 0.000 0.301 -0.864 -1.280 -0.672 0.120 0.111 -0.284 -2.135 -0.228 -0.212 
0.463 -0.591 -0.798 -0.817 -0.659 -0.329 -0.006 0.447 -0.275 0.000 1.081 -0.208 -1.950 0.290 1.489 -0.022 0.099 -1.496 -0.266 0.824 
