2 4
1  0.000 1.000 1000000000.000
4 0 1 2 8
1 0
1 4
1 13
0 29
1 29
1 45
0 90
1 90
0 156
1 156
0
209
153
5	0	TRYP #num missed tryp terminals
2	-1e+09	0
3	0.22467505	0.22467505	-0.23303359
7	0	TRYP #frags at digest when C-term is R
4	-1e+09	0	2	3
5	-0.043935554	-0.043935554	-0.021311475	0.0045614527	-0.043935554
8	0	TRYP #frags at digest when C-term is K
4	-1e+09	0	2	3
5	0.0032802577	0.0032802577	0.0017706284	0	0.0032802577
9	0	TRYP #frags at digest when C-term is other
8	-1e+09	1	2	3	4	5	6	7
9	-0.011705165	-0.0032723964	-0.0093162517	-0.045435764	-0.053431871	-0.058600474	-0.055328078	-0.058600474	-0.02163179
13	0	ANN PEAK diff from org pm_with_19
12	-1e+09	-2.9492188	-2.1420898	-1.4418945	-1.2492676	-0.84204102	-0.54199219	-0.24194336	-0.14208984	0.058105469	0.25805664	0.36535645
13	-0.23273539	-0.34575168	0.37023267	0.41090452	0.38761681	0.38376795	0.36000261	0.26371805	0.25191352	0.25030341	0.090027499	-0.011378326	-0.045307961
15	0	ANN PEAK %ann intensity
16	-1e+09	0.035233453	0.065241434	0.084142052	0.092647791	0.096967541	0.10956735	0.11382988	0.14457747	0.15389892	0.16362129	0.16864969	0.2173302	0.23326345	0.35729498	0.38819975
17	-0.023853037	0.016046357	0.091844702	0.13434824	0.11889547	0.065268335	0.060113269	0.042063179	0.036886795	0.0026966454	-0.0023812667	-0.061470819	-0.065674069	-0.14201374	-0.1158217	-0.079868441	-0.074380787
16	0	ANN PEAK %ann peaks
11	-1e+09	0.048	0.055944055	0.082089551	0.090277776	0.096000001	0.10144927	0.11363637	0.11538462	0.13333334	0.1438849
12	-0.032331584	-0.032331584	-0.022005865	-0.002112941	0.012362064	0.023611743	0.002989272	-0.0046206285	-0.0090148569	-0.017615257	-0.028985191	-0.032331584
17	0	ANN PEAK #ann in top 25
6	-1e+09	1	2	6	9	10
7	0.016851514	0.016851514	0.018380242	0.0036159648	-0.029242916	-0.022522434	0.016851514
18	0	ANN PEAK #ann in top half (up to 50)
9	-1e+09	3	7	10	11	12	13	14	17
10	0.061049919	-0.0004600631	-0.095012656	-0.073177976	0.0084300108	0.013743172	0.071924337	0.082534222	0.10155872	0.11152186
19	0	ANN PEAK #ann in top third - #ann in mid third
9	-1e+09	-3	-2	-1	1	2	3	4	5
10	0.01051262	0.01051262	7.2928987e-05	-0.022905606	-0.02136178	-0.024520471	-0.0169181	-0.0055682052	0.00032571788	0.01051262
20	0	ANN PEAK #ann in top third - #ann in last third
13	-1e+09	-4	-3	0	1	3	4	7	8	9	11	12	13
14	0.10011013	0.091252155	0.038851133	-0.040998193	-0.078292513	-0.087537645	-0.10281408	-0.10436719	-0.094863126	-0.073662019	0.02330298	0.053398638	0.066498629	0.10989983
21	0	ANN PEAK #ann in mid third - #ann in last third
8	-1e+09	-6	1	2	3	5	7	8
9	-0.0001009598	-0.030696331	-0.048788559	-0.0049559619	-0.00011152178	0.026051859	0.031667873	0.03796678	0.026391353
22	0	ANN PEAK #y annotated
4	-1e+09	2	3	4
5	0.023465372	0.029178857	0.0043165594	-0.025528389	-0.010081694
23	0	ANN PEAK #b annotated
4	-1e+09	1	2	3
5	-0.0035990917	0.0069443166	0.014930461	-0.0032186052	-0.018696409
25	0	ANN PEAK #y2 annotated
3	-1e+09	0	1
4	0.014042053	0.027552851	-0.011279736	-0.032550788
26	0	ANN PEAK #y-H2O annotated
3	-1e+09	0	2
4	0.025978841	0.025978841	-0.0049996379	0.007636851
27	0	ANN PEAK #b2 annotated
3	-1e+09	0	1
4	0.070716966	-0.10860528	-0.12770605	0.16507474
28	0	ANN PEAK #a annotated
3	-1e+09	0	1
4	-0.0715167	-0.10897169	-0.00068601442	0.076993659
29	0	PEAK OFF y num frags detected
4	-1e+09	2	3	4
5	0.0050314127	0.021886235	0.0021259729	-0.014432135	-0.0035507721
30	0	PEAK OFF y max self offset
17	-1e+09	0.082286835	0.094676971	0.10612106	0.13929367	0.15082932	0.18748093	0.20836258	0.24052048	0.24970627	0.26942825	0.28016281	0.30457687	0.33226395	0.39979172	0.45313644	0.46971512
18	-0.070250495	-0.070250495	-0.014547622	-0.038200837	-0.025832888	-0.034636593	-0.021631384	-0.02708618	-0.0092114955	-0.1052803	-0.12081999	-0.16128086	-0.19309597	-0.19707758	-0.16884609	-0.27386273	-0.24837595	-0.15859237
31	0	PEAK OFF y avg self offset
17	-1e+09	0.042999268	0.050771713	0.061309051	0.064702608	0.081338882	0.095537566	0.10718155	0.11110916	0.12409897	0.13376999	0.17567062	0.20115891	0.24959755	0.28571701	0.33686447	0.37156448
18	-0.17749362	-0.31948589	-0.32247509	-0.34564116	-0.36569354	-0.39063961	-0.37867807	-0.42317272	-0.43005329	-0.43849348	-0.40844059	-0.39335827	-0.42190234	-0.36601675	-0.27490957	-0.23117065	-0.2115065	-0.04050561
32	0	PEAK OFF y max consecutive offset
15	-1e+09	0.081420898	0.086669922	0.096435547	0.12451172	0.15783691	0.16833496	0.17944336	0.21166992	0.22766113	0.23596191	0.2677002	0.3092041	0.46789551	0.57861328
16	0.015243405	0.1280326	0.10926554	0.1062097	0.071348516	0.057929656	0.064404855	0.057541286	-0.0083632466	-0.035982322	-0.069139818	-0.073445944	-0.07662521	-0.10135453	-0.099740035	-0.038246557
33	0	PEAK OFF y avg consecutive offset
10	-1e+09	0.038833618	0.045249939	0.05607605	0.07244873	0.08984375	0.13159943	0.16836548	0.19451904	0.25521851
11	-0.026559236	0.033270229	0.007309458	-0.0025192023	0.00052666565	-0.016062056	-0.023768708	-0.0074884005	-0.023569323	-0.047909471	-0.080064194
34	0	PEAK OFF y grab offset #1
9	-1e+09	0.0081787109	0.024047852	0.035766602	0.066040039	0.11938477	0.14599609	0.27648926	0.68383789
10	0.033597399	0.033597399	0.018411446	-0.0071185041	-0.015296022	-0.033462427	-0.044020985	-0.048878128	-0.019844275	0.033597399
35	0	PEAK OFF y grab offset #2
4	-1e+09	0.0078125	0.041748047	0.053955078
5	0.025601135	0.025601135	0.0059062848	0	0.025601135
36	0	PEAK OFF y grab offset #3
2	-1e+09	3
3	-0.027865487	-0.027865487	0
37	0	PEAK OFF b num frags detected
17	-1e+09	0.11802948	0.12925994	0.15050018	0.16099823	0.19212615	0.21361053	0.23546112	0.2593869	0.29993927	0.3465451	0.39906037	0.41676056	0.47264373	0.490466	2	3
18	0.047936834	0.051152533	0.078790526	0.096204237	0.091495062	0.056173114	0.077086336	0.092437936	0.062652556	0.068863766	0.049152715	0.011539565	0.010029838	0.052979844	0.072224527	0.086372746	0.06051411	0.042496007
38	0	PEAK OFF b max self offset
22	-1e+09	0.041516423	0.070691228	0.081831969	0.097460628	0.10771453	0.11759206	0.12269318	0.13798432	0.14298086	0.15379608	0.17070282	0.17662323	0.18260467	0.19496819	0.20886648	0.25801179	0.31659719	0.33155549	0.38737762	0.41038787	0.43602264
23	-0.13743744	-0.11964313	-0.090573215	-0.14154741	-0.12869443	-0.14154741	-0.13471963	-0.12866213	-0.12691568	-0.13712052	-0.15191723	-0.15563615	-0.1539971	-0.14273348	-0.17271265	-0.16424968	-0.18545644	-0.1710531	-0.13050665	-0.19017978	-0.18844252	-0.18248973	-0.1419315
39	0	PEAK OFF b avg self offset
6	-1e+09	0.040263485	0.10159881	0.13187225	0.15176971	0.16299205
7	0.016628803	0.029712574	0.041385989	0.038196575	0.030185664	0.026602684	-0.0015267591
40	0	PEAK OFF b max consecutive offset
8	-1e+09	0.051696777	0.13250732	0.18014526	0.1857605	0.19717407	0.27368164	0.46746826
9	-0.038791144	-0.0030068121	0.0037750125	-0.0043778678	-0.021947561	-0.024897138	-0.033009796	-0.085502999	-0.071108127
41	0	PEAK OFF b avg consecutive offset
5	-1e+09	0.068435669	0.092254639	0.15475464	0.3894043
6	0.016964302	0.016964302	-0.031942432	-0.018043207	-0.027780363	0.016964302
42	0	PEAK OFF b grab offset #1
4	-1e+09	0.10131836	0.12475586	0.23193359
5	-0.043054411	-0.043054411	-0.0047229952	0	-0.043054411
46	0	PEP COMP end cat C (len 3)
6	-1e+09	1	2	4	9	16
7	-0.20998196	-0.36546335	-0.23543882	-0.059251902	-0.002819329	0.010786811	-0.017455842
47	0	PEP COMP len 3 # cat 19-20
2	-1e+09	0
3	0	0	0.0054521525
52	0	PEP COMP min cat, len 3
13	-1e+09	1	2	3	4	6	8	11	12	15	17	18	19
14	0.022923264	-0.058759913	-0.0015082074	0.0052907798	0.019516525	-0.0053817633	-0.0020755122	0.020661744	0.032924943	0.054864813	0.066252623	0.080796866	0.086647303	0.089751262
53	0	PEP COMP avg cat, len 3
15	-1e+09	0.2	0.40000001	0.60000002	0.80000001	1.2	1.6	1.8	2.2	2.4000001	2.8	3	3.4000001	3.5999999	3.8
16	-0.0084864097	-0.088839492	-0.038259809	-0.024206347	-0.00063567083	-0.012383526	-0.0041131594	-0.031749577	-0.0040070111	0.018851302	0.058478059	0.061772549	0.066094293	0.078039712	0.091186946	0.092865412
54	0	PEP COMP before cat score 1
9	-1e+09	8	10	12	14	15	17	18	19
10	0.050160032	0.017073463	-0.047399691	-0.077978342	0.091515351	0.094830862	-0.104821	0.029829123	0.058882866	0.076256542
55	0	PEP COMP after cat score 1
13	-1e+09	2	4	7	8	9	12	13	14	15	16	17	19
14	-0.12679811	-0.12679811	-0.0085822298	-0.042138802	-0.0036122919	0.015702835	-0.029322319	-0.041003555	-0.046082018	-0.089817858	-0.0048626469	0.05878647	-0.056415386	-0.12679811
56	0	PEP COMP span cat score 1
10	-1e+09	1	4	6	11	14	15	16	17	18
11	-0.024399101	-0.024399101	0.03368354	0.0047720016	0.032636566	-0.0045514402	0.015317162	0.044603167	0.050101917	-0.034877819	-0.024399101
57	0	PEP COMP before cat score 2
12	-1e+09	5	8	9	10	12	13	14	15	16	17	18
13	0.058395755	0.058395755	0.0475385	0.017672411	-0.015986276	-0.035747402	-0.067071834	0.032068141	-0.023046528	0.011985678	0.031542533	0.03305583	0.058395755
58	0	PEP COMP after cat score 2
11	-1e+09	2	5	9	10	11	12	13	15	17	19
12	-0.062235979	-0.039823073	-0.031743934	0.070687589	0.047188394	0.055419322	0.066865295	-0.04141561	0.046263177	0.075700973	0.004303915	-0.072191774
59	0	PEP COMP span cat score 2
12	-1e+09	2	5	6	8	9	11	13	14	16	17	19
13	0.025907283	0.027508487	-0.0063157506	0.014008714	0.043087737	0.034311105	0.029878953	-0.025771949	0.026467663	0.041945654	-0.046571144	0.0031626117	0.024394252
60	0	PEP COMP before cat score 3
10	-1e+09	8	10	12	14	15	16	17	18	19
11	0.0049401787	0.042137744	-0.061310235	-0.051073109	-0.13656233	-0.20391304	0.017356071	0.060108406	-0.090172452	-0.00042584163	-0.022600446
61	0	PEP COMP after cat score 3
11	-1e+09	3	5	7	8	10	12	13	15	17	19
12	-0.0011266466	0.0120592	0.10625817	0.16550182	0.17861641	0.15237759	0.040457877	-0.20722507	0.027197826	0.048150745	0.056998928	-0.010831653
62	0	PEP COMP span cat score 3
7	-1e+09	2	6	10	13	16	19
8	-0.0084366857	0.018423017	-0.0064435929	0.015376389	-0.004871099	-0.01276153	-0.047608562	-0.034261028
66	0	PEP COMP #aa A
2	-1e+09	1
3	-0.02094359	-0.02094359	0
68	0	PEP COMP #aa N
1	-1e+09
2	0	-0.12035995
69	0	PEP COMP #aa D
1	-1e+09
2	0	-0.044266525
70	0	PEP COMP #aa C
1	-1e+09
2	0	0.024644736
71	0	PEP COMP #aa Q
2	-1e+09	1
3	-0.10852056	-0.48914627	-0.76590703
72	0	PEP COMP #aa E
2	-1e+09	1
3	-0.023720908	-0.1201977	-0.096476795
73	0	PEP COMP #aa G
2	-1e+09	1
3	0.0082597213	0.068626423	0.083793084
75	0	PEP COMP #aa L
2	-1e+09	1
3	-0.012082056	-0.012082056	0
76	0	PEP COMP #aa K
2	-1e+09	1
3	0.088584243	0.088584243	0
77	0	PEP COMP #aa M
1	-1e+09
2	0	0.22364088
78	0	PEP COMP #aa F
2	-1e+09	1
3	-0.0046874442	-0.20407769	-0.21331233
79	0	PEP COMP #aa P
2	-1e+09	1
3	0.18820965	0.40433376	0.77077971
80	0	PEP COMP #aa S
2	-1e+09	1
3	-0.015671431	-0.015671431	0
81	0	PEP COMP #aa T
1	-1e+09
2	0	-0.0048530484
82	0	PEP COMP #aa W
1	-1e+09
2	0	-0.052535573
83	0	PEP COMP #aa Y
1	-1e+09
2	0	0.04776291
84	0	PEP COMP #aa V
2	-1e+09	1
3	-0.0090837856	-0.0090837856	0
102	0	PRM -N/C delta mass
19	-1e+09	-0.85493469	-0.64877319	-0.17718506	-0.11081696	-0.049926758	-0.040428162	-0.015945435	0.012870789	0.048210144	0.055419922	0.11907959	0.15019989	0.17173767	0.20565796	0.26924133	0.44667053	0.74555206	0.90957642
20	-1.5097675	-1.6338084	-1.4607874	-0.23998689	-0.060325155	0.031746989	0.10540909	0.18688641	0.31562172	0.37058021	0.34529257	0.3150804	0.30318714	0.30118847	0.26749028	0.090010954	0.0081195919	-0.48279703	-0.86338134	-1.4239751
104	0	PRM -N/C average breakage score
7	-1e+09	-10.56161	-1.4331934	-0.18545783	0.40505767	5.5121813	5.8590937
8	0	0	-0.11072867	-0.10260064	-0.055066191	-0.041975048	-0.0081766688	0
105	0	PRM -N/C normalized average breakage score
3	-1e+09	-1.0650324	1.3261843
4	-0.010046452	-0.010046452	0	-0.010046452
106	0	PRM -N/C path score
6	-1e+09	43.889782	44.770363	49.150799	51.932796	75.071228
7	0	0	-0.0015225241	-0.0074317255	-0.0091525814	-0.014056587	0
107	0	PRM -N/C average path score
6	-1e+09	7.4617271	8.1918001	8.6554661	12.511871	14.080279
7	0	0	-0.011613573	-0.018597663	-0.062437416	-0.0015540549	0
108	0	PRM -N/-C delta mass
24	-1e+09	-0.85079956	-0.42693329	-0.3392868	-0.2848053	-0.26331329	-0.24472809	-0.21369171	-0.17632294	-0.13519287	-0.097885132	-0.060554504	-0.030921936	-0.020339966	0.0019454956	0.026290894	0.055725098	0.07207489	0.090950012	0.11146545	0.16172028	0.23274231	0.34668732	0.59172058
25	-0.82473029	-0.88473716	-0.27864738	-0.26667358	-0.2053661	-0.1502611	-0.15742053	-0.11282961	-0.04705701	0.01218373	0.017739507	0.032611477	0.014160043	-0.0034179187	-0.027832604	-0.088786888	-0.12464988	-0.19042248	-0.16137853	-0.20596945	-0.23452578	-0.26619002	-0.33124548	-0.37840537	-0.71318013
109	0	PRM -N/-C total breakage score
9	-1e+09	6.1076698	10.168821	26.012913	31.387848	34.023533	36.603828	56.380013	67.145859
10	-0.041944531	-0.041944531	-0.018845581	-0.021381448	-0.032854699	-0.030732892	-0.017754838	-0.041944531	-0.038198812	-0.041944531
110	0	PRM -N/-C average breakage score
10	-1e+09	-0.21743961	2.4447467	5.5842423	5.8273129	7.2645092	7.5174675	8.01581	8.5520725	12.81194
11	-0.033162967	-0.033162967	-0.044400766	-0.085203434	-0.079913642	-0.048269919	-0.011693398	-0.0031038441	0	-0.0015405641	-0.033162967
111	0	PRM -N/-C normalized average breakage score
10	-1e+09	1.0179449	1.6948036	4.3354855	5.231308	5.670589	6.1006379	9.3966684	9.7563581	11.190976
11	-0.094695741	-0.094695741	-0.037445362	-0.072354522	-0.080216323	-0.056582556	-0.050309309	-0.11994784	-0.10168291	-0.087157393	-0.094695741
112	0	PRM -N/-C path score
8	-1e+09	23.617266	33.082542	42.541092	50.936089	58.515915	64.941711	87.706177
9	0	0	-0.0067321993	-0.086604247	-0.096650853	-0.086351076	-0.079856959	-0.076148113	0
113	0	PRM -N/-C average path score
8	-1e+09	3.9362109	5.5137572	5.9816775	7.0901818	8.4893484	9.7526522	10.823619
9	-0.0092476153	-0.0092476153	-0.0201647	-0.039369183	-0.030121567	-0.039369183	-0.033547629	-0.024412984	-0.0092476153
114	0	PRM path score
12	-1e+09	-6.0643954	0.57146633	6.1751828	9.5762444	17.261967	21.608051	30.149557	35.990868	40.688835	63.11515	67.850441
13	-0.022988353	-0.022988353	-0.017597956	-0.0060391836	0.00070820645	-0.016627618	0.015276838	0.022909933	0.027884966	-0.0089285489	-0.010486006	-0.014716952	-0.022988353
115	0	PRM total breakage score
24	-1e+09	22.699766	26.088449	28.486073	30.380306	31.977863	36.01862	38.322632	39.415375	40.414642	42.356571	45.21067	47.052231	51.565773	62.527691	64.901497	67.45372	68.850174	70.307175	73.663757	77.606506	80.040009	82.979103	86.723572
25	0.37992503	0.37992503	0.05447008	0.046486285	-0.081100353	-0.15028457	-0.19983503	-0.18827619	-0.26556315	-0.29016468	-0.32763391	-0.37675603	-0.47835662	-0.42146468	-0.43151273	-0.42223392	-0.40090739	-0.36833121	-0.30517636	-0.24643587	-0.1595709	-0.11296943	-0.019087785	0.15534546	0.37992503
116	0	PRM SeqPath rank
13	-1e+09	0	1	2	3	4	5	8	9	14	22	49	69
14	0.16587222	0.15356327	-0.15410933	-0.19285234	-0.13499127	-0.070160874	-0.017577288	-0.0050605348	0.055208416	0.080193684	0.13104543	0.13264648	0.15247801	0.10914488
117	0	PRM multipath score
12	-1e+09	33.301285	45.517838	51.353329	53.243244	54.180977	60.057991	63.269642	64.373978	66.714523	75.258934	88.093086
13	0.051609606	0.054786417	0.028569081	0.018540948	0.023463314	0.021903646	0.01103977	0.01855115	0.038961514	0.00031703462	-0.034793969	-0.027115317	0.046867959
118	0	PRM delta score
20	-1e+09	0	0.75850677	2.8141022	4.1474991	4.7893219	6.0503311	8.5542984	11.086628	12.330482	12.959923	14.240433	14.897907	16.233189	18.331291	20.525772	22.136597	24.808155	26.857994	30.589645
21	-0.14171566	0.48412233	0.5353926	0.61134939	0.58305795	0.57484217	0.54937477	0.35275788	0.31340693	0.19434895	0.1804822	0.14853309	0.057851798	0.074594611	0.045110263	-0.0055608465	-0.044633356	-0.10984909	-0.31117905	-0.35510586	-0.43537156
119	0	PRM rank, delta score<=1.5
2	-1e+09	1
3	0	0.16601263	0
120	0	PRM rank, 1.5<delta score<=7.5
4	-1e+09	1	2	6
5	0.041114377	0.041114377	-0.016671775	-0.00098052311	0.041114377
121	0	PRM rank, 7.5<delta score<=15
8	-1e+09	1	6	9	15	21	23	27
9	0.04096563	0.04096563	0.015735245	-0.0017170868	0.010105932	0.013564855	0.015186476	0.029651205	0.04096563
122	0	PRM rank, delta score>15
9	-1e+09	5	11	15	19	36	50	64	72
10	-0.039073315	-0.039073315	-0.02614324	-0.022713934	-0.004197748	-0.022501247	-0.051223705	-0.047025957	-0.034875567	-0.039073315
123	0	PRM tag, percent in top 5 denovo
2	-1e+09	0.40000001
3	-0.0085249425	-0.023459137	0.0016993536
124	0	PRM tag, percent in top 20 denovo
8	-1e+09	0.1	0.15000001	0.2	0.25	0.60000002	0.75	0.80000001
9	0.079535878	0.075590931	0.053715251	0.029396088	-0.0063693351	0.015311575	0.046511699	0.067045974	0.083052872
125	0	PRM tag, percent in all denovo
15	-1e+09	0.02	0.039999999	0.059999999	0.079999998	0.1	0.12	0.16	0.22	0.23999999	0.30000001	0.40000001	0.46000001	0.54000002	0.60000002
16	0.17211035	0.078840087	0.12174061	0.21748385	0.24644265	0.29004417	0.29328795	0.23955548	0.33815218	0.35529426	0.38753005	0.43676755	0.46543834	0.46384281	0.469723	0.47131854
126	0	PRM tag, rank if in top 5
8	-1e+09	0	1	2	3	6	8	29
9	0.31792358	0.31792358	0.29401886	0.30763241	0.081727645	0.18472874	0.23452378	0.21177487	0.31792358
127	0	PRM tag, rank if in top 5-20
6	-1e+09	1	2	11	26	56
7	0.055557524	0.055557524	0.037204933	0.023763536	0.025308751	0.0015452146	0.055557524
128	0	PRM tag, rank if in top 20-all
13	-1e+09	0	1	3	4	6	9	15	18	23	27	30	38
14	-0.043249615	-0.12027017	-0.16661249	-0.22870055	-0.19463818	-0.11858707	-0.14430701	-0.15165413	-0.12803028	-0.053481893	-0.018182222	-0.011170204	0.013536361	0.087174364
130	0	PRM delta num breakage scores (missing)
3	-1e+09	0	1
4	-0.0343702	-0.0343702	0.033500372	-0.0343702
133	0	PRM breakage score min 1
12	-1e+09	-28.391455	-23.563839	-17.437542	-11.776232	-7.7810407	-6.3154588	-5.8470621	-4.4960618	-1.0243539	-0.45758313	2.1375539
13	0.018908456	-0.085227205	-0.030165676	-0.046746877	-0.023281273	-0.010950679	-0.0040292279	0.0084661056	0.031327245	0.035005413	0.061198198	0.065980099	0.12628731
134	0	PRM breakage score min 2
16	-1e+09	-18.402468	-9.3015375	-7.619791	-5.7109632	-4.2475924	-3.8135908	-3.4024034	-2.1766815	-1.7868093	2.3586626	3.8409715	5.0399952	5.467525	6.3678136	9.6135244
17	0.043914754	0.010829479	-0.017578723	-0.045296939	-0.048608128	0.011772955	-0.026362463	-0.04442641	-0.030282236	-0.015747473	-0.026970387	-0.017469482	0.047289842	0.066311783	0.08768194	0.090883326	0.073178036
135	0	PRM breakage score min 3
13	-1e+09	-2.5625372	-1.8516874	0.60177088	1.3744243	3.0709496	3.7157435	5.2522869	6.410058	6.9905529	7.9099116	8.5682554	13.188847
14	0.04309567	0.04309567	0.03189324	0.041503844	0.0079204592	0.02607489	0.033027102	0.089180386	0.072775823	0.087399405	0.10928625	0.092893346	0.088107739	0.04309567
136	0	PRM breakage score min consecutive 3
15	-1e+09	-34.629971	-20.901926	-16.858545	-9.233901	-5.5151048	-4.3830042	-2.1854944	-0.065157652	4.7903194	6.686368	9.5224047	18.677879	21.073994	29.569414
16	0.023820322	0.1776807	0.15747961	0.13171076	0.01626645	0.0057018347	-0.029200116	-0.03255378	-0.042849679	-0.085849516	-0.091847508	-0.15389548	-0.16510963	-0.16826731	-0.1882865	-0.18068223
137	0	PRM breakage score max consecutive 3
12	-1e+09	-16.498659	-4.4480104	9.5355158	12.416647	14.925692	19.235544	23.893841	24.722652	28.923807	34.733131	40.271587
13	-0.030993875	0.11387904	0.12810075	0.11189678	0.094019021	0.10753306	0.14248718	0.079541683	0.052865316	-0.0011695257	-0.0042892456	-0.038241936	-0.18049283
138	0	PRM breakage score min consecutive 2
12	-1e+09	-39.481586	-27.517756	-23.449718	-16.374298	-13.15447	-10.329839	-0.23866224	4.8917103	6.5570931	7.4019442	11.380543
13	-0.058266378	-0.050222687	-0.035496253	0.0015785795	-0.0048276383	0.0030727449	0.048889323	0.026479486	0.016013105	-0.027877685	-0.035244422	-0.056502314	-0.063123374
139	0	PRM breakage score max consecutive 2
11	-1e+09	-3.8590217	0.67997831	7.2007322	9.8373508	18.69454	22.738674	24.330044	25.924805	29.264217	32.526142
12	-0.026520039	-0.026520039	-0.0042931406	0.070605369	0.046149179	0.043059563	0.0067360604	-0.020304612	-0.012315176	-0.053220258	-0.029655526	-0.026520039
141	0	PRM #breakage scores 0 - -10
2	-1e+09	1
3	0.0031300203	0.0031300203	-0.0017474874
142	0	PRM #breakage scores 0 - 8
5	-1e+09	0	1	2	3
6	-0.051807899	-0.055105638	0.0082005856	0.017086271	0.023863867	-0.028691485
143	0	PRM #breakage scores 8 - 15
4	-1e+09	0	1	3
5	-0.012879728	-0.012879728	0.0069229185	0.0016518631	-0.012879728
144	0	PRM #breakage scores above 15
3	-1e+09	0	1
4	-0.0089274931	-0.0089274931	0.010240213	-0.0089274931
145	0	PRM %breakage scores below -10
5	-1e+09	0	0.16666667	0.25	0.40000001
6	0.00056776576	0.00056776576	-0.028627839	0.0077528699	0.010840386	0.00056776576
146	0	PRM %breakage scores below 0
5	-1e+09	0	0.2	0.25	0.75
6	0.013185074	0.013185074	-0.018670133	-0.028226381	-0.033294538	0.011162952
148	0	PRM %breakage scores above 8
5	-1e+09	0.33333334	0.40000001	0.5	0.66666669
6	0.025501302	0.025501302	0.018443567	-0.0049799557	-0.0099280153	0.025501302
150	0	PRM Score connected to C-terminal
5	-1e+09	3.0861049	3.8765786	7.0778899	8.4541216
6	-0.12011913	-0.14619414	-0.11400173	-0.018651452	0	-0.078850782
151	0	PRM %breakages with 1 frag detected
4	-1e+09	0	0.16666667	0.2
5	0.013947646	0.010783554	-0.039140173	-0.0059506824	-0.034447597
152	0	PRM %breakages with 2 frag detected
6	-1e+09	0	0.16666667	0.2	0.33333334	0.5
7	-0.0030095754	-0.037737477	-0.0066343072	0.0019591118	0.010482551	0.050529364	0.032144707
153	0	PRM %breakages with > 5 frags detected
6	-1e+09	0	0.16666667	0.2	0.33333334	0.40000001
7	0.064302099	0.19390169	0.10416707	0.087706813	-0.042437208	-0.060852474	-0.17380559
154	0	PRM %breakages with dual orientation frags
5	-1e+09	0.2	0.40000001	0.66666669	0.83333337
6	0.033625849	-0.12123659	0.037028911	0.12271513	0.16808867	0.25876719
155	0	PRM #orientation switches
3	-1e+09	0	1
4	0.077462344	0.10513258	0.027095696	-0.085489269
157	0	COMP PPP frag 1 obs_ratio
4	-1e+09	0.16666667	0.33333334	0.66666669
5	0.065652983	0.11610761	0.071064658	-0.10599194	-0.070363712
158	0	COMP PPP frag 2 obs_ratio
7	-1e+09	0	0.16666667	0.33333334	0.5	0.66666669	0.75
8	0.074502343	0.074502343	0.05241391	-0.05383594	-0.12360721	-0.099226546	-0.044282086	0.074502343
159	0	COMP PPP frag 3 obs_ratio
7	-1e+09	0	0.16666667	0.33333334	0.40000001	0.5	0.66666669
8	0.014659996	-0.031494105	-0.055627751	-0.088456534	-0.074531263	-0.064091654	-0.029058831	0.093930487
161	0	COMP PPP MOBILE sum ranks of missed 1-5
14	-1e+09	26	28	37	39	40	43	44	48	53	54	63	65	69
15	-0.019616288	-0.19602519	-0.1109441	-0.090611983	-0.060965923	-0.05698963	-0.039644939	-0.052020517	0.015954656	0.056380814	0.068351794	0.10602328	0.13941705	0.14798037	0.20656809
162	0	COMP PPP PARTMOBILE sum ranks of missed 1-5
5	-1e+09	18	20	48	53
6	-0.089608328	-0.089608328	-0.038902841	0.0054721274	-0.0097783234	-0.089608328
164	0	COMP PPP sum ranks of missed 1-5
8	-1e+09	17	26	41	44	51	59	73
9	-0.024215829	-0.057531963	-0.025077351	0.061471887	0.06308627	0.035047373	0.019750349	0.013106431	-0.00048197035
165	0	COMP PPP MOBILE sum ranks of missed 6-10
9	-1e+09	50	65	75	76	79	83	105	110
10	-0.0049165447	-0.0049165447	-0.11090712	-0.10784077	-0.058447179	-0.047668727	0.0066615259	-0.015551157	-0.01019804	-0.0049165447
166	0	COMP PPP PARTMOBILE sum ranks of missed 6-10
5	-1e+09	80	95	105	110
6	-0.046796196	-0.046796196	-0.014601224	0	-0.0021284865	-0.046796196
168	0	COMP PPP sum ranks of missed 6-10
6	-1e+09	40	55	74	80	95
7	0.0040380684	0.0040380684	0.014199724	0.0052470434	-0.01885288	-0.0014476817	0.0040380684
169	0	COMP PPP MOBILE sum ranks of missed 11-15
12	-1e+09	80	85	94	95	99	110	115	120	125	130	135
13	0.028573845	0.028573845	-0.029455774	-0.1111595	-0.19687234	-0.20344893	-0.20722912	-0.16102456	-0.13891555	-0.11157797	-0.10153101	-0.03802891	0.028573845
170	0	COMP PPP PARTMOBILE sum ranks of missed 11-15
3	-1e+09	105	130
4	-0.021776692	-0.021776692	0	-0.021776692
172	0	COMP PPP sum ranks of missed 11-15
5	-1e+09	65	80	110	120
6	0.0082667389	0.0082667389	0.021947697	-0.023790324	-0.0018754479	0.0082667389
173	0	COMB PPP observed rank of predicted rank 1
7	-1e+09	1	2	3	4	5	8
8	-0.14460945	0.062025605	0.025130118	-0.058678146	-0.155083	-0.17877726	-0.2375186	-0.30111903
174	0	COMB PPP observed rank of predicted rank 2
8	-1e+09	0	2	3	4	5	7	9
9	-0.09774079	0.042619293	0.079798394	0.035442116	-0.0037884128	-0.030543853	-0.047872668	-0.12022197	-0.13036184
175	0	COMB PPP observed rank of predicted rank 3
9	-1e+09	0	1	3	5	6	7	9	13
10	0.00078278863	0.00078278863	0.038391041	0.086545906	0.075704702	0.03809645	0.029058319	-0.09983499	-0.14107846	0.00078278863
176	0	COMB PPP observed rank of predicted rank 4
8	-1e+09	0	1	4	5	6	7	8
9	-0.064144377	-0.064144377	-0.025753453	0.05393301	0.034201632	0.029211662	0.00073033742	-0.042563123	-0.064144377
177	0	COMB PPP observed rank of predicted rank 5
6	-1e+09	0	1	7	8	11
7	-0.075679116	-0.04212761	-0.023336108	0.042588147	0.0031704172	-0.074418708	-0.083455257
178	0	COMB PPP observed rank of predicted rank 6
7	-1e+09	0	2	4	8	9	11
8	-0.05090141	-0.024969903	-0.0041478105	0.029258188	0.03224782	0.021820838	-0.017495412	-0.05090141
179	0	COMB PPP observed rank of predicted rank 7
7	-1e+09	0	1	2	3	10	12
8	-0.0036569647	5.9906098e-06	-0.0098546255	-0.0013834718	0.005373607	0.0069347649	0.0032718096	-0.005199344
180	0	COMB PPP predicted rank of observed rank 1
4	-1e+09	2	3	6
5	-0.015616469	-0.015616469	-0.012171236	0.011801717	-0.015616469
181	0	COMB PPP predicted rank of observed rank 2
4	-1e+09	0	5	7
5	-0.0035188716	-0.0035188716	0.027429447	-0.005025234	-0.0035188716
182	0	COMB PPP predicted rank of observed rank 3
4	-1e+09	1	7	9
5	0.0092687853	0.012681851	0.03084617	-0.018315874	0.0044426975
183	0	COMB PPP predicted rank of observed rank 4
8	-1e+09	2	3	4	6	8	14	18
9	0.075238455	0.086683127	0.083967728	0.064001846	0.015185931	-0.024039701	-0.046166165	0.034722422	0.057567993
184	0	COMB PPP predicted rank of observed rank 5
8	-1e+09	0	1	3	7	9	11	17
9	0.016530127	0.035923313	0.048687428	0.043799263	0.024879039	-0.0056033604	-0.027413359	-0.034651854	0.011737299
185	0	COMB PPP predicted rank of observed rank 6
8	-1e+09	5	6	7	9	10	11	15
9	0.020578571	0.045596269	0.0304136	0.0069699167	-0.017329676	-0.010956738	-0.022714661	-0.056056801	-0.014997545
186	0	COMB PPP predicted rank of observed rank 7
4	-1e+09	6	11	16
5	-0.0075415598	-0.0075415598	-0.0031447548	0.0056336057	-0.0075415598
187	0	COMB PPP rank of missed #1
12	-1e+09	0	1	2	3	4	5	6	7	8	10	12
13	-0.22070647	-0.39285224	-0.34678984	-0.26152709	-0.096044286	0.025647007	0.084511942	0.073191605	0.084197167	0.14152819	0.17205106	0.21201471	0.27961527
188	0	COMB PPP rank of missed #3
7	-1e+09	4	5	7	9	11	13
8	0.02479615	-0.041055773	-0.037561722	-0.10180238	-0.054820591	-0.0028906427	0.0092806144	0.02479615
189	0	COMB PPP rank of missed #5
3	-1e+09	10	18
4	-0.0096922358	-0.0096922358	0.014692493	-0.00662112
190	0	COMB PPP rank of missed #7
3	-1e+09	9	11
4	0.011642123	0.011642123	-0.003591121	0.011642123
193	0	COMB PPP rank of missed #13
6	-1e+09	13	14	17	22	24
7	-0.01847426	-0.01847426	0.011162861	0.018067403	-0.022822942	-0.020726751	-0.01847426
196	0	COMB PPP delta score #1
15	-1e+09	0.028852463	0.23074079	0.29483891	0.35833406	0.48460925	0.54758775	0.87732148	1.0917172	1.2475097	1.5123014	1.84791	2.1413198	2.5606375	2.8881862
16	-0.12158041	0.074511282	0.077991651	0.086827124	0.085286739	0.081993511	0.02052044	-0.0048336129	-0.016232904	-0.045090506	-0.048248588	-0.066107084	-0.12002719	-0.21750205	-0.28280791	-0.37550984
197	0	COMB PPP delta score #2
15	-1e+09	-1.1768579	-0.87445664	-0.52796054	-0.27381098	-0.069250107	0.11364293	0.35168242	0.66428554	0.85800481	0.98609304	1.335146	1.4170734	1.5074354	2.4221435
16	-0.15048969	-0.026997603	-0.0070567338	0.027116401	0.016950273	-0.063174601	-0.014254544	0.015234613	-0.039996993	-0.043463805	-0.10174421	-0.13810609	-0.21214824	-0.21372504	-0.23118507	-0.25876504
198	0	COMB PPP delta score #3
18	-1e+09	-1.4081295	-1.1113545	-0.91676378	-0.52516842	-0.33372235	-0.095002174	0.13704312	0.19329309	0.24876046	0.36351728	0.42248535	0.48131585	0.65799654	0.83680582	0.95701295	1.2170285	1.6602442
19	-0.025356679	0.0089489437	0.10706359	0.085959244	0.05231117	0.043261661	0.073203413	0.082890231	0.069878005	0.018139099	-0.02800936	-0.017986774	0.010153134	0.018920063	-0.06170636	-0.065756131	-0.070341378	-0.071988532	-0.073524677
199	0	COMB PPP delta score #4
16	-1e+09	-1.490922	-0.87180436	-0.74637598	-0.52783585	-0.43780831	-0.13816369	-0.011903286	0	0.28113008	0.44447601	0.49880946	0.87687004	0.99298346	1.3440609	1.7853169
17	0.042232443	0.069537362	0.10212863	0.1148435	0.13029559	0.12716944	0.11044588	0.099291651	0.10426025	0.11644069	0.12728288	0.093157036	0.080442163	0.064990079	0.049645655	-0.0036980274	0.01559681
200	0	COMB PPP delta score #5
15	-1e+09	-1.615765	-1.3171557	-0.72413921	-0.44903588	-0.2236979	0.029620171	0.29207313	0.65186715	0.80731297	0.97173572	1.1657888	1.4114678	1.6445147	1.8124332
16	-0.11832248	-0.11832248	-0.032985406	-0.024315094	-0.0069764859	-0.062854091	-0.043507781	-0.042006113	-0.070211145	-0.10846561	-0.10354723	-0.13867411	-0.076506852	-0.13691016	-0.12454766	-0.11832248
201	0	COMB PPP delta score #6
19	-1e+09	-1.6904871	-1.1566869	-0.99565625	-0.86442578	-0.39156282	-0.064436078	-0.00718683	0.076982602	0.12634742	0.27446166	0.37365633	0.61654896	0.66429752	0.76335943	1.0414736	1.1778513	1.4375932	1.7059782
20	0.010949412	0.010949412	0.054738469	0.085025625	0.12072151	0.085815759	0.089225277	0.099839831	0.11966676	0.11206968	0.093803224	0.092262197	0.083378093	0.047682206	0.026613905	0.023299238	0.0019288261	0.052715674	0.017521591	0.010949412
202	0	COMB PPP delta score #7
13	-1e+09	-1.3794929	-1.1690147	-0.66857493	-0.087208033	0.022059083	0.11509275	0.43377307	0.47920334	0.52344334	0.56918204	0.61400616	1.0970745
14	-0.078797456	-0.078797456	0.026140152	0.053509457	0.061448287	0.030194981	0.03359861	0.006170212	-0.006496803	-0.010316554	-0.026009921	-0.063657697	-0.072922416	-0.078797456
203	0	COMB PPP dot prod pred-obs top 15
16	-1e+09	0	0.12684689	0.36059958	0.4461661	0.48686272	0.50429696	0.51818305	0.53399593	0.64994395	0.67165071	0.68419164	0.70331013	0.72243327	0.81007004	0.88613373
17	-0.035903468	-0.042059709	-0.045158474	-0.081944813	-0.032717108	-0.01437548	-0.012832108	0.03264737	0.037294817	0.044127582	0.029361883	-0.016906004	-0.018544261	-0.017047057	-0.018806304	-0.02203612	-0.034359596
204	0	COMB PPP dot prod obs-pred top 15
12	-1e+09	0	0.24781998	0.26906916	0.54779887	0.56496757	0.59026492	0.63478142	0.72169346	0.73805636	0.7475583	0.7981202
13	0.056363728	0.056363728	-0.062244293	-0.056966622	-0.050006403	-0.040908569	-0.0047437304	-0.041432731	0.015694626	0.040115418	0.055138372	0.057916128	0.056363728
205	0	COMB PPP dot prod pred-obs top 30
11	-1e+09	0.08266598	0.14783508	0.29638743	0.36224616	0.38216546	0.39260378	0.40369323	0.41301054	0.44705892	0.6234234
12	0.048583835	0.048583835	0.034836055	-0.034886467	-0.031292129	-0.024737094	0.005878679	0.0096955999	0.021085604	0.025693857	0.063460833	0.048583835
206	0	COMB PPP dot prod obs-pred top 30
9	-1e+09	0.16078907	0.17457582	0.27044141	0.35547191	0.38312984	0.39441851	0.45192689	0.61671048
10	-0.035179898	-0.035179898	-0.00025515375	0.0055664938	0.013409364	0.017277558	0.00056084026	-0.021600448	-0.03084549	-0.035179898
207	0	COMB PPP dot prod pred-obs top 45
9	-1e+09	0.11681583	0.23419842	0.28623846	0.30197823	0.31022635	0.31898898	0.35325551	0.49261463
10	0.0068384628	0.0068384628	-0.01635159	-0.011045491	-0.0090677845	-0.0071915059	-0.0053431339	0.016204034	0.017821783	0.0068384628
208	0	COMB PPP dot prod obs-pred top 45
11	-1e+09	0.12705177	0.13794574	0.21369649	0.28088561	0.2896983	0.30274025	0.31166032	0.32555708	0.35710207	0.48731023
12	-0.034081878	-0.034081878	-0.0025086087	0.0010077045	0.03081708	0.04451977	0.0469409	0.028115841	0.018797963	0.021749294	0.0032244697	-0.034081878
