1 1 -999999999 -1 -1
1 1 0 -1 -1
0.1477 0.4927
356
2.73057877e-001
2.73057877e-001
0.00000000e+000
2.73057877e-001
9.01083538e-003
-3.46069064e-001
3.76424321e-001
6.51051141e-002
2.32736602e-001
-3.59284258e-002
1.74858815e-001
-1.30597092e-001
7.44063167e-002
0.00000000e+000
0.00000000e+000
2.73057877e-001
0.00000000e+000
0.00000000e+000
0.00000000e+000
0.00000000e+000
0.00000000e+000
0.00000000e+000
0.00000000e+000
0.00000000e+000
0.00000000e+000
0.00000000e+000
0.00000000e+000
0.00000000e+000
0.00000000e+000
0.00000000e+000
0.00000000e+000
0.00000000e+000
0.00000000e+000
0.00000000e+000
0.00000000e+000
0.00000000e+000
0.00000000e+000
0.00000000e+000
0.00000000e+000
0.00000000e+000
0.00000000e+000
0.00000000e+000
0.00000000e+000
0.00000000e+000
0.00000000e+000
0.00000000e+000
0.00000000e+000
0.00000000e+000
0.00000000e+000
0.00000000e+000
0.00000000e+000
-1.30266355e-001
-1.96754066e-001
9.01083538e-003
0.00000000e+000
0.00000000e+000
0.00000000e+000
0.00000000e+000
-4.64259180e-001
1.08484253e+000
5.79385016e-001
2.15068830e-001
6.98214370e-001
-3.76719965e-001
3.51576085e-001
-1.06996394e+000
-8.91858413e-001
-5.71855493e-001
-6.06387145e-001
6.89335246e-003
-1.91829439e-001
1.84714756e-001
-1.34657149e-004
-3.47357204e-001
6.94730267e-001
2.95096723e-003
-7.16333033e-001
0.00000000e+000
0.00000000e+000
0.00000000e+000
0.00000000e+000
1.67999887e-001
1.09888308e-001
0.00000000e+000
0.00000000e+000
0.00000000e+000
0.00000000e+000
0.00000000e+000
0.00000000e+000
0.00000000e+000
-1.74152218e-001
-2.72943284e-001
-8.43423886e-001
-4.80445655e-001
-3.29089442e-001
-3.28956639e-001
-1.40550248e-002
-1.10417074e-002
-1.50410641e-001
-7.40470479e-002
0.00000000e+000
0.00000000e+000
0.00000000e+000
0.00000000e+000
2.91839759e+000
1.54852069e+000
1.64028578e+000
1.21530819e+000
2.81355472e-001
2.72164648e-002
-5.87040984e-001
-1.42767098e+000
4.89125205e-001
2.03091601e-001
2.14503006e-002
-8.16018252e-001
-1.36005085e+000
-2.33239166e+000
0.00000000e+000
0.00000000e+000
0.00000000e+000
0.00000000e+000
0.00000000e+000
0.00000000e+000
1.07779208e+000
-1.02823710e-001
-1.32211833e-002
-2.14712916e-001
-6.06166319e-001
-1.41633077e+000
4.45026004e+000
4.50762758e+000
4.46882998e+000
4.48440198e+000
4.63137858e+000
4.51622390e+000
-1.01468545e+000
-1.17540836e+000
-9.00798798e-001
-8.11151062e-001
-8.22081167e-001
-1.50560109e+000
-1.90872545e-001
-1.72439313e-001
-3.01217810e-001
-2.42844421e-001
-2.86445279e-001
-4.38413246e-001
1.14945394e+000
0.00000000e+000
0.00000000e+000
0.00000000e+000
0.00000000e+000
0.00000000e+000
0.00000000e+000
0.00000000e+000
-8.76396065e-001
3.36609954e-001
-1.72491913e+000
0.00000000e+000
-7.90184581e-001
-5.98046495e-001
-1.30236003e-001
-6.77416320e-001
-9.20420585e-001
0.00000000e+000
0.00000000e+000
0.00000000e+000
-4.61575916e-001
-4.87942352e-001
-1.83619413e-001
2.43631804e-001
-5.44068758e-002
6.37413660e-001
2.38354812e-001
-3.98297216e-001
2.91105719e-001
0.00000000e+000
-2.63452269e-002
2.84923623e-001
-5.27883765e-001
2.41545375e-001
-4.60900961e-001
-1.84139134e-001
-6.99804040e-002
-3.39290943e-002
1.53582246e-001
-1.21957466e-001
4.30542729e-001
0.00000000e+000
0.00000000e+000
0.00000000e+000
3.16709652e-002
0.00000000e+000
1.15120608e-001
-2.64462063e-001
0.00000000e+000
-4.95680444e-002
7.37871217e-002
-2.16081622e-002
-2.78284841e-001
0.00000000e+000
2.77801886e-001
-8.08515997e-002
6.48049235e-002
4.19650661e-001
-2.36643603e-001
1.36934829e-001
6.62427451e-002
0.00000000e+000
0.00000000e+000
2.57991360e-001
-4.49612006e-001
-2.13947653e-001
-2.27658937e-001
1.37112848e-002
0.00000000e+000
1.58869878e-001
5.73125163e-002
-4.30130047e-001
-6.23358704e-001
0.00000000e+000
0.00000000e+000
0.00000000e+000
1.47155579e-001
0.00000000e+000
-1.56125481e-001
9.52150836e-001
0.00000000e+000
1.94092863e-001
2.52890609e-001
-3.57244117e-001
6.71132585e-001
0.00000000e+000
-5.54410677e-002
-3.04839774e-001
-4.06188082e-002
-6.37264696e-003
-7.48814690e-001
-7.64691905e-001
-4.59536018e-001
0.00000000e+000
0.00000000e+000
1.23757032e-001
-2.35664353e-001
-3.92632373e-001
1.56968020e-001
0.00000000e+000
-4.70808579e-001
-5.76236929e-001
-5.76236929e-001
0.00000000e+000
0.00000000e+000
0.00000000e+000
0.00000000e+000
0.00000000e+000
1.05428350e-001
1.05428350e-001
0.00000000e+000
0.00000000e+000
-1.27546282e+000
0.00000000e+000
0.00000000e+000
0.00000000e+000
-6.12058573e-001
-1.61975899e+000
1.26077872e-001
-1.01544718e-001
-7.16976446e-001
7.28348258e-001
4.41601753e-001
7.60609458e-001
-1.07083643e+000
0.00000000e+000
-1.91844129e-001
-2.37842064e-001
-1.15752039e+000
6.16158821e-001
1.37403009e+000
9.75402152e-001
5.69399137e-001
-1.01931311e+000
-2.71549289e-001
1.32153792e-001
2.89974454e-002
0.00000000e+000
0.00000000e+000
0.00000000e+000
-5.50953861e-003
-4.99521844e-001
-1.17101312e-001
1.22285621e-001
2.09572532e-001
-6.08428243e-002
-4.33910525e-002
-1.96940080e-001
2.68893003e-001
0.00000000e+000
6.55383302e-002
1.41303411e-001
2.38918553e-001
5.46057804e-002
-4.70807237e-001
-2.84365858e-001
-2.52865888e-001
2.56256998e-001
2.64877165e-001
3.38091686e-001
-4.08489698e-001
-2.22226219e-001
0.00000000e+000
-1.80840105e-001
2.04867175e-002
2.38241863e-001
8.25540018e-002
-5.43022084e-001
-4.34022593e-002
0.00000000e+000
0.00000000e+000
0.00000000e+000
-1.08325686e-001
-1.19592466e+000
2.02522683e-001
-9.95817445e-001
1.58058937e-001
9.15346583e-002
-4.54530093e-001
6.60859809e-001
-7.17870097e-001
0.00000000e+000
-3.60364759e-002
1.68539891e-001
1.41917001e-001
4.27666537e-002
1.39078821e+000
7.77724440e-001
4.58062322e-001
-1.10707611e-001
1.99928179e-002
-5.36957610e-001
-1.86263479e-001
0.00000000e+000
1.05325109e-001
2.15803600e-001
-8.66973117e-001
-3.75820276e-001
0.00000000e+000
-1.96267747e+000
-5.14095602e-001
1.75471611e-001
-1.83537998e-001
-3.67753889e-001
-4.91152841e-001
0.00000000e+000
0.00000000e+000
-9.47476070e-002
247
-2.39227806e+000
-3.24721902e-001
-2.06755616e+000
0.00000000e+000
-3.24721902e-001
0.00000000e+000
0.00000000e+000
0.00000000e+000
0.00000000e+000
0.00000000e+000
0.00000000e+000
0.00000000e+000
0.00000000e+000
0.00000000e+000
0.00000000e+000
0.00000000e+000
0.00000000e+000
0.00000000e+000
0.00000000e+000
0.00000000e+000
0.00000000e+000
0.00000000e+000
0.00000000e+000
0.00000000e+000
0.00000000e+000
0.00000000e+000
0.00000000e+000
0.00000000e+000
0.00000000e+000
0.00000000e+000
0.00000000e+000
0.00000000e+000
0.00000000e+000
0.00000000e+000
0.00000000e+000
0.00000000e+000
0.00000000e+000
0.00000000e+000
0.00000000e+000
0.00000000e+000
0.00000000e+000
-1.43297537e+000
1.76420981e-002
-2.35557949e-001
-2.89379689e-003
-7.23744742e-001
8.66111806e-002
0.00000000e+000
0.00000000e+000
0.00000000e+000
4.09520772e+000
4.01330809e+000
0.00000000e+000
0.00000000e+000
0.00000000e+000
0.00000000e+000
0.00000000e+000
0.00000000e+000
0.00000000e+000
2.76198472e+000
3.14372384e+000
2.05970882e+000
7.91905858e-001
2.04369935e-001
6.30354346e-003
-1.19161817e+000
-1.96293885e+000
4.46423251e-001
3.15506562e-001
-2.90598784e-002
-1.20887026e+000
-1.97013232e+000
-2.61586129e+000
0.00000000e+000
0.00000000e+000
0.00000000e+000
0.00000000e+000
0.00000000e+000
0.00000000e+000
5.43669861e-001
-6.62360537e-001
-8.03857106e-001
-1.16238173e+000
-1.41538346e+000
-2.03568893e+000
5.74708885e+000
5.95035075e+000
5.88654260e+000
5.81970810e+000
5.79540728e+000
5.78724783e+000
-6.25470879e-001
-7.96332823e-001
-8.07710087e-001
-5.98527315e-001
-6.47863717e-001
-1.00827783e+000
-6.82607844e-002
-1.69747317e-001
-2.13079742e-001
-3.30579884e-001
-5.32954805e-001
-4.22199743e-001
-9.22688556e-002
0.00000000e+000
0.00000000e+000
0.00000000e+000
-2.30000921e+000
1.98629118e-001
-3.33356860e+000
0.00000000e+000
-1.74811567e+000
-7.25785177e-002
-4.43314438e-001
-3.11223283e-001
-1.82069419e+000
0.00000000e+000
0.00000000e+000
0.00000000e+000
-4.05204292e-001
-1.36767292e+000
9.44333989e-002
-3.04090954e-001
-1.55631393e-001
5.16446271e-001
-1.55229397e-001
5.43053559e-002
-6.28601147e-001
0.00000000e+000
2.57551731e-001
7.30318055e-001
-1.73257098e-001
2.96823425e-001
5.26151962e-001
2.49873659e-001
3.12068612e-001
-1.11242267e+000
-2.49454283e-001
-3.07102506e-001
-4.67349795e-001
1.01030670e-002
-2.87752848e-001
2.97855915e-001
0.00000000e+000
4.48682414e-001
0.00000000e+000
0.00000000e+000
0.00000000e+000
4.06951495e-002
0.00000000e+000
-1.38097269e-002
-4.50230873e-001
0.00000000e+000
2.27346649e-001
1.88134936e-002
-2.25224822e-001
6.93789147e-001
0.00000000e+000
3.13840424e-001
-3.61236599e-001
-4.39177675e-001
4.43736768e-001
-7.21014040e-002
2.00499863e-002
2.15688413e-002
0.00000000e+000
0.00000000e+000
2.47392777e-001
-4.77452862e-001
-7.65126114e-001
2.87673251e-001
0.00000000e+000
-1.35334440e+000
0.00000000e+000
0.00000000e+000
0.00000000e+000
0.00000000e+000
4.04874345e-001
4.04874345e-001
0.00000000e+000
0.00000000e+000
-7.54537721e-001
0.00000000e+000
0.00000000e+000
0.00000000e+000
-7.90336930e-001
-2.79374095e+000
7.07644116e-001
5.16773739e-001
7.63736918e-002
6.18877308e-001
3.45923335e-001
1.25614438e+000
-3.75732557e-001
0.00000000e+000
-1.03363830e+000
-6.95289723e-001
-8.20716261e-001
6.66055787e-001
9.73944294e-001
1.09084873e+000
7.18723431e-001
-8.42927868e-001
2.66046911e-001
-6.39510870e-001
-4.50072497e-002
9.92631474e-002
0.00000000e+000
-1.32543627e-001
6.08592235e-003
-1.36582878e-001
0.00000000e+000
0.00000000e+000
0.00000000e+000
1.60243418e-001
6.85955990e-001
-1.62355866e-001
2.68852604e-001
-1.96791092e-001
3.30980445e-002
3.55843111e-001
-6.12248354e-001
9.20474532e-001
0.00000000e+000
2.56488839e-001
8.01930794e-002
-1.67840937e-001
-6.44858779e-002
-1.44934190e+000
-5.29169553e-001
-2.46944761e-001
1.28168422e-001
-8.33159081e-002
4.86593330e-001
-1.44270397e-001
0.00000000e+000
1.50794182e-002
-1.49364450e-002
-7.09530471e-001
-5.42577585e-001
0.00000000e+000
-1.36934872e+000
-3.45671154e-001
-1.66952886e-001
0.00000000e+000
-1.11991969e+000
-2.08564453e-001
0 0 3 1 -1
1 1 2 1 -1
-2.9756e-001 4.3891e-001
356
2.64371683e-001
2.64371683e-001
0.00000000e+000
2.64371683e-001
4.14283355e-002
-1.23051666e+000
6.88214291e-001
-4.40922729e-002
2.43130277e-001
5.24022184e-001
-2.93903780e-001
-6.08527654e-003
-3.03703442e-002
0.00000000e+000
0.00000000e+000
2.64371683e-001
2.64371683e-001
0.00000000e+000
4.51496764e-001
-8.02523255e-001
-2.51658275e+000
6.42836772e-001
0.00000000e+000
0.00000000e+000
3.75520311e-001
1.31001866e-001
-4.82284314e-002
1.08883073e-001
0.00000000e+000
0.00000000e+000
4.51496764e-001
2.21715229e-001
4.26564541e-002
2.62770728e-001
-1.15730556e+000
-5.58419121e-002
1.47864131e-002
-6.51653179e-002
1.82731777e-002
2.41098189e-002
-5.57447965e-001
0.00000000e+000
0.00000000e+000
0.00000000e+000
0.00000000e+000
0.00000000e+000
0.00000000e+000
0.00000000e+000
0.00000000e+000
0.00000000e+000
0.00000000e+000
-4.05850735e-001
-2.35845337e-001
4.14283355e-002
0.00000000e+000
0.00000000e+000
0.00000000e+000
0.00000000e+000
-4.30797054e-002
3.53013391e-001
2.74703609e-001
1.56576232e-001
4.53113208e-001
-3.88890105e-001
1.39918667e-001
-7.09719297e-001
-5.60284095e-001
-2.63798783e-001
4.06139818e-001
-7.04042445e-003
-5.48440241e-001
2.80753827e-002
-2.04183003e-003
-3.18831770e-001
-2.16013937e-001
1.04510729e-003
-2.95961308e-001
4.61704200e-002
2.82641148e-004
-3.30035598e-001
-8.20753785e-001
4.49576771e-001
6.38004600e-001
0.00000000e+000
0.00000000e+000
0.00000000e+000
0.00000000e+000
0.00000000e+000
0.00000000e+000
0.00000000e+000
-2.70900622e-001
5.82022120e-002
-1.37610168e+000
-8.49987708e-001
-5.47416360e-002
4.15689687e-002
-4.33722048e-002
-7.66278662e-002
2.49015422e-001
-7.44705041e-002
-2.54469905e-001
3.07284663e-001
0.00000000e+000
0.00000000e+000
1.35912895e+000
1.26390889e+000
2.16116394e+000
7.00843423e-001
4.44667697e-001
2.25744108e-001
-3.93985472e-001
-1.25901430e+000
7.07423359e-001
6.97361019e-001
-7.13471830e-002
-1.15534749e+000
-1.47570020e+000
-1.67656616e+000
0.00000000e+000
0.00000000e+000
0.00000000e+000
0.00000000e+000
0.00000000e+000
0.00000000e+000
1.01649213e+000
-1.02628700e-001
-2.52796853e-001
-2.98075973e-001
-3.37322260e-001
-1.02520555e+000
1.73358374e+000
1.66158590e+000
1.53481566e+000
1.56867099e+000
1.49763577e+000
1.47560594e+000
3.00339365e-001
4.91334590e-001
4.59959907e-001
5.36902686e-001
3.74300830e-001
-1.15626155e-001
3.50373197e-001
3.02480307e-001
6.50651844e-002
3.25354396e-002
-9.47426483e-002
-4.72877393e-001
1.87941939e+000
0.00000000e+000
0.00000000e+000
0.00000000e+000
0.00000000e+000
0.00000000e+000
0.00000000e+000
0.00000000e+000
-1.61504771e+000
4.02738067e-001
0.00000000e+000
0.00000000e+000
-2.19550447e-001
-6.22197205e-003
-8.31156553e-001
-9.93315232e-001
-1.05070700e+000
0.00000000e+000
0.00000000e+000
0.00000000e+000
-1.40313516e-001
3.59816989e-001
-8.16096530e-002
-2.76344443e-001
-1.71998577e-001
2.38393960e-001
-2.30160312e-001
-3.78049884e-001
6.98388832e-001
0.00000000e+000
1.82116180e-001
4.29210782e-002
-5.84278052e-001
1.48415387e-001
4.57368671e-001
-1.21140613e+000
1.29495952e-001
-3.44874175e-001
1.17514228e-002
9.96592707e-002
2.65632838e-001
0.00000000e+000
0.00000000e+000
0.00000000e+000
-1.42516090e-001
-5.39970825e-001
1.05233001e-001
-1.12466494e-001
2.78335539e-001
-2.85976763e-002
-1.32333276e-002
7.59434245e-002
-2.28572031e-001
0.00000000e+000
-4.21748228e-001
-1.57513478e-001
2.01233748e-001
3.41377459e-001
-6.16082720e-002
6.54550068e-001
7.39567239e-002
6.91236620e-002
4.91776791e-001
-3.19671157e-001
-1.74428860e-001
-9.08586779e-002
2.28248926e-001
2.13470992e-001
1.19191903e-001
2.05150016e-001
3.78421721e-002
-3.33850866e-001
-1.33030880e-002
0.00000000e+000
0.00000000e+000
0.00000000e+000
-7.24539811e-003
5.54225053e-001
-3.98816149e-001
-3.14745613e-001
9.08149542e-002
5.54884774e-001
1.49816226e-001
-1.48844475e+000
9.22037995e-001
0.00000000e+000
7.75455201e-001
8.12004321e-001
-2.31535467e-001
-2.80241606e-001
-7.36734870e-001
-9.63848263e-001
-4.96204867e-001
4.02891908e-001
-7.57760814e-003
6.49961072e-001
-8.35701819e-002
3.61746463e-001
1.74145578e-001
2.27478679e-002
-8.76278140e-001
-1.28691769e-001
6.67446058e-002
-7.79800692e-002
9.10319311e-002
8.67779934e-002
6.25554974e-002
-2.78025260e-001
-7.47586371e-001
3.51296351e-001
1.10252794e-001
9.12756239e-002
-9.99537204e-001
0.00000000e+000
0.00000000e+000
0.00000000e+000
-1.80080821e-001
-8.71984364e-001
7.74450197e-001
1.14127817e+000
-8.26122285e-001
1.29513507e-002
5.38523191e-001
1.51922520e+000
-9.03216262e-001
0.00000000e+000
-5.51010773e-001
-9.58916152e-001
-1.24591110e+000
3.36225706e-001
7.29766721e-001
1.00077551e+000
6.58822494e-001
-1.42180782e+000
-3.86737888e-001
-3.65768281e-001
4.55637742e-001
0.00000000e+000
0.00000000e+000
0.00000000e+000
-1.47026236e-001
-7.43530503e-001
-7.51735820e-002
-2.05799336e-001
3.42746119e-001
2.04894443e-001
-4.82371994e-002
-2.85733860e-001
2.81498563e-001
0.00000000e+000
-2.09028176e-001
-3.67948384e-002
2.12150636e-001
2.73403265e-001
-5.36275772e-003
1.28655820e-001
1.42168304e-001
2.32657507e-001
2.36493488e-001
1.57656087e-001
-2.59900077e-001
-5.15947437e-002
0.00000000e+000
-6.39292192e-001
-3.05572845e-001
2.91403476e-001
5.89994193e-002
-4.01997639e-001
-7.68983963e-001
0.00000000e+000
0.00000000e+000
0.00000000e+000
-2.45493215e-001
-1.73875771e-001
4.79988479e-001
2.41411877e-001
1.22008868e-001
-7.75823573e-001
-3.56915407e-001
1.64081116e+000
-4.34001119e-001
0.00000000e+000
-7.20066463e-001
-5.82518148e-001
-1.96342947e-001
-1.57093461e-001
9.65137789e-001
6.92294157e-001
2.91450334e-001
-1.72819459e-001
-2.18955435e-001
-1.16818163e+000
-2.08305333e-001
0.00000000e+000
-4.35747835e-001
-2.00494113e-001
-7.39637127e-001
4.53727717e-002
0.00000000e+000
-5.04029943e-001
-4.00363645e-001
2.26367943e-001
-1.29177902e-002
-1.68077381e-001
-7.85009898e-001
0.00000000e+000
0.00000000e+000
1.27367170e-002
247
-1.89757939e-001
-5.54335574e-002
0.00000000e+000
0.00000000e+000
-5.54335574e-002
0.00000000e+000
0.00000000e+000
0.00000000e+000
0.00000000e+000
1.04903687e+000
0.00000000e+000
0.00000000e+000
0.00000000e+000
0.00000000e+000
-1.89757939e-001
0.00000000e+000
6.94176254e-001
-8.83934193e-001
-1.30269657e+000
-2.36167054e+000
0.00000000e+000
0.00000000e+000
0.00000000e+000
1.41939214e+000
1.08475112e+000
0.00000000e+000
0.00000000e+000
-1.89757939e-001
0.00000000e+000
-1.89757939e-001
0.00000000e+000
0.00000000e+000
5.63598881e-001
3.42523139e-001
0.00000000e+000
0.00000000e+000
0.00000000e+000
0.00000000e+000
0.00000000e+000
0.00000000e+000
0.00000000e+000
2.45702160e-001
1.08199268e-002
-4.23056806e-001
1.97410400e-003
-2.81880728e-002
-1.33650874e-003
1.57847800e-002
-6.67949990e-004
0.00000000e+000
1.10869797e-001
-2.95907223e-001
0.00000000e+000
0.00000000e+000
0.00000000e+000
0.00000000e+000
0.00000000e+000
0.00000000e+000
0.00000000e+000
1.67196389e+000
1.24445420e+000
0.00000000e+000
1.03170733e+000
4.06176486e-001
4.61198993e-001
-3.05862457e-001
-7.92684904e-001
8.37481693e-001
1.58354658e-001
-6.49785541e-002
-7.25687156e-001
-1.50685502e+000
-1.42848680e+000
0.00000000e+000
0.00000000e+000
0.00000000e+000
0.00000000e+000
0.00000000e+000
0.00000000e+000
1.04724641e+000
2.31075806e-001
-2.49492064e-001
-4.10640211e-001
-7.76879667e-001
-1.27552241e+000
3.36061506e+000
3.44815075e+000
3.43559517e+000
3.28161928e+000
3.37767620e+000
3.36223582e+000
1.41709347e+000
7.20028476e-001
9.20959244e-001
7.48947121e-001
5.03751256e-001
-7.76321093e-002
2.60507099e-003
-3.13224891e-002
-1.89800239e-001
-1.33853927e-001
2.88784741e-001
1.69837206e-001
8.68449344e-001
0.00000000e+000
0.00000000e+000
0.00000000e+000
-1.05820728e+000
-5.19943336e-001
0.00000000e+000
0.00000000e+000
-7.35306185e-001
-7.78211363e-001
-2.79693539e-001
-1.15451860e+000
-1.51351755e+000
0.00000000e+000
0.00000000e+000
0.00000000e+000
-3.83363492e-001
-5.82914648e-001
2.49857980e-001
6.15398696e-001
-1.25877634e-002
-4.38930536e-002
3.06242294e-001
4.50563551e-001
-4.45409994e-001
0.00000000e+000
-2.91087461e-001
6.78309230e-002
-4.94292226e-001
6.04621714e-001
-7.68518822e-001
-2.85533092e-001
-4.55317435e-001
-8.51146799e-002
5.78449372e-001
-5.38449409e-001
-4.66244888e-001
-5.26387584e-002
-5.66263246e-001
-2.18870760e-001
-6.58060829e-002
-3.22513188e-001
0.00000000e+000
0.00000000e+000
0.00000000e+000
1.71924644e-001
0.00000000e+000
-8.70956819e-002
3.24202813e-001
0.00000000e+000
-3.41007374e-001
-1.12886940e-001
8.07164653e-001
-1.97372890e-001
0.00000000e+000
-4.52973324e-002
0.00000000e+000
-4.33091668e-001
-1.09555855e-001
1.05621298e+000
6.45891409e-001
3.37343814e-001
0.00000000e+000
4.02739739e-002
-1.36904283e-001
-4.13606129e-001
0.00000000e+000
-6.93653055e-001
-4.58817508e-001
-1.04727266e+000
-6.82667426e-001
-3.06083087e-001
-2.00824772e-001
4.86053654e-002
-3.64605234e-001
-2.04367612e-001
-5.08655768e-001
-2.64474744e-001
-1.43421214e+000
0.00000000e+000
0.00000000e+000
0.00000000e+000
-5.10001238e-002
-1.25186287e+000
5.62249492e-001
6.88472059e-001
-9.08558568e-001
1.14793814e+000
9.10183789e-001
3.34289834e-001
-9.67491489e-001
0.00000000e+000
4.66941797e-002
-1.00487881e+000
-5.66993264e-001
1.01775437e+000
-5.82646610e-001
4.34934480e-001
5.92237655e-001
-1.81621883e+000
-5.84179849e-002
3.91024157e-002
-6.13491004e-001
-2.60749756e-001
0.00000000e+000
5.46787395e-001
1.04925148e-001
3.29245956e-001
0.00000000e+000
0.00000000e+000
0.00000000e+000
4.68884815e-002
6.90123289e-001
-2.66202961e-002
-4.02339523e-001
1.44303319e-001
2.54738415e-001
-1.07679989e-001
-7.86772201e-001
2.12704268e-001
0.00000000e+000
3.86964138e-001
5.91523678e-001
-1.89147869e-001
-1.70539869e-001
-8.29335972e-001
-3.26011840e-001
-1.48171651e-001
4.84767169e-001
-2.62241782e-002
5.30076587e-001
-3.52741249e-001
0.00000000e+000
0.00000000e+000
-3.01364668e-001
-8.20721135e-001
-1.89437829e-002
0.00000000e+000
0.00000000e+000
0.00000000e+000
-8.01777352e-001
0.00000000e+000
0.00000000e+000
0.00000000e+000
2 1
5.6761e-002 1.3303e-001
2 1
1 0 
217
1.13086901e+000
5.38827150e-002
-9.68031690e-001
-6.68660642e-001
-1.59371221e-002
8.27000331e-001
8.72659298e-001
1.16525257e-001
1.17342488e+000
-9.40102087e-001
1.02644663e-001
-2.96329025e-001
-1.00192270e+000
-3.83605442e-001
1.54131267e-001
2.31864225e-002
-7.91427603e-001
9.76737747e-001
-6.81627811e-003
-3.65331128e-001
0.00000000e+000
0.00000000e+000
0.00000000e+000
0.00000000e+000
0.00000000e+000
0.00000000e+000
0.00000000e+000
6.26876578e-001
5.03992436e-001
0.00000000e+000
0.00000000e+000
0.00000000e+000
0.00000000e+000
0.00000000e+000
0.00000000e+000
0.00000000e+000
0.00000000e+000
4.38744266e-001
6.92124747e-001
0.00000000e+000
0.00000000e+000
0.00000000e+000
0.00000000e+000
0.00000000e+000
0.00000000e+000
5.57636896e-002
3.82980577e-001
6.92124747e-001
0.00000000e+000
0.00000000e+000
0.00000000e+000
0.00000000e+000
0.00000000e+000
0.00000000e+000
0.00000000e+000
0.00000000e+000
0.00000000e+000
0.00000000e+000
0.00000000e+000
0.00000000e+000
6.92124747e-001
5.57636896e-002
3.82980577e-001
0.00000000e+000
3.82980577e-001
-1.55740566e+000
4.32251661e-001
-1.14155756e+000
3.15636776e-001
-6.61110537e-001
0.00000000e+000
5.57636896e-002
-7.22675918e-001
6.43535770e-001
7.73304398e-001
4.31569555e-001
1.56487881e+000
0.00000000e+000
0.00000000e+000
0.00000000e+000
0.00000000e+000
0.00000000e+000
0.00000000e+000
0.00000000e+000
0.00000000e+000
0.00000000e+000
0.00000000e+000
0.00000000e+000
0.00000000e+000
0.00000000e+000
0.00000000e+000
0.00000000e+000
0.00000000e+000
0.00000000e+000
0.00000000e+000
0.00000000e+000
0.00000000e+000
0.00000000e+000
0.00000000e+000
0.00000000e+000
0.00000000e+000
0.00000000e+000
0.00000000e+000
0.00000000e+000
0.00000000e+000
0.00000000e+000
0.00000000e+000
0.00000000e+000
0.00000000e+000
0.00000000e+000
0.00000000e+000
0.00000000e+000
0.00000000e+000
0.00000000e+000
0.00000000e+000
0.00000000e+000
0.00000000e+000
0.00000000e+000
0.00000000e+000
-2.20193603e-001
-1.36741272e+000
-6.74325213e-001
0.00000000e+000
0.00000000e+000
0.00000000e+000
1.98558843e-002
-3.74547637e-001
-6.09928165e-001
1.91549123e-001
-1.13399337e+000
2.51068878e-001
9.31129179e-001
2.68376087e-001
-4.24389392e-001
0.00000000e+000
3.64386769e-001
1.85825782e-001
-1.11179044e+000
7.63785663e-001
4.54813603e-001
4.91439945e-001
5.27920006e-002
-8.25156772e-001
2.33477201e-003
-1.71877122e-001
-1.63547158e-001
0.00000000e+000
0.00000000e+000
0.00000000e+000
1.86776065e-001
-1.01317314e+000
3.19734176e-001
2.05291252e-001
6.75855538e-002
1.32355724e-001
-1.70086806e-001
-1.18058590e-001
3.93352287e-001
0.00000000e+000
3.86974630e-001
-3.67286564e-001
-3.53581483e-001
-2.53980966e-001
-5.31852593e-001
7.72495840e-002
3.29685580e-001
9.93551999e-002
8.64683504e-002
3.59644576e-001
-1.56562441e+000
0.00000000e+000
0.00000000e+000
0.00000000e+000
3.62518379e-001
-1.55560683e+000
1.98852445e-001
7.50503417e-001
-1.08885429e+000
6.92617223e-001
6.86563632e-001
5.49020713e-001
-1.72024903e-001
0.00000000e+000
8.33839722e-001
-7.45100005e-001
-1.39737059e+000
5.87297872e-001
-4.69170539e-002
3.51614982e-001
3.14373218e-001
-1.69783598e+000
-3.16453059e-001
1.27336699e-001
-1.32826949e-001
0.00000000e+000
0.00000000e+000
0.00000000e+000
1.36536177e-001
-1.48149071e+000
-2.31569054e-002
-3.41483766e-001
5.04427293e-002
-5.49098154e-002
-1.11698397e-001
-6.18259948e-002
-2.02073000e-001
0.00000000e+000
1.93356775e-001
2.85842519e-001
3.08834273e-001
1.27387358e-001
2.24893760e-001
1.99701817e-001
-6.97470057e-002
2.06134844e-001
1.58420231e-001
3.22008159e-001
136
-8.99082199e-003
-1.11527516e-001
7.81976485e-003
1.25514134e-001
-4.57663933e-003
0.00000000e+000
0.00000000e+000
0.00000000e+000
0.00000000e+000
0.00000000e+000
6.86347817e-001
6.32568474e-001
0.00000000e+000
0.00000000e+000
0.00000000e+000
0.00000000e+000
0.00000000e+000
0.00000000e+000
0.00000000e+000
0.00000000e+000
-5.44414567e-001
5.35423745e-001
0.00000000e+000
0.00000000e+000
0.00000000e+000
0.00000000e+000
0.00000000e+000
0.00000000e+000
-8.29036934e-001
2.84622368e-001
5.35423745e-001
0.00000000e+000
0.00000000e+000
0.00000000e+000
0.00000000e+000
0.00000000e+000
0.00000000e+000
0.00000000e+000
0.00000000e+000
0.00000000e+000
0.00000000e+000
0.00000000e+000
0.00000000e+000
0.00000000e+000
0.00000000e+000
0.00000000e+000
0.00000000e+000
3.95338530e+000
6.44290260e-002
5.81067636e-001
-1.18746873e+000
0.00000000e+000
-8.07439315e-001
2.33119342e-001
-7.38619111e-001
-9.25770111e-001
0.00000000e+000
0.00000000e+000
0.00000000e+000
0.00000000e+000
5.35423745e-001
-8.29036934e-001
2.84622368e-001
0.00000000e+000
0.00000000e+000
0.00000000e+000
0.00000000e+000
0.00000000e+000
0.00000000e+000
0.00000000e+000
0.00000000e+000
0.00000000e+000
0.00000000e+000
0.00000000e+000
0.00000000e+000
0.00000000e+000
0.00000000e+000
0.00000000e+000
0.00000000e+000
0.00000000e+000
0.00000000e+000
0.00000000e+000
0.00000000e+000
0.00000000e+000
0.00000000e+000
0.00000000e+000
5.07782661e-001
-1.25882903e+000
-5.71744630e-001
0.00000000e+000
0.00000000e+000
0.00000000e+000
2.70182949e-001
-1.16960272e+000
-1.98007007e-002
5.29805542e-001
-7.60543659e-001
9.71342364e-002
4.37751749e-001
5.06739336e-001
-7.55062787e-001
0.00000000e+000
6.67153132e-001
-8.45429890e-001
-1.05106389e+000
9.95943134e-001
3.55632211e-001
1.83315006e-001
-2.23349067e-001
-5.41365069e-001
6.01169918e-001
1.49645933e-001
-1.54699451e+000
0.00000000e+000
0.00000000e+000
0.00000000e+000
3.87489596e-001
-2.39256408e+000
1.59732082e-001
5.80929704e-001
-1.09202154e+000
9.46925888e-001
7.86334099e-001
3.57081526e-001
-3.15797977e-001
0.00000000e+000
1.03243327e+000
-6.60138594e-001
-1.27069185e+000
5.19345436e-001
-1.18913408e-001
4.80432948e-001
3.12879194e-001
-1.45282228e+000
-3.24976036e-001
5.17347518e-001
3 2
8.0520e-002 2.1921e-001
3 -1
1 0 2 
217
-8.07760108e-002
-3.75663493e-001
-2.40642520e-002
-1.16658031e+000
1.92940258e-002
1.98584923e-002
-1.44296681e-001
9.04838088e-003
-7.98636543e-002
2.76034688e-001
1.42159839e-001
-1.94331984e-001
-1.80695401e-002
-1.70517517e-002
0.00000000e+000
0.00000000e+000
0.00000000e+000
0.00000000e+000
0.00000000e+000
0.00000000e+000
0.00000000e+000
0.00000000e+000
0.00000000e+000
-8.07760108e-002
2.29010790e-003
1.43735192e-001
-3.47605170e-002
4.86542384e-002
-9.46697322e-002
0.00000000e+000
0.00000000e+000
0.00000000e+000
0.00000000e+000
0.00000000e+000
0.00000000e+000
0.00000000e+000
0.00000000e+000
-2.91721977e-001
-1.00376607e-001
3.11322573e-001
0.00000000e+000
0.00000000e+000
0.00000000e+000
0.00000000e+000
0.00000000e+000
-2.79141070e-001
-1.25809069e-002
1.24883778e-001
0.00000000e+000
-7.08898434e-002
-1.54370542e-001
3.11322573e-001
0.00000000e+000
0.00000000e+000
0.00000000e+000
0.00000000e+000
0.00000000e+000
0.00000000e+000
0.00000000e+000
0.00000000e+000
2.81835809e-001
-3.50030913e-001
-1.25809069e-002
1.50734540e-001
-3.17685989e-001
-6.67495569e-001
-6.05016374e-002
-2.58432933e-001
1.46677076e-001
1.19571531e-001
0.00000000e+000
-3.49722652e-001
-9.93485353e-001
8.91232236e-002
2.06562547e-001
1.80131679e-001
3.29775862e-001
-3.01036881e-001
1.34198682e-001
-2.16186961e-001
2.29967498e-002
-6.36492956e-003
6.30654380e-002
4.74858985e-002
0.00000000e+000
0.00000000e+000
0.00000000e+000
0.00000000e+000
0.00000000e+000
0.00000000e+000
0.00000000e+000
0.00000000e+000
0.00000000e+000
0.00000000e+000
0.00000000e+000
0.00000000e+000
0.00000000e+000
0.00000000e+000
0.00000000e+000
0.00000000e+000
0.00000000e+000
0.00000000e+000
0.00000000e+000
0.00000000e+000
0.00000000e+000
0.00000000e+000
0.00000000e+000
0.00000000e+000
0.00000000e+000
0.00000000e+000
0.00000000e+000
0.00000000e+000
0.00000000e+000
0.00000000e+000
0.00000000e+000
0.00000000e+000
0.00000000e+000
0.00000000e+000
0.00000000e+000
5.03361836e-001
-1.35609536e+000
-3.41421182e-001
0.00000000e+000
0.00000000e+000
0.00000000e+000
1.01847505e-001
-2.38962142e-001
1.44048235e-002
-1.98683893e-001
-2.21411638e-001
2.76705871e-001
1.54558435e-001
6.27396500e-002
-1.14721942e-001
0.00000000e+000
4.93064188e-001
-9.76755155e-002
-3.78605917e-001
7.41961151e-002
-8.59959198e-003
-2.78295070e-003
-5.70986933e-002
-1.82041543e-001
-5.69535527e-002
3.85996076e-002
1.13088567e-001
0.00000000e+000
0.00000000e+000
0.00000000e+000
1.51192413e-001
-6.43449532e-001
1.53645128e-003
1.70439591e-001
-4.05833669e-001
-9.56089030e-002
1.75957280e-001
-1.25918978e-001
-2.19356643e-002
0.00000000e+000
3.58820725e-001
1.09763814e-001
-1.86361940e-001
1.92905313e-001
-9.88061435e-002
8.93051294e-002
1.81596826e-001
-1.57211961e-001
1.09118710e-001
3.07579106e-001
-9.62743474e-001
0.00000000e+000
0.00000000e+000
0.00000000e+000
1.78603507e-001
-3.31171664e-001
4.66802018e-003
1.97005222e-001
-1.78360225e-001
1.96708112e-001
3.66488065e-001
1.03601041e-001
-4.05402100e-001
0.00000000e+000
3.95580400e-001
-2.32946466e-001
-2.53301710e-001
1.92198344e-001
-1.35714708e+000
1.80825897e-001
2.61140627e-002
-2.33263809e-001
-9.59063120e-002
2.82963219e-001
-1.68195147e-001
0.00000000e+000
0.00000000e+000
0.00000000e+000
3.11997593e-002
-7.80028110e-001
-2.38686445e-002
1.84270244e-002
-2.35339905e-001
7.04154266e-002
-2.23619359e-002
1.35433026e-001
2.06297632e-001
0.00000000e+000
1.21005520e-001
4.10511173e-002
-3.62077331e-001
1.45592746e-001
6.94262627e-001
1.32800106e-001
6.15343772e-002
-3.17879595e-001
-1.97808661e-002
-6.48781221e-002
136
2.44301049e-001
0.00000000e+000
0.00000000e+000
0.00000000e+000
0.00000000e+000
0.00000000e+000
0.00000000e+000
1.80173345e-001
1.89236660e-003
-1.08804775e-001
1.69886582e-001
1.86955034e-001
0.00000000e+000
0.00000000e+000
0.00000000e+000
0.00000000e+000
0.00000000e+000
0.00000000e+000
0.00000000e+000
0.00000000e+000
2.91427240e-001
4.75322464e-002
-9.46584375e-002
0.00000000e+000
0.00000000e+000
0.00000000e+000
0.00000000e+000
0.00000000e+000
-4.48464504e-001
7.39891743e-001
2.71653057e-001
0.00000000e+000
-1.18934270e+000
9.65221885e-001
-9.46584375e-002
0.00000000e+000
0.00000000e+000
0.00000000e+000
0.00000000e+000
0.00000000e+000
0.00000000e+000
0.00000000e+000
0.00000000e+000
0.00000000e+000
0.00000000e+000
0.00000000e+000
9.70810962e-001
7.34302666e-001
-5.12165100e-002
6.02795347e-001
-1.27298055e+000
0.00000000e+000
-1.70015610e+000
3.33454810e-001
-5.17085593e-001
-7.34575815e-001
5.71946140e-002
5.05885683e-001
8.56964901e-003
3.21833982e-001
-4.08924156e-001
-1.63780720e+000
7.39891743e-001
0.00000000e+000
0.00000000e+000
0.00000000e+000
0.00000000e+000
0.00000000e+000
0.00000000e+000
0.00000000e+000
0.00000000e+000
0.00000000e+000
0.00000000e+000
0.00000000e+000
0.00000000e+000
0.00000000e+000
0.00000000e+000
0.00000000e+000
0.00000000e+000
0.00000000e+000
0.00000000e+000
0.00000000e+000
0.00000000e+000
0.00000000e+000
0.00000000e+000
0.00000000e+000
-4.78393811e-001
-9.49906988e-001
-7.86382812e-001
0.00000000e+000
0.00000000e+000
0.00000000e+000
1.35061734e-001
-3.29651975e-001
8.73067512e-002
1.65073025e-002
-1.09210830e+000
1.94558620e-001
2.93708942e-001
2.43752161e-001
2.37592926e-001
0.00000000e+000
9.14160835e-001
-1.61119042e-002
-1.16896604e+000
4.07731489e-001
6.11773742e-001
-2.98710527e-001
6.47556071e-002
-1.14058776e+000
-1.44970129e-001
1.97813712e-001
-1.39914497e+000
0.00000000e+000
0.00000000e+000
0.00000000e+000
5.59073037e-001
-2.23218576e+000
3.43040727e-001
8.26351983e-001
-1.20048809e+000
9.69295248e-001
1.01046902e+000
4.02602202e-001
-1.06894834e+000
0.00000000e+000
1.24384287e+000
-1.00060202e+000
-1.09200341e+000
5.81925192e-001
-7.97425735e-001
5.56288695e-001
3.88479994e-001
-1.47180324e+000
-1.63496395e-001
7.46439063e-001
32 2
-1.4667e-001 2.2225e-001
4 3
1 0 2 3 
217
-6.60514471e-002
-2.24338420e-002
-4.29264041e-002
-5.48549860e-002
1.56896359e-001
1.53946339e-001
-2.29095907e-001
1.71122857e-001
-5.50599269e-002
7.01059496e-002
-4.55782671e-002
1.05647801e-001
1.06786296e-001
-1.27733962e-001
0.00000000e+000
0.00000000e+000
0.00000000e+000
0.00000000e+000
0.00000000e+000
0.00000000e+000
0.00000000e+000
0.00000000e+000
0.00000000e+000
-9.63147108e-002
9.14481923e-004
2.49660033e-001
-7.75382519e-002
6.26529758e-002
-5.11661709e-002
0.00000000e+000
0.00000000e+000
0.00000000e+000
0.00000000e+000
0.00000000e+000
0.00000000e+000
0.00000000e+000
0.00000000e+000
-3.92947749e-001
-2.83154757e-001
1.62693600e-001
4.47357459e-001
0.00000000e+000
0.00000000e+000
0.00000000e+000
0.00000000e+000
-3.92499882e-001
-4.47867412e-004
9.77890557e-002
0.00000000e+000
-8.85567621e-002
-1.51115926e-001
2.28633217e-001
0.00000000e+000
-3.12180064e-001
1.70908940e-001
3.55820291e-001
0.00000000e+000
-2.67685930e-001
-1.54073978e-001
4.47357459e-001
2.44544124e-001
-4.81056644e-001
1.70461072e-001
2.08666274e-001
-3.43395106e-001
-8.03693786e-001
-1.09525523e-001
-5.81332479e-001
1.78202908e-001
1.84375672e-001
0.00000000e+000
-1.05549882e+000
-8.22061651e-001
5.81514047e-001
1.75973065e-001
4.13357144e-001
5.46183990e-001
-1.91728169e-001
1.11118642e-001
-2.81663400e-001
-1.09787316e-001
-1.30344981e-001
1.24345395e-001
4.62634172e-002
0.00000000e+000
-3.06198165e-001
-8.55866156e-001
2.25412331e-001
5.20134413e-001
1.47343871e-002
-1.61868525e-001
0.00000000e+000
0.00000000e+000
0.00000000e+000
0.00000000e+000
0.00000000e+000
0.00000000e+000
0.00000000e+000
0.00000000e+000
0.00000000e+000
0.00000000e+000
0.00000000e+000
0.00000000e+000
0.00000000e+000
0.00000000e+000
0.00000000e+000
0.00000000e+000
0.00000000e+000
0.00000000e+000
0.00000000e+000
0.00000000e+000
0.00000000e+000
0.00000000e+000
0.00000000e+000
0.00000000e+000
0.00000000e+000
0.00000000e+000
0.00000000e+000
0.00000000e+000
7.03927379e-002
-1.34058695e+000
-3.49768592e-001
0.00000000e+000
0.00000000e+000
0.00000000e+000
-1.35686389e-001
-1.68403019e-001
2.11886394e-002
7.20704881e-002
-2.91890416e-001
-1.67389308e-002
6.83203276e-002
7.02007135e-002
-6.25267678e-002
0.00000000e+000
4.54214003e-001
-1.41599971e-001
-4.04860840e-001
1.65211121e-001
-7.89752874e-002
1.11166143e-001
-1.03314633e-001
-1.75897400e-001
1.76887632e-001
9.08659943e-002
4.91141863e-002
0.00000000e+000
0.00000000e+000
0.00000000e+000
2.02562103e-001
-2.66400212e-001
5.06406131e-003
4.39252715e-002
-3.54388978e-001
2.21824216e-002
1.91754169e-001
-1.22536892e-001
-6.76489345e-002
0.00000000e+000
3.35733823e-001
2.22709418e-001
-3.20513550e-001
8.83479667e-002
1.03170609e-001
-6.96150553e-002
1.84841105e-001
-3.12992205e-001
-4.67904289e-002
2.09709493e-001
-1.15855774e+000
0.00000000e+000
0.00000000e+000
0.00000000e+000
-1.17381074e-001
-5.51327399e-001
7.88629782e-003
9.24923115e-002
-3.52353510e-001
4.30084521e-001
1.79712203e-001
-3.27825013e-004
-2.19938220e-001
0.00000000e+000
2.97399691e-001
-2.16010280e-001
-3.92497215e-001
1.24500882e-001
-9.74262978e-002
2.41897326e-001
-1.16709881e-001
-3.37834612e-001
-2.17807405e-001
8.70827468e-002
-1.71688840e-001
0.00000000e+000
0.00000000e+000
0.00000000e+000
2.03210520e-001
-1.13234468e+000
1.21237035e-001
1.70582901e-001
-4.56231077e-001
3.25886534e-001
2.96044197e-001
2.05588751e-001
4.65694202e-002
0.00000000e+000
2.44800095e-001
-1.89018888e-001
-3.95571703e-001
1.27616337e-001
2.00204708e-001
2.02563420e-001
2.58537698e-001
-5.89059311e-001
5.49252451e-002
1.32769958e-001
136
2.32371872e-001
0.00000000e+000
0.00000000e+000
0.00000000e+000
0.00000000e+000
0.00000000e+000
0.00000000e+000
2.34179255e-001
2.41086375e-003
-1.25728599e-001
1.75632426e-001
1.88136903e-001
0.00000000e+000
0.00000000e+000
0.00000000e+000
0.00000000e+000
0.00000000e+000
0.00000000e+000
0.00000000e+000
0.00000000e+000
-8.10481074e-002
-8.15025472e-002
8.82319718e-002
3.06690555e-001
0.00000000e+000
0.00000000e+000
0.00000000e+000
0.00000000e+000
-3.56732946e-001
2.75684839e-001
1.46597040e-002
0.00000000e+000
-7.32592648e-001
3.86052981e-001
-5.28958016e-002
0.00000000e+000
-6.95610514e-002
3.19938467e-001
3.00191790e-001
0.00000000e+000
-3.30155072e-001
1.71091055e-001
3.06690555e-001
0.00000000e+000
0.00000000e+000
0.00000000e+000
7.14282288e-001
4.38485053e-001
-9.47898889e-002
3.34550321e-001
-1.28242333e+000
0.00000000e+000
-1.52590933e+000
3.03850805e-001
-3.15477082e-001
-9.08323299e-001
-7.35746961e-003
4.91538272e-001
-1.34277520e-002
1.87815681e-001
-4.33645626e-001
-1.08932559e+000
1.29799434e-001
4.92146913e-001
-6.12926379e-002
-1.21155775e+000
0.00000000e+000
0.00000000e+000
0.00000000e+000
0.00000000e+000
0.00000000e+000
0.00000000e+000
0.00000000e+000
0.00000000e+000
0.00000000e+000
0.00000000e+000
0.00000000e+000
0.00000000e+000
0.00000000e+000
0.00000000e+000
0.00000000e+000
0.00000000e+000
0.00000000e+000
0.00000000e+000
0.00000000e+000
0.00000000e+000
-1.83586077e-001
-1.16905586e+000
-5.41123957e-001
0.00000000e+000
0.00000000e+000
0.00000000e+000
2.60340064e-001
-7.52552496e-001
4.22182827e-002
1.05112987e-001
-1.27568734e+000
9.56079431e-002
4.04129564e-001
1.08178435e-001
1.26273868e-001
0.00000000e+000
1.13532348e+000
2.12947863e-002
-1.06863052e+000
4.70943081e-001
3.79771708e-001
-1.54844654e-001
1.67092285e-001
-1.04456342e+000
-2.48841904e-002
4.63752185e-001
-1.43899646e+000
0.00000000e+000
0.00000000e+000
0.00000000e+000
4.33598462e-001
-2.39775985e+000
1.80141033e-001
6.40788428e-001
-1.10728182e+000
7.35993469e-001
7.85601551e-001
3.94542474e-001
-5.70764018e-001
0.00000000e+000
1.08997238e+000
-6.17645765e-001
-1.14313836e+000
6.13137967e-001
-2.67699587e-001
5.30253928e-001
2.96532832e-001
-1.40128708e+000
-1.64321680e-001
5.30339177e-001
8 1
-4.3285e-001 2.4971e-001
5 1
1 0 2 3 32 
217
8.15270148e-001
1.39664965e-001
-9.17307535e-001
1.77063440e-001
4.82050713e-002
5.52909521e-001
6.95388588e-001
6.00448230e-002
5.85571861e-001
-6.14829540e-001
-1.66345489e-001
1.00415775e-001
0.00000000e+000
0.00000000e+000
4.74156389e-002
4.76221396e-003
-2.94814107e-002
7.67854509e-001
-5.67819912e-003
-5.01772693e-002
0.00000000e+000
0.00000000e+000
0.00000000e+000
0.00000000e+000
0.00000000e+000
0.00000000e+000
0.00000000e+000
4.50005861e-001
3.65264287e-001
0.00000000e+000
0.00000000e+000
0.00000000e+000
0.00000000e+000
0.00000000e+000
0.00000000e+000
0.00000000e+000
0.00000000e+000
4.91820027e-002
-2.37025834e-001
1.63849668e-001
5.04240790e-001
3.35023522e-001
0.00000000e+000
0.00000000e+000
0.00000000e+000
-5.90419891e-001
3.35603499e-001
2.67288539e-001
0.00000000e+000
-3.71066720e-001
4.84382955e-003
3.61565319e-001
0.00000000e+000
2.86468945e-001
-1.50427851e-001
2.24462525e-001
0.00000000e+000
3.31230571e-001
-4.01858989e-001
5.17580372e-001
3.47271714e-001
2.82822785e-001
1.85175649e-001
0.00000000e+000
-2.11839511e-001
-1.49552268e+000
6.69446765e-001
-8.43392612e-001
3.57662894e-001
4.37839105e-001
0.00000000e+000
-3.32331845e-001
-1.11436738e+000
7.64580564e-001
6.44709150e-001
3.94476679e-001
7.72375293e-001
2.40311688e-001
1.32664079e-001
-2.14969722e-001
4.98097187e-001
-6.82258696e-001
-5.58028052e-002
-2.70422564e-001
0.00000000e+000
7.81457499e-003
-9.07102711e-001
4.24235438e-001
3.27767992e-001
3.83220135e-001
9.72440830e-002
0.00000000e+000
4.92426900e-001
-5.07694621e-002
3.32928665e-001
-2.63967942e-001
-1.00854167e-002
-3.95984111e-001
0.00000000e+000
0.00000000e+000
0.00000000e+000
0.00000000e+000
0.00000000e+000
0.00000000e+000
0.00000000e+000
0.00000000e+000
0.00000000e+000
0.00000000e+000
0.00000000e+000
0.00000000e+000
0.00000000e+000
0.00000000e+000
0.00000000e+000
0.00000000e+000
0.00000000e+000
0.00000000e+000
0.00000000e+000
0.00000000e+000
0.00000000e+000
-1.92932620e-001
-1.32594448e+000
-4.73343537e-001
0.00000000e+000
0.00000000e+000
0.00000000e+000
-1.37518948e-001
-4.94625717e-001
-3.35007190e-001
-1.17393210e-001
-7.86449777e-001
3.59740666e-001
5.08265166e-001
4.73973695e-001
2.71253789e-001
0.00000000e+000
4.96024684e-001
1.09891273e-001
-1.18156169e+000
7.37597863e-001
4.71835754e-001
1.35769940e-001
7.34375993e-003
-9.24927253e-001
5.17458292e-002
-1.19302170e-001
-6.10497802e-002
0.00000000e+000
0.00000000e+000
0.00000000e+000
2.60160354e-001
2.05380524e-001
3.86300371e-001
2.82979349e-001
-2.92097566e-002
2.46259817e-001
-7.44501698e-002
-4.51392125e-001
-1.79632587e-002
0.00000000e+000
1.40339049e-001
-6.50853426e-001
-9.11558066e-002
-3.84921592e-002
-7.94684741e-001
-2.25403535e-001
-5.20721936e-002
4.86827788e-001
1.77970819e-001
1.78409321e-001
-1.42579208e+000
0.00000000e+000
0.00000000e+000
0.00000000e+000
2.12499097e-002
-1.34288913e+000
4.13716642e-001
4.12091553e-001
-1.28464224e+000
5.73822149e-001
1.07375083e+000
3.34811901e-001
-4.51845794e-001
0.00000000e+000
1.14957758e+000
-7.87242572e-001
-1.16278342e+000
7.48435204e-001
-4.40905951e-001
2.92431229e-001
-9.79880067e-003
-1.28232142e+000
-1.78963375e-001
4.95713624e-001
-1.71475873e-001
0.00000000e+000
0.00000000e+000
0.00000000e+000
3.12958018e-001
-1.27198456e+000
-3.31641284e-001
4.67147968e-002
2.14834349e-001
1.60165681e-001
-3.87867115e-001
1.74431098e-001
-1.74118197e-001
0.00000000e+000
-1.45847681e-001
1.57261471e-001
2.46288259e-002
-2.96996011e-002
4.49886592e-001
2.10227268e-001
1.49480155e-001
1.85373024e-001
6.53163989e-002
1.84048914e-002
136
2.81442542e-001
-1.32354079e-001
1.35784102e-002
4.26857090e-001
-3.27816615e-003
0.00000000e+000
0.00000000e+000
0.00000000e+000
0.00000000e+000
0.00000000e+000
5.71172938e-001
5.22706299e-001
0.00000000e+000
0.00000000e+000
0.00000000e+000
0.00000000e+000
0.00000000e+000
0.00000000e+000
0.00000000e+000
0.00000000e+000
-2.34520496e-001
-2.94557120e-001
-1.87303483e-001
2.89176118e-001
7.08647523e-001
0.00000000e+000
0.00000000e+000
0.00000000e+000
-8.50502071e-001
2.02858071e-001
2.09272542e-001
0.00000000e+000
-8.65607100e-001
3.08758977e-001
4.33106838e-001
0.00000000e+000
-1.32448958e-001
-1.19030296e-001
5.50882227e-001
0.00000000e+000
4.10611029e-002
5.36035800e-002
4.49487629e-001
0.00000000e+000
0.00000000e+000
0.00000000e+000
0.00000000e+000
2.66970552e+000
-1.38243816e-002
6.56209796e-001
-1.26085901e+000
0.00000000e+000
-1.80670501e+000
4.29042608e-001
-4.00712657e-001
-9.01058681e-001
-2.54477638e-001
1.15509154e-001
-1.33707951e-002
4.05435350e-002
-6.69379557e-001
-6.67737311e-001
-4.78284969e-001
3.95057582e-001
-1.43784663e-001
-1.19264754e+000
0.00000000e+000
1.55203729e-001
-1.08904371e-001
-7.58950951e-002
7.42225456e-002
0.00000000e+000
0.00000000e+000
0.00000000e+000
0.00000000e+000
0.00000000e+000
0.00000000e+000
0.00000000e+000
0.00000000e+000
0.00000000e+000
0.00000000e+000
0.00000000e+000
0.00000000e+000
0.00000000e+000
0.00000000e+000
0.00000000e+000
2.55302058e-001
-1.23299354e+000
-7.93550799e-001
0.00000000e+000
0.00000000e+000
0.00000000e+000
2.72428064e-001
-1.79646122e+000
-1.66336971e-001
4.24855773e-001
-7.64372964e-001
1.71115764e-001
5.83041800e-001
6.16153566e-001
-6.95541740e-001
0.00000000e+000
6.78286436e-001
-5.38583434e-001
-1.26014011e+000
7.81710602e-001
5.34980369e-001
4.30154497e-001
7.61278104e-002
-7.87299051e-001
5.01410835e-001
1.44919166e-001
-1.61677918e+000
0.00000000e+000
0.00000000e+000
0.00000000e+000
5.06254108e-001
-2.58820739e+000
2.89229203e-001
7.44736653e-001
-1.14516461e+000
9.32324753e-001
9.03128552e-001
4.00847559e-001
-4.92734966e-001
0.00000000e+000
1.12775534e+000
-8.20613630e-001
-1.14087284e+000
5.78008127e-001
-5.76748406e-001
5.83222051e-001
3.41661427e-001
-1.57744794e+000
-2.37360477e-001
5.55203296e-001
7 1
-6.1306e-001 3.4474e-001
6 0
1 0 2 3 32 8 
217
1.41695242e-001
-1.41075743e-001
-8.94222837e-002
-2.58926417e-001
-6.46185572e-002
1.64756311e-001
1.04920353e-001
1.27432753e-002
1.37004786e-001
-3.39522933e-002
-6.61449986e-002
1.49249264e-001
3.05336588e-002
2.79039852e-002
8.22648371e-003
-5.15974476e-003
3.12367221e-001
-1.05907409e-001
1.70831446e-003
2.13397088e-001
-8.07467669e-002
3.55468653e-003
1.32335194e-001
3.20122934e-001
-1.54244334e-004
-3.47693953e-002
-2.96019935e-001
1.04661883e-001
3.33178468e-001
0.00000000e+000
0.00000000e+000
0.00000000e+000
0.00000000e+000
0.00000000e+000
0.00000000e+000
0.00000000e+000
0.00000000e+000
-2.17720052e-001
-2.14010553e-001
-1.11509379e-001
1.49202656e-001
3.94369668e-001
1.41362902e-001
0.00000000e+000
0.00000000e+000
-7.23725694e-001
9.32491958e-003
1.79966748e-001
0.00000000e+000
-5.04111284e-001
1.34043485e-001
4.10256815e-001
0.00000000e+000
2.26807164e-001
-3.68298330e-001
2.09325010e-001
0.00000000e+000
3.93427771e-001
-5.82988031e-002
2.32977441e-001
-1.67393700e-001
-1.02068110e-001
4.11157053e-001
2.85091113e-002
-3.11737840e-001
-1.00930893e+000
1.98196770e-001
-7.15136666e-001
2.26727200e-001
1.40602812e-001
0.00000000e+000
-6.41792182e-001
-9.75444851e-001
4.61819688e-001
6.04542287e-001
2.87477598e-001
2.95168800e-001
-3.84349753e-001
-8.22504298e-002
-4.23390121e-001
4.33020234e-001
-3.26812798e-001
1.75275192e-001
5.05008582e-001
0.00000000e+000
-4.94245010e-001
-1.10741689e+000
3.37891415e-001
4.20860307e-001
2.98048837e-001
-9.21585215e-002
0.00000000e+000
2.67257357e-001
-4.15859415e-002
4.92290141e-002
-4.67222928e-002
-1.74791129e-001
3.00627369e-001
-4.62154522e-002
4.42384339e-002
1.14880720e-002
1.21890207e-001
-2.55354049e-001
2.17820538e-002
1.22603171e-001
0.00000000e+000
0.00000000e+000
0.00000000e+000
0.00000000e+000
0.00000000e+000
0.00000000e+000
0.00000000e+000
0.00000000e+000
0.00000000e+000
0.00000000e+000
0.00000000e+000
0.00000000e+000
0.00000000e+000
0.00000000e+000
-1.30820164e-001
-1.32176808e+000
-1.30137288e-001
0.00000000e+000
0.00000000e+000
0.00000000e+000
1.29001702e-001
-3.83045699e-001
-6.67773763e-003
-3.18883280e-001
-7.62192226e-001
8.79170840e-002
3.73348700e-001
-4.68415104e-001
4.47343404e-001
0.00000000e+000
1.17560805e+000
3.34261269e-001
-1.04677058e+000
1.56785594e-001
4.57785268e-001
-7.20878003e-001
1.21551945e-001
-3.55470140e-001
-1.77186979e-002
6.66311163e-001
-1.21062755e-001
0.00000000e+000
0.00000000e+000
0.00000000e+000
3.91613474e-002
3.19190327e-001
-4.71631285e-002
-2.93445714e-002
-3.93613776e-001
1.79346882e-001
4.60387698e-002
1.40825553e-003
1.37614339e-001
0.00000000e+000
2.02849031e-002
2.54465904e-001
-2.01337188e-001
9.17109622e-002
-3.47910876e-001
1.43326555e-001
-1.30599089e-001
-2.86042167e-001
1.31004518e-001
-4.86047223e-002
-1.34350744e+000
0.00000000e+000
0.00000000e+000
0.00000000e+000
3.64726904e-002
-1.14508301e+000
-2.94456917e-002
3.67066423e-001
-4.13302582e-001
5.72053582e-001
6.89056370e-001
3.32236109e-001
-3.06922156e-001
0.00000000e+000
5.42715121e-001
-5.42099242e-001
-9.18082262e-001
3.70931546e-001
8.05707524e-002
2.22087532e-001
-1.63448133e-001
-8.00793117e-001
-1.94621006e-001
-4.29003604e-002
-1.52616570e-001
0.00000000e+000
0.00000000e+000
0.00000000e+000
1.61676634e-001
-8.87502628e-001
3.02665652e-001
1.07881052e-001
-2.49153689e-001
4.20080627e-001
5.88103886e-002
1.84991751e-001
-1.63512124e-001
0.00000000e+000
1.02435009e-002
-3.43267604e-001
-4.21123276e-001
3.74387672e-002
2.61332567e-001
3.26997693e-001
4.40699383e-001
-4.58346779e-001
-3.50236681e-002
9.24951842e-002
136
3.11560813e-001
5.92066294e-001
-1.40070236e-002
-1.19642460e-002
-1.07492187e-003
-1.88525694e-001
8.84825839e-004
-8.00155413e-002
-2.87276724e-004
9.69253648e-002
1.99010328e-001
2.27503844e-002
0.00000000e+000
0.00000000e+000
0.00000000e+000
0.00000000e+000
0.00000000e+000
0.00000000e+000
0.00000000e+000
0.00000000e+000
3.37355469e-002
6.00954315e-002
-1.90304732e-001
-9.16778205e-002
3.58994472e-001
1.40717914e-001
0.00000000e+000
0.00000000e+000
-4.20024403e-001
3.17135948e-001
9.29156414e-002
0.00000000e+000
-8.25204821e-001
2.76087294e-001
4.34496332e-001
0.00000000e+000
3.95658582e-002
-6.29986233e-002
2.73710868e-001
0.00000000e+000
2.35819814e-003
-1.03122588e-001
2.86641107e-001
0.00000000e+000
0.00000000e+000
0.00000000e+000
3.22421519e-001
1.04680512e-001
1.40705622e-001
1.53190368e-001
-1.10945743e+000
0.00000000e+000
-1.19142828e+000
5.55143337e-001
-1.83506663e-001
-9.64397934e-001
-3.15084622e-002
2.71813752e-001
-8.78243981e-002
1.58023481e-001
-2.76103590e-001
-2.21301190e-001
6.79507523e-002
5.44282018e-001
-3.97952598e-003
-1.25108853e+000
0.00000000e+000
2.90684774e-001
-6.93593932e-002
2.08595363e-002
-6.05824459e-002
1.82896128e-001
2.00695048e-001
-3.37257753e-001
8.84207525e-002
-2.18142735e-001
0.00000000e+000
0.00000000e+000
0.00000000e+000
0.00000000e+000
0.00000000e+000
0.00000000e+000
0.00000000e+000
0.00000000e+000
0.00000000e+000
0.00000000e+000
-1.20222421e-001
-1.15656351e+000
-5.99152795e-001
0.00000000e+000
0.00000000e+000
0.00000000e+000
3.27352270e-001
-1.24364733e+000
9.11802821e-002
2.50941613e-001
-1.24819544e+000
6.22196174e-002
4.83899155e-001
2.16733926e-001
-1.32443703e-001
0.00000000e+000
1.13090590e+000
-2.34168377e-001
-9.77801958e-001
5.64156369e-001
4.99601818e-001
3.12407040e-002
2.53231343e-001
-1.12832410e+000
-3.94603553e-002
4.93425473e-001
-1.45173427e+000
0.00000000e+000
0.00000000e+000
0.00000000e+000
4.69045545e-001
-2.59377701e+000
1.68793867e-001
6.60639324e-001
-1.29441597e+000
6.41813139e-001
8.25017828e-001
3.71351950e-001
-5.38504169e-001
0.00000000e+000
1.20391745e+000
-4.76903479e-001
-1.07754405e+000
7.30915251e-001
-4.09793991e-001
5.26087154e-001
3.13905887e-001
-1.41084087e+000
-1.60052288e-001
5.98610163e-001
6 1
-8.6180e-001 2.9648e-001
7 1
1 0 2 3 32 8 7 
217
4.30000483e-001
-3.23638422e-001
-3.94325896e-001
-2.62072032e-001
1.32324448e-001
1.76562155e-001
3.70461456e-001
-9.46090590e-002
-4.32268618e-002
-2.21072757e-001
-5.42248656e-001
-2.59456707e-001
0.00000000e+000
0.00000000e+000
1.62257671e-001
2.41408411e-003
3.09599839e-001
2.67742812e-001
2.14207354e-003
1.73737386e-001
0.00000000e+000
0.00000000e+000
0.00000000e+000
0.00000000e+000
0.00000000e+000
0.00000000e+000
0.00000000e+000
1.90899122e-001
2.39101362e-001
0.00000000e+000
0.00000000e+000
0.00000000e+000
0.00000000e+000
0.00000000e+000
0.00000000e+000
0.00000000e+000
0.00000000e+000
7.70577397e-003
-1.58326095e-001
-1.97389712e-001
-5.18848389e-002
2.44969860e-001
7.49406645e-002
5.09984831e-001
0.00000000e+000
-5.48200735e-001
7.78243721e-002
1.93993890e-001
0.00000000e+000
-8.78035477e-001
3.01421160e-001
4.45468184e-001
0.00000000e+000
4.54666474e-001
-7.08122227e-001
4.65621036e-001
0.00000000e+000
3.15126687e-001
-1.93851585e-001
5.04088704e-001
-7.69809079e-002
-1.35869700e-001
6.42851091e-001
0.00000000e+000
-5.22728280e-001
-1.28877589e+000
5.54180824e-001
-2.21185389e-001
3.98547939e-001
5.22441280e-001
0.00000000e+000
-6.56443051e-001
-1.04484455e+000
6.61462226e-001
8.89051359e-001
4.24981308e-001
8.06222267e-001
0.00000000e+000
-6.42171898e-002
-9.86305214e-001
3.90225100e-001
-4.46826695e-001
1.03992573e-001
-3.63236270e-002
0.00000000e+000
-4.07528605e-001
-1.17815598e+000
3.21266926e-001
3.69863011e-001
5.16262162e-001
-4.29414122e-001
0.00000000e+000
3.98722929e-001
4.61014931e-002
1.77195168e-002
-7.68753344e-002
1.35580376e-002
3.12589971e-001
0.00000000e+000
1.64444375e-001
-4.64534814e-002
1.65848699e-001
-1.71635962e-001
9.97074093e-002
-4.32470975e-002
0.00000000e+000
-3.79789918e-002
-3.60210964e-001
1.85503632e-001
-6.63249399e-001
2.82475844e-001
5.68522953e-002
0.00000000e+000
0.00000000e+000
0.00000000e+000
0.00000000e+000
0.00000000e+000
0.00000000e+000
0.00000000e+000
4.38731002e-001
-1.33200156e+000
-4.83735729e-001
0.00000000e+000
0.00000000e+000
0.00000000e+000
3.25847820e-001
-4.35771021e-001
-8.62090411e-001
-4.81702565e-001
-8.99236948e-001
2.50110636e-001
6.97272556e-002
9.54789998e-002
2.88278040e-001
0.00000000e+000
4.85595407e-001
-8.34108594e-001
-1.20090177e+000
1.47631837e+000
7.92455852e-001
-3.91195752e-001
-1.95446132e-001
-1.26291276e-001
9.28624714e-001
2.30571642e-001
-6.58936198e-002
0.00000000e+000
0.00000000e+000
0.00000000e+000
2.38858785e-001
-1.71181670e+000
2.91047914e-001
4.81292515e-001
1.67820931e-001
-5.39649067e-001
9.21653539e-002
2.75807163e-001
-5.36797092e-001
0.00000000e+000
4.22270169e-001
-1.95698476e-001
1.78389691e-001
-8.48013281e-002
-6.54968317e-001
5.10777589e-001
1.97295186e-002
2.85960474e-001
3.71622796e-001
3.22094466e-001
-1.69703618e+000
0.00000000e+000
0.00000000e+000
0.00000000e+000
6.85630104e-001
-1.78556747e+000
-5.23830499e-002
6.50031745e-001
-7.28075902e-001
9.63071382e-001
1.02695982e+000
2.67521461e-001
1.00177265e-001
0.00000000e+000
9.28442309e-001
-1.09964680e+000
-1.18329714e+000
7.48480232e-001
-6.48483881e-001
2.55044716e-001
2.67001691e-001
-1.53039447e+000
-1.02211855e+000
4.60570353e-001
3.02149170e-002
0.00000000e+000
0.00000000e+000
0.00000000e+000
-1.36562304e-001
-5.61375169e-001
1.51627437e-001
-7.92725643e-003
-4.01841461e-001
6.71812245e-003
-2.88513757e-001
2.50706055e-001
-6.01757177e-001
0.00000000e+000
2.15234075e-001
3.53884088e-001
2.03793373e-001
2.64389713e-002
3.37193720e-001
1.23396993e-001
-1.93115790e-001
-7.41726971e-002
4.84330086e-001
1.42157608e-001
136
2.97021540e-001
-2.91521371e-002
8.39177672e-003
3.26173677e-001
-4.81560094e-003
0.00000000e+000
0.00000000e+000
0.00000000e+000
0.00000000e+000
0.00000000e+000
4.48343705e-001
4.18682845e-001
0.00000000e+000
0.00000000e+000
0.00000000e+000
0.00000000e+000
0.00000000e+000
0.00000000e+000
0.00000000e+000
0.00000000e+000
-6.03014787e-001
-3.79952845e-001
-3.81511988e-001
-7.21168011e-002
3.54803687e-001
8.61866456e-001
5.16947818e-001
0.00000000e+000
-1.12429235e+000
7.12857239e-002
-3.45873849e-002
0.00000000e+000
-1.03805645e+000
2.37591573e-001
5.26031076e-001
0.00000000e+000
-3.71233458e-001
-1.94686076e-001
4.91161760e-001
0.00000000e+000
2.82952130e-001
4.35182604e-001
1.01567239e+000
0.00000000e+000
0.00000000e+000
0.00000000e+000
0.00000000e+000
1.95331910e+000
-8.20586381e-002
5.44653927e-001
-1.42464526e+000
0.00000000e+000
-2.25654972e+000
4.08156527e-001
-5.46148174e-001
-9.74653587e-001
0.00000000e+000
1.20568886e+000
4.87277246e-003
2.43805116e-001
-5.72483385e-001
-5.13720112e-001
-1.44906414e-001
3.65355519e-001
-1.37389828e-001
-1.09731993e+000
0.00000000e+000
1.28078532e-001
-1.34824077e-001
-5.27462791e-002
2.60940266e-002
0.00000000e+000
1.65366138e+000
-2.77098535e-002
3.23105659e-001
-1.42715195e-001
0.00000000e+000
-9.29357136e-001
-6.65398769e-001
-1.05068520e-001
-4.41960325e-001
0.00000000e+000
0.00000000e+000
0.00000000e+000
0.00000000e+000
0.00000000e+000
-1.26022614e-001
-1.19415283e+000
-1.06071340e+000
0.00000000e+000
0.00000000e+000
0.00000000e+000
2.23095238e-001
-1.03693638e+000
3.22754540e-002
4.43711369e-001
-7.55593499e-001
3.97645465e-001
5.32906234e-001
5.45506661e-001
-5.61565957e-001
0.00000000e+000
5.21538727e-001
-5.62209864e-001
-1.35966868e+000
4.95451206e-001
5.06711239e-001
4.04170266e-001
1.11140226e-001
-1.02791619e+000
1.22766820e-001
-9.37417360e-002
-1.57623350e+000
0.00000000e+000
0.00000000e+000
0.00000000e+000
4.16384583e-001
-2.66868437e+000
2.59313226e-001
6.72203536e-001
-1.08567990e+000
9.97988309e-001
8.27612253e-001
4.27860934e-001
-5.42299624e-001
0.00000000e+000
1.05065794e+000
-7.24347043e-001
-1.06695573e+000
5.50084070e-001
-5.63176949e-001
5.81160843e-001
3.77966151e-001
-1.39974967e+000
-2.23789917e-001
5.37217855e-001
21 2
-7.0169e-001 3.5959e-001
8 3
1 0 2 3 32 8 7 6 
217
-1.35170318e-001
-5.29008040e-002
2.09766605e-001
-2.39445477e-001
5.91057157e-002
5.88952911e-002
-2.56076398e-001
1.06347279e-001
-5.28242734e-002
5.44108514e-002
1.01662775e-001
3.40080770e-002
1.29618623e-002
-6.17584467e-002
0.00000000e+000
0.00000000e+000
0.00000000e+000
0.00000000e+000
0.00000000e+000
0.00000000e+000
0.00000000e+000
0.00000000e+000
0.00000000e+000
-1.31294588e-001
6.50266767e-004
1.92376105e-001
1.46297141e-001
-4.13474437e-002
-2.40120016e-001
0.00000000e+000
0.00000000e+000
0.00000000e+000
0.00000000e+000
0.00000000e+000
0.00000000e+000
0.00000000e+000
0.00000000e+000
-1.25511336e-001
-4.34986237e-001
-2.26510095e-001
-6.11412370e-002
2.26942942e-001
5.33496261e-001
-4.74606160e-002
0.00000000e+000
-9.96355961e-001
-1.38638343e-001
4.98060665e-001
0.00000000e+000
-8.99769334e-001
2.03826912e-001
4.55474893e-001
0.00000000e+000
4.64662851e-001
-5.45298478e-001
3.42988380e-001
0.00000000e+000
2.63908310e-001
-1.40186133e-001
3.56155920e-001
-4.95884389e-001
1.83242095e-001
1.77471976e-001
-1.85551321e-001
-4.34744720e-001
-7.47927730e-001
2.28906431e-001
-3.10975289e-001
2.56219292e-001
1.38554846e-001
0.00000000e+000
-1.16170495e+000
-1.09062399e+000
5.76780524e-001
2.28909362e-001
4.55603293e-001
4.63402234e-001
-1.04876865e-001
-2.69704022e-001
-3.20326111e-001
-6.66475585e-002
-2.60191940e-003
3.06058127e-001
2.51185408e-001
0.00000000e+000
-8.77401168e-001
-1.69212410e+000
3.63606083e-001
3.08003139e-001
3.78624767e-001
2.16111355e-001
0.00000000e+000
1.76984219e-001
-1.19058228e-001
-2.96583186e-001
3.02842790e-001
-1.55713508e-002
2.18004264e-001
4.93519707e-002
2.21862084e-001
-9.00297435e-002
-3.85538206e-001
-1.11378984e-001
-2.08461660e-002
3.27619132e-002
0.00000000e+000
2.96908990e-001
-2.42474742e-001
-2.85904034e-001
-2.65214636e-001
-1.46175275e-001
-2.10879264e-001
-6.36463018e-001
-2.70126359e-001
-3.51975312e-001
3.52039265e-001
1.08452030e-001
4.19379795e-001
6.78687002e-002
4.26197106e-001
-1.39960242e+000
-4.39672884e-001
0.00000000e+000
0.00000000e+000
0.00000000e+000
2.51832946e-001
-3.23624798e-001
-1.86848605e-001
1.74931967e-001
-2.69733742e-001
1.72985523e-001
2.44318924e-001
4.51998979e-003
-3.39962769e-001
0.00000000e+000
7.24911318e-001
-3.85425188e-001
-2.30288335e-001
1.35588840e-001
-5.96337002e-003
4.22052236e-002
-2.79886250e-001
-1.81754313e-001
-1.28659313e-001
1.41179067e-001
1.82229882e-001
0.00000000e+000
0.00000000e+000
0.00000000e+000
2.07321317e-002
-4.16176897e-001
5.31737725e-002
8.85334268e-002
-3.65032253e-001
-1.60965123e-001
1.10287818e-001
-1.19326196e-001
3.72567532e-002
0.00000000e+000
2.93454549e-001
2.64539726e-001
-3.18286145e-001
1.91034173e-001
-2.16587115e-003
6.99939940e-002
2.60880157e-001
-1.92540554e-001
1.17757515e-001
2.49078905e-001
-1.12450482e+000
0.00000000e+000
0.00000000e+000
0.00000000e+000
-2.86753009e-002
-4.49573738e-001
-1.58050850e-001
1.53986504e-001
-3.09971657e-001
2.27515316e-001
3.86569024e-001
-3.52292263e-002
-4.96047097e-001
0.00000000e+000
3.30050087e-001
-1.15165300e-001
-3.12639273e-001
1.10142355e-001
-2.97832858e-001
3.06637655e-001
-4.02400203e-003
-3.48613945e-001
-8.10680120e-003
-7.54757111e-002
-1.89043607e-001
0.00000000e+000
0.00000000e+000
0.00000000e+000
9.80393206e-002
-9.66484240e-001
2.18363478e-002
4.03487502e-002
-3.05463968e-001
3.90011139e-001
1.63833981e-001
1.77283377e-001
2.73947710e-001
0.00000000e+000
1.64804197e-001
-1.34595957e-001
-4.83867222e-001
1.31051456e-001
4.59854027e-001
1.27701827e-001
2.20614206e-001
-4.77967683e-001
-1.27322934e-001
3.73320564e-002
136
3.52508500e-001
0.00000000e+000
0.00000000e+000
0.00000000e+000
0.00000000e+000
0.00000000e+000
0.00000000e+000
2.92973745e-001
3.03804633e-003
-2.45841490e-002
2.01792715e-001
1.82673189e-001
0.00000000e+000
0.00000000e+000
0.00000000e+000
0.00000000e+000
0.00000000e+000
0.00000000e+000
0.00000000e+000
0.00000000e+000
9.74421391e-002
-1.96765178e-002
-2.08628690e-001
-2.01902044e-001
5.67904622e-002
2.79479674e-001
3.49003477e-001
0.00000000e+000
-7.03352764e-001
4.32074517e-001
1.27415119e-001
0.00000000e+000
-9.12028989e-001
4.16233681e-001
3.32379931e-001
0.00000000e+000
-1.79614357e-001
2.73325646e-001
2.60165350e-001
0.00000000e+000
-6.27062482e-002
5.96901776e-002
3.08926436e-001
0.00000000e+000
0.00000000e+000
0.00000000e+000
6.86837375e-001
4.94486647e-001
-6.56930114e-002
3.16428934e-001
-1.19434953e+000
0.00000000e+000
-1.88232095e+000
3.99561773e-001
-3.54547983e-001
-8.39889286e-001
7.09058406e-002
1.39107670e-001
-4.32705124e-002
1.16040193e-001
-4.26563674e-001
-4.44203536e-001
-1.52771498e-001
5.53596436e-001
-8.51322742e-002
-1.09807355e+000
0.00000000e+000
3.38190148e-001
-4.28603633e-002
2.84215177e-002
-1.80835344e-002
1.41654461e-001
1.23747051e-001
-1.92900406e-001
5.56604889e-002
-1.78558452e-001
0.00000000e+000
-3.58841067e-001
-4.41564141e-001
-2.50371276e-003
-3.00107495e-001
-7.02490041e-002
3.81816894e-001
3.46919089e-001
9.88763579e-002
-3.56021516e-001
-2.51362307e-001
-1.15485868e+000
-5.67874130e-001
0.00000000e+000
0.00000000e+000
0.00000000e+000
2.27724408e-001
-6.09576799e-001
6.49614137e-002
7.04685625e-002
-1.26367153e+000
2.09509395e-001
4.25339987e-001
8.75542835e-002
1.26214935e-001
0.00000000e+000
1.09540070e+000
1.26196625e-001
-1.07250593e+000
4.01771993e-001
4.29567113e-001
-1.86251352e-001
1.57255089e-001
-1.17379155e+000
-1.14531787e-001
4.30490310e-001
-1.43855444e+000
0.00000000e+000
0.00000000e+000
0.00000000e+000
4.08451062e-001
-2.37032355e+000
2.02880055e-001
6.52375077e-001
-1.11319803e+000
8.01105030e-001
8.21714806e-001
4.03787283e-001
-6.18914144e-001
0.00000000e+000
1.09996535e+000
-6.54286525e-001
-1.11122514e+000
6.29209366e-001
-3.85415931e-001
5.11162930e-001
2.89415733e-001
-1.40901947e+000
-1.57308432e-001
5.61070100e-001
14 1
-8.9094e-001 2.9292e-001
8 1
1 0 2 3 32 8 7 6 
217
8.79384637e-001
-1.79854519e-001
-7.77751883e-001
-7.74396085e-001
4.77407755e-001
-1.76894595e-001
2.56024400e-001
-5.75033552e-001
-4.11593559e-001
-3.05654224e-001
-7.78629630e-001
-1.74907769e-001
0.00000000e+000
0.00000000e+000
3.35121894e-001
4.71616235e-003
8.24765401e-001
5.44262743e-001
-6.63374064e-003
6.93940231e-001
0.00000000e+000
0.00000000e+000
0.00000000e+000
0.00000000e+000
0.00000000e+000
0.00000000e+000
0.00000000e+000
4.36288888e-001
4.43095749e-001
0.00000000e+000
0.00000000e+000
0.00000000e+000
0.00000000e+000
0.00000000e+000
0.00000000e+000
0.00000000e+000
0.00000000e+000
4.56961192e-002
-1.12882410e-001
-2.57846283e-001
-2.04711164e-001
1.27068564e-002
4.02515907e-001
9.93905611e-001
0.00000000e+000
-4.30085864e-001
3.57474687e-001
1.68506281e-001
0.00000000e+000
-7.86206499e-001
-5.96007475e-002
4.24216604e-001
0.00000000e+000
8.69511407e-002
-4.75327903e-001
3.25622712e-001
0.00000000e+000
6.50561365e-001
-1.91649524e-002
6.36437813e-001
1.86696684e-001
2.78892673e-001
4.13795280e-001
0.00000000e+000
-1.96618916e-001
-5.47939412e-001
7.26524866e-001
-5.22167934e-001
3.49478687e-001
7.05241818e-001
0.00000000e+000
-4.78779858e-001
-1.24019603e+000
8.15669526e-001
9.40749040e-001
5.42494969e-001
9.98820476e-001
0.00000000e+000
3.31410532e-002
-8.91735798e-001
5.92093576e-001
-8.20116345e-003
2.54150008e-001
-6.38672842e-002
0.00000000e+000
-3.25695538e-001
-1.17335456e+000
5.55445194e-001
2.84523755e-001
6.49634981e-001
3.95647025e-001
0.00000000e+000
4.22742432e-001
1.73222253e-002
3.29095950e-001
-1.65523360e-001
1.27546255e-001
1.92068587e-002
0.00000000e+000
2.79346254e-001
-3.04961028e-001
3.95483081e-001
-5.95695019e-001
2.04555302e-001
4.44866741e-001
0.00000000e+000
1.51181901e-001
-3.78561332e-001
4.13396396e-001
-6.72711673e-001
3.14806340e-001
-5.96704035e-001
0.00000000e+000
-8.50498548e-002
-8.82980002e-001
6.33925957e-001
-1.04150604e-001
3.30508534e-001
-2.66218774e-002
-2.66279017e-001
-1.38565354e+000
-1.18846382e+000
0.00000000e+000
0.00000000e+000
0.00000000e+000
4.74572840e-002
-1.82013452e+000
-2.81870946e-001
-4.89749452e-001
-4.36630875e-001
-3.23745953e-002
2.53797110e-001
3.91768502e-001
2.55409751e-001
0.00000000e+000
6.64433968e-001
-7.60347241e-001
-1.66860571e+000
9.62260532e-001
1.15082406e+000
-1.01871429e-001
2.38014676e-001
-1.24153056e-001
4.70716637e-001
9.25914856e-002
-3.11614901e-002
0.00000000e+000
0.00000000e+000
0.00000000e+000
3.91031089e-001
-3.19895029e-001
1.66091065e-001
4.86263616e-001
-5.16239870e-001
2.15797591e-001
-4.23552720e-002
2.03906221e-001
-1.01293234e+000
0.00000000e+000
1.65262406e-001
-6.94308618e-002
8.12445354e-001
1.19061910e-001
-1.11942342e+000
1.01725643e-001
-4.05832447e-001
1.76764302e-002
4.37978195e-001
3.37708235e-001
-1.46122083e+000
0.00000000e+000
0.00000000e+000
0.00000000e+000
5.99702594e-001
-2.15578646e+000
-1.48507621e-002
7.85996463e-001
-8.60901801e-001
4.32905572e-001
8.42158981e-001
1.85928852e-001
1.16791249e-001
0.00000000e+000
6.91404081e-001
-5.51350531e-001
-1.04600958e+000
2.31317826e-002
-1.67144085e-001
2.64568682e-001
2.88049373e-001
-8.83459153e-001
-1.58166146e-001
1.45810053e-001
-3.00918355e-001
0.00000000e+000
0.00000000e+000
0.00000000e+000
-5.86269523e-002
-8.50686824e-001
1.57532950e-001
-1.74055118e-001
-4.83395248e-001
4.42650616e-001
1.30540876e-002
2.43792626e-001
-1.15204931e+000
0.00000000e+000
3.46899834e-001
1.06035063e-001
1.30730592e-002
8.25296644e-001
2.41810993e-003
1.24738558e-001
-1.65229619e-001
-2.29023987e-001
-1.36005634e-001
6.72662791e-001
136
3.59570693e-001
2.17135321e-001
2.75299097e-003
1.42435372e-001
-2.71384506e-003
0.00000000e+000
0.00000000e+000
0.00000000e+000
0.00000000e+000
0.00000000e+000
4.50306296e-001
4.30717323e-001
0.00000000e+000
0.00000000e+000
0.00000000e+000
0.00000000e+000
0.00000000e+000
0.00000000e+000
0.00000000e+000
0.00000000e+000
-3.65300355e-001
-3.47296834e-001
-4.32888426e-001
-2.26608442e-001
1.17666659e-001
6.49612753e-001
9.64385337e-001
0.00000000e+000
-1.10160665e+000
2.07393195e-001
4.58395866e-002
0.00000000e+000
-9.44615248e-001
2.90122264e-001
6.60286795e-001
0.00000000e+000
-4.45319214e-001
-1.36098893e-001
3.83386721e-001
0.00000000e+000
1.48338903e-001
3.15012674e-001
9.36830556e-001
0.00000000e+000
0.00000000e+000
0.00000000e+000
0.00000000e+000
1.97339545e+000
-9.62802651e-002
5.77256477e-001
-1.57827488e+000
0.00000000e+000
-2.36035321e+000
4.93664864e-001
-5.46067841e-001
-9.98119989e-001
0.00000000e+000
4.87985200e-001
-1.15089453e-001
1.46354589e-001
-6.59353673e-001
-6.49967245e-001
-4.15787547e-001
3.60381395e-001
-1.34717798e-001
-1.02439973e+000
0.00000000e+000
3.52732662e-001
-4.06412159e-002
-1.61208854e-002
-6.08801015e-003
0.00000000e+000
9.83806767e-001
-2.02371352e-001
2.17924145e-001
-1.09519905e-001
0.00000000e+000
-1.01133365e+000
-6.53617885e-001
-8.52546184e-002
-4.62409133e-001
0.00000000e+000
1.34782470e+000
5.12988667e-001
2.67134676e-001
-2.80840660e-001
-3.23949110e-001
-1.22426196e+000
-1.28320102e+000
0.00000000e+000
0.00000000e+000
0.00000000e+000
2.14369702e-001
-1.45864643e+000
1.37600954e-001
5.54873089e-001
-8.76706740e-001
3.76809406e-001
4.84200583e-001
5.49481252e-001
-5.53932244e-001
0.00000000e+000
4.80131196e-001
-8.05789819e-001
-1.54953989e+000
5.33017537e-001
5.92122084e-001
4.75020710e-001
1.14633330e-001
-7.15984239e-001
2.64338241e-001
-9.91997482e-002
-1.59265298e+000
0.00000000e+000
0.00000000e+000
0.00000000e+000
4.00944513e-001
-2.70101871e+000
2.88802176e-001
6.48067091e-001
-1.14694874e+000
1.02734041e+000
9.02687143e-001
4.54263367e-001
-4.74092923e-001
0.00000000e+000
1.08057054e+000
-7.07064638e-001
-1.05776157e+000
5.46881742e-001
-6.13066259e-001
5.78429623e-001
3.19911378e-001
-1.43859557e+000
-2.58187122e-001
5.56184580e-001
4 1
-7.7917e-001 3.7356e-001
8 0
1 0 2 3 32 8 7 6 
217
1.87356127e-001
-1.63438423e-001
6.10254166e-002
-1.09746133e-001
1.28509943e-003
2.07992174e-002
5.46858458e-002
-9.74653391e-002
2.17912369e-002
2.36248144e-001
1.48471401e-001
1.98519550e-001
-3.88774558e-002
-6.68050842e-002
9.76427878e-002
-4.02613250e-003
3.28243315e-001
-1.08320376e-001
1.95651514e-003
2.11834435e-001
-5.76937253e-002
3.26960168e-003
1.48501610e-001
2.55727440e-001
-2.52947011e-004
-9.11017204e-003
-1.37172336e-001
8.20083162e-002
2.42520147e-001
0.00000000e+000
0.00000000e+000
0.00000000e+000
0.00000000e+000
0.00000000e+000
0.00000000e+000
0.00000000e+000
0.00000000e+000
-1.36205595e-001
-2.85296886e-001
-1.89741261e-001
-7.64561343e-002
1.01300244e-001
3.44815443e-001
4.28940317e-001
0.00000000e+000
-7.91402082e-001
-9.25772288e-003
3.17402889e-001
0.00000000e+000
-6.65240900e-001
2.68090523e-001
4.38326211e-001
0.00000000e+000
3.34688840e-001
-3.97824682e-001
1.73942348e-001
0.00000000e+000
3.32319062e-001
-9.36086950e-002
2.79920336e-001
-4.14855889e-001
5.48498994e-001
5.37130227e-002
4.73340312e-002
-2.79934608e-001
-1.03535428e+000
2.00496088e-001
-8.30957657e-001
2.19460615e-001
3.88643134e-002
0.00000000e+000
-7.84344812e-001
-8.42049408e-001
6.31230869e-001
6.19169192e-001
3.45760338e-001
3.88797256e-001
-9.48993925e-002
-2.77551017e-001
-3.75705162e-001
3.64527001e-001
-2.25029809e-001
1.95279536e-001
5.75260334e-001
0.00000000e+000
-4.42081082e-001
-1.19094027e+000
3.66834385e-001
3.92418021e-001
2.62602824e-001
-5.06923599e-002
0.00000000e+000
2.02257402e-001
-2.10204408e-002
-7.43241706e-002
-3.54851905e-002
5.94228953e-002
1.91180214e-001
-6.41330436e-002
3.50685722e-002
-5.16288315e-002
1.61412900e-001
-2.02337854e-001
5.50076983e-002
1.38872390e-001
0.00000000e+000
9.27742779e-002
-9.00459977e-002
4.50174471e-002
-1.98191828e-001
4.95644021e-002
1.38392900e-001
-6.79242749e-001
-2.91282551e-001
-3.41033450e-001
7.33285330e-001
2.70866992e-001
4.24596097e-001
2.68667631e-001
-2.94541113e-001
-1.31080975e+000
-2.73484954e-001
0.00000000e+000
0.00000000e+000
0.00000000e+000
9.97180842e-002
-2.92623263e-001
-2.02825435e-001
-9.51861073e-002
-6.92297887e-001
3.88927764e-002
3.91562666e-001
-4.62349602e-001
3.22551198e-001
0.00000000e+000
1.13031174e+000
3.16073382e-001
-8.18334909e-001
2.16020115e-001
3.94634130e-001
-5.66404723e-001
-5.16978794e-002
-4.26353282e-001
-1.28687333e-001
5.53511376e-001
-8.02621372e-002
0.00000000e+000
0.00000000e+000
0.00000000e+000
5.13348328e-002
2.65137595e-001
1.14980691e-001
-6.55136794e-002
-3.91097342e-001
1.71994361e-001
3.42049958e-002
1.07262412e-001
1.80492758e-001
0.00000000e+000
-2.91242047e-002
2.55268027e-001
-3.27300239e-001
4.79429387e-002
-3.05196611e-001
9.61229380e-002
-4.80734777e-002
-2.69560405e-001
3.19291854e-002
-1.06691383e-003
-1.39576388e+000
0.00000000e+000
0.00000000e+000
0.00000000e+000
4.69593568e-002
-1.23653423e+000
-2.67607979e-001
3.28292348e-001
-5.68028826e-001
5.65917589e-001
9.92821767e-001
2.64811490e-001
-2.36785340e-001
0.00000000e+000
4.65063827e-001
-3.51789465e-001
-9.27116774e-001
3.23013743e-001
1.76183578e-001
4.39933482e-001
-1.94856516e-001
-8.76592745e-001
-1.49144014e-001
-1.90305166e-001
-1.22637459e-001
0.00000000e+000
0.00000000e+000
0.00000000e+000
2.06196441e-001
-1.19857604e+000
2.55598894e-001
1.26607273e-001
-3.91510696e-001
2.80967673e-001
1.15874143e-002
2.83125303e-001
-1.62510865e-001
0.00000000e+000
1.46768035e-001
-2.04970060e-001
-3.51823759e-001
1.81719618e-002
3.36391814e-001
2.13207118e-001
5.09593728e-001
-4.16929891e-001
-1.58348579e-002
2.31303058e-001
136
3.06436165e-001
4.85275943e-001
-6.84204080e-003
1.49046348e-002
-4.00169026e-004
-1.49099910e-001
8.14857014e-004
-4.46445027e-002
-1.96286824e-004
1.06024272e-001
2.22670849e-001
-1.51767953e-002
0.00000000e+000
0.00000000e+000
0.00000000e+000
0.00000000e+000
0.00000000e+000
0.00000000e+000
0.00000000e+000
0.00000000e+000
4.50626736e-002
2.41696705e-003
-1.74652513e-001
-1.14516558e-001
2.15722061e-001
2.37866648e-001
9.45368874e-002
0.00000000e+000
-4.74170621e-001
3.21324175e-001
1.46493530e-001
0.00000000e+000
-7.52703933e-001
2.16802524e-001
3.76961227e-001
0.00000000e+000
-1.89920951e-002
3.00473955e-002
2.57233364e-001
0.00000000e+000
3.26379338e-003
-1.50526714e-001
3.50703520e-001
0.00000000e+000
0.00000000e+000
0.00000000e+000
3.26801496e-001
9.08458853e-002
9.44724612e-002
1.48152896e-001
-1.24551925e+000
0.00000000e+000
-1.26416241e+000
5.58332549e-001
-2.24499433e-001
-9.27675453e-001
1.25790375e-001
1.36145373e-001
-1.24143484e-001
1.35388761e-001
-3.18992200e-001
-3.99097362e-001
-2.47064310e-002
5.30660569e-001
-3.36275802e-002
-1.17212280e+000
0.00000000e+000
3.11327469e-001
-6.37535648e-002
2.50650920e-002
-5.02274033e-002
1.96110192e-001
1.48301345e-001
-3.63194652e-001
8.47737707e-002
-2.42710513e-001
0.00000000e+000
4.88122781e-002
-4.07312404e-001
1.00333305e-001
-1.87039610e-001
-1.05562004e-001
3.41662454e-001
2.10626139e-001
1.07131507e-001
-2.59243520e-001
-1.54844832e-002
-1.12866803e+000
-5.19512629e-001
0.00000000e+000
0.00000000e+000
0.00000000e+000
3.01027575e-001
-1.23295214e+000
8.55314244e-002
2.30201723e-001
-1.26586065e+000
1.23983882e-001
4.65870671e-001
2.18578401e-001
-4.52926380e-002
0.00000000e+000
1.22541818e+000
-1.42877716e-001
-9.78249980e-001
5.10737904e-001
4.95348314e-001
5.14747374e-004
2.68863803e-001
-1.17044116e+000
-4.81699112e-002
4.38254935e-001
-1.39033302e+000
0.00000000e+000
0.00000000e+000
0.00000000e+000
4.20704568e-001
-2.42085411e+000
2.09569346e-001
6.85277697e-001
-1.15718161e+000
8.18692931e-001
7.52385565e-001
3.35433752e-001
-5.48697955e-001
0.00000000e+000
1.15023026e+000
-5.43253414e-001
-1.04352895e+000
7.20173287e-001
-4.64944065e-001
4.59189325e-001
2.99735325e-001
-1.46769430e+000
-1.64350594e-001
5.68779911e-001
19 1
-8.8657e-001 3.9661e-001
8 0
1 0 2 3 32 8 7 6 
217
2.87746722e-001
-1.63025731e-001
-1.77078930e-001
5.48003906e-002
5.20450291e-002
-1.09840102e-002
1.58025212e-002
5.44603850e-002
3.17953134e-003
8.79157286e-003
1.25471131e-003
3.38418999e-003
2.15464929e-001
7.00250722e-002
1.72936163e-001
-1.25469510e-003
1.80160221e-001
-9.26044687e-002
1.44033526e-003
3.62873290e-001
-6.20941858e-002
2.63279729e-003
3.14716573e-001
2.69509213e-001
1.48027396e-004
1.55712559e-001
-1.62723712e-001
1.65801141e-001
2.84669292e-001
0.00000000e+000
0.00000000e+000
0.00000000e+000
0.00000000e+000
0.00000000e+000
0.00000000e+000
0.00000000e+000
0.00000000e+000
4.38376935e-002
-2.28010204e-001
-2.55723466e-001
-1.73165708e-001
4.82044497e-002
3.19735469e-001
5.32868487e-001
0.00000000e+000
-6.96366898e-001
1.08176749e-001
3.62135340e-001
0.00000000e+000
-8.69374044e-001
1.35850144e-001
5.00402783e-001
0.00000000e+000
2.16661744e-001
-3.38694663e-001
1.52472711e-001
0.00000000e+000
7.08030589e-001
-1.14667902e-001
1.23120170e-001
-2.39451046e-001
2.92624124e-001
2.34573644e-001
5.33251915e-002
-2.62660864e-001
-1.05598671e+000
2.86935711e-001
-8.06025511e-001
2.10146683e-001
2.00133212e-001
0.00000000e+000
-6.31309868e-001
-8.13472615e-001
6.03278159e-001
5.27507149e-001
3.25517171e-001
2.53692900e-001
-1.25538216e-001
-7.00768015e-002
-5.42825431e-001
3.67668782e-001
-1.53595591e-001
1.15692957e-001
2.92220405e-001
0.00000000e+000
-4.59175927e-001
-1.05412477e+000
3.92401677e-001
4.68944130e-001
3.54520971e-001
-1.00531153e-001
0.00000000e+000
2.59178749e-001
2.66162883e-002
1.89350510e-001
-2.00971140e-001
-1.60782537e-001
2.75631417e-001
1.06341094e-001
4.28158171e-002
-7.10979274e-002
1.42652215e-001
-2.35989378e-002
-4.06240379e-003
2.21494075e-002
0.00000000e+000
2.19410232e-001
-1.50924770e-001
7.78281004e-002
-4.46658999e-001
-9.49161030e-003
-4.09228793e-001
-6.05611111e-001
-2.49886781e-001
-4.45622370e-001
7.67964564e-001
3.64507674e-001
3.75280050e-001
3.59857720e-001
-5.14347852e-002
-1.29730006e+000
-2.44153144e-002
0.00000000e+000
0.00000000e+000
0.00000000e+000
1.29238992e-001
-1.86947785e-001
-1.82037493e-001
-3.78531230e-001
-7.91440135e-001
2.89142236e-001
5.64192654e-001
-6.54445613e-001
7.54024607e-001
0.00000000e+000
1.10366659e+000
7.39475417e-001
-1.09021241e+000
3.08860897e-001
4.56200021e-001
-9.67977603e-001
-2.19521853e-001
-4.69581700e-001
-7.26973600e-002
6.44176449e-001
-1.53344535e-001
0.00000000e+000
0.00000000e+000
0.00000000e+000
2.88920757e-002
1.90536145e-001
8.52098924e-002
2.00785356e-001
-3.03454303e-001
2.56390913e-002
-7.23049676e-002
2.66426342e-001
-1.08005176e-001
0.00000000e+000
-2.33274630e-002
-6.11506911e-003
-7.56067081e-002
6.68682472e-002
-4.45140425e-001
3.82679343e-001
1.90267247e-001
-4.20864387e-001
3.70943716e-002
-1.72924147e-001
-1.33578586e+000
0.00000000e+000
0.00000000e+000
0.00000000e+000
4.60523253e-002
-1.15873349e+000
1.87224048e-001
3.88997308e-001
-4.40497275e-001
9.97570065e-001
7.25649339e-001
2.75918078e-001
-3.72680533e-001
0.00000000e+000
6.22467034e-001
-6.12843430e-001
-1.17917768e+000
8.53459696e-002
3.53705986e-001
3.62038730e-001
-1.73453145e-001
-8.48681261e-001
-2.63972412e-001
-3.30715522e-001
-1.03806443e-001
0.00000000e+000
0.00000000e+000
0.00000000e+000
1.49136464e-001
-7.36764245e-001
1.75960264e-001
1.10155886e-001
-2.84393707e-001
1.85679900e-001
-1.15186459e-001
1.87527235e-001
-8.52867953e-002
0.00000000e+000
-1.65934177e-002
-1.82000309e-001
-2.86151377e-001
1.83288168e-001
-1.06687734e-002
1.42172285e-001
4.46129466e-001
-3.14542889e-001
-5.80028783e-003
3.53532149e-001
136
2.00250655e-001
4.61528053e-001
-1.06329158e-002
2.40990395e-002
-1.52306925e-003
-1.80799677e-001
7.86329833e-004
-1.04576760e-001
-3.70378001e-004
4.71434230e-002
1.68926495e-001
-1.23349066e-002
0.00000000e+000
0.00000000e+000
0.00000000e+000
0.00000000e+000
0.00000000e+000
0.00000000e+000
0.00000000e+000
0.00000000e+000
1.17773793e-001
-1.30389372e-003
-1.79524926e-001
-1.66471639e-001
2.86514354e-002
2.72679339e-001
1.28446547e-001
0.00000000e+000
-4.29633418e-001
2.80949809e-001
5.51667119e-002
0.00000000e+000
-6.47661285e-001
2.53267664e-001
2.67018957e-001
0.00000000e+000
2.74172738e-002
3.93462816e-002
1.85878698e-001
0.00000000e+000
5.52254702e-002
-1.85641124e-001
2.98915616e-001
0.00000000e+000
0.00000000e+000
0.00000000e+000
2.87594114e-001
1.00328518e-001
-1.31266751e-002
1.97687606e-001
-1.07526805e+000
0.00000000e+000
-1.02794776e+000
5.73058620e-001
-1.40324029e-001
-9.50193673e-001
4.24016678e-002
1.16723689e-001
-7.52008407e-002
1.27953732e-001
-2.35289577e-001
-3.07129904e-001
3.10679987e-002
5.40528676e-001
-1.45083655e-002
-1.24122924e+000
0.00000000e+000
2.12116715e-001
-3.69577922e-002
-1.05388438e-002
-4.15697971e-002
1.47510775e-001
7.60014803e-002
-3.09927045e-001
6.15423384e-002
-1.71596814e-001
0.00000000e+000
8.50961747e-002
-4.55356316e-001
1.06974419e-001
-3.20518157e-001
-1.28667013e-001
2.80182155e-001
2.16785831e-001
1.04869508e-001
-2.32007924e-001
-1.87734379e-001
-1.14822746e+000
-5.62716102e-001
0.00000000e+000
0.00000000e+000
0.00000000e+000
2.62106923e-001
-1.00219501e+000
8.39414324e-002
1.78717916e-001
-1.24852755e+000
1.26478240e-001
4.17000693e-001
1.20290657e-001
-2.98081220e-002
0.00000000e+000
1.17158003e+000
-5.96296700e-002
-1.05797804e+000
4.96946312e-001
4.83420380e-001
-4.89296823e-002
2.10551289e-001
-1.10749708e+000
-7.09758046e-002
5.11790998e-001
-1.41661050e+000
0.00000000e+000
0.00000000e+000
0.00000000e+000
4.32324211e-001
-2.39499375e+000
1.24904132e-001
6.38247056e-001
-1.22664474e+000
7.31406328e-001
8.82613338e-001
3.84127527e-001
-5.23635408e-001
0.00000000e+000
1.12482340e+000
-5.64838336e-001
-1.09691113e+000
6.70370582e-001
-3.21076343e-001
5.33450607e-001
2.85977420e-001
-1.47447797e+000
-1.79559743e-001
5.57282329e-001
13 2
-1.0523e+000 4.0941e-001
8 3
1 0 2 3 32 8 7 6 
217
-1.75658751e-001
-1.28051836e-001
2.34518450e-001
-7.14326513e-001
-1.30889112e-001
-1.08487264e-001
-2.60025209e-001
2.08042905e-001
1.61570124e-004
2.12892756e-001
3.04151977e-001
-1.31929530e-001
-8.90579764e-002
-4.67645804e-001
0.00000000e+000
0.00000000e+000
0.00000000e+000
0.00000000e+000
0.00000000e+000
0.00000000e+000
0.00000000e+000
0.00000000e+000
0.00000000e+000
-1.73232704e-001
4.21158994e-004
1.45154434e-002
3.88460709e-002
3.15388429e-002
-2.46043664e-001
0.00000000e+000
0.00000000e+000
0.00000000e+000
0.00000000e+000
0.00000000e+000
0.00000000e+000
0.00000000e+000
0.00000000e+000
-3.54886829e-002
-1.82885231e-001
-2.52884131e-001
-2.33458296e-001
-1.08315329e-001
3.26354013e-001
3.11018906e-001
0.00000000e+000
-9.52411861e-001
-1.04345261e-001
2.62621621e-001
0.00000000e+000
-7.37594005e-001
6.56195479e-002
4.81969659e-001
0.00000000e+000
3.61260920e-001
-2.98854066e-001
3.26746414e-001
0.00000000e+000
3.28343885e-001
-1.18696614e-001
2.09681011e-001
-3.06142262e-001
1.09977583e-001
2.05059282e-002
2.84279021e-002
-4.84704295e-001
-1.03454139e+000
-5.44034757e-003
-1.18792524e-001
2.86057990e-001
2.07613029e-001
0.00000000e+000
-1.00040106e+000
-9.78376451e-001
4.44920368e-001
2.00762225e-001
3.79821943e-001
3.93642601e-001
-1.62520443e-001
-2.42461790e-001
-3.65679272e-001
3.48119919e-002
1.60603997e-002
1.94511491e-001
1.37521750e-001
0.00000000e+000
-9.84140300e-001
-1.57361944e+000
5.98036490e-001
2.71163633e-001
2.10445059e-001
5.85134427e-002
0.00000000e+000
1.37474729e-001
1.37578951e-001
-2.30875247e-001
-1.07719983e-001
-8.22582324e-002
-1.27834913e-002
2.77625270e-002
2.52496723e-001
-2.76518753e-002
-2.86288468e-001
-2.67757855e-001
-1.69629533e-001
-1.00059980e-001
0.00000000e+000
4.33569806e-001
-2.41981355e-001
-3.71112103e-001
-3.49884995e-001
-2.38116453e-001
-3.40555108e-001
-6.75726415e-001
-2.71180750e-001
-1.57207546e-001
2.73066913e-001
1.82255762e-001
4.98181501e-001
1.96256310e-001
6.93947347e-001
-1.39330855e+000
-4.92973370e-001
0.00000000e+000
0.00000000e+000
0.00000000e+000
1.99832334e-001
-2.95823488e-001
-8.26693385e-002
-3.52508476e-002
-2.65031286e-001
3.05183809e-001
5.01082074e-001
6.69639189e-002
-2.02037328e-001
0.00000000e+000
7.08383416e-001
-3.68034499e-001
-4.36841646e-001
6.50450909e-002
-2.78701664e-001
2.54426946e-002
-1.83489902e-001
-2.02734012e-001
3.33536564e-003
-1.76280616e-002
2.56593881e-001
0.00000000e+000
0.00000000e+000
0.00000000e+000
7.64594519e-002
-4.73432106e-001
1.28281773e-002
7.03277070e-002
-3.95955857e-001
-1.52484093e-001
3.76435682e-002
-1.88235634e-001
5.79858789e-002
0.00000000e+000
3.28710694e-001
3.38052915e-001
-2.42283327e-001
1.79670775e-001
3.23749450e-002
1.10693255e-001
2.62492463e-001
-2.27238357e-001
1.18871712e-001
3.10111713e-001
-1.02075844e+000
0.00000000e+000
0.00000000e+000
0.00000000e+000
-1.26995463e-002
-4.04268184e-001
6.59569525e-002
2.41544494e-001
-2.84021292e-001
3.22684730e-002
1.24369035e-001
1.17167821e-001
-5.51473445e-001
0.00000000e+000
4.96020010e-001
-1.18050382e-001
-2.35869600e-001
1.69801877e-001
-3.49445486e-001
9.32108444e-002
-1.38180735e-001
-2.68137650e-001
-7.06853567e-002
7.17337288e-002
-1.83647601e-001
0.00000000e+000
0.00000000e+000
0.00000000e+000
6.57451575e-002
-7.08552297e-001
4.63585508e-002
1.09518340e-002
-2.25683447e-001
5.50809952e-001
1.95884685e-001
8.67775817e-002
2.46588192e-001
0.00000000e+000
-6.78522153e-003
-1.53737321e-001
-5.91042778e-001
8.18150618e-002
4.80150295e-001
1.74960474e-001
1.74778816e-001
-4.37340171e-001
-9.88125333e-002
-7.65144308e-002
136
3.31862059e-001
0.00000000e+000
0.00000000e+000
0.00000000e+000
0.00000000e+000
0.00000000e+000
0.00000000e+000
2.96131268e-001
2.92842881e-003
-4.69320029e-003
1.97528992e-001
1.42763905e-001
0.00000000e+000
0.00000000e+000
0.00000000e+000
0.00000000e+000
0.00000000e+000
0.00000000e+000
0.00000000e+000
0.00000000e+000
4.57110711e-002
-3.15029325e-002
-1.96387561e-001
-1.31724583e-001
1.09971201e-001
2.75926751e-001
2.59868111e-001
0.00000000e+000
-6.80011329e-001
4.21887308e-001
1.81468298e-001
0.00000000e+000
-9.63859642e-001
3.96958213e-001
3.18447652e-001
0.00000000e+000
-1.24660894e-001
2.14357295e-001
2.88539645e-001
0.00000000e+000
-7.96717382e-002
4.54858331e-003
3.53858668e-001
0.00000000e+000
0.00000000e+000
0.00000000e+000
6.18406042e-001
4.19345356e-001
-7.90774494e-002
2.85875665e-001
-1.13061537e+000
0.00000000e+000
-1.87579448e+000
4.21043326e-001
-3.57839042e-001
-8.43795652e-001
1.20547930e-001
1.81032392e-001
2.38503542e-004
1.23964519e-001
-3.94158861e-001
-3.53861813e-001
-6.04908421e-002
4.71052934e-001
-2.02685777e-002
-1.05947931e+000
0.00000000e+000
3.49038778e-001
-4.15071340e-002
2.31368310e-002
-4.34268317e-002
1.26502782e-001
1.26298529e-001
-2.10340611e-001
5.58081353e-002
-2.17739815e-001
0.00000000e+000
-2.86685667e-001
-3.99269345e-001
-1.35928147e-002
-2.93592013e-001
-9.29684493e-002
3.71549360e-001
3.39331377e-001
8.90973516e-002
-2.94263918e-001
-2.97110798e-001
-1.13339708e+000
-6.16459564e-001
0.00000000e+000
0.00000000e+000
0.00000000e+000
2.19315076e-001
-5.71410796e-001
6.51553796e-002
1.03654305e-001
-1.25040610e+000
1.78663010e-001
4.33823735e-001
1.07761210e-001
1.33580613e-001
0.00000000e+000
1.06333324e+000
1.08843319e-001
-1.04561070e+000
4.07534573e-001
4.35588309e-001
-2.03411314e-001
1.43248858e-001
-1.19132577e+000
-1.50186846e-001
3.95390333e-001
-1.43283165e+000
0.00000000e+000
0.00000000e+000
0.00000000e+000
4.57700474e-001
-2.47544806e+000
2.02882787e-001
7.05668263e-001
-1.16069711e+000
6.63232765e-001
8.64162190e-001
4.19505850e-001
-6.53383382e-001
0.00000000e+000
1.13436816e+000
-5.85230328e-001
-1.08286313e+000
6.50763159e-001
-3.81929283e-001
5.22285383e-001
2.88066266e-001
-1.43632955e+000
-1.35624795e-001
5.70038684e-001
