0 1 -999999999 -1 -1
1 1 0 -1 -1
-0.04868 -0.02836
356
5.74539663e-001
4.56107046e-002
5.28928958e-001
1.05592867e+000
-4.85164804e-001
-1.18721544e-001
1.33154703e-001
6.79211994e-002
1.40204610e-001
2.44370944e-001
-4.29205211e-001
-4.49591803e-002
-1.65672989e-001
3.66993704e-001
4.57094569e-001
2.31840397e-001
0.00000000e+000
0.00000000e+000
0.00000000e+000
0.00000000e+000
0.00000000e+000
0.00000000e+000
0.00000000e+000
0.00000000e+000
0.00000000e+000
0.00000000e+000
0.00000000e+000
0.00000000e+000
0.00000000e+000
0.00000000e+000
0.00000000e+000
0.00000000e+000
0.00000000e+000
0.00000000e+000
0.00000000e+000
0.00000000e+000
0.00000000e+000
0.00000000e+000
0.00000000e+000
0.00000000e+000
0.00000000e+000
0.00000000e+000
0.00000000e+000
0.00000000e+000
0.00000000e+000
0.00000000e+000
0.00000000e+000
0.00000000e+000
0.00000000e+000
0.00000000e+000
0.00000000e+000
-7.64655010e-001
-4.87705647e-001
-9.68119105e-001
0.00000000e+000
0.00000000e+000
0.00000000e+000
0.00000000e+000
2.81391144e-001
-2.50035436e-003
7.17400082e-002
4.59616704e-001
5.91156273e-001
-3.19390166e-001
2.27230676e-001
-5.94522554e-001
-5.96978438e-001
9.55787278e-001
0.00000000e+000
0.00000000e+000
0.00000000e+000
2.54004457e-001
-3.62641591e-003
5.33866974e-002
2.65904725e-001
-1.90622951e-003
-1.38599740e-001
-7.37907336e-002
1.70928314e-003
-6.47725668e-002
9.27260334e-001
8.83471841e-002
3.15826780e-001
-3.32817920e-001
-5.58494710e-001
1.34417995e-001
0.00000000e+000
0.00000000e+000
0.00000000e+000
0.00000000e+000
-1.11334254e+000
-2.46740596e-001
-2.21531529e+000
-7.13559846e-001
-6.69120802e-001
-6.15004658e-001
4.47564827e-001
3.80159236e-002
6.62066593e-001
1.15451025e-001
-6.58793099e-002
-6.01611665e-002
0.00000000e+000
0.00000000e+000
1.01586370e+000
1.26814163e+000
1.17892259e+000
6.81230129e-001
2.60009503e-001
3.35535122e-001
-1.87795856e-001
-1.02502309e+000
1.07242357e+000
3.16178850e-001
9.53380324e-002
-5.01639256e-001
-1.06497486e+000
-1.60152877e+000
0.00000000e+000
0.00000000e+000
0.00000000e+000
0.00000000e+000
0.00000000e+000
0.00000000e+000
8.29391533e-001
8.67923324e-003
3.10575831e-001
-6.57345027e-002
-4.88372717e-001
-1.27440345e+000
3.64598963e-002
-4.79768079e-002
-1.80337577e-001
-4.93330538e-002
-2.57238044e-001
-1.79485778e-001
4.91168157e-001
1.81861999e-001
1.35852718e-001
-6.92813447e-003
-3.57602591e-002
-6.17705878e-001
1.52249307e-001
4.60141379e-001
2.83118102e-001
-3.78604513e-002
-4.13802579e-002
-6.41615241e-001
1.24287841e+000
0.00000000e+000
0.00000000e+000
0.00000000e+000
0.00000000e+000
0.00000000e+000
0.00000000e+000
0.00000000e+000
-6.54600846e-001
-4.27333413e-001
0.00000000e+000
-1.78726834e-001
1.61852123e-001
1.45849294e-001
-6.03176159e-001
-6.60724427e-001
-4.41324036e-001
0.00000000e+000
0.00000000e+000
0.00000000e+000
-4.23795155e-001
-4.26780367e-001
2.16814077e-001
4.07767974e-001
-6.78659539e-001
-6.80040222e-001
1.54184575e-001
-8.47178477e-001
1.23000943e+000
0.00000000e+000
4.72125330e-001
-5.53045878e-004
-6.95205818e-001
8.50689862e-001
-2.41452719e-002
-1.53345232e+000
4.67978604e-001
1.15723783e-001
3.73505089e-001
5.79687457e-001
2.88938252e-001
0.00000000e+000
0.00000000e+000
0.00000000e+000
1.49655004e-002
-2.38850182e-002
-7.53756899e-002
-2.86271031e-001
2.22286917e-001
3.19195347e-001
-7.48533747e-002
2.82793168e-001
-3.64998148e-002
0.00000000e+000
-3.11671897e-001
7.29532357e-002
-6.52341338e-002
-8.25486925e-002
-2.07350265e-001
6.21737327e-001
-7.50831776e-002
-5.27858169e-002
1.20229921e-001
-7.36642525e-002
-1.40887160e-001
2.26918057e-001
0.00000000e+000
5.90084062e-001
2.12450145e-001
4.43530107e-001
1.48973405e-001
-3.65585456e-001
-3.83860916e-001
0.00000000e+000
0.00000000e+000
0.00000000e+000
-2.34490098e-001
2.53938970e-002
-7.15760134e-002
1.06038155e+000
-9.29165640e-002
4.06503928e-001
9.81460271e-001
-1.42190050e+000
1.16735012e-002
0.00000000e+000
3.40752455e-001
2.44799241e-001
2.60599428e-002
-2.52908913e-002
-6.88366399e-001
-8.89363794e-001
-4.08323280e-001
-1.02024186e-002
6.72069884e-002
2.94337270e-001
-3.67805217e-001
5.16577697e-001
2.70237704e-001
5.18811116e-001
-3.00436876e-001
-6.50659337e-002
0.00000000e+000
-1.06521497e-001
1.94693220e-001
3.87645648e-001
1.78339773e-001
-6.31051355e-001
-2.35370942e-001
7.63825467e-002
1.37360976e-001
9.45641932e-002
-5.14875133e-001
0.00000000e+000
0.00000000e+000
0.00000000e+000
-5.99637749e-002
-2.18803008e-001
-1.12188167e-002
-2.02972285e+000
-3.46436908e-001
4.91807647e-001
-1.11812724e+000
1.04797969e+000
6.21743757e-001
0.00000000e+000
3.53506988e-001
-4.07311235e-001
-5.95725184e-001
6.85372299e-001
2.05085840e-001
3.29144585e-001
1.11835902e-001
-4.38118083e-001
7.80489886e-002
7.86026282e-001
3.82803596e-001
0.00000000e+000
0.00000000e+000
0.00000000e+000
-1.34130709e-001
-2.70188801e-001
2.00904381e-002
5.10917386e-001
8.75424251e-002
4.00367872e-002
4.63300015e-001
-3.13169428e-001
1.20934295e-001
0.00000000e+000
-2.07400781e-001
1.42500809e-001
-1.73318000e-001
7.88218131e-003
-5.25044954e-002
-3.04716795e-002
5.77565043e-004
1.55724228e-001
1.74817923e-001
-1.60336563e-001
2.32732268e-001
3.14599226e-001
-8.87592503e-002
-1.34861578e-001
-9.38758294e-002
6.88203322e-001
2.00146307e-001
-5.73750403e-001
-6.18506219e-001
0.00000000e+000
0.00000000e+000
0.00000000e+000
1.20916185e-002
7.67564234e-002
1.81964036e-001
-1.23926630e+000
-4.81119463e-002
-4.53159964e-001
-1.29619147e+000
1.07036096e+000
2.59341832e-001
0.00000000e+000
-2.18077499e-001
-2.49717201e-001
1.09937280e-001
4.15512641e-002
4.53188468e-001
5.20248556e-001
4.73202535e-001
5.83531724e-002
-2.66118094e-002
-3.44366168e-001
-8.18669574e-002
0.00000000e+000
7.21833505e-001
1.72249232e-001
-7.47607401e-001
-1.68749932e-001
-3.86125932e-001
-2.92524101e-001
5.54853152e-001
4.53478112e-001
1.21601366e-001
-7.43829410e-001
-5.78857469e-001
4.73891667e-002
7.50933591e-001
6.26384622e-001
247
-8.76042347e-001
-8.76042347e-001
0.00000000e+000
9.01082928e-001
-1.77712528e+000
0.00000000e+000
-1.06938862e+000
5.62163399e-001
1.20296622e-001
5.21498023e-001
2.20249606e-001
5.40025691e-001
-4.89069303e-001
5.90078288e-002
0.00000000e+000
0.00000000e+000
0.00000000e+000
0.00000000e+000
0.00000000e+000
0.00000000e+000
0.00000000e+000
0.00000000e+000
0.00000000e+000
0.00000000e+000
0.00000000e+000
0.00000000e+000
0.00000000e+000
0.00000000e+000
0.00000000e+000
0.00000000e+000
0.00000000e+000
0.00000000e+000
0.00000000e+000
0.00000000e+000
0.00000000e+000
0.00000000e+000
0.00000000e+000
0.00000000e+000
0.00000000e+000
0.00000000e+000
0.00000000e+000
0.00000000e+000
0.00000000e+000
0.00000000e+000
0.00000000e+000
5.18769468e-001
-3.51609277e-003
-1.18139246e-001
2.35178129e-003
0.00000000e+000
0.00000000e+000
-3.92579227e-001
-3.90057087e-001
-2.18759531e-001
0.00000000e+000
0.00000000e+000
0.00000000e+000
0.00000000e+000
0.00000000e+000
9.46623760e-001
4.21094329e+000
0.00000000e+000
0.00000000e+000
0.00000000e+000
0.00000000e+000
0.00000000e+000
-9.85683614e-001
1.96517565e-002
-1.48203280e-001
-1.48082813e-002
-1.07418809e+000
-5.07163431e-001
-1.68952623e+000
0.00000000e+000
0.00000000e+000
0.00000000e+000
0.00000000e+000
0.00000000e+000
0.00000000e+000
-3.12591864e-002
-4.67999002e-001
-1.05522358e-001
-5.75719503e-001
-1.66947765e+000
-2.18092735e+000
2.80564491e+000
2.91747343e+000
2.86984158e+000
2.88162818e+000
3.04145086e+000
3.51724273e+000
2.30294384e-001
2.89676122e-001
6.42004494e-001
7.77743222e-001
2.63427079e-001
-3.08891991e-001
0.00000000e+000
-6.66529881e-002
-3.78080656e-001
0.00000000e+000
0.00000000e+000
0.00000000e+000
1.59157145e+000
0.00000000e+000
0.00000000e+000
0.00000000e+000
-2.41153320e+000
-4.85334120e-001
0.00000000e+000
0.00000000e+000
-2.27269017e-001
-1.59539709e+000
3.30921940e-001
-4.68537780e-001
-1.82266611e+000
0.00000000e+000
0.00000000e+000
0.00000000e+000
8.87937811e-001
0.00000000e+000
1.77351772e-001
-2.95060477e-001
-2.43117245e+000
8.93339286e-001
-5.40661448e-001
1.11514589e+000
-3.49985342e-001
0.00000000e+000
1.07450433e+000
-7.26927984e-001
-7.02698286e-001
-4.37688603e-001
-2.89674606e+000
2.60333503e-001
2.94054565e-001
6.10484399e-001
1.18599169e-001
8.84929950e-001
-4.02032821e-001
-2.66013835e-001
0.00000000e+000
0.00000000e+000
2.73121731e-001
7.29299569e-002
0.00000000e+000
0.00000000e+000
0.00000000e+000
1.96347114e-001
0.00000000e+000
1.03156633e-001
2.89666803e-002
4.85728842e-001
-6.52510778e-002
4.60974922e-002
4.80572278e-001
6.35953516e-001
0.00000000e+000
1.21829763e-001
8.07722592e-001
2.44384907e-001
4.29828630e-001
1.42508526e+000
3.57147766e-001
1.37117591e-001
-4.62786304e-001
1.10848030e-001
9.81680786e-002
-1.36018986e-001
0.00000000e+000
0.00000000e+000
0.00000000e+000
-1.42063329e+000
3.87448187e-002
0.00000000e+000
0.00000000e+000
0.00000000e+000
-1.45937810e+000
0.00000000e+000
0.00000000e+000
0.00000000e+000
-1.37615839e-001
0.00000000e+000
0.00000000e+000
0.00000000e+000
1.16799517e+000
0.00000000e+000
1.12056977e+000
1.14237394e+000
0.00000000e+000
1.29853113e+000
7.83835122e-001
1.66024090e+000
-3.40070813e-001
0.00000000e+000
1.76394225e+000
4.71844282e-001
-1.49766204e-001
1.59006914e+000
-4.83461636e-001
1.42826999e+000
1.01227321e+000
2.56361976e-001
8.44178849e-001
1.81045450e+000
3.01790931e-001
4.58251112e-001
0.00000000e+000
-1.72282874e-001
3.28094623e-002
-9.37656679e-002
0.00000000e+000
0.00000000e+000
0.00000000e+000
1.44920674e-001
0.00000000e+000
-1.47580480e-002
5.39328032e-001
0.00000000e+000
4.75470495e-001
9.94481983e-001
-6.26539338e-001
0.00000000e+000
0.00000000e+000
4.49791079e-001
3.00918514e-001
1.92047523e-001
4.92916919e-002
0.00000000e+000
-2.88703580e-001
3.85824342e-002
0.00000000e+000
2.11811914e-001
3.95099536e-001
-1.56460181e-001
0.00000000e+000
4.53175287e-001
1.42741940e-001
-4.39406770e-001
-1.27329172e-001
0.00000000e+000
5.91371328e-001
5.67526483e-001
-3.12077598e-001
0.00000000e+000
0.00000000e+000
3.47472389e-002
1 0 -999999999 0 -1
1 1 0 1 -1
-6.6361e-002 2.7049e-001
356
4.39475550e-002
4.39475550e-002
0.00000000e+000
7.65240794e-001
-2.27402387e-001
-6.83847298e-001
7.58625961e-001
-3.79915569e-001
1.43261434e-001
1.23195094e-001
1.43140817e-003
-3.18542183e-001
3.13281000e-001
3.85924391e-001
4.18539127e-001
-3.92227238e-002
0.00000000e+000
0.00000000e+000
0.00000000e+000
0.00000000e+000
0.00000000e+000
0.00000000e+000
0.00000000e+000
0.00000000e+000
0.00000000e+000
0.00000000e+000
0.00000000e+000
0.00000000e+000
0.00000000e+000
0.00000000e+000
0.00000000e+000
4.39475550e-002
0.00000000e+000
-7.21293239e-001
-2.27402387e-001
0.00000000e+000
1.46678521e-002
4.72858102e-001
3.65815824e-001
2.92382693e-001
4.04135078e-001
0.00000000e+000
0.00000000e+000
0.00000000e+000
0.00000000e+000
0.00000000e+000
0.00000000e+000
0.00000000e+000
0.00000000e+000
0.00000000e+000
0.00000000e+000
7.65639040e-003
-1.54186550e-001
-3.94885107e-001
0.00000000e+000
0.00000000e+000
0.00000000e+000
0.00000000e+000
-1.69598027e-001
4.50397705e-001
1.56903933e-001
4.15250411e-001
5.98309140e-001
-5.24412429e-001
-8.59336933e-002
-2.22496114e-001
-4.55733797e-001
-7.55595910e-001
-3.92113728e-001
7.47298079e-003
-2.60810032e-001
4.21993452e-002
2.23661037e-003
-3.57832755e-001
3.93861938e-001
1.85491895e+000
-7.45427607e-001
0.00000000e+000
0.00000000e+000
0.00000000e+000
0.00000000e+000
0.00000000e+000
-4.62573436e-001
-3.81584018e-001
-2.89738496e-001
1.18726878e+000
0.00000000e+000
0.00000000e+000
0.00000000e+000
0.00000000e+000
-1.72435941e-001
-2.64947496e-001
-5.68161699e-001
-4.41090562e-001
-1.07752840e-001
-2.14631121e-001
-1.47376880e-001
1.01545723e-001
-3.16801231e-001
2.32575700e-002
0.00000000e+000
0.00000000e+000
0.00000000e+000
0.00000000e+000
7.21118373e-001
7.93101004e-001
1.00280759e+000
8.41379114e-001
1.21799405e-001
1.16533259e-001
-6.35316588e-002
-8.54682441e-001
2.30880884e-001
-4.75333499e-002
1.53929569e-001
-1.96222025e-001
-6.13614727e-001
-1.36891643e+000
0.00000000e+000
0.00000000e+000
0.00000000e+000
0.00000000e+000
0.00000000e+000
0.00000000e+000
1.10762807e+000
-1.64274409e-001
5.83866683e-001
8.81830776e-002
-5.23961963e-001
-1.50025451e+000
9.93480330e-001
8.81270894e-001
7.69261939e-001
8.00468030e-001
9.49478936e-001
6.69682260e-001
-9.54116362e-001
-1.09427350e+000
-1.21930573e+000
-1.38095040e+000
-1.28381021e+000
-1.86145470e+000
6.07607818e-001
4.88952323e-001
1.91881825e-001
-5.17861948e-003
-4.71689540e-001
-8.06872145e-001
1.16430526e+000
0.00000000e+000
0.00000000e+000
0.00000000e+000
0.00000000e+000
0.00000000e+000
0.00000000e+000
0.00000000e+000
-7.80017306e-001
-5.93245437e-001
8.29000501e-003
0.00000000e+000
-1.08233356e+000
-1.09499207e-001
3.96872735e-001
-6.39654242e-001
-6.85460823e-001
0.00000000e+000
0.00000000e+000
0.00000000e+000
-1.20592293e-001
-3.44822869e-001
-3.30551672e-001
1.41795575e-001
-1.11066422e+000
-7.33010682e-002
-1.58284954e-001
2.94153953e-001
4.23307933e-001
0.00000000e+000
-2.17708370e-001
4.28159068e-001
-8.88340268e-001
3.89037887e-001
-2.31017722e-001
1.27842887e-001
-1.45220006e-001
5.12822680e-001
5.46700482e-001
7.12221554e-002
4.10380593e-001
0.00000000e+000
0.00000000e+000
0.00000000e+000
1.35965998e-001
0.00000000e+000
-8.81632291e-002
-4.49578823e-001
0.00000000e+000
6.86088598e-003
8.41314272e-002
2.18908363e-002
-9.46604626e-001
0.00000000e+000
2.92345337e-001
-5.44504051e-002
3.91196631e-001
2.77210663e-002
1.19208640e-001
3.13519454e-001
3.14966666e-001
0.00000000e+000
0.00000000e+000
2.41370734e-001
2.12810712e-001
2.88090754e-001
8.52460353e-002
2.02844719e-001
0.00000000e+000
9.34126864e-002
7.99373801e-002
1.14740688e-001
-3.93127150e-001
0.00000000e+000
0.00000000e+000
0.00000000e+000
6.92197026e-002
0.00000000e+000
3.02798521e-001
7.40234649e-001
0.00000000e+000
1.31367358e-001
3.31535968e-001
-4.51756628e-001
8.43030834e-001
0.00000000e+000
-2.25066212e-002
6.85541142e-002
-8.03979875e-001
2.35867581e-001
-4.96426601e-001
-7.96517320e-001
-6.51995296e-001
0.00000000e+000
0.00000000e+000
1.07446463e-001
-7.52800427e-002
-5.96904177e-002
-1.55896250e-002
0.00000000e+000
-8.98271535e-001
0.00000000e+000
0.00000000e+000
0.00000000e+000
0.00000000e+000
0.00000000e+000
0.00000000e+000
0.00000000e+000
4.72152778e-001
4.72152778e-001
0.00000000e+000
0.00000000e+000
-7.49153449e-001
0.00000000e+000
0.00000000e+000
0.00000000e+000
-8.49375215e-001
-2.72512933e+000
-2.25819026e-001
6.62526987e-001
6.66194520e-002
2.67229015e-001
1.11132828e+000
8.29964104e-001
-1.43026315e+000
0.00000000e+000
-2.05442129e-001
-6.60963277e-001
-1.06353390e+000
6.46580362e-001
5.50657608e-001
1.17941414e+000
2.10759357e-001
-1.41021266e-001
6.26060802e-001
4.01253725e-001
4.41170025e-001
0.00000000e+000
0.00000000e+000
0.00000000e+000
5.57936634e-002
3.99183713e-001
-1.15599242e-001
-1.66250365e-001
8.62642966e-002
4.66935084e-002
-7.97046726e-002
-3.10940058e-001
3.43276436e-002
0.00000000e+000
1.47001025e-001
3.50290522e-001
4.81245971e-001
8.47325783e-002
-4.42756481e-001
-3.83589059e-001
-1.66457640e-001
1.68877738e-001
-3.41258072e-002
2.86182691e-001
1.46353942e-002
6.06992264e-002
0.00000000e+000
1.72177285e-001
-1.69850793e-001
1.60471534e-001
1.17761440e-001
-2.17533747e-001
-2.38410320e-001
0.00000000e+000
0.00000000e+000
0.00000000e+000
-1.13550697e-001
-1.09172545e+000
1.37286785e-001
-6.74720675e-001
1.85920108e-001
-3.43153676e-002
-5.14116885e-001
7.15556203e-001
-8.70650239e-001
0.00000000e+000
-4.84531236e-002
-1.11555770e-001
1.20579551e-001
1.09567378e-001
9.04628494e-001
9.53361929e-001
5.16586484e-001
-2.18798591e-001
1.43437109e-001
-3.47447562e-001
-4.60638322e-002
0.00000000e+000
7.22320966e-001
2.35966118e-001
-7.63788843e-001
-1.70198433e-001
0.00000000e+000
0.00000000e+000
1.78006989e-001
2.71681777e-001
-1.99126766e-002
-4.21967534e-001
-5.93590409e-001
0.00000000e+000
0.00000000e+000
3.28220960e-001
247
-8.74929890e-001
-8.74929890e-001
0.00000000e+000
8.16339122e-001
-1.69126901e+000
0.00000000e+000
-1.91657693e+000
9.05046716e-001
4.38483352e-001
3.18162552e-001
1.88918416e-001
2.19048505e-001
-5.70289086e-001
6.10220918e-001
0.00000000e+000
0.00000000e+000
0.00000000e+000
0.00000000e+000
0.00000000e+000
0.00000000e+000
0.00000000e+000
0.00000000e+000
0.00000000e+000
0.00000000e+000
0.00000000e+000
0.00000000e+000
0.00000000e+000
-8.74929890e-001
0.00000000e+000
8.16339122e-001
-1.69126901e+000
0.00000000e+000
1.78093889e-002
-7.48611623e-001
0.00000000e+000
0.00000000e+000
0.00000000e+000
0.00000000e+000
0.00000000e+000
0.00000000e+000
0.00000000e+000
-3.79610690e-001
8.98113499e-003
-3.26257315e-001
3.02882372e-003
-1.69061885e-001
2.65512455e-001
0.00000000e+000
0.00000000e+000
0.00000000e+000
0.00000000e+000
2.58925523e+000
2.23046852e+000
1.97350806e+000
0.00000000e+000
0.00000000e+000
0.00000000e+000
0.00000000e+000
0.00000000e+000
1.23242990e+000
9.09005457e-001
2.14067268e+000
1.35029658e-001
8.52766011e-002
-4.31593097e-001
-7.00457858e-001
-1.38643753e+000
4.54566047e-001
2.88856636e-001
5.49432463e-001
-5.68903517e-001
-7.48708429e-001
-1.92509345e+000
0.00000000e+000
0.00000000e+000
0.00000000e+000
0.00000000e+000
0.00000000e+000
0.00000000e+000
6.48951162e-001
3.17110014e-002
2.46709541e-001
-3.87777588e-001
-5.80260900e-001
-1.47144855e+000
2.23362338e+000
2.11306460e+000
2.00901443e+000
2.08221885e+000
2.28888125e+000
1.90646618e+000
-5.25742116e-001
-5.25114333e-001
-8.06527135e-001
-8.91754655e-001
-7.30836155e-001
-1.18538091e+000
-1.66402910e-001
3.84770924e-001
8.15423999e-002
-8.04386420e-002
2.63274925e-001
-3.48972320e-001
-1.57509543e-001
0.00000000e+000
0.00000000e+000
0.00000000e+000
-4.47509499e-001
-4.47163047e-001
-9.36614755e-001
0.00000000e+000
-1.79617029e+000
6.25425260e-001
5.22360069e-002
-7.50753135e-001
-1.17074503e+000
0.00000000e+000
0.00000000e+000
0.00000000e+000
-2.23372171e-001
0.00000000e+000
-3.14985166e-001
-4.12622258e-001
-1.08552322e-001
-2.22747107e-001
-1.24869551e-001
5.89794603e-001
-6.02392288e-001
0.00000000e+000
6.21055835e-002
3.92751473e-001
-2.59970759e-001
8.33252579e-001
-6.79300444e-002
7.54428269e-001
5.45253465e-001
8.49512448e-001
1.78452636e-001
-2.32429276e-001
4.27641237e-001
7.84555558e-001
9.79804632e-002
6.86575095e-001
0.00000000e+000
-1.19598632e-001
0.00000000e+000
0.00000000e+000
0.00000000e+000
2.51483654e-001
0.00000000e+000
-2.26920872e-001
1.84295708e-001
0.00000000e+000
3.92352288e-001
5.36532153e-001
-4.43517869e-002
0.00000000e+000
0.00000000e+000
4.46381014e-001
0.00000000e+000
-1.12540343e-001
-8.06911038e-001
1.20524532e-001
3.57861278e-001
1.09912143e-001
0.00000000e+000
0.00000000e+000
5.96941555e-001
-3.56914321e-001
-4.03855134e-001
4.69408130e-002
0.00000000e+000
-1.59838627e+000
0.00000000e+000
0.00000000e+000
0.00000000e+000
0.00000000e+000
9.82339581e-001
9.82339581e-001
0.00000000e+000
0.00000000e+000
-6.98517128e-001
0.00000000e+000
0.00000000e+000
0.00000000e+000
-5.37488005e-001
-1.70917026e+000
3.86212683e-001
9.71355309e-001
-4.94670490e-002
2.30209709e-001
7.41971503e-001
7.02125309e-001
-8.48665511e-001
0.00000000e+000
-5.08673215e-001
-7.93701998e-001
-5.16294139e-001
5.71707077e-001
1.42303301e-001
5.67656662e-001
5.35635314e-001
-6.56660348e-001
3.36420639e-001
-2.63994107e-001
2.09862730e-001
6.04489671e-001
0.00000000e+000
-2.11592929e-001
-3.91077158e-001
-6.86812915e-002
0.00000000e+000
0.00000000e+000
0.00000000e+000
-4.37203789e-002
0.00000000e+000
-3.81422815e-001
3.66742019e-002
-4.20704249e-001
-4.99064709e-002
-7.39677923e-002
-5.49656293e-001
6.71898700e-001
0.00000000e+000
1.13926648e-001
-1.63540328e-001
-3.26455392e-001
-2.18608295e-001
-9.14532320e-001
-6.79164368e-001
-5.60836673e-001
1.54800801e-002
-2.36575986e-001
1.03058598e-001
-3.94626941e-001
0.00000000e+000
6.54494459e-001
3.50456582e-002
-9.08379858e-001
-5.52253664e-001
0.00000000e+000
0.00000000e+000
6.30056967e-001
-3.56126194e-001
0.00000000e+000
0.00000000e+000
6.50027392e-001
7 1
2.0207e-001 -2.7823e-001
2 0
0 1 
217
4.39797734e-001
-1.07537490e+000
2.73858351e-001
-8.10244258e-001
5.69909339e-002
9.69653724e-002
1.55085509e-001
3.21719554e-001
3.53102201e-001
-3.05561061e-001
-1.11285458e-001
-1.09439623e-001
-1.40954527e-002
-9.84946714e-002
0.00000000e+000
0.00000000e+000
0.00000000e+000
4.44841821e-002
6.41586845e-003
3.50668712e-002
5.26172773e-003
5.37301819e-005
2.56582953e-001
3.90051824e-001
6.82623276e-004
8.45914732e-002
3.29850589e-001
2.37211991e-001
1.18295152e-001
-8.06145771e-002
-1.70689817e-001
0.00000000e+000
0.00000000e+000
0.00000000e+000
0.00000000e+000
0.00000000e+000
0.00000000e+000
8.22653358e-003
4.63548423e-001
0.00000000e+000
0.00000000e+000
0.00000000e+000
0.00000000e+000
0.00000000e+000
0.00000000e+000
3.75695742e-001
-3.67469208e-001
4.63548423e-001
0.00000000e+000
0.00000000e+000
0.00000000e+000
0.00000000e+000
0.00000000e+000
0.00000000e+000
0.00000000e+000
0.00000000e+000
0.00000000e+000
0.00000000e+000
0.00000000e+000
0.00000000e+000
4.63548423e-001
-3.67469208e-001
3.75695742e-001
0.00000000e+000
-3.99446431e-001
-6.80029747e-001
5.15488545e-001
9.94467597e-001
3.23755619e-001
9.92500023e-001
3.16247445e-001
2.74710738e-002
-3.21575888e-001
7.88281026e-002
-5.34817441e-001
1.72511124e-002
3.19880123e-001
0.00000000e+000
0.00000000e+000
0.00000000e+000
0.00000000e+000
0.00000000e+000
0.00000000e+000
0.00000000e+000
0.00000000e+000
0.00000000e+000
0.00000000e+000
0.00000000e+000
0.00000000e+000
0.00000000e+000
0.00000000e+000
0.00000000e+000
0.00000000e+000
0.00000000e+000
0.00000000e+000
0.00000000e+000
0.00000000e+000
0.00000000e+000
0.00000000e+000
0.00000000e+000
0.00000000e+000
0.00000000e+000
0.00000000e+000
0.00000000e+000
0.00000000e+000
0.00000000e+000
0.00000000e+000
0.00000000e+000
0.00000000e+000
0.00000000e+000
0.00000000e+000
0.00000000e+000
0.00000000e+000
0.00000000e+000
0.00000000e+000
0.00000000e+000
0.00000000e+000
0.00000000e+000
0.00000000e+000
-9.61049393e-001
-2.05524454e+000
-9.20578904e-001
0.00000000e+000
0.00000000e+000
0.00000000e+000
3.43592481e-001
-5.10452513e-001
-2.89726838e-002
-4.63767013e-001
-4.32495775e-001
1.26266564e-001
-9.64446142e-003
3.11131975e-001
1.12150273e-001
0.00000000e+000
5.34433522e-001
-5.18271728e-001
-6.06254078e-001
2.96549726e-001
-7.66121899e-002
-4.83646054e-001
2.13049361e-001
-1.53194230e-001
9.79379172e-002
3.27620005e-001
-3.42015413e-002
0.00000000e+000
0.00000000e+000
0.00000000e+000
2.15639649e-001
-8.58471803e-001
-1.34004028e-001
3.74845395e-001
-5.73726242e-001
-1.73855985e-001
2.77191877e-001
-1.51520791e-001
5.55781390e-002
0.00000000e+000
3.65815688e-001
2.20859417e-001
-3.39905775e-001
1.97472366e-001
-4.53873024e-002
8.90178464e-002
1.51501472e-001
-9.29592040e-002
1.64880731e-002
3.71219665e-001
-1.21314555e+000
0.00000000e+000
0.00000000e+000
0.00000000e+000
-5.11480248e-002
-5.22744293e-001
-4.05944689e-001
7.01687490e-001
-3.21262424e-001
-2.93875613e-001
7.78251252e-001
-4.48115633e-002
-1.20687972e-001
0.00000000e+000
2.93930058e-001
-1.88013154e-001
-4.47051122e-001
2.51382567e-001
-7.28205656e-001
3.93864174e-002
1.20127549e-001
-3.30361733e-001
-4.73215466e-002
1.03516907e-001
-3.53432328e-001
0.00000000e+000
0.00000000e+000
0.00000000e+000
6.29933794e-002
-9.62385680e-001
3.40521350e-001
7.23617053e-002
-1.50797838e-001
5.86182423e-001
-8.70430480e-003
1.12281274e-001
8.45977566e-002
0.00000000e+000
4.25043075e-002
-2.79539873e-001
-4.68291162e-001
6.21432835e-002
4.54745603e-001
7.29086377e-002
1.62866780e-002
-3.41931297e-001
-5.21062342e-002
2.79766487e-003
136
7.60513204e-001
0.00000000e+000
0.00000000e+000
3.58332540e-001
8.78028612e-003
1.44689689e-001
6.67297900e-004
2.57490975e-001
2.12630782e-003
6.35632933e-001
2.79612875e-001
4.27328163e-002
-9.41950037e-002
-1.57285987e-001
5.40322496e-002
0.00000000e+000
0.00000000e+000
0.00000000e+000
0.00000000e+000
-2.15445784e-001
3.31061774e-001
6.44897214e-001
0.00000000e+000
0.00000000e+000
0.00000000e+000
0.00000000e+000
0.00000000e+000
-2.15445784e-001
6.09491075e-001
-2.78429301e-001
6.44897214e-001
0.00000000e+000
0.00000000e+000
0.00000000e+000
0.00000000e+000
0.00000000e+000
0.00000000e+000
0.00000000e+000
0.00000000e+000
0.00000000e+000
0.00000000e+000
0.00000000e+000
0.00000000e+000
0.00000000e+000
0.00000000e+000
0.00000000e+000
0.00000000e+000
-4.93875084e-001
6.52805362e-001
-3.12252837e-001
-1.49543926e+000
4.00911550e-001
-6.86625867e-003
4.10474677e-003
2.03152121e-001
-6.79718615e-001
0.00000000e+000
0.00000000e+000
0.00000000e+000
0.00000000e+000
6.44897214e-001
-2.78429301e-001
6.09491075e-001
0.00000000e+000
0.00000000e+000
0.00000000e+000
0.00000000e+000
0.00000000e+000
0.00000000e+000
0.00000000e+000
0.00000000e+000
0.00000000e+000
0.00000000e+000
0.00000000e+000
0.00000000e+000
0.00000000e+000
0.00000000e+000
0.00000000e+000
0.00000000e+000
0.00000000e+000
0.00000000e+000
0.00000000e+000
0.00000000e+000
0.00000000e+000
0.00000000e+000
0.00000000e+000
-1.52438842e+000
-2.02221883e+000
-1.54553530e+000
0.00000000e+000
0.00000000e+000
0.00000000e+000
5.23388662e-001
-2.05382785e+000
1.88682246e-001
-4.05256880e-001
-1.55709464e+000
-1.61889393e-001
-9.97820725e-002
7.50178115e-001
2.50193608e-001
0.00000000e+000
1.07626635e+000
-7.18897322e-001
-1.21193205e+000
6.12426849e-001
5.54561776e-001
1.15620476e-001
6.65608542e-001
-5.93195152e-001
-1.70640308e-001
6.90053749e-001
-2.14519898e+000
0.00000000e+000
0.00000000e+000
0.00000000e+000
7.26072666e-001
-3.00760880e+000
-3.90321688e-001
5.98482728e-001
-1.73605924e+000
-3.53936439e-001
9.24083276e-001
5.12872184e-001
5.93716101e-002
0.00000000e+000
1.23867052e+000
-6.13633967e-001
-1.01178674e+000
9.64457129e-001
-6.86552709e-001
3.33293582e-001
4.01811959e-001
-1.14481563e+000
1.51847877e-001
8.88552716e-001
4 1
1.5745e-001 -2.4473e-001
3 0
0 1 7 
217
-9.33787924e-002
-3.47490749e-001
5.24616679e-001
5.20432899e-002
-3.91849078e-002
-4.73423359e-002
-1.23445384e-001
9.01632327e-002
-4.46563425e-002
-7.17104422e-002
-1.06715722e-001
1.73489054e-002
2.20623564e-001
5.53873964e-003
0.00000000e+000
0.00000000e+000
0.00000000e+000
6.24097283e-002
5.00135104e-003
3.83768332e-002
-4.24845500e-003
-4.52580432e-003
1.96967930e-001
-1.51540066e-001
-4.35210160e-004
1.08242358e-001
4.05867841e-001
1.94299426e-001
1.04268854e-002
-3.43028535e-001
-4.06880616e-001
4.59362068e-002
0.00000000e+000
0.00000000e+000
0.00000000e+000
0.00000000e+000
0.00000000e+000
-3.09179094e-001
-5.56245351e-002
3.05056653e-001
0.00000000e+000
0.00000000e+000
0.00000000e+000
0.00000000e+000
0.00000000e+000
-1.52661255e-001
-1.54304882e-001
3.65206859e-001
0.00000000e+000
2.01493230e-001
-6.22324624e-001
3.05056653e-001
0.00000000e+000
0.00000000e+000
0.00000000e+000
0.00000000e+000
0.00000000e+000
0.00000000e+000
0.00000000e+000
0.00000000e+000
4.79388876e-002
-1.54304882e-001
4.66190174e-002
0.00000000e+000
-8.12474279e-001
-8.77339774e-001
4.86530701e-001
1.05863943e+000
2.32564786e-001
8.00660067e-001
1.87574445e-001
-1.74587244e-001
-2.46313520e-002
4.28123464e-003
-7.00045607e-001
-1.10647229e-001
2.00510298e-001
0.00000000e+000
2.46089066e-002
-1.91431014e-001
-1.25792014e-004
-8.81565526e-002
-1.17861907e-001
9.84966812e-002
0.00000000e+000
0.00000000e+000
0.00000000e+000
0.00000000e+000
0.00000000e+000
0.00000000e+000
0.00000000e+000
0.00000000e+000
0.00000000e+000
0.00000000e+000
0.00000000e+000
0.00000000e+000
0.00000000e+000
0.00000000e+000
0.00000000e+000
0.00000000e+000
0.00000000e+000
0.00000000e+000
0.00000000e+000
0.00000000e+000
0.00000000e+000
0.00000000e+000
0.00000000e+000
0.00000000e+000
0.00000000e+000
0.00000000e+000
0.00000000e+000
0.00000000e+000
0.00000000e+000
0.00000000e+000
0.00000000e+000
0.00000000e+000
0.00000000e+000
0.00000000e+000
0.00000000e+000
-9.68598602e-001
-2.13532363e+000
-1.22795185e+000
0.00000000e+000
0.00000000e+000
0.00000000e+000
4.25658536e-001
-3.57796232e-001
-1.91371552e-001
-5.57669391e-001
-4.28277744e-001
3.01233836e-001
-9.60758608e-002
5.69593878e-001
1.74120186e-001
0.00000000e+000
4.18374620e-001
-9.16605536e-001
-6.81154406e-001
3.80573451e-001
-2.33789100e-002
-5.25592491e-001
1.26203937e-001
-1.80537395e-001
2.83567783e-002
3.06392443e-001
1.09451506e-001
0.00000000e+000
0.00000000e+000
0.00000000e+000
6.39840980e-002
-6.72929638e-001
-4.28466268e-002
4.89653818e-001
-6.22857658e-001
-2.00394279e-001
2.87977914e-001
-1.56840906e-001
4.78847896e-002
0.00000000e+000
3.35184872e-001
4.17826598e-001
-3.55064482e-001
1.29286399e-001
-2.49196155e-003
5.67625498e-002
1.52685578e-001
-3.10751719e-002
-6.24026296e-002
2.75108244e-001
-1.44227849e+000
0.00000000e+000
0.00000000e+000
0.00000000e+000
-2.29653612e-001
-6.33118941e-001
-3.06671755e-001
9.52035095e-001
-3.67942500e-001
1.72971474e-001
7.84504061e-001
-1.73396991e-001
-3.43675302e-001
0.00000000e+000
1.79409611e-001
-2.47555966e-001
-4.29964693e-001
1.68039896e-001
-1.16159748e+000
4.31804623e-001
4.10029853e-001
-3.18766051e-001
-1.69784581e-001
-1.58945232e-001
-2.81164712e-001
0.00000000e+000
0.00000000e+000
0.00000000e+000
1.48239716e-001
-1.10172463e+000
-1.04542054e-001
-2.23160557e-001
-3.90595964e-001
3.94835199e-001
2.01280751e-001
2.22194535e-001
3.44439715e-001
0.00000000e+000
1.03606998e-001
-6.72662809e-002
-4.52887586e-001
9.50887868e-002
7.53388409e-001
6.57046059e-002
1.73114365e-002
-3.38618056e-001
-3.55758817e-002
8.71161467e-002
136
1.77406435e+000
0.00000000e+000
0.00000000e+000
4.80446614e-001
1.24760374e-002
4.72498628e-001
3.17914649e-003
8.21119107e-001
2.80134562e-003
8.02119778e-001
5.15016831e-001
3.41851085e-001
1.23609044e-001
7.14103343e-002
-7.99427243e-002
0.00000000e+000
0.00000000e+000
0.00000000e+000
0.00000000e+000
-4.74739531e-001
-1.79067635e-001
7.94182624e-001
1.63368889e+000
0.00000000e+000
0.00000000e+000
0.00000000e+000
0.00000000e+000
-4.74739531e-001
1.14318115e-001
-3.58365624e-001
3.68413512e-001
0.00000000e+000
1.29326684e+000
-8.67497730e-001
1.63368889e+000
0.00000000e+000
0.00000000e+000
0.00000000e+000
0.00000000e+000
0.00000000e+000
0.00000000e+000
0.00000000e+000
0.00000000e+000
0.00000000e+000
0.00000000e+000
0.00000000e+000
0.00000000e+000
-1.63562301e+000
4.08174654e-001
-6.70246142e-001
-1.54595261e+000
7.05148287e-001
2.92677013e-001
2.35904180e-001
2.33687865e-001
-1.00076097e+000
0.00000000e+000
-3.50373529e-001
-6.21112953e-001
-2.46305501e-001
8.14214240e-001
-3.58365624e-001
1.47256483e+000
0.00000000e+000
0.00000000e+000
0.00000000e+000
0.00000000e+000
0.00000000e+000
0.00000000e+000
0.00000000e+000
0.00000000e+000
0.00000000e+000
0.00000000e+000
0.00000000e+000
0.00000000e+000
0.00000000e+000
0.00000000e+000
0.00000000e+000
0.00000000e+000
0.00000000e+000
0.00000000e+000
0.00000000e+000
0.00000000e+000
0.00000000e+000
0.00000000e+000
0.00000000e+000
-1.61533282e+000
-2.15856056e+000
-1.61227056e+000
0.00000000e+000
0.00000000e+000
0.00000000e+000
6.58921431e-001
-2.56287021e+000
1.55736221e-001
-6.87212881e-001
-1.54702031e+000
-1.22447850e-001
-8.61956166e-002
8.47134158e-001
2.28314494e-001
0.00000000e+000
1.24264426e+000
-7.07122420e-001
-1.22504116e+000
6.36506464e-001
5.23903785e-001
1.64341931e-001
7.30039446e-001
-6.50104377e-001
-5.12863976e-002
8.39488484e-001
-2.16511127e+000
0.00000000e+000
0.00000000e+000
0.00000000e+000
6.64716068e-001
-2.94027031e+000
2.11501732e-001
7.15685351e-001
-1.26470801e+000
1.96908022e-001
6.06583663e-001
5.03220455e-001
-1.74921640e-001
0.00000000e+000
1.13324089e+000
-9.85929913e-001
-9.64164426e-001
9.21132710e-001
-9.10475714e-001
1.40793269e-001
2.89812078e-001
-1.20622302e+000
3.92717112e-002
8.58715818e-001
2 1
-1.7146e-003 -5.4294e-002
4 1
0 1 7 4 
217
7.50235761e-001
2.13539331e-002
-3.68995582e-001
-1.72912174e-001
2.30082664e-002
4.89669361e-001
5.63565523e-001
2.60292145e-001
7.59131909e-001
-4.08100192e-001
1.31554448e-001
-4.75837080e-001
-7.27024385e-001
-6.15195182e-001
4.27362506e-001
5.63602912e-003
-6.34185776e-001
3.22921818e-001
8.02658079e-004
-5.46450586e-001
0.00000000e+000
0.00000000e+000
0.00000000e+000
0.00000000e+000
0.00000000e+000
0.00000000e+000
0.00000000e+000
0.00000000e+000
1.83683813e-001
-3.10513018e-002
1.24271965e-001
5.89958741e-001
0.00000000e+000
0.00000000e+000
0.00000000e+000
0.00000000e+000
-3.63077348e-001
1.80441866e-001
1.16469903e-001
4.37377406e-001
3.79023934e-001
0.00000000e+000
0.00000000e+000
0.00000000e+000
-3.63077348e-001
-6.69515809e-002
3.68188468e-001
5.61593367e-001
0.00000000e+000
2.99913542e-002
-3.45293625e-001
4.07808463e-001
0.00000000e+000
-6.84285159e-002
-5.33455898e-002
-1.00731586e-001
0.00000000e+000
4.06791591e-001
-2.76491063e-001
3.79023934e-001
5.72563900e-001
3.68188468e-001
1.72560741e-001
0.00000000e+000
-7.98861266e-001
-1.20410647e+000
8.24769896e-001
8.03068774e-001
7.24327132e-001
3.76714737e-001
0.00000000e+000
-1.90516607e-001
-9.04398617e-001
5.10862026e-001
-6.62954943e-001
4.29890342e-001
-6.13029419e-001
0.00000000e+000
1.75297139e-001
-3.82086428e-001
4.21068041e-001
-3.15836609e-001
1.53870582e-001
-3.42852478e-001
0.00000000e+000
5.73414154e-001
3.36511800e-001
1.03187893e-001
-5.00284181e-001
7.36337139e-002
-2.65782832e-001
0.00000000e+000
0.00000000e+000
0.00000000e+000
0.00000000e+000
0.00000000e+000
0.00000000e+000
0.00000000e+000
0.00000000e+000
0.00000000e+000
0.00000000e+000
0.00000000e+000
0.00000000e+000
0.00000000e+000
0.00000000e+000
0.00000000e+000
0.00000000e+000
0.00000000e+000
0.00000000e+000
0.00000000e+000
0.00000000e+000
0.00000000e+000
0.00000000e+000
0.00000000e+000
0.00000000e+000
0.00000000e+000
0.00000000e+000
0.00000000e+000
0.00000000e+000
-1.85974493e+000
-1.54858742e+000
-1.95204920e+000
0.00000000e+000
0.00000000e+000
0.00000000e+000
-2.66825744e-001
-7.90928873e-001
-4.12177065e-001
-5.73999889e-002
-1.12732877e+000
1.55142076e-001
2.12808759e-001
-1.75850817e-002
1.96262953e-001
0.00000000e+000
5.33105471e-001
1.70017366e-001
-1.79901705e+000
5.17301131e-001
5.52348048e-001
-1.44084650e-001
-7.42919157e-002
1.44399396e-001
1.21919985e-001
1.34284760e-001
9.61397514e-002
0.00000000e+000
0.00000000e+000
0.00000000e+000
3.97329058e-001
-7.61965794e-001
1.45833525e-001
-1.18805425e-001
-5.62195137e-002
8.28223154e-002
-2.55187890e-002
-2.64124819e-003
2.55533579e-001
0.00000000e+000
2.40328436e-001
-4.08081076e-001
7.20862907e-002
8.40356822e-002
-5.74248078e-001
2.67133628e-001
3.61117737e-001
-3.21425221e-001
1.68663709e-001
2.90160938e-001
-1.66492194e+000
0.00000000e+000
0.00000000e+000
0.00000000e+000
6.48742580e-001
-1.70687812e+000
3.34373329e-001
5.60551260e-001
-1.30113059e+000
4.73443771e-001
1.13234040e+000
4.32905404e-001
2.72966703e-001
0.00000000e+000
3.62254755e-001
-1.22386512e+000
-1.73138142e+000
3.81592881e-001
6.38295549e-002
3.53619639e-001
5.55316084e-002
-9.51640702e-001
1.32531087e-001
4.52910392e-002
-5.87953255e-002
0.00000000e+000
0.00000000e+000
0.00000000e+000
-1.73751127e-001
-1.24652290e+000
-2.30845704e-001
-9.20969029e-003
2.66631336e-001
1.69040931e-002
-1.30069992e-001
-2.14803088e-001
-5.25394296e-001
0.00000000e+000
3.34606128e-001
5.00781288e-001
5.33568745e-001
2.89322525e-001
-1.95274895e-001
-4.60692382e-002
7.57477219e-002
2.50067548e-001
1.01489087e-001
3.44027136e-001
136
1.28487538e+000
9.26826715e-001
-4.33182302e-003
3.58048665e-001
6.20219525e-003
0.00000000e+000
0.00000000e+000
0.00000000e+000
0.00000000e+000
0.00000000e+000
0.00000000e+000
9.53728471e-001
9.08659141e-001
6.46298088e-001
5.09537436e-001
0.00000000e+000
0.00000000e+000
0.00000000e+000
0.00000000e+000
0.00000000e+000
-1.38722731e-001
6.89753499e-001
1.55498122e+000
1.32452039e+000
0.00000000e+000
0.00000000e+000
0.00000000e+000
0.00000000e+000
-9.06510712e-002
-7.34626733e-002
8.45030612e-001
0.00000000e+000
4.34848394e-001
1.75896643e-001
1.33040661e+000
0.00000000e+000
-5.06468660e-001
-2.40094111e-001
-2.11142471e-001
0.00000000e+000
6.30418949e-001
-1.94701864e-001
1.32452039e+000
0.00000000e+000
0.00000000e+000
0.00000000e+000
0.00000000e+000
-2.47208737e+000
5.02162318e-001
-6.77835073e-001
-1.37720693e+000
0.00000000e+000
1.66315982e+000
3.10487780e-001
4.99895597e-001
-6.96493804e-001
0.00000000e+000
-2.35154038e+000
-6.72018185e-001
-5.78962776e-001
-2.07866662e-001
-7.34626733e-002
9.04976777e-001
-5.05876045e-001
3.17445673e-001
1.13138611e-001
0.00000000e+000
0.00000000e+000
0.00000000e+000
0.00000000e+000
0.00000000e+000
0.00000000e+000
0.00000000e+000
0.00000000e+000
0.00000000e+000
0.00000000e+000
0.00000000e+000
0.00000000e+000
0.00000000e+000
0.00000000e+000
0.00000000e+000
0.00000000e+000
0.00000000e+000
0.00000000e+000
0.00000000e+000
0.00000000e+000
-1.34325894e+000
-1.55644809e+000
-1.53104324e+000
0.00000000e+000
0.00000000e+000
0.00000000e+000
4.17061585e-001
-2.30969147e+000
5.84968495e-002
-2.79178070e-001
-1.09150681e+000
3.19480363e-001
5.37180783e-003
9.72316259e-001
-3.38142568e-001
0.00000000e+000
6.24124278e-001
-9.05476681e-001
-1.26878218e+000
8.69531999e-001
5.82041989e-001
4.32055664e-001
2.43821644e-001
-3.30085062e-001
2.47598968e-001
2.19918196e-001
-1.68909890e+000
0.00000000e+000
0.00000000e+000
0.00000000e+000
4.28969445e-001
-2.99171084e+000
5.77551772e-002
9.22050558e-001
-1.17238728e+000
7.29032675e-001
1.08534143e+000
5.01749859e-001
2.00708992e-001
0.00000000e+000
6.51983357e-001
-9.70538847e-001
-1.09965942e+000
7.28669053e-001
-4.38980802e-001
2.63825346e-001
3.92038914e-001
-1.29725182e+000
-8.85526319e-002
4.07857924e-001
16 1
-3.9242e-001 3.0327e-002
5 0
0 1 7 4 2 
217
2.34515236e-001
-5.90628400e-001
1.71070385e-001
-1.52371448e-001
7.21230062e-002
1.84311158e-002
2.34105108e-002
-5.54544655e-002
-1.22164990e-001
-3.02064764e-002
-9.60332177e-002
6.25784541e-002
3.57179926e-001
1.45475807e-001
0.00000000e+000
0.00000000e+000
0.00000000e+000
-1.88067240e-002
9.50189997e-003
6.23309066e-002
6.64268518e-002
-3.82415341e-005
5.09153659e-001
1.70579908e-001
7.08240043e-004
4.60286743e-001
7.12047402e-002
2.10881300e-002
1.48625196e-001
-2.26174207e-002
2.55817253e-002
0.00000000e+000
0.00000000e+000
0.00000000e+000
0.00000000e+000
0.00000000e+000
0.00000000e+000
-3.84475274e-001
-1.34362912e-002
5.95234942e-002
2.77475217e-001
3.29695094e-001
0.00000000e+000
0.00000000e+000
0.00000000e+000
-1.31286764e-001
-6.66690374e-002
8.55617965e-001
0.00000000e+000
5.29824740e-002
-8.61987656e-001
7.93740398e-001
0.00000000e+000
-2.44441510e-001
-3.00709723e-001
2.28572228e-001
0.00000000e+000
6.82772261e-002
-2.49035036e-001
1.77213583e-001
-1.16456125e-001
-1.02337078e-001
4.87575443e-001
0.00000000e+000
-1.56616036e+000
-1.04100414e+000
1.10790234e+000
1.29647339e+000
6.92773261e-001
8.68782390e-001
-8.29284476e-002
-2.59299038e-001
-6.30222873e-002
2.55473201e-001
-5.90741582e-001
3.21269520e-001
2.54144062e-001
0.00000000e+000
2.67192999e-001
-2.49238388e-001
3.28398175e-003
-1.37146542e-001
-3.59617446e-002
-1.94031492e-001
0.00000000e+000
5.59370871e-001
3.46351561e-001
-1.20440754e-001
-8.29398475e-001
-2.04414881e-001
-6.20108870e-001
-2.00610737e-002
-2.51137728e-001
9.69547078e-002
2.34781997e-001
-3.17676640e-001
2.70932041e-001
2.24672229e-001
0.00000000e+000
0.00000000e+000
0.00000000e+000
0.00000000e+000
0.00000000e+000
0.00000000e+000
0.00000000e+000
0.00000000e+000
0.00000000e+000
0.00000000e+000
0.00000000e+000
0.00000000e+000
0.00000000e+000
0.00000000e+000
0.00000000e+000
0.00000000e+000
0.00000000e+000
0.00000000e+000
0.00000000e+000
0.00000000e+000
0.00000000e+000
-1.24885584e+000
-2.53735516e+000
-1.08363246e+000
0.00000000e+000
0.00000000e+000
0.00000000e+000
1.96521636e-001
-4.43375139e-001
-3.58327957e-001
1.14869639e-001
-4.14415164e-001
8.76003053e-002
-8.35153616e-002
-3.66965962e-001
-8.41546072e-002
0.00000000e+000
6.44973827e-001
-1.82791048e-001
-4.51284035e-001
4.26672293e-001
-2.51545763e-001
-5.64815558e-001
1.97181961e-001
-2.92446442e-001
3.42318709e-001
3.99866201e-001
-1.26674113e-001
0.00000000e+000
0.00000000e+000
0.00000000e+000
2.18091285e-001
-9.39139078e-001
9.09858099e-002
-1.23840001e-001
-6.04793399e-001
-2.57305355e-002
3.25350283e-001
2.77292528e-001
1.45118387e-001
0.00000000e+000
3.44356046e-001
5.54143736e-002
-4.75501629e-001
1.44326220e-001
7.98690341e-002
2.37894080e-001
6.67927354e-002
-1.08140912e-002
-2.28302429e-001
2.95956268e-001
-1.42804368e+000
0.00000000e+000
0.00000000e+000
0.00000000e+000
-2.56280493e-001
-6.38827910e-001
-2.58696173e-001
4.29344312e-001
-3.47117503e-001
5.18420141e-001
4.67695575e-001
-8.85442123e-003
2.14943893e-002
0.00000000e+000
-1.99879799e-001
-3.69357755e-001
-6.05572665e-001
1.09986615e-001
1.29380934e-001
8.28483986e-002
3.60984858e-002
-2.48669668e-001
-9.34320122e-002
-1.96624128e-001
-4.14455873e-001
0.00000000e+000
0.00000000e+000
0.00000000e+000
2.35472721e-001
-1.24878737e+000
8.79532777e-002
8.07152800e-002
-3.83132656e-001
1.80508486e-001
1.91977060e-001
2.22440638e-001
4.54882671e-002
0.00000000e+000
4.56590876e-001
-3.79180867e-001
-2.98095944e-001
1.77111041e-001
-3.00982226e-002
2.39715514e-001
1.23717649e-001
-3.58930417e-001
-4.97793293e-002
2.91858123e-001
136
4.15846405e-001
0.00000000e+000
0.00000000e+000
9.24728613e-002
5.97842672e-003
2.09288897e-002
2.31880931e-003
2.99027324e-001
1.94371719e-003
4.71731922e-001
6.95084992e-002
-8.31781225e-002
-4.66352077e-002
-3.03444664e-002
3.47637796e-002
0.00000000e+000
0.00000000e+000
0.00000000e+000
0.00000000e+000
0.00000000e+000
-2.63425381e-001
7.45065953e-002
2.83048938e-001
3.07741045e-001
9.85553134e-002
0.00000000e+000
0.00000000e+000
-1.32704318e-001
7.54898180e-002
-3.01712376e-001
3.63817458e-001
0.00000000e+000
7.18050792e-002
-1.95661488e-001
4.64479245e-001
0.00000000e+000
-1.68948913e-001
-6.70191350e-002
-2.64921205e-001
0.00000000e+000
3.66935533e-001
1.40932953e-002
1.86959135e-001
0.00000000e+000
0.00000000e+000
0.00000000e+000
0.00000000e+000
-6.79769745e-001
8.76656666e-001
-1.78389627e-001
-1.02875691e+000
3.11398534e-001
-9.55870584e-002
1.39496604e-001
3.25942531e-001
-5.96661747e-001
0.00000000e+000
-4.94237800e-001
-2.37547302e-001
2.80163651e-003
-2.88861451e-001
-3.49836588e-001
6.47546358e-001
-5.73591884e-001
3.57991060e-001
-1.11295462e-001
2.73067293e-001
-4.30522878e-002
-2.54864609e-001
2.66395122e-001
-1.64517149e-001
0.00000000e+000
0.00000000e+000
0.00000000e+000
0.00000000e+000
0.00000000e+000
0.00000000e+000
0.00000000e+000
0.00000000e+000
0.00000000e+000
0.00000000e+000
0.00000000e+000
0.00000000e+000
0.00000000e+000
0.00000000e+000
0.00000000e+000
-1.43235099e+000
-2.00348444e+000
-1.41846751e+000
0.00000000e+000
0.00000000e+000
0.00000000e+000
6.00082912e-001
-1.93049628e+000
5.15594089e-002
-2.52327542e-001
-1.64837655e+000
-1.74824938e-001
-3.64775536e-002
6.90469739e-001
1.39034724e-001
0.00000000e+000
1.17058904e+000
-4.23498387e-001
-1.28015698e+000
5.78903297e-001
3.58612477e-001
-7.69597807e-002
6.53175958e-001
-5.65617837e-001
-8.82285030e-002
8.16069278e-001
-1.96294908e+000
0.00000000e+000
0.00000000e+000
0.00000000e+000
4.92361353e-001
-2.40845618e+000
-5.75946996e-002
6.30894559e-001
-1.40420894e+000
4.90564055e-001
9.08022584e-001
3.46747169e-001
1.44218528e-002
0.00000000e+000
8.66073971e-001
-7.47391208e-001
-1.21769907e+000
7.30697107e-001
-3.01484368e-001
1.92292770e-001
3.08182114e-001
-1.32310018e+000
-8.25312753e-002
5.99259307e-001
19 1
-2.9930e-001 1.9538e-002
6 0
0 1 7 4 2 16 
217
3.47605036e-001
-1.15508794e+000
2.95007765e-001
2.42417377e-001
1.67088304e-001
1.41095632e-001
3.52412807e-001
-3.77545521e-001
-1.36251202e-001
-1.63209914e-001
-3.15742195e-001
1.63058397e-001
2.80097323e-001
4.86945879e-001
0.00000000e+000
0.00000000e+000
0.00000000e+000
9.51208491e-002
-1.96333834e-003
2.76745434e-001
-3.63332104e-003
6.08154321e-003
1.14475292e-001
2.56117508e-001
5.27593736e-004
1.12196855e-001
4.25351872e-001
2.58520232e-001
3.28593403e-002
-1.74888019e-001
-2.55732723e-001
0.00000000e+000
0.00000000e+000
0.00000000e+000
0.00000000e+000
0.00000000e+000
0.00000000e+000
-2.56290508e-001
-1.46577082e-001
1.38170968e-001
1.21416061e-001
3.39673796e-001
2.00583328e-001
0.00000000e+000
0.00000000e+000
-1.04993232e-001
-1.96148847e-002
8.82900467e-001
0.00000000e+000
4.89629472e-002
-8.39224851e-001
6.61944086e-001
0.00000000e+000
-4.67386419e-001
-3.37595907e-003
-8.27188002e-002
0.00000000e+000
1.86884968e-001
-1.67033436e-001
3.98100294e-001
-9.43642212e-002
-1.21610372e-001
6.12951156e-001
0.00000000e+000
-1.17608927e+000
-6.80163588e-001
9.96454880e-001
1.05895752e+000
5.27239431e-001
1.21527110e+000
-1.00871823e-001
-3.82500057e-001
-4.17644708e-001
3.71204854e-001
-5.19602228e-001
4.59772062e-001
3.01887573e-001
0.00000000e+000
7.62019309e-002
-3.35367421e-001
2.27062910e-001
-1.93853593e-001
4.43401957e-002
3.21671279e-002
0.00000000e+000
4.88449235e-001
5.41613767e-003
-4.70630630e-003
-5.38386417e-001
-1.36137892e-001
-4.90620362e-001
5.13870165e-002
-2.18788484e-001
-7.21859337e-002
2.72755801e-001
-3.52924679e-001
2.42250703e-001
-5.66399051e-002
0.00000000e+000
9.52402507e-002
-1.39195651e-001
1.58074579e-001
-1.66632962e-001
9.42902070e-002
8.17579015e-002
0.00000000e+000
0.00000000e+000
0.00000000e+000
0.00000000e+000
0.00000000e+000
0.00000000e+000
0.00000000e+000
0.00000000e+000
0.00000000e+000
0.00000000e+000
0.00000000e+000
0.00000000e+000
0.00000000e+000
0.00000000e+000
-8.84295820e-001
-2.13390114e+000
-8.90992521e-001
0.00000000e+000
0.00000000e+000
0.00000000e+000
2.11642665e-001
-4.32033039e-001
-2.47528354e-001
-2.20244409e-001
-4.89711043e-001
1.36064011e-001
4.24981479e-001
8.33309532e-002
-7.02317704e-002
0.00000000e+000
1.29991467e+000
-2.46796644e-001
-8.32006030e-001
6.68915850e-002
-1.49545570e-001
-1.30720776e+000
2.92624573e-002
-2.88613495e-001
2.62706699e-001
8.78131081e-001
-4.44846919e-002
0.00000000e+000
0.00000000e+000
0.00000000e+000
2.73379733e-001
-6.93448407e-001
-4.71017478e-002
1.37320978e-001
-5.51606265e-001
-6.50307989e-002
5.40622453e-002
5.93759192e-002
9.37904927e-002
0.00000000e+000
-5.88092056e-002
1.43175021e-001
-2.99768736e-001
3.12457596e-001
-1.39729310e-001
5.59910617e-001
2.64360106e-001
-1.85730301e-001
4.68961957e-002
5.20111749e-002
-1.53409049e+000
0.00000000e+000
0.00000000e+000
0.00000000e+000
-3.69529901e-001
-7.02550577e-001
-1.30531664e-001
1.19179203e+000
-2.02704380e-001
4.39795410e-002
7.27957260e-001
-2.85600956e-001
-6.55071554e-001
0.00000000e+000
-2.73786862e-002
-3.66648680e-001
-3.79233391e-001
2.48994697e-001
-1.15796726e-001
9.95847644e-002
8.75795793e-003
-2.58499243e-001
-1.17717347e-001
-2.43893640e-001
-2.10087972e-001
0.00000000e+000
0.00000000e+000
0.00000000e+000
2.79185791e-001
-9.27841342e-001
2.24470717e-001
-1.90717370e-001
-1.70817729e-001
5.37261467e-001
-2.13012362e-001
2.87351736e-001
2.83195700e-001
0.00000000e+000
2.05673375e-001
-2.90813698e-001
-4.65917089e-001
1.01155249e-001
2.07883876e-001
-2.25673717e-003
8.12672078e-002
-2.96435963e-001
-4.03342999e-002
1.80613501e-001
136
7.00693038e-001
0.00000000e+000
0.00000000e+000
2.86730796e-001
5.05660800e-003
1.75717889e-001
-5.45030743e-004
2.38244353e-001
1.78837043e-003
6.43049007e-001
1.11107832e-001
-1.20634897e-002
-3.83778143e-002
-3.29007958e-002
2.98782994e-002
0.00000000e+000
0.00000000e+000
0.00000000e+000
0.00000000e+000
0.00000000e+000
-1.62564054e-001
2.95126144e-002
2.19307216e-001
2.79518647e-001
3.32464943e-001
1.16888049e-001
0.00000000e+000
-2.45095711e-001
1.32833239e-001
-4.89034767e-001
5.72627711e-001
0.00000000e+000
2.77560530e-001
-3.47187499e-001
7.91169490e-001
0.00000000e+000
-1.25908918e-001
-2.16022179e-001
-2.42623760e-001
0.00000000e+000
3.80034959e-001
9.66654135e-002
1.15992020e-001
0.00000000e+000
0.00000000e+000
0.00000000e+000
0.00000000e+000
-1.20099223e+000
8.30953268e-001
-2.83681795e-001
-1.29031633e+000
4.15989408e-001
3.11720057e-003
1.23733580e-001
3.38016215e-001
-6.52475516e-001
0.00000000e+000
-6.10495732e-001
-3.50255587e-001
1.54291376e-002
-3.00698992e-001
-4.24802224e-002
4.91604076e-001
-5.13107951e-001
3.19906161e-001
-1.86751975e-002
3.18196505e-001
5.92737433e-002
-2.14798348e-001
2.59966048e-001
-1.95054821e-001
0.00000000e+000
4.90417111e-001
-3.19242421e-002
1.81248840e-001
-2.25613110e-001
0.00000000e+000
0.00000000e+000
0.00000000e+000
0.00000000e+000
0.00000000e+000
0.00000000e+000
0.00000000e+000
0.00000000e+000
0.00000000e+000
0.00000000e+000
-1.53215394e+000
-2.05656923e+000
-1.50266763e+000
0.00000000e+000
0.00000000e+000
0.00000000e+000
5.69685125e-001
-2.35152647e+000
1.33674849e-001
-2.75118840e-001
-1.64762439e+000
-1.99607517e-001
-2.40668258e-002
6.80306599e-001
1.76743144e-001
0.00000000e+000
1.21419539e+000
-3.73316574e-001
-1.23992825e+000
6.33914195e-001
4.62348447e-001
-7.15275759e-002
6.50062087e-001
-5.00518161e-001
-1.52246472e-001
8.11883609e-001
-2.07375954e+000
0.00000000e+000
0.00000000e+000
0.00000000e+000
5.29738401e-001
-2.99331781e+000
-1.80579692e-001
6.37112354e-001
-1.52333482e+000
3.95653957e-001
1.05549990e+000
4.21908366e-001
9.84637051e-002
0.00000000e+000
9.53503409e-001
-7.17128824e-001
-1.17661667e+000
7.53234994e-001
-3.50432191e-001
3.25326440e-001
3.46093702e-001
-1.28790894e+000
-3.31959214e-002
6.72220108e-001
24 1
-6.0628e-001 1.2492e-001
7 0
0 1 7 4 2 16 19 
217
1.28796137e-001
-2.32502027e-001
1.81654531e-001
3.75180075e-001
4.43019244e-002
-1.06208877e-001
-2.20266051e-001
5.71529223e-002
-5.29687843e-002
9.87376362e-002
1.72377581e-001
4.62474836e-002
1.85351466e-001
-9.15498576e-002
0.00000000e+000
0.00000000e+000
0.00000000e+000
-1.50221436e-002
1.14849460e-002
3.42602347e-002
2.28462146e-001
2.37975465e-003
3.48516851e-001
-8.46438657e-002
5.43250012e-004
5.53937212e-001
2.22926547e-001
-1.60017141e-001
6.27688982e-002
-3.17852436e-002
4.29605291e-002
0.00000000e+000
0.00000000e+000
0.00000000e+000
0.00000000e+000
0.00000000e+000
0.00000000e+000
-1.47308746e-001
-1.57757339e-001
-7.47320211e-002
-1.81104740e-002
2.05647943e-001
1.37413844e-001
1.97449703e-001
0.00000000e+000
-9.14200663e-002
-3.23967346e-001
7.60324690e-001
0.00000000e+000
-1.79968773e-001
0.00000000e+000
6.61414309e-001
0.00000000e+000
-1.50786493e-001
-3.13852395e-001
2.38435959e-001
0.00000000e+000
1.16835179e-002
-2.13370212e-001
1.69545969e-001
-1.83132690e-001
1.48725732e-001
1.77009868e-001
0.00000000e+000
-1.29043298e+000
-1.20558427e+000
8.60734775e-001
1.36711515e+000
5.58494339e-001
6.63808384e-001
-2.02160712e-001
-3.30481440e-001
-6.88648631e-002
3.66293084e-001
-5.86161622e-001
2.95145204e-001
1.78642534e-001
0.00000000e+000
-2.67198424e-003
-3.13152955e-001
1.28944454e-001
2.64793303e-001
2.52366732e-003
4.44847456e-002
0.00000000e+000
4.11953317e-001
1.88284998e-001
-2.06518946e-001
-1.01632917e+000
-7.66382347e-002
-5.46780753e-001
6.28150112e-002
-4.06617348e-001
-1.51156746e-001
1.84532211e-001
-2.20889447e-001
2.88066263e-001
1.43886380e-001
0.00000000e+000
-8.99677565e-002
-1.40621415e-001
5.53442373e-002
-4.84612110e-002
1.63419656e-001
1.75788080e-001
0.00000000e+000
2.73727530e-001
2.36228949e-001
-9.18673385e-002
-4.11335848e-002
-5.30640551e-002
-1.44052301e-001
0.00000000e+000
0.00000000e+000
0.00000000e+000
0.00000000e+000
0.00000000e+000
0.00000000e+000
0.00000000e+000
-1.38675344e+000
-2.33289948e+000
-1.21646141e+000
0.00000000e+000
0.00000000e+000
0.00000000e+000
-4.28225070e-002
-3.72973540e-001
-3.25481715e-001
4.29070886e-002
-2.60257985e-001
2.10422787e-001
-1.76904279e-002
-1.05098461e-001
5.83261425e-003
0.00000000e+000
1.33417605e-001
-2.33925668e-001
-5.09386503e-001
2.51708163e-001
-1.10986653e-001
-3.74354781e-001
2.72324415e-003
-1.34297649e-001
1.21259811e-001
5.02543169e-001
-6.49418100e-002
0.00000000e+000
0.00000000e+000
0.00000000e+000
2.90132562e-001
-1.08638831e+000
2.23389453e-001
-6.67288386e-002
-6.08022966e-001
-9.15551725e-002
4.99601341e-002
2.74712251e-001
3.68296606e-001
0.00000000e+000
4.72586379e-001
2.24825030e-001
-4.87987644e-001
8.22296459e-002
2.92813033e-002
1.40038365e-001
2.06441954e-001
-5.45921241e-002
-2.04974874e-001
1.73414438e-001
-1.29962364e+000
0.00000000e+000
0.00000000e+000
0.00000000e+000
1.47834585e-001
-6.82032983e-001
-3.25553691e-001
-1.70728554e-001
-3.30171455e-001
1.45022602e-001
7.77075053e-001
2.25117289e-001
2.90119433e-001
0.00000000e+000
1.32640258e-001
-2.91640711e-001
-5.69163525e-001
1.70544042e-001
1.69774493e-001
-1.34892549e-001
-1.23437741e-001
-3.85349367e-001
-2.88038510e-001
-5.67423094e-002
-4.24257215e-001
0.00000000e+000
0.00000000e+000
0.00000000e+000
1.38816028e-001
-1.23915321e+000
-2.88891293e-003
2.58532043e-001
-4.53770577e-001
3.05604199e-001
3.99836154e-002
1.47861799e-001
-3.31346609e-002
0.00000000e+000
3.23685693e-001
-1.50427824e-001
-3.55418140e-001
5.35539825e-002
8.83232183e-002
1.64678130e-001
1.74862638e-001
-2.78994171e-001
1.10100448e-001
2.83528486e-001
136
5.25970324e-001
0.00000000e+000
0.00000000e+000
1.22872569e-001
5.79953197e-003
8.03136311e-002
2.43333171e-003
3.12840620e-001
1.99725515e-003
5.38618935e-001
1.23696633e-001
-2.82452574e-002
-8.81331643e-002
-7.36459710e-002
5.36791487e-002
0.00000000e+000
0.00000000e+000
0.00000000e+000
0.00000000e+000
0.00000000e+000
-2.20098414e-001
-3.41552651e-002
1.11388106e-001
2.59702809e-001
3.19649978e-001
2.07541465e-001
-1.66485569e-002
-1.83476811e-001
-1.72511025e-002
-4.18961759e-001
4.99982905e-001
0.00000000e+000
2.30352511e-001
-4.50732697e-001
6.25259156e-001
0.00000000e+000
-1.88878832e-001
-3.84471086e-002
-2.42589072e-001
0.00000000e+000
4.90869825e-001
8.38721936e-002
1.17297499e-001
0.00000000e+000
0.00000000e+000
0.00000000e+000
0.00000000e+000
-9.89072566e-001
8.42999519e-001
-2.37253917e-001
-1.12397146e+000
3.82762966e-001
-3.24737601e-002
1.47419993e-001
3.15521608e-001
-5.43538200e-001
0.00000000e+000
-5.84729580e-001
-3.28782057e-001
1.03054554e-003
-3.19224280e-001
-1.82652314e-001
4.86455600e-001
-5.26791312e-001
3.24056704e-001
-2.41240458e-001
2.62000802e-001
1.61184716e-002
-2.17070064e-001
2.46442615e-001
-1.28024328e-001
0.00000000e+000
3.61401555e-001
-1.10976785e-001
1.88514601e-001
0.00000000e+000
0.00000000e+000
1.53164566e-001
-2.68134159e-001
7.01498850e-002
3.88982595e-001
0.00000000e+000
0.00000000e+000
0.00000000e+000
0.00000000e+000
0.00000000e+000
-1.45522475e+000
-2.08019182e+000
-1.42776583e+000
0.00000000e+000
0.00000000e+000
0.00000000e+000
6.07279942e-001
-2.02110666e+000
3.75283703e-002
-2.33680296e-001
-1.67951525e+000
-1.85299243e-001
7.62715659e-002
7.06407584e-001
1.87320216e-002
0.00000000e+000
1.15776822e+000
-4.28075697e-001
-1.26596679e+000
6.04838200e-001
3.51367251e-001
-9.34027407e-002
6.74646310e-001
-5.39791328e-001
-8.28736767e-002
8.67106393e-001
-2.04773313e+000
0.00000000e+000
0.00000000e+000
0.00000000e+000
4.77069222e-001
-2.63418217e+000
-2.71442783e-002
6.29650244e-001
-1.35909716e+000
5.75209305e-001
9.28896189e-001
3.85467949e-001
4.90794409e-002
0.00000000e+000
8.46840064e-001
-8.34060837e-001
-1.20785794e+000
7.43057720e-001
-3.73174312e-001
2.66784423e-001
2.99302112e-001
-1.29729510e+000
-1.01677463e-001
5.85399455e-001
23 1
-6.2379e-001 1.2369e-001
8 0
0 1 7 4 2 16 19 24 
217
3.36641562e-001
-6.19222882e-001
1.33113062e-001
-1.67458385e-001
1.97605299e-001
3.27951239e-002
6.23652082e-002
-2.55088341e-001
-1.87855348e-001
-9.74837936e-003
-5.10364294e-002
-2.74257061e-002
3.15562832e-001
1.92313978e-002
0.00000000e+000
0.00000000e+000
0.00000000e+000
4.70684612e-002
1.20344655e-003
1.32987041e-001
6.35479473e-002
5.32443690e-003
1.36032150e-001
1.83058419e-001
1.17843630e-003
2.13896429e-001
1.14976044e-001
2.66873110e-001
1.20501875e-001
-7.16818625e-002
-1.91722135e-001
0.00000000e+000
0.00000000e+000
0.00000000e+000
0.00000000e+000
0.00000000e+000
0.00000000e+000
-2.76189830e-001
-6.75340419e-002
2.98237316e-002
7.67877490e-002
1.52949096e-001
3.18948847e-001
1.38398967e-001
0.00000000e+000
-3.07954830e-001
-1.22979609e-001
9.05351949e-001
0.00000000e+000
7.81361943e-002
-7.78039357e-001
8.04069352e-001
0.00000000e+000
-4.51468921e-001
-1.30956567e-001
1.80869302e-001
0.00000000e+000
1.22129239e-001
-1.66170053e-001
3.30037210e-001
-2.01696073e-001
6.49322733e-002
5.09948319e-001
0.00000000e+000
-1.32452793e+000
-1.10283042e+000
1.09396052e+000
1.25071988e+000
5.67208973e-001
7.80304237e-001
-1.97616653e-001
-4.87924012e-001
-4.83366889e-001
5.19211076e-001
-5.30199033e-001
5.02971151e-001
2.37526510e-001
0.00000000e+000
-3.75521922e-002
-4.91156437e-001
1.95915325e-001
-1.16660226e-001
1.78278429e-001
3.05559391e-002
0.00000000e+000
4.58656172e-001
-1.70009051e-001
-1.62903080e-001
-7.60568609e-001
4.08884703e-002
-3.40542784e-001
1.35264207e-002
-3.79935067e-001
-2.04468019e-001
4.32245904e-001
-1.22354322e-001
2.70804304e-001
2.04945378e-002
0.00000000e+000
1.23401547e-001
-7.26424460e-002
1.60795586e-001
7.67553660e-002
5.24444285e-002
-1.48618314e-001
0.00000000e+000
2.56669566e-001
2.13545997e-001
1.10023965e-001
-4.91730188e-001
-3.00519693e-002
-1.21897698e-002
0.00000000e+000
1.72560474e-001
-9.57073332e-003
8.69954050e-002
-1.56987062e-001
7.70856832e-002
-3.08375539e-001
-1.22224909e+000
-2.41855839e+000
-1.09207173e+000
0.00000000e+000
0.00000000e+000
0.00000000e+000
3.47977257e-001
-4.88036381e-001
-6.28753575e-001
-1.85584280e-001
-3.81710049e-001
1.51022321e-001
1.56653918e-001
-2.13888063e-001
5.59972311e-002
0.00000000e+000
1.17742600e+000
-2.18992698e-001
-6.85419301e-001
2.59233244e-001
-5.13233213e-001
-5.17942841e-001
3.47899376e-001
-5.72387682e-001
2.53639471e-001
5.64027532e-001
-8.72716065e-002
0.00000000e+000
0.00000000e+000
0.00000000e+000
2.10387919e-001
-7.59921452e-001
2.99645883e-001
-3.54976061e-002
-6.75667332e-001
-2.73320700e-002
6.58337383e-002
3.32869929e-001
5.62573957e-002
0.00000000e+000
1.79964681e-002
-5.23086950e-002
-2.88363187e-001
1.90178178e-001
1.40080560e-001
2.63481269e-001
1.21238985e-001
-5.61029967e-002
-1.49105171e-001
2.59056577e-001
-1.72323511e+000
0.00000000e+000
0.00000000e+000
0.00000000e+000
-2.83791155e-001
-5.97797397e-001
-1.60293130e-001
1.16985805e-001
-3.13680259e-001
7.14158709e-001
3.79134975e-001
-4.13330919e-001
-4.52862191e-001
0.00000000e+000
2.67570218e-001
-1.01152721e-001
-6.40080535e-001
3.96604748e-001
-1.55881884e-001
-1.41801467e-001
1.05015170e-001
-3.00931482e-001
2.68852954e-002
-1.67986891e-001
-2.41575771e-001
0.00000000e+000
0.00000000e+000
0.00000000e+000
3.64782987e-001
-1.27532960e+000
1.71895277e-001
1.38927035e-001
-3.69368742e-001
7.35378213e-002
1.34781535e-001
3.70093317e-001
2.23933971e-001
0.00000000e+000
2.93787856e-001
-1.74990075e-001
-4.04398012e-001
-2.61803789e-002
9.54715210e-002
2.35418061e-001
9.88593018e-002
-2.95583400e-001
-2.09046453e-001
3.11832210e-001
136
4.19495071e-001
0.00000000e+000
0.00000000e+000
1.27171010e-001
5.86389041e-003
9.41991422e-003
2.65491338e-003
2.79419980e-001
1.73692213e-003
5.67869467e-001
7.01468864e-002
-6.56834089e-002
-9.70607077e-002
-7.71208801e-002
2.13437147e-002
0.00000000e+000
0.00000000e+000
0.00000000e+000
0.00000000e+000
0.00000000e+000
-6.43959822e-002
-2.47119203e-003
5.61285286e-002
9.03077711e-002
2.19229669e-002
2.33848035e-001
1.84817540e-001
-2.15301821e-001
-9.46198111e-003
-4.10377193e-001
5.07054982e-001
0.00000000e+000
1.75420652e-001
-2.70884422e-001
5.73283418e-001
0.00000000e+000
-1.66945200e-001
-1.21471629e-001
-2.32392027e-001
0.00000000e+000
4.64994869e-001
8.81527853e-002
3.29414156e-002
0.00000000e+000
0.00000000e+000
0.00000000e+000
0.00000000e+000
-9.25401057e-001
8.79505011e-001
-2.15907269e-001
-1.12698348e+000
3.48443898e-001
-9.52561570e-002
1.08341774e-001
3.26302317e-001
-6.14000385e-001
0.00000000e+000
-6.46648839e-001
-2.91419063e-001
-1.26854429e-002
-3.16209005e-001
-2.21146792e-001
4.19099012e-001
-4.67549380e-001
2.92824313e-001
-9.58769655e-002
2.30042579e-001
-2.21753799e-002
-2.09096510e-001
2.55222296e-001
-1.30718856e-001
0.00000000e+000
2.65204656e-001
-1.28978773e-001
1.80468276e-001
-1.91557677e-001
0.00000000e+000
2.06251507e-001
-3.99002743e-001
1.85714080e-001
3.35979303e-001
0.00000000e+000
3.71727094e-001
2.83292714e-002
6.46690766e-002
3.60357720e-001
-1.46602335e+000
-2.11338886e+000
-1.45034320e+000
0.00000000e+000
0.00000000e+000
0.00000000e+000
5.77563909e-001
-2.19667620e+000
5.67422294e-002
-2.02689879e-001
-1.65641156e+000
-2.00170092e-001
2.59541612e-002
6.60699784e-001
1.42123929e-001
0.00000000e+000
1.17787398e+000
-3.34460736e-001
-1.28971914e+000
6.17065542e-001
3.87085455e-001
-1.03095696e-001
6.48359010e-001
-5.00631502e-001
-8.64602427e-002
8.26503846e-001
-2.09964638e+000
0.00000000e+000
0.00000000e+000
0.00000000e+000
4.92364881e-001
-2.75898315e+000
-1.04888750e-001
6.56842923e-001
-1.39006017e+000
5.69699937e-001
9.46577655e-001
4.10093616e-001
6.24786472e-002
0.00000000e+000
8.73473090e-001
-8.97800183e-001
-1.20633449e+000
7.61327187e-001
-2.92248692e-001
2.76531974e-001
3.18203374e-001
-1.31413227e+000
-8.42686805e-002
5.81476724e-001
8 1
-6.4937e-001 1.8956e-001
8 1
0 1 7 4 2 16 19 24 
217
4.68407419e-002
-1.71165355e-002
1.55842362e-001
1.56140968e-001
-1.42187280e-001
3.70127893e-001
1.60723997e-001
2.85021234e-001
4.41733254e-001
-2.37587310e-002
4.70550180e-001
3.16522408e-001
0.00000000e+000
0.00000000e+000
2.41915389e-002
-6.42081276e-004
-3.63671792e-001
2.26492030e-002
2.62304920e-003
-4.09832925e-001
0.00000000e+000
0.00000000e+000
0.00000000e+000
0.00000000e+000
0.00000000e+000
0.00000000e+000
0.00000000e+000
0.00000000e+000
-1.67126521e-001
-1.37363863e-001
3.34243561e-002
0.00000000e+000
0.00000000e+000
0.00000000e+000
0.00000000e+000
0.00000000e+000
0.00000000e+000
4.28471882e-001
2.82491085e-001
2.90665684e-001
1.98733802e-001
3.41177721e-002
8.99653928e-002
-1.46457869e-001
0.00000000e+000
2.78434646e-001
3.60536440e-001
7.66336114e-001
0.00000000e+000
1.13492397e-001
-1.39198508e-001
4.45391664e-001
0.00000000e+000
-1.74805355e-001
3.47653778e-001
-2.70728176e-001
0.00000000e+000
3.47459273e-001
1.17840816e-001
-3.68440184e-001
-1.90384716e-001
6.23774209e-001
7.44598257e-001
0.00000000e+000
-1.09029964e+000
-1.24255605e+000
6.43155932e-001
9.66592840e-001
4.93984447e-001
4.41253905e-001
0.00000000e+000
-1.21255120e+000
-8.07573383e-001
1.01708460e+000
-4.34008071e-001
2.42307346e-001
-6.27999623e-001
0.00000000e+000
-3.54799143e-001
-3.74665656e-001
2.29506813e-001
-2.42671787e-001
1.72133072e-001
-3.42126730e-001
0.00000000e+000
-1.42339422e-001
3.28070162e-001
1.06050297e-001
-4.56777684e-001
8.31298670e-002
-9.34340644e-002
-6.52151998e-001
-3.32859072e-001
-2.51964933e-001
7.79411394e-001
-4.28460624e-001
2.52440418e-001
-1.99007500e-001
0.00000000e+000
-2.90191466e-001
8.52123663e-002
-1.51224644e-003
-7.19484964e-002
3.38544454e-001
4.70497798e-001
0.00000000e+000
2.59756081e-001
3.00765548e-001
-1.37657999e-002
-1.19566884e-001
-1.99149540e-001
-3.87887299e-002
0.00000000e+000
-8.10787771e-002
2.75400705e-001
3.26435086e-001
-2.94281997e-001
-1.98515567e-001
-5.85352286e-001
-1.52427587e+000
-1.61421169e+000
-1.67546093e+000
0.00000000e+000
0.00000000e+000
0.00000000e+000
1.88442656e-001
-1.27613871e+000
-9.39513843e-002
-4.38748060e-001
-1.13534831e+000
4.64433642e-001
-1.94612977e-001
4.22124347e-001
6.36391369e-001
0.00000000e+000
7.33271160e-001
-2.26095886e-001
-1.01959098e+000
7.08845421e-001
1.29841187e-001
6.34145079e-002
-1.69733880e-001
-3.25482667e-001
-2.47139925e-001
1.04617559e-001
1.28961755e-001
0.00000000e+000
0.00000000e+000
0.00000000e+000
3.13217129e-001
1.45646294e-001
1.64962232e-001
1.07127276e-001
1.33802593e-001
8.22536846e-002
2.01873058e-001
-3.03276848e-002
-1.52415636e-001
0.00000000e+000
3.07462136e-002
-4.96770856e-001
-4.57502209e-001
2.74285255e-002
-5.00660258e-001
-5.81165006e-002
2.87779281e-001
-2.45777748e-001
3.26068830e-001
2.49627531e-001
-2.23200584e+000
0.00000000e+000
0.00000000e+000
0.00000000e+000
1.53010888e+000
-1.14834266e-001
9.32429933e-001
1.11180471e+000
-4.05319157e-001
1.13900789e+000
1.67122051e+000
1.31254967e+000
8.72264335e-001
0.00000000e+000
1.28698749e+000
-2.10811290e-002
-5.73039404e-001
1.28500474e+000
2.67247262e-001
1.15359452e+000
9.61375875e-001
-3.20360541e-001
8.92726619e-001
1.05185716e+000
-1.06583423e+000
0.00000000e+000
0.00000000e+000
0.00000000e+000
6.63965443e-001
-1.19923474e-001
6.65798427e-001
1.10192355e+000
1.10429825e+000
9.30506694e-001
7.73119442e-001
7.24057158e-001
5.30597463e-001
0.00000000e+000
1.11943220e+000
1.15187863e+000
1.07495384e+000
1.07778870e+000
9.99548704e-001
7.51062020e-001
8.51082460e-001
1.11687343e+000
1.02892320e+000
1.13029396e+000
136
1.40603218e+000
9.22070531e-001
-2.52900315e-003
4.83961652e-001
4.05248906e-003
0.00000000e+000
0.00000000e+000
0.00000000e+000
0.00000000e+000
0.00000000e+000
0.00000000e+000
7.96082364e-001
7.24934112e-001
5.81711859e-001
6.63932085e-001
0.00000000e+000
0.00000000e+000
0.00000000e+000
0.00000000e+000
0.00000000e+000
-7.47260580e-001
-3.04001661e-001
-4.14608832e-002
1.77210112e-001
4.96331456e-001
7.43787610e-001
1.08142613e+000
-1.01913729e+000
-4.13493268e-001
-7.01757344e-001
7.93293494e-001
0.00000000e+000
4.41951271e-001
-1.72568694e-001
1.61379312e+000
0.00000000e+000
-4.86813920e-001
-7.22211699e-001
3.51181989e-002
0.00000000e+000
9.59700797e-001
2.47609663e-001
8.91037522e-001
0.00000000e+000
0.00000000e+000
0.00000000e+000
0.00000000e+000
-2.42855504e+000
4.38888350e-001
-6.69947879e-001
-1.18003577e+000
0.00000000e+000
1.94090473e+000
3.08165972e-001
4.99803159e-001
-5.64937567e-001
0.00000000e+000
-2.62979025e+000
-6.86351826e-001
-5.86546674e-001
-2.69997099e-001
-1.43524536e-001
2.66848354e-001
-5.15043121e-001
2.39344807e-001
4.10973248e-002
6.67393467e-003
1.05407175e-001
-1.93894609e-001
1.74274115e-001
-1.06739669e-001
0.00000000e+000
7.10864950e-001
-4.80648610e-002
2.16059459e-001
-1.58409627e-001
0.00000000e+000
2.75161203e-002
-4.09338266e-001
3.73497096e-002
3.72194693e-001
0.00000000e+000
1.33923834e+000
3.04644471e-002
3.13130607e-001
1.50236047e-001
-1.49927246e+000
-1.62852893e+000
-1.64857875e+000
0.00000000e+000
0.00000000e+000
0.00000000e+000
4.10605001e-001
-2.78519373e+000
-4.38928649e-002
-3.05816177e-001
-1.18758795e+000
2.19420077e-001
1.14982758e-002
8.26014446e-001
-1.59625688e-001
0.00000000e+000
6.85324664e-001
-6.12583343e-001
-1.36403401e+000
8.13736286e-001
5.59435113e-001
5.43026107e-001
4.49680847e-001
-2.96868066e-001
2.51736015e-001
3.36546240e-001
-1.71850312e+000
0.00000000e+000
0.00000000e+000
0.00000000e+000
4.54312211e-001
-3.11563967e+000
9.10890810e-002
8.67652934e-001
-1.19252356e+000
6.45157281e-001
1.09920119e+000
4.79715040e-001
5.31141205e-002
0.00000000e+000
7.49919195e-001
-9.32869794e-001
-1.08344288e+000
7.06952680e-001
-4.10236286e-001
2.98291982e-001
3.63321662e-001
-1.22710138e+000
-4.83634499e-002
4.82946521e-001
14 1
-8.0500e-001 2.1277e-001
8 1
0 1 7 4 2 16 19 24 
217
1.07518757e-001
-1.15953408e-001
1.66257751e-001
-3.86859329e-001
-2.65970371e-001
3.39342586e-001
3.13839256e-002
4.64341295e-001
1.82662466e-001
2.98319538e-001
5.51332939e-001
-9.20474137e-001
0.00000000e+000
0.00000000e+000
-1.25170245e-001
1.28812499e-002
7.92046136e-002
2.32689001e-001
6.66613131e-003
1.50297020e-001
0.00000000e+000
0.00000000e+000
0.00000000e+000
0.00000000e+000
0.00000000e+000
0.00000000e+000
0.00000000e+000
0.00000000e+000
0.00000000e+000
-5.53431027e-001
-6.70768673e-001
0.00000000e+000
0.00000000e+000
0.00000000e+000
0.00000000e+000
0.00000000e+000
0.00000000e+000
-5.89084862e-001
-3.11939141e-001
4.60744007e-002
1.36773378e-001
2.30235157e-002
1.97905345e-001
2.94226619e-002
0.00000000e+000
-5.15168702e-002
1.79056447e-001
5.87622631e-001
0.00000000e+000
-1.29151561e-001
-2.63037210e-001
5.33075367e-001
0.00000000e+000
-7.52811965e-002
1.97298811e-001
-1.88719808e-001
0.00000000e+000
4.14043153e-001
2.11615984e-002
-1.34087575e-002
-3.24130618e-001
-1.07005642e-001
-3.66884427e-002
0.00000000e+000
-9.69144201e-001
-1.23994285e+000
4.29010448e-001
1.15143625e+000
6.47652510e-001
1.25878926e+000
0.00000000e+000
-9.45530323e-001
-8.73622155e-001
5.76119230e-001
-9.98228634e-002
4.76929850e-001
2.75868242e-001
0.00000000e+000
-1.03087625e-001
-2.56427811e-001
1.40678789e-001
-5.91502054e-002
6.99275921e-002
-5.33662117e-001
0.00000000e+000
3.80718584e-002
2.50628909e-001
2.08079425e-001
-7.58916471e-001
-1.38632527e-001
-3.09541325e-001
0.00000000e+000
-1.31349108e-001
-6.53162851e-001
2.73584520e-001
-1.63877586e-001
-3.47166556e-002
-5.30423978e-001
0.00000000e+000
-2.15892173e-001
1.53350127e-002
1.34027057e-001
-2.23789256e-001
1.89383873e-001
-1.41244306e-001
0.00000000e+000
4.00988208e-001
3.64047817e-001
1.75167708e-001
-2.12892874e-001
-4.68637160e-001
-4.77626325e-001
0.00000000e+000
6.08222689e-002
3.89383199e-001
7.99879047e-002
-6.35736729e-002
-3.32914170e-002
4.04410618e-001
-1.16085705e+000
-1.68766268e+000
-1.49063784e+000
0.00000000e+000
0.00000000e+000
0.00000000e+000
1.28741641e-001
-1.21120959e+000
-6.07928980e-001
-7.87992490e-001
-2.16089122e+000
5.00502770e-001
-3.52894611e-001
2.00570366e-001
5.52861405e-001
0.00000000e+000
1.07024605e+000
2.19202840e-001
-1.09162427e+000
9.99441323e-001
3.66926216e-001
-1.96769725e-001
1.80715903e-001
1.50263845e-001
7.83623129e-002
4.70838372e-001
2.38213878e-002
0.00000000e+000
0.00000000e+000
0.00000000e+000
3.96352105e-001
-6.39205736e-001
3.89198672e-001
2.05068707e-001
5.52975953e-001
-7.56050946e-002
3.11769487e-001
4.67183134e-001
-7.65386639e-001
0.00000000e+000
5.85697233e-002
-1.39213672e+000
1.57729930e-001
2.16310796e-001
-5.16626403e-001
2.20097440e-001
-6.54067513e-003
-1.64452807e-001
4.29514325e-001
1.79005194e-001
-2.33575751e+000
0.00000000e+000
0.00000000e+000
0.00000000e+000
1.23581481e+000
-8.13305826e-002
6.25508344e-001
1.74916118e+000
-5.99323270e-001
1.44713142e+000
1.28398152e+000
1.05249674e+000
1.06116623e+000
0.00000000e+000
1.19607616e+000
-7.84865917e-002
-5.37316888e-001
1.70631485e+000
3.05929985e-001
1.13817572e+000
7.52340641e-001
2.21111893e-002
5.00060589e-001
1.37799133e+000
-1.05308880e+000
0.00000000e+000
0.00000000e+000
0.00000000e+000
7.29019925e-001
-1.13364396e-001
9.27280242e-001
7.16030329e-001
1.00003617e+000
9.31267718e-001
1.19678499e+000
9.09477324e-001
-4.25400223e-001
0.00000000e+000
1.24336065e+000
1.23021829e+000
1.03109269e+000
5.98447978e-001
1.00030292e+000
5.04683617e-001
7.42364052e-001
7.15524526e-001
1.10938642e+000
8.81222024e-001
136
1.45204778e+000
9.17782626e-001
-5.81958949e-003
5.34265153e-001
9.34853738e-003
0.00000000e+000
0.00000000e+000
0.00000000e+000
0.00000000e+000
0.00000000e+000
0.00000000e+000
0.00000000e+000
1.21761253e+000
1.01924309e+000
1.02096300e+000
0.00000000e+000
0.00000000e+000
0.00000000e+000
0.00000000e+000
0.00000000e+000
-3.32002650e-001
2.58238728e-002
2.57746218e-001
3.64020418e-001
5.85130009e-001
7.20149511e-001
1.03693544e+000
-1.70890300e+000
-5.22949794e-001
-6.24156022e-001
7.00539978e-001
0.00000000e+000
6.45067776e-001
2.68481177e-001
1.67173033e+000
0.00000000e+000
-6.45728100e-001
-7.16707995e-001
-1.44492728e-001
0.00000000e+000
1.06265867e+000
4.92610237e-001
9.36262811e-001
0.00000000e+000
0.00000000e+000
0.00000000e+000
0.00000000e+000
-2.25104116e+000
5.56376428e-001
-5.71640338e-001
-1.30329930e+000
0.00000000e+000
5.26021939e-001
-6.85107731e-003
3.29278162e-001
-7.41217432e-001
0.00000000e+000
-3.67083069e+000
-9.08891616e-001
-8.10594630e-001
-2.52476039e-001
1.27485928e-001
4.75672493e-001
-4.10794135e-001
2.65713507e-001
3.84499706e-002
0.00000000e+000
4.48625940e-001
-1.12255528e-001
3.17309264e-001
-1.16244653e-001
0.00000000e+000
1.03807246e+000
2.21182575e-002
2.86510757e-001
-5.39389208e-002
0.00000000e+000
-5.14157236e-001
-4.28444671e-001
-8.98979852e-002
3.56031770e-001
0.00000000e+000
1.70239292e+000
1.14331499e-001
3.91943109e-001
1.41243790e-001
-1.44891884e+000
-1.63174678e+000
-1.57562208e+000
0.00000000e+000
0.00000000e+000
0.00000000e+000
4.14282932e-001
-2.01930437e+000
8.88520342e-002
-3.51147500e-001
-1.05979793e+000
2.12698697e-001
-3.44599840e-002
8.25035072e-001
-1.80923303e-002
0.00000000e+000
5.21316440e-001
-7.35854659e-001
-1.51388258e+000
7.09560187e-001
5.80048432e-001
5.25016470e-001
4.56859081e-001
-5.78143246e-001
1.91147496e-001
2.10243675e-001
-1.70544015e+000
0.00000000e+000
0.00000000e+000
0.00000000e+000
3.49401861e-001
-3.04151804e+000
2.79250072e-002
8.26008673e-001
-9.89769440e-001
7.28040258e-001
1.08509630e+000
4.19265504e-001
1.59203493e-001
0.00000000e+000
6.38907996e-001
-9.17081876e-001
-1.05168941e+000
7.94555045e-001
-6.29090146e-001
2.39615837e-001
3.13625641e-001
-1.03965169e+000
3.66250279e-002
3.45089818e-001
6 1
-9.9366e-001 2.4666e-001
8 1
0 1 7 4 2 16 19 24 
217
1.50737198e-001
-1.09006766e-002
6.30056199e-002
-3.01344195e-001
-4.72092644e-001
3.96221201e-001
-4.53566394e-002
1.73354509e-001
1.48708116e-001
2.26278020e-001
5.18039556e-001
-5.61466379e-001
1.43880903e-003
-1.48738345e+000
1.62330728e-001
-1.42072013e-003
2.86161678e-001
-1.15935303e-002
8.04066410e-003
2.72775717e-001
0.00000000e+000
0.00000000e+000
0.00000000e+000
0.00000000e+000
0.00000000e+000
0.00000000e+000
0.00000000e+000
0.00000000e+000
0.00000000e+000
-3.26791341e-001
-4.53361095e-001
4.54224193e-001
0.00000000e+000
0.00000000e+000
0.00000000e+000
0.00000000e+000
0.00000000e+000
-9.95704945e-002
1.97852674e-001
1.43977938e-001
1.64246720e-001
1.41415796e-001
-7.79755234e-002
2.31930443e-001
0.00000000e+000
-1.27388853e-001
-2.72528518e-001
6.46784209e-001
0.00000000e+000
-4.46868187e-001
-1.33882158e-001
7.41424934e-001
0.00000000e+000
9.85066574e-003
-2.21492584e-001
2.14100057e-001
0.00000000e+000
2.49813767e-001
8.35326343e-002
-9.30419803e-002
-9.88809693e-003
5.65291246e-001
1.46474404e-001
0.00000000e+000
-1.04393741e+000
-9.54243689e-001
5.35768515e-001
1.05805207e+000
6.58906097e-001
7.32263609e-001
0.00000000e+000
-8.14159396e-001
-1.37137509e+000
7.38945368e-001
1.33196213e-001
2.25951226e-001
-1.60916591e-002
0.00000000e+000
-1.54813254e-001
-1.15795361e-001
2.06520276e-001
-2.27266218e-001
9.90301765e-002
1.15367106e-002
0.00000000e+000
-3.73286965e-002
6.52738115e-002
3.90525166e-001
-7.00042608e-001
-2.02459271e-001
-4.35729902e-001
0.00000000e+000
-3.29453553e-001
-1.32462057e+000
2.58609559e-001
-6.57206586e-001
2.21581193e-001
-2.04258855e-001
0.00000000e+000
-2.20836770e-001
1.91500095e-001
2.72249311e-001
-2.76029931e-001
9.93246565e-002
-1.98697712e-001
0.00000000e+000
2.66622060e-001
3.62152083e-001
3.43057797e-001
-2.97114502e-001
-4.58942659e-001
-3.89875840e-001
0.00000000e+000
-3.11077607e-001
2.03846174e-001
7.52788011e-002
-3.64804060e-001
3.86536004e-001
4.44793565e-001
-1.12609541e+000
-1.89601148e+000
-1.35607905e+000
0.00000000e+000
0.00000000e+000
0.00000000e+000
9.45411040e-002
-1.57730638e+000
-4.57309909e-001
1.64837661e-002
-1.24025546e+000
-1.05156310e-001
-2.09963569e-001
1.06583757e-001
7.16862587e-001
0.00000000e+000
8.74372500e-001
-6.47263091e-001
-1.45422161e+000
1.20718674e+000
3.46251583e-001
1.81155333e-001
-1.39122004e-001
2.05940589e-001
2.78771872e-001
4.46369448e-001
-4.15652923e-003
0.00000000e+000
0.00000000e+000
0.00000000e+000
4.65235299e-001
-1.19634102e-001
-9.38190060e-003
-1.34395610e-001
-3.85299862e-001
-2.40249076e-002
1.98275747e-001
3.84145118e-001
-2.82993508e-001
0.00000000e+000
2.24262852e-001
-8.27763903e-001
8.87014663e-002
-9.68421879e-003
-5.67910996e-002
9.40319218e-003
1.33624451e-001
-3.54952968e-002
1.43597030e-001
2.34062724e-001
-1.53606493e+000
0.00000000e+000
0.00000000e+000
0.00000000e+000
3.54939410e-001
-1.41106594e+000
4.01810813e-001
9.65573559e-001
-1.00295089e+000
-2.35637433e-001
7.66575160e-001
6.88392813e-001
5.94552705e-001
0.00000000e+000
1.57901187e-001
-1.18922025e+000
-1.64091425e+000
9.79396712e-001
1.06084049e-001
-9.26657624e-003
2.65330341e-001
-1.18505916e+000
-4.47488936e-001
3.04981770e-001
-2.86618024e-001
0.00000000e+000
0.00000000e+000
0.00000000e+000
-6.36256098e-002
-8.64203715e-001
-1.74702839e-001
-7.91047937e-002
1.81480080e-001
5.79976892e-001
2.58859392e-001
-2.60137685e-001
-8.53805801e-001
0.00000000e+000
3.14260572e-001
5.63011025e-001
3.09152427e-001
-1.76962038e-001
-1.45337626e-001
2.85587597e-002
-2.50323484e-001
1.53741876e-002
1.94039123e-001
1.36873109e-001
136
1.01105374e+000
7.01608235e-001
-4.50186265e-003
3.09445509e-001
4.37578508e-003
0.00000000e+000
0.00000000e+000
0.00000000e+000
0.00000000e+000
0.00000000e+000
0.00000000e+000
0.00000000e+000
1.05768167e+000
9.51357248e-001
4.92446952e-001
0.00000000e+000
0.00000000e+000
0.00000000e+000
0.00000000e+000
0.00000000e+000
-3.77053972e-001
-3.94435860e-002
1.70564236e-001
2.41675733e-001
4.08202822e-001
5.95624478e-001
8.07854706e-001
-1.24482169e+000
-3.92414971e-001
-6.48564269e-001
5.43116213e-001
0.00000000e+000
5.71224569e-001
-1.22534526e-001
1.31129784e+000
0.00000000e+000
-4.17252116e-001
-4.23556645e-001
-1.64458674e-001
0.00000000e+000
1.07182823e+000
2.77372906e-001
6.72696737e-001
0.00000000e+000
0.00000000e+000
0.00000000e+000
0.00000000e+000
-2.18498409e+000
5.44214898e-001
-5.38959975e-001
-1.19860813e+000
0.00000000e+000
1.04258106e+000
5.34485408e-002
4.98654931e-001
-7.22441560e-001
0.00000000e+000
-2.81167574e+000
-6.65000267e-001
-6.20054866e-001
-2.66859085e-001
3.83909612e-002
4.91707487e-001
-4.20737196e-001
2.46488711e-001
7.15590543e-002
0.00000000e+000
6.16949417e-001
-5.87111005e-002
3.33603539e-001
-8.81887991e-002
0.00000000e+000
6.98884195e-001
-2.29899966e-002
2.23372265e-001
-1.28801433e-001
0.00000000e+000
-4.29205312e-001
-4.21198085e-001
-5.69916264e-002
3.47805994e-001
0.00000000e+000
1.17639887e+000
8.29623939e-002
2.70323103e-001
1.02883343e-001
-1.56579990e+000
-1.61152209e+000
-1.65375652e+000
0.00000000e+000
0.00000000e+000
0.00000000e+000
3.95136433e-001
-2.30825876e+000
8.05236732e-002
-3.10331076e-001
-1.04474896e+000
3.47406587e-001
1.32787009e-002
8.16960023e-001
-1.23520555e-001
0.00000000e+000
5.73618851e-001
-7.15389863e-001
-1.42113377e+000
7.32419117e-001
4.65228882e-001
5.09902528e-001
4.74194151e-001
-5.07108139e-001
1.77349287e-001
1.90716367e-001
-1.72859135e+000
0.00000000e+000
0.00000000e+000
0.00000000e+000
4.82680558e-001
-3.18534381e+000
-2.04610327e-002
8.04342676e-001
-1.13595715e+000
5.64237094e-001
9.99767620e-001
4.55483950e-001
9.68177504e-002
0.00000000e+000
7.58081900e-001
-9.81556835e-001
-1.02645213e+000
8.00295738e-001
-5.08428458e-001
2.67706751e-001
3.95965160e-001
-1.04026277e+000
4.98286411e-002
4.94662995e-001
25 1
-1.1118e+000 2.3383e-001
8 0
0 1 7 4 2 16 19 24 
217
-3.67001991e-002
-5.21518572e-001
2.68265180e-001
-1.74551879e-001
-4.30218185e-002
-3.07561813e-002
-2.70803398e-001
-4.33151737e-002
-2.26601307e-001
2.02687219e-001
4.09920704e-002
1.47365141e-001
4.62734253e-001
-1.01746134e-001
0.00000000e+000
0.00000000e+000
0.00000000e+000
1.24839575e-002
9.75516764e-003
3.77333610e-001
-4.34535200e-002
2.63180343e-003
4.55671903e-001
-5.73063655e-003
4.94336271e-004
5.91136572e-001
3.54664595e-002
3.38231977e-001
-6.28697313e-002
-1.04053539e-001
-2.53323048e-001
0.00000000e+000
0.00000000e+000
0.00000000e+000
0.00000000e+000
0.00000000e+000
0.00000000e+000
-2.61370569e-001
-6.64175503e-002
7.47859953e-003
7.86023744e-002
1.07919604e-001
6.09594268e-002
9.66534624e-002
0.00000000e+000
-2.75503958e-001
-2.67086716e-001
9.25223482e-001
0.00000000e+000
-1.00626009e-001
-4.61209451e-001
5.59597609e-001
0.00000000e+000
-3.03571152e-001
0.00000000e+000
3.10905917e-001
0.00000000e+000
9.92989852e-002
0.00000000e+000
1.13824288e-001
-1.70236052e-001
-6.16241729e-002
2.55685572e-001
0.00000000e+000
-1.36584936e+000
-7.58110004e-001
8.08451362e-001
1.37014399e+000
5.20697800e-001
6.25540491e-001
-2.46297596e-001
-5.29459927e-001
-1.82889750e-001
3.59328251e-001
-5.15212037e-001
3.79729072e-001
3.78764007e-001
0.00000000e+000
-1.16441681e-001
-3.01288744e-001
1.63976175e-001
-1.96354907e-001
-8.42346927e-002
2.17748166e-002
0.00000000e+000
1.89544152e-001
-1.25187843e-001
-8.85111974e-002
-6.59556477e-001
-1.37733153e-001
-1.58506765e-001
1.37683839e-001
-3.37329332e-001
-1.24806276e-001
-5.51262224e-002
-9.34824399e-003
2.18071516e-001
-1.54394466e-001
0.00000000e+000
1.03470905e-001
-1.14680897e-001
-1.73356762e-001
2.73452459e-001
3.31856569e-002
-1.12590499e-001
0.00000000e+000
2.28245437e-001
2.75489532e-001
-1.52992317e-001
-1.88292854e-001
-1.11953319e-001
-1.43033309e-001
0.00000000e+000
1.48492643e-002
1.10641083e-002
-1.91706376e-001
9.58195395e-002
1.40156913e-001
6.37176088e-002
-9.32833100e-001
-2.20233421e+000
-1.27133272e+000
0.00000000e+000
0.00000000e+000
0.00000000e+000
2.92439205e-001
-4.28941845e-001
-1.04227689e-002
-2.99977030e-001
-3.77221539e-001
8.15342389e-002
-7.95413366e-002
1.28398664e-001
-3.18992467e-002
0.00000000e+000
6.44957737e-001
-2.41912528e-001
-1.02115128e+000
3.00728300e-001
-1.12380082e-001
-2.99770502e-001
1.65349717e-001
-1.08632381e-001
1.43668385e-001
-1.65584316e-002
1.80891555e-002
0.00000000e+000
0.00000000e+000
0.00000000e+000
2.13428655e-001
-8.52262045e-001
1.50867335e-002
6.95033053e-002
-7.31063714e-001
-1.53047870e-001
1.96783210e-001
2.09517638e-001
-1.98179358e-001
0.00000000e+000
2.80538096e-001
-9.57534768e-002
1.29424808e-001
1.97180114e-001
-5.48223234e-002
2.89895315e-001
2.71333366e-001
-5.13605817e-002
-1.16534080e-001
3.98421365e-001
-1.27642748e+000
0.00000000e+000
0.00000000e+000
0.00000000e+000
9.53498430e-002
-5.51202310e-001
-1.47109693e-001
4.38691854e-001
-2.19871736e-001
1.01280971e-001
2.46612232e-001
-4.32957233e-002
-1.91830173e-001
0.00000000e+000
1.42204998e-001
-1.57437370e-001
-5.53011932e-001
2.27564368e-001
-3.42078872e-001
-3.38221202e-001
1.73101119e-001
-2.60304459e-001
-3.87005989e-003
1.07000668e-001
-4.14737840e-001
0.00000000e+000
0.00000000e+000
0.00000000e+000
2.76945042e-001
-1.10264591e+000
8.48088399e-002
7.06551683e-002
-3.93129387e-001
-7.69734725e-003
1.74086862e-001
1.98449992e-001
1.72813686e-001
0.00000000e+000
3.28037139e-001
-1.62852413e-001
-3.25409604e-001
7.10636294e-002
1.19324087e-001
2.50612436e-001
3.04345567e-002
-3.25826158e-001
-8.55286953e-002
2.11120238e-001
136
6.87137251e-001
0.00000000e+000
0.00000000e+000
1.81913301e-001
4.54446261e-003
1.08912490e-001
2.94766514e-003
3.79675290e-001
1.63558776e-003
6.51211514e-001
1.11535061e-001
-8.43412463e-003
-7.63686182e-002
-6.49149407e-002
7.41083591e-002
0.00000000e+000
0.00000000e+000
0.00000000e+000
0.00000000e+000
0.00000000e+000
-1.27581379e-001
-3.87410609e-002
7.32359542e-002
1.27074142e-001
1.26942299e-001
4.46487782e-001
2.06934201e-001
-2.83008148e-001
-3.33976821e-002
-4.99046257e-001
5.15241149e-001
0.00000000e+000
3.71450741e-001
-3.97694832e-001
7.51730223e-001
0.00000000e+000
-1.87524365e-001
-1.82641598e-001
-2.70856655e-001
0.00000000e+000
5.77932425e-001
1.76173468e-001
1.48273156e-001
0.00000000e+000
0.00000000e+000
0.00000000e+000
0.00000000e+000
-1.18571174e+000
8.09598402e-001
-2.91516752e-001
-1.20797049e+000
4.44935211e-001
1.02338530e-003
1.04518690e-001
3.34492566e-001
-7.27462535e-001
0.00000000e+000
-9.40173753e-001
-3.18328953e-001
-1.23588619e-001
-3.21994789e-001
-1.77620978e-001
4.20158787e-001
-5.03158973e-001
3.15283166e-001
-1.05437380e-001
2.86592154e-001
8.33862679e-002
-1.96171635e-001
2.65234531e-001
-1.59400596e-001
0.00000000e+000
3.06048597e-001
-8.94775764e-002
1.65455641e-001
-1.78667682e-001
0.00000000e+000
1.50116105e-001
-3.48608571e-001
1.25577261e-001
3.73800290e-001
0.00000000e+000
5.39445260e-001
4.75036948e-002
1.04607591e-001
3.42702737e-001
-1.49503188e+000
-2.05718335e+000
-1.43954207e+000
0.00000000e+000
0.00000000e+000
0.00000000e+000
5.86849370e-001
-2.17677064e+000
6.19591627e-002
-2.09866953e-001
-1.63922233e+000
-1.76299752e-001
1.69714290e-002
6.72467231e-001
1.64558624e-001
0.00000000e+000
1.18864382e+000
-3.02093794e-001
-1.41074189e+000
6.01304780e-001
3.89923773e-001
-8.93248726e-002
6.55037842e-001
-5.13720301e-001
-9.50837040e-002
8.35866142e-001
-2.07964234e+000
0.00000000e+000
0.00000000e+000
0.00000000e+000
4.66487062e-001
-2.86424304e+000
-6.42836673e-002
6.15190254e-001
-1.36562570e+000
6.45892302e-001
9.48647592e-001
4.22123578e-001
2.93539573e-002
0.00000000e+000
8.95093987e-001
-8.24850931e-001
-1.23891064e+000
7.17834189e-001
-2.75318715e-001
2.84858330e-001
3.22070093e-001
-1.31204767e+000
-9.08703047e-002
6.08956982e-001
18 1
-1.1329e+000 2.7468e-001
8 1
0 1 7 4 2 16 19 24 
217
-3.02981688e-001
-4.17012810e-001
7.47557249e-001
-7.27989075e-002
-5.56743900e-001
7.34693703e-001
1.88246707e-001
-3.90615926e-001
5.83139359e-002
-1.86279783e-001
-2.14003398e-001
-5.69272315e-001
2.21204967e-001
-2.33198424e-002
-1.07818634e-001
7.50263681e-003
-1.06966310e-001
-1.95163054e-001
1.03977088e-002
2.19856399e-001
0.00000000e+000
0.00000000e+000
0.00000000e+000
0.00000000e+000
0.00000000e+000
0.00000000e+000
0.00000000e+000
0.00000000e+000
0.00000000e+000
2.42259996e-001
-7.28766963e-002
0.00000000e+000
0.00000000e+000
0.00000000e+000
0.00000000e+000
0.00000000e+000
0.00000000e+000
1.50319613e-001
-3.99641619e-002
5.99251645e-003
5.95330464e-002
6.81903966e-002
1.29973178e-001
4.80530672e-002
0.00000000e+000
-6.01874556e-001
1.43348598e-001
5.47113439e-001
0.00000000e+000
-4.47380123e-001
-3.43878967e-001
5.98929863e-001
0.00000000e+000
1.24703033e-001
3.55688286e-001
7.58458054e-002
0.00000000e+000
5.03507350e-001
0.00000000e+000
5.97109844e-002
1.97032123e-001
-1.11706997e-001
3.36772529e-001
0.00000000e+000
-1.16353748e+000
-9.39620626e-001
4.51997347e-001
1.05869543e+000
4.08558450e-001
1.24608443e-001
0.00000000e+000
-6.36778101e-001
-1.41150280e+000
3.24453372e-001
-9.16018241e-002
9.34304126e-003
-3.34033405e-001
0.00000000e+000
-3.86383926e-001
-5.92600152e-002
-3.17644484e-003
-3.44768125e-001
8.65786835e-002
3.25434468e-001
0.00000000e+000
-3.43389168e-002
-1.08631733e-001
1.07711427e-002
-7.55815754e-001
-2.79413914e-001
-5.48491660e-001
0.00000000e+000
-6.66253834e-001
-3.84548270e-001
3.57121898e-001
-2.34468560e-001
6.15024824e-003
-3.13239049e-001
0.00000000e+000
-4.99048531e-001
-5.15550630e-001
3.13602732e-001
-4.22141174e-001
-1.17535889e-001
-6.05868138e-001
0.00000000e+000
4.53375205e-003
4.18794142e-001
-1.13463375e-001
-3.22553886e-001
-1.94052065e-001
-1.06769018e-001
0.00000000e+000
-4.36240505e-001
7.54544178e-001
-5.50756800e-001
1.74030239e-001
6.84015617e-001
1.54069846e+000
-1.60815214e+000
-1.71832555e+000
-2.76046027e+000
0.00000000e+000
0.00000000e+000
0.00000000e+000
1.09519379e+000
-1.69539832e-001
8.00510784e-001
6.19261329e-001
-3.59837521e-001
1.61684748e-001
9.23442935e-001
8.89808713e-001
1.18438177e+000
0.00000000e+000
1.38862329e+000
3.57558262e-001
-2.06019847e+000
1.82396352e+000
1.82675990e+000
1.01995873e+000
5.62380857e-001
5.23145705e-001
2.73142211e-001
1.40260612e+000
-5.37340633e-001
0.00000000e+000
0.00000000e+000
0.00000000e+000
1.13769039e+000
-1.93647066e-001
7.95841229e-001
8.84554359e-001
6.19282036e-001
1.23731166e+000
7.33721448e-001
1.28825072e+000
5.88514834e-001
0.00000000e+000
1.03893912e+000
2.77741861e-001
1.42892892e+000
5.96937824e-001
7.67636407e-002
9.95427690e-001
1.37481638e+000
8.98402275e-001
1.46229906e+000
8.19051240e-001
-2.18725886e+000
0.00000000e+000
0.00000000e+000
0.00000000e+000
7.75997176e-001
-1.63096615e-001
9.29867223e-001
1.08096384e+000
-6.70020523e-001
7.34122133e-001
1.55978889e+000
1.54743835e+000
1.60461159e+000
0.00000000e+000
1.03651412e+000
-2.06364161e-001
-5.73546456e-001
1.32639134e+000
3.18505354e-001
1.25521438e+000
1.31595624e+000
-2.69244995e-001
1.18020046e+000
1.23067594e+000
-1.21223967e+000
0.00000000e+000
0.00000000e+000
0.00000000e+000
1.01684259e+000
-7.92023169e-002
6.06962670e-001
1.30786799e+000
1.34983613e+000
1.16331980e+000
1.03498430e+000
4.39042994e-001
-1.08441538e-001
0.00000000e+000
1.41421363e+000
1.30637565e+000
8.27551849e-001
9.98260890e-001
9.56670024e-001
6.89283354e-001
5.54929510e-001
1.06813440e+000
6.18917243e-001
7.63829632e-001
136
1.68059013e+000
9.89680759e-001
-4.44330396e-003
6.90909374e-001
8.63812646e-003
0.00000000e+000
0.00000000e+000
0.00000000e+000
0.00000000e+000
0.00000000e+000
0.00000000e+000
0.00000000e+000
1.10298647e+000
9.15435284e-001
1.38736705e+000
0.00000000e+000
0.00000000e+000
0.00000000e+000
0.00000000e+000
0.00000000e+000
-3.91856419e-001
6.13154046e-002
2.85985977e-001
4.23080841e-001
6.27510272e-001
7.63390798e-001
1.12174546e+000
-1.81134831e+000
-4.40668062e-001
-5.31060307e-001
6.64138579e-001
0.00000000e+000
9.34953087e-001
5.22383195e-001
1.93227562e+000
0.00000000e+000
-8.20914839e-001
-8.11884556e-001
-3.70346912e-001
0.00000000e+000
1.09520386e+000
4.82545649e-001
9.09041936e-001
0.00000000e+000
0.00000000e+000
0.00000000e+000
0.00000000e+000
-2.22309314e+000
5.67278843e-001
-5.76630742e-001
-1.14050054e+000
0.00000000e+000
5.76071408e-001
6.14270420e-002
3.48541405e-001
-6.40494540e-001
0.00000000e+000
-4.27803002e+000
-1.00372832e+000
-9.92595597e-001
-2.48663012e-001
5.17566841e-002
4.53461034e-001
-3.60420850e-001
2.95818385e-001
4.57811399e-003
0.00000000e+000
3.97351931e-001
-1.86483570e-001
2.98588131e-001
-1.58258636e-001
0.00000000e+000
1.45081714e+000
1.10624929e-001
3.47837279e-001
-5.26163427e-002
0.00000000e+000
-1.06209413e+000
-4.96218915e-001
-2.13471835e-001
3.33357022e-001
0.00000000e+000
2.12995330e+000
1.88365170e-001
4.52345940e-001
9.41348918e-002
-1.42317350e+000
-1.66144429e+000
-1.55893428e+000
0.00000000e+000
0.00000000e+000
0.00000000e+000
4.39007080e-001
-2.00866824e+000
5.47917977e-002
-4.28967530e-001
-1.12103609e+000
2.48281451e-001
-6.20436351e-002
8.88569871e-001
-8.03893447e-002
0.00000000e+000
5.81577882e-001
-7.92097810e-001
-1.34699554e+000
7.82976951e-001
4.98128316e-001
5.20241609e-001
4.11492671e-001
-5.55610341e-001
2.06646988e-001
2.05159636e-001
-1.72887110e+000
0.00000000e+000
0.00000000e+000
0.00000000e+000
3.91555279e-001
-3.08905358e+000
7.63832031e-002
8.32109363e-001
-1.09751584e+000
7.47630299e-001
1.03901719e+000
4.38339518e-001
9.49452759e-002
0.00000000e+000
6.93100793e-001
-8.96773646e-001
-9.84789390e-001
8.32921321e-001
-5.88377456e-001
1.73238019e-001
2.54583170e-001
-1.10624761e+000
2.45294193e-002
4.35533578e-001
10 1
-1.0567e+000 2.7656e-001
8 1
0 1 7 4 2 16 19 24 
217
5.31807247e-001
-1.00215959e-001
-6.96211241e-002
-2.60255107e-002
5.31197357e-001
-4.12591909e-001
2.40251821e-001
-4.59773977e-001
2.51965395e-002
-3.10410873e-001
-3.76375221e-001
4.78467000e-001
1.11536750e-001
6.61152584e-001
2.39218876e-001
3.20046425e-003
-1.37809990e-001
2.92588371e-001
1.10540975e-002
-2.97680947e-001
0.00000000e+000
0.00000000e+000
0.00000000e+000
0.00000000e+000
0.00000000e+000
0.00000000e+000
0.00000000e+000
0.00000000e+000
0.00000000e+000
-9.44207242e-002
-1.70962708e-001
0.00000000e+000
0.00000000e+000
0.00000000e+000
0.00000000e+000
0.00000000e+000
0.00000000e+000
-5.26222557e-001
-3.23517480e-002
3.01861725e-001
1.71761006e-001
3.46669604e-001
5.73230557e-001
-1.47172298e-002
0.00000000e+000
2.81536669e-001
6.53899303e-001
6.00212269e-001
0.00000000e+000
-1.47284594e-001
1.72917278e-001
4.38446992e-001
0.00000000e+000
2.35605150e-001
0.00000000e+000
-7.87139437e-002
0.00000000e+000
4.18225538e-001
0.00000000e+000
-1.83546983e-001
-2.81554929e-001
4.52177329e-001
6.49608956e-001
0.00000000e+000
-1.03267385e+000
-8.67654396e-001
6.74104168e-001
8.46486436e-001
8.90376930e-001
1.27006664e+000
0.00000000e+000
-9.28617604e-001
-9.34314424e-001
1.04305433e+000
-5.04324057e-001
4.17370525e-001
-4.24207145e-002
0.00000000e+000
-2.45936421e-001
-4.16598423e-001
3.04113760e-001
-6.82429125e-002
4.73629908e-001
-1.36347091e-002
0.00000000e+000
3.15579097e-001
8.90313589e-002
3.88416183e-001
-5.43791107e-001
-1.72188033e-001
-1.06283527e+000
0.00000000e+000
-4.11602018e-001
-7.94273477e-002
4.76401783e-001
-2.70883333e-001
4.67007482e-001
9.42822613e-002
0.00000000e+000
-2.24519650e-001
-2.26926501e-001
1.41739117e-001
-3.08146232e-001
6.14587780e-001
-7.73559736e-003
0.00000000e+000
1.92131905e-001
1.63075596e-001
2.70007007e-001
-4.27400741e-001
6.96683352e-002
2.46916157e-001
0.00000000e+000
7.96379592e-002
1.07359570e-001
2.32464444e-001
-6.73782670e-002
2.19704844e-001
-3.34245632e-001
-1.62721222e+000
-1.77331009e+000
-2.80800337e+000
0.00000000e+000
0.00000000e+000
0.00000000e+000
8.46420169e-001
-1.75985845e-001
3.44941491e-001
3.36005217e-001
-1.38940856e+000
6.59356699e-001
1.34496720e+000
1.06186407e+000
1.80325781e+000
0.00000000e+000
1.63762893e+000
9.92679396e-001
-4.84501136e-001
1.63682220e+000
1.23658659e+000
1.31004145e+000
1.26196023e+000
5.17538930e-001
7.99024129e-001
9.18458137e-001
-6.42116051e-001
0.00000000e+000
0.00000000e+000
0.00000000e+000
1.09787554e+000
-1.47205792e-001
1.14076721e+000
9.33784974e-001
1.28512928e+000
1.05864207e+000
6.72460316e-001
9.53872015e-001
3.78672530e-001
0.00000000e+000
7.92567393e-001
4.51416950e-001
5.38017984e-001
7.16734464e-001
4.12044733e-001
1.12886457e+000
1.35702506e+000
8.75188816e-001
1.02676826e+000
1.10637669e+000
-2.62622567e+000
0.00000000e+000
0.00000000e+000
0.00000000e+000
1.70943584e+000
-1.09981892e-001
1.03665725e+000
1.30078278e+000
-2.80581415e-001
1.21246078e+000
1.67582320e+000
1.21674761e+000
1.35201356e+000
0.00000000e+000
1.56032213e+000
-1.08059532e-001
1.42184142e-001
1.96195543e+000
4.07858163e-001
1.80855351e+000
8.73076437e-001
-1.87893934e-002
8.33335022e-001
1.05966858e+000
-1.19794966e+000
0.00000000e+000
0.00000000e+000
0.00000000e+000
8.07355091e-001
-1.10676720e-001
1.02448804e+000
1.33747653e+000
1.29481324e+000
1.06757979e+000
1.24848800e+000
1.15143683e+000
6.30597364e-001
0.00000000e+000
1.23408419e+000
1.26952390e+000
8.45787673e-001
1.05059916e+000
1.09704272e+000
6.96550121e-001
1.21588994e+000
1.27009331e+000
1.47186042e+000
1.37817940e+000
136
1.45352024e+000
8.63243352e-001
-4.35891241e-003
5.90276884e-001
5.95178330e-003
0.00000000e+000
0.00000000e+000
0.00000000e+000
0.00000000e+000
0.00000000e+000
0.00000000e+000
0.00000000e+000
1.18939439e+000
9.77995229e-001
1.07934576e+000
0.00000000e+000
0.00000000e+000
0.00000000e+000
0.00000000e+000
0.00000000e+000
-3.58652092e-001
-8.16540671e-003
2.26956905e-001
3.96938137e-001
5.44108037e-001
6.36053285e-001
1.06958650e+000
-1.69272318e+000
-3.82937525e-001
-5.73770517e-001
7.74785689e-001
0.00000000e+000
6.69599479e-001
2.09234251e-001
1.67018978e+000
0.00000000e+000
-5.77874289e-001
-5.23871366e-001
-1.74425733e-001
0.00000000e+000
9.91103643e-001
3.67765801e-001
7.83110469e-001
0.00000000e+000
0.00000000e+000
0.00000000e+000
0.00000000e+000
-2.30003127e+000
5.31372235e-001
-6.01074947e-001
-1.20003368e+000
0.00000000e+000
4.99124079e-001
3.69593152e-002
2.77512384e-001
-6.28206085e-001
0.00000000e+000
-3.16444378e+000
-7.95096921e-001
-7.01167266e-001
-2.39397158e-001
2.40761194e-002
2.39626586e-001
-4.29851177e-001
2.34509811e-001
2.68721985e-002
0.00000000e+000
5.51022812e-001
-5.14543618e-002
2.78065320e-001
-1.60734200e-001
0.00000000e+000
1.01336983e+000
4.90349589e-002
2.60889548e-001
-6.50653574e-002
0.00000000e+000
-4.51889654e-001
-3.61004552e-001
-1.13692142e-001
3.69801813e-001
0.00000000e+000
1.59945055e+000
9.98829548e-002
3.59193184e-001
1.40343963e-001
-1.46656987e+000
-1.61167429e+000
-1.58702137e+000
0.00000000e+000
0.00000000e+000
0.00000000e+000
4.34817910e-001
-1.98407197e+000
5.35149220e-002
-3.38970863e-001
-1.11237922e+000
2.62352729e-001
-4.31852684e-002
8.25469673e-001
-9.32978842e-002
0.00000000e+000
6.04146901e-001
-8.75012051e-001
-1.36185515e+000
8.09893232e-001
4.97426090e-001
4.24575144e-001
2.53579388e-001
-4.42955746e-001
2.22388290e-001
2.76542510e-001
-1.69451210e+000
0.00000000e+000
0.00000000e+000
0.00000000e+000
4.07594959e-001
-2.86468055e+000
7.12581522e-004
7.73826862e-001
-1.07896229e+000
7.05341669e-001
1.01461136e+000
4.04127969e-001
8.94710636e-002
0.00000000e+000
6.76096602e-001
-8.67773711e-001
-1.07063865e+000
7.25707663e-001
-5.19716149e-001
2.33335863e-001
3.04316090e-001
-1.11082755e+000
6.42429413e-002
4.18701176e-001
