0 5 1 -1 -1
1 2 1 -1 -1
0.1528 -0.5072
356
-1.91750615e-001
-1.69078101e-001
0.00000000e+000
1.07969986e+000
-4.60476078e-001
-1.26925766e+000
7.59835466e-001
0.00000000e+000
0.00000000e+000
-3.17327796e-001
1.44076471e-001
0.00000000e+000
0.00000000e+000
5.65126386e-001
5.34384772e-001
-1.98112994e-002
-1.25252320e-001
-6.64982946e-002
1.12195136e+000
-7.46517132e-001
-1.52024393e+000
7.66131704e-001
0.00000000e+000
0.00000000e+000
1.12523743e+000
3.31871451e-001
1.00427804e+000
6.92324050e-001
5.58488975e-001
1.21852907e-001
4.41609483e-001
0.00000000e+000
0.00000000e+000
0.00000000e+000
0.00000000e+000
0.00000000e+000
0.00000000e+000
0.00000000e+000
0.00000000e+000
0.00000000e+000
0.00000000e+000
0.00000000e+000
0.00000000e+000
0.00000000e+000
0.00000000e+000
0.00000000e+000
0.00000000e+000
0.00000000e+000
0.00000000e+000
0.00000000e+000
0.00000000e+000
-6.81865388e-001
-4.20197654e-002
-1.06252058e+000
0.00000000e+000
0.00000000e+000
0.00000000e+000
0.00000000e+000
-1.44820030e-001
3.99839567e-001
1.62452163e-001
-5.82913373e-002
1.19447037e-001
-1.71241412e-001
-2.47865182e-001
-2.12279514e-001
-8.09646020e-002
-5.92698328e-001
-2.43187865e-002
-1.17271456e-002
-2.32279721e-001
3.84986642e-001
-9.81492498e-004
-6.46334113e-001
-3.80683654e-001
1.18209607e-002
-5.13708508e-001
-1.71734816e-001
9.95193548e-002
9.15436002e-002
0.00000000e+000
0.00000000e+000
0.00000000e+000
0.00000000e+000
0.00000000e+000
0.00000000e+000
0.00000000e+000
-9.69415440e-002
1.68889613e-001
-1.67094567e-001
-3.91957168e-001
-1.76702873e-001
-8.05594754e-001
-3.79389076e-001
-4.74291775e-001
-4.42879416e-001
8.45891267e-002
-1.07280502e-001
3.67681579e-001
3.49765870e-002
-7.54394559e-002
-2.20162024e-002
0.00000000e+000
0.00000000e+000
1.01921164e+000
1.41768124e+000
0.00000000e+000
0.00000000e+000
0.00000000e+000
0.00000000e+000
0.00000000e+000
0.00000000e+000
5.71752750e-001
3.42753354e-001
1.57929841e-001
-1.69617962e-001
-6.22623789e-001
-1.49115645e+000
1.96407327e+000
2.54916432e-001
-5.43093718e-002
-6.36616379e-001
-6.33622641e-001
-2.31025359e+000
7.28819175e-001
5.01772121e-002
1.51644578e-001
-1.56082049e-001
-8.53425648e-001
-1.14752838e-001
2.17091292e+000
2.15366151e+000
2.11127087e+000
2.07282988e+000
2.30728156e+000
2.02194414e+000
2.03657034e-001
5.38844315e-001
6.09209577e-001
7.05332903e-001
5.75766353e-001
-3.48822304e-001
-5.17122981e-002
-2.42230996e-001
-2.09661320e-001
-4.79151700e-001
-5.08245751e-001
-7.51276755e-001
0.00000000e+000
0.00000000e+000
0.00000000e+000
0.00000000e+000
-1.41581229e+000
2.81859208e+000
0.00000000e+000
0.00000000e+000
1.22406167e+000
9.32140808e-001
0.00000000e+000
-5.94703123e-001
-5.73292919e-001
-3.64865498e-001
-6.37669334e-001
-6.49863235e-001
-1.21096225e+000
0.00000000e+000
0.00000000e+000
0.00000000e+000
4.33114544e-002
-1.26342819e-001
1.14884803e-001
7.95332504e-002
-2.72919861e+000
3.39039927e-001
4.45323382e-001
-4.36194712e-001
1.32286564e+000
0.00000000e+000
1.29404818e+000
1.05848363e+000
-4.98163648e-001
3.69556974e-001
-1.29591223e+000
-2.24750931e-001
2.73704998e-001
-1.52132510e+000
-4.01632003e-001
6.81805559e-001
4.59819189e-001
0.00000000e+000
0.00000000e+000
0.00000000e+000
2.52373912e-001
-7.72313517e-001
-9.01464043e-002
2.58590514e-001
4.85102932e-001
3.21916179e-001
1.12865510e-001
-3.34200875e-002
-1.80133372e-001
0.00000000e+000
-1.96598240e-001
-3.07374978e-001
1.19344723e-001
3.26163574e-002
-9.36046202e-002
1.59998724e-001
9.19873386e-002
2.52206695e-001
5.18790283e-002
-5.47150538e-003
-6.58479117e-001
-2.75827055e-001
0.00000000e+000
1.67882970e-001
1.47725010e-002
9.90843825e-001
1.66576303e-001
-1.43324718e+000
-3.91584881e-001
0.00000000e+000
0.00000000e+000
0.00000000e+000
-3.54679014e-001
5.72701918e-001
-3.17208215e-001
5.10687876e-001
-3.08782667e-001
2.88619119e-001
5.30281060e-001
-1.24796926e+000
4.29499641e-001
0.00000000e+000
3.75185151e-001
1.07571885e+000
3.65370122e-001
-1.30399664e-001
-1.42198721e+000
-6.32139135e-001
-2.75457818e-001
6.38179768e-002
-9.19821167e-002
1.77138503e-001
-3.82652062e-001
0.00000000e+000
-4.75009516e-001
-1.97835028e-001
-5.52483136e-001
-2.97465864e-001
0.00000000e+000
6.65032246e-001
5.91525115e-001
9.70058621e-001
3.39037006e-001
-1.60656149e+000
-2.55017272e-001
0.00000000e+000
0.00000000e+000
-8.91759208e-001
-1.01472873e+000
0.00000000e+000
0.00000000e+000
0.00000000e+000
-5.75437141e-001
2.02382824e-002
-4.03584744e-001
-1.80078402e-001
-1.02901616e+000
5.30851680e-001
4.12619458e-001
1.83937311e-001
3.36365281e-002
0.00000000e+000
-1.56507692e-002
9.66408274e-001
-8.36039747e-001
4.52639033e-001
-4.13185467e-001
-2.55675935e-001
-9.60469259e-002
-3.26990759e-002
-1.00578628e-001
3.22933698e-001
3.65048627e-001
0.00000000e+000
0.00000000e+000
0.00000000e+000
5.63673949e-002
-7.36723199e-001
1.97834987e-002
4.80698551e-001
4.66541038e-001
2.35119536e-002
2.71813987e-001
-2.93776097e-001
5.45388926e-001
0.00000000e+000
1.04310963e-001
7.59053992e-002
2.49819723e-001
-5.03353375e-002
-7.58215447e-002
-2.52689856e-002
5.83006735e-002
-1.00625354e+000
1.71308322e-001
2.94768998e-002
-3.70351787e-001
-1.59145111e-001
4.17803598e-001
-2.75902528e-001
-3.01046181e-001
6.01502509e-001
2.24665996e-001
-9.85313615e-001
8.82561436e-003
0.00000000e+000
0.00000000e+000
0.00000000e+000
-1.22955103e-001
6.09719460e-002
1.04313252e-001
-1.12342702e+000
-4.50537093e-001
6.60634337e-002
-5.43569469e-001
6.27024995e-001
-5.13257714e-001
0.00000000e+000
-1.14184703e-001
-3.06278786e-001
-1.63087907e-001
5.71989853e-001
5.96403758e-001
3.99121193e-001
1.81824378e-001
8.97512197e-001
6.17223406e-003
-1.65273835e-001
-2.11206676e-001
2.18666111e+000
-6.94799941e-002
0.00000000e+000
-6.44376946e-001
-2.05720387e-001
5.38204060e-001
-7.43924447e-001
0.00000000e+000
8.89332660e-001
4.59885663e-001
-1.55493871e+000
-4.38656558e-001
2.86412560e+000
0.00000000e+000
0.00000000e+000
247
-7.22745977e-001
-7.22745977e-001
0.00000000e+000
-1.18133277e-001
-6.04612700e-001
0.00000000e+000
-1.04673401e+000
2.27867011e-001
0.00000000e+000
0.00000000e+000
8.96605691e-001
-2.59566417e-001
0.00000000e+000
0.00000000e+000
-1.59252382e-001
-5.63493594e-001
3.55851891e-001
-5.15104273e-001
0.00000000e+000
0.00000000e+000
0.00000000e+000
0.00000000e+000
0.00000000e+000
7.26755586e-001
2.44056590e-001
-8.44241976e-001
2.11404432e+000
0.00000000e+000
0.00000000e+000
0.00000000e+000
0.00000000e+000
0.00000000e+000
0.00000000e+000
0.00000000e+000
0.00000000e+000
0.00000000e+000
0.00000000e+000
0.00000000e+000
0.00000000e+000
0.00000000e+000
0.00000000e+000
-6.50166697e-001
5.07726553e-003
-6.48375793e-001
-1.02481304e-002
-1.97403294e+000
1.65277568e-002
0.00000000e+000
0.00000000e+000
0.00000000e+000
0.00000000e+000
0.00000000e+000
0.00000000e+000
0.00000000e+000
0.00000000e+000
0.00000000e+000
-2.75374258e-001
6.24855344e-003
-4.53620272e-001
9.80709327e-001
3.15427949e+000
0.00000000e+000
0.00000000e+000
0.00000000e+000
0.00000000e+000
0.00000000e+000
0.00000000e+000
5.12836301e-001
2.89398065e-001
-4.13957319e-002
-1.72473217e-001
-4.84606865e-001
-1.80721386e+000
-5.74378464e-001
0.00000000e+000
0.00000000e+000
0.00000000e+000
0.00000000e+000
0.00000000e+000
2.60491235e+000
1.64296765e+000
1.64913801e+000
1.45054355e+000
0.00000000e+000
9.82826039e-001
3.17932624e+000
3.56593267e+000
3.55257112e+000
3.65672830e+000
3.41120996e+000
3.22699187e+000
1.28268273e-001
4.00116117e-002
1.40211671e-002
-1.37906749e-001
2.95694435e-001
-4.74264723e-001
0.00000000e+000
-5.12746920e-001
0.00000000e+000
0.00000000e+000
0.00000000e+000
-5.78786400e-001
0.00000000e+000
-2.00917495e+000
6.26445366e+000
0.00000000e+000
1.28642898e+000
8.02856238e-001
0.00000000e+000
-2.09110143e+000
-6.14664791e-001
-1.08879051e+000
-1.10114778e+000
-6.84776251e-001
-1.70345530e+000
0.00000000e+000
0.00000000e+000
0.00000000e+000
9.97383320e-001
-5.33423974e-005
1.08453659e+000
3.88860223e-001
0.00000000e+000
1.37435182e+000
5.72579848e-001
1.52554455e+000
1.00671831e+000
0.00000000e+000
1.98102649e+000
8.02909580e-001
4.29004372e-001
8.99754328e-001
-2.21060900e-002
3.67760576e-001
1.01070725e+000
-6.41151342e-001
9.90551167e-002
9.85520627e-001
-1.06540742e+000
-3.91344279e-001
0.00000000e+000
5.88105306e-001
1.80766062e-001
-5.66378833e-001
0.00000000e+000
0.00000000e+000
0.00000000e+000
7.86885577e-001
6.53885687e-001
5.29211966e-001
3.94214512e-001
0.00000000e+000
7.17481234e-001
3.25608384e-001
1.08266910e+000
3.84222307e-001
0.00000000e+000
3.97318906e-001
1.51313568e-001
4.33351019e-001
9.32853981e-001
1.26523778e+000
1.10290611e+000
7.26251389e-001
6.71805551e-001
7.74399865e-001
4.60899349e-001
-6.74063140e-001
0.00000000e+000
-1.08366977e+000
-3.02736150e-001
-6.38047885e-001
-2.23320512e-001
0.00000000e+000
-4.48118196e-001
8.04017495e-001
-4.14727373e-001
0.00000000e+000
0.00000000e+000
4.92479312e-001
-1.78592403e+000
0.00000000e+000
0.00000000e+000
0.00000000e+000
-6.81867024e-001
2.05444375e+000
1.33207076e-001
-2.35673265e-001
0.00000000e+000
8.09087794e-001
1.26908905e+000
-1.29647066e-001
2.31447064e-001
0.00000000e+000
8.88388926e-001
1.76613590e+000
7.21613839e-001
7.59559195e-001
-4.87716630e-001
-7.05712549e-001
4.43880968e-001
0.00000000e+000
0.00000000e+000
9.78224761e-001
-6.09819251e-001
-5.59818251e-001
1.20921846e+000
3.57267741e-001
0.00000000e+000
-3.39075212e-001
0.00000000e+000
0.00000000e+000
0.00000000e+000
8.17814578e-001
-1.25738481e-001
5.27824351e-001
9.88866721e-001
0.00000000e+000
1.73829834e-001
8.53994787e-001
4.69090626e-001
1.08369219e+000
0.00000000e+000
4.85104684e-001
7.51750929e-001
-1.30737328e-001
0.00000000e+000
0.00000000e+000
7.28210258e-001
-2.76721610e-001
0.00000000e+000
0.00000000e+000
6.96632000e-001
-5.00010002e-002
3.90070727e-001
-1.04283683e+000
0.00000000e+000
-1.17610478e+000
-5.41329528e-001
1.25142534e+000
0.00000000e+000
0.00000000e+000
-6.34775251e-001
2.15764656e+000
0.00000000e+000
0.00000000e+000
5 -999999999 -999999999 0 -1
2 0 0 1 -1
-6.4052e-001 5.2878e-001
356
-1.58794538e-002
0.00000000e+000
0.00000000e+000
0.00000000e+000
0.00000000e+000
0.00000000e+000
0.00000000e+000
0.00000000e+000
0.00000000e+000
0.00000000e+000
0.00000000e+000
0.00000000e+000
0.00000000e+000
0.00000000e+000
0.00000000e+000
0.00000000e+000
0.00000000e+000
0.00000000e+000
0.00000000e+000
0.00000000e+000
0.00000000e+000
0.00000000e+000
0.00000000e+000
0.00000000e+000
0.00000000e+000
0.00000000e+000
0.00000000e+000
0.00000000e+000
0.00000000e+000
0.00000000e+000
0.00000000e+000
4.96071505e-001
-5.11950959e-001
-2.01929962e+000
-1.13607271e+000
8.57912919e-001
3.10719376e-002
1.43826719e+000
-1.15072907e-001
1.07710393e+000
1.17865450e+000
0.00000000e+000
0.00000000e+000
0.00000000e+000
0.00000000e+000
0.00000000e+000
0.00000000e+000
0.00000000e+000
0.00000000e+000
0.00000000e+000
0.00000000e+000
-2.48324215e-001
-4.33583634e-002
-6.49168181e-001
0.00000000e+000
0.00000000e+000
0.00000000e+000
0.00000000e+000
-2.98404329e-001
1.28542222e-001
3.79855801e-003
2.32468738e-001
1.32572110e-001
1.68059901e-001
2.38221211e-001
-3.54220024e-001
-9.20670034e-002
-4.83886202e-001
0.00000000e+000
0.00000000e+000
0.00000000e+000
0.00000000e+000
0.00000000e+000
0.00000000e+000
2.32801596e-001
-1.30771516e-002
2.24899501e-001
-2.38046659e-001
1.35892941e-004
1.21562600e-001
0.00000000e+000
0.00000000e+000
0.00000000e+000
0.00000000e+000
0.00000000e+000
0.00000000e+000
0.00000000e+000
-4.24174226e-001
-1.53175325e-001
5.64607147e-001
2.80145175e-002
-1.89729565e-001
-1.25328721e-003
-2.48593789e-001
-6.42740826e-001
-1.44978052e-001
2.54273715e-001
8.78075592e-002
-3.32554245e-001
-6.01278718e-003
-1.38543678e-001
8.59112998e-002
2.21991811e+000
5.56133766e-001
5.96728369e-001
3.39072366e-001
0.00000000e+000
0.00000000e+000
0.00000000e+000
0.00000000e+000
0.00000000e+000
0.00000000e+000
2.66805095e-001
2.52672765e-001
4.33733571e-001
5.22430199e-002
-1.56859638e-001
-1.46120264e+000
2.24663450e+000
8.33539616e-001
-2.33913042e-001
-7.89905569e-001
-4.33583494e-001
-2.64937676e+000
1.33910466e+000
3.79662751e-001
1.88516388e-001
-2.14432244e-001
-9.65277897e-001
-5.59207342e-002
1.58078808e+000
1.56359168e+000
1.57532520e+000
1.58226676e+000
1.86607949e+000
1.26484869e+000
6.03511443e-001
3.44448985e-001
7.47999569e-002
2.38489060e-001
6.95606822e-002
-7.55173431e-001
-4.37179407e-001
-3.55932575e-001
-7.44184416e-001
-3.57312818e-001
-5.85988131e-001
-6.33112664e-001
0.00000000e+000
0.00000000e+000
0.00000000e+000
0.00000000e+000
-1.02660474e+000
2.33977524e+000
0.00000000e+000
0.00000000e+000
1.01072529e+000
3.30901532e-001
0.00000000e+000
0.00000000e+000
2.33861840e-001
1.48971369e-001
-8.46469663e-001
-5.03923190e-001
-6.12607823e-001
0.00000000e+000
0.00000000e+000
0.00000000e+000
8.01388509e-001
3.58772452e-002
-4.60368517e-001
8.20245288e-001
-2.62081129e+000
3.65561738e-001
7.17053583e-001
2.39113313e-002
1.17927103e+000
0.00000000e+000
1.36085126e+000
2.95024286e-001
-6.46226820e-001
2.44109971e-001
-1.28695813e+000
1.79186856e-001
7.04508614e-002
-1.75544965e+000
-8.50812144e-001
9.15086775e-001
-5.67994174e-002
0.00000000e+000
0.00000000e+000
0.00000000e+000
-1.43496255e-002
-2.65886953e-001
-1.64758330e-001
-2.35938637e-001
4.04163425e-001
5.55698416e-002
-1.83863194e-001
2.14524225e-001
-2.48764909e-001
0.00000000e+000
-1.88097989e-001
-1.26836929e-001
5.94205279e-002
6.30327302e-002
9.53062918e-002
1.35870086e-001
1.54790949e-002
2.54210943e-001
2.47433992e-001
-1.73314009e-001
-2.76118365e-001
1.10737338e-001
0.00000000e+000
0.00000000e+000
0.00000000e+000
6.85410803e-003
1.45783567e-001
-4.19003370e-002
2.74019382e-002
0.00000000e+000
0.00000000e+000
0.00000000e+000
1.75034838e-001
8.34297718e-001
-4.33124576e-001
2.89694259e-001
-2.07089599e-001
8.53625416e-002
1.98368209e-001
-6.48961348e-001
7.27416808e-001
0.00000000e+000
6.15827451e-001
5.89606281e-001
-1.63791368e-001
-2.35821366e-001
-4.46785618e-001
-4.30817736e-001
-2.73678072e-001
-4.49287574e-001
-5.89432482e-001
3.90583572e-001
-3.86855703e-001
0.00000000e+000
0.00000000e+000
0.00000000e+000
-3.36489458e-001
1.23124502e-001
0.00000000e+000
0.00000000e+000
0.00000000e+000
4.48940160e-001
-1.16567483e-001
-2.09248176e-001
-4.59613960e-001
0.00000000e+000
0.00000000e+000
0.00000000e+000
-3.54951820e-001
0.00000000e+000
0.00000000e+000
0.00000000e+000
-1.06220074e+000
-3.68553071e-001
-1.67215463e-001
-2.68305579e-001
-1.65448833e+000
7.86606800e-001
4.88444662e-001
-1.97572841e-001
1.23902688e-001
0.00000000e+000
-2.05704564e-001
1.38025529e+000
-2.44530236e-001
4.05409321e-001
-6.39478930e-002
-3.27444737e-001
1.79726275e-001
4.13090430e-001
4.02172476e-001
2.54036997e-002
-2.84932968e-001
0.00000000e+000
0.00000000e+000
0.00000000e+000
5.21311788e-002
-2.83633052e-002
-1.88590969e-001
-5.27298853e-002
5.19199185e-001
2.30191664e-002
-9.46357456e-002
-1.13157359e-001
1.98292456e-002
0.00000000e+000
-2.97428530e-002
7.27583304e-003
3.45664525e-002
7.07396437e-002
-4.23448188e-001
1.94341971e-002
-8.58748669e-002
-2.28502651e-003
-1.29251619e-001
1.16951947e-001
-2.90542660e-001
1.55652376e-001
0.00000000e+000
0.00000000e+000
0.00000000e+000
-1.08257192e-002
1.64753738e-001
1.72435813e-003
2.02887633e-001
0.00000000e+000
0.00000000e+000
0.00000000e+000
-1.80484661e-003
-1.33130742e-001
2.97919382e-001
-2.59721160e-001
-3.81368052e-001
6.46327772e-002
-4.05808097e-001
5.91447638e-001
-2.41612121e-001
0.00000000e+000
-2.03014835e-001
-6.82798730e-002
9.63680673e-002
-7.45324730e-002
2.01754707e-001
3.42504706e-001
7.98891652e-002
2.30559138e-001
2.15742535e-001
-1.48658283e-001
-4.46195036e-001
0.00000000e+000
1.71585825e-001
-3.59821537e-001
-6.44091605e-002
-6.68100695e-003
0.00000000e+000
0.00000000e+000
0.00000000e+000
-1.04144888e-001
1.43997050e-002
8.30641760e-002
-5.77281536e-002
0.00000000e+000
0.00000000e+000
0.00000000e+000
247
-3.89828826e-001
0.00000000e+000
0.00000000e+000
0.00000000e+000
0.00000000e+000
0.00000000e+000
0.00000000e+000
0.00000000e+000
0.00000000e+000
0.00000000e+000
0.00000000e+000
0.00000000e+000
0.00000000e+000
0.00000000e+000
0.00000000e+000
0.00000000e+000
0.00000000e+000
0.00000000e+000
0.00000000e+000
0.00000000e+000
0.00000000e+000
0.00000000e+000
0.00000000e+000
0.00000000e+000
0.00000000e+000
0.00000000e+000
0.00000000e+000
-3.89828826e-001
0.00000000e+000
1.04972170e+000
-1.43955053e+000
0.00000000e+000
-1.25897056e-001
-3.76904265e-001
0.00000000e+000
0.00000000e+000
0.00000000e+000
0.00000000e+000
0.00000000e+000
0.00000000e+000
0.00000000e+000
0.00000000e+000
0.00000000e+000
-3.29559464e-003
2.48572503e-002
7.25758488e-003
-5.92012558e-003
-4.25052027e-001
-7.30006139e-004
0.00000000e+000
0.00000000e+000
0.00000000e+000
0.00000000e+000
0.00000000e+000
0.00000000e+000
0.00000000e+000
-4.12104167e-001
-2.11692755e-001
2.33968097e-001
-2.64690398e-001
-7.13250545e-002
0.00000000e+000
0.00000000e+000
0.00000000e+000
0.00000000e+000
0.00000000e+000
0.00000000e+000
8.32054453e-001
8.29400102e-001
3.95062556e-001
-3.66390419e-002
-6.71638492e-001
-1.47337801e+000
2.05961448e+000
-2.39709730e-001
0.00000000e+000
-8.11197314e-001
-1.10133815e-001
-2.30711134e+000
7.60319300e-001
3.43504580e-001
2.50201525e-001
2.09009892e-001
-5.89148121e-001
2.82698684e-001
5.06465857e-002
2.16706833e-001
1.15499662e-001
2.74210575e-001
4.64906421e-001
9.62598501e-002
3.73084698e-002
-8.56777041e-003
3.74830978e-001
1.28853932e-001
1.30929916e-001
-9.21918487e-001
2.79130032e-001
-8.83984285e-002
4.57113421e-002
-1.79977825e-001
4.80982246e-002
-4.24672672e-001
0.00000000e+000
-1.57508963e+000
2.71045563e+000
0.00000000e+000
1.18526081e+000
4.73306059e-001
0.00000000e+000
0.00000000e+000
2.58270978e-001
-3.83409405e-001
-1.76941588e-001
-1.41562184e-001
-1.25138428e-001
0.00000000e+000
0.00000000e+000
0.00000000e+000
1.21500769e-001
-5.56679047e-001
1.62783742e-001
-1.98983419e-001
-1.05925561e+000
6.94613520e-001
2.72594404e-002
-1.54627980e-001
8.30803942e-001
0.00000000e+000
7.03411967e-001
1.02998511e+000
-4.89929816e-001
3.65929711e-001
-5.61396431e-001
-1.75618475e-001
4.17036437e-001
-1.12327776e+000
-2.49110913e-001
9.04163918e-002
-7.32039932e-002
2.24212684e-001
0.00000000e+000
0.00000000e+000
0.00000000e+000
-1.99043060e-001
0.00000000e+000
0.00000000e+000
0.00000000e+000
-8.41177572e-002
-3.35082862e-001
2.16889359e-001
3.69518282e-002
-1.91692911e-001
2.27965130e-002
-9.50613011e-002
2.34245359e-001
-5.11551668e-001
0.00000000e+000
6.62791980e-002
-3.83999887e-001
-7.70789505e-002
2.08085633e-001
4.35768157e-001
7.29550297e-003
-5.38563885e-002
1.55100604e-001
3.25415868e-001
-1.75429356e-001
-2.97416677e-001
0.00000000e+000
0.00000000e+000
7.64250823e-002
-5.19344346e-002
3.40582940e-002
0.00000000e+000
0.00000000e+000
4.08194186e-002
-8.59927286e-002
0.00000000e+000
0.00000000e+000
-4.73044080e-002
-3.18503771e-001
0.00000000e+000
0.00000000e+000
0.00000000e+000
-4.95373388e-001
1.90437169e-001
-2.38544677e-001
-3.91459767e-001
-4.93224743e-001
5.35472410e-001
1.98284148e-001
8.27372638e-002
3.08781204e-001
0.00000000e+000
1.83278605e-001
9.70753647e-001
-8.65565498e-001
3.76016079e-001
-3.41906597e-001
-1.50263231e-001
2.15698495e-001
-2.10132270e-001
-2.25934668e-001
3.24420467e-002
2.95486155e-002
3.51230396e-001
0.00000000e+000
0.00000000e+000
0.00000000e+000
-3.28097218e-001
0.00000000e+000
0.00000000e+000
0.00000000e+000
1.45500275e-001
-1.97034006e-001
-1.20966897e-001
4.25692312e-001
-2.10637321e-001
5.66482151e-002
2.03672528e-001
-2.31326713e-001
2.51494744e-001
0.00000000e+000
2.25626096e-001
4.46669004e-002
1.03882401e-001
7.53104695e-002
-6.45965403e-001
-1.44567607e-001
-1.16970129e-001
0.00000000e+000
-3.60684687e-002
1.50571690e-001
-3.21681780e-001
5.25013275e-002
8.50660988e-002
-1.05528509e-002
-3.48052387e-001
-5.28171983e-001
0.00000000e+000
0.00000000e+000
0.00000000e+000
1.80119597e-001
0.00000000e+000
0.00000000e+000
0.00000000e+000
4 1
-4.0538e-001 9.8287e-002
2 0
0 5 
217
-3.88277104e-002
-2.00701681e-001
5.89749409e-001
2.07686516e-001
1.22569063e-001
-1.89626064e-001
2.35492599e-002
-1.91183929e-001
-1.83947069e-001
-9.29284486e-002
-2.67663775e-001
4.27631863e-001
2.66664811e-001
-1.79733678e-001
2.56231586e-001
-4.43865039e-003
8.06206059e-002
6.37188132e-001
-5.63677232e-003
-3.49559383e-001
-9.32247428e-001
4.66702233e-003
-3.75784413e-002
0.00000000e+000
0.00000000e+000
0.00000000e+000
0.00000000e+000
0.00000000e+000
0.00000000e+000
0.00000000e+000
0.00000000e+000
0.00000000e+000
0.00000000e+000
1.07547655e-001
-1.46375365e-001
0.00000000e+000
-4.22290038e-002
-3.08532946e-001
3.11934240e-001
0.00000000e+000
0.00000000e+000
0.00000000e+000
0.00000000e+000
0.00000000e+000
-4.22290038e-002
-5.91651950e-002
-2.49367751e-001
3.11934240e-001
0.00000000e+000
0.00000000e+000
0.00000000e+000
0.00000000e+000
0.00000000e+000
0.00000000e+000
0.00000000e+000
0.00000000e+000
0.00000000e+000
0.00000000e+000
0.00000000e+000
0.00000000e+000
3.11934240e-001
-2.49367751e-001
-5.91651950e-002
0.00000000e+000
-2.91596755e-001
0.00000000e+000
2.59302572e-001
7.41808767e-001
-6.53352697e-003
4.29455491e-001
0.00000000e+000
-1.01394199e-001
-7.23426889e-001
4.63198120e-001
-5.54802409e-001
-4.00631632e-001
1.83423113e-001
0.00000000e+000
0.00000000e+000
0.00000000e+000
0.00000000e+000
0.00000000e+000
0.00000000e+000
0.00000000e+000
0.00000000e+000
0.00000000e+000
0.00000000e+000
0.00000000e+000
0.00000000e+000
0.00000000e+000
0.00000000e+000
0.00000000e+000
0.00000000e+000
0.00000000e+000
0.00000000e+000
0.00000000e+000
0.00000000e+000
0.00000000e+000
0.00000000e+000
0.00000000e+000
0.00000000e+000
0.00000000e+000
0.00000000e+000
0.00000000e+000
0.00000000e+000
0.00000000e+000
0.00000000e+000
0.00000000e+000
0.00000000e+000
0.00000000e+000
0.00000000e+000
0.00000000e+000
0.00000000e+000
0.00000000e+000
0.00000000e+000
0.00000000e+000
0.00000000e+000
0.00000000e+000
0.00000000e+000
-6.83078378e-001
-2.74161900e+000
-7.87897995e-001
0.00000000e+000
0.00000000e+000
0.00000000e+000
5.54819736e-001
-9.51766659e-001
-2.18209082e-001
5.52521010e-002
-1.85664085e+000
3.63239214e-002
3.51555881e-001
5.63700842e-001
3.70675934e-001
0.00000000e+000
1.02712779e+000
-3.92806158e-002
-1.56168821e+000
6.17599498e-001
5.68903696e-001
6.40876515e-001
3.50492193e-001
-1.43077406e+000
-4.94069707e-001
6.27203075e-001
-8.45644532e-003
0.00000000e+000
0.00000000e+000
0.00000000e+000
2.80558567e-001
-4.89253146e-001
1.35697873e-001
4.25180676e-001
-3.69383315e-001
3.42108022e-001
1.62383232e-001
8.82176317e-003
8.26661864e-002
0.00000000e+000
1.77363372e-001
2.55697894e-001
3.90316055e-001
-1.08676607e-001
-1.73101118e-001
-1.98694117e-001
-2.43652617e-002
-7.50117367e-001
-2.21691045e-001
6.60318908e-002
-2.65888028e+000
0.00000000e+000
0.00000000e+000
0.00000000e+000
-3.12815039e-001
1.14772782e+000
-9.29144471e-001
-9.81548471e-002
-8.01588367e-001
-1.53814199e-001
-2.81204050e-001
-1.43475952e-001
-2.36152868e-001
0.00000000e+000
5.42885095e-002
2.45183438e+000
-7.27786088e-001
2.98947920e-001
-1.17392849e+000
-1.97650619e-002
-3.35870206e-001
-1.09481509e+000
-3.92435337e-002
-2.63920632e-001
1.78709360e-001
0.00000000e+000
0.00000000e+000
0.00000000e+000
1.47794905e-001
1.58629269e-001
1.38015931e-001
-1.48740472e-001
-1.02171221e+000
5.03367774e-001
5.46850904e-001
1.12841522e-001
4.04551068e-001
0.00000000e+000
1.75242057e-001
-2.38862489e-001
-5.13600783e-001
-7.96759406e-002
6.02129518e-001
1.23131537e-001
1.16438491e-001
-5.98894862e-001
-3.83018477e-001
1.34221612e-001
136
1.97512631e-001
1.14433196e-001
-5.89667967e-003
-2.84553723e-002
4.20480125e-003
1.11534806e-001
6.09892802e-003
0.00000000e+000
0.00000000e+000
0.00000000e+000
0.00000000e+000
0.00000000e+000
0.00000000e+000
0.00000000e+000
0.00000000e+000
0.00000000e+000
3.28186393e+000
3.32522173e+000
0.00000000e+000
-7.18997662e-001
-1.16796167e-002
9.28189910e-001
0.00000000e+000
0.00000000e+000
0.00000000e+000
0.00000000e+000
0.00000000e+000
-7.18997662e-001
4.18897317e-001
-4.30576934e-001
9.28189910e-001
0.00000000e+000
0.00000000e+000
0.00000000e+000
0.00000000e+000
0.00000000e+000
0.00000000e+000
0.00000000e+000
0.00000000e+000
0.00000000e+000
0.00000000e+000
0.00000000e+000
0.00000000e+000
0.00000000e+000
0.00000000e+000
0.00000000e+000
0.00000000e+000
1.81828332e-001
7.88276692e-002
-3.93596359e-001
-1.30730654e+000
0.00000000e+000
-3.00100345e-001
-5.54530872e-001
1.23964370e-001
-7.02232175e-001
0.00000000e+000
0.00000000e+000
0.00000000e+000
0.00000000e+000
9.28189910e-001
-4.30576934e-001
4.18897317e-001
0.00000000e+000
0.00000000e+000
0.00000000e+000
0.00000000e+000
0.00000000e+000
0.00000000e+000
0.00000000e+000
0.00000000e+000
0.00000000e+000
0.00000000e+000
0.00000000e+000
0.00000000e+000
0.00000000e+000
0.00000000e+000
0.00000000e+000
0.00000000e+000
0.00000000e+000
0.00000000e+000
0.00000000e+000
0.00000000e+000
0.00000000e+000
0.00000000e+000
0.00000000e+000
-8.33132182e-001
-2.10943741e+000
-1.00951549e+000
0.00000000e+000
0.00000000e+000
0.00000000e+000
8.71268464e-001
-2.22384556e+000
1.79389355e-001
3.99563739e-001
-2.69544525e+000
6.41204202e-001
4.95235558e-001
8.10441299e-001
1.59964881e-001
0.00000000e+000
1.25455012e+000
1.97764070e-001
-1.15908227e+000
4.97313801e-001
7.38660055e-001
6.21886426e-001
6.11929586e-001
-2.30079837e+000
-6.79196959e-001
5.69681364e-001
-1.95745420e+000
0.00000000e+000
0.00000000e+000
0.00000000e+000
3.80149575e-001
1.95584213e+000
-1.88870026e-001
3.43167531e-003
-2.10512141e+000
3.37113740e-001
-4.53603618e-002
4.09970188e-001
-6.09864579e-001
0.00000000e+000
8.82368139e-001
1.17911547e+000
-1.12347106e+000
2.38162695e-002
-6.77030237e-001
-3.82818844e-002
-2.85574918e-003
-1.84930881e+000
-8.36165189e-001
3.47067921e-001
1 1
-6.2588e-001 1.7276e-001
3 -1
0 5 4 
217
1.70231199e+000
-4.02700535e-001
-1.18448689e+000
-1.12016200e+000
9.05205282e-001
-5.73673570e-001
-2.02169704e-001
2.26872827e-001
9.79457230e-001
1.60794057e-001
0.00000000e+000
0.00000000e+000
0.00000000e+000
0.00000000e+000
5.86070318e-001
-1.00249289e-002
5.84347244e-001
6.18369859e-001
-5.09760337e-003
2.83661482e-002
1.07466536e+000
-3.50049525e-003
-6.20461716e-001
-5.76793550e-001
1.27166734e-003
1.63852932e+000
0.00000000e+000
0.00000000e+000
0.00000000e+000
0.00000000e+000
0.00000000e+000
0.00000000e+000
0.00000000e+000
1.13871493e+000
1.12205333e+000
0.00000000e+000
-2.72303932e-001
1.12480015e-001
9.48478066e-001
9.13657838e-001
0.00000000e+000
0.00000000e+000
0.00000000e+000
0.00000000e+000
-2.72303932e-001
2.47361066e-001
6.14885677e-002
5.64657061e-001
-1.96369619e-001
6.70508557e-001
-2.86687552e-001
9.13657838e-001
0.00000000e+000
0.00000000e+000
0.00000000e+000
0.00000000e+000
0.00000000e+000
0.00000000e+000
0.00000000e+000
0.00000000e+000
1.19162735e+000
6.14885677e-002
7.21500004e-001
0.00000000e+000
-9.42426148e-002
0.00000000e+000
-7.62922572e-001
8.09822937e-001
0.00000000e+000
0.00000000e+000
0.00000000e+000
4.49196072e-001
6.04675087e-002
9.70355678e-001
-7.34004278e-001
0.00000000e+000
0.00000000e+000
0.00000000e+000
5.38224036e-001
-3.20817433e-001
5.20674288e-001
-4.22131126e-001
5.80434936e-001
2.79776479e-001
0.00000000e+000
0.00000000e+000
0.00000000e+000
0.00000000e+000
0.00000000e+000
0.00000000e+000
0.00000000e+000
0.00000000e+000
0.00000000e+000
0.00000000e+000
0.00000000e+000
0.00000000e+000
0.00000000e+000
0.00000000e+000
0.00000000e+000
0.00000000e+000
0.00000000e+000
0.00000000e+000
0.00000000e+000
0.00000000e+000
0.00000000e+000
0.00000000e+000
0.00000000e+000
0.00000000e+000
0.00000000e+000
0.00000000e+000
0.00000000e+000
0.00000000e+000
0.00000000e+000
0.00000000e+000
0.00000000e+000
0.00000000e+000
0.00000000e+000
0.00000000e+000
0.00000000e+000
-7.28182815e-001
-9.45263074e-001
-2.61593173e+000
0.00000000e+000
0.00000000e+000
0.00000000e+000
2.31440355e+000
-2.51223483e-001
9.85331123e-001
1.75135556e+000
-1.68618469e-001
2.01480025e+000
1.91250672e+000
1.80517938e+000
2.12412567e+000
0.00000000e+000
2.82464944e+000
1.87365383e+000
-2.75918872e-001
1.73648141e+000
1.17676670e+000
1.93902983e+000
1.27566598e+000
-1.17459768e+000
5.24606025e-001
1.54480746e+000
-3.55525986e-001
0.00000000e+000
0.00000000e+000
0.00000000e+000
8.94098471e-001
-1.34316591e-001
3.14034754e-002
1.16554579e+000
-1.34592389e-001
3.69442381e-001
2.04397423e-001
1.71738209e+000
-1.15552080e+000
0.00000000e+000
7.69885831e-001
-1.28090734e-002
1.27457206e+000
1.12123416e+000
4.79344546e-001
-4.79549040e-001
4.57469866e-001
4.56214447e-001
9.26982016e-001
1.76461926e+000
-1.43463708e+000
0.00000000e+000
0.00000000e+000
0.00000000e+000
5.47621600e-001
9.71108913e-001
-4.73307746e-001
-1.53699465e-001
-8.63058938e-001
1.52926289e+000
1.03096868e+000
-2.77077499e-002
7.30130566e-001
0.00000000e+000
1.51819201e+000
2.06212230e+000
-1.06826200e+000
1.22189785e+000
3.12057922e-001
1.38858502e-001
-1.01727426e-001
-5.78418909e-003
3.21650125e-001
8.90577743e-001
-9.64041648e-001
0.00000000e+000
0.00000000e+000
0.00000000e+000
2.55809215e-001
6.60127734e-001
-9.31138659e-001
1.03414789e-001
-4.44148533e-001
-1.07904053e+000
-1.03639373e+000
4.84606876e-001
1.79112643e+000
0.00000000e+000
9.20904986e-001
1.50595874e+000
1.23128476e+000
1.09425234e+000
5.34051376e-001
-8.70534705e-001
-2.04118906e-001
-4.29056440e-003
-6.15699204e-002
1.05845910e+000
136
1.10492518e+000
5.33544008e-001
-1.06222130e-002
2.45297086e-002
3.37820954e-003
3.08914964e-001
-2.93494893e-003
2.37936504e-001
-7.46624466e-004
0.00000000e+000
0.00000000e+000
0.00000000e+000
0.00000000e+000
0.00000000e+000
0.00000000e+000
0.00000000e+000
1.58655943e-001
2.15961982e-001
7.30307260e-001
-5.61486796e-002
6.35622320e-002
2.53867099e-001
8.43644533e-001
0.00000000e+000
0.00000000e+000
0.00000000e+000
0.00000000e+000
-5.61486796e-002
3.88701079e-001
-3.56474559e-001
1.53224963e+000
0.00000000e+000
-6.53357959e-002
-1.21304674e+000
8.43644533e-001
0.00000000e+000
0.00000000e+000
0.00000000e+000
0.00000000e+000
0.00000000e+000
0.00000000e+000
0.00000000e+000
0.00000000e+000
0.00000000e+000
0.00000000e+000
0.00000000e+000
-4.93060929e-001
-1.10127333e+000
1.54516963e-001
-4.87621796e-001
0.00000000e+000
0.00000000e+000
2.98552316e-001
-2.76240659e-001
3.45000459e-001
-9.82058840e-001
6.87788985e-001
8.20538486e-001
-1.97144088e-001
3.67412785e-001
3.93253257e-001
-3.56474559e-001
3.54700995e-001
0.00000000e+000
0.00000000e+000
0.00000000e+000
0.00000000e+000
0.00000000e+000
0.00000000e+000
0.00000000e+000
0.00000000e+000
0.00000000e+000
0.00000000e+000
0.00000000e+000
0.00000000e+000
0.00000000e+000
0.00000000e+000
0.00000000e+000
0.00000000e+000
0.00000000e+000
0.00000000e+000
0.00000000e+000
0.00000000e+000
0.00000000e+000
0.00000000e+000
0.00000000e+000
-9.02849605e-001
-1.26747318e+000
-2.33767958e+000
0.00000000e+000
0.00000000e+000
0.00000000e+000
2.13101534e+000
-1.98753976e-001
1.48441247e+000
1.50193743e+000
-8.36170229e-001
1.88614022e+000
1.74717562e+000
2.09122558e+000
1.38463849e+000
0.00000000e+000
2.54776879e+000
2.24910781e+000
-1.06567614e-001
1.88303371e+000
1.78866994e+000
1.75537904e+000
1.87597028e+000
-1.01598754e+000
2.41528435e-001
2.04040172e+000
-2.12308689e+000
0.00000000e+000
0.00000000e+000
0.00000000e+000
1.10998927e+000
2.39092482e+000
2.68447061e-001
8.45389760e-001
-6.56396264e-001
8.29851931e-001
1.08309707e+000
1.05654738e+000
-1.77083777e-001
0.00000000e+000
1.71710535e+000
2.72344163e+000
-3.47612761e-001
9.82731354e-001
-1.01284989e-001
6.64157890e-001
7.86082233e-001
-7.35934603e-001
1.34166023e-001
1.04216806e+000
7 1
-7.6172e-001 1.7665e-001
4 0
0 5 4 1 
217
-7.24709942e-003
-2.85551655e-001
7.77206277e-001
-2.01617438e-001
2.73704878e-001
2.30863898e-002
1.46867169e-001
-6.44815291e-003
-5.22629390e-001
3.10080649e-001
1.34156441e-001
-2.90719827e-001
-3.93461973e-002
-6.84401919e-002
7.63145542e-001
-2.07074558e-002
-2.09570608e-001
3.03820776e-001
-3.75154630e-003
-4.72183814e-001
-1.07421342e+000
5.61208672e-004
-3.99378884e-003
0.00000000e+000
0.00000000e+000
0.00000000e+000
0.00000000e+000
0.00000000e+000
0.00000000e+000
0.00000000e+000
0.00000000e+000
0.00000000e+000
0.00000000e+000
1.67325903e-001
-1.74573003e-001
0.00000000e+000
0.00000000e+000
-1.20306510e-001
-3.67412242e-001
3.13255960e-001
3.82530227e-001
0.00000000e+000
0.00000000e+000
0.00000000e+000
0.00000000e+000
-3.79981159e-001
-1.75721632e-001
3.67717331e-001
0.00000000e+000
5.14594808e-002
-8.19557298e-001
2.71320243e-001
0.00000000e+000
1.97469387e-001
0.00000000e+000
7.22424320e-002
0.00000000e+000
-4.02342042e-001
0.00000000e+000
3.82530227e-001
7.65171950e-001
-2.21160904e-001
-3.35943610e-001
0.00000000e+000
-5.67662999e-001
0.00000000e+000
2.81829937e-001
8.53539390e-001
2.78585963e-001
3.19771456e-001
0.00000000e+000
1.04437540e-002
-8.17939624e-001
2.15700487e-001
-5.80257827e-001
-2.33391340e-001
-3.12546213e-001
-2.43615923e-001
6.45884751e-002
4.04961320e-001
1.02778306e-001
-3.16346054e-001
6.90020430e-002
1.72179294e-003
-3.30646261e-001
-5.76853239e-001
5.56844630e-001
1.58485680e+000
7.57430097e-001
-6.84604403e-001
-8.81769199e-002
0.00000000e+000
0.00000000e+000
0.00000000e+000
0.00000000e+000
0.00000000e+000
0.00000000e+000
0.00000000e+000
0.00000000e+000
0.00000000e+000
0.00000000e+000
0.00000000e+000
0.00000000e+000
0.00000000e+000
0.00000000e+000
0.00000000e+000
0.00000000e+000
0.00000000e+000
0.00000000e+000
0.00000000e+000
0.00000000e+000
0.00000000e+000
0.00000000e+000
0.00000000e+000
0.00000000e+000
0.00000000e+000
0.00000000e+000
0.00000000e+000
0.00000000e+000
-8.80407414e-001
-2.62848036e+000
-9.40290872e-001
0.00000000e+000
0.00000000e+000
0.00000000e+000
6.47704463e-001
-1.29438246e+000
3.97046672e-002
-2.89997974e-001
-1.08336936e+000
4.29787430e-001
4.72081355e-001
9.68200498e-001
1.28728570e-001
0.00000000e+000
1.06179804e+000
6.96551806e-001
-1.54129776e+000
4.17358113e-001
7.37199828e-002
3.14727277e-001
1.71919536e-001
-1.86070666e+000
-4.50553200e-001
1.57734802e-001
-2.70426008e-002
0.00000000e+000
0.00000000e+000
0.00000000e+000
2.40852727e-001
-3.34210245e-001
-1.68506335e-001
6.57122901e-001
-1.94751296e+000
2.62606927e-001
7.24371830e-002
-5.71524121e-002
2.95821984e-003
0.00000000e+000
2.04424401e-001
-1.42817974e-001
4.44033269e-001
1.57598232e-001
1.98406599e-001
2.10087951e-002
2.59670914e-001
-3.61268487e-001
-3.50686481e-002
4.98374288e-001
-3.25261771e+000
0.00000000e+000
0.00000000e+000
0.00000000e+000
1.75247786e-001
2.18258769e+000
3.12682652e-001
5.46121704e-001
-1.09498716e-001
3.10812141e-001
6.53394485e-001
7.16143297e-001
-3.14899772e-001
0.00000000e+000
6.76068958e-001
2.74077066e+000
-1.00344211e+000
6.45443019e-001
-6.87821912e-001
-1.88802438e-001
-4.54217949e-001
-1.49092206e+000
-3.62646252e-001
2.92538641e-001
-2.34127340e-001
0.00000000e+000
0.00000000e+000
0.00000000e+000
9.59501086e-001
-5.14713922e-002
9.07780237e-001
3.35288169e-001
-1.79460784e-001
1.27781504e+000
3.48441725e-001
6.88748192e-001
6.28059912e-001
0.00000000e+000
6.53320713e-001
-1.87295114e-001
2.43369849e-001
4.83006995e-001
1.03577241e+000
9.40494514e-001
9.57667125e-001
8.29829646e-001
4.96724550e-001
9.28627093e-001
136
4.80266257e-001
1.88807171e-001
-5.39921447e-003
1.12630837e-001
2.78159231e-003
1.78828248e-001
6.03585470e-003
0.00000000e+000
0.00000000e+000
0.00000000e+000
0.00000000e+000
0.00000000e+000
0.00000000e+000
0.00000000e+000
0.00000000e+000
0.00000000e+000
2.82904240e+000
2.90012214e+000
0.00000000e+000
-2.57762521e-001
-3.74021037e-001
-9.47520046e-002
6.60254385e-001
5.46547435e-001
0.00000000e+000
0.00000000e+000
0.00000000e+000
-2.57762521e-001
1.79624624e-001
2.69781078e-002
9.26917198e-001
0.00000000e+000
-1.97145600e-001
-5.91861248e-001
3.47946244e-001
-4.84892380e-001
5.45774763e-002
-2.11872236e-001
4.45197290e-001
0.00000000e+000
2.86607972e-001
-4.19497121e-001
5.46547435e-001
0.00000000e+000
0.00000000e+000
0.00000000e+000
0.00000000e+000
-1.05447881e+000
2.30874552e-001
-2.11813485e-001
-1.63422822e+000
0.00000000e+000
-5.90089413e-001
-5.10280227e-001
1.57004654e-001
-6.63958981e-001
-1.32778559e-001
8.11546119e-001
-2.80067353e-001
3.40351387e-001
6.87688200e-002
-1.36168973e-001
-3.07904483e-001
6.58197631e-001
3.52038656e-002
-7.20431315e-001
0.00000000e+000
0.00000000e+000
0.00000000e+000
0.00000000e+000
0.00000000e+000
0.00000000e+000
0.00000000e+000
0.00000000e+000
0.00000000e+000
0.00000000e+000
0.00000000e+000
0.00000000e+000
0.00000000e+000
0.00000000e+000
0.00000000e+000
0.00000000e+000
0.00000000e+000
0.00000000e+000
0.00000000e+000
0.00000000e+000
-7.51076716e-001
-2.18688375e+000
-9.17710489e-001
0.00000000e+000
0.00000000e+000
0.00000000e+000
8.54687650e-001
-2.02899741e+000
2.46207967e-001
3.78594157e-001
-2.57778361e+000
5.73808435e-001
4.46748417e-001
7.69507984e-001
2.79322597e-001
0.00000000e+000
1.24434089e+000
1.51513961e-001
-1.18508052e+000
4.65201257e-001
7.62772856e-001
6.20938047e-001
5.73762755e-001
-2.32732755e+000
-7.40494703e-001
5.74566328e-001
-1.98959740e+000
0.00000000e+000
0.00000000e+000
0.00000000e+000
2.69492845e-001
1.95733985e+000
-5.38651214e-001
-4.94068685e-002
-2.03845674e+000
1.99730556e-001
1.13239959e-001
3.60627575e-001
-4.24996770e-001
0.00000000e+000
8.30169799e-001
1.34193502e+000
-1.08969370e+000
5.98907540e-003
-5.10476732e-001
4.34408619e-002
2.99032035e-002
-1.95472186e+000
-7.17458942e-001
1.82396687e-001
20 2
-9.9598e-001 1.9947e-001
5 5
0 5 4 1 7 
217
-8.16611865e-002
8.23309412e-002
3.66275671e-001
-1.01324871e-001
-4.96488929e-001
-1.31703327e-001
-4.68703695e-002
2.92626550e-001
2.85718104e-001
-9.11971562e-003
1.99982940e-001
3.15407601e-002
-2.40029316e-002
1.27378031e-001
0.00000000e+000
0.00000000e+000
0.00000000e+000
0.00000000e+000
0.00000000e+000
0.00000000e+000
0.00000000e+000
0.00000000e+000
0.00000000e+000
-2.93621767e-001
1.27164759e-003
4.12037959e-001
0.00000000e+000
0.00000000e+000
0.00000000e+000
0.00000000e+000
0.00000000e+000
0.00000000e+000
0.00000000e+000
-2.64989640e-001
-4.92961944e-002
2.32624648e-001
0.00000000e+000
-2.47693765e-001
-9.76831376e-002
-1.52503995e-001
1.77414273e-001
3.48801369e-001
0.00000000e+000
0.00000000e+000
0.00000000e+000
3.07649102e-002
-2.28982607e-001
4.72231735e-001
0.00000000e+000
-2.97851459e-001
-8.86741722e-001
4.89202124e-001
0.00000000e+000
3.04689779e-002
-3.82561104e-001
7.98812230e-001
0.00000000e+000
2.45227535e-001
0.00000000e+000
1.38985961e-002
9.18077487e-002
2.38501206e-001
-3.01974209e-001
-5.80026165e-001
-1.28438967e+000
0.00000000e+000
1.09344242e+000
7.84892508e-001
6.89312234e-001
9.10567712e-001
0.00000000e+000
-2.48947042e-001
-4.53873691e-001
3.46707940e-001
-1.05509577e+000
-1.79422084e-001
-5.07849197e-001
4.80176537e-001
-9.77015441e-002
3.07799537e-001
-5.20393975e-001
-3.79117117e-002
5.62577954e-002
-2.37529721e-001
-1.60319006e-001
-4.05941605e-001
0.00000000e+000
0.00000000e+000
0.00000000e+000
4.24484192e-001
1.15625752e-001
2.31043343e-001
1.04707305e-001
-2.78260913e-001
-3.65084331e-001
-2.05305478e-002
-5.23275035e-002
-1.85002506e-001
0.00000000e+000
0.00000000e+000
0.00000000e+000
0.00000000e+000
0.00000000e+000
0.00000000e+000
0.00000000e+000
0.00000000e+000
0.00000000e+000
0.00000000e+000
0.00000000e+000
0.00000000e+000
0.00000000e+000
0.00000000e+000
0.00000000e+000
0.00000000e+000
0.00000000e+000
0.00000000e+000
0.00000000e+000
0.00000000e+000
0.00000000e+000
-6.37047143e-001
-2.59688351e+000
-7.24038672e-001
0.00000000e+000
0.00000000e+000
0.00000000e+000
4.70774062e-001
-6.97992299e-001
-3.97303563e-001
7.50265027e-002
-8.25728892e-001
2.61906072e-001
6.65905757e-001
2.10245555e-001
-2.94417124e-001
0.00000000e+000
9.87845894e-001
1.01547632e-001
-6.10867013e-001
3.16550116e-001
-3.12573651e-002
1.77362838e-001
-3.43975312e-001
-8.71740598e-001
-2.77893175e-001
3.59972240e-001
-9.97332404e-002
0.00000000e+000
0.00000000e+000
0.00000000e+000
2.05416510e-001
-3.75049807e-001
7.23177640e-002
2.88625672e-001
-7.97345461e-001
1.35411609e-001
1.83179454e-002
1.34498822e-001
2.10174578e-001
0.00000000e+000
1.78837161e-001
-8.69445312e-002
-2.46024473e-001
1.39913475e-001
9.38302789e-002
1.32369782e-001
4.52128679e-001
-6.59666165e-001
-1.98980470e-001
2.02435390e-001
-1.70676920e+000
0.00000000e+000
0.00000000e+000
0.00000000e+000
-2.56273334e-001
2.28937492e+000
-3.82101262e-001
-7.77474636e-002
-3.48868894e-001
-8.89317100e-002
-5.97173635e-001
-4.55673679e-001
-9.05483663e-001
0.00000000e+000
1.46140123e-001
2.37125596e+000
-5.03290964e-001
-6.77423983e-002
-8.97008517e-001
-1.58039535e-001
-2.96212576e-001
-4.23420572e-001
-3.86490287e-001
-6.69081711e-001
-2.54648664e-001
0.00000000e+000
0.00000000e+000
0.00000000e+000
1.68255817e-001
-2.38542636e-001
-2.11699292e-002
-1.61253947e-001
-5.41959064e-001
5.02384832e-003
9.32133462e-002
3.02588801e-001
1.91916892e-002
0.00000000e+000
1.22047117e-001
1.55236019e-001
-3.39647465e-001
2.27955290e-001
1.61903154e-001
6.97603868e-002
-3.40257044e-003
-5.55840578e-001
-3.25431850e-002
3.14535240e-001
136
4.26298090e-001
0.00000000e+000
0.00000000e+000
5.92592863e-002
1.11757926e-002
7.56958660e-002
2.17289214e-004
2.65399921e-001
2.18517189e-004
0.00000000e+000
0.00000000e+000
0.00000000e+000
0.00000000e+000
0.00000000e+000
0.00000000e+000
0.00000000e+000
-1.29135956e-002
-3.49192113e-002
4.74130897e-001
1.48458115e-001
-2.88908038e-001
-1.49883295e-001
1.59371127e-001
4.64737012e-001
9.25231681e-002
0.00000000e+000
0.00000000e+000
7.40113020e-002
2.99810475e-003
-1.88849956e-001
6.52419262e-001
0.00000000e+000
-1.57889680e-001
-4.66142009e-001
3.22240322e-001
-2.04631230e-001
3.31396065e-001
-4.34404307e-001
2.72737509e-001
0.00000000e+000
3.31572147e-001
-1.61766273e-001
9.33002784e-002
0.00000000e+000
0.00000000e+000
0.00000000e+000
-5.81614504e-001
-8.40861415e-001
4.01364004e-001
-3.45388922e-002
-7.62182517e-001
0.00000000e+000
3.36763263e-001
-1.10579048e-001
3.44142025e-001
-7.38005987e-001
9.30932539e-002
4.12583496e-001
-1.80132415e-001
2.09797098e-001
1.64454252e-001
3.18293866e-001
9.00570709e-002
7.57991913e-001
1.57918019e-001
-2.88849621e-001
8.91541677e-003
2.75527138e-001
-1.57657409e-001
9.71610647e-002
-1.89469404e-001
0.00000000e+000
0.00000000e+000
0.00000000e+000
0.00000000e+000
0.00000000e+000
0.00000000e+000
0.00000000e+000
0.00000000e+000
0.00000000e+000
0.00000000e+000
0.00000000e+000
0.00000000e+000
0.00000000e+000
0.00000000e+000
0.00000000e+000
-9.57722504e-001
-1.62351600e+000
-9.25237996e-001
0.00000000e+000
0.00000000e+000
0.00000000e+000
7.87394320e-001
-1.83376501e+000
2.81363676e-001
2.30110079e-001
-2.49856421e+000
6.55308257e-001
3.96629873e-001
8.27014104e-001
1.09758861e-001
0.00000000e+000
1.15566531e+000
3.70545807e-001
-1.02517949e+000
4.55155482e-001
7.12622899e-001
5.63635074e-001
4.67528672e-001
-2.36521697e+000
-6.93163535e-001
4.77918814e-001
-1.88406669e+000
0.00000000e+000
0.00000000e+000
0.00000000e+000
1.22235651e-001
2.19077439e+000
-3.29313399e-001
-9.18247041e-002
-2.17011379e+000
-1.44944333e-001
1.23786010e-001
2.02690000e-001
-4.32521231e-001
0.00000000e+000
6.72399087e-001
2.90670494e+000
-1.21020797e+000
-1.20060643e-001
-6.52897181e-001
-1.17411039e-001
-1.42332420e-001
-1.91673505e+000
-8.46301493e-001
7.20064823e-002
17 2
-1.0378e+000 2.1059e-001
6 5
0 5 4 1 7 20 
217
4.72977038e-002
1.04182526e-001
3.68309392e-001
-2.06134735e-001
-2.93927712e-001
6.50519862e-002
-4.03607614e-002
4.69162656e-001
4.15567485e-001
-1.59372898e-001
-2.49266052e-002
3.49195556e-001
-9.05470241e-003
-2.76151492e-001
0.00000000e+000
0.00000000e+000
0.00000000e+000
0.00000000e+000
0.00000000e+000
0.00000000e+000
0.00000000e+000
0.00000000e+000
0.00000000e+000
-1.30849906e-001
1.10078490e-003
3.43760429e-001
0.00000000e+000
0.00000000e+000
0.00000000e+000
0.00000000e+000
0.00000000e+000
0.00000000e+000
0.00000000e+000
-2.34879176e-001
-4.46432486e-002
3.26820129e-001
0.00000000e+000
-3.27972061e-001
-2.00804797e-001
3.27587884e-002
-3.51665172e-002
2.03157239e-001
3.83612859e-001
0.00000000e+000
0.00000000e+000
-1.08052424e-001
-3.63221519e-001
4.47445507e-001
0.00000000e+000
-3.96195505e-001
-7.92591664e-001
4.84721289e-001
0.00000000e+000
3.65384974e-001
-3.49425199e-002
6.59287669e-001
0.00000000e+000
0.00000000e+000
0.00000000e+000
8.29792951e-002
-7.79730338e-002
1.40735637e-001
-7.17709115e-003
-4.66331939e-001
-1.40206134e+000
0.00000000e+000
1.08422452e+000
9.20866027e-001
8.31466462e-001
9.50954109e-001
0.00000000e+000
-2.72238664e-001
-4.99429396e-001
3.93377064e-001
-1.05041627e+000
-7.38406965e-002
-5.08313007e-001
4.36190026e-001
-3.59213783e-002
4.78454639e-001
-3.88094062e-001
-3.68012280e-001
3.51231185e-002
-2.60250328e-001
-2.55400620e-001
-5.26583475e-001
-4.65891343e-001
0.00000000e+000
0.00000000e+000
8.15370199e-001
2.20686102e-001
2.21371983e-001
6.23226414e-002
-3.11066551e-001
-2.06711562e-001
2.71563796e-001
-2.96853581e-002
-1.99769789e-001
0.00000000e+000
-2.30530026e-002
8.42295807e-002
-3.52280673e-002
-3.88476753e-001
1.05578774e-001
-1.56324344e-001
0.00000000e+000
0.00000000e+000
0.00000000e+000
0.00000000e+000
0.00000000e+000
0.00000000e+000
0.00000000e+000
0.00000000e+000
0.00000000e+000
0.00000000e+000
0.00000000e+000
0.00000000e+000
0.00000000e+000
0.00000000e+000
-7.85389964e-001
-2.65338731e+000
-9.42786827e-001
0.00000000e+000
0.00000000e+000
0.00000000e+000
7.50469260e-001
-9.72434766e-001
-5.01025336e-001
-1.91221004e-001
-6.99098988e-001
2.24885601e-001
5.41080601e-001
3.69706476e-001
-3.79456318e-001
0.00000000e+000
9.95520342e-001
-2.20563247e-003
-4.27214992e-001
5.81882038e-001
-2.22626912e-001
4.79158438e-001
-2.02776372e-001
-7.54833932e-001
-6.21335375e-001
8.87400458e-002
-6.36240568e-002
0.00000000e+000
0.00000000e+000
0.00000000e+000
1.09165415e-001
-3.81537143e-001
4.83264916e-002
3.45465267e-001
-9.13772117e-001
1.36463679e-001
4.06015076e-002
8.51230062e-002
3.11932628e-001
0.00000000e+000
1.55685393e-001
4.07393159e-002
-3.06526435e-001
4.77359915e-002
1.08866852e-001
8.17771839e-002
3.63132228e-001
-5.63100910e-001
-8.48913003e-002
3.11188890e-001
-2.13412262e+000
0.00000000e+000
0.00000000e+000
0.00000000e+000
-4.66075025e-001
1.62973630e+000
-4.21560729e-001
4.64145264e-002
-5.47412957e-001
4.18599255e-001
-2.53663847e-001
-5.21285140e-001
-8.74435156e-001
0.00000000e+000
1.70177183e-001
2.86509548e+000
-4.48204559e-001
-9.85339532e-002
-9.81048139e-001
-4.62900773e-001
-3.00985298e-001
-5.87143375e-001
-5.07381978e-001
-7.93514434e-001
-1.32438359e-001
0.00000000e+000
0.00000000e+000
0.00000000e+000
2.33144287e-001
3.81506202e-002
-4.34787920e-002
-1.07833205e-001
-5.82406338e-001
-1.52008991e-001
3.35063380e-002
3.25737370e-001
-9.94953333e-002
0.00000000e+000
1.14532223e-001
-1.04391654e-001
-3.06430839e-001
2.36243559e-001
2.03402465e-001
1.90603891e-001
8.80187048e-002
-5.82054174e-001
1.67423821e-002
3.65579128e-001
136
3.31182601e-001
0.00000000e+000
0.00000000e+000
5.24878008e-002
5.76310314e-003
8.94633163e-002
1.28517725e-003
1.76448100e-001
5.52235595e-005
0.00000000e+000
0.00000000e+000
0.00000000e+000
0.00000000e+000
0.00000000e+000
0.00000000e+000
0.00000000e+000
-5.59885105e-002
-2.71686923e-002
4.20969855e-001
1.54669626e-001
-3.04312655e-001
-1.67527260e-001
-1.19329787e-003
1.95537095e-001
4.54807390e-001
0.00000000e+000
0.00000000e+000
7.34550799e-002
-7.59120103e-002
-3.04327186e-001
7.07012775e-001
0.00000000e+000
-2.89286966e-001
-4.22892819e-001
4.89820902e-001
-2.98383749e-001
3.70154411e-001
-7.47614410e-001
5.57996321e-001
1.16700005e-001
3.64956685e-001
-1.60648299e-001
-2.32741733e-003
0.00000000e+000
0.00000000e+000
0.00000000e+000
-7.97979357e-001
-9.93252744e-001
3.80173610e-001
-7.70113445e-002
-1.03872442e+000
0.00000000e+000
2.14162735e-001
-1.30800303e-001
3.45501892e-001
-7.55224487e-001
-1.59338727e-002
2.98315104e-001
-1.59644652e-001
1.85515126e-001
9.71990408e-002
4.00632745e-001
2.27955377e-001
7.68031651e-001
1.98878966e-001
-4.88930694e-001
2.75301651e-002
1.63840391e-001
-1.27014820e-001
8.64680588e-002
-1.55468627e-001
0.00000000e+000
5.51615646e-001
-1.57502535e-001
3.15004440e-001
4.55100859e-002
0.00000000e+000
0.00000000e+000
0.00000000e+000
0.00000000e+000
0.00000000e+000
0.00000000e+000
0.00000000e+000
0.00000000e+000
0.00000000e+000
0.00000000e+000
-8.67564073e-001
-1.61378961e+000
-8.93573634e-001
0.00000000e+000
0.00000000e+000
0.00000000e+000
7.66792806e-001
-1.80408331e+000
2.85296664e-001
2.06466689e-001
-2.45065742e+000
6.14601256e-001
4.17158551e-001
8.57044103e-001
1.07796470e-001
0.00000000e+000
1.15969650e+000
3.84848410e-001
-1.00442948e+000
3.94884446e-001
7.51179037e-001
5.47389558e-001
4.53731753e-001
-2.41096351e+000
-6.87906397e-001
5.17580230e-001
-1.87890236e+000
0.00000000e+000
0.00000000e+000
0.00000000e+000
1.36933656e-001
2.10070368e+000
-3.39314577e-001
-1.44058526e-001
-2.06968287e+000
-1.65245585e-001
8.69177895e-002
2.22506597e-001
-3.35163687e-001
0.00000000e+000
6.55052153e-001
2.88032221e+000
-1.28686325e+000
-1.87371363e-001
-6.42420341e-001
-4.43416022e-002
-1.49639854e-001
-1.83709837e+000
-8.51839118e-001
9.17006936e-002
16 1
-1.1486e+000 2.7249e-001
7 0
0 5 4 1 7 20 17 
217
5.71305512e-001
-4.15869690e-001
3.98325033e-001
-3.26662637e-001
2.51239974e-002
1.77796969e-001
3.42639325e-001
-3.96395166e-002
4.17857939e-001
-7.27443048e-003
1.08459330e+000
5.06429208e-004
0.00000000e+000
0.00000000e+000
1.76632425e-001
-5.23545426e-003
-3.35459845e-001
6.03343568e-001
-6.36099430e-003
-5.22787708e-001
-2.08670481e-001
-1.17950685e-002
-5.33668618e-001
0.00000000e+000
0.00000000e+000
0.00000000e+000
0.00000000e+000
0.00000000e+000
0.00000000e+000
0.00000000e+000
0.00000000e+000
0.00000000e+000
0.00000000e+000
5.25303296e-001
4.60022162e-002
0.00000000e+000
0.00000000e+000
-2.04704413e-001
1.15527540e-001
-1.03420572e-001
6.86248739e-002
-2.22489291e-001
1.82774657e-001
0.00000000e+000
0.00000000e+000
-3.51955097e-001
-1.51739279e-001
2.61666920e-001
0.00000000e+000
-5.02614088e-001
-1.16961138e-001
5.32941864e-001
0.00000000e+000
3.24752174e-001
3.88734903e-001
-9.26690655e-002
0.00000000e+000
5.35318117e-001
0.00000000e+000
8.63901214e-001
-4.54378558e-002
7.22045989e-001
3.22100277e-004
0.00000000e+000
-1.00003653e+000
0.00000000e+000
8.97979109e-001
8.24071232e-001
6.73362929e-001
7.42856881e-002
0.00000000e+000
-5.98044695e-001
-7.60301515e-001
4.05195770e-001
-3.99985053e-001
7.64154437e-001
2.68397799e-001
0.00000000e+000
2.64720036e-002
-6.98595088e-002
2.75320143e-001
-3.73472057e-001
2.69513365e-001
-2.32739933e-001
-1.86163194e-001
-2.48806774e-001
0.00000000e+000
3.19680678e-001
1.09611481e+000
6.86594801e-001
3.77799336e-001
0.00000000e+000
7.58045157e-002
-1.83602463e-001
4.41415185e-002
-2.49449463e-001
4.51359478e-001
2.00481768e-001
0.00000000e+000
1.44619225e-001
-2.05002538e-001
7.20215729e-001
-4.32824221e-001
-2.93529442e-001
-8.35494604e-001
0.00000000e+000
-7.38179774e-002
-1.80494695e-002
-1.50946691e-001
2.20246571e-001
7.96070180e-001
6.15836758e-002
0.00000000e+000
0.00000000e+000
0.00000000e+000
0.00000000e+000
0.00000000e+000
0.00000000e+000
0.00000000e+000
-6.38424672e-001
-2.60985540e+000
-6.92369596e-001
0.00000000e+000
0.00000000e+000
0.00000000e+000
7.99877832e-001
-1.77506627e+000
1.66038914e-001
3.07715525e-001
-1.84364240e+000
4.63298149e-001
5.08855060e-001
8.56312954e-001
-3.78227826e-001
0.00000000e+000
8.42975885e-001
-9.22169962e-001
-2.05670690e+000
1.16218892e+000
4.55309646e-002
7.25829809e-001
7.91110721e-001
-8.30742481e-001
-5.83444058e-002
5.02795923e-001
-1.90677777e-001
0.00000000e+000
0.00000000e+000
0.00000000e+000
3.16269049e-001
-5.70435533e-001
4.88936813e-002
1.47421210e-001
-4.94816866e-001
2.60904515e-001
-5.63144441e-002
-8.62817964e-002
5.45256644e-001
0.00000000e+000
4.07398983e-001
6.35667172e-001
4.13676292e-001
-2.41278621e-001
6.56481834e-003
1.49031169e-002
-1.31889277e-001
-1.17396635e+000
-3.68997920e-001
1.36347547e-001
-2.77238957e+000
0.00000000e+000
0.00000000e+000
0.00000000e+000
1.13282696e+000
2.73754784e+000
4.95283834e-001
2.05429450e-001
-2.75666641e-001
7.54949118e-001
-3.93276053e-001
7.62729192e-001
-1.05681905e+000
0.00000000e+000
1.07026900e+000
1.55921945e+000
-1.40358365e+000
5.43431612e-001
-6.14789093e-001
4.23327783e-001
8.12791974e-001
-1.21804005e+000
-7.92736234e-001
5.97343520e-001
-6.08554092e-001
0.00000000e+000
0.00000000e+000
0.00000000e+000
3.18705406e-001
-6.28987613e-001
7.17123881e-001
7.72339059e-001
-3.49867809e-001
1.16608161e+000
1.02017241e+000
8.61658372e-001
1.61750042e+000
0.00000000e+000
4.51596823e-001
6.53963084e-001
7.96311994e-001
5.70914425e-001
8.88529440e-001
1.00972423e+000
2.95347625e-001
8.34561339e-001
7.44827704e-001
6.38146435e-001
136
7.77965004e-002
-1.98693216e-001
2.78821536e-003
2.20901934e-001
-2.56178780e-003
5.55877825e-002
-4.93315547e-004
0.00000000e+000
0.00000000e+000
0.00000000e+000
0.00000000e+000
0.00000000e+000
0.00000000e+000
0.00000000e+000
0.00000000e+000
0.00000000e+000
9.49937020e-001
9.07347507e-001
0.00000000e+000
8.77988238e-003
-3.94921506e-001
-2.81046183e-001
-1.25576558e-001
-4.58662477e-002
2.24794706e-001
5.70900931e-001
1.20731476e-001
-3.47280143e-001
-2.58675764e-001
-3.59148031e-001
9.35443400e-001
0.00000000e+000
-4.53934959e-001
-5.88406136e-001
8.81454350e-001
-7.27551008e-001
3.81271626e-001
-8.43029499e-001
1.02252270e+000
-1.23254589e-001
3.10465550e-001
-2.00375643e-001
5.24657667e-001
0.00000000e+000
0.00000000e+000
0.00000000e+000
0.00000000e+000
-2.46147365e+000
1.20610552e-001
-5.21371686e-001
-1.11387212e+000
0.00000000e+000
-1.29532231e+000
-6.49744741e-001
5.65239948e-002
-5.47752677e-001
0.00000000e+000
1.59075918e+000
3.31930100e-002
4.58363634e-001
3.34105938e-002
2.56067974e-001
5.15202999e-002
8.39998258e-001
1.08378666e-001
-5.71904616e-001
0.00000000e+000
1.38111983e+000
4.96013747e-003
3.30215827e-001
-1.64505144e-001
0.00000000e+000
1.13823390e+000
-7.32098174e-002
3.93473570e-001
-2.34218104e-002
0.00000000e+000
9.29213150e-001
8.07615467e-002
2.32849400e-001
-9.46199830e-002
0.00000000e+000
0.00000000e+000
0.00000000e+000
0.00000000e+000
0.00000000e+000
-7.37049592e-001
-2.10869457e+000
-9.61232029e-001
0.00000000e+000
0.00000000e+000
0.00000000e+000
8.66623964e-001
-2.06932205e+000
1.21777313e-001
4.61147132e-001
-2.70573416e+000
5.52447194e-001
4.52747619e-001
7.64651532e-001
2.54426001e-001
0.00000000e+000
1.19550307e+000
2.10298203e-001
-1.17900769e+000
4.88247850e-001
7.95798799e-001
6.34827234e-001
6.10976002e-001
-2.33163153e+000
-7.14052413e-001
6.29043901e-001
-1.88937120e+000
0.00000000e+000
0.00000000e+000
0.00000000e+000
3.45418360e-001
1.70086142e+000
-4.43896907e-001
-7.03076769e-002
-1.99597753e+000
5.62337126e-001
1.33284922e-001
3.84204881e-001
-4.92418028e-001
0.00000000e+000
8.29623403e-001
7.44437041e-001
-1.14857530e+000
1.41517284e-001
-4.44433217e-001
2.52124335e-002
2.77853932e-002
-1.79202530e+000
-6.89414117e-001
2.92994608e-001
26 1
-1.2401e+000 2.5023e-001
8 0
0 5 4 1 7 20 17 16 
217
7.39067252e-001
-1.97051694e-001
-8.38487804e-003
1.68208792e-001
6.21760066e-001
-1.14555936e+000
-1.83369784e-001
-2.56809243e-001
-2.62330654e-001
4.45452793e-002
9.40248344e-002
-6.84607857e-001
4.68982790e-001
-1.67452273e-001
8.61696188e-001
-2.73244827e-002
2.84372817e-001
5.80468009e-002
2.15164254e-003
-1.68135911e-001
1.16016592e-001
5.10548567e-004
-1.01225617e-001
0.00000000e+000
0.00000000e+000
0.00000000e+000
0.00000000e+000
0.00000000e+000
0.00000000e+000
0.00000000e+000
0.00000000e+000
0.00000000e+000
0.00000000e+000
2.64342822e-001
3.82880963e-001
9.18434675e-002
0.00000000e+000
-1.34024802e-001
-4.27686293e-002
1.82349259e-001
1.37472674e-001
3.24035284e-001
4.99538819e-001
3.54830861e-001
0.00000000e+000
-4.05161923e-001
1.28937639e-002
1.33373302e-001
0.00000000e+000
-5.32034571e-001
-2.39258345e-001
2.20224950e-001
0.00000000e+000
-1.40166196e-002
0.00000000e+000
8.12943328e-001
0.00000000e+000
0.00000000e+000
0.00000000e+000
4.29878649e-001
2.72942214e-001
5.65707842e-001
4.82783409e-001
-3.51386035e-002
-8.46940288e-001
0.00000000e+000
1.06249614e+000
4.42093749e-001
5.58650000e-001
8.55824480e-002
0.00000000e+000
-5.50387149e-001
-6.95933936e-001
6.78924209e-001
-3.34501425e-001
6.10530193e-001
4.36194122e-001
1.61239725e-001
2.09654899e-001
6.43305596e-001
6.93277884e-002
-3.86530511e-001
2.98844839e-001
-4.88153031e-002
-6.61108777e-001
-8.35757934e-001
0.00000000e+000
0.00000000e+000
0.00000000e+000
-2.23897576e-002
3.33234743e-001
3.20482404e-001
9.55639594e-002
-1.21517525e-001
1.63245315e-001
-4.67873488e-001
1.59775573e-001
2.74794057e-002
0.00000000e+000
1.30617024e-002
-3.05961384e-001
3.17729406e-001
-2.99835196e-001
4.08276144e-001
-5.78303570e-001
0.00000000e+000
5.15243226e-001
1.61958270e-003
6.73472908e-001
-3.99549573e-002
-4.49648882e-001
-3.00024649e-001
-5.96496250e-001
1.44519330e-001
-6.34915036e-002
5.30686069e-001
-7.32552325e-002
6.60358103e-001
-1.24499706e-003
-9.64877289e-001
-1.89374019e+000
-9.47163017e-001
0.00000000e+000
0.00000000e+000
0.00000000e+000
8.05950040e-001
-1.59527970e+000
-3.28087288e-001
-7.97602620e-002
-1.53349272e+000
6.69036887e-001
4.85488144e-001
5.89935217e-001
4.53668118e-001
0.00000000e+000
1.04902213e+000
-2.48317299e-001
-1.24431595e+000
4.76026094e-001
1.19327649e+000
5.12780296e-001
2.60023339e-001
-2.21757932e+000
-3.68046877e-001
1.72509649e-001
-2.89634068e-002
0.00000000e+000
0.00000000e+000
0.00000000e+000
5.97516186e-002
-3.20664458e-001
2.29515207e-001
2.84311452e-001
-1.22276940e+000
-2.49560822e-001
1.11620728e-001
1.27508845e-001
-6.05336195e-002
0.00000000e+000
1.46063927e-001
4.88238167e-001
2.97314241e-001
-5.99873413e-002
-3.48485842e-001
1.57117520e-001
7.89621588e-002
3.41114113e-002
-1.00314221e-001
3.18837023e-001
-2.74500550e+000
0.00000000e+000
0.00000000e+000
0.00000000e+000
9.78130523e-001
3.07665740e+000
1.40719903e-001
5.75481142e-001
-6.02688527e-002
-4.60379379e-001
1.64148570e-001
6.56533900e-001
-2.07731387e-001
0.00000000e+000
6.97610185e-001
2.95560186e+000
-1.25816360e+000
1.63192784e-001
-6.85699579e-001
1.34938310e+000
-6.76323338e-001
-1.99829603e-004
-1.04539428e-001
7.07544514e-001
-5.96048054e-001
0.00000000e+000
0.00000000e+000
0.00000000e+000
4.91712894e-001
4.58700978e-001
6.59267353e-001
5.92783620e-001
-1.24925900e-001
1.31762329e+000
9.91720320e-001
9.04220027e-001
6.02025006e-001
0.00000000e+000
9.40093648e-001
5.69785600e-001
9.40683984e-001
4.80912413e-001
1.09123640e+000
2.75015536e-001
1.11969317e+000
-4.78769462e-004
6.90680813e-001
5.38112100e-001
136
2.88520118e-001
-2.60371046e-001
1.87370311e-002
4.62119648e-002
7.42727898e-003
3.23288463e-001
1.90058873e-004
1.79390737e-001
1.40095126e-002
0.00000000e+000
0.00000000e+000
0.00000000e+000
0.00000000e+000
0.00000000e+000
0.00000000e+000
0.00000000e+000
-7.21821217e-002
-1.96591075e-001
5.57728201e-001
2.73098152e-001
-1.78019743e-002
-8.80479363e-002
-9.70316571e-002
-1.99222044e-001
-1.33860007e-001
2.99975206e-003
5.48385833e-001
1.20455386e-001
-3.10906515e-001
-2.30219216e-002
8.85362445e-001
0.00000000e+000
-6.74891683e-001
-5.05177921e-001
6.22703026e-001
-5.32745116e-001
2.52854865e-001
-6.19721099e-001
6.95830608e-001
1.65149554e-001
3.16653294e-001
-3.33102560e-001
2.49565182e-001
0.00000000e+000
0.00000000e+000
0.00000000e+000
-7.97499228e-001
-9.51151876e-001
4.28857472e-001
-7.02849038e-002
-1.16975414e+000
0.00000000e+000
-6.47568488e-001
-4.39249113e-001
1.61732118e-001
-6.02794316e-001
2.51793435e-001
2.16315218e-001
-1.46665482e-001
2.62274038e-001
7.51266984e-002
1.76838028e-001
-6.27151997e-003
8.61368352e-001
1.44036154e-001
-5.98229192e-001
2.65033004e-001
6.19418557e-002
-1.63345280e-001
1.26372530e-001
-1.94836334e-001
0.00000000e+000
9.48563746e-001
-6.09896453e-003
3.52405488e-001
8.42131375e-003
0.00000000e+000
9.02499348e-001
9.23305393e-002
2.88141338e-001
-1.56865803e-001
-2.08706538e-002
1.33123848e-001
-1.92317994e-001
1.89837053e-001
-2.49594150e-001
-8.13191454e-001
-1.92994480e+000
-9.14875141e-001
0.00000000e+000
0.00000000e+000
0.00000000e+000
8.01129743e-001
-1.87632749e+000
2.46337319e-001
3.70730717e-001
-2.57084797e+000
5.93345029e-001
4.37728143e-001
8.65328791e-001
1.79761109e-001
0.00000000e+000
1.15065897e+000
2.93449739e-001
-1.15263434e+000
4.58766894e-001
7.58462327e-001
5.65325330e-001
5.28491206e-001
-2.38547162e+000
-7.43294794e-001
5.64185746e-001
-1.97073700e+000
0.00000000e+000
0.00000000e+000
0.00000000e+000
2.59286697e-001
2.30314497e+000
-3.15840610e-001
-1.60468642e-001
-2.10620868e+000
-8.05048810e-002
4.51946451e-002
3.07361092e-001
-5.35223981e-001
0.00000000e+000
7.09838820e-001
2.18907311e+000
-1.29741317e+000
-4.78596316e-002
-5.82263159e-001
1.11235977e-002
-4.12462190e-002
-1.97997767e+000
-8.15581726e-001
1.66828431e-001
25 1
-1.1625e+000 2.8153e-001
8 0
0 5 4 1 7 20 17 16 
217
1.19969077e+000
-5.08074302e-001
-5.23340629e-001
-2.72903451e-001
8.17094269e-001
-1.04441144e-001
7.15204673e-001
-2.87512066e-001
1.12532095e-001
4.60108047e-001
2.15821193e-001
-3.57293374e-002
-6.60961454e-001
-5.30512068e-002
7.43071686e-001
-1.75148165e-002
-1.43156066e-001
4.46683639e-001
-3.41607956e-003
-4.09808511e-001
9.93545024e-003
2.79920448e-003
-5.23774507e-001
0.00000000e+000
0.00000000e+000
0.00000000e+000
0.00000000e+000
0.00000000e+000
0.00000000e+000
0.00000000e+000
0.00000000e+000
0.00000000e+000
0.00000000e+000
6.88795139e-001
5.10895635e-001
0.00000000e+000
0.00000000e+000
-1.81747815e-001
-1.29292278e-001
-3.99970597e-002
3.38553026e-002
1.69920579e-001
2.88633585e-001
1.28558963e+000
0.00000000e+000
3.39854170e-001
2.68291863e-001
2.48761765e-001
0.00000000e+000
-5.28442127e-001
-7.17293438e-001
2.99529714e-002
-8.95363647e-002
-3.37444133e-001
0.00000000e+000
1.36336990e-001
0.00000000e+000
0.00000000e+000
0.00000000e+000
0.00000000e+000
6.30726840e-001
6.44540975e-001
1.51694135e-001
0.00000000e+000
-8.77622795e-001
0.00000000e+000
1.19648737e+000
6.03060725e-001
8.80826202e-001
4.16144180e-001
0.00000000e+000
-5.27283897e-001
-5.71570706e-001
9.65932230e-001
-6.21591418e-001
7.61042442e-001
-6.28580904e-002
0.00000000e+000
-3.93616390e-001
-2.68057886e-001
8.44912631e-001
-5.50204122e-001
7.48394534e-001
4.82481135e-001
-2.97018535e-001
-6.00483279e-001
0.00000000e+000
9.46044611e-001
-4.29576032e-001
1.15114798e+000
1.83278766e-001
0.00000000e+000
5.72391345e-001
4.56976235e-002
6.86152821e-001
-4.54604656e-001
-5.88533917e-002
-2.26239839e-001
0.00000000e+000
3.06180299e-001
-1.00938902e-001
9.94242319e-001
-6.00298131e-001
-1.00731844e-001
-5.08764861e-001
0.00000000e+000
2.76821290e-001
-3.42138472e-002
2.60899550e-001
1.80707516e-001
6.61969935e-001
4.14220001e-001
-3.79058326e-001
3.61586973e-001
0.00000000e+000
8.57427778e-001
3.15330975e-001
3.59734350e-001
-6.49449772e-002
-6.81259853e-001
-1.90158010e+000
-8.83639550e-001
0.00000000e+000
0.00000000e+000
0.00000000e+000
5.39179505e-001
-1.67506212e+000
-1.07856303e-001
7.60953337e-001
-2.08149215e+000
1.18590221e+000
2.26594857e-001
-1.67417410e-001
8.24961513e-002
0.00000000e+000
6.04999644e-001
6.43945249e-001
-1.14048372e+000
4.98414404e-001
2.89347016e-001
5.06800300e-001
5.48290497e-001
-1.97051169e+000
1.12656372e-001
2.59604303e-001
-2.72273164e-002
0.00000000e+000
0.00000000e+000
0.00000000e+000
4.20496686e-001
-2.92871299e-001
-2.42828123e-002
6.21603992e-004
-8.66293940e-002
-4.88641623e-001
2.29013306e-001
5.76414380e-001
1.78222542e-001
0.00000000e+000
5.61656414e-001
-6.48993897e-001
2.22827947e-001
-1.60965892e-001
-3.10255255e-002
5.20540793e-002
-1.20419327e-001
-5.18841591e-003
-5.66434061e-001
1.56917973e-001
-2.49842405e+000
0.00000000e+000
0.00000000e+000
0.00000000e+000
1.11325088e+000
2.92479986e+000
1.51170719e-001
-1.57027757e-001
-3.09350775e-001
1.27916191e+000
5.18477832e-001
7.31687630e-001
-5.34205018e-001
0.00000000e+000
1.34058087e+000
1.52464505e+000
-1.07887602e+000
6.10829915e-001
-2.42816473e-001
7.41589348e-001
6.22745226e-002
0.00000000e+000
-2.14894472e-001
1.00377937e+000
-6.42086444e-001
0.00000000e+000
0.00000000e+000
0.00000000e+000
6.70768365e-001
-1.00788035e+000
6.70351653e-001
1.11215301e+000
-3.53400047e-001
7.48137867e-001
6.39131784e-001
8.70393075e-001
1.47823498e+000
0.00000000e+000
5.68189246e-001
7.19957347e-001
7.54126673e-001
7.38268225e-001
8.17534452e-001
6.52960289e-001
1.18573772e+000
0.00000000e+000
6.18558442e-001
6.21074757e-001
136
8.29109461e-002
-1.91292058e-001
4.06254589e-003
2.13768839e-001
-1.34172571e-003
6.04341651e-002
1.15660508e-003
0.00000000e+000
0.00000000e+000
0.00000000e+000
0.00000000e+000
0.00000000e+000
0.00000000e+000
0.00000000e+000
0.00000000e+000
0.00000000e+000
1.01000877e+000
9.83229108e-001
0.00000000e+000
2.26614654e-001
-2.43473443e-001
-2.63191255e-001
-2.27271965e-001
-2.54322487e-001
-1.34777742e-001
9.12693387e-002
8.88063845e-001
-2.24744200e-001
-2.96251449e-001
-2.80558149e-001
9.08615546e-001
0.00000000e+000
-5.20177993e-001
-6.05704142e-001
8.43765697e-001
-7.40586182e-001
3.30937169e-001
-6.65401589e-001
9.12501475e-001
0.00000000e+000
5.16313983e-001
-3.70209698e-001
2.99850761e-001
0.00000000e+000
0.00000000e+000
0.00000000e+000
0.00000000e+000
-2.27954506e+000
1.91980328e-001
-4.39321804e-001
-1.05134281e+000
0.00000000e+000
-9.59948955e-001
-5.45410980e-001
1.27062484e-001
-6.54092934e-001
0.00000000e+000
1.36941992e+000
5.59073783e-003
4.44647683e-001
3.19244786e-002
2.99905039e-001
1.27613806e-001
7.99873188e-001
1.58646013e-001
-9.01852751e-001
0.00000000e+000
1.17139571e+000
-2.21222089e-002
3.26040766e-001
-1.67982552e-001
0.00000000e+000
7.79557536e-001
-1.01584421e-001
3.50231506e-001
-1.69094755e-002
0.00000000e+000
6.66786876e-001
5.18411630e-002
2.11294004e-001
-9.06095025e-002
-1.37421788e-001
-3.57007958e-002
-1.90047665e-001
1.45900199e-001
-3.29059077e-001
-7.84801384e-001
-2.11721405e+000
-9.99519638e-001
0.00000000e+000
0.00000000e+000
0.00000000e+000
8.73274657e-001
-2.11507889e+000
1.38806284e-001
3.94454946e-001
-2.71447364e+000
5.74590661e-001
4.55471777e-001
8.02461695e-001
2.80507371e-001
0.00000000e+000
1.17126844e+000
2.33535129e-001
-1.21788710e+000
5.27310167e-001
7.77777855e-001
6.18935688e-001
6.18986147e-001
-2.32779121e+000
-7.14176704e-001
6.22507093e-001
-1.90553629e+000
0.00000000e+000
0.00000000e+000
0.00000000e+000
3.14859867e-001
1.82962128e+000
-3.22730434e-001
-6.38298875e-002
-2.07712372e+000
5.03792810e-001
1.33772655e-001
3.75952662e-001
-5.00757616e-001
0.00000000e+000
8.46180725e-001
7.97549225e-001
-1.19582143e+000
6.37535230e-002
-4.14124299e-001
2.99123944e-002
-2.84695765e-003
-1.75439224e+000
-7.13357789e-001
2.44052953e-001
34 2
-1.1814e+000 2.9609e-001
8 -1
0 5 4 1 7 20 17 16 
217
8.02931093e-001
1.99310168e-001
-8.13497966e-001
3.27269934e-001
8.16765394e-001
-3.49232184e-001
6.69770120e-001
4.97674705e-002
-4.41925153e-001
6.72558410e-001
0.00000000e+000
0.00000000e+000
0.00000000e+000
0.00000000e+000
9.55815015e-001
-1.19320543e-002
-5.53573516e-001
0.00000000e+000
0.00000000e+000
0.00000000e+000
0.00000000e+000
0.00000000e+000
0.00000000e+000
0.00000000e+000
0.00000000e+000
0.00000000e+000
0.00000000e+000
0.00000000e+000
0.00000000e+000
0.00000000e+000
0.00000000e+000
0.00000000e+000
0.00000000e+000
4.99504335e-001
3.03426758e-001
0.00000000e+000
0.00000000e+000
-1.49696408e-001
2.69938744e-002
2.47542945e-001
1.08594694e-001
6.34783791e-001
-1.91562107e-001
5.61603248e-001
0.00000000e+000
-3.55532723e-002
-7.79411331e-001
4.55013158e-001
0.00000000e+000
-3.55933648e-002
0.00000000e+000
-1.34154652e-001
0.00000000e+000
1.02484839e+000
0.00000000e+000
4.22992607e-001
0.00000000e+000
4.00126281e-001
0.00000000e+000
-5.79892989e-001
1.11619895e-001
8.29513138e-001
2.97127005e-001
0.00000000e+000
-7.14855063e-001
0.00000000e+000
7.65052512e-001
6.58616699e-001
7.52733643e-001
9.98576705e-001
0.00000000e+000
-8.79770898e-001
-1.10373143e+000
1.11724784e+000
-6.21457412e-001
5.65454156e-001
-3.29206113e-001
0.00000000e+000
-1.97870884e-001
0.00000000e+000
6.82414769e-001
-3.56390623e-001
3.18387208e-001
5.24047699e-002
1.13306865e-001
-2.91758985e-001
0.00000000e+000
7.27857742e-001
9.26831979e-001
2.53525470e-001
2.48301885e-001
0.00000000e+000
2.24371157e-001
2.01632323e-001
6.33290502e-001
-2.47809620e-001
-5.47305662e-002
-4.28147972e-001
0.00000000e+000
6.55789531e-001
2.22854603e-001
8.33562786e-001
-1.58690177e-001
0.00000000e+000
0.00000000e+000
0.00000000e+000
-5.45572073e-001
-5.05841664e-001
1.41856039e-001
-2.50769049e-001
0.00000000e+000
0.00000000e+000
0.00000000e+000
1.88627049e-001
0.00000000e+000
1.96559828e-001
6.25403457e-002
4.17744216e-001
-8.16350139e-001
-1.02323123e+000
-6.74474210e-001
-2.63385788e+000
0.00000000e+000
0.00000000e+000
0.00000000e+000
1.72494163e+000
-2.16120652e-001
1.11444056e+000
1.69141867e+000
-7.69423743e-001
1.82140012e+000
1.66590957e+000
1.99892583e+000
1.39545368e+000
0.00000000e+000
2.53005363e+000
-1.73494380e-001
6.89237821e-001
1.57247594e+000
1.29744559e+000
1.50033355e+000
2.19952901e+000
-1.72730129e+000
6.81528506e-001
1.51681196e+000
-4.91066585e-001
0.00000000e+000
0.00000000e+000
0.00000000e+000
1.28081856e+000
1.09330755e-001
6.35636467e-001
9.38310908e-001
-5.43997302e-001
1.05653824e+000
4.19079316e-001
4.05443988e-001
7.76097004e-001
0.00000000e+000
9.28098918e-001
1.91646091e+000
2.56206121e-001
5.90181533e-001
1.20595145e+000
1.04923989e+000
4.89187926e-001
1.29313788e+000
-7.26321516e-002
1.28404021e+000
-2.21253786e+000
0.00000000e+000
0.00000000e+000
0.00000000e+000
1.41337231e+000
-8.94380937e-001
8.19829041e-001
1.44196502e+000
-7.72414590e-001
9.08618031e-001
1.47967661e+000
1.45698498e+000
1.26664214e+000
0.00000000e+000
2.02038866e+000
2.38297936e+000
4.41190543e-002
2.38376018e+000
7.95852706e-001
5.31584905e-001
9.75958465e-001
-3.71788378e-003
1.60051656e+000
8.69526886e-002
-7.67279925e-001
0.00000000e+000
0.00000000e+000
0.00000000e+000
1.34887342e+000
1.90582520e+000
9.47949538e-001
9.81030311e-001
-7.19048091e-001
1.89747703e+000
3.12703324e-001
1.06070072e+000
8.00115769e-001
0.00000000e+000
1.08135068e+000
-2.34388222e-001
1.00611178e+000
6.26706043e-001
1.18653346e+000
1.47360731e+000
1.10678832e+000
-3.81709374e-003
1.02554514e+000
1.73176966e+000
136
8.74423202e-001
-8.49322670e-001
-7.11624759e-003
0.00000000e+000
0.00000000e+000
0.00000000e+000
0.00000000e+000
0.00000000e+000
0.00000000e+000
0.00000000e+000
0.00000000e+000
0.00000000e+000
0.00000000e+000
0.00000000e+000
0.00000000e+000
0.00000000e+000
7.54492161e-001
5.57427729e-001
0.00000000e+000
2.42607842e-001
-4.54027246e-001
-3.66580803e-001
-1.45425165e-001
-4.90237471e-002
1.44826544e-002
2.92357370e-001
1.34003230e+000
-1.01800659e+000
-2.08314268e-002
-6.56028171e-001
1.11256797e+000
0.00000000e+000
1.49341331e-001
-3.04165284e-001
1.04711766e+000
-5.29950260e-001
8.17005125e-001
-9.67443942e-001
8.62009881e-001
0.00000000e+000
1.13244022e+000
-6.44198617e-001
7.32653118e-001
0.00000000e+000
0.00000000e+000
0.00000000e+000
0.00000000e+000
-4.53100628e+000
-1.88733500e-001
-9.13471112e-001
-1.23377866e+000
0.00000000e+000
-3.08089409e-001
-4.03042149e-001
3.07338607e-001
-6.37780606e-001
0.00000000e+000
6.57121223e-002
-1.44897686e-001
5.95033208e-002
-1.17464481e-001
2.65931754e-001
-2.22856710e-002
9.67094400e-001
1.10212105e-001
-8.08668578e-001
0.00000000e+000
5.50442692e-001
-4.64484433e-002
1.47533091e-001
-1.98051204e-001
0.00000000e+000
2.38286966e+000
9.13111081e-002
6.62703353e-001
6.07927460e-003
0.00000000e+000
2.20052158e+000
3.16529581e-001
4.67874398e-001
-1.69211763e-001
0.00000000e+000
-1.23288191e-002
-1.97997207e-001
1.08243947e-001
-3.35224065e-001
-8.70436256e-001
-7.47978470e-001
-1.04056336e+000
0.00000000e+000
0.00000000e+000
0.00000000e+000
9.57128502e-001
-2.31366203e+000
2.90568900e-001
6.93243803e-001
-2.87125277e+000
6.42835535e-001
5.68790748e-001
6.68194248e-001
1.94206283e-001
0.00000000e+000
1.25043027e+000
6.46448754e-002
-1.45346378e+000
3.10151035e-001
8.91625962e-001
7.25398648e-001
7.15070564e-001
-2.30887010e+000
-7.42154592e-001
6.76550533e-001
-9.50023981e-001
0.00000000e+000
0.00000000e+000
0.00000000e+000
2.87488223e-001
-5.14605724e-001
-9.23059173e-002
2.82463826e-001
-2.00775091e+000
6.76297014e-001
3.98635527e-001
1.77187407e-001
-1.50909589e-002
0.00000000e+000
1.12542719e+000
6.47528819e-001
-1.22838846e+000
1.57376241e-001
-1.07660837e-001
1.59053146e-001
3.29166370e-001
-1.32194204e+000
-5.40674675e-001
6.37771771e-001
