0 1 5 -1 -1
1 1 2 -1 -1
0.105 0.1465
356
5.72407280e-001
7.51737320e-002
4.97233548e-001
1.12727566e+000
-3.12523616e-001
-5.45088409e-001
4.36759339e-001
-2.88719523e-001
3.29929524e-003
2.50073035e-001
-4.19318557e-001
8.94324447e-002
-6.40978505e-002
5.20545543e-001
5.59866033e-001
4.68640841e-002
5.33352483e-001
0.00000000e+000
6.44718956e-001
-4.29809143e-001
-1.02156166e+000
3.36917204e-001
0.00000000e+000
0.00000000e+000
5.07604363e-002
-3.27787546e-001
0.00000000e+000
0.00000000e+000
2.45502072e-001
2.47696435e-001
1.51520449e-001
0.00000000e+000
0.00000000e+000
0.00000000e+000
0.00000000e+000
0.00000000e+000
0.00000000e+000
0.00000000e+000
0.00000000e+000
0.00000000e+000
0.00000000e+000
0.00000000e+000
0.00000000e+000
0.00000000e+000
0.00000000e+000
0.00000000e+000
0.00000000e+000
0.00000000e+000
0.00000000e+000
0.00000000e+000
0.00000000e+000
-4.98003506e-001
-7.88829021e-001
-4.53242829e-001
0.00000000e+000
0.00000000e+000
0.00000000e+000
0.00000000e+000
2.91037109e-001
3.56279154e-001
6.40342559e-001
-4.11653228e-001
3.14613790e-001
-2.47348186e-001
1.60839336e-001
-8.03475116e-001
-8.34425514e-001
-3.81006002e-001
7.25751144e-002
-7.85293152e-004
-5.56126501e-001
4.25194172e-001
-4.03202722e-003
-9.67555253e-001
8.99538273e-003
-2.41143947e-004
-7.92814475e-001
6.56426110e-002
-1.34106847e-003
-7.56321057e-001
0.00000000e+000
0.00000000e+000
4.80111251e-001
6.31341142e-001
4.17432026e-001
-7.51416210e-001
-4.06133686e-001
2.01072758e-001
0.00000000e+000
0.00000000e+000
-2.63487401e-001
-1.56474086e-001
-6.83205748e-001
-3.98335366e-001
-2.70497974e-002
-6.24716276e-002
9.88722182e-004
1.12822155e-004
1.19434329e-002
4.12187863e-003
1.11613646e+000
4.19079062e-002
0.00000000e+000
0.00000000e+000
2.08913307e+000
1.40576769e+000
0.00000000e+000
0.00000000e+000
0.00000000e+000
0.00000000e+000
0.00000000e+000
0.00000000e+000
6.34558716e-001
5.34789712e-001
2.08962966e-001
-4.96320461e-001
-7.45168439e-001
-1.76405010e+000
0.00000000e+000
0.00000000e+000
0.00000000e+000
0.00000000e+000
0.00000000e+000
0.00000000e+000
1.21780847e+000
1.46301356e-001
-1.15224027e-002
-1.46373464e-001
-4.71649513e-001
-8.36386595e-001
2.01230992e+000
1.83462247e+000
1.75817639e+000
1.68926830e+000
1.62026528e+000
1.40719344e+000
4.37899568e-001
5.84000030e-001
6.84717436e-001
7.87314028e-001
6.99163780e-001
-1.83689941e-002
6.00809117e-002
9.21986744e-002
-8.20239673e-003
1.25766972e-001
2.67715098e-001
-2.69443076e-001
0.00000000e+000
0.00000000e+000
0.00000000e+000
0.00000000e+000
0.00000000e+000
0.00000000e+000
0.00000000e+000
0.00000000e+000
1.19344373e+000
9.31231971e-001
-1.18185134e+000
-1.14812233e-001
-1.05838328e-001
-1.47980641e-001
-2.29036124e-001
-5.70567536e-001
-3.34874452e-001
0.00000000e+000
0.00000000e+000
0.00000000e+000
2.50176462e-001
-1.28936647e-001
4.32237971e-002
-1.26453170e-001
-2.22127861e+000
5.96413003e-001
-5.74247284e-002
-2.68868036e-001
1.08079139e+000
0.00000000e+000
6.39380258e-001
8.93032096e-001
-3.74861330e-001
2.79134127e-001
-1.70010845e-001
-2.68816145e-001
1.88556061e-001
-1.12559651e+000
-1.19438966e-002
4.48608280e-001
3.03669939e-001
0.00000000e+000
0.00000000e+000
0.00000000e+000
9.93797884e-002
-7.85803131e-001
-5.69793739e-002
9.69986550e-002
4.81715779e-001
1.70611795e-002
6.49102880e-002
-1.46660512e-002
-1.68319226e-002
0.00000000e+000
-1.51930990e-001
-3.62179096e-001
1.27845413e-001
1.27408684e-001
9.14349500e-002
2.52533484e-001
7.78397914e-002
2.12263275e-001
7.33696421e-002
-3.07004259e-002
-4.46208374e-002
-1.94114172e-002
-6.64554589e-001
-3.44314517e-001
-7.43155907e-002
7.76380055e-001
8.05546432e-002
-8.76346115e-001
-2.28108647e-001
0.00000000e+000
0.00000000e+000
0.00000000e+000
6.59711751e-002
2.28573235e-001
-1.80691718e-001
-1.26891965e-001
-1.84214250e-001
3.14660949e-001
3.81111340e-002
-6.10000018e-001
3.56632851e-001
0.00000000e+000
4.49260901e-001
7.67367366e-001
1.39799782e-001
-2.56072639e-002
-1.15368338e+000
-4.33390473e-001
-6.81877385e-002
-1.92325561e-001
-5.74593405e-002
4.43965663e-001
-2.52094202e-002
-4.69376217e-001
-3.53078577e-001
-4.03198797e-001
-2.90253615e-001
-8.64269109e-002
-1.60297440e-001
-3.19769319e-001
-3.06027395e-001
6.17979246e-001
6.24949730e-002
-7.66901130e-001
-2.03826704e-001
3.08704843e-001
3.89285111e-001
-4.12546598e-001
-7.18548177e-001
0.00000000e+000
0.00000000e+000
0.00000000e+000
-8.40227803e-001
-8.46047286e-001
3.21440308e-001
5.83875966e-001
-1.55964803e+000
5.31872429e-001
5.55531400e-001
4.27187793e-001
7.20499278e-001
0.00000000e+000
-6.23548510e-001
2.05356911e-002
-9.12063780e-001
1.11194338e+000
-4.42736542e-002
3.13357977e-002
2.83175794e-001
-6.50480240e-001
3.93237779e-001
-2.22894483e-001
1.25434247e-001
0.00000000e+000
0.00000000e+000
0.00000000e+000
7.46304212e-002
-2.13913709e-001
-1.41193355e-001
9.92830138e-003
2.41423275e-001
5.76183757e-002
1.41805260e-002
-2.82278737e-001
-3.21826488e-002
0.00000000e+000
-1.74065275e-002
5.07459942e-002
2.13230930e-001
-7.67954474e-002
-8.08641532e-003
-2.15141574e-002
-9.29151866e-003
1.65345767e-001
-6.72608153e-003
1.07719254e-001
-2.68537196e-001
1.09608248e-002
9.51187521e-001
8.81474968e-002
1.12554714e-001
7.67374606e-001
6.72551899e-002
-8.23668971e-001
-1.49468160e-001
0.00000000e+000
0.00000000e+000
0.00000000e+000
-2.21852776e-001
2.99075977e-001
3.73332369e-001
2.28398443e-002
-2.40054009e-002
-2.85337648e-001
-1.62816956e-001
8.21548031e-001
-2.21216509e-001
0.00000000e+000
-3.59864962e-001
-6.86073928e-001
-2.34841391e-001
6.48731651e-002
5.87227152e-001
3.86748666e-001
1.28093468e-001
-1.27034867e-001
9.25176262e-002
-6.02680021e-001
-2.79498021e-001
7.55105407e-001
-6.45897924e-001
-4.18261344e-001
-4.50010981e-001
-1.58941466e-001
9.75876530e-001
6.84259176e-002
1.77903454e-002
6.99290171e-001
8.43361510e-002
-9.42567788e-001
-2.91069515e-001
1.67970649e+000
-5.96744362e-001
-3.62259258e-001
247
-5.35602598e-001
-1.85288115e-001
-3.50314483e-001
3.11671646e-001
-4.96959762e-001
3.84473009e-001
-7.76227948e-001
4.48053818e-001
-2.26273807e-001
3.10145627e-001
7.78356984e-001
-1.54091894e-001
8.62097432e-003
4.02593963e-001
-4.67705953e-001
0.00000000e+000
-1.08484805e-001
-3.59221148e-001
-2.42206298e-001
-1.13237119e+000
0.00000000e+000
0.00000000e+000
0.00000000e+000
2.03747636e-002
1.28822257e-001
0.00000000e+000
0.00000000e+000
0.00000000e+000
0.00000000e+000
0.00000000e+000
0.00000000e+000
0.00000000e+000
0.00000000e+000
0.00000000e+000
0.00000000e+000
0.00000000e+000
0.00000000e+000
0.00000000e+000
0.00000000e+000
0.00000000e+000
0.00000000e+000
-2.89842626e-001
1.16269045e-002
-1.28168360e-002
-2.41131020e-003
-2.57536375e-001
1.80593244e-004
2.45932383e-002
-1.54813400e-003
0.00000000e+000
0.00000000e+000
1.23273037e+000
7.80194100e-001
4.48070983e-001
-1.00300740e+000
-1.04953802e+000
-7.90223763e-001
0.00000000e+000
0.00000000e+000
2.23549107e+000
1.39651240e+000
0.00000000e+000
0.00000000e+000
0.00000000e+000
0.00000000e+000
0.00000000e+000
-4.25397522e-002
8.07235673e-001
2.00078459e-001
1.91631851e-002
-4.05977319e-001
-1.08402225e+000
-2.04403192e+000
0.00000000e+000
0.00000000e+000
0.00000000e+000
0.00000000e+000
0.00000000e+000
0.00000000e+000
5.41363818e-001
-1.44861866e-001
-2.71708019e-001
-4.00677289e-001
-4.99459894e-001
-7.40455209e-001
4.00955848e+000
3.97721567e+000
3.98771629e+000
3.90634316e+000
3.83761748e+000
3.71060948e+000
9.35535923e-002
2.73531283e-001
3.73892747e-002
2.93802155e-001
3.91563104e-001
-2.89205306e-002
2.85174716e-001
1.79702899e-002
7.63032703e-003
2.35975094e-001
1.37942139e-001
-2.61626225e-001
-2.63539486e-001
0.00000000e+000
0.00000000e+000
0.00000000e+000
1.44253429e-001
-2.50268451e-001
-2.05264679e+000
0.00000000e+000
-1.53292285e-001
-5.65154593e-001
-4.60505714e-001
-7.74307028e-001
-7.18446878e-001
0.00000000e+000
0.00000000e+000
0.00000000e+000
2.49925509e-001
-9.28397994e-002
9.44901370e-002
5.60155298e-001
-2.24755067e+000
5.38147440e-001
5.87166110e-001
3.94931698e-001
-1.13063192e-002
0.00000000e+000
4.02981408e-001
7.14582951e-001
-6.71833314e-001
1.62032178e-001
-1.02183620e+000
3.03539840e-001
3.29766647e-001
-1.20023129e+000
-2.47008608e-001
4.36440101e-001
-5.01122317e-001
-2.00297357e-001
-9.05560936e-001
-7.19585926e-001
-1.48498266e-001
-4.75282028e-002
0.00000000e+000
0.00000000e+000
0.00000000e+000
2.09860788e-003
0.00000000e+000
1.39510861e-001
7.24207021e-002
4.76753490e-001
-1.07408032e-001
4.16556131e-002
4.43406986e-001
-4.44848904e-002
0.00000000e+000
-2.12752633e-003
-1.60128349e-001
1.60426820e-002
2.09397102e-001
5.77987403e-001
1.91121778e-001
2.32602098e-002
1.70991273e-001
8.66668165e-002
-2.24556038e-002
-3.00824959e-001
2.80979458e-001
1.01778661e-001
-2.66476004e-002
-2.17324561e-001
4.70050723e-002
-7.84935942e-001
-4.44169051e-001
-3.23801548e-001
-2.64329634e-001
-1.69613140e-001
-6.17576553e-002
-1.27465632e-001
-1.23481274e+000
0.00000000e+000
0.00000000e+000
0.00000000e+000
-4.04870073e-001
-1.66702169e-001
2.45164770e-001
3.50430124e-001
-2.35087250e+000
5.22150032e-001
5.37890495e-001
-2.13004687e-001
1.06955203e-001
0.00000000e+000
3.50429076e-001
8.99307983e-001
-6.29240891e-001
6.51345403e-001
-8.16425104e-002
-6.10069282e-002
9.47820866e-002
-1.24572528e+000
-1.53630916e-002
1.75160218e-001
-4.34538694e-001
-8.49189635e-002
8.25888715e-001
2.52823255e-002
1.61550294e-001
6.51164886e-002
0.00000000e+000
0.00000000e+000
0.00000000e+000
9.23989889e-002
1.07688444e-001
-2.04845382e-001
-6.20249860e-002
8.93036117e-002
1.36912820e-001
1.78435333e-002
-5.12367718e-001
1.97538193e-001
0.00000000e+000
1.62586781e-001
2.27714011e-001
5.80755799e-002
-4.55212878e-003
-4.49613117e-001
-2.26642623e-001
-1.23718310e-002
1.33987466e-001
3.12926505e-002
2.82192194e-001
-3.49619731e-001
0.00000000e+000
-1.33788539e-001
-6.73446050e-002
-8.00274048e-001
-3.75586750e-001
1.71087062e+000
6.27387695e-001
4.77248190e-001
-4.24687298e-001
2.29214221e+000
-3.96508746e-001
-5.57564216e-002
1 0 3 0 -1
1 1 2 1 -1
3.0399e-002 5.1552e-001
356
-3.19443186e-001
-1.60759184e-001
-1.58684002e-001
1.86019945e-001
-1.68609470e-001
-6.71194357e-001
4.37957277e-001
1.11296238e-001
2.71280844e-002
1.84138597e-001
-8.34058126e-002
-2.06409531e-001
7.80840899e-003
2.99202513e-001
2.55260205e-001
-3.68442773e-001
-3.20202994e-001
0.00000000e+000
1.14737252e+000
-6.65469621e-001
-9.23764671e-001
2.61852300e-001
0.00000000e+000
0.00000000e+000
3.15600823e-001
1.06666587e-001
0.00000000e+000
0.00000000e+000
3.58740979e-001
4.05345499e-001
3.83286039e-001
-1.60759184e-001
-1.58684002e-001
-3.46779129e-001
-1.68609470e-001
-3.14868470e-001
-1.98077633e-001
1.46242922e-001
2.61999448e-001
3.97770236e-002
2.95915250e-001
0.00000000e+000
0.00000000e+000
0.00000000e+000
0.00000000e+000
0.00000000e+000
0.00000000e+000
0.00000000e+000
0.00000000e+000
0.00000000e+000
0.00000000e+000
-3.56991475e-001
2.29714221e-001
-3.47320471e-001
0.00000000e+000
0.00000000e+000
0.00000000e+000
0.00000000e+000
-4.19654299e-001
2.57008860e-001
-1.46405317e-001
4.92541059e-001
3.65382370e-001
-4.51654459e-002
2.36463766e-001
-4.54698305e-001
-3.55229706e-001
1.17804028e-002
-6.02573787e-001
9.24227766e-003
3.87955593e-001
-2.17994382e-001
-8.49127025e-004
8.43681094e-002
1.63505044e-001
-3.65412855e-004
-1.44775641e-001
3.37619939e-001
3.61725152e-004
-1.93249593e-001
0.00000000e+000
0.00000000e+000
-1.07483260e-001
-6.04192780e-002
1.33363079e-002
-1.61157078e-001
5.98425228e-002
1.06522411e-001
0.00000000e+000
0.00000000e+000
-6.73754587e-002
-1.67355969e-001
-4.44222800e-001
-2.79660137e-001
-4.78562852e-002
-4.47493590e-002
3.29321356e-002
-8.06839322e-003
2.55399476e-002
5.94930221e-002
-2.00938542e-001
1.71168806e-001
0.00000000e+000
0.00000000e+000
1.46439944e+000
1.54452686e+000
0.00000000e+000
0.00000000e+000
0.00000000e+000
0.00000000e+000
0.00000000e+000
3.39635417e-001
4.27730714e-001
3.86145330e-001
-1.02452077e-003
-2.68139061e-001
-7.22758937e-001
-2.03642328e+000
0.00000000e+000
0.00000000e+000
0.00000000e+000
0.00000000e+000
0.00000000e+000
0.00000000e+000
8.55037313e-001
-7.63687852e-002
-2.15643009e-001
-3.55456225e-001
-6.41860562e-001
-1.16375047e+000
2.71421155e+000
2.69796250e+000
2.69987563e+000
2.56278008e+000
2.62683646e+000
2.52328054e+000
-4.87599365e-001
-2.39556115e-001
-2.85256474e-001
-2.74884829e-001
-3.01904165e-001
-9.11755010e-001
-5.66747129e-001
-3.11152270e-001
-3.55527501e-001
-1.84241300e-001
-1.25501784e-001
-4.38409104e-001
4.30627122e-001
0.00000000e+000
0.00000000e+000
0.00000000e+000
0.00000000e+000
0.00000000e+000
0.00000000e+000
0.00000000e+000
-4.84142002e-001
1.95691249e-001
-1.21246822e+000
-1.30362133e+000
-7.41154969e-002
-1.99092845e-001
-4.97258915e-001
-3.61255869e-001
-5.71374412e-001
0.00000000e+000
0.00000000e+000
0.00000000e+000
5.19661635e-001
4.50092174e-002
-7.96029767e-003
3.66162461e-001
-1.80104039e+000
7.39389419e-001
4.19399133e-001
1.70718562e-001
9.37277323e-001
0.00000000e+000
6.40700981e-001
2.56919949e-001
-7.54077960e-001
7.31462475e-001
-2.14798580e+000
-1.87914838e-001
2.17046393e-001
-1.08553976e+000
3.98421329e-002
3.29554948e-001
-1.87722673e-001
0.00000000e+000
0.00000000e+000
0.00000000e+000
-1.03172877e-001
-1.30942717e-001
2.59412876e-003
-8.65574855e-002
2.11742416e-001
-5.86122769e-002
-1.27118685e-001
-1.23586117e-001
-2.25182299e-001
0.00000000e+000
-3.37110205e-002
9.00449923e-002
6.61477318e-002
-8.00861599e-002
4.02760281e-001
-8.76949322e-002
-5.32432628e-002
1.41738735e-001
-4.57811757e-002
5.29380514e-002
-5.02131383e-001
-3.37012050e-002
3.36385878e-001
6.78215391e-001
3.51020197e-001
3.22495330e-001
1.50230385e-001
-5.06426919e-001
4.07617227e-002
0.00000000e+000
0.00000000e+000
0.00000000e+000
4.77990189e-001
1.43789053e-001
6.58804901e-002
4.12450650e-001
-3.90202294e-001
3.04454374e-001
3.64893718e-001
-2.64383220e-001
1.25531464e-001
0.00000000e+000
5.60027340e-001
-1.86001998e-002
-9.83703971e-002
-7.58132724e-002
-1.19824987e+000
-4.92166237e-001
1.54699323e-002
-2.66743722e-001
-1.17253997e-001
4.92057723e-001
-4.68430178e-001
5.69641617e-001
1.85907411e-001
2.86198668e-002
-6.92430291e-002
-4.04142919e-002
-3.80027497e-001
8.24819205e-001
8.06385244e-001
5.80851707e-001
9.07152317e-002
-7.11981231e-001
-2.88287372e-002
-8.71927783e-002
-6.76727492e-002
7.93295463e-002
-5.60348714e-001
0.00000000e+000
0.00000000e+000
0.00000000e+000
-5.35000979e-001
2.30164499e-002
1.12597048e-001
-5.91196095e-003
-1.85118630e+000
5.89134297e-001
1.76654071e-001
9.58820109e-002
3.71337190e-001
0.00000000e+000
-2.31712284e-001
6.94366919e-001
-8.72144417e-001
6.94750198e-001
8.77561751e-001
1.28576091e-001
3.33910926e-001
-1.05351252e+000
-2.82803373e-001
1.74136172e-001
1.51554047e-001
0.00000000e+000
0.00000000e+000
0.00000000e+000
-6.88725411e-003
-6.04399787e-001
-7.33685147e-002
8.27938320e-002
1.11942234e-001
6.03555827e-002
1.48101922e-001
-8.95072247e-002
-1.70240591e-001
0.00000000e+000
1.91733856e-001
7.49819738e-003
1.70350690e-001
8.52029768e-002
-2.04369116e-001
-5.45782890e-002
-8.37032838e-002
1.81622326e-001
1.65305518e-001
2.33700971e-001
-3.01252192e-001
-1.06117983e-001
2.46423418e-001
4.10159190e-001
2.63934946e-001
3.14897388e-001
8.91502482e-002
-5.10165619e-001
-1.71980032e-001
0.00000000e+000
0.00000000e+000
0.00000000e+000
-3.62338358e-001
1.76996702e-001
-4.59166699e-003
-3.56832349e-001
2.09476223e-001
-2.02210868e-001
-3.73462250e-001
4.88580601e-001
1.42994391e-001
0.00000000e+000
-4.74949524e-001
1.31519717e-001
-4.43662771e-002
2.14569213e-002
5.67146579e-001
4.67794273e-001
7.71381505e-002
2.74059025e-002
-1.32627172e-001
-5.31111028e-001
-1.95134209e-001
3.03881455e-001
-5.19169552e-002
-2.11840443e-001
-2.59096523e-001
-9.29748623e-002
-1.10600891e+000
-6.74524447e-001
-5.93140911e-001
4.58019186e-001
3.03400688e-002
-5.81334117e-001
-1.66121660e-001
1.77467152e-001
-9.85605391e-001
-1.17731478e+000
247
-3.30431333e-001
-3.95334510e-001
6.49031768e-002
3.08150330e-002
-4.26149543e-001
-3.71232633e-002
-1.24975868e+000
4.69311219e-001
-2.28115102e-001
4.47785215e-001
1.00912122e+000
-1.37026906e-001
1.46994496e-001
1.41625610e-001
-2.77220987e-001
0.00000000e+000
4.41298411e-001
-7.18519399e-001
-8.41918551e-001
-1.55032440e+000
0.00000000e+000
0.00000000e+000
0.00000000e+000
3.40414538e-001
3.68211452e-001
0.00000000e+000
0.00000000e+000
-3.95334510e-001
6.49031768e-002
3.08150330e-002
-4.26149543e-001
-3.71232633e-002
-2.02911691e-001
5.37901280e-002
0.00000000e+000
0.00000000e+000
0.00000000e+000
0.00000000e+000
0.00000000e+000
0.00000000e+000
0.00000000e+000
5.62504003e-002
4.50260942e-003
-6.73239072e-002
-1.35761746e-003
-3.18930133e-001
3.57854297e-003
-4.27693943e-004
5.56786694e-005
0.00000000e+000
0.00000000e+000
-1.07435177e+000
-4.67257468e-001
-3.20965024e-001
3.18719302e-001
4.50913077e-001
7.74180691e-001
0.00000000e+000
0.00000000e+000
9.31291103e-001
1.24828968e+000
0.00000000e+000
0.00000000e+000
0.00000000e+000
0.00000000e+000
0.00000000e+000
0.00000000e+000
5.50096635e-001
4.87363112e-001
3.30946965e-001
-2.90456424e-001
-7.00298303e-001
-1.75375421e+000
0.00000000e+000
0.00000000e+000
0.00000000e+000
0.00000000e+000
0.00000000e+000
0.00000000e+000
8.75110741e-001
1.50214290e-001
-6.78401668e-002
-3.36835352e-001
-6.52200251e-001
-9.24686738e-001
2.49811658e+000
2.36813989e+000
2.37168883e+000
2.25777004e+000
2.20747544e+000
1.94290917e+000
9.30482010e-003
1.28937717e-001
9.25820712e-002
1.55740729e-001
1.25961181e-001
-5.07809984e-001
-1.89200080e-001
-4.19747371e-001
-3.40084701e-001
-1.17547014e-001
4.68998656e-002
-3.64850655e-001
0.00000000e+000
0.00000000e+000
0.00000000e+000
0.00000000e+000
1.77672407e-001
3.79752024e-001
0.00000000e+000
-1.17402884e+000
-1.57811188e-001
-4.20220162e-001
-4.60157864e-002
-3.58676384e-001
-5.78031350e-001
0.00000000e+000
0.00000000e+000
0.00000000e+000
3.08909445e-001
-2.81349191e-001
-2.74114241e-001
2.91582150e-002
-1.45206508e+000
3.40971801e-001
4.55932781e-002
-2.64954947e-001
1.05370648e+000
0.00000000e+000
3.07504262e-001
6.90066288e-001
-3.40134072e-001
3.00799799e-001
-4.89463084e-001
8.52262329e-002
1.89229875e-001
-7.81305022e-001
-1.68390080e-001
1.22578693e-001
-2.16603763e-001
1.87563155e-001
2.09270450e-001
3.51242789e-001
3.45062801e-001
-2.90901079e-001
0.00000000e+000
0.00000000e+000
0.00000000e+000
-1.54700709e-001
1.95190194e-002
2.86188641e-002
-3.36823172e-001
1.71923956e-001
-6.04083884e-002
-1.97962138e-001
3.34626024e-002
-9.91217717e-002
0.00000000e+000
-4.93272018e-002
2.94452329e-002
-1.84179862e-001
-1.71791059e-003
6.95737297e-001
-5.05143613e-002
-4.41331339e-002
2.02664574e-002
-9.78210263e-003
-1.01203757e-001
-4.04166918e-001
0.00000000e+000
4.55235166e-002
-7.43658037e-002
-3.61427588e-001
-3.45374343e-001
-1.27087384e-002
7.26707724e-001
7.12509073e-001
-1.60532445e-002
-2.03264077e-001
1.64663004e-002
2.63250501e-001
-4.04692171e-001
0.00000000e+000
0.00000000e+000
0.00000000e+000
-1.32667094e-001
-1.21230387e+000
-3.43824306e-002
3.70704303e-001
-1.42851407e+000
4.86355216e-001
3.55678071e-001
2.14892058e-001
6.00014127e-001
0.00000000e+000
-2.86979430e-001
3.55537477e-001
-4.79163751e-001
6.84509519e-001
-1.31374511e-001
2.19092448e-001
3.49007601e-001
-5.94150668e-001
6.82978060e-002
1.90755032e-001
-9.65563287e-002
9.30478011e-002
-2.44725328e-001
-4.62577797e-002
1.59971373e-001
-1.74700525e-001
0.00000000e+000
0.00000000e+000
0.00000000e+000
9.58805498e-002
-4.51293246e-001
-6.43770357e-002
2.72742905e-001
-1.02268721e-001
1.67607797e-001
1.91910117e-001
1.84025005e-003
1.79224586e-001
0.00000000e+000
2.54247517e-001
3.51709374e-002
-9.92061174e-002
5.05504379e-002
-5.80657467e-001
-2.75001162e-001
-1.09733551e-001
1.25684019e-003
7.00351643e-002
1.87369674e-001
-1.89604130e-001
5.67465225e-002
3.88215574e-002
-1.19752732e-001
-3.08135842e-001
-1.39063587e-001
-6.63334044e-001
-3.79093148e-001
-3.52356562e-001
-1.69072255e-001
-9.78919468e-002
-2.54338896e-001
-5.07981090e-001
3 2
4.7451e-001 -1.9341e-002
2 -1
0 1 
217
4.20440285e-001
-4.25713309e-001
-1.97724289e-001
-6.51257271e-001
1.18789215e-001
2.35582894e-001
3.87962816e-001
5.05717514e-002
4.79755149e-001
-3.21198250e-001
5.48197267e-002
-5.15957031e-001
-6.20886620e-001
4.33937735e-001
-1.50348054e-001
-7.04793222e-003
-3.47782787e-001
-5.16036542e-001
1.16987157e-002
-1.81249492e-001
4.67947290e-001
-3.36658865e-004
-2.41663305e-001
6.18877592e-001
-1.23465461e-003
-3.17981505e-001
0.00000000e+000
0.00000000e+000
6.25346186e-001
1.88993949e-001
6.62031795e-002
2.18123030e-003
-1.33096066e-001
-2.85583349e-001
0.00000000e+000
0.00000000e+000
-5.43809030e-002
2.19492386e-001
2.55328803e-001
0.00000000e+000
0.00000000e+000
0.00000000e+000
0.00000000e+000
0.00000000e+000
-5.43809030e-002
1.09164868e-001
1.10327518e-001
2.55328803e-001
0.00000000e+000
0.00000000e+000
0.00000000e+000
0.00000000e+000
0.00000000e+000
0.00000000e+000
0.00000000e+000
0.00000000e+000
0.00000000e+000
0.00000000e+000
0.00000000e+000
0.00000000e+000
2.55328803e-001
1.10327518e-001
1.09164868e-001
9.30054907e-002
-3.70588758e-002
-9.93614169e-001
2.58197949e-001
2.60308990e-001
1.06295722e-001
1.30229338e-001
1.66078033e-001
-1.11294068e-001
-6.50600609e-001
1.49836019e-001
-3.35026098e-001
2.15820302e-001
-5.34862870e-001
0.00000000e+000
0.00000000e+000
0.00000000e+000
0.00000000e+000
0.00000000e+000
0.00000000e+000
0.00000000e+000
0.00000000e+000
0.00000000e+000
0.00000000e+000
0.00000000e+000
0.00000000e+000
0.00000000e+000
0.00000000e+000
0.00000000e+000
0.00000000e+000
0.00000000e+000
0.00000000e+000
0.00000000e+000
0.00000000e+000
0.00000000e+000
0.00000000e+000
0.00000000e+000
0.00000000e+000
0.00000000e+000
0.00000000e+000
0.00000000e+000
0.00000000e+000
0.00000000e+000
0.00000000e+000
0.00000000e+000
0.00000000e+000
0.00000000e+000
0.00000000e+000
0.00000000e+000
0.00000000e+000
0.00000000e+000
0.00000000e+000
0.00000000e+000
0.00000000e+000
0.00000000e+000
0.00000000e+000
-2.92563268e-001
-9.05950880e-001
-4.11082097e-001
0.00000000e+000
0.00000000e+000
0.00000000e+000
6.98297059e-001
-5.92652305e-001
-1.57964722e-002
-1.87877166e-001
-7.92761105e-001
1.90518748e-001
2.35508068e-001
5.61461431e-001
-3.46082138e-001
0.00000000e+000
6.90787784e-001
-1.11388302e-001
-8.91819361e-001
2.74426992e-001
2.01383808e-001
5.07695811e-001
2.98140080e-001
-8.99801689e-001
-5.23825716e-001
2.92702377e-001
-1.31087188e-001
0.00000000e+000
0.00000000e+000
0.00000000e+000
2.48479425e-002
-6.12544348e-001
-3.16511332e-002
3.68052123e-001
-5.26209576e-001
1.25008664e-001
2.17693739e-001
-1.07117757e-001
1.70204783e-001
0.00000000e+000
1.57990565e-001
1.06615495e-001
-5.59638872e-002
1.41768571e-001
-1.29953262e-001
-8.44188867e-002
4.67813644e-003
-2.00478121e-001
8.55064660e-002
2.14883299e-001
-1.06269550e+000
0.00000000e+000
0.00000000e+000
0.00000000e+000
3.04292276e-001
-5.59159385e-001
-3.04469995e-001
2.91173030e-001
-5.69754868e-001
4.58280408e-001
3.81356218e-001
-7.54043622e-001
4.82336494e-001
0.00000000e+000
1.37581642e+000
3.07168397e-001
-6.46718792e-001
2.54184510e-001
-1.55286504e+000
-2.89775821e-001
-1.01509009e-001
-5.94814666e-001
-2.54788219e-001
7.10596171e-001
1.47172386e-002
0.00000000e+000
0.00000000e+000
0.00000000e+000
-2.02696583e-002
-2.59765404e-001
3.29335066e-002
-3.59003109e-002
-4.52426857e-001
-1.59943786e-002
-8.91376557e-002
3.01397716e-001
-7.48839237e-003
0.00000000e+000
-2.18797044e-001
-3.26787600e-002
-1.23913610e-001
1.62115316e-001
7.63073159e-001
1.58730047e-001
9.91338620e-002
-1.93401272e-001
4.54400192e-002
-9.83330443e-002
136
-4.59595701e-001
-6.72955507e-002
-4.80210075e-003
-3.49476413e-001
2.49514858e-003
-1.95046261e-001
1.84708113e-003
1.52222524e-001
-8.31651473e-004
0.00000000e+000
0.00000000e+000
-4.87105432e-001
-2.76186937e-002
-8.68235129e-002
-2.31198573e-001
2.54612255e-002
3.91581016e-001
0.00000000e+000
0.00000000e+000
3.75840734e-001
-2.44583506e-001
-5.90852928e-001
0.00000000e+000
0.00000000e+000
0.00000000e+000
0.00000000e+000
0.00000000e+000
3.75840734e-001
9.15751770e-001
-1.16033528e+000
-5.90852928e-001
0.00000000e+000
0.00000000e+000
0.00000000e+000
0.00000000e+000
0.00000000e+000
0.00000000e+000
0.00000000e+000
0.00000000e+000
0.00000000e+000
0.00000000e+000
0.00000000e+000
0.00000000e+000
0.00000000e+000
0.00000000e+000
0.00000000e+000
-3.83179219e-001
-4.01315324e-001
7.56041396e-002
-1.92594840e-002
-9.43242271e-001
6.32021153e-001
6.59571351e-001
4.89294289e-001
1.03361594e+000
-6.72456628e-001
0.00000000e+000
0.00000000e+000
0.00000000e+000
0.00000000e+000
-5.90852928e-001
-1.16033528e+000
9.15751770e-001
0.00000000e+000
0.00000000e+000
0.00000000e+000
0.00000000e+000
0.00000000e+000
0.00000000e+000
0.00000000e+000
0.00000000e+000
0.00000000e+000
0.00000000e+000
0.00000000e+000
0.00000000e+000
0.00000000e+000
0.00000000e+000
0.00000000e+000
0.00000000e+000
0.00000000e+000
0.00000000e+000
0.00000000e+000
0.00000000e+000
0.00000000e+000
0.00000000e+000
0.00000000e+000
-4.78725391e-001
-9.22334531e-001
-8.47282183e-001
0.00000000e+000
0.00000000e+000
0.00000000e+000
8.37771226e-001
-1.74450392e+000
8.41898898e-002
3.83275658e-001
-2.50730292e+000
5.68748580e-001
4.62004133e-001
6.14978483e-001
2.13354697e-001
0.00000000e+000
1.04635290e+000
1.66772700e-001
-1.10247704e+000
4.35492098e-001
9.01807540e-001
5.31386328e-001
3.26069465e-001
-2.01955274e+000
-6.25606303e-001
5.79957043e-001
-1.23719891e+000
0.00000000e+000
0.00000000e+000
0.00000000e+000
5.58705722e-001
-1.85034545e+000
-4.49270853e-002
7.95443046e-001
-2.28685745e+000
7.28607453e-001
9.83858770e-001
9.16094243e-002
-2.41596998e-001
0.00000000e+000
1.33020261e+000
1.25158707e-001
-9.74191475e-001
7.21541716e-001
-6.05783225e-001
1.48769413e-001
2.39006165e-001
-1.49131219e+000
-2.25304679e-001
7.60216610e-001
5 2
-4.5922e-002 2.1008e-001
3 -1
0 1 3 
217
4.96803669e-002
3.20589576e-001
-2.20929386e-001
-4.16259331e-001
-1.22939844e-001
-1.09879871e-002
-6.58315314e-002
-6.37056051e-002
-2.09298826e-001
1.43215153e-001
-7.27173353e-003
1.87727389e-001
4.55022302e-001
-1.00454172e+000
6.22675016e-002
-4.52815335e-003
4.21415193e-001
1.04962744e-001
-2.75359834e-003
3.18433794e-002
-8.82014636e-003
3.65310933e-003
-4.20735219e-002
-1.08729732e-001
2.40770775e-003
1.54367006e-001
0.00000000e+000
0.00000000e+000
1.21510614e-001
-1.06695268e-001
9.67604720e-002
5.85625710e-002
-5.35203493e-002
-6.69376730e-002
0.00000000e+000
0.00000000e+000
-5.00358219e-001
1.95999125e-001
1.14010844e-001
2.40028617e-001
0.00000000e+000
0.00000000e+000
0.00000000e+000
0.00000000e+000
-5.00358219e-001
4.35527219e-001
-1.16420503e-001
1.39058308e-001
-1.23107591e-001
-3.23984649e-003
-2.18076178e-002
2.40028617e-001
0.00000000e+000
0.00000000e+000
0.00000000e+000
0.00000000e+000
0.00000000e+000
0.00000000e+000
0.00000000e+000
0.00000000e+000
3.57279308e-001
-1.16420503e-001
3.09179782e-001
2.01488784e-001
-9.63182715e-001
-8.33536387e-001
4.81293876e-001
-1.88678061e-001
3.30080423e-001
1.04948734e+000
-6.96809498e-002
-1.21497488e-001
-5.02760158e-001
1.99798173e-001
-4.90924890e-001
4.10606320e-002
4.80531284e-002
-1.65160861e-002
-2.56771087e-002
-3.87410846e-001
-1.24627633e-001
2.96319625e-001
2.16501195e-001
-9.78138370e-002
0.00000000e+000
0.00000000e+000
0.00000000e+000
0.00000000e+000
0.00000000e+000
0.00000000e+000
0.00000000e+000
0.00000000e+000
0.00000000e+000
0.00000000e+000
0.00000000e+000
0.00000000e+000
0.00000000e+000
0.00000000e+000
0.00000000e+000
0.00000000e+000
0.00000000e+000
0.00000000e+000
0.00000000e+000
0.00000000e+000
0.00000000e+000
0.00000000e+000
0.00000000e+000
0.00000000e+000
0.00000000e+000
0.00000000e+000
0.00000000e+000
0.00000000e+000
0.00000000e+000
0.00000000e+000
0.00000000e+000
0.00000000e+000
0.00000000e+000
0.00000000e+000
0.00000000e+000
-6.13378665e-001
-1.11207059e+000
-1.07090203e+000
0.00000000e+000
0.00000000e+000
0.00000000e+000
-1.33049154e-001
-2.60022655e-001
7.43848274e-003
-1.77976141e-001
-5.69080821e-001
-5.66721766e-003
1.94541366e-001
2.44353415e-001
2.63341768e-001
0.00000000e+000
6.81809601e-002
6.44049235e-002
-8.20888797e-001
6.24081633e-002
1.33883172e+000
8.37942906e-002
-6.92725406e-002
-7.36556999e-001
-4.77803498e-001
-1.47879298e-001
-1.82858355e-003
0.00000000e+000
0.00000000e+000
0.00000000e+000
3.55813688e-001
-4.34147420e-001
-8.05284343e-002
2.64586750e-001
-5.33404463e-001
2.05319844e-001
1.44630638e-001
6.57854339e-002
5.27410039e-002
0.00000000e+000
2.79134568e-001
-2.72102263e-001
-4.15174080e-002
1.42708485e-001
-4.22343237e-001
6.13392261e-002
1.20282150e-001
-2.64510165e-001
3.49836932e-002
3.19399328e-001
-1.07668509e+000
0.00000000e+000
0.00000000e+000
0.00000000e+000
1.12577479e-001
-4.96408685e-001
-1.72419755e-001
4.05893037e-001
-4.45643377e-001
3.75942359e-001
4.62460813e-001
-5.17730907e-001
-1.67844739e-002
0.00000000e+000
6.90549592e-001
-1.76005563e-002
-7.86755977e-001
2.43404846e-001
-8.70083050e-003
-1.04401100e-001
-1.51432701e-001
-5.68641065e-001
-3.35225504e-001
2.54231719e-001
-1.35660747e-001
0.00000000e+000
0.00000000e+000
0.00000000e+000
1.78754025e-001
-8.65373322e-001
8.03056434e-002
1.62972921e-002
-4.24012502e-001
1.59865879e-001
5.56265241e-002
3.09195324e-001
-3.03238721e-001
0.00000000e+000
1.04000700e-001
-3.63669392e-001
6.12053904e-003
2.28759018e-001
2.24731762e-001
1.81382023e-001
1.39467304e-001
-1.47125257e-001
1.53104811e-001
1.30147604e-001
136
1.06763088e+000
9.66459356e-002
3.41984898e-003
3.17405559e-001
9.89005846e-004
2.79360387e-001
1.42843650e-003
3.74219002e-001
1.81031542e-005
0.00000000e+000
0.00000000e+000
2.79047030e-001
2.63574214e-001
2.77783710e-001
5.79817195e-002
1.24293085e-001
1.31030607e-001
0.00000000e+000
0.00000000e+000
0.00000000e+000
-4.25423611e-001
3.12673693e-001
1.18569391e+000
0.00000000e+000
0.00000000e+000
0.00000000e+000
0.00000000e+000
0.00000000e+000
2.10769090e-001
-1.04415614e+000
-3.63588766e-001
4.07963443e-001
6.87700647e-001
-1.14381880e-002
1.18569391e+000
0.00000000e+000
0.00000000e+000
0.00000000e+000
0.00000000e+000
0.00000000e+000
0.00000000e+000
0.00000000e+000
0.00000000e+000
0.00000000e+000
0.00000000e+000
0.00000000e+000
-1.44854563e-001
-5.08089436e-001
-2.28535081e-001
-2.48527066e-001
-9.79386333e-001
7.02699542e-001
5.98420526e-001
2.71896836e-001
7.03915232e-001
-6.68443760e-001
-8.16732772e-002
-1.12061565e+000
-1.47767808e-001
-5.31973062e-001
-6.93495898e-001
-1.04415614e+000
1.30643318e+000
0.00000000e+000
0.00000000e+000
0.00000000e+000
0.00000000e+000
0.00000000e+000
0.00000000e+000
0.00000000e+000
0.00000000e+000
0.00000000e+000
0.00000000e+000
0.00000000e+000
0.00000000e+000
0.00000000e+000
0.00000000e+000
0.00000000e+000
0.00000000e+000
0.00000000e+000
0.00000000e+000
0.00000000e+000
0.00000000e+000
0.00000000e+000
0.00000000e+000
0.00000000e+000
-3.15210807e-001
-8.22482411e-001
-6.90339882e-001
0.00000000e+000
0.00000000e+000
0.00000000e+000
6.86226897e-001
-2.11613029e+000
1.09300300e-001
5.48946451e-001
-2.41710980e+000
5.59407494e-001
5.67492446e-001
5.73860554e-001
6.80395907e-002
0.00000000e+000
1.05295469e+000
4.29905256e-001
-1.12427725e+000
4.98543152e-001
8.13982121e-001
5.38444227e-001
4.07597834e-001
-1.93687549e+000
-5.47498451e-001
5.96850396e-001
-1.01272238e+000
0.00000000e+000
0.00000000e+000
0.00000000e+000
3.37484362e-001
-1.38044336e+000
-1.47190724e-001
6.60067044e-001
-2.31842819e+000
6.32881624e-001
8.03852742e-001
-8.81847462e-002
3.54109411e-001
0.00000000e+000
1.13896642e+000
4.64696522e-001
-1.06507336e+000
6.36381791e-001
-1.65769321e-001
5.80640751e-002
2.00091442e-001
-1.47343510e+000
-2.77942943e-001
6.17149925e-001
2 1
-4.0307e-001 3.0750e-001
4 1
0 1 3 5 
217
2.48958584e-001
-2.14306285e-001
-2.46643975e-001
-3.50743177e-001
-2.38538981e-001
6.99228955e-001
4.13952193e-001
1.55555051e-001
5.13149784e-001
-2.06360425e-001
6.69481968e-004
-2.92298185e-001
-4.40273894e-001
6.67406750e-002
-1.11712232e-001
-1.22722460e-003
3.28763329e-001
1.35840373e-001
-1.54689890e-003
-4.24848649e-002
1.40715213e-001
-1.83044120e-003
-9.37902531e-002
8.41152299e-002
-1.91103390e-004
-8.84575109e-002
0.00000000e+000
0.00000000e+000
8.60980463e-002
1.19512972e-001
3.97894907e-002
-6.75260915e-003
6.09425368e-002
-3.71311850e-002
0.00000000e+000
0.00000000e+000
0.00000000e+000
-3.12081262e-002
-8.89038369e-002
1.33950152e-001
2.35120395e-001
0.00000000e+000
0.00000000e+000
0.00000000e+000
0.00000000e+000
-3.60519178e-002
-2.61032175e-003
-2.33820226e-001
-6.35438427e-004
-1.62899339e-001
2.96563518e-001
3.99596186e-001
8.08955177e-003
6.72736533e-002
-2.70955216e-002
1.64936614e-001
0.00000000e+000
-1.30074001e-001
-3.00508647e-001
2.35120395e-001
4.70161571e-001
-2.16162915e-002
-1.99586696e-001
1.40461270e-001
-1.95584050e-001
-7.26927285e-001
6.90532068e-002
3.46454388e-001
2.35028157e-001
8.46889026e-002
-2.38056884e-001
-4.51665286e-002
-9.07306612e-001
4.89663382e-001
-5.32736267e-001
4.25186145e-002
-1.10708974e-001
0.00000000e+000
-6.14196930e-002
-6.39316140e-001
2.63739918e-001
4.64741954e-001
4.44968347e-002
1.50063381e-001
0.00000000e+000
2.84849802e-001
-1.33533561e-001
1.80194433e-001
-7.48734716e-002
-1.91378310e-001
-1.51124530e-001
0.00000000e+000
0.00000000e+000
0.00000000e+000
0.00000000e+000
0.00000000e+000
0.00000000e+000
0.00000000e+000
0.00000000e+000
0.00000000e+000
0.00000000e+000
0.00000000e+000
0.00000000e+000
0.00000000e+000
0.00000000e+000
0.00000000e+000
0.00000000e+000
0.00000000e+000
0.00000000e+000
0.00000000e+000
0.00000000e+000
0.00000000e+000
0.00000000e+000
0.00000000e+000
0.00000000e+000
0.00000000e+000
0.00000000e+000
0.00000000e+000
0.00000000e+000
-5.52815162e-001
-9.99118506e-001
-4.80248703e-001
0.00000000e+000
0.00000000e+000
0.00000000e+000
8.49141510e-001
-1.23846550e+000
-2.00227640e-001
5.49155268e-001
-1.19684099e+000
2.27747240e-001
3.77424702e-001
4.48827078e-001
-2.55509461e-001
0.00000000e+000
9.02805174e-001
-7.33293623e-002
-8.56194700e-001
4.43184372e-001
-4.77150869e-001
4.84668808e-001
4.76035027e-001
-1.02643753e+000
-3.76395878e-001
4.61314038e-001
-2.99726441e-001
0.00000000e+000
0.00000000e+000
0.00000000e+000
6.29242280e-002
-9.75623669e-001
2.52585887e-002
1.26556860e-002
-8.81620746e-001
1.42137727e-001
1.04441930e-001
5.25925062e-002
2.61397952e-001
0.00000000e+000
2.12074096e-001
2.22775669e-003
-1.47283737e-001
6.95792858e-002
2.17645296e-001
2.32570001e-001
2.51763127e-001
-3.23197178e-001
8.32165786e-002
2.97514131e-001
-1.07480854e+000
0.00000000e+000
0.00000000e+000
0.00000000e+000
2.23833844e-001
-7.76478753e-001
-2.48513526e-001
1.11087720e-001
-9.72077243e-001
3.00790584e-001
6.48248567e-001
-3.19205309e-001
7.12277512e-002
0.00000000e+000
1.03555002e+000
2.28291415e-001
-6.78357415e-001
3.93478292e-001
-3.65624185e-001
-1.19504952e-001
-1.23338656e-001
-6.90413885e-001
-2.56636491e-001
4.62833675e-001
-7.15717553e-002
0.00000000e+000
0.00000000e+000
0.00000000e+000
1.27652875e-001
-6.97177326e-001
1.07778836e-003
9.22830498e-002
-7.96398002e-001
4.40057455e-002
-5.93646388e-002
2.25605318e-001
3.11536122e-002
0.00000000e+000
-1.02983552e-002
6.56168073e-002
-3.16929322e-002
2.35106659e-001
3.99371606e-001
1.52644292e-001
1.11607915e-001
-2.00520899e-001
1.10975415e-001
1.26779316e-001
136
3.71418387e-001
2.29314448e-001
-8.76008068e-004
7.89596104e-002
-3.51307106e-004
-3.03441666e-002
2.85324102e-004
9.34884945e-002
-9.39469544e-005
0.00000000e+000
0.00000000e+000
2.01688021e-001
2.35274836e-001
1.94692202e-001
-6.05530630e-002
-1.45734446e-001
-1.56368898e-002
0.00000000e+000
0.00000000e+000
0.00000000e+000
-1.23493251e-001
3.70034760e-002
2.86596899e-001
1.71311262e-001
0.00000000e+000
0.00000000e+000
0.00000000e+000
0.00000000e+000
-1.58566760e-001
-6.04364927e-002
-1.86168667e-001
1.66520730e-001
-2.02265629e-001
2.18822545e-001
6.66689908e-001
-7.10107280e-002
8.85665311e-001
-7.44440669e-001
-2.45992383e-001
6.53905844e-002
4.17053413e-001
-5.51154038e-001
1.71311262e-001
0.00000000e+000
0.00000000e+000
0.00000000e+000
-3.37759081e-001
-6.38548987e-001
9.34617939e-002
-8.09795047e-002
-9.94950067e-001
2.45336635e-001
8.57450285e-001
7.59820184e-002
5.03848019e-001
-5.42411797e-001
0.00000000e+000
-5.78993718e-001
5.45867903e-002
-1.26755195e-001
-4.58245413e-001
-8.65271970e-001
2.39668055e-001
2.07505296e-001
5.17088881e-002
-2.99962221e-001
0.00000000e+000
0.00000000e+000
0.00000000e+000
0.00000000e+000
0.00000000e+000
0.00000000e+000
0.00000000e+000
0.00000000e+000
0.00000000e+000
0.00000000e+000
0.00000000e+000
0.00000000e+000
0.00000000e+000
0.00000000e+000
0.00000000e+000
0.00000000e+000
0.00000000e+000
0.00000000e+000
0.00000000e+000
0.00000000e+000
-2.94526364e-001
-7.72076308e-001
-7.25593700e-001
0.00000000e+000
0.00000000e+000
0.00000000e+000
7.39463830e-001
-1.65773760e+000
1.04575292e-001
5.35137737e-001
-2.32405004e+000
5.37440258e-001
5.58381683e-001
6.07146325e-001
1.50115322e-001
0.00000000e+000
9.41187297e-001
2.56990288e-001
-1.09629411e+000
4.96899258e-001
7.95063227e-001
3.11754442e-001
1.79621477e-001
-1.89160123e+000
-5.62150320e-001
5.92463173e-001
-1.07098922e+000
0.00000000e+000
0.00000000e+000
0.00000000e+000
4.36258880e-001
-1.58741663e+000
-1.33988720e-001
6.36748695e-001
-2.06686583e+000
6.72051158e-001
7.59340529e-001
7.95578484e-002
1.61404454e-001
0.00000000e+000
1.04801960e+000
2.52157731e-001
-1.06051473e+000
5.98472260e-001
-8.03760310e-002
9.88712708e-002
2.16975759e-001
-1.44369486e+000
-2.71929164e-001
6.13938563e-001
8 1
-5.5811e-001 3.4004e-001
5 1
0 1 3 5 2 
217
4.46143421e-001
-1.82118239e-001
-3.36633606e-001
-7.19952386e-002
-4.20333282e-002
5.72941393e-001
5.36285455e-001
-1.35796507e-001
4.30726323e-001
-3.50938178e-001
-1.10985397e-001
-1.62220864e-001
-3.67849632e-001
3.87331310e-001
5.19188754e-002
6.61893227e-003
9.12692670e-002
1.97998645e-001
-1.16173239e-003
-1.72209986e-002
2.35537426e-002
9.10462325e-004
-8.27369258e-002
1.72672158e-001
-9.10229298e-005
-8.66108055e-002
0.00000000e+000
0.00000000e+000
7.52336584e-002
1.80453286e-001
4.68634314e-002
-6.05953579e-002
6.61209776e-002
1.50654296e-001
0.00000000e+000
0.00000000e+000
0.00000000e+000
4.07226388e-002
-2.26586935e-001
-3.77493437e-002
1.46916428e-001
5.22840633e-001
0.00000000e+000
0.00000000e+000
0.00000000e+000
-4.28913522e-001
-1.33233428e-002
-5.17846730e-002
7.85471232e-002
-6.19129641e-001
4.51098027e-001
6.96920742e-001
-6.23215527e-002
4.75562999e-001
-9.42945456e-002
1.41812301e-001
0.00000000e+000
1.49566695e-001
-3.04324494e-001
8.10303514e-002
1.92729013e-001
-1.69939441e-001
4.23353849e-001
1.20814901e-001
-1.19736733e-001
-9.70304737e-001
1.61916459e-001
3.55919111e-001
2.83148793e-001
1.23651326e-001
-3.01630898e-001
-1.59360047e-001
-6.16490406e-001
6.35553392e-001
-3.19501684e-001
2.71580973e-001
5.06607378e-002
0.00000000e+000
-3.32623359e-002
-6.62894146e-001
2.59650355e-001
3.77991560e-001
2.19755402e-001
1.78786901e-001
0.00000000e+000
9.07313469e-002
-3.77419794e-001
2.36626581e-001
-1.13065446e-001
9.61021278e-002
5.17843770e-002
0.00000000e+000
-6.56921105e-002
-2.77669634e-001
3.02984224e-001
-4.75358045e-001
2.08851308e-001
-9.84616136e-002
0.00000000e+000
0.00000000e+000
0.00000000e+000
0.00000000e+000
0.00000000e+000
0.00000000e+000
0.00000000e+000
0.00000000e+000
0.00000000e+000
0.00000000e+000
0.00000000e+000
0.00000000e+000
0.00000000e+000
0.00000000e+000
0.00000000e+000
0.00000000e+000
0.00000000e+000
0.00000000e+000
0.00000000e+000
0.00000000e+000
0.00000000e+000
-5.17422061e-001
-8.22643450e-001
-5.68231759e-001
0.00000000e+000
0.00000000e+000
0.00000000e+000
7.68575645e-001
-1.27295897e+000
8.45150302e-002
4.62988108e-001
-1.36341758e+000
1.91999301e-001
6.08439235e-001
5.03033555e-001
-1.88907863e-001
0.00000000e+000
8.35434712e-001
-3.13383248e-001
-1.13439317e+000
3.84715551e-001
-4.19756444e-001
6.16929927e-001
4.61680066e-001
-1.18311278e+000
-3.79104016e-001
7.68491176e-001
-2.48456046e-001
0.00000000e+000
0.00000000e+000
0.00000000e+000
6.89927132e-002
-5.48166878e-001
1.72397735e-002
7.77049765e-002
-7.61847777e-001
1.55827939e-001
8.64700963e-004
-9.50625105e-003
2.23086261e-001
0.00000000e+000
1.59585398e-001
7.40706438e-002
-1.61695611e-002
9.70675347e-002
3.22997730e-001
3.86199028e-002
5.18739305e-002
-3.43446836e-001
3.55488506e-002
1.07200902e-001
-9.87428755e-001
0.00000000e+000
0.00000000e+000
0.00000000e+000
8.51664483e-002
-6.90372712e-001
-4.96610845e-001
1.82354855e-001
-1.10600591e+000
4.01893784e-001
4.76939189e-001
-4.73215457e-001
2.83806830e-001
0.00000000e+000
1.10684704e+000
3.57882992e-001
-6.96962004e-001
7.51914014e-001
-2.38199307e-001
-1.88141772e-001
-2.57598470e-001
-9.00483271e-001
-9.52341334e-002
5.08589978e-001
-7.21519172e-002
0.00000000e+000
0.00000000e+000
0.00000000e+000
1.84605691e-001
-6.07114955e-001
8.91257261e-002
1.21578579e-001
-7.65856728e-001
1.88173163e-002
1.02976655e-002
2.85605066e-001
-6.77241805e-002
0.00000000e+000
-4.76426959e-002
8.37912462e-002
-1.30327720e-001
3.47526007e-002
3.35741648e-001
1.93704417e-001
1.97049883e-001
-1.14241106e-001
1.19602600e-002
9.37253682e-002
136
3.46793432e-001
1.92355074e-001
4.38883547e-004
1.33383127e-001
-1.32360757e-003
-4.48156010e-002
7.30757115e-004
6.58708326e-002
-7.76214645e-005
0.00000000e+000
0.00000000e+000
2.51078624e-001
2.46408931e-001
2.21713966e-001
-7.38905766e-002
-1.88479089e-001
-6.70276983e-002
0.00000000e+000
0.00000000e+000
0.00000000e+000
-5.37152798e-002
-9.79201854e-003
1.10416794e-001
4.80313050e-002
2.51852632e-001
0.00000000e+000
0.00000000e+000
0.00000000e+000
-1.13789278e-001
-1.03217231e-001
-2.65629814e-001
8.54821254e-002
-1.48417622e-002
1.29375705e-001
7.30115772e-001
-7.40146942e-002
7.41010590e-001
-6.94606158e-001
-1.87743443e-001
5.47184182e-002
4.96226762e-001
-5.32574436e-001
9.62808762e-002
0.00000000e+000
0.00000000e+000
0.00000000e+000
-4.13022096e-001
-7.21814175e-001
5.84130889e-002
-9.19549778e-002
-8.87187505e-001
3.01398649e-001
8.73393512e-001
8.84681965e-002
4.90731112e-001
-5.57956002e-001
0.00000000e+000
-6.92444253e-001
5.77026424e-002
-1.63058670e-001
-3.17380715e-001
-8.58093037e-001
1.59824077e-001
2.01150668e-001
3.01352852e-002
-2.53653181e-001
0.00000000e+000
2.40191962e-001
-4.70725371e-002
2.15822528e-001
-4.22742298e-001
0.00000000e+000
0.00000000e+000
0.00000000e+000
0.00000000e+000
0.00000000e+000
0.00000000e+000
0.00000000e+000
0.00000000e+000
0.00000000e+000
0.00000000e+000
0.00000000e+000
0.00000000e+000
0.00000000e+000
0.00000000e+000
0.00000000e+000
-2.63693776e-001
-8.17691055e-001
-7.19398895e-001
0.00000000e+000
0.00000000e+000
0.00000000e+000
7.84510662e-001
-1.77044458e+000
9.42100890e-003
5.37522224e-001
-2.35726681e+000
5.57795953e-001
5.53518486e-001
6.40857693e-001
1.30314299e-001
0.00000000e+000
9.16917767e-001
2.83284570e-001
-1.13486700e+000
4.85457532e-001
8.06848173e-001
3.90715343e-001
2.74272133e-001
-1.88097778e+000
-5.56104774e-001
6.08826200e-001
-1.08777796e+000
0.00000000e+000
0.00000000e+000
0.00000000e+000
4.60257307e-001
-1.62805601e+000
-9.91871014e-002
6.71325313e-001
-2.13871183e+000
6.58383574e-001
7.87030086e-001
9.82078632e-002
1.63493138e-001
0.00000000e+000
1.03100537e+000
1.86557215e-001
-1.06087715e+000
6.24901744e-001
-8.51941099e-002
1.15998293e-001
2.11311581e-001
-1.46212843e+000
-2.49028071e-001
6.26933247e-001
17 2
-7.2798e-001 3.6090e-001
6 5
0 1 3 5 2 8 
217
2.29849137e-001
2.12329651e-001
-2.01027962e-001
-1.43065730e-001
9.56814537e-002
9.78484589e-002
4.17380735e-002
-9.82950098e-003
-1.39642906e-002
1.21902034e-001
1.31398766e-001
1.24720196e-003
-2.50048654e-002
-3.89701314e-001
2.60802208e-003
2.52114901e-003
1.94553844e-002
3.12029694e-001
-6.33446837e-003
7.96319525e-002
-8.26183457e-002
5.36451303e-003
-6.47059933e-002
-2.17023325e-003
1.92845789e-003
9.50718633e-002
0.00000000e+000
0.00000000e+000
6.22034463e-002
5.88227803e-002
7.08408794e-002
-1.83959603e-002
1.55777647e-001
-9.93996563e-002
0.00000000e+000
0.00000000e+000
0.00000000e+000
-1.58744972e-001
3.66066836e-002
-8.77059974e-002
-1.11806163e-001
9.07121290e-002
4.60787457e-001
0.00000000e+000
0.00000000e+000
-5.30744538e-001
2.51042636e-001
5.74150745e-002
-1.82830172e-001
-7.89565869e-001
4.30876681e-001
6.85358955e-001
-1.58117068e-001
5.46732421e-001
-4.82745794e-001
2.44860871e-001
0.00000000e+000
4.04847692e-001
-5.22398013e-001
3.21516040e-001
6.09180718e-002
-3.89820227e-001
5.58751292e-001
2.47537211e-002
-7.35325232e-001
-9.68230829e-001
6.21639340e-001
2.86151239e-001
3.18781307e-001
7.35693805e-001
-2.66145009e-001
-4.89932304e-001
-6.12335313e-001
5.45165050e-001
-7.34397334e-001
4.40761400e-001
1.99136407e-001
0.00000000e+000
-4.01795954e-002
-4.53747213e-001
-5.74305491e-002
3.86494271e-001
3.58836084e-001
7.02283786e-002
0.00000000e+000
-7.84472325e-002
-7.26758560e-001
2.83671646e-001
-5.08688775e-001
2.46247234e-002
-2.04066053e-001
1.09373007e-001
1.95260934e-001
-2.78211202e-001
1.31166147e-001
-1.24890326e-001
-2.05950951e-001
-2.47424662e-001
1.15982420e-001
1.52719777e-001
-1.18998921e-001
7.65279687e-002
-6.32973037e-002
-1.15381029e-001
-1.64486936e-001
0.00000000e+000
0.00000000e+000
0.00000000e+000
0.00000000e+000
0.00000000e+000
0.00000000e+000
0.00000000e+000
0.00000000e+000
0.00000000e+000
0.00000000e+000
0.00000000e+000
0.00000000e+000
0.00000000e+000
0.00000000e+000
-5.66937670e-001
-1.15506533e+000
-9.73334054e-001
0.00000000e+000
0.00000000e+000
0.00000000e+000
3.49478636e-001
-4.77360855e-001
-1.96506679e-001
1.82317773e-001
-6.59617044e-001
7.42149657e-003
-5.87340317e-002
-1.99125358e-002
3.38803077e-001
0.00000000e+000
4.59053611e-001
3.44685551e-002
-9.77319424e-001
1.14279608e-001
6.88394608e-001
1.93198998e-001
1.27722344e-001
-6.55641299e-001
-4.07087207e-001
-1.62936861e-002
-4.76206639e-002
0.00000000e+000
0.00000000e+000
0.00000000e+000
2.50599133e-001
-5.72618716e-001
-1.16184683e-002
1.02925099e-001
-6.75460127e-001
2.00053693e-001
1.37871474e-001
1.81861351e-001
-4.43612317e-002
0.00000000e+000
2.65995076e-001
-2.40569236e-001
-4.59764806e-002
1.63961465e-001
-2.85440108e-001
2.46094587e-001
2.46751508e-001
-3.33597596e-001
3.03470905e-003
3.62873204e-001
-1.15834742e+000
0.00000000e+000
0.00000000e+000
0.00000000e+000
3.05227872e-001
-5.81445644e-001
-4.54990703e-001
6.43978278e-002
-4.81513373e-001
2.53682956e-001
4.03581811e-001
-2.54303871e-001
3.21648895e-002
0.00000000e+000
6.72538690e-001
-3.15547149e-002
-9.16966758e-001
2.28389675e-001
3.02136159e-001
5.48234303e-003
-2.05281841e-001
-6.26104820e-001
-2.37764505e-001
3.63976587e-001
-1.38758649e-001
0.00000000e+000
0.00000000e+000
0.00000000e+000
1.19962955e-001
-8.78946326e-001
1.49357730e-001
1.70508583e-001
-6.94079322e-001
1.71722342e-001
8.00398987e-002
2.56596657e-001
-1.63608109e-001
0.00000000e+000
9.22944418e-002
-2.13550065e-001
4.76498131e-002
2.92425200e-001
9.23799093e-002
1.08794038e-001
1.43794630e-001
-1.16637610e-001
9.13067298e-002
1.11229855e-001
136
7.15227138e-001
6.03629992e-002
1.91099920e-003
3.04445170e-001
-8.40755819e-004
1.88590060e-001
2.24813619e-004
1.61828909e-001
6.97144070e-004
0.00000000e+000
0.00000000e+000
3.00904694e-001
3.09664983e-001
3.35254748e-001
-2.53748837e-003
-1.72005485e-001
1.70486247e-002
0.00000000e+000
0.00000000e+000
0.00000000e+000
1.53474930e-001
3.89455908e-002
1.53407569e-002
1.77509946e-002
8.70968178e-002
4.03420279e-001
0.00000000e+000
0.00000000e+000
-1.47394440e-002
-2.36912456e-001
-2.39942179e-001
9.08707506e-002
3.42077040e-001
5.96760005e-002
9.79338773e-001
-1.17407056e-001
6.36458461e-001
-7.20664433e-001
-2.79899290e-001
-3.27572533e-002
7.85593539e-001
-6.45264194e-001
1.09601110e-001
0.00000000e+000
0.00000000e+000
0.00000000e+000
-6.06182605e-001
-9.97078267e-001
-4.16605125e-002
-1.80102456e-001
-8.75296038e-001
7.61247040e-001
9.28046766e-001
1.36569399e-001
4.99702840e-001
-5.35953832e-001
-6.92450430e-002
-9.04663585e-001
1.27709424e-002
-2.36439964e-001
-3.07129444e-001
-1.07498395e+000
-5.25659863e-002
1.64527734e-001
3.64986573e-002
-3.12067115e-001
3.29889287e-001
1.63535709e-001
3.37534967e-002
1.86472251e-001
-3.91115574e-001
3.93632453e-001
1.08216692e-001
-1.92199819e-001
1.98675018e-001
-6.73927158e-002
0.00000000e+000
0.00000000e+000
0.00000000e+000
0.00000000e+000
0.00000000e+000
0.00000000e+000
0.00000000e+000
0.00000000e+000
0.00000000e+000
0.00000000e+000
-3.16508124e-001
-7.57633615e-001
-7.21996479e-001
0.00000000e+000
0.00000000e+000
0.00000000e+000
7.25849058e-001
-1.87333595e+000
7.65370268e-002
5.74922241e-001
-2.31843783e+000
5.60344305e-001
5.94652748e-001
5.92748521e-001
1.81603768e-001
0.00000000e+000
9.79060863e-001
2.61786503e-001
-1.13232159e+000
4.85259308e-001
7.70171719e-001
3.90284230e-001
2.51523994e-001
-1.89728705e+000
-5.50112118e-001
6.04753776e-001
-1.01468676e+000
0.00000000e+000
0.00000000e+000
0.00000000e+000
4.17965244e-001
-1.51280929e+000
-1.42519051e-001
6.25275445e-001
-2.06240943e+000
6.47754453e-001
7.43920093e-001
-5.74058671e-003
2.56333278e-001
0.00000000e+000
1.08527764e+000
2.76969223e-001
-1.07397307e+000
6.54173167e-001
-1.09749987e-001
1.10738877e-001
2.18292986e-001
-1.46858009e+000
-2.76461858e-001
6.00856199e-001
20 2
-7.2836e-001 3.6286e-001
7 5
0 1 3 5 2 8 17 
217
7.36037938e-002
1.93113512e-001
-9.80940999e-002
-4.14008859e-002
-1.44800431e-002
3.78243044e-002
5.68143744e-003
-3.09868736e-002
1.54806859e-002
1.83640679e-001
1.41382677e-001
8.23103098e-002
-7.44609639e-002
-1.50926495e-001
-3.78941024e-002
4.69388861e-003
8.85088147e-002
2.80745980e-001
-3.53324428e-003
5.66372764e-002
-2.45074421e-001
4.94300120e-003
4.96767075e-002
7.58263378e-002
1.49953591e-003
8.99861117e-002
0.00000000e+000
0.00000000e+000
1.37390943e-001
-6.00718630e-002
1.38141072e-002
-9.71569408e-003
6.94862275e-002
-7.72999269e-002
0.00000000e+000
0.00000000e+000
0.00000000e+000
-3.61748888e-002
-7.80785312e-002
-5.41952381e-002
-8.78284102e-002
-1.20159882e-001
7.72041978e-002
3.72836546e-001
0.00000000e+000
-5.30218628e-001
7.00164108e-002
8.21702467e-003
-1.77001919e-001
-6.60782642e-001
3.32264765e-001
6.95350338e-001
-9.70697427e-002
5.34953057e-001
-3.14735829e-001
2.22562505e-001
0.00000000e+000
3.13063510e-001
-4.97247536e-001
2.58716578e-001
1.23990528e-001
-3.41789161e-001
2.91402427e-001
-7.71993355e-002
-6.91058613e-001
-1.20417303e+000
5.97851512e-001
2.56168346e-001
2.44010230e-001
7.44193060e-001
-1.83645514e-001
-5.17894949e-001
-6.02262314e-001
4.29943899e-001
-6.94253673e-001
3.45200358e-001
1.43913515e-001
0.00000000e+000
-7.37138077e-002
-4.58919037e-001
-8.26583015e-002
4.14121307e-001
2.62537297e-001
-1.84548843e-002
0.00000000e+000
-2.62154651e-001
-6.53736173e-001
2.38380905e-001
-5.44822056e-001
9.73775399e-002
-5.28430270e-002
1.39261064e-001
9.90097183e-002
-3.02535904e-001
9.19795681e-002
-1.07120413e-001
-2.56646557e-001
-2.33650775e-001
1.25230035e-001
2.52663988e-001
-7.94564959e-002
-7.81944856e-002
-3.89872004e-002
-2.26095743e-001
-2.43519960e-001
0.00000000e+000
-2.87602774e-002
-6.68224161e-002
4.12687976e-002
-2.47138322e-001
6.10952736e-002
-2.64248254e-001
0.00000000e+000
0.00000000e+000
0.00000000e+000
0.00000000e+000
0.00000000e+000
0.00000000e+000
0.00000000e+000
-6.23030533e-001
-1.04195207e+000
-9.84932846e-001
0.00000000e+000
0.00000000e+000
0.00000000e+000
2.49943875e-001
-3.53320697e-001
-2.31644938e-001
1.64470702e-001
-5.30909567e-001
1.02783580e-002
1.53505012e-001
9.54785438e-002
1.81347695e-001
0.00000000e+000
3.20448753e-001
-2.66552144e-002
-7.35442383e-001
1.00719724e-001
5.28962144e-001
8.62387334e-002
6.85405969e-002
-5.72153948e-001
-4.42992066e-001
-5.17481695e-002
-4.99606349e-002
0.00000000e+000
0.00000000e+000
0.00000000e+000
2.83592223e-001
-5.87925802e-001
9.73928155e-002
1.35789972e-001
-6.81911030e-001
1.90193051e-001
7.55404676e-002
9.00264656e-002
3.32562598e-002
0.00000000e+000
2.79406657e-001
-1.85494402e-001
-1.61317648e-001
2.10707786e-001
-1.68434478e-001
2.46924058e-001
2.06176301e-001
-4.68639126e-001
2.10275106e-003
3.52653044e-001
-8.56742981e-001
0.00000000e+000
0.00000000e+000
0.00000000e+000
5.35003450e-002
-5.42014956e-001
-2.33638207e-001
1.31126554e-002
-4.44542241e-001
2.06251704e-001
3.72392934e-001
-1.44564555e-001
2.09628460e-003
0.00000000e+000
7.06094992e-001
-3.99970312e-002
-6.73767997e-001
2.17902874e-001
2.29628660e-001
-1.11883589e-001
-1.77215996e-001
-4.51952324e-001
-9.76943501e-002
2.59547816e-001
-2.13771082e-001
0.00000000e+000
0.00000000e+000
0.00000000e+000
1.95750766e-001
-8.83357412e-001
3.45408083e-002
1.92348998e-001
-6.62371512e-001
1.70540855e-001
9.29216048e-002
1.77631676e-001
-1.48523227e-001
0.00000000e+000
1.08403617e-001
-1.86279723e-001
-6.57578252e-002
3.24363349e-001
1.09619060e-001
1.16109931e-001
1.24779702e-001
-1.65013821e-001
7.92227581e-002
1.71299313e-001
136
6.33442182e-001
3.82906714e-002
1.29308973e-003
2.89587177e-001
-1.03447630e-003
1.54918395e-001
8.11153038e-004
1.50645939e-001
4.33300193e-004
0.00000000e+000
0.00000000e+000
2.55156602e-001
2.90666308e-001
2.85999786e-001
-1.56521124e-002
-1.49938296e-001
5.09723924e-002
0.00000000e+000
0.00000000e+000
0.00000000e+000
1.24568002e-001
4.51755860e-002
6.15059798e-002
3.73197037e-003
-1.68939853e-003
2.83328471e-001
1.18013307e-001
0.00000000e+000
4.43539902e-002
-2.65587161e-001
-2.52498299e-001
1.41898405e-001
3.87777852e-001
1.19585831e-002
9.55925575e-001
-1.31339370e-001
5.95044345e-001
-7.24674331e-001
-3.09323054e-001
-4.75736536e-002
7.74006412e-001
-6.89408384e-001
1.44073008e-001
0.00000000e+000
0.00000000e+000
0.00000000e+000
-6.76692212e-001
-1.02922544e+000
-4.74498904e-002
-1.99051696e-001
-8.02078209e-001
7.91779711e-001
9.71196534e-001
1.58416230e-001
5.01094851e-001
-5.45051657e-001
-7.16196835e-002
-9.73595932e-001
-1.17824779e-002
-2.42440146e-001
-3.49980657e-001
-1.12160086e+000
-1.63036106e-001
1.29096206e-001
1.43063214e-002
-3.06321248e-001
3.54493688e-001
1.69885985e-001
-3.78153322e-002
2.07641449e-001
-4.55942661e-001
3.53566824e-001
5.07818394e-002
-1.19946542e-001
1.58391648e-001
-1.24750070e-001
0.00000000e+000
5.13122171e-001
6.70951629e-002
1.23376108e-001
7.71237731e-002
0.00000000e+000
0.00000000e+000
0.00000000e+000
0.00000000e+000
0.00000000e+000
-3.33388915e-001
-8.13504437e-001
-7.34395327e-001
0.00000000e+000
0.00000000e+000
0.00000000e+000
7.40963363e-001
-1.90426051e+000
3.97924909e-002
5.61721121e-001
-2.35841837e+000
5.84510188e-001
5.76939171e-001
5.80875913e-001
1.70655336e-001
0.00000000e+000
9.78393035e-001
2.95510508e-001
-1.13732978e+000
4.83944894e-001
7.65375036e-001
4.41169266e-001
2.82649240e-001
-1.92649915e+000
-5.38645325e-001
6.28258243e-001
-1.05696446e+000
0.00000000e+000
0.00000000e+000
0.00000000e+000
4.03297275e-001
-1.51321250e+000
-1.20021826e-001
6.37362052e-001
-2.10099248e+000
6.53224497e-001
7.65263866e-001
8.30457552e-003
2.45551850e-001
0.00000000e+000
1.06740449e+000
2.45039844e-001
-1.07266398e+000
6.39263242e-001
-8.16289170e-002
1.05917797e-001
2.02271392e-001
-1.46187977e+000
-2.73681190e-001
5.94215326e-001
4 1
-6.1273e-001 3.6112e-001
8 0
0 1 3 5 2 8 17 20 
217
-4.12124614e-002
-6.58089000e-002
3.40040489e-001
-5.46209000e-002
2.76618201e-001
-4.75143334e-001
-2.33734313e-001
-1.39762131e-001
-3.24395917e-001
1.22559273e-001
1.44171505e-001
5.65101915e-002
9.61280627e-002
1.38133273e-001
2.61720278e-001
-1.69509266e-003
-2.88292792e-001
3.26392770e-002
-1.33052112e-003
-1.32174752e-001
-1.87724113e-001
2.86564594e-003
-1.14590802e-002
-1.47847904e-001
2.39056622e-004
6.87245165e-002
0.00000000e+000
0.00000000e+000
-4.12344381e-001
-2.33701865e-001
-1.30654420e-001
3.78936654e-002
3.96887353e-001
3.00707185e-001
0.00000000e+000
0.00000000e+000
0.00000000e+000
-1.46277448e-001
-8.02938851e-002
-6.90139798e-002
-7.56573211e-002
9.12960876e-002
1.32253464e-001
1.06480620e-001
0.00000000e+000
-5.68202125e-001
2.67693272e-001
2.50368889e-003
-5.92594587e-002
-6.46928011e-001
4.52663258e-001
6.39908050e-001
0.00000000e+000
4.16334866e-001
-4.66259439e-001
2.35801815e-001
0.00000000e+000
9.74322624e-003
-3.57777146e-001
1.24728960e-001
-2.00442445e-002
-3.02122930e-001
2.80954713e-001
1.58928713e-001
-4.14031645e-001
-9.10305223e-001
2.16060486e-001
2.36310948e-001
-2.17001550e-003
-2.60433642e-002
-6.25900040e-001
-3.14574880e-001
-3.61007504e-001
6.58512180e-001
-5.45748771e-001
2.40750280e-001
2.83346429e-001
5.35436895e-002
-2.69228375e-001
-4.54149208e-001
-1.60616840e-002
1.52702638e-001
1.90533908e-001
-1.19828112e-001
0.00000000e+000
1.13735984e-001
1.31021806e-001
5.97982395e-002
-1.98437970e-001
-1.89389376e-001
-1.08692025e-001
2.82535332e-002
-2.38898678e-001
-3.36037781e-001
1.70081750e-001
-6.57173640e-002
-6.49066231e-004
-9.54651773e-002
-2.88057820e-002
-1.27938137e-001
-1.11879569e-001
3.25488492e-002
-1.30136956e-001
8.29826087e-002
-9.85164255e-002
0.00000000e+000
-6.28805692e-002
8.51183376e-002
1.76958542e-001
-1.40417689e-001
-1.24921292e-001
-6.25600431e-002
0.00000000e+000
-7.95890542e-002
2.50439710e-002
-9.82325913e-003
-1.19003071e-001
7.35571612e-002
9.03581695e-002
-3.98676138e-001
-1.20152315e+000
-7.03718409e-001
0.00000000e+000
0.00000000e+000
0.00000000e+000
5.15327358e-001
-7.32759948e-001
-2.60550780e-001
-2.33372311e-003
-1.05712198e+000
4.20824295e-001
1.73771152e-001
-1.08033038e-001
4.85398339e-001
0.00000000e+000
6.71154281e-001
3.45462999e-001
-1.14325091e+000
3.68601246e-001
5.15458117e-001
-5.06493323e-002
2.23490901e-001
-1.02978863e+000
-5.72456959e-001
5.33738209e-001
-3.56049087e-002
0.00000000e+000
0.00000000e+000
0.00000000e+000
1.66401688e-001
-5.44138744e-001
3.44330799e-002
2.62329154e-001
-8.13718894e-001
8.82400515e-002
1.38067504e-001
2.33596945e-001
-1.37492728e-001
0.00000000e+000
1.73132969e-001
1.20716121e-001
4.14776027e-002
1.24018434e-001
-1.71825535e-001
1.84382144e-001
9.17884321e-002
-3.30400269e-001
1.04430018e-001
1.98957119e-001
-9.72468945e-001
0.00000000e+000
0.00000000e+000
0.00000000e+000
-2.68529350e-003
-9.50798003e-001
-5.20747077e-001
-6.71657335e-002
-8.93127674e-001
3.91273568e-001
6.26758653e-001
-4.73858809e-002
2.67482837e-001
0.00000000e+000
5.49067308e-001
-1.68055235e-001
-1.02836509e+000
4.85496589e-001
8.26456946e-001
1.72600047e-001
-5.50711889e-002
-6.61260989e-001
-1.41812792e-001
2.44870069e-001
-2.48208724e-001
0.00000000e+000
0.00000000e+000
0.00000000e+000
2.57732806e-001
-6.30903387e-001
2.46497552e-001
2.93695487e-001
-8.84555368e-001
1.88110024e-001
1.61062562e-001
2.64289721e-001
-4.56208083e-002
0.00000000e+000
1.24519725e-001
1.21388901e-001
-1.61066682e-001
4.79203730e-002
-3.78481237e-002
6.52757207e-002
9.26938939e-002
-4.46364203e-001
1.19913858e-002
8.29716977e-002
136
3.93761551e-001
-8.28304225e-002
1.12766411e-002
2.30259416e-001
-1.47932167e-003
1.26322423e-001
1.25572385e-003
1.20010135e-001
1.35280787e-004
0.00000000e+000
0.00000000e+000
2.39899486e-001
2.17012961e-001
1.80618769e-001
-7.48030623e-002
-1.44013202e-001
-1.57575863e-002
0.00000000e+000
0.00000000e+000
0.00000000e+000
-5.35034131e-002
2.27652933e-002
1.17332504e-001
1.14575025e-001
6.12892878e-002
-2.65564369e-002
1.58241825e-001
0.00000000e+000
-5.20157992e-002
-1.58794052e-001
-2.27333296e-001
-7.78747070e-002
1.16400663e-001
4.67358082e-002
9.13943530e-001
-3.92859425e-003
5.37691137e-001
-6.42421755e-001
-2.09551529e-001
-8.29421599e-002
6.00975118e-001
-6.51372796e-001
2.84632518e-001
0.00000000e+000
0.00000000e+000
0.00000000e+000
-5.99012492e-001
-9.71968298e-001
2.06655611e-002
-1.70158546e-001
-9.15030876e-001
4.37840359e-001
6.00082764e-001
1.14497688e-001
3.72030478e-001
-5.82112275e-001
-4.04050322e-002
-7.16331391e-001
-1.55422781e-004
-1.54442661e-001
-2.46818383e-001
-7.97441203e-001
3.38333788e-002
2.05846862e-001
3.84651899e-002
-4.80995158e-001
2.83168532e-001
1.04194592e-001
-1.05002703e-001
1.75362752e-001
-3.86922428e-001
2.65631464e-001
-4.22993007e-002
-1.93261332e-001
1.30042302e-001
-1.30868335e-001
4.00936072e-002
3.67438001e-001
6.58197532e-002
9.06073544e-002
-1.56599154e-002
4.12250874e-002
4.00859407e-001
1.97287436e-002
1.34361629e-001
-1.00445567e-001
-3.03455156e-001
-7.95505301e-001
-7.60595030e-001
0.00000000e+000
0.00000000e+000
0.00000000e+000
7.82427459e-001
-1.96880977e+000
8.96449515e-002
5.54197552e-001
-2.42221820e+000
5.49770772e-001
5.82552340e-001
6.40136946e-001
1.66552605e-001
0.00000000e+000
9.30458301e-001
1.42349026e-001
-1.13005323e+000
4.44167390e-001
8.27197459e-001
5.14701257e-001
3.47065769e-001
-1.88447349e+000
-5.26671433e-001
6.00409264e-001
-1.09267228e+000
0.00000000e+000
0.00000000e+000
0.00000000e+000
4.17511217e-001
-1.56195771e+000
-1.22010575e-001
6.83906833e-001
-2.08395229e+000
5.86871621e-001
6.96017193e-001
8.94119550e-003
2.02717637e-001
0.00000000e+000
1.03984507e+000
2.53483189e-001
-9.38847899e-001
6.66673016e-001
-2.23432757e-001
1.05449355e-001
2.06278022e-001
-1.42424232e+000
-2.28030543e-001
6.22107470e-001
7 1
-7.0405e-001 3.7407e-001
8 0
0 1 3 5 2 8 17 20 
217
4.43445307e-002
-1.90650423e-001
3.28419970e-001
-1.63733598e-001
5.06308158e-001
-7.34500992e-001
-2.75648913e-001
-1.09143753e-001
-2.56876146e-001
1.66930537e-001
-1.28753919e-001
1.28104842e-001
1.99315350e-001
2.75340400e-001
2.04269187e-001
-2.19746388e-004
-3.70808348e-001
-1.56518017e-002
-1.05419943e-003
-1.56415156e-001
-7.44161619e-002
1.77102839e-003
-9.24222832e-002
-6.98566930e-002
2.93374091e-004
-3.20247413e-002
0.00000000e+000
0.00000000e+000
-3.92679415e-001
-2.73707188e-001
-4.99182954e-002
7.40009119e-002
3.65489804e-001
3.21158714e-001
0.00000000e+000
0.00000000e+000
0.00000000e+000
-2.09119572e-001
-7.41888631e-002
-1.69328708e-002
-2.69680482e-002
8.62601545e-002
1.22306156e-001
1.62987575e-001
0.00000000e+000
-4.80204079e-001
2.38804885e-001
-1.98080267e-002
-9.50163264e-002
-5.83211745e-001
5.30027093e-001
5.78194443e-001
0.00000000e+000
3.58752213e-001
-4.02487486e-001
2.08558081e-001
0.00000000e+000
1.03506216e-001
-4.04193318e-001
2.10527101e-001
-1.43782801e-002
-2.94153813e-001
3.52876624e-001
1.37361614e-001
-4.69331288e-001
-7.69140115e-001
3.29979469e-001
1.70572018e-001
4.63347353e-002
1.04716892e-001
-5.94284943e-001
-3.00993299e-001
-4.04571938e-001
7.00279526e-001
-5.47365754e-001
2.39343246e-001
2.56502268e-001
0.00000000e+000
-2.48506877e-001
-4.92149402e-001
8.28842121e-002
1.36291309e-001
1.88315943e-001
-1.61784977e-001
0.00000000e+000
1.68786244e-001
-1.14061890e-001
2.37687426e-002
-1.52620613e-001
-1.48210456e-001
-1.36796106e-001
7.57401706e-002
-3.12806240e-001
-3.13174896e-001
2.39098557e-001
-1.30080541e-001
4.23120434e-002
-3.41278780e-002
1.50478791e-002
-1.11128557e-001
-1.38604771e-001
1.28571833e-001
-1.40643212e-001
1.18533751e-002
-1.79997626e-001
0.00000000e+000
-5.45687165e-002
3.41882084e-001
1.53575252e-001
-1.00748045e-001
-5.23559497e-002
-1.00678963e-001
0.00000000e+000
-4.36256181e-002
3.60483131e-002
2.31976723e-002
-6.82965165e-002
6.47724765e-002
4.03470356e-002
-2.07607332e-001
-1.24167379e+000
-6.24849839e-001
0.00000000e+000
0.00000000e+000
0.00000000e+000
4.70363861e-001
-7.98048380e-001
-4.46552216e-001
2.20618748e-001
-1.25623616e+000
5.75477661e-001
5.37641750e-001
-1.02737304e-001
5.39887745e-001
0.00000000e+000
7.14744415e-001
5.88717353e-001
-1.28710094e+000
2.40909874e-001
5.08434547e-001
-6.20262812e-002
1.32031897e-001
-1.14834162e+000
-5.39140188e-001
4.86505393e-001
-1.93173443e-002
0.00000000e+000
0.00000000e+000
0.00000000e+000
2.62734101e-001
-5.03639556e-001
1.35561363e-001
1.29276249e-001
-8.49267920e-001
1.68230379e-002
8.64622963e-002
1.91600681e-001
-1.13751068e-001
0.00000000e+000
2.01208724e-001
-1.36025167e-001
1.12818382e-001
1.57043040e-001
-2.00675510e-001
2.36815843e-001
1.24234606e-001
-1.98607775e-001
7.51737701e-002
2.52897558e-001
-1.07263375e+000
0.00000000e+000
0.00000000e+000
0.00000000e+000
-7.91167773e-002
-9.49149546e-001
-7.55819505e-002
1.28222651e-001
-7.65787893e-001
1.00654739e+000
4.77752005e-001
1.96057382e-002
2.42545512e-001
0.00000000e+000
4.63548397e-001
-2.38332508e-001
-1.36280008e+000
6.55140104e-001
1.04364595e+000
3.13392302e-002
-1.77434262e-001
-1.07415406e+000
-2.88721904e-001
-1.29901754e-001
-1.66159359e-001
0.00000000e+000
0.00000000e+000
0.00000000e+000
2.72255009e-001
-2.05129338e-001
1.64267579e-001
1.31962653e-001
-7.37604567e-001
5.34723849e-002
8.53153337e-002
1.32032512e-001
-2.23941996e-001
0.00000000e+000
1.32984468e-001
8.33127673e-002
6.01531152e-003
-7.65098838e-002
-3.23829770e-001
6.94677730e-002
1.34758440e-001
-5.62529693e-002
-9.90538826e-004
1.92255472e-001
136
4.91981128e-001
-8.96686782e-002
1.22894857e-002
2.55229381e-001
-1.27219597e-003
1.80618569e-001
7.45159642e-004
1.45801855e-001
2.01288068e-004
0.00000000e+000
0.00000000e+000
2.26073051e-001
2.32856430e-001
2.03574263e-001
-5.03971599e-002
-1.30102811e-001
2.19547414e-002
0.00000000e+000
0.00000000e+000
0.00000000e+000
-2.98520981e-002
4.31096235e-002
1.24144971e-001
1.28121715e-001
4.93072591e-002
-3.55116454e-004
1.77504773e-001
0.00000000e+000
5.93734285e-006
-2.40938930e-001
-2.38550845e-001
-6.73475346e-002
2.95890653e-001
-1.53445627e-002
9.61307715e-001
-5.32490642e-002
5.46358199e-001
-7.01972895e-001
-2.66639030e-001
-9.55015431e-002
7.33494135e-001
-6.92454947e-001
3.26923839e-001
0.00000000e+000
0.00000000e+000
0.00000000e+000
-7.30173293e-001
-1.13663618e+000
-1.40078320e-002
-2.35157692e-001
-9.33303966e-001
5.80994645e-001
7.78656138e-001
1.59880288e-001
4.33583549e-001
-5.39072508e-001
-8.07845133e-002
-8.74202113e-001
-4.77159691e-002
-2.08153100e-001
-3.17836821e-001
-9.73707803e-001
-6.35336490e-002
1.76943884e-001
2.55071381e-002
-4.54288212e-001
3.01578359e-001
1.43744721e-001
-8.75008715e-002
1.72680053e-001
-3.82133851e-001
3.08535586e-001
-4.08649369e-002
-1.99521087e-001
1.28052602e-001
-1.21081747e-001
7.38455136e-002
4.47464678e-001
7.51761118e-002
1.04741433e-001
7.83153437e-004
7.71737389e-002
5.13170146e-001
5.68893078e-002
1.50599408e-001
-8.74502379e-002
-3.22394817e-001
-7.92854526e-001
-7.80782404e-001
0.00000000e+000
0.00000000e+000
0.00000000e+000
7.21541964e-001
-1.94847875e+000
9.11413489e-002
5.50521843e-001
-2.39923711e+000
5.44098825e-001
5.34005831e-001
6.31373084e-001
1.84840668e-001
0.00000000e+000
9.55501414e-001
1.57833296e-001
-1.12377081e+000
4.76141537e-001
8.23729083e-001
5.42715057e-001
3.60000260e-001
-1.90000352e+000
-5.51365417e-001
5.68628994e-001
-1.09735913e+000
0.00000000e+000
0.00000000e+000
0.00000000e+000
4.48762609e-001
-1.66132902e+000
-2.09697475e-001
6.90911166e-001
-2.18633636e+000
4.90354726e-001
7.43496843e-001
3.99277435e-002
2.60774154e-001
0.00000000e+000
1.03896299e+000
2.66887208e-001
-9.55648789e-001
6.83517988e-001
-1.46521409e-001
1.55868590e-001
2.18676263e-001
-1.38692705e+000
-1.91564921e-001
6.02525607e-001
29 2
-1.0431e+000 3.9938e-001
8 5
0 1 3 5 2 8 17 20 
217
4.12977255e-001
1.00929817e-001
-2.66303523e-001
-1.42292219e-001
5.45948271e-002
9.07883629e-003
1.59133568e-001
-8.97334799e-003
1.24306452e-001
-1.50014319e-001
1.52954301e-002
-5.75255349e-002
5.96469778e-002
-1.49541936e-001
-3.27437740e-002
3.62152407e-004
1.43519889e-001
2.70714282e-001
1.37882361e-003
6.91568028e-003
1.62369436e-001
-3.45129528e-003
1.37332515e-001
1.26373110e-002
3.22445104e-004
4.74762876e-002
0.00000000e+000
0.00000000e+000
3.03156347e-001
-3.23471362e-002
1.77698552e-001
-5.50366715e-002
-1.41853719e-001
1.61359882e-001
0.00000000e+000
0.00000000e+000
0.00000000e+000
-3.16646938e-001
-1.60449294e-001
9.82667306e-002
1.51665088e-001
2.33371921e-001
1.25025216e-001
2.81744531e-001
0.00000000e+000
-6.68602359e-001
4.04135133e-001
-3.26844933e-002
-3.92243164e-001
-7.94062898e-001
6.41375316e-001
7.28629925e-001
-2.36679143e-001
5.27241961e-001
-4.24070169e-001
4.45126106e-001
0.00000000e+000
3.64148363e-001
-6.41389333e-001
6.12133181e-001
1.48528916e-001
-2.56614179e-001
5.21062518e-001
-1.59011358e-001
-6.09941172e-001
-1.39069331e+000
8.87844429e-001
1.19605980e-001
2.94085355e-001
3.77112437e-001
-1.12880079e+000
-1.91477627e-001
-8.77753649e-001
1.00794093e+000
-6.61867224e-001
7.25314741e-001
2.78957540e-001
0.00000000e+000
5.09349053e-002
-5.96876265e-001
7.61036964e-002
2.81322458e-001
3.22406523e-001
-5.64582606e-002
0.00000000e+000
-1.13452541e-001
-5.55102018e-001
3.66839161e-001
-2.99489621e-002
1.59590635e-001
1.26705738e-001
4.44248854e-001
-1.85272093e-001
-4.88557059e-001
1.65136290e-001
-1.66944066e-001
-1.11357970e-002
-1.04295646e-001
3.27822435e-001
-3.89607552e-002
-1.00238515e-001
2.38139781e-001
-3.36122282e-001
-1.14024207e-001
-1.88697708e-001
0.00000000e+000
-1.15063585e-001
-1.51088148e-001
3.22962724e-001
-3.28762172e-001
2.05078115e-001
2.14404329e-001
0.00000000e+000
-7.06659309e-002
3.01257720e-002
1.22799243e-001
-1.23763385e-001
3.60843942e-001
-2.57783419e-002
-4.43496172e-001
-1.04140792e+000
-9.91109264e-001
0.00000000e+000
0.00000000e+000
0.00000000e+000
6.99677391e-001
-6.23994196e-001
-1.48535694e-001
-3.15940237e-001
-1.12364375e+000
7.41841885e-001
5.05513706e-001
1.94935482e-001
1.77749231e-001
0.00000000e+000
9.04643946e-001
-1.00973730e-001
-1.16046752e+000
1.96711411e-001
4.21486079e-001
-1.20678687e-001
-1.32772209e-001
-1.19338908e+000
-6.74777207e-001
7.61503916e-001
1.04923117e-002
0.00000000e+000
0.00000000e+000
0.00000000e+000
8.44600658e-002
-6.50478122e-001
-1.00123616e-001
1.74774109e-001
-4.25195096e-001
-1.95100256e-001
-1.27448285e-002
6.90698560e-002
1.68567761e-001
0.00000000e+000
1.72562199e-001
-6.30232501e-002
4.50666276e-002
2.42078247e-001
-1.85126994e-002
1.19940906e-001
4.00928043e-002
4.81672559e-003
2.62924074e-001
9.13168038e-002
-1.05394461e+000
0.00000000e+000
0.00000000e+000
0.00000000e+000
1.65558506e-001
-6.75000668e-001
-5.05684976e-001
3.53171128e-001
-8.94045291e-001
3.60948294e-001
4.12163108e-001
-3.12816221e-001
7.33120382e-004
0.00000000e+000
8.22807843e-001
2.61874904e-001
-1.18227208e+000
7.89878705e-001
3.71008176e-001
-1.15461629e-001
-3.33918468e-001
-7.66752101e-001
-3.32100462e-001
5.25963499e-001
-1.44995005e-001
0.00000000e+000
0.00000000e+000
0.00000000e+000
1.03922213e-001
-6.54237176e-001
1.79132850e-001
5.90737977e-002
-4.40321441e-001
8.54443067e-002
1.18346962e-001
2.31146989e-001
-3.16722207e-002
0.00000000e+000
8.46143450e-002
-2.22196748e-001
9.70827828e-002
-3.52567987e-002
6.24712589e-003
1.43257448e-001
1.70357508e-001
-1.97152107e-001
1.18106309e-001
3.91088481e-002
136
6.62803091e-001
1.07937041e-001
-2.58384320e-004
3.00389889e-001
-2.13227766e-003
7.79353499e-002
8.86379753e-004
1.76540810e-001
9.31304036e-004
0.00000000e+000
0.00000000e+000
2.74798985e-001
3.15407423e-001
2.95439571e-001
-2.00189100e-002
-9.99280978e-002
1.39412821e-002
0.00000000e+000
0.00000000e+000
0.00000000e+000
1.19467224e-001
8.02827976e-002
1.23125357e-001
1.15303484e-001
8.00398715e-002
-1.36537179e-002
1.58238074e-001
0.00000000e+000
1.02683833e-001
-4.15723223e-001
-3.53576021e-001
1.57699049e-001
8.13559672e-001
-9.29974657e-002
1.18729977e+000
-2.32869156e-001
5.99515654e-001
-9.31102378e-001
-5.47144990e-001
-1.82250415e-001
1.22566086e+000
-9.36868053e-001
2.68915956e-001
0.00000000e+000
0.00000000e+000
0.00000000e+000
-1.13759698e+000
-1.49651466e+000
-1.75401893e-001
-3.78513571e-001
-7.83427696e-001
1.20499828e+000
1.27900121e+000
2.29197047e-001
5.94133036e-001
-4.70477265e-001
-1.82187909e-001
-1.59602837e+000
-1.82173453e-001
-4.41561482e-001
-4.25508821e-001
-1.57969476e+000
-2.58934857e-001
6.10123123e-002
3.56200689e-002
-3.62152221e-001
3.29542391e-001
2.73152126e-001
-3.75368242e-002
2.08723860e-001
-3.56671370e-001
3.06271573e-001
-1.18820048e-002
-1.63953253e-001
1.25727025e-001
-1.23596440e-001
0.00000000e+000
8.09658236e-001
1.34553232e-001
1.75786348e-001
2.00752452e-002
0.00000000e+000
9.27536034e-001
1.21100700e-001
2.10405388e-001
-1.63525043e-002
-3.35095761e-001
-7.94170989e-001
-7.63589601e-001
0.00000000e+000
0.00000000e+000
0.00000000e+000
7.92078022e-001
-1.83396174e+000
1.13501631e-001
6.15194081e-001
-2.31596226e+000
5.65994157e-001
5.60745175e-001
6.08678549e-001
8.35847226e-002
0.00000000e+000
9.23384178e-001
2.46391933e-001
-1.13044768e+000
4.15515222e-001
7.30272704e-001
5.09277775e-001
3.82298134e-001
-2.00082044e+000
-6.01019436e-001
5.71705665e-001
-1.04013432e+000
0.00000000e+000
0.00000000e+000
0.00000000e+000
4.28110721e-001
-1.56806578e+000
-1.47405399e-001
6.08868242e-001
-2.01596462e+000
5.89661900e-001
7.23825502e-001
1.62043997e-002
2.09352260e-001
0.00000000e+000
1.06800035e+000
2.36353044e-001
-9.94085288e-001
6.30224452e-001
-8.46903304e-002
9.92709224e-002
2.31641584e-001
-1.44334506e+000
-2.35799874e-001
6.07708654e-001
