1 2 -999999999 -1 -1
1 2 0 -1 -1
-0.244 0.1412
356
-8.04266719e-01
-4.95747895e-01
-3.08518824e-01
8.64773611e-01
0.00000000e+00
0.00000000e+00
0.00000000e+00
0.00000000e+00
0.00000000e+00
-1.22151937e+00
-1.44553130e-02
2.22969937e-01
1.38463467e-01
2.35887645e-02
3.04873060e-02
8.10697540e-01
0.00000000e+00
0.00000000e+00
0.00000000e+00
0.00000000e+00
0.00000000e+00
0.00000000e+00
0.00000000e+00
0.00000000e+00
0.00000000e+00
0.00000000e+00
0.00000000e+00
0.00000000e+00
0.00000000e+00
0.00000000e+00
0.00000000e+00
0.00000000e+00
0.00000000e+00
0.00000000e+00
0.00000000e+00
0.00000000e+00
0.00000000e+00
0.00000000e+00
0.00000000e+00
0.00000000e+00
0.00000000e+00
0.00000000e+00
0.00000000e+00
0.00000000e+00
0.00000000e+00
0.00000000e+00
0.00000000e+00
0.00000000e+00
0.00000000e+00
0.00000000e+00
0.00000000e+00
9.16668679e-02
6.14729730e-01
0.00000000e+00
0.00000000e+00
0.00000000e+00
0.00000000e+00
0.00000000e+00
-1.12014315e-01
-3.53708914e-02
-1.55825717e-01
3.21222557e-01
4.34187431e-01
-3.72075486e-01
-6.15964508e-01
3.14159111e+00
-3.54649609e-01
-5.45000446e-02
-9.53130483e-01
8.32273080e-03
4.05530015e-01
-5.90299022e-01
-1.56472429e-03
2.82369860e-01
-3.25347689e-01
9.09708369e-03
4.04994112e-02
1.06451048e+00
-1.40324518e-03
-2.81474855e-01
-1.58057500e-01
-3.80095600e-01
-2.66113619e-01
0.00000000e+00
0.00000000e+00
0.00000000e+00
0.00000000e+00
0.00000000e+00
0.00000000e+00
0.00000000e+00
-1.05252738e+00
4.96652265e-02
-1.75105271e+00
-1.70693414e-02
-3.50527609e+00
-1.20847916e+00
-4.69412123e-01
-1.73985563e+00
-5.56607335e-01
-2.13188612e-01
8.64303493e-01
-6.27421693e-01
0.00000000e+00
0.00000000e+00
2.54975174e+00
1.94642078e+00
2.11096352e+00
2.43418233e-01
-5.43705020e-01
-7.03410565e-01
-2.18487357e-01
-1.09321804e+00
2.05216176e-01
9.72883470e-01
3.79461090e-01
-1.38271346e+00
-1.51752226e+00
-1.80690426e+00
0.00000000e+00
0.00000000e+00
0.00000000e+00
0.00000000e+00
0.00000000e+00
0.00000000e+00
-1.20949694e+00
-7.98651640e-01
-4.42968967e-01
-6.34277558e-01
4.01966519e-01
-6.72589091e-02
3.31178844e+00
3.74489047e+00
3.62302200e+00
3.26428636e+00
3.74989756e+00
3.81295970e+00
-6.62028984e-02
3.67720476e-01
-8.06721448e-01
1.01961862e+00
4.19228809e-01
6.12434409e-01
0.00000000e+00
1.56615492e+00
9.65584647e-01
2.15241516e+00
-6.38064667e-01
8.20014503e-01
-2.04439221e-01
0.00000000e+00
0.00000000e+00
0.00000000e+00
0.00000000e+00
0.00000000e+00
0.00000000e+00
0.00000000e+00
-5.99827497e-01
7.52475436e-01
-1.58125370e+00
0.00000000e+00
-5.31659276e-01
-1.58530707e+00
-1.24110548e+00
-1.16538043e+00
-1.77276476e+00
0.00000000e+00
0.00000000e+00
0.00000000e+00
2.14272154e-01
-1.00525227e-01
-2.84135389e+00
-2.74329742e+00
2.42513758e+00
4.63120555e-01
-5.37583034e-01
-2.34745098e-01
2.69820143e+00
0.00000000e+00
-1.19972490e+00
1.60662140e+00
9.02401346e-01
-3.71029321e-01
-9.18666587e-01
4.22377726e-01
2.10755274e-01
-2.50626143e+00
3.10003856e-01
4.27530842e-01
-8.52281669e-01
0.00000000e+00
0.00000000e+00
0.00000000e+00
1.09447842e+00
2.40893499e+00
9.19504493e-01
1.49637895e+00
1.21845051e+00
7.47138871e-02
9.52447204e-01
1.37712199e-01
0.00000000e+00
0.00000000e+00
9.30560658e-01
-9.08823740e-02
0.00000000e+00
1.35154006e-01
1.51472429e+00
-1.30881226e-01
8.59071222e-01
0.00000000e+00
1.37011388e+00
4.66976302e-01
-5.75727112e-01
-9.99340905e-02
7.58731108e-01
8.18012698e-01
-4.06841111e-01
6.43572147e-01
1.97484550e-02
0.00000000e+00
5.67073628e-02
0.00000000e+00
0.00000000e+00
0.00000000e+00
3.62693556e-01
-1.78362763e+00
-4.64388878e-01
6.43369713e-01
6.83122197e-01
-1.07415950e+00
-4.82080088e-01
-6.96704753e-01
0.00000000e+00
0.00000000e+00
8.74563349e-01
-1.29683633e+00
0.00000000e+00
2.16589050e-01
-5.74783892e-01
-7.15721077e-01
2.44130630e-01
0.00000000e+00
1.60457866e+00
4.32019245e-01
-4.75793021e-01
2.57954247e+00
1.08912388e+00
3.04080094e-01
-1.19703764e+00
-4.31725186e-01
-1.68989863e-01
-2.49917584e+00
-8.47121016e-01
2.00174294e+00
-1.63123756e+00
0.00000000e+00
-7.65312458e-01
2.78637691e+00
0.00000000e+00
0.00000000e+00
-2.75068750e+00
0.00000000e+00
0.00000000e+00
0.00000000e+00
4.24932964e-01
1.04393853e+00
-3.79555699e-01
1.14501407e+00
2.16736909e+00
2.42132253e+00
2.60213871e+00
-8.61299141e-01
0.00000000e+00
0.00000000e+00
1.12454693e+00
-1.01014192e+00
0.00000000e+00
1.20580738e+00
7.56557772e-01
3.83585786e-01
1.80064731e+00
0.00000000e+00
5.95445454e-01
3.31755065e-01
-7.97764831e-01
0.00000000e+00
0.00000000e+00
0.00000000e+00
1.52759024e+00
8.01584000e-01
7.64688134e-01
2.68184833e-01
9.24415411e-01
-4.17721019e-01
3.38658714e-01
1.63842067e+00
0.00000000e+00
0.00000000e+00
9.06343520e-01
1.43203191e+00
0.00000000e+00
-5.15046517e-02
2.03949093e+00
9.45963769e-01
4.63568566e-01
0.00000000e+00
8.47498026e-01
1.27066650e+00
-8.09125231e-01
-1.69398184e-01
0.00000000e+00
-1.06350239e-01
8.72790134e-02
1.59372840e+00
5.50527230e-01
0.00000000e+00
1.85295946e-01
0.00000000e+00
0.00000000e+00
0.00000000e+00
-5.54929385e-01
9.09388222e-01
-2.19500825e-01
-8.39874537e-01
-2.08154896e-02
1.05991614e+00
2.64726023e-01
4.37616301e-01
0.00000000e+00
0.00000000e+00
-9.57799671e-01
2.32277385e+00
0.00000000e+00
-2.90269443e-02
-1.87312232e-01
3.84124744e-01
5.48541822e-01
0.00000000e+00
-8.74190579e-01
-9.90069808e-01
-6.39727047e-01
0.00000000e+00
2.28000989e+00
2.15452406e+00
-1.94156227e+00
-1.41590888e+00
0.00000000e+00
0.00000000e+00
-6.87109728e-01
1.49189615e+00
-1.89080511e+00
0.00000000e+00
-5.25653386e-01
0.00000000e+00
0.00000000e+00
5.87831347e-01
247
-4.41216249e-01
-3.09643132e-01
-1.31573117e-01
-3.99135685e-01
8.94925528e-02
0.00000000e+00
1.33968465e+00
1.69503675e+00
0.00000000e+00
0.00000000e+00
1.27028581e-01
1.10230654e+00
-3.50293448e+00
3.23455862e+00
0.00000000e+00
0.00000000e+00
0.00000000e+00
0.00000000e+00
0.00000000e+00
0.00000000e+00
0.00000000e+00
0.00000000e+00
0.00000000e+00
0.00000000e+00
0.00000000e+00
0.00000000e+00
0.00000000e+00
0.00000000e+00
0.00000000e+00
0.00000000e+00
0.00000000e+00
0.00000000e+00
0.00000000e+00
0.00000000e+00
0.00000000e+00
0.00000000e+00
0.00000000e+00
0.00000000e+00
0.00000000e+00
0.00000000e+00
0.00000000e+00
1.81261079e+00
-1.85782007e-02
1.45667559e-01
-9.00133089e-03
-3.71091129e-01
-1.04613357e-02
-2.02840347e+00
-3.74207822e-03
-4.96836984e-01
-1.59089831e-01
2.14710566e-01
0.00000000e+00
0.00000000e+00
0.00000000e+00
0.00000000e+00
0.00000000e+00
0.00000000e+00
0.00000000e+00
5.36122252e+00
2.45022729e+00
0.00000000e+00
1.95338059e-01
5.33858681e-01
-3.62975549e-01
5.11288819e-01
-8.22329751e-01
9.42962062e-01
5.95380071e-01
3.65645087e-01
2.19370060e+00
-4.13275975e-01
0.00000000e+00
0.00000000e+00
0.00000000e+00
0.00000000e+00
0.00000000e+00
0.00000000e+00
0.00000000e+00
-3.77576895e-01
5.87524855e-01
4.87090197e-01
-3.26143332e-01
-1.81397912e+00
-1.44835925e+00
7.07996130e+00
6.17511668e+00
5.03893421e+00
6.43040566e+00
5.98914715e+00
4.42476471e+00
0.00000000e+00
9.27081913e-01
1.30240212e+00
8.40459090e-01
0.00000000e+00
0.00000000e+00
0.00000000e+00
1.00887444e+00
9.04964785e-01
3.65581508e-01
1.38666605e+00
-1.60931187e+00
2.30857871e-01
0.00000000e+00
0.00000000e+00
0.00000000e+00
-6.72074119e-01
-9.20524604e-02
-4.68191458e+00
0.00000000e+00
-2.07543867e+00
9.54914486e-01
-2.86721028e+00
-2.42332619e-02
-1.12052418e+00
0.00000000e+00
0.00000000e+00
0.00000000e+00
1.01858194e+00
0.00000000e+00
6.85480768e-01
1.01577225e+00
4.16340316e+00
6.03561775e-01
6.07237519e-01
5.19114677e-01
2.07309928e+00
0.00000000e+00
-7.27194620e-01
1.30646608e+00
-8.91383595e-01
1.13456820e+00
-1.08412119e+00
9.22966555e-01
1.83705828e+00
0.00000000e+00
7.06527068e-01
1.45004082e+00
2.38615862e-01
-2.88724234e-01
-5.80966369e-01
4.64606313e-01
1.35304402e+00
-1.72073166e+00
0.00000000e+00
0.00000000e+00
0.00000000e+00
0.00000000e+00
0.00000000e+00
0.00000000e+00
1.84680380e+00
7.36787161e-01
4.82789705e+00
0.00000000e+00
0.00000000e+00
0.00000000e+00
0.00000000e+00
2.05028814e+00
0.00000000e+00
0.00000000e+00
0.00000000e+00
1.16642895e+00
0.00000000e+00
0.00000000e+00
0.00000000e+00
0.00000000e+00
0.00000000e+00
5.27340096e-01
-2.03313154e+00
-2.78549579e+00
-9.23070792e-01
-1.35914004e+00
-1.78671444e+00
0.00000000e+00
1.39048443e+00
0.00000000e+00
4.27574390e-01
-4.40649613e+00
-2.04082955e+00
-4.65129883e-01
-2.89144354e+00
0.00000000e+00
0.00000000e+00
0.00000000e+00
3.11849270e-01
0.00000000e+00
6.70771118e-01
-9.74542870e-01
2.41629395e+00
2.89725457e-02
-3.50525183e-01
7.76620232e-01
1.58900564e+00
0.00000000e+00
8.36659077e-01
8.01032904e-01
-5.61898505e-01
9.96155228e-01
-1.79804419e-01
2.75519141e-01
-9.13250199e-02
0.00000000e+00
1.14519499e+00
8.71329308e-01
-1.30304536e+00
-1.82176592e+00
0.00000000e+00
1.81369831e+00
2.87615055e+00
-7.31050028e-01
0.00000000e+00
0.00000000e+00
0.00000000e+00
6.44773531e-01
0.00000000e+00
0.00000000e+00
0.00000000e+00
0.00000000e+00
0.00000000e+00
0.00000000e+00
1.40355119e+00
0.00000000e+00
0.00000000e+00
0.00000000e+00
2.87295951e+00
0.00000000e+00
0.00000000e+00
2.48541299e+00
1.81135217e+00
0.00000000e+00
0.00000000e+00
0.00000000e+00
1.50723526e+00
5.18720559e-01
0.00000000e+00
-1.18341800e+00
-2.03184968e-01
-1.58839818e+00
-1.04544436e+00
0.00000000e+00
0.00000000e+00
0.00000000e+00
-5.42953821e-01
0.00000000e+00
0.00000000e+00
-1.22282346e+00
8 -999999999 7 1 -1
3 0 2 1 -1
-1.0312e+00 6.9628e-01
356
6.35930715e-01
0.00000000e+00
0.00000000e+00
0.00000000e+00
0.00000000e+00
0.00000000e+00
0.00000000e+00
0.00000000e+00
0.00000000e+00
0.00000000e+00
0.00000000e+00
0.00000000e+00
0.00000000e+00
0.00000000e+00
0.00000000e+00
0.00000000e+00
6.25288722e-01
1.06419931e-02
-4.94771974e-02
0.00000000e+00
0.00000000e+00
0.00000000e+00
0.00000000e+00
0.00000000e+00
0.00000000e+00
0.00000000e+00
0.00000000e+00
0.00000000e+00
-1.20550557e+00
1.03361592e-01
1.05266678e+00
-9.79162714e-02
7.33846986e-01
3.09837305e-01
4.47669309e-01
2.27950515e+00
4.97042027e-01
-3.77152399e-01
-2.11858993e-01
-3.06011769e-02
6.39846559e-01
0.00000000e+00
0.00000000e+00
0.00000000e+00
0.00000000e+00
0.00000000e+00
0.00000000e+00
0.00000000e+00
0.00000000e+00
0.00000000e+00
0.00000000e+00
-6.87026992e-01
2.49801687e-01
0.00000000e+00
0.00000000e+00
0.00000000e+00
0.00000000e+00
0.00000000e+00
2.10471985e-01
3.92693541e-01
8.46646171e-01
-1.06867023e+00
-2.48332894e-01
3.25459307e-01
4.70019472e-03
1.01064479e-01
-1.77554743e-01
-3.12673504e-01
-1.32912183e-01
-2.73959294e-02
-1.42865749e-01
6.62290492e-01
1.01972231e-02
-8.06749571e-01
-4.06858179e-01
1.63354525e-03
1.50888656e-01
5.13410585e-01
-5.30781529e-04
-1.09537739e-01
-7.64062302e-02
9.82755765e-05
7.12238669e-01
0.00000000e+00
0.00000000e+00
0.00000000e+00
0.00000000e+00
0.00000000e+00
0.00000000e+00
0.00000000e+00
0.00000000e+00
0.00000000e+00
0.00000000e+00
0.00000000e+00
-7.56594848e-01
4.31196179e-01
0.00000000e+00
0.00000000e+00
-7.77082670e-02
-8.72820923e-02
1.16688578e-01
4.89037651e-02
8.93164333e-01
7.28130473e-02
2.68448197e+00
2.89837706e+00
3.83686731e+00
8.25051753e-01
-3.17013082e-01
1.38457545e-01
-3.93578376e-01
-1.93663410e+00
9.71202712e-01
3.49176786e-01
-2.13824523e-01
-2.78847953e-01
1.49689792e+00
0.00000000e+00
0.00000000e+00
0.00000000e+00
0.00000000e+00
0.00000000e+00
0.00000000e+00
0.00000000e+00
-1.88970993e+00
-1.63134350e-01
4.33413193e-01
4.52430852e-01
-8.54977946e-01
-2.40468166e-01
3.05229396e+00
4.18785264e+00
4.31212260e+00
4.67706405e+00
3.08575188e+00
3.65138032e+00
2.43700346e-01
1.10851450e-01
8.41318333e-01
1.34228887e+00
5.71433474e-01
-2.86699815e-01
0.00000000e+00
-7.53608010e-02
-2.44291822e-01
-2.97625041e-01
-3.99590775e-01
-2.11794069e+00
2.15315105e+00
0.00000000e+00
0.00000000e+00
0.00000000e+00
0.00000000e+00
0.00000000e+00
0.00000000e+00
0.00000000e+00
-1.51722034e+00
-6.81603689e-01
0.00000000e+00
0.00000000e+00
-4.51744302e-01
-1.68305133e+00
-1.59680696e+00
-5.79395009e-01
-2.04855126e+00
0.00000000e+00
0.00000000e+00
0.00000000e+00
1.21813467e-01
0.00000000e+00
-4.42697630e-01
4.72127565e-01
3.29015835e+00
1.59976694e+00
-1.05228909e-01
8.55343016e-01
3.09988546e+00
0.00000000e+00
-3.32238992e-01
1.77796278e+00
-6.95059400e-01
1.80300131e+00
-2.32201564e+00
-7.70976770e-02
7.73232620e-01
0.00000000e+00
-1.88832440e-01
7.40438053e-01
-9.07949289e-01
0.00000000e+00
0.00000000e+00
0.00000000e+00
1.18328590e+00
0.00000000e+00
1.34142481e+00
1.02697178e+00
-3.23198474e-01
3.19841222e-01
1.01318035e+00
9.59658048e-01
0.00000000e+00
0.00000000e+00
1.00877005e+00
0.00000000e+00
1.76740229e+00
4.92274992e-01
1.34705489e+00
1.25628790e+00
8.66398756e-01
0.00000000e+00
1.53393630e+00
9.85237171e-01
-5.65128560e-01
-1.29000865e-01
1.90023809e-01
-2.58141731e-01
-8.16445310e-01
9.93042708e-01
-1.49728894e-02
0.00000000e+00
-1.39393557e-01
0.00000000e+00
0.00000000e+00
0.00000000e+00
-1.93215833e-01
0.00000000e+00
-1.65811968e-01
-9.01984920e-01
9.55783007e-01
5.02604165e-01
-9.76557827e-01
1.20145966e-01
0.00000000e+00
0.00000000e+00
6.05368409e-01
0.00000000e+00
4.83701932e-01
2.32947209e+00
-2.47780537e+00
-1.28535214e-01
-2.81037709e-01
0.00000000e+00
-7.15469266e-02
1.08661022e-01
-4.36127695e-01
-5.30643538e-01
2.47507662e-01
1.55516393e-01
-1.48342270e+00
-3.22743437e-01
0.00000000e+00
0.00000000e+00
-4.28132701e-01
1.51563399e+00
-1.65953090e+00
0.00000000e+00
-1.16067926e+00
7.28648277e-01
-6.41133906e-01
2.68495477e-01
-2.26244634e+00
0.00000000e+00
0.00000000e+00
0.00000000e+00
2.32987783e+00
1.06936343e+00
-1.30613318e+00
3.41472315e-01
1.08085684e+00
-3.71888077e-01
6.25553067e-01
9.97861430e-01
0.00000000e+00
0.00000000e+00
3.25021631e+00
-5.36367543e-02
-1.88385068e+00
3.84638702e-02
1.05910561e+00
4.92550190e-01
6.46902383e-01
0.00000000e+00
-8.34458071e-01
-1.46185237e+00
-1.44572724e-01
0.00000000e+00
0.00000000e+00
0.00000000e+00
7.71880739e-01
0.00000000e+00
1.13871106e+00
1.15231627e+00
1.03433696e+00
7.74161715e-01
5.91058912e-01
7.14219410e-01
0.00000000e+00
0.00000000e+00
3.06300356e-01
0.00000000e+00
7.48946459e-01
9.20656445e-01
1.76407929e-01
6.98653380e-01
4.92565367e-01
0.00000000e+00
8.26005541e-01
1.15389518e+00
-6.57279540e-01
-5.88036093e-01
5.63025018e-01
1.14904285e+00
2.85731387e-01
1.27029282e+00
-5.42290245e-01
0.00000000e+00
-4.79279231e-01
0.00000000e+00
0.00000000e+00
0.00000000e+00
2.12793129e-01
0.00000000e+00
4.10406108e-01
7.06815593e-01
-1.27048286e+00
-7.35137626e-01
6.19736370e-01
-7.35717435e-01
0.00000000e+00
0.00000000e+00
-1.01296798e-01
0.00000000e+00
2.16115167e-01
-1.74814178e+00
5.46415283e-01
9.57538697e-01
1.15039005e-01
0.00000000e+00
6.05422530e-01
-5.02379820e-01
-6.92434469e-02
0.00000000e+00
0.00000000e+00
-4.92606488e-01
-1.60516680e+00
-1.09501524e+00
0.00000000e+00
0.00000000e+00
1.05352981e+00
1.91563649e+00
-5.93805556e-01
0.00000000e+00
-5.10151562e-01
0.00000000e+00
0.00000000e+00
0.00000000e+00
247
-8.31285397e-02
0.00000000e+00
0.00000000e+00
0.00000000e+00
0.00000000e+00
0.00000000e+00
0.00000000e+00
0.00000000e+00
0.00000000e+00
0.00000000e+00
0.00000000e+00
0.00000000e+00
0.00000000e+00
0.00000000e+00
2.85387783e-01
-3.68516323e-01
7.63014785e-01
-4.77627001e-01
-9.69154340e-01
0.00000000e+00
0.00000000e+00
0.00000000e+00
0.00000000e+00
7.26111236e-02
-1.24481797e+00
0.00000000e+00
0.00000000e+00
-8.31285397e-02
0.00000000e+00
-3.81359002e+00
3.73046148e+00
0.00000000e+00
4.72182779e-01
1.27172359e+00
0.00000000e+00
0.00000000e+00
0.00000000e+00
0.00000000e+00
0.00000000e+00
0.00000000e+00
0.00000000e+00
0.00000000e+00
0.00000000e+00
2.95148201e-01
5.76956222e-03
-6.09520512e-01
4.57518470e-03
-2.92903043e-01
-2.34531326e-05
-9.21484282e-01
-1.41167914e-02
8.52472534e-01
0.00000000e+00
0.00000000e+00
0.00000000e+00
0.00000000e+00
0.00000000e+00
0.00000000e+00
0.00000000e+00
1.43678352e+00
2.15384889e+00
3.24843664e+00
-1.52433443e-01
-2.86720960e-01
-2.21521830e-01
-5.52645708e-01
-1.19779314e+00
4.59865361e-01
7.12496477e-01
5.03439194e-01
-2.02524682e+00
-7.34453733e-01
-1.27333409e+00
0.00000000e+00
0.00000000e+00
0.00000000e+00
0.00000000e+00
0.00000000e+00
0.00000000e+00
-3.60162710e-01
-8.37772188e-02
-1.91522520e-01
-1.21889389e+00
-1.99248544e-02
-3.62696242e-01
2.54045488e+00
3.34313338e+00
3.22992342e+00
2.72410364e+00
3.77858092e+00
3.73587391e+00
1.53823221e+00
1.08054648e+00
-1.51134487e+00
1.17569243e+00
1.26060532e+00
6.02462859e-01
0.00000000e+00
6.62694413e-01
2.86409474e-01
2.56654889e+00
4.88302603e-01
1.08810179e+00
8.37321552e-01
0.00000000e+00
0.00000000e+00
0.00000000e+00
-9.20450092e-01
1.43355019e+00
0.00000000e+00
0.00000000e+00
-4.69761530e-01
-1.05015053e+00
-1.16377810e+00
-1.07319933e+00
-1.51991206e+00
0.00000000e+00
0.00000000e+00
0.00000000e+00
3.17644694e-01
8.68359180e-01
-2.06472485e+00
-3.77282976e-01
2.72254368e+00
-7.18334516e-01
1.67138994e-01
-9.29126049e-01
1.71193978e+00
0.00000000e+00
-1.38712945e+00
5.65191011e-01
1.26333221e+00
-8.10049122e-01
-2.26403324e-02
-1.05407983e+00
-5.66779843e-02
-2.64707243e+00
1.04203564e+00
-1.10979717e-01
3.10333233e-01
1.22949775e+00
0.00000000e+00
0.00000000e+00
4.58945864e-01
-1.40737085e+00
0.00000000e+00
0.00000000e+00
0.00000000e+00
5.45240774e-01
4.96653266e-01
0.00000000e+00
7.88453846e-01
0.00000000e+00
6.50748802e-01
6.34142098e-01
1.14310845e+00
0.00000000e+00
0.00000000e+00
9.46920278e-01
0.00000000e+00
0.00000000e+00
0.00000000e+00
4.38603769e-01
1.35251824e+00
8.72636915e-01
0.00000000e+00
0.00000000e+00
0.00000000e+00
-9.19164522e-01
0.00000000e+00
-6.51374438e-01
2.04174519e-01
-1.83024530e+00
-1.69925928e+00
0.00000000e+00
0.00000000e+00
0.00000000e+00
-1.30986011e-01
0.00000000e+00
4.27816589e-01
1.10953994e-01
-2.23697743e+00
0.00000000e+00
0.00000000e+00
0.00000000e+00
1.43829873e+00
1.46890076e+00
-6.11996330e-01
1.49600534e-01
2.33624540e+00
-7.08318839e-01
1.39141222e+00
4.79202770e-02
0.00000000e+00
0.00000000e+00
5.46326930e-01
6.52192514e-02
0.00000000e+00
-1.35464705e+00
2.89156311e+00
7.67956998e-01
1.05858983e+00
0.00000000e+00
8.94139223e-01
5.52597444e-01
-8.69392622e-02
6.36343489e-02
0.00000000e+00
0.00000000e+00
0.00000000e+00
-6.25122271e-01
0.00000000e+00
0.00000000e+00
0.00000000e+00
0.00000000e+00
0.00000000e+00
0.00000000e+00
0.00000000e+00
4.45375407e-01
1.47659134e+00
0.00000000e+00
0.00000000e+00
0.00000000e+00
0.00000000e+00
8.36460206e-01
0.00000000e+00
0.00000000e+00
0.00000000e+00
0.00000000e+00
0.00000000e+00
0.00000000e+00
0.00000000e+00
0.00000000e+00
5.71596017e-01
-1.50573611e-01
0.00000000e+00
0.00000000e+00
2.77127795e-01
-2.15003817e+00
-1.22741245e+00
0.00000000e+00
0.00000000e+00
0.00000000e+00
-9.22625721e-01
0.00000000e+00
0.00000000e+00
0.00000000e+00
5 1
-1.0653e+00 2.8446e-01
2 1
1 8 
217
1.00304991e+00
-1.66746664e+00
5.35178897e-01
0.00000000e+00
1.93861296e+00
-1.28434382e+00
5.25862206e-01
1.49371863e-01
-3.89849239e-01
-3.28380140e-01
-1.25549425e+00
2.03346702e+00
1.83918235e-01
5.13354330e-01
6.08221314e-01
-3.74670521e-02
-1.50849598e-01
9.68538780e-02
-1.58885680e-02
7.01678004e-02
-1.45033324e+00
3.40540044e-02
-2.22087180e-01
1.74830796e+00
-1.34946039e-03
-1.89840785e+00
-3.72420000e-01
-5.55987690e-01
1.93145760e+00
0.00000000e+00
0.00000000e+00
0.00000000e+00
0.00000000e+00
0.00000000e+00
0.00000000e+00
0.00000000e+00
0.00000000e+00
-3.69432862e-01
8.45518600e-01
0.00000000e+00
0.00000000e+00
0.00000000e+00
0.00000000e+00
0.00000000e+00
0.00000000e+00
-4.50940472e-01
8.15076101e-02
8.45518600e-01
0.00000000e+00
0.00000000e+00
0.00000000e+00
0.00000000e+00
0.00000000e+00
0.00000000e+00
0.00000000e+00
0.00000000e+00
0.00000000e+00
0.00000000e+00
0.00000000e+00
0.00000000e+00
8.45518600e-01
-4.50940472e-01
8.15076101e-02
0.00000000e+00
6.08471780e-01
0.00000000e+00
5.08009682e-01
7.05074813e-01
-1.13431553e-01
-4.90534675e-01
0.00000000e+00
7.60236982e-02
0.00000000e+00
7.47621548e-01
-1.06248846e-01
1.79404662e-01
2.54524878e-01
0.00000000e+00
0.00000000e+00
0.00000000e+00
0.00000000e+00
0.00000000e+00
0.00000000e+00
0.00000000e+00
0.00000000e+00
0.00000000e+00
0.00000000e+00
0.00000000e+00
0.00000000e+00
0.00000000e+00
0.00000000e+00
0.00000000e+00
0.00000000e+00
0.00000000e+00
0.00000000e+00
0.00000000e+00
0.00000000e+00
0.00000000e+00
0.00000000e+00
0.00000000e+00
0.00000000e+00
0.00000000e+00
0.00000000e+00
0.00000000e+00
0.00000000e+00
0.00000000e+00
0.00000000e+00
0.00000000e+00
0.00000000e+00
0.00000000e+00
0.00000000e+00
0.00000000e+00
0.00000000e+00
0.00000000e+00
0.00000000e+00
0.00000000e+00
0.00000000e+00
0.00000000e+00
0.00000000e+00
1.23846632e+00
-2.22790599e+00
-1.29203203e+00
0.00000000e+00
0.00000000e+00
0.00000000e+00
-5.74295722e-01
3.01821386e+00
2.17066566e-01
-3.09311812e-01
-3.50800135e+00
1.58213475e+00
6.05264373e-01
3.60256868e-01
2.06117305e+00
0.00000000e+00
2.11762295e+00
-1.19798005e-02
6.37583673e-01
-1.11146193e+00
-1.94571195e+00
2.67775831e+00
1.60306015e+00
1.36306275e+00
-2.33293733e+00
2.65473161e+00
-5.16428204e-01
0.00000000e+00
0.00000000e+00
0.00000000e+00
1.53754179e+00
-1.02254658e+00
4.88538099e-01
7.66394686e-01
3.36966989e+00
1.36014093e-01
6.65085791e-01
5.24249434e-01
-1.41143191e-01
0.00000000e+00
5.06780514e-01
-9.72346768e-03
1.19183379e+00
2.66968996e+00
6.89632707e-01
5.00939089e-02
-4.93390377e-02
-9.33443263e-01
1.98681786e+00
4.53838798e-01
-3.74624329e+00
0.00000000e+00
0.00000000e+00
0.00000000e+00
-2.48218805e+00
2.48024855e+00
-2.61739712e-01
7.31233177e-01
9.88570942e-01
2.97071827e-01
1.25126875e+00
-5.43726687e-01
-1.35769050e-02
0.00000000e+00
4.77163416e-01
-1.19198217e-01
6.44840331e-01
8.52477759e-02
1.48585520e+00
-1.31988837e-01
1.85803571e-01
-7.04238070e-02
-7.98343349e-01
2.35389091e+00
-6.00721273e-01
0.00000000e+00
0.00000000e+00
0.00000000e+00
1.77579045e+00
8.89482806e-01
8.82919181e-01
1.05718078e+00
9.07390183e-01
5.01340678e-01
2.39311075e-01
1.59758203e+00
-2.04405813e-02
0.00000000e+00
6.44905899e-01
-5.60467791e-02
1.12798636e+00
7.43423869e-01
8.70285329e-01
1.17654152e+00
1.19837702e+00
-7.80596046e-02
1.01750846e+00
3.81003663e-01
136
-3.44246379e-02
-8.59749548e-01
2.52792063e-02
-8.71053064e-02
5.68784326e-04
3.40650367e-01
4.80374708e-04
5.71779849e-01
7.05047147e-04
-1.43563456e-01
-8.14545035e-02
1.90593322e-01
0.00000000e+00
0.00000000e+00
0.00000000e+00
0.00000000e+00
0.00000000e+00
0.00000000e+00
0.00000000e+00
7.07322852e-01
-5.67461194e-01
-1.74286296e-01
0.00000000e+00
0.00000000e+00
0.00000000e+00
0.00000000e+00
0.00000000e+00
7.07322852e-01
-8.20638489e-01
2.53177295e-01
-1.74286296e-01
0.00000000e+00
0.00000000e+00
0.00000000e+00
0.00000000e+00
0.00000000e+00
0.00000000e+00
0.00000000e+00
0.00000000e+00
0.00000000e+00
0.00000000e+00
0.00000000e+00
0.00000000e+00
0.00000000e+00
0.00000000e+00
0.00000000e+00
0.00000000e+00
1.17468488e+00
3.95020420e-01
1.00360671e+00
-1.18897811e+00
0.00000000e+00
-1.13128749e-01
-8.88021064e-02
4.31780889e-01
0.00000000e+00
0.00000000e+00
0.00000000e+00
0.00000000e+00
0.00000000e+00
-1.74286296e-01
-8.20638489e-01
2.53177295e-01
0.00000000e+00
0.00000000e+00
0.00000000e+00
0.00000000e+00
0.00000000e+00
0.00000000e+00
0.00000000e+00
0.00000000e+00
0.00000000e+00
0.00000000e+00
0.00000000e+00
0.00000000e+00
0.00000000e+00
0.00000000e+00
0.00000000e+00
0.00000000e+00
0.00000000e+00
0.00000000e+00
0.00000000e+00
0.00000000e+00
0.00000000e+00
0.00000000e+00
0.00000000e+00
-8.63673488e-01
1.64617213e-01
-1.50771982e+00
0.00000000e+00
0.00000000e+00
0.00000000e+00
7.78694884e-02
6.12124804e-01
-6.56665973e-01
-5.20940664e-02
8.88513309e-01
-5.04083731e-01
2.83734468e-01
1.55321469e-01
9.77973883e-01
0.00000000e+00
-4.37287073e-01
1.02534814e+00
-9.29069245e-01
-1.23701972e+00
7.26208875e-02
5.39832812e-01
1.60450391e-01
-3.03684440e+00
5.05125805e-01
4.64289353e-02
-1.87845528e+00
0.00000000e+00
0.00000000e+00
0.00000000e+00
9.95638898e-01
-2.02813674e+00
-3.82610834e-01
2.98190337e-01
1.69374242e+00
2.29567750e-01
1.11071094e+00
2.63685133e-01
-2.34176573e+00
0.00000000e+00
7.37718552e-01
-1.46363712e+00
-1.35839240e+00
-3.75052788e-01
1.39097495e+00
-3.52839745e-01
7.22543196e-01
-1.92710517e+00
4.87729346e-01
4.20583733e-01
4 1
-1.5238e+00 3.8288e-01
3 1
1 8 5 
217
1.52323805e+00
-7.03887348e-01
-3.32449745e-01
0.00000000e+00
1.92473420e+00
-1.45117579e+00
4.83108564e-01
3.10380281e-02
-1.07207148e+00
2.36266387e+00
4.02451373e-01
8.30792889e-01
0.00000000e+00
0.00000000e+00
1.73472513e+00
-8.15408711e-02
1.22028496e-01
1.20955431e+00
-3.26630782e-03
-6.08847664e-01
-2.23278911e-01
7.35271066e-03
2.07364172e-01
-1.19776247e+00
2.69304947e-04
7.38028994e-01
-5.46059058e-02
1.14145654e+00
4.36387424e-01
0.00000000e+00
0.00000000e+00
0.00000000e+00
0.00000000e+00
0.00000000e+00
0.00000000e+00
0.00000000e+00
0.00000000e+00
9.43520966e-02
4.31372792e-01
5.04512096e-01
0.00000000e+00
0.00000000e+00
0.00000000e+00
0.00000000e+00
0.00000000e+00
2.99119177e-02
6.44401790e-02
-1.26230402e-01
0.00000000e+00
-1.06407526e-01
0.00000000e+00
5.04512096e-01
0.00000000e+00
0.00000000e+00
0.00000000e+00
0.00000000e+00
0.00000000e+00
0.00000000e+00
0.00000000e+00
0.00000000e+00
1.04229241e+00
-7.64956083e-02
6.44401790e-02
0.00000000e+00
1.22145197e+00
0.00000000e+00
5.19923552e-01
-1.44352043e+00
-2.18137467e-01
-4.69885001e-01
0.00000000e+00
4.16505462e-01
0.00000000e+00
2.59485319e+00
4.87750145e-02
-1.48812059e+00
-1.07733138e+00
3.85934401e-01
7.51883635e-02
0.00000000e+00
-5.98874416e-01
1.53392229e+00
1.66098971e+00
1.58891218e+00
0.00000000e+00
0.00000000e+00
0.00000000e+00
0.00000000e+00
0.00000000e+00
0.00000000e+00
0.00000000e+00
0.00000000e+00
0.00000000e+00
0.00000000e+00
0.00000000e+00
0.00000000e+00
0.00000000e+00
0.00000000e+00
0.00000000e+00
0.00000000e+00
0.00000000e+00
0.00000000e+00
0.00000000e+00
0.00000000e+00
0.00000000e+00
0.00000000e+00
0.00000000e+00
0.00000000e+00
0.00000000e+00
0.00000000e+00
0.00000000e+00
0.00000000e+00
0.00000000e+00
0.00000000e+00
0.00000000e+00
0.00000000e+00
0.00000000e+00
0.00000000e+00
0.00000000e+00
-1.22833986e+00
-7.75600438e-01
-2.50404221e+00
0.00000000e+00
0.00000000e+00
0.00000000e+00
-2.72599123e+00
0.00000000e+00
7.03513422e-01
2.51921342e+00
3.15556108e+00
3.31245871e-01
-2.43042118e+00
2.28223699e+00
3.02501663e+00
0.00000000e+00
-6.05024721e-01
-7.14057555e-01
0.00000000e+00
-5.18979780e-01
2.60590063e+00
1.93975163e+00
2.38308868e+00
0.00000000e+00
3.45184504e-01
3.29461074e+00
-1.29210326e+00
0.00000000e+00
0.00000000e+00
0.00000000e+00
2.67297022e+00
0.00000000e+00
1.70258921e+00
1.03292239e+00
-8.77081644e-01
1.04231983e+00
4.28269109e+00
1.46915869e+00
1.71341109e+00
0.00000000e+00
1.24096149e+00
2.87514590e+00
0.00000000e+00
1.29115424e+00
-4.34219567e-01
1.24413889e+00
-1.13545779e-01
0.00000000e+00
8.18131387e-01
3.56407352e-02
-3.50029837e+00
0.00000000e+00
0.00000000e+00
0.00000000e+00
-5.78075341e-01
-4.04523143e-02
5.70915785e-01
9.80884799e-01
1.26083274e+00
1.06327925e+00
1.10405750e-03
-1.01716906e-01
-4.41696959e-02
0.00000000e+00
2.69816261e+00
0.00000000e+00
0.00000000e+00
1.35957377e+00
-2.31792108e-01
7.41481936e-01
-1.34322548e-01
-4.80145388e-02
8.20238350e-01
9.96431544e-01
-1.01839268e+00
0.00000000e+00
0.00000000e+00
0.00000000e+00
1.64580896e+00
-5.92717449e-02
1.53148648e+00
1.31236719e+00
1.18783695e+00
1.11913687e+00
1.55325820e+00
1.13097918e+00
-3.19677272e-02
0.00000000e+00
1.69546232e-01
0.00000000e+00
0.00000000e+00
-5.17316493e-01
1.54277302e+00
1.82915293e+00
1.96283112e+00
-3.15265584e-02
1.48890211e+00
2.02670341e+00
136
1.09233666e+00
2.88246067e-02
5.13242714e-03
2.44190682e-01
2.16528638e-04
3.68236925e-01
6.54642184e-03
4.51084443e-01
2.22615663e-03
3.84912188e-01
1.46579696e-01
5.60844773e-01
0.00000000e+00
0.00000000e+00
0.00000000e+00
0.00000000e+00
0.00000000e+00
0.00000000e+00
0.00000000e+00
-3.96924466e-02
-6.23875647e-01
2.52112618e-01
1.50379213e+00
0.00000000e+00
0.00000000e+00
0.00000000e+00
0.00000000e+00
-3.96924466e-02
-7.23345732e-01
-1.66290224e-02
-5.18453953e-01
0.00000000e+00
-1.40284774e-02
7.84595049e-01
1.50379213e+00
0.00000000e+00
0.00000000e+00
0.00000000e+00
0.00000000e+00
0.00000000e+00
0.00000000e+00
0.00000000e+00
0.00000000e+00
0.00000000e+00
0.00000000e+00
0.00000000e+00
0.00000000e+00
1.28755417e+00
2.86264234e-01
6.06853337e-01
-8.23223029e-01
0.00000000e+00
-6.59575460e-01
-3.77626683e-01
9.96836538e-02
0.00000000e+00
-8.45449490e-01
-4.52671664e-01
1.10423361e-01
-4.72818430e-01
6.27702446e-01
-6.21275102e-01
-1.66290224e-02
0.00000000e+00
0.00000000e+00
0.00000000e+00
0.00000000e+00
0.00000000e+00
0.00000000e+00
0.00000000e+00
0.00000000e+00
0.00000000e+00
0.00000000e+00
0.00000000e+00
0.00000000e+00
0.00000000e+00
0.00000000e+00
0.00000000e+00
0.00000000e+00
0.00000000e+00
0.00000000e+00
0.00000000e+00
0.00000000e+00
0.00000000e+00
0.00000000e+00
0.00000000e+00
1.10434117e-01
-3.17401417e-02
-8.96728198e-01
0.00000000e+00
0.00000000e+00
0.00000000e+00
3.77612353e-02
6.86727625e-01
-1.03202310e+00
-4.45755977e-01
8.73862668e-01
-2.51507919e-01
6.17438413e-02
-5.71036573e-01
7.13126888e-01
0.00000000e+00
3.18301211e-01
6.11217295e-01
-6.32451519e-01
-1.56264705e-01
-2.84233687e-01
2.70321328e-01
1.85393197e-01
-2.00021496e+00
1.68089355e-01
5.50215602e-01
-1.97886917e+00
0.00000000e+00
0.00000000e+00
0.00000000e+00
6.08414482e-01
1.19470704e+00
-8.38014488e-01
2.71978846e-01
1.63174711e+00
-1.05266852e-01
1.01237285e+00
2.50178151e-01
-1.85174588e+00
0.00000000e+00
1.36857304e-01
-1.73776771e+00
-1.28293932e+00
-4.43135651e-01
1.47557948e+00
-8.00784884e-02
7.69131969e-01
-2.36753996e+00
-5.01907139e-01
-1.21440908e-01
2 2
-1.6427e+00 3.8596e-01
4 -1
1 8 5 4 
217
6.47323206e-01
-1.08128979e+00
-4.44105449e-01
-3.14727687e+00
2.04724672e-03
1.20681915e+00
1.29283670e+00
-1.34600716e-01
-2.49532023e-02
1.24600719e+00
2.48375580e-01
-2.18509294e-01
-8.70983116e-01
-2.14889419e-01
-4.18204215e-01
2.94524767e-02
-2.14724482e-01
-7.08999628e-01
1.63502765e-02
6.28104819e-01
1.05087256e+00
-3.76874117e-02
6.46231134e-01
7.23654489e-01
-1.50903570e-03
-6.70659993e-01
-1.14859052e+00
-8.73677889e-02
1.88328151e+00
0.00000000e+00
0.00000000e+00
0.00000000e+00
0.00000000e+00
0.00000000e+00
0.00000000e+00
0.00000000e+00
6.06009085e-01
-3.24556727e-01
-1.03887856e+00
-3.49120101e-01
0.00000000e+00
0.00000000e+00
0.00000000e+00
0.00000000e+00
6.06009085e-01
1.63672718e-01
-6.66532710e-01
3.29628574e-01
0.00000000e+00
0.00000000e+00
0.00000000e+00
-4.11368722e-02
0.00000000e+00
6.57259145e-01
-1.15046762e+00
-2.33503105e-01
0.00000000e+00
0.00000000e+00
0.00000000e+00
0.00000000e+00
1.18758967e+00
-4.79742835e-01
-6.66532710e-01
0.00000000e+00
-5.03488805e-01
0.00000000e+00
9.14144456e-01
-3.56066552e-01
2.36667554e-01
-6.32202099e-01
0.00000000e+00
1.26266250e-01
0.00000000e+00
1.75615647e+00
-4.94752821e-01
-1.23509951e+00
-2.12328139e+00
0.00000000e+00
2.54757934e-01
0.00000000e+00
1.24916269e+00
2.23624173e+00
-4.46497500e-01
3.71591530e-01
0.00000000e+00
-1.97475185e-01
0.00000000e+00
2.88259760e+00
2.61563152e-01
-1.79132786e+00
-2.49991466e+00
0.00000000e+00
0.00000000e+00
0.00000000e+00
0.00000000e+00
0.00000000e+00
0.00000000e+00
0.00000000e+00
0.00000000e+00
0.00000000e+00
0.00000000e+00
0.00000000e+00
0.00000000e+00
0.00000000e+00
0.00000000e+00
0.00000000e+00
0.00000000e+00
0.00000000e+00
0.00000000e+00
0.00000000e+00
0.00000000e+00
0.00000000e+00
0.00000000e+00
0.00000000e+00
0.00000000e+00
0.00000000e+00
0.00000000e+00
0.00000000e+00
0.00000000e+00
1.21308875e+00
2.97079831e+00
-1.94133854e+00
0.00000000e+00
0.00000000e+00
0.00000000e+00
1.93016355e+00
0.00000000e+00
-1.98042061e-02
3.54783998e-01
3.61431713e-01
-3.28054953e-01
5.73845317e-01
1.54352385e-01
-2.24565461e-02
0.00000000e+00
1.92826500e+00
0.00000000e+00
0.00000000e+00
-1.83413271e+00
1.45640741e+00
-1.47831345e-01
5.23955364e-01
-3.18471844e-02
-9.69554139e-03
1.96746821e+00
-9.95065169e-01
0.00000000e+00
0.00000000e+00
0.00000000e+00
3.78315938e-01
0.00000000e+00
-5.89031904e-02
2.25510595e-01
6.91657733e-01
1.35991418e+00
2.13707540e-01
1.26763786e+00
-1.56825844e-02
0.00000000e+00
8.85397228e-01
0.00000000e+00
0.00000000e+00
1.19613386e+00
7.38596886e-01
2.36545622e+00
6.45532220e-01
-2.70515579e-02
-4.50436328e-03
6.19156751e-01
-1.13773503e+00
0.00000000e+00
0.00000000e+00
0.00000000e+00
2.99431561e+00
-2.42555287e-02
-2.22577791e-04
2.87626444e-01
0.00000000e+00
-1.28599836e-02
8.08108119e-01
1.05588885e+00
-1.90176111e-03
0.00000000e+00
-1.15846060e+00
0.00000000e+00
4.39702935e-01
0.00000000e+00
-8.72137349e-01
2.09813411e+00
-2.88387581e+00
0.00000000e+00
4.52390136e-01
1.55612573e+00
-6.13390072e-01
0.00000000e+00
0.00000000e+00
0.00000000e+00
-4.30439775e-02
-4.62985874e-02
-7.60550925e-04
1.09666533e+00
0.00000000e+00
-1.32257639e-02
-4.47481137e-02
7.25063173e-01
-3.83793386e-03
0.00000000e+00
1.72369248e+00
0.00000000e+00
1.05109903e+00
0.00000000e+00
5.73071664e-01
-7.48131411e-02
1.80807908e+00
0.00000000e+00
5.24477598e-01
4.30772927e-01
136
8.46937256e-01
1.52063078e-02
6.41158597e-03
4.54846299e-01
-5.78178785e-04
3.42228166e-02
4.03732735e-03
3.42661833e-01
-7.51876401e-04
-1.95399577e-02
4.19272249e-02
8.24549989e-01
0.00000000e+00
0.00000000e+00
0.00000000e+00
0.00000000e+00
0.00000000e+00
0.00000000e+00
0.00000000e+00
0.00000000e+00
1.20245033e-01
2.14004614e-01
5.83554541e-01
3.79340205e-02
0.00000000e+00
0.00000000e+00
0.00000000e+00
0.00000000e+00
-1.18870893e-01
2.39115926e-01
-5.43948536e-01
0.00000000e+00
1.51681524e-02
9.59041959e-02
7.57705642e-01
0.00000000e+00
-2.73664337e-01
9.20545139e-01
-9.13864251e-02
0.00000000e+00
-1.82147161e-01
0.00000000e+00
3.79340205e-02
0.00000000e+00
0.00000000e+00
0.00000000e+00
1.28289295e+00
-3.67461535e-02
9.08901357e-02
3.29672628e-01
-4.78905451e-01
0.00000000e+00
-6.68315190e-01
6.44981920e-02
1.47994027e-01
0.00000000e+00
7.36663845e-02
-5.06764631e-02
3.47929286e-02
-5.76197805e-02
1.17830775e+00
1.97661516e-02
-3.89092908e-03
2.83250682e-01
4.50750387e-02
0.00000000e+00
0.00000000e+00
0.00000000e+00
0.00000000e+00
0.00000000e+00
0.00000000e+00
0.00000000e+00
0.00000000e+00
0.00000000e+00
0.00000000e+00
0.00000000e+00
0.00000000e+00
0.00000000e+00
0.00000000e+00
0.00000000e+00
0.00000000e+00
0.00000000e+00
0.00000000e+00
0.00000000e+00
0.00000000e+00
0.00000000e+00
1.91265195e-01
-5.97863712e-01
-8.34051652e-01
0.00000000e+00
0.00000000e+00
0.00000000e+00
-8.37010991e-04
8.12047163e-01
-1.32067071e+00
-5.08113825e-01
1.01411211e+00
-3.85569120e-01
1.54168239e-01
-4.30531604e-01
8.97635468e-01
0.00000000e+00
3.33883862e-01
9.08716364e-01
-5.46353836e-01
-2.23479694e-01
-2.57972540e-01
-1.13186387e-01
2.15618997e-01
-1.99718788e+00
-1.09494593e-01
7.23163349e-01
-2.26168628e+00
0.00000000e+00
0.00000000e+00
0.00000000e+00
1.39281352e-01
7.08266672e-01
-4.46532853e-01
2.70614560e-01
1.85894430e+00
-2.92302353e-01
7.87112040e-01
-1.97975989e-01
-1.47959566e+00
0.00000000e+00
-1.26401728e-01
-9.90369707e-01
-2.48032706e+00
-6.15954911e-01
1.47840633e+00
-6.56872577e-02
4.52164977e-01
-1.70549550e+00
-7.39923153e-02
5.18158836e-01
7 2
-2.0464e+00 3.6377e-01
5 -1
1 8 5 4 2 
217
-1.92950535e+00
-7.28948786e-01
1.33012055e+00
-3.71947600e-03
2.91058270e+00
1.74719947e+00
5.46103408e+00
-2.95142264e+00
-6.49899859e-03
6.85190736e+00
0.00000000e+00
0.00000000e+00
0.00000000e+00
0.00000000e+00
4.50546974e+00
-5.52031153e-02
3.32369636e+00
-2.77541432e+00
6.78720373e-02
1.79196316e+00
1.01959951e+01
1.47883649e-02
-2.94489036e+00
0.00000000e+00
0.00000000e+00
0.00000000e+00
-4.02942288e+00
-1.41060191e+00
3.51051945e+00
0.00000000e+00
0.00000000e+00
0.00000000e+00
0.00000000e+00
0.00000000e+00
0.00000000e+00
0.00000000e+00
0.00000000e+00
-5.37200821e+00
2.32698657e-01
7.46624181e+00
0.00000000e+00
0.00000000e+00
0.00000000e+00
0.00000000e+00
0.00000000e+00
1.02164308e+01
-3.86899977e-01
-3.16390465e+00
0.00000000e+00
0.00000000e+00
0.00000000e+00
0.00000000e+00
0.00000000e+00
0.00000000e+00
6.52671879e-01
0.00000000e+00
0.00000000e+00
0.00000000e+00
0.00000000e+00
0.00000000e+00
9.12616943e-01
-1.92073575e+00
-3.87733952e-01
0.00000000e+00
-2.68714657e-01
0.00000000e+00
-2.20137787e+00
-7.36966964e-01
5.40587185e-01
2.72462241e-02
0.00000000e+00
-1.01998217e+01
0.00000000e+00
-1.26815432e+00
-8.64892417e-01
0.00000000e+00
0.00000000e+00
0.00000000e+00
-1.41128325e+00
0.00000000e+00
2.37838427e+00
-9.86661078e-01
0.00000000e+00
0.00000000e+00
0.00000000e+00
-6.46416213e+00
0.00000000e+00
8.70967974e+00
-1.11763564e+01
-4.17502295e+00
-2.86025788e+00
1.10696401e+00
4.98851655e+00
0.00000000e+00
-4.51279839e+00
9.74163908e-01
-3.51218751e+00
5.01089219e-01
0.00000000e+00
0.00000000e+00
0.00000000e+00
0.00000000e+00
0.00000000e+00
0.00000000e+00
0.00000000e+00
0.00000000e+00
0.00000000e+00
0.00000000e+00
0.00000000e+00
0.00000000e+00
0.00000000e+00
0.00000000e+00
0.00000000e+00
0.00000000e+00
0.00000000e+00
0.00000000e+00
0.00000000e+00
0.00000000e+00
0.00000000e+00
4.90408997e-01
3.31371455e+00
-1.15284902e+00
0.00000000e+00
0.00000000e+00
0.00000000e+00
6.30702773e+00
3.38022499e+00
-1.75337335e-02
-5.89254360e+00
7.31835258e+00
-9.90053954e+00
8.79173916e+00
-8.07024120e-04
1.00587063e+01
0.00000000e+00
-1.48101936e+00
-3.35842892e+00
0.00000000e+00
0.00000000e+00
1.54650841e+00
-5.05004028e-03
-1.38771405e+00
-2.75172254e-02
0.00000000e+00
-3.01273520e+00
-2.46192277e+00
0.00000000e+00
0.00000000e+00
0.00000000e+00
-1.69702434e+00
5.77962750e-01
-4.48496781e-02
2.89042531e+00
2.19230548e+00
-4.21933912e-01
-3.41512302e+00
-1.17636569e-03
-2.97451666e+00
0.00000000e+00
2.31212282e+00
1.80065994e+00
0.00000000e+00
0.00000000e+00
8.74883966e-01
-7.55998060e-03
2.95832993e+00
-2.22388541e-02
0.00000000e+00
2.27761726e+00
-3.74982761e+00
0.00000000e+00
0.00000000e+00
0.00000000e+00
7.00997619e+00
0.00000000e+00
-4.10558326e-02
7.42370937e+00
0.00000000e+00
-3.07510291e-03
4.66368140e+00
-7.82728776e-03
-9.37171283e-04
0.00000000e+00
-6.70102573e-03
0.00000000e+00
-3.41795868e-03
-7.60940668e-03
8.28325867e-01
-6.49264030e-02
4.41226480e+00
-7.26161385e-04
-3.24039217e-03
2.01815614e+00
-3.62082751e+00
0.00000000e+00
0.00000000e+00
0.00000000e+00
3.79361891e-01
0.00000000e+00
-6.00931495e-02
1.70674505e+00
0.00000000e+00
-2.51088462e-03
3.81739822e+00
-5.21373989e-03
-1.50982779e-03
0.00000000e+00
-5.65894655e-03
0.00000000e+00
-3.08391064e-03
-2.13467248e-02
7.50159267e+00
-1.09447210e-01
4.05076483e+00
-1.19087272e-03
-3.56576879e-03
1.69377437e+00
136
7.15941274e-01
-6.83243238e-01
2.44820446e-02
5.48036821e-01
-4.45058922e-03
4.37645240e-01
-7.54061055e-04
4.13502450e-01
-6.39988379e-03
5.11220606e-01
1.37956258e-01
6.67644099e-02
0.00000000e+00
0.00000000e+00
0.00000000e+00
0.00000000e+00
0.00000000e+00
0.00000000e+00
0.00000000e+00
0.00000000e+00
-8.68798968e-01
8.54435407e-01
2.01180695e+00
1.25932998e+00
-9.48034432e-01
0.00000000e+00
0.00000000e+00
1.16364070e+00
-3.16541777e-01
-1.33824946e+00
-5.33650602e-01
0.00000000e+00
-5.24295041e-01
-1.60707298e+00
9.68934955e-01
0.00000000e+00
-7.68745168e-01
7.19080847e-01
-3.96757919e-01
0.00000000e+00
-7.82332234e-01
1.50421230e+00
2.28380477e+00
0.00000000e+00
0.00000000e+00
0.00000000e+00
0.00000000e+00
8.54180503e-01
-4.21036392e-02
3.36851630e-01
-1.13327140e+00
0.00000000e+00
-8.84360629e-01
-1.27699031e-01
-4.83198314e-02
0.00000000e+00
0.00000000e+00
1.15000135e+00
3.86371041e-01
-9.36729210e-02
-3.18580279e-02
-3.13886368e-01
2.56976586e-01
-1.62404879e-03
-9.32964470e-02
0.00000000e+00
6.22269706e-02
-2.41780009e-01
4.91468928e-02
-2.29266679e-01
-2.58591022e+00
0.00000000e+00
0.00000000e+00
0.00000000e+00
0.00000000e+00
0.00000000e+00
0.00000000e+00
0.00000000e+00
0.00000000e+00
0.00000000e+00
0.00000000e+00
0.00000000e+00
0.00000000e+00
0.00000000e+00
0.00000000e+00
0.00000000e+00
5.58853053e-01
-2.69236641e-02
-7.92067749e-01
0.00000000e+00
0.00000000e+00
0.00000000e+00
1.88617385e-01
1.14550543e+00
-8.87304211e-01
-1.05294654e-01
9.28025040e-01
-2.61994035e-01
-1.57806854e-01
-2.62437211e-01
2.38744531e-01
0.00000000e+00
3.63865623e-01
4.69594452e-01
-1.05514935e+00
-2.01587008e-01
-6.96716631e-01
2.67467646e-01
-5.09460112e-02
-1.65088647e+00
1.04956748e-01
8.31277830e-01
-3.47972742e+00
0.00000000e+00
0.00000000e+00
0.00000000e+00
2.08019857e+00
2.54901010e+00
1.14206777e+00
1.73935802e+00
3.25233865e+00
1.26305053e+00
2.58268113e+00
1.46144954e+00
-7.36952461e-02
0.00000000e+00
1.30463182e+00
-1.16572503e-01
-1.27602740e+00
6.53116435e-01
2.86548349e+00
1.63424315e+00
1.68256020e+00
-1.91274599e-01
1.07783214e+00
1.48891232e+00
12 1
-1.6436e+00 3.7797e-01
6 1
1 8 5 4 2 7 
217
-1.32543947e-01
-1.51706062e+00
1.09336559e+00
1.19323530e+00
-4.06731364e-01
9.87210828e-01
9.93426038e-01
-1.40466164e+00
-3.21188995e-01
2.31784474e-01
-3.98012071e-01
2.02911228e+00
0.00000000e+00
0.00000000e+00
1.21374473e+00
-4.29805244e-02
5.41945245e-01
-1.74014863e+00
1.23893729e-02
3.35225956e-01
5.54741184e-01
-3.18251006e-02
3.83387046e-01
-1.60881231e-01
-3.90638935e-04
-2.60264948e-01
1.32425974e-01
-2.00647047e-01
-6.43228738e-02
0.00000000e+00
0.00000000e+00
0.00000000e+00
0.00000000e+00
0.00000000e+00
0.00000000e+00
0.00000000e+00
0.00000000e+00
4.78363465e-01
-7.19677250e-01
-4.82758366e-01
-4.01090214e-01
0.00000000e+00
0.00000000e+00
0.00000000e+00
0.00000000e+00
-1.07460174e+00
-9.66776278e-02
2.95505627e-01
0.00000000e+00
1.11874054e+00
0.00000000e+00
-1.18648553e+00
0.00000000e+00
1.42609023e+00
-1.43580746e+00
-5.66639155e-01
0.00000000e+00
0.00000000e+00
0.00000000e+00
5.70331813e-01
2.22781648e+00
-1.39503969e+00
-9.59458080e-01
0.00000000e+00
-1.06677412e-01
0.00000000e+00
1.29635581e+00
-6.24543007e-01
-1.32222234e+00
-1.27933621e+00
0.00000000e+00
8.54968959e-01
0.00000000e+00
-1.19463383e+00
2.36708348e-01
2.07120920e-01
4.60071966e-01
-1.27031211e+00
-1.88269775e-01
0.00000000e+00
-5.53118678e-01
6.91068757e-01
1.87915661e+00
3.28375584e+00
0.00000000e+00
3.77265341e-01
0.00000000e+00
-5.48175939e-01
-9.00636535e-01
5.65714518e-01
1.45957964e+00
-5.97123752e-01
-9.30254660e-01
0.00000000e+00
-1.48546550e+00
2.85337108e-01
2.88029997e+00
1.17605203e+00
1.00831434e-01
5.12877769e-01
-1.81030454e+00
-1.23448438e+00
7.86577629e-01
4.88231232e-01
-2.05927720e+00
0.00000000e+00
0.00000000e+00
0.00000000e+00
0.00000000e+00
0.00000000e+00
0.00000000e+00
0.00000000e+00
0.00000000e+00
0.00000000e+00
0.00000000e+00
0.00000000e+00
0.00000000e+00
0.00000000e+00
0.00000000e+00
2.41535128e+00
-8.08274833e-01
-5.60980491e-01
0.00000000e+00
0.00000000e+00
0.00000000e+00
1.43741553e+00
-1.43046156e-03
4.05175832e-02
2.38593629e+00
-1.06267298e+00
-8.44100831e-01
1.43391695e+00
1.52818445e+00
3.20771162e+00
0.00000000e+00
-6.13383186e-01
-1.83881930e+00
-1.15086407e-03
1.46189921e+00
-1.91852927e-03
1.43480079e+00
-2.44790762e-01
-1.85909083e+00
2.64536526e+00
1.46275455e+00
-1.51259659e+00
0.00000000e+00
0.00000000e+00
0.00000000e+00
8.78110202e-01
-3.28901640e-03
1.86188802e+00
1.53169006e+00
6.87534031e-01
2.33493607e+00
1.21913081e-01
-7.26791530e-01
-5.25232024e-01
0.00000000e+00
1.35339266e+00
1.10300244e+00
-1.12240784e-03
6.20663385e-02
-3.01932162e-03
-2.47132843e-01
6.02826651e-01
2.46870170e+00
-2.02647296e-01
5.25450583e-01
-4.16752821e+00
0.00000000e+00
0.00000000e+00
0.00000000e+00
-1.55820132e+00
-9.24880061e-03
-1.48036153e-02
9.22274442e-01
6.01927065e-01
1.35705130e+00
1.03653283e+00
3.53821037e+00
-1.73455731e-03
0.00000000e+00
-4.73384820e-01
0.00000000e+00
0.00000000e+00
1.34978026e+00
8.93255550e-01
-7.40283342e-01
1.86911670e+00
-3.95088605e-02
2.18541684e+00
-1.93317331e+00
-7.40635812e-01
0.00000000e+00
0.00000000e+00
0.00000000e+00
1.65597889e+00
-8.58681966e-03
9.52575397e-01
5.81699749e-01
2.33412080e+00
1.76079705e-01
1.15017006e+00
-8.18710035e-01
-4.51747261e-03
0.00000000e+00
2.19659771e+00
0.00000000e+00
0.00000000e+00
9.39136432e-01
8.75315498e-01
1.40217763e+00
1.66297349e+00
-5.21671166e-02
-1.14055053e-01
2.15658022e+00
136
4.75218103e-01
3.68999030e-01
-1.54392995e-02
2.86510108e-01
-6.08227846e-03
-1.41899635e-01
1.16185289e-02
-3.83913992e-02
1.76199206e-03
2.75058196e-01
1.04906322e-01
9.52535849e-02
0.00000000e+00
0.00000000e+00
0.00000000e+00
0.00000000e+00
0.00000000e+00
0.00000000e+00
0.00000000e+00
0.00000000e+00
-4.92021812e-01
8.76900873e-01
2.70824906e-01
7.76618035e-01
-1.92112894e-01
0.00000000e+00
0.00000000e+00
8.28879751e-01
-1.23527540e-02
-1.71444442e+00
-4.06422855e-01
0.00000000e+00
-6.42304223e-01
-3.79589231e-01
1.73183456e+00
0.00000000e+00
-9.28643906e-01
6.84222352e-01
-1.55083544e-01
0.00000000e+00
7.72836239e-02
5.91050097e-01
5.83419346e-01
0.00000000e+00
0.00000000e+00
0.00000000e+00
0.00000000e+00
3.94706596e-01
4.75398177e-03
3.18972991e-01
-1.88107012e-01
0.00000000e+00
-4.59768196e-01
-6.37873586e-02
4.13374294e-02
0.00000000e+00
-9.22526105e-01
-5.94322737e-01
3.22979923e-01
-4.03049416e-01
-1.54469997e-01
-8.02438182e-01
1.24877675e+00
-9.57681941e-02
4.20403007e-01
0.00000000e+00
6.69605429e-02
-2.70364991e-01
2.02356951e-01
-2.25807715e-01
0.00000000e+00
5.16391773e-01
6.31314553e-01
-1.15931291e+00
7.54112161e-01
-1.34576520e+00
0.00000000e+00
0.00000000e+00
0.00000000e+00
0.00000000e+00
0.00000000e+00
0.00000000e+00
0.00000000e+00
0.00000000e+00
0.00000000e+00
0.00000000e+00
2.77590770e-01
-3.40828195e-02
-1.00718173e+00
0.00000000e+00
0.00000000e+00
0.00000000e+00
3.29403463e-01
8.01272569e-01
-1.21599675e+00
-3.11734197e-01
1.02874381e+00
-5.72697381e-01
2.52539865e-01
-2.53313132e-01
5.73328940e-01
0.00000000e+00
5.47422679e-01
1.16242620e+00
-4.25252120e-01
1.03987034e-01
-5.14285528e-01
6.24396119e-01
1.56915392e-01
-4.15116451e+00
3.91972609e-02
8.17628558e-01
-2.50500341e+00
0.00000000e+00
0.00000000e+00
0.00000000e+00
9.01866350e-01
1.55702360e+00
-2.82821922e-02
5.47857705e-01
2.03216051e+00
1.29372021e-01
1.46517728e+00
4.25378688e-02
-1.00879980e-01
0.00000000e+00
4.73905604e-01
-1.21839545e+00
-2.01519276e+00
-3.28333268e-01
2.08019109e+00
7.27948637e-01
6.48758217e-01
-1.78799297e+00
1.01669784e-01
3.31946754e-01
11 1
-2.7383e+00 4.2218e-01
7 1
1 8 5 4 2 7 12 
217
-5.14647164e-01
-1.17680613e+00
9.01027328e-01
0.00000000e+00
-6.46481089e-01
2.25124067e+00
1.52102014e+00
-2.04930788e+00
-2.12937366e+00
1.92449641e+00
7.41481780e-01
-2.30370950e-01
0.00000000e+00
0.00000000e+00
6.46451337e-01
1.00004021e-01
-1.64765564e-02
2.47929877e+00
3.22366581e-02
-2.25135510e+00
-2.76202269e+00
4.52527114e-02
2.13352985e+00
-8.78374585e-01
-9.22241786e-03
1.51179521e+00
-2.16591914e+00
-1.30097415e+00
2.95224613e+00
0.00000000e+00
0.00000000e+00
0.00000000e+00
0.00000000e+00
0.00000000e+00
0.00000000e+00
0.00000000e+00
0.00000000e+00
0.00000000e+00
1.37473921e+00
-5.44678900e-02
-4.03209655e-01
-1.78992474e-02
0.00000000e+00
0.00000000e+00
0.00000000e+00
0.00000000e+00
0.00000000e+00
9.93411248e-01
0.00000000e+00
0.00000000e+00
0.00000000e+00
1.98953126e+00
0.00000000e+00
0.00000000e+00
5.78573481e-02
-1.15809595e+00
0.00000000e+00
0.00000000e+00
0.00000000e+00
-1.87811716e-01
-2.49298562e-02
5.33488916e-01
0.00000000e+00
0.00000000e+00
-1.32400034e+00
0.00000000e+00
6.39992476e-01
-7.74087047e-01
1.69360705e-01
-1.11477036e+00
0.00000000e+00
-8.35204408e-01
0.00000000e+00
2.13001520e+00
4.69856392e-01
0.00000000e+00
0.00000000e+00
0.00000000e+00
-1.50071411e+00
0.00000000e+00
4.96164800e-01
-9.46200845e-01
4.89902148e-01
1.55042601e-01
0.00000000e+00
-1.77752809e+00
0.00000000e+00
8.92804828e-01
1.86881317e+00
3.70076097e-01
-8.60808913e-01
-4.83246366e-01
-7.26278296e-02
0.00000000e+00
-4.56153171e-01
8.15387810e-01
0.00000000e+00
0.00000000e+00
-1.09563866e-01
-1.65601658e+00
0.00000000e+00
0.00000000e+00
0.00000000e+00
9.23741194e-01
-2.91138954e+00
0.00000000e+00
5.41495418e-01
2.43215947e-01
-1.32006173e-01
-1.91609072e+00
-9.24136408e-01
-1.11110467e-01
0.00000000e+00
0.00000000e+00
0.00000000e+00
0.00000000e+00
0.00000000e+00
0.00000000e+00
0.00000000e+00
3.13667168e-01
1.03059848e-01
-1.89504062e+00
0.00000000e+00
0.00000000e+00
0.00000000e+00
3.33537104e+00
0.00000000e+00
4.96721936e-01
2.31937287e+00
0.00000000e+00
-1.68306080e-01
2.18346795e+00
0.00000000e+00
-7.72616707e-03
0.00000000e+00
0.00000000e+00
0.00000000e+00
0.00000000e+00
-1.11708973e+00
0.00000000e+00
-2.79912412e+00
0.00000000e+00
-2.80660632e-02
5.18726551e-01
3.47113495e-01
-4.33198863e-01
0.00000000e+00
0.00000000e+00
0.00000000e+00
-1.89946935e-01
0.00000000e+00
-6.56855665e-01
-1.90754392e-01
0.00000000e+00
-4.74913565e-01
7.73707254e-01
0.00000000e+00
-3.70076819e-03
0.00000000e+00
0.00000000e+00
0.00000000e+00
0.00000000e+00
2.71946469e+00
0.00000000e+00
3.30309969e+00
0.00000000e+00
-8.70019293e-02
-7.12387732e-01
1.06003877e+00
-3.02065719e+00
0.00000000e+00
0.00000000e+00
0.00000000e+00
-1.12849571e+00
-9.75432469e-04
-1.75286868e+00
-4.11794032e-02
-7.82707866e-04
1.81338473e+00
0.00000000e+00
2.16691019e+00
-2.54633023e-02
0.00000000e+00
1.10292557e+00
-1.30350598e-03
0.00000000e+00
0.00000000e+00
-6.47504875e-01
2.82257303e+00
3.91050513e+00
-2.48542506e-01
-1.79490992e+00
-1.73712135e-02
-1.26465698e+00
0.00000000e+00
0.00000000e+00
0.00000000e+00
2.50060350e+00
-3.18712598e-03
1.77247696e+00
-5.89340092e-02
-1.09096427e-03
-6.99887049e-01
0.00000000e+00
-6.58380486e-02
-2.66839648e-02
0.00000000e+00
-3.68663040e-01
-1.09352092e-03
0.00000000e+00
0.00000000e+00
1.68133773e+00
-1.78637035e+00
3.04544187e-01
-2.53262239e-01
3.14802868e+00
-3.70262578e-02
136
2.49595370e-01
-1.17378746e+00
3.66055550e-02
2.52704466e-01
1.52805216e-03
8.92578695e-01
-6.45461345e-03
2.78099668e-01
1.02944648e-03
7.63050266e-02
7.39065985e-02
9.93837450e-02
0.00000000e+00
0.00000000e+00
0.00000000e+00
0.00000000e+00
0.00000000e+00
0.00000000e+00
0.00000000e+00
0.00000000e+00
-2.57569361e-01
5.40485612e-01
2.75221496e-01
9.64696445e-01
9.01893727e-02
-2.59558329e-01
0.00000000e+00
-2.58839003e-01
-1.06455981e-01
-1.56036587e+00
-4.42422648e-01
0.00000000e+00
3.03622529e-01
-7.86863946e-01
1.52014854e+00
0.00000000e+00
-6.06703524e-01
1.34219644e+00
-1.60152423e-01
0.00000000e+00
1.74998987e-02
0.00000000e+00
-4.16264603e-01
0.00000000e+00
0.00000000e+00
0.00000000e+00
0.00000000e+00
1.52342278e-01
-1.25529642e-01
3.35697083e-01
-6.84118197e-01
0.00000000e+00
-4.85220467e-01
-4.90546318e-02
-2.22600334e-03
0.00000000e+00
0.00000000e+00
-5.16392682e-01
2.97866132e-01
-4.80836367e-01
-4.82278203e-02
-1.02113589e+00
9.95653586e-01
5.15572780e-01
2.00417877e-01
0.00000000e+00
1.06220634e-01
-1.85820352e-01
1.42144243e-02
-3.79631470e-02
0.00000000e+00
2.85704733e-01
3.56781766e-01
-1.15914098e+00
7.91638668e-01
-1.14419681e+00
0.00000000e+00
3.63329716e-01
-4.17178235e-01
5.08909718e-01
-4.33388713e-01
0.00000000e+00
0.00000000e+00
0.00000000e+00
0.00000000e+00
0.00000000e+00
6.11725021e-01
4.46518550e-02
-8.74654584e-01
0.00000000e+00
0.00000000e+00
0.00000000e+00
2.45425795e-01
5.91778038e-01
-1.13152182e+00
-2.61149452e-01
8.91117822e-01
-2.48971471e-01
1.80271043e-01
-9.15371348e-02
4.21811422e-01
0.00000000e+00
6.49998381e-01
3.24254130e-01
-6.75387951e-01
-5.68425251e-01
-2.53251188e-01
2.23546020e-01
1.21358010e-02
-2.30849879e+00
2.17075619e-01
9.06674402e-01
-2.76018728e+00
0.00000000e+00
0.00000000e+00
0.00000000e+00
1.53227157e+00
1.84393613e+00
1.45628221e-01
8.98211458e-01
2.41933309e+00
6.20477015e-01
1.94615823e+00
4.83964667e-01
-1.05486800e-01
0.00000000e+00
5.83553516e-01
-8.23017064e-01
-2.02441960e+00
-7.14508032e-01
2.54122772e+00
8.44686915e-01
1.06596474e+00
-1.66739798e-01
1.23696122e-01
7.84017119e-01
13 1
-2.8050e+00 4.2798e-01
8 1
1 8 5 4 2 7 12 11 
217
-1.12814037e-01
-1.20572847e+00
1.77713124e+00
-4.06083893e-01
-6.80858231e-01
-1.23230714e+00
-1.93987997e+00
3.34536810e+00
3.06340331e+00
-8.35465645e+00
-5.33282066e-01
1.91749781e+00
0.00000000e+00
0.00000000e+00
4.45657685e+00
-1.36095558e-01
1.52630625e+00
-8.45150201e-01
-5.20688238e-03
-2.65915176e-01
-2.22188082e+00
-1.58223262e-03
-1.66719631e+00
-1.50235987e+00
-6.39910734e-03
-1.42852108e+00
-1.93389030e+00
1.13008291e+00
6.90993349e-01
0.00000000e+00
0.00000000e+00
0.00000000e+00
0.00000000e+00
0.00000000e+00
0.00000000e+00
0.00000000e+00
0.00000000e+00
-1.68812257e+00
-9.44362604e-01
1.33414779e+00
4.88930253e-01
9.00593144e-01
-1.42505999e+00
0.00000000e+00
0.00000000e+00
4.35538660e-01
3.02052344e-01
-8.17377964e-01
0.00000000e+00
-3.18919625e-01
0.00000000e+00
8.12097159e-01
0.00000000e+00
0.00000000e+00
-1.41452103e+00
-1.02894421e+00
0.00000000e+00
0.00000000e+00
0.00000000e+00
2.96170132e-01
-4.83723555e-01
-4.42165248e-01
8.13074766e-01
0.00000000e+00
-1.36534752e+00
0.00000000e+00
1.11427338e+00
-9.84733988e-01
1.38260101e-01
5.86739625e+00
0.00000000e+00
-6.26931152e-01
0.00000000e+00
4.95219318e-01
4.77553498e-01
0.00000000e+00
0.00000000e+00
0.00000000e+00
-3.09372053e-01
0.00000000e+00
6.04389702e-01
-6.10160625e-01
-4.07831686e-01
2.65917748e+00
0.00000000e+00
5.86659963e-02
0.00000000e+00
4.74429461e-01
1.28680799e+00
-6.45909494e-01
-1.98228259e+00
-7.51860831e-01
-5.65987900e-01
0.00000000e+00
-2.23154089e+00
-4.96061006e-01
3.43657558e+00
4.53302987e+00
-8.15665224e-01
3.56701141e-01
3.17761405e+00
1.42436388e+00
-9.44804599e-01
-1.07821383e+00
1.12301825e+00
0.00000000e+00
-6.20459225e-01
1.73458732e+00
1.23066189e+00
-3.77722549e+00
-7.23016699e-01
-3.80333843e+00
0.00000000e+00
1.65561733e-01
0.00000000e+00
1.62865673e+00
-1.89102461e+00
1.40212672e+00
5.66592069e-01
3.26819848e+00
7.77046232e-01
-2.01403916e+00
0.00000000e+00
0.00000000e+00
0.00000000e+00
2.86210526e+00
-1.24767413e-01
2.65824029e+00
-4.69734322e-03
0.00000000e+00
3.01796166e+00
1.23548714e+00
-1.01912587e-01
-4.45237264e-04
0.00000000e+00
1.01454279e+00
0.00000000e+00
0.00000000e+00
1.05892952e+01
0.00000000e+00
5.90543844e+00
-8.70136965e-03
-2.46872243e-02
-1.66678569e+00
-3.66415081e-01
-2.25569749e+00
0.00000000e+00
0.00000000e+00
0.00000000e+00
9.13769493e-02
-2.05433377e-01
-1.31227556e+00
-8.43912908e-03
0.00000000e+00
4.85065665e-01
1.64135367e+00
-1.71432262e-01
-8.69897278e-04
0.00000000e+00
3.88138157e+00
0.00000000e+00
0.00000000e+00
-1.17201985e+00
0.00000000e+00
-9.81429266e-01
-1.05257386e-02
-3.29696953e-02
5.69802363e+00
4.47919849e+00
-2.31352028e+00
0.00000000e+00
0.00000000e+00
0.00000000e+00
4.21828599e+00
-5.34356531e-03
8.11651606e-01
2.50654525e+00
0.00000000e+00
-7.90398288e-03
5.32002545e+00
-1.44848883e+00
-2.49416783e-04
0.00000000e+00
4.99311213e-01
-4.81032244e+00
0.00000000e+00
-8.99796407e-04
1.47109405e+00
-3.37520896e-01
-1.40566720e+00
0.00000000e+00
4.27999975e+00
-3.75154432e-03
-2.26732044e+00
0.00000000e+00
0.00000000e+00
0.00000000e+00
-1.72958185e-01
-6.10619371e-03
1.60671972e-01
2.09167743e+00
0.00000000e+00
-6.41175396e-03
-1.36437700e+00
3.00371109e+00
-3.27294353e-04
0.00000000e+00
2.90216847e+00
4.37744261e+00
0.00000000e+00
-1.25840493e-03
-4.73278668e-01
2.73888686e+00
3.33678718e+00
0.00000000e+00
-2.45379194e-01
-5.20924195e-03
136
2.49022050e-01
-6.55382489e-01
2.34385380e-02
2.76669730e-01
-2.61281160e-03
6.12355611e-01
-5.15670870e-03
1.53791983e-02
2.34000466e-03
1.06505274e-01
6.72250079e-02
7.52917689e-02
0.00000000e+00
0.00000000e+00
0.00000000e+00
0.00000000e+00
0.00000000e+00
0.00000000e+00
0.00000000e+00
0.00000000e+00
-5.77744321e-01
6.75773840e-02
7.53341368e-02
3.91846144e-01
2.64622482e-01
4.05486702e-01
0.00000000e+00
1.60530964e-01
-2.91129424e-01
-1.26086428e+00
-1.37971105e-02
0.00000000e+00
-4.55362618e-01
-6.61524222e-01
1.04142817e+00
0.00000000e+00
-8.43801387e-01
1.21625070e+00
-5.15372282e-01
0.00000000e+00
-1.34586413e-03
0.00000000e+00
4.88455794e-01
0.00000000e+00
0.00000000e+00
0.00000000e+00
0.00000000e+00
8.49631282e-01
-8.07169488e-02
6.09051485e-01
-4.35559979e-01
0.00000000e+00
-1.27249257e+00
-1.29177717e-01
-1.68083048e-01
0.00000000e+00
0.00000000e+00
-5.97353329e-01
5.00540538e-01
-3.78523971e-01
-4.62870665e-01
-9.08421454e-01
7.52066160e-01
7.93308568e-01
6.70080696e-02
0.00000000e+00
5.56538414e-02
-2.03621779e-01
1.31824241e-01
-7.11417795e-03
-2.45230580e+00
2.24877742e-01
4.74519848e-01
-1.11267151e+00
6.91562856e-01
-9.59999832e-01
0.00000000e+00
-2.41142661e-01
3.41273182e-02
1.29693400e-01
-6.02805945e-01
-8.79536487e-01
1.06919318e+00
-6.78171358e-02
2.46277287e-01
0.00000000e+00
5.64897616e-01
8.86246414e-02
-8.22665529e-01
0.00000000e+00
0.00000000e+00
0.00000000e+00
1.91110755e-01
9.42694057e-01
-9.42803360e-01
-1.52966717e-01
9.11719524e-01
-5.68766408e-01
1.25406273e-01
-1.19585832e-01
4.53883142e-01
0.00000000e+00
3.35550666e-01
3.96923776e-01
-6.07943760e-01
-5.12501909e-01
-8.61474993e-04
2.68104455e-01
7.92948591e-02
-2.35017696e+00
-1.16440889e-01
8.44694275e-01
-2.97858076e+00
0.00000000e+00
0.00000000e+00
0.00000000e+00
1.63699015e+00
2.01439370e+00
6.41015964e-01
1.04950352e+00
2.62120401e+00
1.00976791e+00
2.00849003e+00
8.20112577e-01
-1.18397631e-01
0.00000000e+00
5.23747748e-01
-2.54605184e-02
-1.80255861e+00
-3.97878914e-01
2.60789654e+00
7.84884551e-01
1.35965397e+00
-1.86613279e-01
3.44673631e-01
8.45607550e-01
9 2
-3.7434e+00 4.4706e-01
8 2
1 8 5 4 2 7 12 11 
217
-2.27781998e-01
-4.32794629e+00
4.09861234e+00
0.00000000e+00
5.08890754e-01
9.24584326e-01
5.34828548e-01
-1.24811167e+00
0.00000000e+00
0.00000000e+00
0.00000000e+00
0.00000000e+00
0.00000000e+00
0.00000000e+00
-8.46524154e-01
6.89414377e-02
-9.64621287e-01
-7.73500723e-02
-4.66763755e-02
1.73610069e+00
-1.19471575e+00
2.82745160e-02
-2.28433670e+00
1.89080798e+00
-3.04787238e-03
-2.08968695e+00
0.00000000e+00
-2.81821458e+00
2.07906080e-01
0.00000000e+00
0.00000000e+00
0.00000000e+00
0.00000000e+00
0.00000000e+00
0.00000000e+00
0.00000000e+00
0.00000000e+00
-1.15555283e+00
-5.98443334e-01
3.49545283e-01
-1.06902645e+00
0.00000000e+00
0.00000000e+00
0.00000000e+00
0.00000000e+00
-2.20480862e-01
-2.56916961e-01
0.00000000e+00
0.00000000e+00
0.00000000e+00
0.00000000e+00
0.00000000e+00
0.00000000e+00
0.00000000e+00
-2.80760260e+00
-6.14857193e-01
0.00000000e+00
0.00000000e+00
0.00000000e+00
0.00000000e+00
1.94379717e+00
-3.41213635e+00
1.24055718e+00
0.00000000e+00
-2.34602463e+00
0.00000000e+00
2.70525978e+00
-1.41324556e+00
-5.87017145e-01
9.80895833e-01
0.00000000e+00
-9.95490269e-01
0.00000000e+00
7.67708271e-01
-6.62957502e-01
0.00000000e+00
0.00000000e+00
0.00000000e+00
-1.25814148e-01
0.00000000e+00
0.00000000e+00
0.00000000e+00
-4.83692708e-01
1.35517956e-02
0.00000000e+00
-8.24078293e-01
0.00000000e+00
-1.02088262e+00
1.19519818e+00
1.53095573e+00
1.82569965e+00
-2.88741052e+00
-1.51318290e+00
0.00000000e+00
1.41336819e+00
-3.81507295e-01
0.00000000e+00
0.00000000e+00
0.00000000e+00
-2.08251245e+00
0.00000000e+00
0.00000000e+00
0.00000000e+00
0.00000000e+00
0.00000000e+00
0.00000000e+00
3.85851039e-01
0.00000000e+00
2.51600975e-01
-1.29332325e+00
-9.51457197e-01
-7.34977142e-01
0.00000000e+00
4.57794338e-01
0.00000000e+00
0.00000000e+00
0.00000000e+00
0.00000000e+00
0.00000000e+00
7.32686662e-01
6.23730760e+00
-1.71370844e+00
0.00000000e+00
0.00000000e+00
0.00000000e+00
1.02399062e+00
2.68805550e+00
-3.74857145e-03
0.00000000e+00
-1.17193892e-03
-1.67782261e-03
-2.73106314e-03
-9.51382990e-02
-7.69199821e-03
0.00000000e+00
0.00000000e+00
0.00000000e+00
0.00000000e+00
0.00000000e+00
-3.96995767e-03
2.76787550e+00
0.00000000e+00
-1.48969131e-03
0.00000000e+00
-4.36696804e-01
-3.10710715e+00
0.00000000e+00
0.00000000e+00
0.00000000e+00
-5.41506884e-01
2.54690380e+00
-4.85988915e-03
0.00000000e+00
-2.04847997e-03
-2.07987861e-03
-4.51820264e-03
-9.46980725e-02
-1.20720932e-02
0.00000000e+00
0.00000000e+00
0.00000000e+00
0.00000000e+00
0.00000000e+00
-3.72916487e-03
4.94048961e+00
0.00000000e+00
-1.73943182e-03
0.00000000e+00
3.95150822e+00
-2.36620966e+00
0.00000000e+00
0.00000000e+00
0.00000000e+00
0.00000000e+00
-1.86136434e-03
0.00000000e+00
0.00000000e+00
0.00000000e+00
-2.33176137e-01
1.59912206e+00
-1.06355040e-01
-2.61813490e-02
0.00000000e+00
2.41251596e+00
0.00000000e+00
-8.77088125e-04
0.00000000e+00
3.37318895e+00
-5.26857102e-03
-2.70587275e-01
-5.99208480e-03
0.00000000e+00
0.00000000e+00
-1.56069835e-01
0.00000000e+00
0.00000000e+00
0.00000000e+00
0.00000000e+00
-3.18462390e-03
0.00000000e+00
0.00000000e+00
0.00000000e+00
-1.98414411e-01
2.76041574e+00
-1.21875221e-01
-2.83637098e-02
0.00000000e+00
3.87299489e+00
0.00000000e+00
-1.93101443e-03
0.00000000e+00
7.52163262e-01
-9.68121589e-03
-2.47956350e-01
-2.36802544e-02
0.00000000e+00
0.00000000e+00
136
5.50147010e-01
2.08004806e-01
7.11789365e-04
4.73580953e-01
-1.25237984e-03
-1.39338013e-01
5.05171171e-03
7.89926457e-03
-1.75275820e-04
5.57747284e-02
4.75377131e-02
4.46834569e-01
0.00000000e+00
0.00000000e+00
0.00000000e+00
0.00000000e+00
0.00000000e+00
0.00000000e+00
0.00000000e+00
0.00000000e+00
-3.16286211e-01
3.94992163e-01
2.67758997e-01
3.96491608e-01
-6.32177371e-02
-1.32823388e-02
0.00000000e+00
2.77909591e-01
-1.99152402e-01
-5.92439126e-01
1.19263458e-01
0.00000000e+00
-9.63904632e-01
3.65709596e-01
1.02125299e+00
0.00000000e+00
-4.30974865e-01
5.90646970e-01
-4.46270932e-01
0.00000000e+00
9.26050053e-01
0.00000000e+00
-2.94310974e-01
0.00000000e+00
0.00000000e+00
0.00000000e+00
1.05908176e+00
-2.40887446e-01
-1.69617986e-01
1.47130704e-01
-6.49361778e-01
0.00000000e+00
-2.71879482e-01
2.95356715e-02
1.09018034e-01
0.00000000e+00
-2.76862739e-01
-2.99688510e-01
3.74725626e-01
-1.85736237e-01
1.29080124e-01
-1.51954199e-01
7.03156510e-01
3.96798506e-01
1.40268886e-02
0.00000000e+00
2.45634287e-01
1.12667994e-01
-2.39063882e-01
1.37171967e-01
0.00000000e+00
2.74148180e-01
5.75689113e-01
-6.95594904e-01
7.15063283e-01
-1.35887790e+00
7.94433731e-01
-2.25040605e-01
-1.98442905e-01
1.45143388e-01
-1.16246212e-01
2.71489071e-01
2.81937715e-01
8.49041958e-01
-6.04276343e-01
0.00000000e+00
2.69892791e-01
2.96309164e-02
-1.08082646e+00
0.00000000e+00
0.00000000e+00
0.00000000e+00
3.71298269e-01
9.14473211e-01
-1.59046616e+00
-4.65637630e-01
1.10457388e+00
-4.25295932e-01
1.06221174e-01
-2.56175863e-01
4.41769295e-01
0.00000000e+00
3.47996556e-01
1.10600605e+00
-2.62968446e-01
-5.18338546e-01
-4.93666791e-01
2.90669529e-01
-7.56251605e-02
-2.94732535e+00
6.71755363e-03
1.26494791e+00
-2.32622866e+00
0.00000000e+00
0.00000000e+00
0.00000000e+00
5.53081496e-01
8.36095182e-01
-2.56951645e-01
3.49352716e-01
2.20456567e+00
-5.56755085e-01
1.20200600e+00
5.70440745e-02
-1.99600988e+00
0.00000000e+00
-5.71334908e-02
-3.97568073e-01
-2.04447858e+00
-6.34264867e-01
1.83732578e+00
2.79611185e-01
6.90763018e-01
-3.42569654e-02
2.08756376e-01
7.04085431e-01
10 2
-3.7741e+00 4.4814e-01
8 2
1 8 5 4 2 7 12 11 
217
-3.95868442e-01
-3.37732805e+00
1.17765865e+00
1.20355818e+00
-5.52264752e-01
1.16998520e+00
-1.28156702e+00
-1.44834826e+00
2.69987558e+00
1.36144507e+00
0.00000000e+00
0.00000000e+00
0.00000000e+00
0.00000000e+00
-8.91072123e-01
5.79586910e-03
7.05238161e-01
-5.20743516e-01
5.93950334e-02
1.20232378e+00
0.00000000e+00
0.00000000e+00
0.00000000e+00
1.46748121e+00
1.23994991e-03
-1.20088154e+00
0.00000000e+00
-1.02899405e-01
2.02235023e+00
0.00000000e+00
0.00000000e+00
0.00000000e+00
0.00000000e+00
0.00000000e+00
0.00000000e+00
0.00000000e+00
0.00000000e+00
1.23536877e+00
1.17111861e+00
-4.17678084e+00
-2.53576349e+00
0.00000000e+00
0.00000000e+00
0.00000000e+00
0.00000000e+00
3.65786549e+00
-3.76606874e+00
0.00000000e+00
0.00000000e+00
0.00000000e+00
0.00000000e+00
0.00000000e+00
0.00000000e+00
0.00000000e+00
5.50072758e-01
0.00000000e+00
0.00000000e+00
0.00000000e+00
0.00000000e+00
0.00000000e+00
2.85867290e+00
-4.44426988e+00
1.18972854e+00
0.00000000e+00
-5.10422009e-01
0.00000000e+00
-7.46579260e-01
6.34042809e-01
8.61132827e-01
4.36139288e+00
0.00000000e+00
-8.11164210e-01
0.00000000e+00
4.19897303e-01
6.41192463e-01
0.00000000e+00
0.00000000e+00
0.00000000e+00
-5.71461293e-01
0.00000000e+00
0.00000000e+00
0.00000000e+00
0.00000000e+00
0.00000000e+00
0.00000000e+00
-2.47830130e+00
0.00000000e+00
0.00000000e+00
0.00000000e+00
-6.72503740e-02
8.55832117e-01
1.64172370e+00
-3.12032459e+00
0.00000000e+00
9.53087307e-01
-1.32585027e-01
0.00000000e+00
0.00000000e+00
0.00000000e+00
-3.32004628e+00
0.00000000e+00
0.00000000e+00
0.00000000e+00
0.00000000e+00
0.00000000e+00
0.00000000e+00
1.74698511e+00
0.00000000e+00
0.00000000e+00
0.00000000e+00
1.51442427e+00
-3.16468754e-01
0.00000000e+00
1.71882958e+00
0.00000000e+00
0.00000000e+00
0.00000000e+00
0.00000000e+00
0.00000000e+00
4.81735177e+00
9.78316746e+00
-2.60793549e+00
0.00000000e+00
0.00000000e+00
0.00000000e+00
-1.43406807e-02
4.81309420e+00
0.00000000e+00
0.00000000e+00
0.00000000e+00
0.00000000e+00
-1.65399194e-03
0.00000000e+00
-1.83946389e-03
0.00000000e+00
-1.68335406e-02
-2.69205738e-02
0.00000000e+00
0.00000000e+00
-4.67015547e-03
2.94703697e+00
0.00000000e+00
0.00000000e+00
0.00000000e+00
2.65751671e+00
-2.30054315e+00
0.00000000e+00
0.00000000e+00
0.00000000e+00
-1.21997068e-02
2.70352597e+00
0.00000000e+00
0.00000000e+00
0.00000000e+00
0.00000000e+00
-3.00180264e-03
0.00000000e+00
-3.05510592e-03
0.00000000e+00
-1.80983843e-02
-1.02200492e-02
0.00000000e+00
0.00000000e+00
-2.94247100e-03
6.17580931e+00
0.00000000e+00
0.00000000e+00
0.00000000e+00
3.38921897e+00
-5.18091664e-01
0.00000000e+00
0.00000000e+00
0.00000000e+00
0.00000000e+00
0.00000000e+00
-4.21591347e-03
0.00000000e+00
0.00000000e+00
0.00000000e+00
1.98324978e+00
-1.16506706e-01
-3.24765820e-03
0.00000000e+00
9.79401410e-01
0.00000000e+00
-2.12276905e-01
-3.21317814e-03
3.45407367e+00
-2.03919255e-02
-1.43042916e-01
-6.06478484e-03
-5.20067999e-01
-1.45047187e-02
-5.33849562e-02
0.00000000e+00
0.00000000e+00
0.00000000e+00
0.00000000e+00
0.00000000e+00
-3.90557301e-03
0.00000000e+00
0.00000000e+00
0.00000000e+00
2.05445872e+00
-6.94827686e-02
-1.26726331e-02
0.00000000e+00
3.32363301e+00
0.00000000e+00
-4.50485887e-01
-4.82487735e-03
1.61158452e+00
-3.01415606e-02
-3.64845985e-01
-2.44915544e-02
-7.04099706e-01
-7.68200367e-03
136
7.15899317e-01
4.31330907e-02
1.20410155e-02
5.52095285e-01
-1.07422898e-03
3.41169658e-04
4.28407082e-03
1.20329771e-01
-3.86297296e-04
8.18940356e-02
1.20114879e-01
5.13890403e-01
0.00000000e+00
0.00000000e+00
0.00000000e+00
0.00000000e+00
0.00000000e+00
0.00000000e+00
0.00000000e+00
0.00000000e+00
-3.05405820e-01
3.42196778e-01
4.48662248e-01
7.79959730e-01
1.91174357e-01
-3.25725082e-01
0.00000000e+00
2.01311416e-01
-8.43248484e-02
-6.72098322e-01
2.11026995e-01
0.00000000e+00
-8.11839381e-01
8.85093697e-02
8.78274673e-01
0.00000000e+00
-6.49012762e-01
8.21103399e-01
-3.27467111e-01
0.00000000e+00
7.52145022e-01
2.69148994e-01
-6.56666934e-02
0.00000000e+00
0.00000000e+00
0.00000000e+00
1.24593820e+00
-4.33174774e-01
-1.68483795e-01
4.12356834e-02
-2.92099542e-01
0.00000000e+00
-4.86931986e-01
-4.22376642e-02
2.30882560e-02
0.00000000e+00
-1.26639636e-01
-2.80473958e-01
3.99305310e-01
-1.70368160e-01
2.57782805e-01
-3.04174557e-01
8.26077863e-01
2.44876562e-01
1.43294813e-01
0.00000000e+00
5.24251402e-01
-7.27117561e-02
-1.05684579e-01
-9.63479101e-03
0.00000000e+00
3.03079516e-01
8.19137597e-01
-9.42094533e-01
8.83168381e-01
-8.43579559e-01
7.27164592e-01
-5.59409626e-02
-6.10822729e-02
1.75377657e-01
-2.13715792e-01
5.03537138e-01
1.05664412e-01
5.67256591e-01
-6.10602866e-01
0.00000000e+00
4.26350261e-01
2.75780189e-02
-9.85364829e-01
0.00000000e+00
0.00000000e+00
0.00000000e+00
2.43919775e-01
5.37977708e-01
-1.49756022e+00
-6.71933729e-01
1.21460972e+00
-5.40348677e-01
-2.41836212e-02
-3.90288788e-01
7.33835129e-01
0.00000000e+00
3.34458774e-01
9.99386513e-01
3.77100065e-02
-5.00687205e-01
-4.67019257e-01
2.37437487e-01
1.40343028e-01
-2.62620913e+00
2.04446274e-02
1.23274303e+00
-2.33736398e+00
0.00000000e+00
0.00000000e+00
0.00000000e+00
4.60960319e-01
8.26692869e-01
-2.44690402e-01
5.26515776e-01
2.11638894e+00
3.05024212e-02
9.66154257e-01
-7.66915614e-03
-1.89849960e+00
0.00000000e+00
2.46972622e-01
-4.76856473e-01
-2.08630860e+00
-5.79659969e-01
1.73466845e+00
3.82022096e-01
2.23531362e-01
-1.29541597e-01
-4.79892466e-02
6.64862513e-01
