0 1 -999999999 -1 -1
1 1 0 -1 -1
0.1711 -1.161
356
1.12086055e-01
-4.92760353e-01
6.04846408e-01
2.31674192e+00
4.30369420e-01
-4.46878073e+00
9.53133720e-01
0.00000000e+00
0.00000000e+00
1.07523070e+00
-5.33164215e-01
-1.26947768e+00
2.95877814e-02
5.88368240e-01
8.56934870e-01
8.71438811e-01
0.00000000e+00
0.00000000e+00
0.00000000e+00
0.00000000e+00
0.00000000e+00
0.00000000e+00
0.00000000e+00
0.00000000e+00
0.00000000e+00
0.00000000e+00
0.00000000e+00
0.00000000e+00
0.00000000e+00
0.00000000e+00
0.00000000e+00
0.00000000e+00
0.00000000e+00
0.00000000e+00
0.00000000e+00
0.00000000e+00
0.00000000e+00
0.00000000e+00
0.00000000e+00
0.00000000e+00
0.00000000e+00
0.00000000e+00
0.00000000e+00
0.00000000e+00
0.00000000e+00
0.00000000e+00
0.00000000e+00
0.00000000e+00
0.00000000e+00
0.00000000e+00
0.00000000e+00
-1.58486636e+00
4.01374470e-02
-9.77985193e-02
0.00000000e+00
0.00000000e+00
0.00000000e+00
0.00000000e+00
-1.44779929e-01
-2.30142665e-01
1.35236926e-02
-4.94209258e-01
-1.41737046e-01
1.56232980e-01
7.39406204e-03
-2.58783809e-01
3.77685275e-01
-5.08317729e-01
2.20259573e-02
-3.24455101e-02
1.89477670e-01
4.94057556e-02
-1.94515989e-02
5.68961204e-02
-8.17219873e-02
-2.75056807e-03
-2.78476112e-01
1.22376330e-01
-9.11100218e-02
-4.01452728e-02
1.42426791e+00
4.31247673e-02
-2.25003251e-01
-1.12840780e+00
0.00000000e+00
0.00000000e+00
0.00000000e+00
0.00000000e+00
0.00000000e+00
0.00000000e+00
-2.76533872e+00
-1.66842099e-01
-3.57841414e+00
-8.76998525e-01
-8.78161523e-02
-1.90565762e-01
8.42765971e-01
3.63922026e-01
8.97692076e-01
1.69133585e-01
3.86259909e-01
3.81855763e-01
0.00000000e+00
0.00000000e+00
4.27602778e+00
3.18666549e+00
4.22660161e-01
1.30811683e-01
7.33576106e-01
1.27769664e-03
6.31379275e-01
-1.07216540e+00
3.44569013e-01
-1.53908312e+00
-2.08852294e+00
-8.25840826e-01
0.00000000e+00
0.00000000e+00
0.00000000e+00
0.00000000e+00
0.00000000e+00
0.00000000e+00
0.00000000e+00
0.00000000e+00
-1.00012350e+00
-1.04247082e+00
-2.53252901e-01
-7.29970120e-01
-5.67148297e-01
5.18386203e-01
5.60463535e+00
5.34003490e+00
5.26436863e+00
5.18984295e+00
4.86618607e+00
5.24299449e+00
4.71056994e-01
5.82032196e-01
8.82855132e-01
3.54041966e-01
9.36927883e-01
1.35085334e+00
0.00000000e+00
3.79430606e-01
-6.76791878e-01
6.44454798e-01
1.85292766e-01
2.33625703e-01
8.47539517e-01
0.00000000e+00
0.00000000e+00
0.00000000e+00
0.00000000e+00
0.00000000e+00
0.00000000e+00
0.00000000e+00
-7.35453462e-01
-1.82208792e-01
-2.65565118e+00
0.00000000e+00
-1.12723504e+00
-6.16240858e-01
-3.81055504e-01
-2.45833858e+00
-1.50829054e+00
0.00000000e+00
0.00000000e+00
0.00000000e+00
1.14525558e-01
3.37130424e-01
6.02675749e-01
4.94347379e-01
9.28228575e-01
5.12150728e-01
-2.51559578e+00
-4.32372316e-01
-3.59342834e-01
0.00000000e+00
8.01605495e-01
-2.10709782e+00
1.56219271e+00
3.96804020e-01
-1.03661456e+00
-9.29412041e-02
7.32089015e-01
-4.11015543e+00
2.22257933e+00
4.41500418e-01
2.38686908e-01
0.00000000e+00
0.00000000e+00
0.00000000e+00
-3.46200806e-01
0.00000000e+00
-1.99237590e-01
-1.36575844e-01
0.00000000e+00
-9.55213766e-01
1.87694949e-01
5.74959030e-01
0.00000000e+00
0.00000000e+00
-8.13203489e-01
-1.39885191e-01
-9.85368407e-01
-2.28066954e-01
1.00157853e-01
-1.21745787e-01
2.47574766e-01
0.00000000e+00
0.00000000e+00
-3.21223722e-01
5.43818243e-01
1.07352064e+00
-1.65418417e-01
3.01215559e-01
9.37723501e-01
3.51786610e-01
-4.85454853e-01
1.20718889e+00
9.55473428e-02
0.00000000e+00
0.00000000e+00
0.00000000e+00
-8.48224414e-01
0.00000000e+00
-2.62840744e-01
-3.10019761e-01
0.00000000e+00
3.00160408e+00
1.87598658e+00
-2.08382206e+00
0.00000000e+00
0.00000000e+00
-1.99947784e-01
1.22010108e+00
1.28920635e+00
-5.98817294e-01
-7.48776281e-01
-2.06839424e+00
8.57554397e-01
0.00000000e+00
0.00000000e+00
3.15173479e-02
-5.29702399e-01
-6.00467798e-01
-7.23760008e-01
0.00000000e+00
-2.05210879e+00
0.00000000e+00
0.00000000e+00
0.00000000e+00
0.00000000e+00
0.00000000e+00
0.00000000e+00
0.00000000e+00
1.48646895e-01
1.69764716e-01
0.00000000e+00
0.00000000e+00
-3.07457944e+00
0.00000000e+00
0.00000000e+00
0.00000000e+00
1.18170632e+00
5.82225432e-01
-1.46006460e-01
7.24917357e-01
-1.15202318e+00
-2.63075920e-01
1.57362405e+00
1.91564206e+00
-2.03448462e-01
0.00000000e+00
2.17071756e-01
-2.29768823e+00
-2.79908438e+00
-1.64655376e+00
-7.22254666e-01
1.49323497e+00
1.38728666e-01
-1.28995618e+00
-8.24034758e-01
4.42395946e-01
6.64226946e-01
0.00000000e+00
0.00000000e+00
0.00000000e+00
-3.58932261e-01
-2.67993667e-01
-2.66675203e-01
-2.47627210e-02
-1.62369276e-01
-6.26798867e-02
-2.98385370e-01
-4.11584337e-01
3.48598541e-02
0.00000000e+00
-3.62653005e-01
4.15262932e-01
7.83783820e-01
2.75374294e-01
6.31988145e-01
-1.28518251e-01
-9.63844676e-02
-3.89249299e-02
7.68604446e-01
2.34216828e-01
4.28120942e-02
-1.40711819e-01
0.00000000e+00
2.76697675e-01
4.10521636e-01
1.03276690e+00
-1.83493637e-01
-9.89985085e-01
-7.11566761e-01
0.00000000e+00
0.00000000e+00
0.00000000e+00
-1.40726869e-01
4.49116550e-01
4.46147586e-01
3.27966306e-01
9.08204620e-01
-1.15618094e+00
-1.09210369e-02
7.52244145e-01
-9.38551438e-02
0.00000000e+00
3.18519426e-01
-1.56210706e+00
-1.86753025e-01
6.31016421e-01
-6.74042654e-01
7.82215908e-02
-6.94065366e-02
3.49459204e-02
-9.95780700e-01
2.31824637e-01
1.83523913e-01
0.00000000e+00
4.45163516e-01
8.33360947e-01
-3.11739153e+00
-4.75529040e-01
0.00000000e+00
0.00000000e+00
2.34759141e-02
2.19112182e+00
1.70472476e-01
0.00000000e+00
0.00000000e+00
0.00000000e+00
0.00000000e+00
0.00000000e+00
247
-2.36667581e+00
-2.36667581e+00
0.00000000e+00
-4.30010260e-01
-1.93666555e+00
0.00000000e+00
0.00000000e+00
0.00000000e+00
0.00000000e+00
0.00000000e+00
-7.86750911e-01
4.26522970e-01
0.00000000e+00
0.00000000e+00
0.00000000e+00
0.00000000e+00
0.00000000e+00
0.00000000e+00
0.00000000e+00
0.00000000e+00
0.00000000e+00
0.00000000e+00
0.00000000e+00
0.00000000e+00
0.00000000e+00
0.00000000e+00
0.00000000e+00
0.00000000e+00
0.00000000e+00
0.00000000e+00
0.00000000e+00
0.00000000e+00
0.00000000e+00
0.00000000e+00
0.00000000e+00
0.00000000e+00
0.00000000e+00
0.00000000e+00
0.00000000e+00
0.00000000e+00
0.00000000e+00
-2.69781362e-01
4.62027492e-04
-3.43577437e-01
-2.87726078e-03
-7.43922173e-01
1.68154928e-03
-1.00939484e+00
1.76258598e-02
1.40515684e+00
1.72035467e+00
1.85974839e+00
0.00000000e+00
0.00000000e+00
0.00000000e+00
0.00000000e+00
0.00000000e+00
0.00000000e+00
0.00000000e+00
4.41848377e+00
8.31156851e+00
2.16325017e-01
-1.02127838e-01
7.48065686e-01
4.73288238e-02
-6.21338834e-01
-6.27164016e-01
9.70340162e-01
2.74582460e-01
2.35363788e-02
0.00000000e+00
0.00000000e+00
0.00000000e+00
0.00000000e+00
0.00000000e+00
0.00000000e+00
0.00000000e+00
0.00000000e+00
0.00000000e+00
-1.18889053e+00
-2.56277617e-01
3.72090114e-01
-3.97338367e-01
0.00000000e+00
6.08245516e-01
6.67228646e+00
8.25072390e+00
8.29639142e+00
8.47650108e+00
8.57842838e+00
8.00013720e+00
1.84633722e+00
9.94374811e-02
9.83776482e-02
-1.81708434e-01
9.78626717e-01
7.67439086e-02
0.00000000e+00
0.00000000e+00
0.00000000e+00
2.16520349e-01
0.00000000e+00
-3.19588877e-02
-3.38911161e-01
0.00000000e+00
0.00000000e+00
0.00000000e+00
-2.02776465e+00
8.17321454e-01
-4.12852834e+00
0.00000000e+00
-9.96931293e-01
-1.65969994e+00
2.69124472e-01
-1.19600023e+00
-2.65663123e+00
0.00000000e+00
0.00000000e+00
0.00000000e+00
1.08653832e+00
4.90612575e-01
7.09591429e-01
0.00000000e+00
0.00000000e+00
1.32848711e+00
0.00000000e+00
1.28932999e+00
1.52187960e+00
0.00000000e+00
1.32430846e+00
-1.22603844e+00
0.00000000e+00
1.18226607e+00
0.00000000e+00
1.53708423e+00
6.10041059e-01
0.00000000e+00
6.40114059e-01
6.58713254e-01
1.38228921e-01
2.42280900e+00
-1.94293821e+00
-2.98899760e+00
0.00000000e+00
-6.97343686e-01
0.00000000e+00
0.00000000e+00
0.00000000e+00
0.00000000e+00
0.00000000e+00
0.00000000e+00
0.00000000e+00
0.00000000e+00
0.00000000e+00
0.00000000e+00
6.51702370e-01
0.00000000e+00
0.00000000e+00
0.00000000e+00
0.00000000e+00
0.00000000e+00
0.00000000e+00
0.00000000e+00
0.00000000e+00
0.00000000e+00
0.00000000e+00
0.00000000e+00
0.00000000e+00
-2.28458008e+00
1.75869648e+00
9.25326913e-01
0.00000000e+00
-2.79486016e+00
0.00000000e+00
0.00000000e+00
0.00000000e+00
0.00000000e+00
6.24880134e-01
2.12590316e+00
0.00000000e+00
0.00000000e+00
-9.26875762e-01
0.00000000e+00
0.00000000e+00
0.00000000e+00
2.37181833e+00
-1.65943336e-01
3.15338628e-01
1.92900574e+00
0.00000000e+00
-2.97804358e-03
2.10432893e+00
1.72977372e+00
-1.00697242e+00
0.00000000e+00
2.16702719e+00
1.24363182e+00
3.80306864e-01
5.51254053e-01
0.00000000e+00
1.58962130e+00
-2.69527622e-01
0.00000000e+00
1.22423259e+00
1.10403247e+00
3.15454216e-01
9.22939446e-01
0.00000000e+00
2.28085888e-01
-4.56440970e-02
-1.87485427e+00
0.00000000e+00
0.00000000e+00
0.00000000e+00
1.34092721e+00
1.53375166e+00
1.39172188e+00
1.52692541e+00
0.00000000e+00
2.11569072e+00
1.72651361e+00
0.00000000e+00
2.76636485e+00
0.00000000e+00
1.63809095e+00
1.84463479e+00
2.08256406e+00
1.40838688e+00
0.00000000e+00
1.36378830e+00
1.96564001e+00
0.00000000e+00
1.85634242e+00
1.74219569e+00
-6.07485230e-01
0.00000000e+00
9.77331841e-01
-8.04042406e-02
-1.24232998e+00
-6.53814974e-01
0.00000000e+00
0.00000000e+00
2.79591806e-01
-5.88515004e-01
0.00000000e+00
0.00000000e+00
0.00000000e+00
3 -999999999 -999999999 0 -1
1 0 0 1 -1
3.7285e-02 -9.3007e-01
356
-8.57303724e-01
0.00000000e+00
0.00000000e+00
0.00000000e+00
0.00000000e+00
0.00000000e+00
0.00000000e+00
0.00000000e+00
0.00000000e+00
0.00000000e+00
0.00000000e+00
0.00000000e+00
0.00000000e+00
0.00000000e+00
0.00000000e+00
0.00000000e+00
0.00000000e+00
0.00000000e+00
0.00000000e+00
0.00000000e+00
0.00000000e+00
0.00000000e+00
0.00000000e+00
0.00000000e+00
0.00000000e+00
0.00000000e+00
0.00000000e+00
0.00000000e+00
0.00000000e+00
0.00000000e+00
0.00000000e+00
4.99424168e-01
-1.35672789e+00
-2.54166354e+00
-2.07660777e+00
7.79411735e-01
6.27641672e-01
1.54039858e+00
1.28305016e+00
1.50068914e+00
2.65169825e-01
0.00000000e+00
0.00000000e+00
0.00000000e+00
0.00000000e+00
0.00000000e+00
0.00000000e+00
0.00000000e+00
0.00000000e+00
0.00000000e+00
0.00000000e+00
-4.76450013e-01
-4.66659186e-01
-1.05166673e+00
0.00000000e+00
0.00000000e+00
0.00000000e+00
0.00000000e+00
-2.67492519e+00
2.47488194e+00
2.82123219e-01
1.72109708e-01
6.83666075e-01
2.69899850e-01
7.66374933e-01
-6.13845854e-01
8.54572347e-02
-9.75360350e-02
5.45059813e-02
-2.09193378e-02
9.95621477e-01
-1.07172107e+00
-4.23335438e-03
1.31193387e+00
0.00000000e+00
0.00000000e+00
0.00000000e+00
0.00000000e+00
0.00000000e+00
0.00000000e+00
9.28876893e-01
7.34215496e-01
-5.54931103e-01
-1.96417789e+00
0.00000000e+00
0.00000000e+00
0.00000000e+00
0.00000000e+00
0.00000000e+00
0.00000000e+00
-1.62181029e+00
-2.09754997e-01
-1.56466470e+00
7.93800913e-01
2.61782164e+00
5.76770500e-01
3.11762751e-01
1.50873622e-01
2.75679908e-01
4.52068918e-01
-3.50341415e-01
-4.97568463e-01
0.00000000e+00
0.00000000e+00
4.96789720e+00
2.37440395e+00
-2.69629635e-01
1.24402209e+00
6.81242429e-01
3.58370486e-01
-1.02370069e+00
-1.22370628e+00
-1.16708428e+00
-6.92556394e-01
-1.45519988e+00
-1.02760727e-01
0.00000000e+00
0.00000000e+00
0.00000000e+00
0.00000000e+00
0.00000000e+00
0.00000000e+00
0.00000000e+00
0.00000000e+00
-2.08217609e+00
-1.31368233e+00
6.16391327e-01
8.97728233e-02
-1.15950869e+00
6.17495281e-01
8.59976994e+00
9.15348238e+00
8.98377441e+00
9.17154007e+00
8.44654258e+00
8.36468717e+00
6.15000913e-01
1.36962007e-01
5.09789984e-01
1.28994506e-01
8.67279273e-01
8.58501526e-01
0.00000000e+00
-1.20493338e-01
-1.88199479e+00
3.09010340e-01
0.00000000e+00
-9.49901475e-01
-2.33401602e-01
0.00000000e+00
0.00000000e+00
0.00000000e+00
0.00000000e+00
0.00000000e+00
0.00000000e+00
0.00000000e+00
-6.23902122e-01
-4.34497213e-01
-3.84718401e+00
0.00000000e+00
-1.36886892e+00
-2.39040422e+00
-6.09147997e-01
-8.41303448e-01
-1.97801691e+00
0.00000000e+00
0.00000000e+00
0.00000000e+00
-1.44390547e+00
2.21358445e+00
-3.51190310e-01
5.11974231e-02
4.50434013e+00
4.81501197e-01
-2.04686747e+00
-1.21647498e+00
-1.46167773e-01
0.00000000e+00
-1.25349491e+00
-1.35180959e+00
2.01042907e+00
4.17610982e-01
-3.38638232e+00
3.97713125e-02
5.73276819e-02
-5.33962358e-01
8.64700523e-01
-8.88224497e-01
1.53500486e-01
0.00000000e+00
0.00000000e+00
0.00000000e+00
3.67030436e-01
0.00000000e+00
0.00000000e+00
0.00000000e+00
0.00000000e+00
0.00000000e+00
9.65164230e-01
-1.81061842e-01
0.00000000e+00
0.00000000e+00
-1.98939297e-02
0.00000000e+00
0.00000000e+00
0.00000000e+00
2.28337381e-01
-8.21586796e-01
4.43728188e-01
0.00000000e+00
0.00000000e+00
1.17437171e-02
-8.03783036e-01
-3.08479404e-02
-1.39395298e+00
0.00000000e+00
0.00000000e+00
1.72949475e+00
0.00000000e+00
0.00000000e+00
-2.69104294e-01
0.00000000e+00
0.00000000e+00
0.00000000e+00
2.63853543e-01
0.00000000e+00
0.00000000e+00
0.00000000e+00
0.00000000e+00
0.00000000e+00
-4.50739606e-01
-1.17827683e+00
0.00000000e+00
0.00000000e+00
-2.86081687e-01
0.00000000e+00
0.00000000e+00
0.00000000e+00
-1.14085838e+00
-1.05632197e+00
9.12570596e-01
0.00000000e+00
0.00000000e+00
-2.32575169e-01
-7.72935096e-01
-5.27249957e-01
0.00000000e+00
0.00000000e+00
-1.17423388e+00
0.00000000e+00
0.00000000e+00
0.00000000e+00
0.00000000e+00
0.00000000e+00
0.00000000e+00
0.00000000e+00
1.63787099e-01
1.63787099e-01
0.00000000e+00
0.00000000e+00
-3.23170767e+00
0.00000000e+00
0.00000000e+00
0.00000000e+00
1.33819567e+00
-5.38976540e-01
-1.19549103e+00
7.40057827e-01
-7.31366311e-01
-1.44221305e+00
5.95576784e-01
1.41115001e+00
8.74724661e-01
0.00000000e+00
1.41886096e+00
-1.09815912e-01
-4.41165503e-01
-1.56720898e+00
5.83380227e-01
-1.66197589e-01
-1.93862613e+00
-1.31261642e+00
-1.20948163e+00
4.59505293e-01
3.16162058e-02
0.00000000e+00
0.00000000e+00
0.00000000e+00
1.71783147e-01
0.00000000e+00
-1.04070146e+00
-2.53538029e-01
1.47649314e-01
-1.73207490e-02
3.88281598e-01
-8.18078124e-02
2.37180217e-01
0.00000000e+00
2.00250793e-02
0.00000000e+00
4.87096630e-01
7.54370118e-01
1.34737123e-01
2.79050536e-01
4.58785781e-01
8.60997965e-01
5.24591483e-01
4.32144568e-01
-1.63614031e-01
-6.73040579e-02
0.00000000e+00
-8.79993923e-01
-8.74433981e-01
6.77825477e-01
-1.04420164e+00
2.99072104e-01
-7.75277179e-01
0.00000000e+00
0.00000000e+00
0.00000000e+00
-1.30658100e-01
0.00000000e+00
2.47029982e+00
1.34597537e+00
1.62098915e+00
1.01725230e+00
1.21552441e-01
1.05269727e+00
-1.48432032e+00
0.00000000e+00
2.14502835e-01
0.00000000e+00
-3.98831975e-01
3.23824512e-01
9.60184244e-01
8.34360730e-01
-4.39382074e-01
4.57007051e-02
-4.36924462e-01
-4.07627066e-01
-9.63099735e-02
0.00000000e+00
-1.35148317e+00
-1.06311567e+00
-3.06809364e+00
-2.32310017e+00
0.00000000e+00
0.00000000e+00
0.00000000e+00
2.56606450e+00
0.00000000e+00
0.00000000e+00
-7.44993474e-01
0.00000000e+00
0.00000000e+00
-1.17613568e-01
247
-1.44982938e+00
0.00000000e+00
0.00000000e+00
0.00000000e+00
0.00000000e+00
0.00000000e+00
0.00000000e+00
0.00000000e+00
0.00000000e+00
0.00000000e+00
0.00000000e+00
0.00000000e+00
0.00000000e+00
0.00000000e+00
0.00000000e+00
0.00000000e+00
0.00000000e+00
0.00000000e+00
0.00000000e+00
0.00000000e+00
0.00000000e+00
0.00000000e+00
0.00000000e+00
0.00000000e+00
0.00000000e+00
0.00000000e+00
0.00000000e+00
-1.06179049e+00
-3.88038896e-01
-5.92097008e-01
-4.69693478e-01
0.00000000e+00
1.35877045e+00
8.74122560e-02
0.00000000e+00
0.00000000e+00
0.00000000e+00
0.00000000e+00
0.00000000e+00
0.00000000e+00
0.00000000e+00
-5.39254458e-01
3.28016131e-02
3.55875560e-01
-1.19887514e-02
-1.26645048e+00
-2.24526943e-02
0.00000000e+00
0.00000000e+00
8.68643304e-01
6.37375533e-01
6.37135344e-01
0.00000000e+00
0.00000000e+00
0.00000000e+00
0.00000000e+00
0.00000000e+00
0.00000000e+00
0.00000000e+00
5.27133221e+00
2.83487453e+00
0.00000000e+00
1.04442280e+00
2.22762892e+00
1.98255691e+00
1.34520661e+00
6.85827540e-01
2.18885142e-01
-2.73010484e-01
-5.23213079e-01
-9.83085286e-01
0.00000000e+00
0.00000000e+00
0.00000000e+00
0.00000000e+00
0.00000000e+00
0.00000000e+00
0.00000000e+00
0.00000000e+00
-1.22883176e+00
-9.79616329e-01
-3.82712248e-01
-6.87965159e-01
-6.24691008e-01
-3.80887405e-01
9.10322191e+00
9.18016246e+00
9.40766000e+00
8.87286576e+00
9.07710510e+00
9.42537059e+00
0.00000000e+00
-1.19200194e+00
4.60094990e-01
8.53529816e-02
-7.63850153e-01
-1.67474966e-02
0.00000000e+00
4.92177021e-01
0.00000000e+00
0.00000000e+00
0.00000000e+00
-1.66877645e-02
-1.43010912e+00
0.00000000e+00
0.00000000e+00
0.00000000e+00
-1.97202574e-02
7.86686338e-01
-4.60914202e+00
0.00000000e+00
-1.58370759e+00
-5.28311986e-01
-2.73493326e+00
-1.54977064e+00
-2.11201958e+00
0.00000000e+00
0.00000000e+00
0.00000000e+00
4.09019814e-01
2.96674237e+00
2.56445778e+00
1.97068957e-01
0.00000000e+00
2.53336011e+00
3.39491846e-01
1.33195275e+00
0.00000000e+00
0.00000000e+00
1.05272728e+00
1.25320705e+00
2.03019973e+00
0.00000000e+00
-8.06344259e-01
3.15363683e-01
-4.99646223e-01
0.00000000e+00
0.00000000e+00
-2.10104140e-01
-5.63974877e-01
3.35244597e-02
-9.37372730e-01
9.70897190e-01
0.00000000e+00
8.28959751e-01
0.00000000e+00
0.00000000e+00
0.00000000e+00
-2.38580745e-01
0.00000000e+00
-5.97029382e-01
-2.22577951e-01
0.00000000e+00
0.00000000e+00
9.43266725e-03
-1.94476407e-01
0.00000000e+00
0.00000000e+00
-3.95659431e-01
-4.35955923e-01
0.00000000e+00
0.00000000e+00
-3.09426188e-01
-3.78209062e-01
-5.46615916e-03
0.00000000e+00
0.00000000e+00
-2.14621458e-01
-5.97499336e-01
-2.24341020e+00
1.64591086e+00
0.00000000e+00
-1.54804470e+00
0.00000000e+00
0.00000000e+00
0.00000000e+00
0.00000000e+00
6.91873504e-02
6.91873504e-02
0.00000000e+00
0.00000000e+00
-4.28470391e+00
0.00000000e+00
0.00000000e+00
0.00000000e+00
3.12546826e+00
0.00000000e+00
1.41638610e+00
3.45848893e+00
0.00000000e+00
1.76633536e+00
3.38078826e+00
2.92023416e+00
1.65830764e+00
0.00000000e+00
2.68989579e+00
2.03882866e+00
0.00000000e+00
2.03839638e+00
1.94407106e+00
2.90952147e+00
2.02297547e+00
0.00000000e+00
1.98522864e+00
2.88532099e+00
-1.23015706e+00
-7.27611373e-01
0.00000000e+00
-1.55182750e+00
3.46586495e-02
4.68663608e-01
0.00000000e+00
0.00000000e+00
0.00000000e+00
1.12404649e-01
0.00000000e+00
0.00000000e+00
0.00000000e+00
0.00000000e+00
0.00000000e+00
7.56205568e-01
0.00000000e+00
0.00000000e+00
0.00000000e+00
8.46943684e-01
0.00000000e+00
0.00000000e+00
6.10132161e-01
0.00000000e+00
0.00000000e+00
0.00000000e+00
0.00000000e+00
9.17546497e-01
6.96386429e-01
-5.02545691e-01
0.00000000e+00
-6.58987135e-01
-2.23156782e-01
-3.05454685e+00
0.00000000e+00
0.00000000e+00
0.00000000e+00
0.00000000e+00
-1.04722495e+00
0.00000000e+00
0.00000000e+00
-7.23615949e-01
1 -999999999 7 0 3
1 0 2 1 1
3.7712e-02 -8.0992e-01
356
-4.65854892e-01
0.00000000e+00
0.00000000e+00
0.00000000e+00
0.00000000e+00
0.00000000e+00
0.00000000e+00
0.00000000e+00
0.00000000e+00
0.00000000e+00
0.00000000e+00
0.00000000e+00
0.00000000e+00
0.00000000e+00
0.00000000e+00
0.00000000e+00
-4.65854892e-01
0.00000000e+00
8.02853582e-01
2.09028605e-01
0.00000000e+00
0.00000000e+00
0.00000000e+00
0.00000000e+00
0.00000000e+00
0.00000000e+00
0.00000000e+00
0.00000000e+00
1.27168198e-01
8.37285429e-01
-1.61600045e-01
8.00253498e-01
-1.26610839e+00
-2.68862294e+00
-2.61872288e+00
1.56512970e+00
5.10335937e-01
1.77596339e+00
1.18141961e+00
1.71291305e+00
8.20179027e-01
-4.53074519e-02
-4.20547440e-01
-5.99272457e-01
-1.88953822e+00
5.10041640e-01
6.30598368e-02
3.39417278e-01
6.54902925e-01
2.14547726e-01
5.18504603e-01
3.10511602e-01
-6.76949674e-01
5.41534819e-01
0.00000000e+00
0.00000000e+00
0.00000000e+00
0.00000000e+00
5.21396385e-02
6.78119703e-02
-8.66932490e-01
1.55685944e+00
1.13719969e-01
7.44771801e-02
1.50369715e-01
-1.89538390e-01
8.48482754e-02
1.00845903e+00
6.98217246e-01
1.09188471e-02
4.74802515e-01
-1.18314714e+00
7.67843892e-03
1.18872015e+00
6.67034532e-02
-2.69791456e-02
1.13871956e+00
0.00000000e+00
0.00000000e+00
0.00000000e+00
1.06065781e+00
5.51813062e-01
-4.39660871e-02
-2.03435967e+00
0.00000000e+00
0.00000000e+00
0.00000000e+00
0.00000000e+00
0.00000000e+00
0.00000000e+00
-1.15118339e+00
-7.08197955e-01
-1.21400867e+00
-3.12043256e-01
-1.83256061e+00
1.67908229e-01
2.19345131e-01
6.33944123e-02
-5.25337417e-01
2.57929934e-01
-1.00204343e-01
-1.55479383e-02
0.00000000e+00
0.00000000e+00
4.44421800e+00
2.47966414e+00
6.89697061e-01
6.67162121e-01
5.37818750e-01
-6.60288576e-01
-1.60441208e-01
-1.59537465e+00
-1.07583169e+00
-3.54309087e-01
-1.71100181e+00
-1.02684582e+00
0.00000000e+00
0.00000000e+00
0.00000000e+00
0.00000000e+00
0.00000000e+00
0.00000000e+00
0.00000000e+00
0.00000000e+00
-2.13762434e+00
-9.82607039e-01
5.44245425e-01
4.62698995e-02
-6.66817037e-03
-4.09134804e-01
8.16375044e+00
8.74944946e+00
8.51702090e+00
8.21289772e+00
7.90294550e+00
7.53397972e+00
5.59513578e-01
-1.32617820e-01
5.71916007e-01
5.92251303e-01
7.68649663e-01
9.26713015e-01
0.00000000e+00
-1.10613352e+00
-2.10641094e+00
-9.02948081e-01
-1.42824213e+00
-7.53599055e-01
-5.21426506e-01
0.00000000e+00
0.00000000e+00
0.00000000e+00
0.00000000e+00
0.00000000e+00
0.00000000e+00
0.00000000e+00
5.55716145e-02
6.04973905e-01
-3.33472790e+00
0.00000000e+00
-1.14789515e+00
-1.97629354e+00
-4.27449843e-01
-9.69225486e-01
-1.57534499e+00
0.00000000e+00
0.00000000e+00
0.00000000e+00
-7.31037424e-01
3.94546821e-01
1.33136105e+00
-2.91575679e-01
4.73280646e+00
3.34871097e-01
-1.45670086e+00
3.72200713e-01
1.02231181e+00
0.00000000e+00
-1.73476848e+00
-7.18293259e-02
2.83915333e-01
-8.05223262e-01
-1.71477930e+00
-4.21338292e-01
2.06795340e-01
-2.87976699e+00
1.01567540e+00
-1.16280941e+00
-7.10269958e-01
0.00000000e+00
0.00000000e+00
0.00000000e+00
5.83866781e-01
0.00000000e+00
4.28197156e-01
-3.29783128e-02
0.00000000e+00
4.85023725e-01
6.03270174e-01
3.23055711e-01
0.00000000e+00
0.00000000e+00
8.01153836e-01
7.82188849e-01
0.00000000e+00
6.13786085e-01
-1.52911684e-01
1.83835781e-01
7.40424903e-01
0.00000000e+00
0.00000000e+00
2.80835690e-01
-4.82128859e-01
2.28881018e-01
-8.44863636e-01
1.07374465e+00
0.00000000e+00
2.15901206e+00
-6.65655064e-01
0.00000000e+00
-1.56342843e-01
0.00000000e+00
0.00000000e+00
0.00000000e+00
-1.56716141e-01
0.00000000e+00
7.44455680e-01
-5.00849933e-03
0.00000000e+00
-1.82679799e-01
2.86198442e-01
2.90940264e-02
0.00000000e+00
0.00000000e+00
-7.89726138e-01
1.06147102e-01
0.00000000e+00
-2.37964408e-02
1.04086501e+00
-2.01773792e-01
-1.44966669e-01
0.00000000e+00
0.00000000e+00
-2.97600740e-01
-7.11009877e-01
-6.45540761e-02
-6.46455801e-01
0.00000000e+00
-1.09321613e+00
0.00000000e+00
0.00000000e+00
0.00000000e+00
0.00000000e+00
0.00000000e+00
0.00000000e+00
0.00000000e+00
2.83560034e-01
2.83560034e-01
0.00000000e+00
0.00000000e+00
-2.94551903e+00
0.00000000e+00
0.00000000e+00
0.00000000e+00
1.59299784e+00
-3.08190312e-01
-1.71376454e+00
1.20149542e+00
-5.74835902e-01
-1.67958128e+00
1.35744505e+00
9.61968241e-01
-1.87095093e+00
0.00000000e+00
1.29754411e+00
2.76897589e-01
-1.10014087e+00
-1.75534105e+00
-7.57502457e-01
9.90526784e-01
-4.63996797e-01
-2.34866151e+00
8.86117363e-01
1.06245422e+00
-7.13092210e-02
0.00000000e+00
0.00000000e+00
0.00000000e+00
-2.23851489e-01
1.88696895e-01
2.30822560e-01
-1.99050578e-01
9.25074703e-02
5.33375275e-01
-8.57777341e-02
-2.64684896e-01
-3.56503041e-01
0.00000000e+00
-1.21178449e-01
-1.51314169e-01
4.82620469e-01
5.86688245e-01
4.64128342e-02
-4.41180454e-01
-2.41720944e-01
1.57523183e-01
-5.61308214e-02
-2.48563578e-01
-9.18820407e-01
-4.20628836e-01
0.00000000e+00
6.32357825e-01
-2.10063572e-01
1.63702968e+00
-9.61496178e-01
-1.09616234e+00
-2.95351614e-01
0.00000000e+00
0.00000000e+00
0.00000000e+00
4.72060128e-01
-1.53775838e+00
-4.79464423e-01
-8.14696064e-02
-6.94757023e-03
-2.27203529e-01
8.79240572e-02
3.60639214e-01
-9.51111735e-01
0.00000000e+00
3.68259910e-01
-2.64925420e-01
-3.60681953e-01
-6.07176673e-01
3.07171162e-01
7.16484998e-01
5.34508155e-01
8.26302718e-01
-9.65889780e-02
6.44626312e-01
-4.98191571e-01
0.00000000e+00
-2.15036854e+00
-6.82863678e-01
-2.02669862e+00
-1.55566471e+00
0.00000000e+00
0.00000000e+00
-4.76513389e-02
2.47477820e+00
0.00000000e+00
0.00000000e+00
-4.71033915e-01
0.00000000e+00
0.00000000e+00
-1.04695015e+00
247
-1.31193662e+00
0.00000000e+00
0.00000000e+00
0.00000000e+00
0.00000000e+00
0.00000000e+00
0.00000000e+00
0.00000000e+00
0.00000000e+00
0.00000000e+00
0.00000000e+00
0.00000000e+00
0.00000000e+00
0.00000000e+00
-1.31193662e+00
0.00000000e+00
3.63757585e-01
-1.67569420e+00
0.00000000e+00
0.00000000e+00
0.00000000e+00
0.00000000e+00
0.00000000e+00
0.00000000e+00
0.00000000e+00
0.00000000e+00
0.00000000e+00
-5.55285617e-01
-7.56650999e-01
7.60396349e-01
-1.31568197e+00
0.00000000e+00
9.24998360e-01
-1.39280527e-01
-2.30000139e+00
9.88064778e-01
-1.34875379e+00
-9.51247599e-01
0.00000000e+00
7.66065824e-01
-7.00428564e-02
-2.04882871e-01
2.83122133e-02
3.90562496e-02
1.82556251e-02
1.81348356e+00
-1.50600255e-02
0.00000000e+00
0.00000000e+00
8.55748233e-01
4.43379483e-01
5.40675040e-01
0.00000000e+00
0.00000000e+00
0.00000000e+00
0.00000000e+00
0.00000000e+00
0.00000000e+00
0.00000000e+00
1.01791633e+01
2.13219500e+00
-8.22640215e-01
7.83871745e-01
4.48017553e-01
9.60331097e-01
-9.25317311e-01
4.17751447e-01
-1.93644015e-01
1.44047485e+00
0.00000000e+00
0.00000000e+00
0.00000000e+00
0.00000000e+00
0.00000000e+00
0.00000000e+00
0.00000000e+00
0.00000000e+00
0.00000000e+00
0.00000000e+00
-1.54980385e+00
-2.53811294e+00
1.06559339e+00
-2.92402620e-01
-1.95316376e+00
1.82375817e+00
9.07145067e+00
8.53206160e+00
7.85582811e+00
8.53389095e+00
8.34814909e+00
8.25738069e+00
0.00000000e+00
0.00000000e+00
3.52990040e-01
2.66312141e-01
3.59780268e-01
4.00579133e-01
0.00000000e+00
0.00000000e+00
0.00000000e+00
1.53327659e+00
0.00000000e+00
2.37808119e-01
8.62014316e-01
0.00000000e+00
0.00000000e+00
0.00000000e+00
-2.17395093e+00
1.03284639e-01
0.00000000e+00
0.00000000e+00
-2.42127561e+00
7.43910296e-01
-2.00426488e+00
-1.43986674e+00
-1.67736531e+00
0.00000000e+00
0.00000000e+00
0.00000000e+00
-1.00169954e+00
-2.20757162e+00
-8.33669715e-01
-1.54112124e+00
0.00000000e+00
-3.86387584e-01
-1.28136268e+00
-5.89322345e-01
-2.68811968e+00
0.00000000e+00
1.72545406e-01
0.00000000e+00
-3.67387304e-01
-1.35143951e+00
-1.05797123e+00
0.00000000e+00
4.94349544e-01
0.00000000e+00
-5.11457251e-01
-1.68824414e-01
-1.18482541e+00
-2.12551001e+00
0.00000000e+00
4.59059968e+00
0.00000000e+00
1.63779619e+00
0.00000000e+00
0.00000000e+00
0.00000000e+00
8.89038335e-01
0.00000000e+00
0.00000000e+00
0.00000000e+00
0.00000000e+00
0.00000000e+00
0.00000000e+00
0.00000000e+00
0.00000000e+00
0.00000000e+00
0.00000000e+00
0.00000000e+00
0.00000000e+00
0.00000000e+00
0.00000000e+00
0.00000000e+00
0.00000000e+00
0.00000000e+00
0.00000000e+00
0.00000000e+00
9.40684605e-01
1.63969224e+00
0.00000000e+00
0.00000000e+00
-4.92539905e-01
0.00000000e+00
0.00000000e+00
0.00000000e+00
0.00000000e+00
-1.96774309e-01
-1.96774309e-01
0.00000000e+00
0.00000000e+00
-3.44413162e+00
0.00000000e+00
0.00000000e+00
0.00000000e+00
3.09032983e-01
-2.80104107e+00
-2.15092441e+00
1.41733570e+00
0.00000000e+00
-3.77067841e+00
2.30034965e+00
2.44261690e+00
-2.18634435e+00
0.00000000e+00
-8.02228948e-01
7.69357447e-01
-6.96281130e-01
-9.20243053e-01
1.39103481e+00
1.83792955e+00
-9.23933201e-01
-1.76145461e+00
7.76037042e-01
1.67285320e+00
-1.51582650e-02
-6.84498255e-02
0.00000000e+00
8.93259555e-02
-4.07259883e-01
8.45760744e-01
0.00000000e+00
0.00000000e+00
0.00000000e+00
-5.32891296e-01
-3.29139875e-01
-6.94268468e-01
-2.65277046e-01
0.00000000e+00
-3.99572469e-02
-5.45936511e-01
-5.46214935e-01
4.77332876e-01
0.00000000e+00
-1.15214668e-01
-7.71791412e-01
-2.98096391e-01
-8.77485620e-01
-4.45180730e-01
-7.36122670e-01
-9.91898130e-01
5.38222066e-01
-8.35064468e-01
-4.25256151e-01
5.32915605e-02
0.00000000e+00
-2.88774668e+00
-7.38093060e-01
-3.42897335e+00
-1.93581505e+00
0.00000000e+00
0.00000000e+00
0.00000000e+00
-1.49315830e+00
0.00000000e+00
0.00000000e+00
0.00000000e+00
2 1
-2.6875e-01 -2.7726e-01
3 0
0 3 1 
217
-3.24551079e-01
-1.02201620e+00
7.25582437e-01
-6.12156144e-01
-7.90044742e-02
-2.19509218e-01
8.90572348e-02
9.67079156e-02
-3.93101976e-01
1.60148592e+00
7.35949641e-01
-5.03623541e-01
-6.77451505e-01
1.14405882e+00
1.93897703e+00
-6.71967423e-02
2.12667727e-01
-3.52087303e-01
-5.25291627e-03
2.40812206e-01
-8.87075219e-01
-1.30266950e-02
2.34199469e-01
-1.02436559e+00
-4.33800422e-02
2.32336685e-01
4.78422768e-01
3.51753697e-01
5.44760177e-01
-1.69940125e+00
0.00000000e+00
0.00000000e+00
0.00000000e+00
0.00000000e+00
0.00000000e+00
0.00000000e+00
3.70138676e-01
-8.75167653e-01
-1.86840263e-01
3.67318161e-01
0.00000000e+00
0.00000000e+00
0.00000000e+00
0.00000000e+00
3.70138676e-01
2.74376976e-01
-1.28152507e+00
5.28667643e-01
1.31980443e-01
-3.24744699e-01
-3.90763207e-01
3.67318161e-01
0.00000000e+00
0.00000000e+00
0.00000000e+00
0.00000000e+00
0.00000000e+00
0.00000000e+00
0.00000000e+00
0.00000000e+00
5.71241105e-01
-1.54030784e+00
2.74376976e-01
-1.94578590e+00
7.75616741e-01
-9.34576535e-01
1.16067840e+00
1.04268874e+00
-3.15060318e-01
1.17432447e+00
5.75678751e-01
-1.23927356e-01
0.00000000e+00
-4.44483299e-01
2.49671875e-01
-3.31819176e-01
7.54998288e-01
5.05490014e-01
-6.13831791e-01
0.00000000e+00
-3.64425579e-01
1.11486837e-01
1.48216277e-01
6.96408791e-01
0.00000000e+00
0.00000000e+00
0.00000000e+00
0.00000000e+00
0.00000000e+00
0.00000000e+00
0.00000000e+00
0.00000000e+00
0.00000000e+00
0.00000000e+00
0.00000000e+00
0.00000000e+00
0.00000000e+00
0.00000000e+00
0.00000000e+00
0.00000000e+00
0.00000000e+00
0.00000000e+00
0.00000000e+00
0.00000000e+00
0.00000000e+00
0.00000000e+00
0.00000000e+00
0.00000000e+00
0.00000000e+00
0.00000000e+00
0.00000000e+00
0.00000000e+00
0.00000000e+00
0.00000000e+00
0.00000000e+00
0.00000000e+00
0.00000000e+00
0.00000000e+00
0.00000000e+00
9.77749257e-01
-2.09574844e+00
-1.63703210e+00
0.00000000e+00
0.00000000e+00
0.00000000e+00
2.25344818e+00
1.68612216e+00
1.42707618e-01
-6.91823100e-01
0.00000000e+00
2.05231822e+00
-2.73398495e+00
8.68870767e-01
7.45330490e-01
0.00000000e+00
1.18251519e+00
-2.57917781e-01
6.45649697e-01
2.57250048e+00
6.30010423e-01
2.00575647e+00
1.45942407e+00
0.00000000e+00
1.26102404e+00
6.11422364e-01
-9.29506896e-01
0.00000000e+00
0.00000000e+00
0.00000000e+00
8.37972154e-01
1.02774067e+00
1.87228048e+00
2.03572661e+00
0.00000000e+00
-2.08061430e-02
2.27084564e+00
1.16488539e+00
7.77979766e-01
0.00000000e+00
1.22909634e+00
1.35079916e+00
1.22280128e+00
2.57910864e-01
9.79942847e-01
9.27428069e-01
1.03070763e+00
0.00000000e+00
1.62375274e+00
1.60704511e+00
-3.10911244e+00
0.00000000e+00
0.00000000e+00
0.00000000e+00
1.16548043e+00
-1.43285525e-03
-6.54799030e-01
1.62096727e+00
2.33118513e-01
-2.50299655e+00
8.70209000e-02
4.38496875e-01
-3.70863453e+00
0.00000000e+00
8.89527894e-02
-1.99222437e+00
-7.86472986e-01
1.10539426e+00
1.86868206e+00
3.36429206e-01
-3.17005499e-01
9.59056322e-02
2.20522275e-01
1.93333602e+00
-1.06854334e-01
0.00000000e+00
0.00000000e+00
0.00000000e+00
-3.27953948e-02
-2.46747478e-03
3.68491432e-01
-5.36705980e-01
-2.05293690e-01
1.76544983e+00
4.79723016e-01
2.13863463e-01
1.40786927e+00
0.00000000e+00
3.82477056e-02
4.20324174e-01
-2.50466512e-01
-4.05079297e-01
-8.24121169e-01
2.17622988e-01
5.63712286e-01
-3.42478918e-01
2.37757684e-01
-3.88099606e-01
136
9.64238244e-01
8.45531240e-01
-1.11557143e-03
2.94371266e-01
-1.80884232e-03
-1.53959872e-01
2.05939978e-04
-2.17043890e-02
-3.10598508e-02
8.83464262e-01
4.09759855e-01
2.47389816e-01
-5.75866975e-01
0.00000000e+00
0.00000000e+00
0.00000000e+00
0.00000000e+00
0.00000000e+00
0.00000000e+00
0.00000000e+00
-7.41899145e-01
-1.44778223e-02
3.29211932e-01
0.00000000e+00
0.00000000e+00
0.00000000e+00
0.00000000e+00
0.00000000e+00
-5.98762165e-02
-5.08763244e-01
-1.24152146e-01
-1.73259684e-01
6.49257598e-01
-5.39583275e-01
3.29211932e-01
0.00000000e+00
0.00000000e+00
0.00000000e+00
0.00000000e+00
0.00000000e+00
0.00000000e+00
0.00000000e+00
0.00000000e+00
0.00000000e+00
0.00000000e+00
0.00000000e+00
-2.25640844e-01
3.95437920e-01
9.82253946e-01
6.44385029e-02
-9.87523396e-01
1.30984368e+00
4.97681293e-01
4.76890949e-01
-1.18694729e-01
0.00000000e+00
1.32564074e+00
-6.27029063e-01
3.09412827e-01
-2.66251766e-01
8.15976798e-02
-1.22160620e+00
-5.98762165e-02
0.00000000e+00
0.00000000e+00
0.00000000e+00
0.00000000e+00
0.00000000e+00
0.00000000e+00
0.00000000e+00
0.00000000e+00
0.00000000e+00
0.00000000e+00
0.00000000e+00
0.00000000e+00
0.00000000e+00
0.00000000e+00
0.00000000e+00
0.00000000e+00
0.00000000e+00
0.00000000e+00
0.00000000e+00
0.00000000e+00
0.00000000e+00
0.00000000e+00
0.00000000e+00
6.84247460e-01
-1.52779541e+00
-9.37867679e-01
0.00000000e+00
0.00000000e+00
0.00000000e+00
1.16235390e+00
-1.58812203e+00
5.89220876e-01
1.35163447e-01
0.00000000e+00
6.30936696e-01
1.89675137e-01
1.02039951e+00
-7.86478241e-02
0.00000000e+00
3.40921833e-01
-1.12358481e+00
3.37580624e-01
-2.91480969e-02
-9.28539001e-01
6.60288340e-01
-1.51173528e-02
-2.68393564e+00
1.38055139e-01
-7.06496957e-02
-2.10727323e+00
0.00000000e+00
0.00000000e+00
0.00000000e+00
-3.48290649e-02
-4.50593092e-01
-4.92475401e-01
3.87337617e-01
-7.81328853e-01
3.06519463e-01
3.54263726e-01
3.56194723e-01
-2.43716135e-01
0.00000000e+00
-1.32749731e-01
4.90788301e-01
-9.90385017e-02
2.76054310e-02
-5.48230124e-01
4.50475224e-02
-3.03042861e-01
-2.04954372e+00
5.67209331e-01
4.93308136e-01
5 1
-7.1904e-01 -7.1353e-02
4 0
0 3 1 2 
217
8.47164151e-01
-1.20489376e+00
7.63679259e-01
-6.67494820e-01
-4.93380997e-01
6.97903451e-01
2.92390102e-01
1.21828701e-01
1.13254478e+00
-1.07874230e+00
-1.64416795e-01
-4.10832898e-01
8.00270593e-02
-2.29249998e-01
2.80134843e+00
-5.72085180e-02
-3.04091040e-01
-1.52747440e+00
5.46982048e-03
9.35927589e-01
-6.52102274e-01
-1.36539952e-02
8.91389330e-01
2.25392389e-01
-5.54657443e-02
-3.79814092e-02
3.36712695e-01
6.80078079e-01
3.21058448e-01
-4.90685071e-01
0.00000000e+00
0.00000000e+00
0.00000000e+00
0.00000000e+00
0.00000000e+00
0.00000000e+00
0.00000000e+00
-8.70973551e-01
-1.13118460e+00
3.66575604e-01
3.50115484e-01
0.00000000e+00
0.00000000e+00
0.00000000e+00
0.00000000e+00
-7.50526980e-01
3.94109776e-01
2.03891590e+00
-7.81416687e-01
-4.44972788e-01
-1.25250624e+00
-6.84141465e-01
0.00000000e+00
7.27134959e-01
0.00000000e+00
1.44186568e+00
4.63644195e-02
-1.81179030e-03
-3.89336819e-01
3.50115484e-01
1.10877773e-01
-1.63981315e+00
2.43468319e-01
-1.70863950e+00
-1.20775349e-01
-1.27664951e-01
1.73730216e+00
1.06847474e+00
9.39276843e-01
1.39502717e+00
1.53221101e+00
-3.37948321e-01
0.00000000e+00
-6.81237863e-01
6.04319899e-01
3.34139327e-01
1.63117605e+00
0.00000000e+00
-3.20393984e+00
0.00000000e+00
-1.55174870e+00
2.30531027e-02
-1.60595719e+00
7.00390205e-01
0.00000000e+00
6.52092728e-01
0.00000000e+00
2.40170930e-01
-1.57493177e+00
-4.50995079e-02
5.72448611e-01
0.00000000e+00
0.00000000e+00
0.00000000e+00
0.00000000e+00
0.00000000e+00
0.00000000e+00
0.00000000e+00
0.00000000e+00
0.00000000e+00
0.00000000e+00
0.00000000e+00
0.00000000e+00
0.00000000e+00
0.00000000e+00
0.00000000e+00
0.00000000e+00
0.00000000e+00
0.00000000e+00
0.00000000e+00
0.00000000e+00
0.00000000e+00
0.00000000e+00
0.00000000e+00
0.00000000e+00
0.00000000e+00
0.00000000e+00
0.00000000e+00
0.00000000e+00
4.76097372e-01
-1.93288067e+00
-2.07981458e+00
0.00000000e+00
0.00000000e+00
0.00000000e+00
2.62723549e+00
6.18744260e-01
-6.20130057e-01
6.92944857e-01
0.00000000e+00
4.39525776e-01
-8.44648053e-01
3.51252595e+00
1.77472008e+00
0.00000000e+00
1.73025780e+00
-2.47697272e-01
2.82489501e+00
-4.47804346e-01
7.19393416e-01
4.10856522e-01
2.10195069e+00
-2.23926547e-02
1.00086172e-01
2.59931937e+00
-1.41890314e+00
0.00000000e+00
0.00000000e+00
0.00000000e+00
1.71845861e+00
1.78572384e+00
2.04803553e+00
1.63532615e+00
0.00000000e+00
1.30093856e+00
2.11605743e+00
7.51995192e-01
-1.41874451e-01
0.00000000e+00
1.52671839e+00
1.83149753e+00
1.43530243e+00
2.23963709e+00
1.30646530e+00
2.13448562e+00
1.54851086e+00
-3.06048670e-02
3.03137613e+00
1.46095985e+00
-2.73405237e+00
0.00000000e+00
0.00000000e+00
0.00000000e+00
-4.31055035e-01
1.44253833e+00
-3.83170600e-01
-5.29906564e-01
5.75571304e-01
1.51838593e+00
1.12298135e+00
-7.53709746e-01
-1.24657589e+00
0.00000000e+00
7.19527654e-01
-2.26498434e+00
-1.34412712e+00
-2.93482814e-01
-2.02115177e-01
1.06221505e-01
4.89366907e-01
-1.62627569e+00
-2.48950037e-01
6.15707669e-01
9.86702778e-02
0.00000000e+00
0.00000000e+00
0.00000000e+00
2.26162376e-01
2.53164156e-02
-8.55812718e-02
5.69582674e-01
-1.96019499e-01
-1.31003352e-01
-5.08280584e-01
2.69799781e-01
5.73592179e-01
0.00000000e+00
-6.83767765e-01
4.03334575e-01
-1.41246883e-01
-3.36050213e-03
-8.82481102e-02
-8.70071607e-02
-9.96038668e-02
2.52008825e-01
-8.50938681e-02
-1.11913686e-01
136
-2.84760638e-02
1.81594740e+00
-5.46486671e-02
-9.14875427e-02
-6.10200384e-03
-7.59316346e-01
-1.92997608e-03
-9.93619573e-01
-1.45187876e-02
4.86291723e-01
1.88881820e-01
1.68307740e-01
-8.53102277e-01
0.00000000e+00
0.00000000e+00
0.00000000e+00
0.00000000e+00
0.00000000e+00
0.00000000e+00
0.00000000e+00
-1.86335685e-01
-2.47278467e-01
1.10397120e-01
2.94740969e-01
0.00000000e+00
0.00000000e+00
0.00000000e+00
0.00000000e+00
-2.19783980e+00
5.01943700e-01
9.86880070e-02
6.88800798e-01
9.46097870e-01
1.21338231e-01
-2.70030414e-01
0.00000000e+00
-6.43065668e-01
-7.09922254e-01
1.42266381e+00
-6.04146530e-02
1.00577877e+00
-2.04801505e+00
2.94740969e-01
0.00000000e+00
0.00000000e+00
0.00000000e+00
-1.01170678e+00
3.26197164e-01
9.56920171e-01
-1.92745729e-01
-9.99648688e-01
6.44299263e-01
-8.41823327e-02
5.09419482e-01
-4.00162394e-03
0.00000000e+00
4.87068661e-01
-1.19384125e+00
3.15874413e-01
-8.39484998e-02
1.45759519e-02
-3.49003339e+00
2.67096867e+00
-2.95686576e-01
4.24202460e-01
-1.23126204e+00
0.00000000e+00
0.00000000e+00
0.00000000e+00
0.00000000e+00
0.00000000e+00
0.00000000e+00
0.00000000e+00
0.00000000e+00
0.00000000e+00
0.00000000e+00
0.00000000e+00
0.00000000e+00
0.00000000e+00
0.00000000e+00
0.00000000e+00
0.00000000e+00
0.00000000e+00
0.00000000e+00
0.00000000e+00
0.00000000e+00
7.49043890e-01
-1.35028266e+00
-9.49093187e-01
0.00000000e+00
0.00000000e+00
0.00000000e+00
1.00929936e+00
-1.30007083e+00
7.03646540e-01
3.84149260e-01
5.22049022e-01
6.13649862e-01
1.67115881e-01
1.24484822e+00
-2.37011697e-01
0.00000000e+00
4.73518479e-01
-1.27618753e+00
-7.39046810e-02
-5.17484446e-01
-5.91122314e-01
8.02419097e-01
-2.71480261e-02
-2.62903105e+00
6.59734031e-02
-2.83801734e-01
-2.30221455e+00
0.00000000e+00
0.00000000e+00
0.00000000e+00
1.08393026e-01
-9.66434236e-01
-5.47166041e-01
2.16001033e-01
-1.24577780e+00
1.40121072e-02
7.64936744e-01
4.33387956e-01
2.54698291e-01
0.00000000e+00
1.27186451e-01
4.68806096e-01
-4.01321234e-01
-1.57315969e-01
-4.02423870e-01
3.35263692e-01
-8.74379614e-02
-2.27252916e+00
4.91132440e-01
5.64373878e-01
4 1
-1.0260e+00 1.2382e-01
5 3
0 3 1 2 5 
217
-7.00652791e-01
1.56472226e+00
-9.67918122e-01
0.00000000e+00
-1.07307428e+00
-1.24459771e+00
-4.89484579e-01
3.07285901e-01
3.40350586e-01
-3.58993350e-01
3.67642236e-01
-5.87141603e-01
1.53913249e-01
8.44980687e-01
8.09964886e-01
-2.63281208e-03
3.00181218e-01
3.84340084e-01
-5.83559665e-03
4.95353017e-02
-1.67278589e+00
-4.11994540e-02
9.56304199e-01
0.00000000e+00
0.00000000e+00
0.00000000e+00
0.00000000e+00
8.37821526e-01
1.61359500e-01
0.00000000e+00
0.00000000e+00
0.00000000e+00
0.00000000e+00
0.00000000e+00
0.00000000e+00
0.00000000e+00
0.00000000e+00
-8.28875993e-01
-6.76889047e-01
-4.80894944e-01
3.24711217e-01
9.61295976e-01
0.00000000e+00
0.00000000e+00
0.00000000e+00
0.00000000e+00
0.00000000e+00
-2.76936785e-01
1.70477289e+00
1.06269373e+00
1.76981479e+00
-1.48183141e-01
0.00000000e+00
0.00000000e+00
0.00000000e+00
0.00000000e+00
0.00000000e+00
1.41110681e+00
0.00000000e+00
1.57222916e-01
2.07725152e+00
8.41336639e-01
0.00000000e+00
-3.16642829e+00
-2.86876365e+00
0.00000000e+00
2.62557558e+00
9.88880773e-01
2.70896357e+00
9.34014229e-01
0.00000000e+00
-1.69066697e+00
0.00000000e+00
2.89442325e-01
1.08959792e-01
7.87358746e-01
1.79800396e+00
0.00000000e+00
-1.05005112e-01
0.00000000e+00
-8.13544715e-01
-5.93790417e-02
2.17897037e-01
7.27440286e-01
2.60073691e-01
6.83930372e-01
0.00000000e+00
-6.43496250e-02
-7.92666486e-02
-1.58030723e+00
-8.18571242e-01
1.32999110e+00
-3.39594028e-01
-3.20668836e-01
-1.41165540e+00
-4.25068909e-01
-2.79394466e-01
4.74859186e-01
0.00000000e+00
0.00000000e+00
0.00000000e+00
0.00000000e+00
0.00000000e+00
0.00000000e+00
0.00000000e+00
0.00000000e+00
0.00000000e+00
0.00000000e+00
0.00000000e+00
0.00000000e+00
0.00000000e+00
0.00000000e+00
0.00000000e+00
0.00000000e+00
0.00000000e+00
0.00000000e+00
0.00000000e+00
0.00000000e+00
0.00000000e+00
-5.20072753e-01
-1.34101184e+00
-2.69944000e+00
0.00000000e+00
0.00000000e+00
0.00000000e+00
3.18701846e-01
-1.07949379e-02
-2.73059864e-01
-2.34460995e-01
0.00000000e+00
-1.25171092e+00
3.64726240e-01
-2.76977382e+00
8.84130047e-01
0.00000000e+00
1.97185470e+00
5.55252378e-01
1.27873105e+00
-2.90291012e-01
2.12122502e+00
6.49966096e-01
-4.45418609e-02
-2.22171874e-01
0.00000000e+00
5.44093575e-01
-4.74118464e-01
0.00000000e+00
0.00000000e+00
0.00000000e+00
1.37793072e+00
-2.18322452e-02
1.26590035e+00
1.21489538e+00
0.00000000e+00
1.44223820e+00
1.77567576e+00
2.36688450e+00
6.53639780e-01
0.00000000e+00
2.49597375e-01
1.48690602e+00
-1.46331285e-01
5.73328616e-01
1.92373893e-01
1.24010407e+00
1.44109967e+00
-4.34690493e-01
0.00000000e+00
1.07645926e+00
-3.41904660e+00
0.00000000e+00
0.00000000e+00
0.00000000e+00
6.39344933e-01
-1.16932762e-03
1.12610670e+00
1.61449207e+00
-1.31664402e-01
4.21034023e-01
1.16424440e-01
2.36270039e+00
2.18284043e-01
0.00000000e+00
-1.75837302e+00
-4.40848382e-03
-3.46488286e-02
-5.65572181e-01
-5.53685937e-01
4.88915936e-01
9.23417238e-02
-3.04261972e-02
5.77199237e-01
-9.48911597e-01
-4.54135798e-01
0.00000000e+00
0.00000000e+00
0.00000000e+00
6.93867849e-01
-4.17155694e-03
4.27328473e-01
6.90682834e-01
4.67430175e-01
5.17203507e-01
9.36673632e-01
1.35955386e-01
9.36543994e-01
0.00000000e+00
1.62626447e+00
-1.14955260e-02
1.07805303e+00
1.04715720e+00
7.23847240e-01
7.19070620e-01
8.60145038e-01
-1.74791327e-02
4.83800406e-01
1.52230832e+00
136
1.74356039e-01
4.02168705e-01
-4.49826041e-02
-4.02986258e-01
1.87174349e-03
4.21960734e-01
-8.64338929e-02
0.00000000e+00
0.00000000e+00
2.72108871e-01
4.59034598e-01
4.61004470e-01
-1.01287575e+00
0.00000000e+00
0.00000000e+00
0.00000000e+00
0.00000000e+00
0.00000000e+00
0.00000000e+00
0.00000000e+00
7.14588362e-02
2.63739255e-01
-3.21538526e-01
1.51571176e-01
9.12529763e-03
0.00000000e+00
0.00000000e+00
0.00000000e+00
-1.27472949e+00
-9.57717859e-01
-9.24730315e-02
-6.90756788e-01
5.90075002e-01
-5.05083596e-01
1.63286341e+00
1.08321536e+00
-1.07193315e+00
-8.11162552e-01
3.88388464e-01
-2.99164058e-01
-2.84478517e-01
1.19864162e-01
2.81605575e-01
0.00000000e+00
0.00000000e+00
0.00000000e+00
1.34790949e-01
-1.29753166e-01
8.97181788e-01
9.36895469e-02
-5.96304536e-01
-1.28280257e+00
1.40087404e+00
6.69150029e-01
-4.32013938e-02
0.00000000e+00
0.00000000e+00
-4.21011884e-01
2.08118561e-01
-2.24581218e-01
1.37811703e-02
-1.75666670e-01
-3.93694354e-01
-3.62048580e-01
1.21727940e-01
-4.48970233e-01
2.90093304e-01
7.48930641e-02
-3.02303275e-01
2.65178825e-01
-3.81083243e-01
0.00000000e+00
0.00000000e+00
0.00000000e+00
0.00000000e+00
0.00000000e+00
0.00000000e+00
0.00000000e+00
0.00000000e+00
0.00000000e+00
0.00000000e+00
0.00000000e+00
0.00000000e+00
0.00000000e+00
0.00000000e+00
0.00000000e+00
6.67526183e-01
-1.35071770e+00
-6.03767446e-01
0.00000000e+00
0.00000000e+00
0.00000000e+00
1.17298113e+00
-1.17488360e+00
4.14278594e-01
1.06128981e-01
1.77042315e+00
-1.38151004e-01
-2.00093465e-01
1.03491217e+00
-2.71915335e-01
0.00000000e+00
1.31838327e-02
-1.19323729e+00
6.56967382e-01
2.63431068e-01
-1.02699669e+00
6.43032067e-01
-2.62877714e-01
-2.88002977e+00
1.02067991e+00
-5.51600851e-01
-2.34390902e+00
0.00000000e+00
0.00000000e+00
0.00000000e+00
3.63690580e-02
-7.06511256e-01
-4.31003689e-01
-3.26737959e-02
-4.74817025e-01
4.42784306e-01
4.72023919e-01
4.09494747e-01
2.38642611e-01
0.00000000e+00
-1.49094116e-01
4.80603070e-01
-5.98261711e-01
-3.38703304e-01
-3.14004599e-01
-4.67649098e-02
-8.59234608e-02
-1.86532761e+00
2.30861248e-01
3.88397496e-01
6 1
-1.0831e+00 2.0418e-01
6 3
0 3 1 2 5 4 
217
8.34494955e-01
1.78017267e-01
-7.30704160e-01
0.00000000e+00
1.28393327e-01
6.20901279e-01
-2.38755024e-01
2.55649882e-01
8.60640001e-02
5.21768619e-01
2.30640150e-01
-5.12725770e-01
6.28152501e-01
-3.42415688e+00
-2.07909894e+00
1.57795203e-01
-6.35591984e-01
7.08473308e-01
-7.84118390e-03
4.36941116e-01
2.22852811e+00
-2.33745868e-01
8.37278277e-01
0.00000000e+00
0.00000000e+00
0.00000000e+00
0.00000000e+00
1.00228141e+00
5.41467757e-01
0.00000000e+00
0.00000000e+00
0.00000000e+00
0.00000000e+00
0.00000000e+00
0.00000000e+00
0.00000000e+00
0.00000000e+00
-7.90809893e-01
5.68859014e-02
2.88627332e-02
-4.55631031e-01
-1.86841737e-01
0.00000000e+00
0.00000000e+00
0.00000000e+00
-2.09471861e-01
-1.48505853e+00
0.00000000e+00
-3.84862033e-01
9.87625456e-01
-1.38583118e+00
9.68254421e-01
0.00000000e+00
0.00000000e+00
0.00000000e+00
0.00000000e+00
-3.43277463e-01
7.37053752e-01
0.00000000e+00
3.69943846e-01
-8.49989327e-01
4.98714401e-01
1.18576988e+00
-1.96827328e+00
-1.05865561e+00
-1.18012810e+00
1.83696404e+00
5.80190411e-01
2.02445980e+00
4.44945912e-01
0.00000000e+00
-3.20217828e-02
0.00000000e+00
6.39920623e-01
7.32063831e-01
2.36380258e-01
1.69170203e-01
0.00000000e+00
-1.09131764e+00
0.00000000e+00
5.51804738e-01
-1.33458729e-02
1.37400785e+00
8.74155422e-01
7.24014959e-01
-6.62003349e-01
0.00000000e+00
-3.12155535e-01
-6.35982157e-01
1.08463888e+00
7.36461428e-01
5.58763470e-01
-5.29958706e-01
-1.69216388e-01
4.51002699e-01
-1.21280997e+00
3.54687493e-01
5.05819007e-02
0.00000000e+00
-6.68785384e-01
0.00000000e+00
1.04542949e+00
-8.00074666e-01
4.57850848e-01
1.10152536e+00
0.00000000e+00
0.00000000e+00
0.00000000e+00
0.00000000e+00
0.00000000e+00
0.00000000e+00
0.00000000e+00
0.00000000e+00
0.00000000e+00
0.00000000e+00
0.00000000e+00
0.00000000e+00
0.00000000e+00
0.00000000e+00
1.97412364e+00
-1.91252308e+00
-1.19611829e+00
0.00000000e+00
0.00000000e+00
0.00000000e+00
2.69928241e+00
-8.58542130e-01
-1.16864819e+00
7.30799184e-01
-9.05959676e-02
-8.37885760e-01
-4.29685931e-01
1.40898713e+00
-1.52621807e+00
0.00000000e+00
-7.17370643e-01
1.82833520e+00
-1.48734113e-01
-1.62102797e+00
1.48620068e-01
6.71320861e-01
3.56408260e-02
-1.37517937e+00
1.18847199e+00
-1.13368781e+00
4.36089009e-01
0.00000000e+00
0.00000000e+00
0.00000000e+00
-8.31769158e-01
-1.64936486e-02
5.86611550e-01
-9.37160640e-02
1.88503398e-01
4.18979323e-01
-1.51625766e-01
-4.36096793e-01
7.13613782e-01
0.00000000e+00
-5.22427849e-02
-6.19146138e-01
-4.02521876e-02
3.80851544e-01
-2.44660191e-02
-4.74166267e-01
8.61374095e-02
7.17769921e-01
-1.81013605e-01
2.64610513e-01
-2.76115739e+00
0.00000000e+00
0.00000000e+00
0.00000000e+00
1.41820836e+00
-1.79937442e-03
-2.09522478e+00
5.25370101e-01
0.00000000e+00
-2.69540225e-01
2.42090630e+00
6.79347288e-03
-6.27055287e-02
0.00000000e+00
9.42189583e-02
-6.45643480e-01
-2.59887252e-02
2.27442844e-01
3.80825768e-01
9.50711720e-01
-1.10026622e+00
-3.25570558e-02
-5.42662801e-02
-5.53074458e-01
-7.01603313e-01
0.00000000e+00
0.00000000e+00
0.00000000e+00
1.98454066e-01
-2.88664161e-03
9.96821013e-01
6.88187820e-01
0.00000000e+00
9.09956027e-02
-9.39055924e-02
6.53878625e-01
-1.51146018e-01
0.00000000e+00
4.29671019e-01
8.69554253e-01
-7.08005537e-02
4.03142404e-01
8.32126461e-01
-4.27763667e-02
1.19547626e+00
-5.67340949e-02
1.05732797e+00
9.14788864e-01
136
-2.58213866e-01
6.17585121e-01
-3.41023634e-02
-4.97918296e-01
6.57878537e-03
4.00734910e-01
-9.33223149e-02
0.00000000e+00
0.00000000e+00
-3.19598681e-01
2.03282308e-01
-5.95311118e-02
-7.95222888e-02
0.00000000e+00
0.00000000e+00
0.00000000e+00
0.00000000e+00
0.00000000e+00
0.00000000e+00
0.00000000e+00
8.41877694e-02
-3.06513865e-01
-3.00325513e-01
2.28097921e-01
1.72536534e-01
-1.36196713e-01
0.00000000e+00
0.00000000e+00
-1.46532000e+00
-9.69613312e-01
3.58207049e-01
-6.25425557e-01
1.24886568e+00
-6.45478884e-01
1.07979085e+00
6.69811916e-01
-1.05734312e+00
1.97481833e-01
3.96894719e-01
4.59634113e-01
-1.05137375e-01
-5.20307622e-01
-1.62880065e-01
0.00000000e+00
0.00000000e+00
0.00000000e+00
-2.24315864e-01
-3.26975751e-01
8.56725381e-01
1.47023019e-02
-4.94022499e-01
-9.59147120e-01
9.66838684e-01
7.01138045e-01
4.60696629e-02
0.00000000e+00
0.00000000e+00
-6.28521288e-01
2.19972211e-01
-8.73625326e-02
-1.81332188e-01
-9.12638667e-02
9.54500977e-01
-1.62131518e-01
3.86040038e-01
-5.44209289e-01
7.56672039e-01
-6.18966115e-01
-3.00464341e-01
5.99034938e-02
-4.18981420e-01
3.25713543e-01
1.26463088e-01
4.62336647e-01
-3.46336880e-01
1.16133764e+00
0.00000000e+00
0.00000000e+00
0.00000000e+00
0.00000000e+00
0.00000000e+00
0.00000000e+00
0.00000000e+00
0.00000000e+00
0.00000000e+00
0.00000000e+00
5.80087689e-01
-1.54154073e+00
-1.27596410e+00
0.00000000e+00
0.00000000e+00
0.00000000e+00
1.77010800e+00
-1.02416133e+00
8.29086251e-01
9.66202366e-01
1.83598119e+00
2.51157497e-01
6.21908871e-01
1.60190745e+00
2.75315692e-01
0.00000000e+00
6.32512041e-01
-4.32121226e-01
9.47999261e-01
8.25492965e-01
-2.19936117e-01
1.36894073e+00
8.79365804e-01
-5.83546216e-01
1.13451227e+00
2.30013809e-01
-2.38491052e+00
0.00000000e+00
0.00000000e+00
0.00000000e+00
6.23808337e-02
-1.12487013e+00
-6.05332487e-01
-4.58960073e-02
-4.10081743e-01
2.82210688e-01
4.03674577e-01
5.60003195e-01
1.65422199e-01
0.00000000e+00
-2.88022899e-01
4.78098714e-01
-9.46929418e-02
-1.57100084e-01
-2.98788739e-01
8.03244550e-02
-2.63400595e-01
-1.74422452e+00
2.22868067e-02
5.93098160e-01
7 2
-1.9841e+00 2.5541e-01
7 -1
0 3 1 2 5 4 6 
217
8.38074795e-01
7.46384404e-02
-2.01853770e+00
2.38780856e-01
6.33370076e-01
1.21303598e+00
-4.87720870e-01
9.44892553e-01
2.29294801e-01
2.26978272e-01
5.28262367e-01
-3.60244883e-01
-6.51315792e-02
1.46279256e-01
0.00000000e+00
0.00000000e+00
0.00000000e+00
0.00000000e+00
0.00000000e+00
0.00000000e+00
-1.23180238e+00
3.51329376e-02
2.42659133e+00
1.89076272e+00
2.32814850e-02
6.47869493e-01
-6.77913272e-01
1.77187515e+00
7.91204350e-01
0.00000000e+00
0.00000000e+00
0.00000000e+00
0.00000000e+00
0.00000000e+00
0.00000000e+00
0.00000000e+00
0.00000000e+00
6.48458600e-01
1.76231418e+00
-1.75585683e+00
-1.16463055e+00
-4.80846598e-03
0.00000000e+00
0.00000000e+00
0.00000000e+00
-1.31326825e+00
-1.62185823e-01
0.00000000e+00
1.69604758e-01
1.65618146e+00
-3.41715691e-01
1.77805383e+00
0.00000000e+00
3.25722200e+00
0.00000000e+00
0.00000000e+00
0.00000000e+00
0.00000000e+00
0.00000000e+00
2.46067553e+00
-1.47425694e-01
-1.06433131e+00
2.04983179e+00
-1.91027747e+00
-1.50968426e+00
0.00000000e+00
1.95442426e+00
3.77287870e-01
2.30361226e+00
1.76175131e+00
1.04980623e+00
-5.65659373e-01
0.00000000e+00
2.10172353e+00
8.30414354e-01
-1.74779558e+00
1.39859904e-01
-6.51856892e-01
-5.05430880e-01
0.00000000e+00
3.73520970e-01
1.00954692e-01
1.62184160e+00
1.66412413e+00
1.04636476e+00
1.32712918e+00
0.00000000e+00
-3.58541295e+00
2.06380175e+00
2.04999380e+00
-5.75202010e-01
-3.34670348e-02
-1.51746619e+00
-8.59820129e-01
2.73547621e+00
-2.36925685e+00
-3.46468185e-01
-6.70026157e-01
1.82764079e+00
-1.96739358e+00
0.00000000e+00
3.54493778e+00
-2.54646961e+00
-2.56711020e+00
9.93786294e-02
1.82764079e+00
2.86494899e+00
0.00000000e+00
2.34688612e+00
2.49005495e+00
0.00000000e+00
0.00000000e+00
0.00000000e+00
0.00000000e+00
0.00000000e+00
0.00000000e+00
0.00000000e+00
0.00000000e+00
0.00000000e+00
-5.67428330e-01
-4.50399201e+00
-3.22337567e+00
0.00000000e+00
0.00000000e+00
0.00000000e+00
7.52685741e+00
-1.70083964e-01
2.66381506e-01
1.18581894e+00
0.00000000e+00
1.64430429e+00
7.77507394e-01
2.19745537e+00
2.00716851e+00
0.00000000e+00
1.38430604e+00
-3.67752054e-02
1.53962452e+00
1.22532206e-01
2.72107977e-01
3.68321469e-02
4.28739817e-01
-1.86215795e-01
2.99072261e+00
-9.45413913e-02
-2.23049466e+00
0.00000000e+00
0.00000000e+00
0.00000000e+00
3.99472180e-01
-3.56274612e-01
3.21783874e+00
2.20228260e+00
0.00000000e+00
1.06963712e+00
2.48430372e+00
2.39194561e+00
2.94249465e+00
0.00000000e+00
1.78745237e+00
2.82171099e+00
2.81533257e+00
3.01204494e+00
2.37134117e+00
3.61368117e+00
2.27779449e+00
-3.12637523e-01
2.16811301e+00
2.94463775e+00
-3.87701189e+00
0.00000000e+00
0.00000000e+00
0.00000000e+00
4.63657234e-01
3.25870194e+00
0.00000000e+00
-3.60293580e-01
0.00000000e+00
0.00000000e+00
-4.90847699e-01
3.80670165e-01
-1.63070387e-02
0.00000000e+00
-2.39937309e-01
-3.99299071e+00
0.00000000e+00
-7.49236875e-02
-5.35669492e-01
-1.66447140e+00
-5.09651740e-01
-7.32989946e-03
1.54592792e+00
6.59896361e+00
-8.67814788e-01
0.00000000e+00
0.00000000e+00
0.00000000e+00
2.98889638e-01
-1.55889563e+00
0.00000000e+00
1.63707030e+00
0.00000000e+00
0.00000000e+00
7.23930544e-01
4.36769355e-01
-2.46148297e-02
0.00000000e+00
6.38463975e-01
3.09497986e+00
0.00000000e+00
7.86094927e-01
1.57865592e+00
1.95398312e+00
1.33647959e+00
-1.57704219e-02
2.45124546e-01
-2.41641104e+00
136
2.52962657e-02
0.00000000e+00
0.00000000e+00
-2.16699613e-03
1.88384374e-02
-2.09357444e-01
5.07660887e-03
2.36820706e-01
3.98339384e-03
-1.95775058e-01
5.53867171e-01
6.42668391e-01
-8.30805566e-01
0.00000000e+00
0.00000000e+00
0.00000000e+00
0.00000000e+00
0.00000000e+00
0.00000000e+00
0.00000000e+00
-1.40133748e-01
1.15945045e-01
2.43311973e-01
1.39223363e-01
-3.26877383e-01
-8.79533338e-02
0.00000000e+00
0.00000000e+00
-6.23685014e-01
-5.31585156e-01
5.29291556e-01
-5.33220131e-01
1.21167808e+00
-1.28601379e+00
6.16782333e-01
0.00000000e+00
-1.25950768e+00
1.66707166e-01
4.89651417e-01
5.56895664e-01
9.26985149e-02
-3.44734271e-01
-2.44189070e-01
0.00000000e+00
0.00000000e+00
0.00000000e+00
-3.39809585e-01
-4.47614286e-01
9.34282175e-01
1.54540104e-02
-5.58819558e-01
-3.42316587e-01
9.71702665e-01
7.11062822e-01
1.85932084e-01
0.00000000e+00
1.26002013e+00
-1.30462119e+00
1.77440535e-01
-1.53063363e-01
-5.04630138e-01
-2.64293833e-02
1.28930282e+00
-1.00974173e-01
4.21853798e-01
-5.06220109e-01
9.65086762e-01
-7.60348278e-01
-2.87318850e-01
1.07706682e-01
-4.39440419e-01
8.17381273e-01
-3.78723848e-01
3.01137258e-01
-3.42338509e-01
0.00000000e+00
8.25869834e-01
-7.42669270e-01
4.26092985e-01
-3.61272983e-01
-8.01740315e-01
0.00000000e+00
0.00000000e+00
0.00000000e+00
0.00000000e+00
0.00000000e+00
4.97412814e-01
-1.75055403e+00
-1.06172718e+00
0.00000000e+00
0.00000000e+00
0.00000000e+00
1.28227820e+00
-1.88297648e+00
7.58726903e-01
4.49517967e-01
5.23540402e-01
-1.51516739e-01
2.85855871e-01
9.09764036e-01
-2.48801967e-01
0.00000000e+00
4.56789749e-01
-7.07576775e-01
2.76382435e-01
-1.65749557e-01
-6.79915205e-01
1.07201603e+00
9.64829234e-02
-3.51837920e+00
-4.45517725e-03
1.86289407e-01
-2.65472452e+00
0.00000000e+00
0.00000000e+00
0.00000000e+00
1.57205461e-01
-1.44094132e+00
-5.36549190e-01
1.30763438e-02
-5.56683882e-01
3.00454759e-01
4.50930446e-01
4.89457697e-01
1.83359436e-01
0.00000000e+00
-8.66573861e-02
2.46816915e-01
-6.45222494e-01
-2.78927859e-01
6.17587952e-03
1.02286922e-01
-2.02501972e-01
-1.74937779e+00
2.59611182e-01
6.32762333e-01
