0 7 -999999999 -1 -1
1 1 0 -1 -1
-0.4073 0.5557
356
-1.24917897e-01
-1.02356387e-01
-2.25615100e-02
-2.78983463e-02
-2.72451660e-01
1.81231540e-01
1.80659291e-01
0.00000000e+00
0.00000000e+00
4.76520135e-01
-6.79178332e-01
-3.89476707e-01
1.26466292e-01
1.24106958e-01
-3.48844380e-02
-1.17120866e-01
0.00000000e+00
0.00000000e+00
0.00000000e+00
0.00000000e+00
0.00000000e+00
0.00000000e+00
0.00000000e+00
0.00000000e+00
0.00000000e+00
0.00000000e+00
0.00000000e+00
0.00000000e+00
0.00000000e+00
0.00000000e+00
0.00000000e+00
0.00000000e+00
0.00000000e+00
0.00000000e+00
0.00000000e+00
0.00000000e+00
0.00000000e+00
0.00000000e+00
0.00000000e+00
0.00000000e+00
0.00000000e+00
0.00000000e+00
0.00000000e+00
0.00000000e+00
0.00000000e+00
0.00000000e+00
0.00000000e+00
0.00000000e+00
0.00000000e+00
0.00000000e+00
0.00000000e+00
-1.48306926e-01
4.21137363e-01
-7.25244195e-02
0.00000000e+00
0.00000000e+00
0.00000000e+00
0.00000000e+00
-1.65508209e-01
2.69464184e-01
1.50085655e-01
3.05640082e-01
4.48551505e-01
-3.00352539e-01
-1.29889068e-01
-7.94453430e-01
0.00000000e+00
0.00000000e+00
3.48820509e-01
-8.11198611e-03
-2.04042177e-01
-4.95262508e-02
1.15777022e-02
-6.13249819e-01
6.19522035e-01
-6.10871416e-03
-9.10357674e-01
-1.04373419e+00
7.43450121e-04
6.21003595e-02
0.00000000e+00
0.00000000e+00
8.15088414e-01
-7.09544733e-02
-5.19127361e-01
-1.40258442e+00
4.95536308e-02
1.00310631e+00
0.00000000e+00
0.00000000e+00
-4.21814880e-01
3.12404419e-01
-3.00015145e-01
2.26283710e-02
-6.49290655e-02
-2.75329681e-01
3.44134597e-01
2.27332576e-01
2.55444693e-01
2.67053591e-01
2.82829210e-01
-2.23382563e-01
0.00000000e+00
0.00000000e+00
1.48788329e+00
2.69612551e+00
0.00000000e+00
0.00000000e+00
0.00000000e+00
0.00000000e+00
0.00000000e+00
0.00000000e+00
7.51252366e-01
1.49846134e-01
1.89867538e-01
2.44483726e-02
-4.77448685e-01
-2.25076691e+00
0.00000000e+00
0.00000000e+00
0.00000000e+00
0.00000000e+00
0.00000000e+00
0.00000000e+00
3.23883635e-01
-2.30183738e-01
-6.04534949e-01
-2.57245678e-01
-7.85083239e-01
-1.26787944e+00
2.77632767e+00
3.20279006e+00
3.42177081e+00
2.92004319e+00
2.32308824e+00
2.77943523e+00
4.82058665e-01
3.79220986e-02
4.15670864e-02
1.70519784e-01
7.57152359e-01
2.88928769e-01
-1.65495337e-02
-4.16044155e-01
1.03939268e-01
-1.01738647e+00
7.19017310e-01
7.01758316e-02
0.00000000e+00
0.00000000e+00
0.00000000e+00
0.00000000e+00
0.00000000e+00
0.00000000e+00
0.00000000e+00
0.00000000e+00
-1.24917897e-01
1.03834468e+00
0.00000000e+00
-2.01708302e+00
-9.52979600e-01
-4.36369368e-01
-6.59821583e-01
-3.67591018e-01
-1.61280118e+00
0.00000000e+00
0.00000000e+00
0.00000000e+00
8.70786288e-01
4.50121295e-01
1.22710230e-01
8.30786968e-01
-1.93185591e+00
-4.15370137e-02
1.54726828e+00
1.25669540e+00
9.06001490e-01
0.00000000e+00
1.42853855e-01
5.88223387e-01
-5.63914494e-01
-2.32441722e-01
1.07661777e+00
7.57611885e-01
-3.49141057e-01
0.00000000e+00
-1.03995354e+00
8.03513071e-01
-2.11125807e-01
0.00000000e+00
0.00000000e+00
0.00000000e+00
2.82864039e-01
-2.49029455e-01
5.24852645e-01
2.54704441e-01
0.00000000e+00
1.10329036e+00
6.42888712e-02
3.19069297e-01
4.50153523e-02
0.00000000e+00
2.90397549e-01
1.54694086e-01
1.38343511e-01
9.53785022e-01
4.58913815e-01
4.62908107e-01
8.79615833e-01
0.00000000e+00
9.32051132e-01
1.92630210e-01
-1.05332213e+00
-4.53313041e-01
0.00000000e+00
6.53270549e-01
5.63165099e-01
-2.37584264e-02
-1.39261698e-01
-2.90292916e-01
1.90347027e-01
0.00000000e+00
0.00000000e+00
0.00000000e+00
1.83577281e-01
-3.34951441e-01
-6.43576429e-01
-2.48206180e-01
0.00000000e+00
2.86551745e-01
-9.57280775e-03
4.52288571e-01
1.13763453e-02
0.00000000e+00
-2.07232572e-01
-3.02367361e-01
1.40483618e-01
2.59115346e-01
4.53099196e-01
-2.75353684e-01
4.67119268e-02
0.00000000e+00
-3.24000191e-01
-1.28581048e-01
-6.00009094e-01
0.00000000e+00
1.09442211e-01
-4.83188612e-01
-5.59479049e-01
-4.99666559e-01
0.00000000e+00
0.00000000e+00
4.96024055e-01
1.76066660e-01
-2.74976482e-01
-4.00756738e-01
-5.98124892e-02
0.00000000e+00
0.00000000e+00
-4.70743826e-01
-8.03960386e-01
0.00000000e+00
0.00000000e+00
0.00000000e+00
-8.85123905e-01
1.37471114e+00
1.25473256e-01
6.29839209e-01
1.36352060e-01
6.27504739e-01
1.37344042e+00
-5.68671221e-01
1.29003775e+00
0.00000000e+00
-1.80048704e-02
1.14914972e+00
-1.05078347e+00
9.30911172e-01
-5.90779371e-01
7.82977886e-03
-7.45999548e-01
0.00000000e+00
-5.68413669e-01
-1.15492423e-01
-2.98875489e-01
0.00000000e+00
0.00000000e+00
0.00000000e+00
6.37859306e-01
-5.94158246e-02
2.39567948e-01
8.75594241e-02
-2.81693843e-01
4.01021952e-01
1.90053265e-01
6.07823938e-01
-3.18709778e-01
0.00000000e+00
-2.95523171e-01
8.33774156e-02
-1.89586389e-02
1.37858962e-01
2.44562946e-01
3.42761999e-01
8.28859758e-01
0.00000000e+00
1.73683538e-01
2.64860370e-01
-5.22423984e-01
-2.10522983e-01
2.60722639e-01
3.94072737e-01
-1.60469147e-01
6.01249289e-02
-1.87191536e-01
-8.34563752e-02
1.27834530e-02
0.00000000e+00
0.00000000e+00
0.00000000e+00
-7.23932505e-01
2.73386976e-01
3.14186638e-01
5.40900206e-02
-8.26899424e-02
2.30500210e-01
3.23470689e-01
-7.65680513e-01
1.15921249e-01
0.00000000e+00
5.08653888e-01
2.63544836e-01
2.78795037e-01
-9.11148597e-02
-3.66791457e-02
-4.77959361e-02
-7.28319659e-01
0.00000000e+00
-4.18791582e-02
2.69918757e-01
-3.11901001e-01
1.14681161e-01
1.47349890e+00
3.41497031e-01
-2.81536402e-01
-2.25846386e-01
-3.43541072e-01
-7.16586202e-02
7.35679212e-03
2.13994414e-01
-2.47770831e-01
-1.92069968e-01
-5.56900165e-02
4.04252959e-01
3.08244725e-02
6.45978907e-02
247
-4.33084731e-02
-4.33084731e-02
0.00000000e+00
-5.80802023e-02
1.47717292e-02
-2.96249160e-02
-5.86535788e-01
2.79478691e-01
0.00000000e+00
0.00000000e+00
-3.16637938e-02
-3.43972536e-01
3.50294731e-01
2.66782915e-02
0.00000000e+00
0.00000000e+00
0.00000000e+00
0.00000000e+00
0.00000000e+00
0.00000000e+00
0.00000000e+00
0.00000000e+00
0.00000000e+00
0.00000000e+00
0.00000000e+00
0.00000000e+00
0.00000000e+00
0.00000000e+00
0.00000000e+00
0.00000000e+00
0.00000000e+00
0.00000000e+00
0.00000000e+00
0.00000000e+00
0.00000000e+00
0.00000000e+00
0.00000000e+00
0.00000000e+00
0.00000000e+00
0.00000000e+00
0.00000000e+00
1.63835397e+00
-5.69397015e-02
-1.14878590e+00
2.10304384e-02
-1.18378928e-01
-1.35704268e-03
-4.14497622e-01
5.77496942e-04
0.00000000e+00
0.00000000e+00
7.57385232e-01
4.93722752e-01
-1.19734391e-01
-1.16586301e+00
-8.80440846e-01
8.71621787e-01
0.00000000e+00
0.00000000e+00
1.85546444e+00
3.08456414e+00
0.00000000e+00
0.00000000e+00
0.00000000e+00
0.00000000e+00
0.00000000e+00
0.00000000e+00
9.73992308e-01
5.13389496e-01
1.07767372e-01
-1.15500484e-01
-1.24016228e+00
-2.13825932e+00
0.00000000e+00
0.00000000e+00
0.00000000e+00
0.00000000e+00
0.00000000e+00
0.00000000e+00
9.11609642e-01
3.62329766e-01
-2.67882942e-01
-5.93289800e-01
-1.33365624e+00
-2.20698304e+00
4.84618353e+00
4.27293258e+00
4.57254014e+00
4.16407401e+00
4.14765940e+00
4.00146406e+00
3.09017147e-01
-6.79037062e-01
-5.00468103e-01
-4.55160396e-01
-4.86533980e-01
-2.75093960e-01
3.84370368e-01
-8.50103321e-01
-1.55618983e-01
-4.31261779e-01
5.09007812e-01
6.09938110e-01
0.00000000e+00
0.00000000e+00
0.00000000e+00
0.00000000e+00
-4.33084731e-02
9.93814014e-01
0.00000000e+00
-2.03394614e+00
-1.31859084e+00
-5.80182077e-01
-7.98592051e-01
-2.95334424e-01
-1.89877291e+00
0.00000000e+00
0.00000000e+00
0.00000000e+00
5.83252060e-01
-4.08912231e-01
-1.04974280e-01
8.71867857e-01
0.00000000e+00
8.07861434e-01
1.42063867e+00
3.24549439e-01
1.12828378e+00
0.00000000e+00
2.79262550e-01
1.40272624e+00
1.77411534e-01
1.47734145e+00
1.40272581e+00
7.41739597e-01
4.88975600e-01
0.00000000e+00
-6.01504657e-02
8.01921668e-01
-1.33496465e+00
-7.66120502e-01
0.00000000e+00
9.72598749e-01
1.33337163e+00
-4.50366199e-01
0.00000000e+00
0.00000000e+00
0.00000000e+00
5.20570688e-01
1.47028778e+00
4.60569363e-01
3.11538235e-01
0.00000000e+00
1.81336578e-01
2.51438901e-01
3.78597011e-01
3.02823887e-01
0.00000000e+00
9.21560625e-01
4.19072549e-01
0.00000000e+00
3.43972230e-01
-3.47755164e-01
5.14032024e-01
-2.65398944e-01
0.00000000e+00
6.59827574e-03
3.80606365e-01
-5.68844145e-01
0.00000000e+00
1.45397449e-01
1.33940749e-01
-5.63808268e-01
-5.52470335e-01
0.00000000e+00
0.00000000e+00
-1.13246078e+00
-1.13379324e-02
0.00000000e+00
0.00000000e+00
0.00000000e+00
-1.09392647e+00
0.00000000e+00
0.00000000e+00
0.00000000e+00
-1.39675871e+00
1.83765279e+00
4.60491970e-01
5.23029765e-01
0.00000000e+00
1.15563602e+00
1.38489236e+00
-9.03928916e-01
1.04853361e+00
0.00000000e+00
-4.83348814e-01
2.10991674e+00
8.42425789e-01
2.13828555e+00
-1.22693085e+00
-1.88252316e-01
-3.93472467e-01
0.00000000e+00
3.25495062e-01
-2.66772590e-02
-7.77340448e-01
-4.24694333e-01
4.26988915e-01
1.57981062e-01
-6.02462199e-01
-5.03889785e-01
0.00000000e+00
0.00000000e+00
0.00000000e+00
8.23429682e-01
1.62366521e-03
-2.52502903e-01
4.40970758e-01
0.00000000e+00
-1.30325325e-02
5.74425541e-01
9.90242968e-01
1.04085598e-02
0.00000000e+00
3.82385945e-02
-5.87589946e-01
-6.64275968e-01
-7.35826284e-01
2.45529170e-01
5.07394916e-02
1.54843908e-01
0.00000000e+00
4.20063710e-01
2.58259266e-01
-3.52646115e-01
1.15067365e+00
-2.93991205e-01
-8.90381050e-01
-3.16586026e-01
-3.73897718e-01
2.83963565e-01
6.11102581e-01
5.68242412e-01
5.73116913e-02
-4.41252241e-01
2.15042890e-02
-5.62077041e-01
1 -999999999 3 0 -1
1 0 1 1 -1
-6.6463e-01 9.4935e-01
356
-2.35157906e-01
0.00000000e+00
0.00000000e+00
0.00000000e+00
0.00000000e+00
0.00000000e+00
0.00000000e+00
0.00000000e+00
0.00000000e+00
0.00000000e+00
0.00000000e+00
0.00000000e+00
0.00000000e+00
0.00000000e+00
0.00000000e+00
0.00000000e+00
6.70059445e-02
-3.02163851e-01
-1.41167499e-01
-3.62404347e-01
-5.04217696e-01
-5.34272344e-01
0.00000000e+00
0.00000000e+00
9.99974175e-02
-3.02267459e-02
-5.99271028e-01
-2.73803297e-01
4.67654460e-04
-6.50475908e-03
-1.35130394e-01
7.30477847e-02
-3.08205691e-01
-1.61700597e-01
-1.11112713e-01
-6.92687087e-01
6.47522976e-02
1.17430409e-01
-2.33621337e-01
1.17317972e-01
-2.41677517e-01
0.00000000e+00
0.00000000e+00
0.00000000e+00
0.00000000e+00
0.00000000e+00
0.00000000e+00
0.00000000e+00
0.00000000e+00
0.00000000e+00
0.00000000e+00
-5.17162885e-02
2.54852062e-01
-4.52370318e-01
0.00000000e+00
0.00000000e+00
0.00000000e+00
0.00000000e+00
-2.33924248e-01
3.86879162e-01
3.20978817e-01
2.30721656e-01
5.22929876e-01
-6.95441918e-01
-4.16189730e-01
8.73380741e-02
0.00000000e+00
0.00000000e+00
3.16554708e-01
-7.88560922e-04
-6.74099279e-01
3.70042431e-01
2.37591382e-03
-4.97287380e-01
-4.24192764e-01
1.39783486e-02
-6.08450728e-01
-4.97562280e-01
1.08393313e-05
1.15779928e-02
0.00000000e+00
0.00000000e+00
-3.30558415e-02
-2.98128926e-01
-2.76314194e-01
-2.35511231e-01
-2.54398456e-01
8.62250742e-01
0.00000000e+00
0.00000000e+00
2.57434932e-01
1.57693359e-01
-5.23317854e-02
-7.97798826e-02
-6.05693785e-02
-6.07007443e-02
8.22917718e-01
5.85849618e-01
-2.63976666e-02
1.59362701e-01
1.10285635e+00
-4.38485592e-01
0.00000000e+00
0.00000000e+00
2.38997957e+00
1.20081970e+00
0.00000000e+00
0.00000000e+00
0.00000000e+00
0.00000000e+00
0.00000000e+00
0.00000000e+00
7.81305512e-01
2.58916215e-01
1.94283039e-01
-2.09518195e-01
-9.59330837e-01
-2.69079321e+00
0.00000000e+00
0.00000000e+00
0.00000000e+00
0.00000000e+00
0.00000000e+00
0.00000000e+00
1.08592278e+00
4.80790434e-02
-3.01379544e-01
-2.20352177e-01
-8.61030304e-01
-1.18721741e+00
2.65582693e+00
2.16324802e+00
2.70759063e+00
2.13019595e+00
2.02891252e+00
2.35953484e+00
2.53929206e-01
2.91513286e-01
7.71068569e-01
3.22745126e-01
7.64097607e-01
5.87332847e-01
1.08270337e-01
-3.15877073e-01
5.33667771e-01
-3.97983794e-02
9.01743616e-01
4.03376836e-01
0.00000000e+00
0.00000000e+00
0.00000000e+00
0.00000000e+00
0.00000000e+00
0.00000000e+00
0.00000000e+00
0.00000000e+00
-2.35157906e-01
1.25301973e+00
-1.77570132e+00
0.00000000e+00
-4.63584321e-01
-5.80526728e-01
-3.85851841e-01
-8.36169580e-01
-8.49436162e-01
0.00000000e+00
0.00000000e+00
0.00000000e+00
-5.86121113e-02
8.47130173e-01
-7.28248579e-02
7.40642810e-01
0.00000000e+00
2.76454953e-01
9.36598264e-01
3.55544120e-01
1.04803536e+00
0.00000000e+00
3.90602305e-01
9.76735954e-01
-8.86719492e-01
-4.40280277e-03
9.37648805e-01
-6.92248801e-02
-1.78361274e-01
0.00000000e+00
-4.89272456e-01
5.43373620e-01
-2.28363549e-01
0.00000000e+00
0.00000000e+00
0.00000000e+00
6.88709065e-01
-1.79360293e-01
3.93698528e-01
4.63596580e-01
0.00000000e+00
2.29353555e-01
5.13868175e-01
3.88735251e-01
2.18291864e-01
0.00000000e+00
-6.00262456e-02
-3.45579788e-02
3.45911785e-01
3.39840671e-01
2.24068878e-01
7.37014351e-01
3.38167504e-01
0.00000000e+00
-3.18022550e-02
2.64455439e-01
-6.51983511e-01
-2.29002941e-01
-5.40783529e-01
-5.95998535e-01
9.83156722e-02
8.68921626e-02
-1.47143096e-01
-1.68752007e-01
1.49207217e-01
0.00000000e+00
0.00000000e+00
0.00000000e+00
4.26369507e-02
3.11226512e-01
4.14212435e-01
-5.05766379e-01
0.00000000e+00
2.54080633e-01
5.80825154e-02
-8.92233870e-02
5.67937423e-02
0.00000000e+00
3.23102520e-01
7.36663501e-02
1.26259352e-01
1.88357908e-01
-5.16224883e-03
-6.81234032e-01
2.50354952e-01
0.00000000e+00
-2.91401387e-02
-1.50865748e-01
-4.22980570e-01
-5.11102168e-01
-2.32640191e-01
2.67370831e-01
-1.97452651e-01
-2.34581380e-01
9.27006949e-03
4.09102019e-01
-2.84079397e-01
6.45299892e-02
-1.38085061e-01
-1.61026308e-01
3.71287291e-02
-7.19168317e-02
-5.32961796e-02
-3.23536265e-01
-1.41669631e+00
0.00000000e+00
0.00000000e+00
0.00000000e+00
-2.75359566e-01
-2.55704826e-01
-3.61921636e-01
2.42639370e-01
-1.05712622e+00
7.75491577e-01
7.87957677e-01
-3.09255856e-01
3.75661610e-01
0.00000000e+00
-1.06435810e-01
7.83030538e-01
-9.59673293e-01
1.58911742e+00
-6.43435882e-01
1.32902878e-01
3.58416334e-03
0.00000000e+00
1.72796796e-01
2.23694917e-01
-3.98056605e-02
0.00000000e+00
0.00000000e+00
0.00000000e+00
1.37609456e-01
-3.21945463e-01
5.07378457e-01
6.99806385e-01
-8.40426249e-01
2.56996462e-01
5.21672693e-01
3.20709470e-01
7.05965366e-01
0.00000000e+00
-1.70370227e-01
1.76963785e-01
2.42213181e-01
2.72643621e-02
-5.42288065e-02
2.06408326e-01
-2.34978455e-02
0.00000000e+00
-2.60385605e-01
2.54317477e-01
-7.29955369e-01
-2.36624734e-01
0.00000000e+00
4.18103977e-03
-4.61335754e-01
2.69055089e-01
-7.61844523e-02
-4.29495371e-01
1.57460709e-01
0.00000000e+00
0.00000000e+00
0.00000000e+00
3.28296549e-01
-3.16276561e-01
-4.92428268e-02
2.90713125e-01
0.00000000e+00
5.31132391e-02
-3.01512715e-01
-5.59914177e-02
-4.63656057e-01
0.00000000e+00
1.72058936e-01
8.00252761e-03
-1.93796660e-01
1.14024810e-01
-2.02962100e-02
6.96006527e-01
-1.56400394e-01
0.00000000e+00
-2.18842691e-02
-7.62322223e-03
-4.93330635e-01
0.00000000e+00
2.21917108e-01
-5.83395807e-01
-6.86740940e-01
-3.43901995e-01
0.00000000e+00
3.62969776e-01
7.98168059e-01
7.27085213e-02
-2.34555089e-02
-3.93155007e-01
-3.42838945e-01
0.00000000e+00
0.00000000e+00
2.68082708e-01
247
-5.46968934e-01
0.00000000e+00
0.00000000e+00
0.00000000e+00
0.00000000e+00
0.00000000e+00
0.00000000e+00
0.00000000e+00
0.00000000e+00
-4.77715508e-01
0.00000000e+00
0.00000000e+00
0.00000000e+00
0.00000000e+00
-5.24475234e-01
-2.24936998e-02
-7.05513101e-01
1.81037868e-01
-4.41357108e-01
-2.83807122e-01
0.00000000e+00
0.00000000e+00
0.00000000e+00
3.89361868e-01
2.06686787e-01
7.46929951e-02
1.39589272e-02
-6.17304890e-01
7.03359564e-02
-1.78301675e+00
1.16571186e+00
0.00000000e+00
5.21688485e-01
6.30101631e-01
0.00000000e+00
0.00000000e+00
0.00000000e+00
0.00000000e+00
0.00000000e+00
0.00000000e+00
0.00000000e+00
-6.49156826e-01
-1.20311708e-03
5.13154485e-03
-1.68668396e-03
-8.34052251e-02
1.93426058e-03
1.80461572e-01
9.63633770e-04
0.00000000e+00
0.00000000e+00
8.40874044e-01
2.09274355e-01
-4.59268207e-01
-5.38917751e-03
-3.48459645e-01
-7.84000303e-01
0.00000000e+00
0.00000000e+00
2.28224810e+00
9.51419269e-01
0.00000000e+00
0.00000000e+00
0.00000000e+00
0.00000000e+00
0.00000000e+00
0.00000000e+00
7.89526171e-01
-6.46426571e-02
-3.25215604e-01
1.70121531e-01
-5.77333136e-01
-2.82167334e+00
0.00000000e+00
0.00000000e+00
0.00000000e+00
0.00000000e+00
0.00000000e+00
0.00000000e+00
7.71939516e-01
-7.10720643e-03
-6.65433919e-01
-1.57779076e-01
-5.13091327e-01
-9.26916190e-01
4.04310075e+00
3.09360844e+00
3.14669661e+00
2.94672223e+00
3.03197649e+00
2.73018542e+00
4.97045707e-01
3.18256203e-01
5.57457654e-01
1.19114870e-01
3.89111074e-01
1.78458184e-01
0.00000000e+00
-4.64539192e-01
8.16895498e-02
-3.82197148e-01
5.42729456e-01
3.48320964e-01
0.00000000e+00
0.00000000e+00
0.00000000e+00
0.00000000e+00
-5.46968934e-01
4.20748937e-01
-1.93227023e+00
0.00000000e+00
-4.78590349e-01
-4.18356456e-01
-6.80504966e-01
-8.17883236e-01
-8.96946805e-01
0.00000000e+00
0.00000000e+00
0.00000000e+00
-6.79295343e-01
1.88696595e-01
-4.19465369e-01
7.25764878e-01
0.00000000e+00
8.66095046e-01
8.35759441e-01
4.85309960e-01
2.10204871e-01
0.00000000e+00
-2.89062553e-01
2.18749940e-01
-1.13873875e-01
1.07076929e+00
7.13344058e-01
3.01444844e-01
6.79420798e-01
0.00000000e+00
2.57358622e-01
3.56668764e-01
-5.58100671e-01
-1.34539671e-01
-1.23422009e-01
3.66744784e-01
-1.90125856e-01
-4.38875413e-01
0.00000000e+00
0.00000000e+00
0.00000000e+00
6.67414825e-01
0.00000000e+00
6.24310808e-01
3.22080451e-01
0.00000000e+00
-2.32480058e-01
3.28343212e-01
6.97081183e-02
3.23416447e-01
0.00000000e+00
8.85424093e-02
-4.49023179e-02
-1.94657198e-01
2.63936892e-02
-9.01478603e-01
6.44925332e-01
-5.20581563e-01
0.00000000e+00
1.43188717e-01
2.67371397e-01
-4.23561000e-01
-1.07524170e-02
5.88141352e-01
3.18580916e-01
-3.38846135e-01
-3.44050678e-01
3.85765587e-01
2.49771157e-01
-3.49482747e-01
5.20454365e-03
1.44534722e-02
2.43733935e-01
-3.48509502e-01
-1.49838820e+00
0.00000000e+00
0.00000000e+00
0.00000000e+00
-1.00531399e+00
6.90191623e-01
3.88297968e-01
5.19254866e-01
1.37851450e-01
9.30281887e-01
7.09686716e-01
-2.00627574e-01
1.79301114e-01
0.00000000e+00
-5.61462067e-01
9.32622243e-01
7.44382067e-02
1.15933665e+00
-9.37854392e-01
-1.08475825e-01
4.86495912e-01
0.00000000e+00
-7.66082452e-01
1.98366142e-01
-7.44137127e-01
-2.77037464e-01
0.00000000e+00
-3.62594880e-02
6.21604520e-01
-5.11382699e-01
0.00000000e+00
0.00000000e+00
0.00000000e+00
4.07470387e-01
1.09625342e+00
6.26578027e-01
5.59494233e-01
5.26965266e-01
2.51322006e-01
6.00717855e-01
3.62023968e-01
3.88587290e-01
0.00000000e+00
3.35887047e-01
8.11414038e-01
0.00000000e+00
-2.23529881e-01
3.62977238e-01
1.23359834e-01
3.26870217e-01
0.00000000e+00
0.00000000e+00
2.54160541e-01
-4.67099663e-01
0.00000000e+00
6.00923201e-02
2.06612346e-01
-7.54251076e-01
-4.03467502e-01
0.00000000e+00
5.42095976e-01
1.09137713e-01
-3.50783573e-01
0.00000000e+00
0.00000000e+00
4.09843959e-02
4 2
-3.4503e-01 2.5759e-01
2 -1
0 1 
217
-6.12887229e-01
2.70955247e-01
-1.70689403e-01
-7.50976783e-01
-1.01348642e+00
7.70423276e-01
-1.71271360e-01
1.38055645e+00
1.07006828e+00
-3.32787109e-01
2.70255665e-01
-5.70779485e-01
-7.68453397e-01
-6.30318435e-01
0.00000000e+00
0.00000000e+00
0.00000000e+00
7.26663759e-01
-2.59113937e-02
5.49302229e-01
-8.73780554e-01
-4.58116453e-03
2.05132476e-01
-4.65770434e-01
-1.77598700e-04
-4.31521398e-01
0.00000000e+00
0.00000000e+00
-9.79107206e-01
-1.36468248e+00
-5.41782689e-01
1.82793021e-01
9.60158224e-01
1.12973390e+00
0.00000000e+00
0.00000000e+00
-2.60519121e-01
-7.64111649e-02
-2.75956943e-01
0.00000000e+00
0.00000000e+00
0.00000000e+00
0.00000000e+00
0.00000000e+00
-2.60519121e-01
1.65407576e-01
-2.41818740e-01
-2.75956943e-01
0.00000000e+00
0.00000000e+00
0.00000000e+00
0.00000000e+00
0.00000000e+00
0.00000000e+00
0.00000000e+00
0.00000000e+00
0.00000000e+00
0.00000000e+00
0.00000000e+00
0.00000000e+00
-2.75956943e-01
1.65407576e-01
-2.41818740e-01
-1.67427708e-01
-3.34910153e-01
-2.55392010e-01
-1.25633873e-02
-9.63789250e-01
-9.79859803e-02
6.07200136e-01
1.70783210e-01
-2.65894755e-01
-5.08988534e-01
-9.25285952e-02
-1.40187917e-01
-4.25247088e-01
-9.12916282e-02
0.00000000e+00
0.00000000e+00
0.00000000e+00
0.00000000e+00
0.00000000e+00
0.00000000e+00
0.00000000e+00
0.00000000e+00
0.00000000e+00
0.00000000e+00
0.00000000e+00
0.00000000e+00
0.00000000e+00
0.00000000e+00
0.00000000e+00
0.00000000e+00
0.00000000e+00
0.00000000e+00
0.00000000e+00
0.00000000e+00
0.00000000e+00
0.00000000e+00
0.00000000e+00
0.00000000e+00
0.00000000e+00
0.00000000e+00
0.00000000e+00
0.00000000e+00
0.00000000e+00
0.00000000e+00
0.00000000e+00
0.00000000e+00
0.00000000e+00
0.00000000e+00
0.00000000e+00
0.00000000e+00
0.00000000e+00
0.00000000e+00
0.00000000e+00
0.00000000e+00
0.00000000e+00
0.00000000e+00
2.04622245e+00
2.03011242e+00
-3.37725193e-01
0.00000000e+00
0.00000000e+00
0.00000000e+00
2.54831959e-01
-3.40012913e-01
3.85744071e-02
1.49956939e+00
-7.45622705e-01
-2.47209952e-01
7.61804843e-01
3.73712381e-01
6.00450123e-01
0.00000000e+00
2.13180701e-01
-9.85168130e-02
7.80405527e-02
3.17125881e-01
-6.56623675e-02
1.59690416e+00
3.18063269e-02
-1.34948915e-01
-3.98280629e-01
7.51073465e-01
-5.92614503e-01
0.00000000e+00
0.00000000e+00
0.00000000e+00
7.89005034e-01
-7.32358802e-01
5.84864136e-01
3.17092690e-01
-1.21169762e+00
8.00063008e-01
9.97928275e-01
7.40787885e-01
1.58056569e-01
0.00000000e+00
9.09277252e-01
1.24138840e+00
-3.77563232e-01
7.43546466e-01
1.25869881e+00
2.99866702e-01
3.41621731e-01
-2.88966653e-01
5.20279079e-01
7.13956629e-01
-3.82722241e-01
0.00000000e+00
0.00000000e+00
0.00000000e+00
-3.11518324e-01
2.07310423e-01
-4.98861912e-01
1.22454753e+00
-2.61937765e-01
4.58363054e-01
8.22601324e-01
-9.97734257e-02
1.16719343e+00
0.00000000e+00
-2.16340903e-01
7.60370859e-01
-8.53714834e-02
3.87781929e-01
-6.05107920e-01
4.72727331e-01
-1.85176232e-01
-4.55411565e-02
-8.52111520e-01
6.94528024e-02
-2.34401819e-01
0.00000000e+00
0.00000000e+00
0.00000000e+00
2.60978078e-01
3.37504688e-01
7.30208098e-01
1.17812941e-01
-5.80176427e-01
1.74921862e-01
4.77925836e-01
1.26714247e-01
-1.39390141e-01
0.00000000e+00
5.53526227e-01
2.16406103e-01
9.52604508e-02
3.78104655e-01
8.12429251e-01
1.58817889e-01
5.84990914e-02
-6.04264489e-02
5.57108481e-01
1.95651562e-01
136
-1.25346888e+00
0.00000000e+00
0.00000000e+00
-7.86235128e-01
4.81694227e-03
-8.88351043e-01
1.35916814e-02
4.21117295e-01
-9.83554567e-05
0.00000000e+00
0.00000000e+00
5.51703631e-02
-4.58822455e-01
-8.00372804e-01
-6.15009829e-01
-2.78340134e-01
8.43905982e-01
0.00000000e+00
0.00000000e+00
-1.62635717e-01
-3.94233489e-01
-6.96599670e-01
0.00000000e+00
0.00000000e+00
0.00000000e+00
0.00000000e+00
0.00000000e+00
-1.62635717e-01
-4.26964306e-01
3.27308171e-02
-6.96599670e-01
0.00000000e+00
0.00000000e+00
0.00000000e+00
0.00000000e+00
0.00000000e+00
0.00000000e+00
0.00000000e+00
0.00000000e+00
0.00000000e+00
0.00000000e+00
0.00000000e+00
0.00000000e+00
0.00000000e+00
0.00000000e+00
0.00000000e+00
-3.92287608e-01
2.62382708e-01
3.53528618e-01
2.96952145e-01
-6.73894008e-01
-3.12679224e-01
-2.76920800e-01
4.59681570e-02
6.56636836e-02
-4.16091017e-01
0.00000000e+00
0.00000000e+00
0.00000000e+00
0.00000000e+00
-6.96599670e-01
-4.26964306e-01
3.27308171e-02
0.00000000e+00
0.00000000e+00
0.00000000e+00
0.00000000e+00
0.00000000e+00
0.00000000e+00
0.00000000e+00
0.00000000e+00
0.00000000e+00
0.00000000e+00
0.00000000e+00
0.00000000e+00
0.00000000e+00
0.00000000e+00
0.00000000e+00
0.00000000e+00
0.00000000e+00
0.00000000e+00
0.00000000e+00
0.00000000e+00
0.00000000e+00
0.00000000e+00
0.00000000e+00
1.73911554e+00
1.50230700e+00
-3.48247329e-01
0.00000000e+00
0.00000000e+00
0.00000000e+00
5.88299822e-01
-3.50936889e-01
-1.99565993e-03
1.13105768e+00
-2.38089341e+00
5.53867404e-01
7.72708256e-01
7.75277077e-01
1.65333090e-01
0.00000000e+00
4.92340060e-01
5.41742570e-01
-1.20203434e+00
3.46386774e-01
7.67779493e-01
7.25417991e-01
9.33741234e-02
-3.37098800e+00
-4.48679297e-01
4.53695932e-01
-1.02088148e+00
0.00000000e+00
0.00000000e+00
0.00000000e+00
3.10434276e-01
-1.24499542e-01
-2.30533831e-01
1.34128651e+00
-7.26656516e-01
9.02002829e-01
1.91848071e+00
6.33984254e-01
9.42286646e-01
0.00000000e+00
7.20142733e-01
1.19064481e+00
-1.59094508e+00
1.27750753e+00
4.14791150e-01
5.30692223e-01
2.54864436e-01
-2.12463435e-01
-1.33241125e+00
8.66586083e-01
6 2
-5.1517e-01 3.3130e-01
3 -1
0 1 4 
217
-8.48468210e-01
1.57461905e-02
3.35430250e-01
-5.94226879e-01
-4.68172486e-01
3.73493259e-01
-1.08742825e-01
3.52130521e-01
3.66956567e-01
-1.32842269e-01
-1.98799752e-01
-3.82142525e-01
-4.39709715e-01
-2.98500879e-01
0.00000000e+00
0.00000000e+00
0.00000000e+00
3.76351103e-02
-4.78356263e-03
-3.25124580e-01
-5.64157535e-01
3.21903208e-02
-1.36491776e+00
-3.21945785e-01
-6.24152618e-04
-1.27887356e-01
0.00000000e+00
0.00000000e+00
-1.21374443e+00
-6.28116733e-01
-6.07628189e-01
1.29549454e-01
1.51765370e-01
1.31970632e+00
0.00000000e+00
0.00000000e+00
0.00000000e+00
-2.50096620e-01
-3.89695252e-01
-6.28378146e-02
0.00000000e+00
0.00000000e+00
0.00000000e+00
0.00000000e+00
0.00000000e+00
-2.95274394e-01
-9.44181545e-03
-2.31867717e-01
0.00000000e+00
1.07056272e-01
-2.64883807e-01
-6.28378146e-02
0.00000000e+00
0.00000000e+00
0.00000000e+00
0.00000000e+00
0.00000000e+00
0.00000000e+00
0.00000000e+00
0.00000000e+00
-1.87649260e-01
-2.95274394e-01
-2.19706034e-01
-1.64184823e-01
-2.01359734e-01
-3.37944840e-01
-2.00223403e-01
1.75126336e-01
-2.82700251e-01
1.79511357e-01
-2.47697675e-03
-2.76960080e-01
-3.15143537e-01
-5.20371809e-02
-6.25880620e-01
-5.16993973e-01
2.08098693e-01
0.00000000e+00
-6.82422449e-01
-1.65633349e-01
-1.10176933e-01
-1.21570747e+00
-5.58688276e-02
3.02878808e-01
0.00000000e+00
0.00000000e+00
0.00000000e+00
0.00000000e+00
0.00000000e+00
0.00000000e+00
0.00000000e+00
0.00000000e+00
0.00000000e+00
0.00000000e+00
0.00000000e+00
0.00000000e+00
0.00000000e+00
0.00000000e+00
0.00000000e+00
0.00000000e+00
0.00000000e+00
0.00000000e+00
0.00000000e+00
0.00000000e+00
0.00000000e+00
0.00000000e+00
0.00000000e+00
0.00000000e+00
0.00000000e+00
0.00000000e+00
0.00000000e+00
0.00000000e+00
0.00000000e+00
0.00000000e+00
0.00000000e+00
0.00000000e+00
0.00000000e+00
0.00000000e+00
0.00000000e+00
1.62244189e+00
1.83860396e+00
-2.88992577e-01
0.00000000e+00
0.00000000e+00
0.00000000e+00
7.64928506e-01
-1.34669488e-01
-5.11209529e-02
7.43793079e-01
-1.09798204e-01
2.78675076e-01
1.02711248e+00
5.85414950e-01
2.06214148e-01
0.00000000e+00
2.10104928e-01
8.05055381e-02
-7.49405921e-02
7.02807461e-02
5.53250880e-01
7.61020303e-01
1.38149560e-01
-1.18544416e-01
1.34979749e-01
7.31739701e-01
-7.53041404e-01
0.00000000e+00
0.00000000e+00
0.00000000e+00
7.75731659e-01
4.03387154e-01
8.32436647e-01
5.57751659e-01
-1.89604159e-01
5.40666671e-01
7.56777953e-01
8.71653521e-01
6.75333094e-01
0.00000000e+00
9.14437571e-01
1.12576714e+00
1.79229573e-01
6.14065622e-01
9.20658837e-01
7.45938736e-01
3.97499339e-01
-2.25303687e-01
-6.34597176e-02
7.09098777e-01
-1.80963139e-01
0.00000000e+00
0.00000000e+00
0.00000000e+00
1.74603316e-01
9.10203387e-02
-7.30537943e-01
3.70812743e-01
-1.84839080e-01
4.24777749e-01
8.11821881e-01
9.16152080e-02
5.81772529e-01
0.00000000e+00
2.12401167e-01
4.98854694e-03
-3.65178048e-01
7.44089760e-01
-2.68815105e-01
-1.91116099e-02
3.03022583e-01
-2.47050378e-02
-2.44976532e-01
2.88293137e-01
-3.14387686e-01
0.00000000e+00
0.00000000e+00
0.00000000e+00
1.12922733e-01
3.31476191e-01
7.81383185e-01
4.70609957e-01
2.98487338e-02
1.50324698e-01
4.79217062e-01
1.69111977e-01
2.17528085e-01
0.00000000e+00
7.67459737e-02
3.33574542e-01
1.58063833e-01
1.81562095e-01
7.83165109e-01
3.61983508e-01
-3.51454347e-01
-4.72815247e-02
-3.49116291e-01
8.96393717e-02
136
-7.48099462e-01
0.00000000e+00
0.00000000e+00
6.44475638e-01
-1.11772459e-02
-5.92177334e-01
3.22096891e-03
-8.00397766e-01
-3.81832424e-04
0.00000000e+00
0.00000000e+00
-2.90039308e-01
-5.00750097e-01
-4.50112229e-01
-2.05126096e-01
1.23616233e-01
5.74312036e-01
0.00000000e+00
0.00000000e+00
6.73740482e-03
-1.05587402e-01
-3.38853649e-01
-3.10395815e-01
0.00000000e+00
0.00000000e+00
0.00000000e+00
0.00000000e+00
6.73740482e-03
-4.26540796e-01
3.22408682e-01
-2.11143575e-01
-1.45528777e-03
-1.25669672e-01
-2.04040256e-03
-3.10395815e-01
0.00000000e+00
0.00000000e+00
0.00000000e+00
0.00000000e+00
0.00000000e+00
0.00000000e+00
0.00000000e+00
0.00000000e+00
0.00000000e+00
0.00000000e+00
0.00000000e+00
5.18842120e-02
2.73766185e-01
6.41116827e-01
2.88410666e-01
-5.45556635e-01
-2.52985728e-01
-2.93942623e-01
-3.19693821e-02
9.37613023e-06
-3.39819846e-01
0.00000000e+00
-3.08538284e-01
-2.73938415e-01
1.79778266e-01
-7.94517878e-01
-4.26540796e-01
3.18912992e-01
0.00000000e+00
0.00000000e+00
0.00000000e+00
0.00000000e+00
0.00000000e+00
0.00000000e+00
0.00000000e+00
0.00000000e+00
0.00000000e+00
0.00000000e+00
0.00000000e+00
0.00000000e+00
0.00000000e+00
0.00000000e+00
0.00000000e+00
0.00000000e+00
0.00000000e+00
0.00000000e+00
0.00000000e+00
0.00000000e+00
0.00000000e+00
0.00000000e+00
0.00000000e+00
1.86384555e+00
1.58463421e+00
-2.80650173e-01
0.00000000e+00
0.00000000e+00
0.00000000e+00
6.41543161e-01
-6.49218643e-01
-1.42098751e-01
9.93359376e-01
-2.36052822e+00
4.33226276e-01
1.19145362e+00
6.98541871e-01
7.69922849e-02
0.00000000e+00
3.57156521e-01
4.05463843e-01
-1.20661261e+00
5.90175833e-01
9.72186586e-01
7.60817594e-01
4.22236146e-02
-3.20408266e+00
-4.82932026e-01
6.01682157e-01
-8.94244336e-01
0.00000000e+00
0.00000000e+00
0.00000000e+00
2.42582580e-01
-7.65267778e-02
-9.23107259e-02
1.16869891e+00
-1.04762742e+00
7.22125766e-01
1.73249793e+00
3.55771404e-01
8.07960290e-01
0.00000000e+00
5.90532216e-01
1.01799532e+00
-8.42866301e-01
1.06061491e+00
3.96990643e-01
4.98557762e-01
2.20928174e-01
-1.18131374e-01
-7.34357955e-01
7.28932403e-01
7 1
-7.3375e-01 4.1006e-01
4 1
0 1 4 6 
217
-5.02878044e-01
2.47387630e-01
-2.32121227e-01
5.53334989e-02
-3.59439924e-01
2.10192029e-01
4.12647870e-02
-2.90480282e-01
-2.48792959e-01
5.38151367e-02
5.52256972e-02
-2.81923517e-01
0.00000000e+00
0.00000000e+00
-2.50819195e-02
-1.92637975e-02
1.18690946e-01
1.43414632e-01
-3.58149714e-03
-2.63883981e-01
1.28129807e-01
-4.78614446e-03
-4.78804962e-01
-7.49340563e-01
3.57182213e-04
2.05709556e-02
0.00000000e+00
0.00000000e+00
-5.08898761e-01
-6.28615658e-01
-2.09488666e-01
2.18710426e-02
2.12082644e-01
6.10171355e-01
0.00000000e+00
0.00000000e+00
0.00000000e+00
6.08179121e-03
-3.09796573e-01
-2.32223025e-01
6.82720266e-02
0.00000000e+00
0.00000000e+00
0.00000000e+00
0.00000000e+00
-1.24637337e-01
5.57097254e-02
1.73515444e-01
0.00000000e+00
2.90672766e-02
-2.38894474e-01
-7.93805946e-02
0.00000000e+00
-2.94067947e-01
2.19443974e-02
-3.60535201e-01
0.00000000e+00
5.20226428e-01
-3.12533657e-01
6.82720266e-02
5.92148497e-02
-3.37357932e-01
-1.89522697e-01
-2.33364890e-01
-2.01973249e-01
-1.70408746e-01
8.57104007e-03
3.00230022e-01
-7.61109448e-02
2.85263090e-01
0.00000000e+00
2.70562667e-01
8.40509912e-02
-5.27303703e-01
6.72226684e-01
-1.44598630e-01
3.76731312e-01
0.00000000e+00
-4.81935831e-01
-6.40032352e-01
4.14784128e-02
-5.40986579e-01
-6.24206255e-02
2.03615379e-01
0.00000000e+00
-2.26170173e-01
-7.29397078e-01
2.12626350e-01
-6.36644924e-01
-4.89334221e-01
-5.42415885e-02
0.00000000e+00
0.00000000e+00
0.00000000e+00
0.00000000e+00
0.00000000e+00
0.00000000e+00
0.00000000e+00
0.00000000e+00
0.00000000e+00
0.00000000e+00
0.00000000e+00
0.00000000e+00
0.00000000e+00
0.00000000e+00
0.00000000e+00
0.00000000e+00
0.00000000e+00
0.00000000e+00
0.00000000e+00
0.00000000e+00
0.00000000e+00
0.00000000e+00
0.00000000e+00
0.00000000e+00
0.00000000e+00
0.00000000e+00
0.00000000e+00
0.00000000e+00
2.06947352e+00
1.80060448e+00
-1.00893257e-01
0.00000000e+00
0.00000000e+00
0.00000000e+00
5.52823589e-01
-7.13415955e-01
-5.20644249e-01
1.12233596e+00
-1.11326454e+00
4.03550786e-01
1.44276066e+00
5.56033945e-01
3.36666747e-01
0.00000000e+00
6.28360431e-01
9.85649265e-01
-6.49952601e-01
5.81668991e-01
1.22363101e+00
1.29497857e+00
-6.15139518e-02
-2.11210663e-01
-1.90668283e-01
5.97970356e-01
-7.56535154e-01
0.00000000e+00
0.00000000e+00
0.00000000e+00
6.45889853e-01
8.80243356e-01
1.27244148e+00
3.38483032e-01
-5.02912823e-01
2.50225192e-01
4.09959428e-01
9.18347051e-01
2.15901395e-01
0.00000000e+00
2.84759139e-01
5.89863167e-01
5.29957912e-01
1.10084113e+00
1.34986624e-01
3.03121831e-01
-1.16382656e-01
-2.40198375e-01
-7.95448523e-01
2.75949215e-01
-7.25597035e-03
0.00000000e+00
0.00000000e+00
0.00000000e+00
-1.42467410e+00
2.74342676e-01
3.63720932e-01
3.46438504e-01
-1.81279002e-01
-4.54063834e-02
7.02737104e-01
-1.00566545e-01
6.60654693e-02
0.00000000e+00
1.99619259e-01
1.23511147e+00
-4.05588006e-01
1.15041902e+00
5.89049348e-01
2.65510603e-02
1.16271389e-01
-8.35806822e-02
-1.14734607e-01
7.56674746e-01
-5.45324256e-01
0.00000000e+00
0.00000000e+00
0.00000000e+00
1.18874378e+00
1.49426399e-01
-9.24691292e-02
6.64995922e-01
-2.41005278e-01
3.76716589e-01
4.92213216e-01
2.39307589e-01
5.72574127e-01
0.00000000e+00
1.48193767e-01
3.67373149e-01
2.33962502e-01
-2.56815544e-02
-5.01994559e-03
1.21045120e-01
-7.97540578e-02
-4.60104482e-02
-7.88732780e-01
-8.04465938e-03
136
-7.27953192e-01
-1.26979738e-01
-1.19570193e-02
-1.19146436e-01
-1.66611190e-03
-3.16326158e-01
2.19039539e-03
-1.65500861e-01
-7.59116058e-06
0.00000000e+00
0.00000000e+00
1.00392148e-01
-2.30730283e-01
-5.51140539e-01
-3.44062575e-01
-1.04326267e-01
4.01914323e-01
0.00000000e+00
0.00000000e+00
-2.74530415e-01
2.15874671e-01
-1.67391950e-01
-2.07174665e-01
-2.94730833e-01
0.00000000e+00
0.00000000e+00
0.00000000e+00
-2.74530415e-01
-4.10038357e-02
1.48154739e-01
2.65750253e-01
1.15818106e-01
1.95205840e-02
-3.12198688e-01
-2.15371446e-01
0.00000000e+00
-4.89331724e-01
3.63105638e-01
-3.94496042e-01
0.00000000e+00
3.53452600e-01
4.92402225e-02
-2.94730833e-01
0.00000000e+00
0.00000000e+00
0.00000000e+00
-8.04641924e-02
1.48721443e-01
2.99730759e-01
1.30237408e-01
-4.87400376e-01
0.00000000e+00
-2.89945185e-01
1.11643801e-01
2.07340987e-02
-2.56378806e-01
0.00000000e+00
-4.29445726e-01
-1.41989125e-01
1.88238214e-01
-6.09445395e-01
-5.37429898e-01
-3.42086545e-01
-4.37514474e-01
1.80184894e-01
-6.67993063e-01
0.00000000e+00
0.00000000e+00
0.00000000e+00
0.00000000e+00
0.00000000e+00
0.00000000e+00
0.00000000e+00
0.00000000e+00
0.00000000e+00
0.00000000e+00
0.00000000e+00
0.00000000e+00
0.00000000e+00
0.00000000e+00
0.00000000e+00
0.00000000e+00
0.00000000e+00
0.00000000e+00
0.00000000e+00
0.00000000e+00
1.86699830e+00
1.68505755e+00
-8.26505395e-01
0.00000000e+00
0.00000000e+00
0.00000000e+00
1.14843102e+00
-2.66438184e-01
1.87645279e-01
1.47030592e+00
-2.10195058e+00
2.31793849e-01
1.59015295e+00
1.21566571e+00
6.21251810e-01
0.00000000e+00
1.13633487e+00
1.38703749e+00
-8.57344862e-01
4.18367114e-01
1.64356629e+00
1.23864121e+00
5.87489644e-01
-5.83632892e-01
1.34619102e-01
1.17527330e+00
-6.85046835e-01
0.00000000e+00
0.00000000e+00
0.00000000e+00
-1.90897848e-01
-1.42246447e-01
4.18979659e-02
1.20953188e+00
-1.05188763e+00
5.52023302e-01
1.68797340e+00
1.31102167e-01
7.06729377e-01
0.00000000e+00
5.92386064e-01
6.41686401e-01
-9.38903136e-01
9.42688016e-01
4.05858561e-01
6.03027026e-01
-7.17070210e-02
-9.20958664e-02
-8.45750840e-01
4.94325089e-01
8 1
-1.0480e+00 4.2194e-01
5 0
0 1 4 6 7 
217
-5.44804131e-01
3.92461166e-01
-3.80356756e-01
3.40357631e-02
9.65221929e-02
1.36388426e-01
-1.47674818e-02
1.28392068e-01
-9.01452309e-02
5.74183568e-01
-5.59171326e-01
8.84205702e-02
0.00000000e+00
0.00000000e+00
-9.88409340e-02
-5.16919653e-03
-2.36018849e-01
3.55673587e-01
-7.78461028e-03
-3.53024455e-01
-4.77646351e-01
-6.17398091e-04
-1.23884545e-01
-3.23990433e-01
1.84350863e-04
-7.95763880e-02
0.00000000e+00
0.00000000e+00
-2.72022290e-02
-5.40783361e-01
-6.10318728e-02
-1.99923454e-01
-3.69120696e-02
3.21048855e-01
0.00000000e+00
0.00000000e+00
0.00000000e+00
6.20178983e-01
-1.24736925e-01
-5.12151451e-01
-5.13287209e-01
8.62374052e-02
0.00000000e+00
0.00000000e+00
0.00000000e+00
9.89396978e-02
-1.80995045e-01
1.04460922e-01
0.00000000e+00
-6.09792220e-02
1.07362582e-01
-1.07624533e-01
0.00000000e+00
4.25870639e-02
-2.35536134e-01
-1.20153900e-01
0.00000000e+00
1.31564757e-01
2.77649202e-01
-5.90742256e-01
2.57721208e-01
-6.58805298e-01
-4.26751071e-02
0.00000000e+00
-4.29870520e-02
2.83320942e-01
-1.99979154e-01
5.67922649e-01
-3.01968316e-01
-1.36911396e-01
7.46376256e-02
1.26137404e-01
-1.47604414e-01
-3.55127484e-01
2.88924172e-02
-3.90451677e-01
-1.01779721e-01
0.00000000e+00
-3.60860659e-01
-1.85032216e-01
4.57937962e-01
-4.21867123e-01
-6.41881435e-01
-6.57790598e-01
0.00000000e+00
-1.08923176e-01
-7.41973206e-02
-5.70817073e-02
-3.59601436e-01
-3.78799248e-01
-2.09559522e-01
7.46376256e-02
3.00918216e-01
-4.49214917e-02
-3.59803519e-02
-4.02289531e-01
-8.84379620e-01
-4.07798308e-01
0.00000000e+00
0.00000000e+00
0.00000000e+00
0.00000000e+00
0.00000000e+00
0.00000000e+00
0.00000000e+00
0.00000000e+00
0.00000000e+00
0.00000000e+00
0.00000000e+00
0.00000000e+00
0.00000000e+00
0.00000000e+00
0.00000000e+00
0.00000000e+00
0.00000000e+00
0.00000000e+00
0.00000000e+00
0.00000000e+00
0.00000000e+00
1.48738754e+00
1.98933762e+00
-4.33249251e-01
0.00000000e+00
0.00000000e+00
0.00000000e+00
5.92249596e-01
-2.64768946e-01
3.45100683e-01
6.95127279e-01
-1.96055418e-01
8.75525505e-01
1.32859088e+00
1.01231080e-01
1.81711803e-01
0.00000000e+00
9.67771401e-01
1.29441265e+00
-8.34949221e-01
7.05895996e-01
1.79831597e+00
1.42486127e+00
4.12266713e-01
-2.11167009e-01
-4.10947880e-01
4.04533134e-01
-1.13622741e+00
0.00000000e+00
0.00000000e+00
0.00000000e+00
1.32349952e+00
-3.15952498e-01
5.43488578e-02
1.10063805e+00
-1.92474698e-01
5.18087539e-01
9.92066380e-01
1.53714738e+00
4.80582328e-01
0.00000000e+00
9.69700442e-01
3.98868731e-01
-1.10196536e+00
3.63536343e-01
-2.99843676e-01
3.29553430e-01
5.81381657e-01
-1.61848554e-01
1.13559243e+00
1.35892853e+00
-6.70087537e-02
0.00000000e+00
0.00000000e+00
0.00000000e+00
3.36394935e-01
1.66241263e-01
2.24878115e-01
1.21284222e+00
-1.96190693e-02
1.09401544e-01
1.82536769e+00
6.37306044e-02
4.04080813e-01
0.00000000e+00
-4.21150793e-01
5.27071029e-01
-3.79679232e-01
1.28312420e+00
-2.42275053e-01
7.19081487e-02
-1.16850841e-01
-5.53486671e-02
-3.85676941e-01
5.98439867e-01
-7.72066069e-01
0.00000000e+00
0.00000000e+00
0.00000000e+00
5.05856631e-01
-5.78200254e-01
3.28953507e-01
1.25891113e-01
-2.35671324e-02
3.26858700e-01
7.49980369e-03
6.93520118e-01
2.75869487e-01
0.00000000e+00
1.36342263e+00
6.06905604e-01
-6.04054491e-01
8.30444770e-01
7.11715070e-01
2.68033713e-01
4.48197676e-01
-1.20147411e-01
-2.86375471e-01
2.32530835e-01
136
-7.95792715e-01
2.07581226e-01
-1.75632671e-02
-8.06964421e-01
1.11442959e-02
-2.83237795e-01
5.25388553e-04
8.68282756e-02
-1.32693589e-04
0.00000000e+00
0.00000000e+00
-2.43611197e-01
-4.99942561e-01
-5.70504508e-01
-1.64105531e-01
2.10085861e-01
4.72285221e-01
0.00000000e+00
0.00000000e+00
-2.77759154e-01
3.29857328e-01
-1.91592706e-02
-3.49025381e-01
-3.41866573e-01
-1.37839664e-01
0.00000000e+00
0.00000000e+00
-1.87881595e-01
4.66316809e-02
7.56727939e-02
-1.91033454e-02
-1.41267037e-01
-1.33598892e-01
7.18281049e-02
-2.42927624e-01
8.62695826e-02
-3.02176472e-01
5.00513379e-01
-6.64871422e-01
0.00000000e+00
2.82137126e-01
1.02823971e-01
-2.56066376e-01
0.00000000e+00
0.00000000e+00
0.00000000e+00
0.00000000e+00
5.48128334e-01
5.19719674e-01
2.52533428e-01
-3.02022459e-01
-1.58341728e-01
-2.05320468e-01
2.19650581e-01
-2.71885110e-03
-2.07265726e-01
0.00000000e+00
-4.64945399e-01
-1.36051098e-01
9.37441900e-02
-6.44267404e-01
-1.02613085e+00
-4.34534493e-01
-3.91317421e-01
1.56792736e-01
-5.41295326e-01
-9.84076364e-02
-2.03283068e-01
-4.43856031e-01
-6.56799444e-02
1.62669108e-01
0.00000000e+00
0.00000000e+00
0.00000000e+00
0.00000000e+00
0.00000000e+00
0.00000000e+00
0.00000000e+00
0.00000000e+00
0.00000000e+00
0.00000000e+00
0.00000000e+00
0.00000000e+00
0.00000000e+00
0.00000000e+00
0.00000000e+00
1.75660389e+00
1.58050487e+00
-3.00074506e-01
0.00000000e+00
0.00000000e+00
0.00000000e+00
5.87815651e-01
-5.39092454e-01
5.05449539e-02
8.94654869e-01
-2.56044815e+00
4.24849599e-01
1.03633450e+00
7.74719880e-01
7.62855376e-02
0.00000000e+00
3.99078324e-01
8.89593267e-01
-9.87258920e-01
6.57650676e-01
9.58063929e-01
6.89005640e-01
-5.94381865e-02
-3.35471201e+00
-4.57950293e-01
2.20228680e-01
-7.76352791e-01
0.00000000e+00
0.00000000e+00
0.00000000e+00
3.31960092e-02
2.59225113e-01
2.38447729e-01
1.19596549e+00
-6.83111244e-01
7.45147598e-01
1.58065093e+00
3.87000970e-01
7.18729499e-01
0.00000000e+00
3.51327144e-01
1.02394174e+00
-7.25836665e-01
6.47366943e-01
6.56708140e-01
5.46263703e-01
-2.78543352e-02
-1.10647674e-01
-7.55059487e-01
7.84512214e-01
12 1
-1.0472e+00 4.3190e-01
6 1
0 1 4 6 7 8 
217
-7.59102539e-01
3.39392789e-01
-2.60483560e-01
-1.03468035e-01
-2.77443982e-01
3.69018217e-01
2.84151958e-02
-4.37625096e-01
-3.99355306e-01
4.89965416e-01
-9.00764703e-02
2.63360458e-01
0.00000000e+00
0.00000000e+00
-2.24981522e-03
-1.77771727e-02
-5.91374316e-02
-6.61625081e-01
1.41710924e-02
-2.69200947e-01
3.32209618e-01
-1.10312252e-02
-1.41559379e-01
-4.27437261e-01
-1.44933290e-05
5.72403101e-03
0.00000000e+00
0.00000000e+00
-1.25897080e+00
-9.95908011e-01
-4.23375036e-01
1.98221708e-01
4.15319232e-01
1.30561037e+00
0.00000000e+00
0.00000000e+00
0.00000000e+00
-5.27981171e-02
1.22629007e-01
-8.29706275e-02
3.01457149e-02
-8.61017534e-02
-4.65894165e-01
0.00000000e+00
0.00000000e+00
9.09503627e-02
1.34757247e-01
-2.81972480e-02
0.00000000e+00
5.23451927e-02
-4.90261102e-01
-1.48032313e-02
0.00000000e+00
-5.27877159e-01
2.83462539e-02
-2.87251007e-01
0.00000000e+00
3.02907012e-01
-3.33814244e-01
2.52695615e-01
-1.15905357e-01
-3.29549333e-01
-8.95352512e-02
-3.48343029e-01
-2.51529047e-01
1.39064199e-02
1.37551848e-01
-1.19435529e-01
-2.96782311e-01
3.91977768e-01
0.00000000e+00
7.37927662e-02
2.06263555e-01
-4.29081061e-01
5.05214236e-01
-3.09446655e-01
2.13690612e-01
0.00000000e+00
-6.94940517e-01
-1.12350546e-01
4.37913582e-02
-4.38147581e-01
-1.07953380e-01
-8.67405354e-02
0.00000000e+00
-2.90715121e-01
-3.00771810e-01
-8.34589953e-02
-3.08072739e-01
-3.84928423e-01
-1.20841487e-01
0.00000000e+00
9.77301017e-02
2.07269851e-01
-4.01354799e-01
-6.72639869e-01
-4.50658730e-01
-2.70326050e-01
-3.47945455e-01
4.68264650e-01
-2.18150819e-01
-6.32005582e-01
2.04808800e-01
-2.47416153e-01
-3.54603931e-01
0.00000000e+00
0.00000000e+00
0.00000000e+00
0.00000000e+00
0.00000000e+00
0.00000000e+00
0.00000000e+00
0.00000000e+00
0.00000000e+00
0.00000000e+00
0.00000000e+00
0.00000000e+00
0.00000000e+00
0.00000000e+00
1.98598821e+00
2.10774588e+00
8.70021840e-02
0.00000000e+00
0.00000000e+00
0.00000000e+00
3.38693339e-01
1.20257910e-01
-1.83472303e-01
3.11559305e-01
-7.14429807e-01
4.63277346e-02
1.14880355e+00
4.60429859e-01
5.51551119e-01
0.00000000e+00
-3.36084024e-01
1.02448232e+00
-2.56285992e-01
1.98253800e-01
1.87057570e+00
7.22538665e-01
-1.90340409e-02
-2.11603369e-01
-5.92740930e-01
4.10155942e-01
-7.94322473e-01
0.00000000e+00
0.00000000e+00
0.00000000e+00
2.65634125e-01
4.14110374e-02
5.69674004e-01
6.81576625e-01
-8.19265149e-01
3.20825439e-01
6.22681034e-01
8.85501751e-01
-1.03460198e-02
0.00000000e+00
5.95638508e-01
7.06395828e-01
4.43318937e-02
1.50035683e+00
-2.24431656e-01
9.64028349e-01
2.73147091e-02
-2.19211897e-01
-7.39006924e-01
3.82232953e-02
-2.20181886e-02
0.00000000e+00
0.00000000e+00
0.00000000e+00
-4.18118094e-01
5.30223351e-01
6.12913798e-01
9.85598036e-01
-9.22776073e-01
2.78814871e-01
7.44910460e-01
-4.73123192e-01
5.58382005e-01
0.00000000e+00
-8.86202882e-02
1.24096012e-01
-9.09576402e-02
-2.85047302e-02
6.53223240e-01
5.82518598e-01
2.05143719e-01
-2.50483906e-02
-4.79127130e-01
2.15889424e-01
-4.45240881e-01
0.00000000e+00
0.00000000e+00
0.00000000e+00
3.05723064e-01
2.88167565e-01
1.65662712e-01
1.36802517e-01
-8.40504102e-02
3.99669305e-01
5.05204927e-01
4.38007627e-01
1.35219012e-02
0.00000000e+00
-1.11598917e-01
1.11774802e+00
3.39955847e-01
2.95233752e-01
5.47666708e-02
-4.24515319e-01
-7.41359914e-02
-2.61654080e-02
-5.43453793e-01
3.10283133e-01
136
-5.28307954e-01
-6.31407197e-02
-4.76965925e-03
9.72041095e-03
-2.44933184e-03
-3.70168391e-01
4.10528235e-03
-1.04719254e-01
1.05055710e-04
0.00000000e+00
0.00000000e+00
9.54903919e-02
-1.06674052e-01
-4.85705844e-01
-2.55913817e-01
-9.76443990e-02
3.22139767e-01
0.00000000e+00
0.00000000e+00
-2.93054972e-01
1.52052067e-01
1.67006793e-01
-6.47785136e-02
-1.18878057e-01
-1.34553406e-01
-2.36101866e-01
0.00000000e+00
-1.94763497e-01
4.96388855e-02
2.42950467e-01
6.84354975e-02
2.01626833e-01
-1.48090306e-01
-7.78751710e-02
-1.66496919e-01
-3.19176228e-02
-3.38216001e-01
3.57437862e-01
-3.47739972e-01
0.00000000e+00
3.41947237e-01
-1.49904193e-01
-3.08225531e-01
0.00000000e+00
0.00000000e+00
0.00000000e+00
-1.26738914e-01
4.47178068e-01
4.54577768e-01
1.15920726e-01
-1.94244737e-01
0.00000000e+00
4.54469134e-02
1.17786193e-01
2.60811422e-02
-1.36117617e-01
0.00000000e+00
-1.94174381e-01
-1.16024254e-01
1.66759294e-01
-5.33650802e-01
-7.30967067e-01
-4.35517158e-01
-2.50091828e-01
9.98666267e-02
-2.87309528e-01
0.00000000e+00
-3.03519140e-01
-4.09247121e-01
-1.02547955e-01
-1.21090527e-01
-3.12224197e-02
-4.37741433e-01
-4.64551964e-01
-6.02089507e-02
-4.75069189e-02
0.00000000e+00
0.00000000e+00
0.00000000e+00
0.00000000e+00
0.00000000e+00
0.00000000e+00
0.00000000e+00
0.00000000e+00
0.00000000e+00
0.00000000e+00
1.92869859e+00
1.65883908e+00
-9.01350550e-01
0.00000000e+00
0.00000000e+00
0.00000000e+00
1.24503598e+00
3.29561422e-02
5.51399947e-01
1.61138994e+00
-2.10540141e+00
4.62852274e-01
1.81037948e+00
1.21196551e+00
7.98453557e-01
0.00000000e+00
1.21108529e+00
1.37546506e+00
-5.87819811e-01
5.90963983e-01
1.55703916e+00
1.34153696e+00
5.56183544e-01
-6.32438823e-01
3.49168514e-01
1.30178373e+00
-7.16497529e-01
0.00000000e+00
0.00000000e+00
0.00000000e+00
1.07750879e-01
1.43382089e-01
3.19871829e-02
1.20047623e+00
-9.11192007e-01
5.38654466e-01
1.61649393e+00
1.99680517e-01
8.76744378e-01
0.00000000e+00
7.41909539e-01
7.43684989e-01
-9.44260140e-01
1.38806395e+00
3.62886457e-01
4.63439749e-01
3.62119921e-02
-7.43519349e-02
-5.87766961e-01
6.96290860e-01
3 1
-1.0605e+00 4.4471e-01
7 0
0 1 4 6 7 8 12 
217
-3.27314315e-01
5.00949878e-01
-6.79757778e-01
-5.04971593e-02
7.41618504e-02
-3.14676363e-01
-6.00730369e-02
-3.61614962e-02
4.45870974e-02
1.32865854e-01
-2.81579114e-01
-2.72067879e-01
0.00000000e+00
0.00000000e+00
2.55427765e-01
-1.18388833e-02
-6.17590888e-01
-2.28679148e-01
-1.30141658e-03
-3.13584339e-01
-2.84340960e-01
9.38187343e-03
-6.80124405e-01
-6.97219716e-02
-3.58682934e-04
-1.64332846e-01
0.00000000e+00
0.00000000e+00
-1.54909640e-01
-4.43681365e-01
-2.06593480e-01
-2.08433858e-01
7.93627442e-02
6.06941284e-01
0.00000000e+00
0.00000000e+00
0.00000000e+00
1.71843748e-01
2.39021291e-01
-3.40863131e-01
-1.70868766e-01
-2.90801240e-01
-2.96749428e-01
3.62539229e-01
0.00000000e+00
-1.89621427e-02
-7.02261642e-02
1.42325544e-02
0.00000000e+00
-8.47321088e-02
2.81689651e-02
1.04499174e-01
0.00000000e+00
-3.21058189e-01
5.49021851e-03
-6.52169360e-02
0.00000000e+00
-1.54650978e-01
-9.87304328e-02
2.07907097e-01
-3.93958897e-02
1.27492713e-01
-4.13975121e-01
0.00000000e+00
6.35357635e-04
2.16329002e-02
-1.64014446e-01
2.69992947e-01
-1.53967084e-01
-6.29704141e-02
-1.44797167e-01
-3.08641625e-01
-3.13520513e-01
2.48606441e-01
-8.90376670e-02
-1.22481964e-01
1.66512860e-01
0.00000000e+00
-4.28499938e-01
-2.13254753e-02
2.11649825e-01
-3.43238867e-01
-1.10464202e-01
-1.99042411e-01
0.00000000e+00
2.96009631e-02
-7.89259120e-02
8.78544791e-02
-2.22148560e-01
-4.44769758e-01
-1.38968220e-01
-1.19566544e-01
3.19007078e-01
-3.41887976e-01
-1.79028067e-01
-2.70667833e-01
-3.47726781e-01
-2.29273124e-01
0.00000000e+00
1.74364662e-01
-1.97550916e-01
-2.05837620e-01
-3.02112299e-01
-2.95841357e-01
-4.75304620e-01
-1.17994724e-01
6.75661684e-02
-2.22917788e-01
-1.34667520e-01
7.74877433e-02
-1.42218239e-01
2.58184731e-01
0.00000000e+00
0.00000000e+00
0.00000000e+00
0.00000000e+00
0.00000000e+00
0.00000000e+00
0.00000000e+00
2.68316703e+00
1.96472862e+00
-7.54129826e-03
0.00000000e+00
0.00000000e+00
0.00000000e+00
4.36107629e-01
-7.12341291e-03
4.60158519e-01
1.01857201e+00
-1.76462960e-01
2.23843086e-01
1.92653385e+00
2.36054118e-01
6.86778548e-01
0.00000000e+00
6.68925298e-01
8.35308867e-01
-3.72969277e-01
3.68672675e-01
1.58932640e+00
1.13082177e+00
-2.09371191e-02
-1.71388102e-01
-1.03398588e+00
4.07652277e-01
-7.97194392e-01
0.00000000e+00
0.00000000e+00
0.00000000e+00
1.13313810e+00
-5.49736612e-01
2.95286509e-01
7.14002806e-01
-1.79715080e-01
6.14362945e-01
3.37632339e-01
9.84460075e-01
1.57094555e-01
0.00000000e+00
6.53185539e-01
4.19085960e-01
-8.03284383e-01
3.80577789e-01
-4.61749274e-02
2.50474467e-01
3.85505600e-01
-1.95894316e-01
1.30372739e+00
1.14992329e+00
-1.14139560e-02
0.00000000e+00
0.00000000e+00
0.00000000e+00
-1.49306972e-01
-6.22150637e-01
1.85854940e-01
1.30048010e+00
-3.27992398e-01
4.88133971e-01
1.67933581e+00
3.90731331e-01
1.49394985e-01
0.00000000e+00
-5.88205450e-01
4.76833185e-01
-6.73762122e-01
7.98053718e-01
-7.18717250e-02
6.39629492e-01
-4.83526412e-01
-1.70329101e-02
-4.05071225e-01
2.27184528e-01
-6.94961586e-01
0.00000000e+00
0.00000000e+00
0.00000000e+00
3.12812771e-01
1.94475932e-01
-2.28114055e-01
-2.19365362e-01
-1.13337531e-01
-1.02939022e-01
1.78691075e-01
-7.33326546e-02
6.34335671e-01
0.00000000e+00
1.25561360e+00
1.99592284e-01
-1.01808396e+00
6.14682923e-01
3.53762322e-01
1.31845664e-01
5.33000586e-02
-1.38415778e-02
-5.44546209e-01
6.12842869e-01
136
-6.75493737e-01
2.36854224e-01
-2.21232951e-02
-5.22588390e-01
5.47718928e-03
-3.53073029e-01
2.37995582e-04
-3.66865421e-02
4.61870826e-05
0.00000000e+00
0.00000000e+00
-1.06743102e-01
-3.84146415e-01
-5.62175905e-01
-9.21422419e-02
1.00846687e-01
3.68867239e-01
0.00000000e+00
0.00000000e+00
-2.79157553e-01
3.08454073e-01
1.76260987e-01
-1.62332102e-01
-2.19318649e-01
-2.61023036e-01
-1.91504448e-01
-4.68730097e-02
-1.73623088e-01
-1.58079479e-01
3.32966765e-01
-2.17387676e-01
1.88672134e-01
-1.38316426e-01
7.95768425e-02
-2.54913332e-01
0.00000000e+00
-5.27590166e-01
3.23561779e-01
-2.95448732e-01
0.00000000e+00
1.55849071e-01
9.18644942e-02
-2.83510445e-01
0.00000000e+00
0.00000000e+00
0.00000000e+00
0.00000000e+00
1.05504124e+00
7.51797275e-01
2.86833716e-01
-4.65867880e-01
-2.51255183e-01
-2.00948250e-01
1.48237533e-01
7.72981358e-03
-1.69038703e-01
0.00000000e+00
-5.49053310e-01
-1.24544349e-01
6.31256068e-02
-5.74063618e-01
-6.41896094e-01
-5.30695390e-01
-3.47408397e-01
1.13850626e-01
-7.44703387e-01
-1.48300320e-01
-1.88980580e-01
-2.82203347e-01
-3.36737677e-02
1.49494885e-01
0.00000000e+00
-3.94374921e-01
-5.66159650e-01
1.67554539e-02
1.18152833e-01
-1.29135467e-01
-8.34671059e-02
-2.80801851e-01
3.31230603e-02
2.35181284e-02
0.00000000e+00
0.00000000e+00
0.00000000e+00
0.00000000e+00
0.00000000e+00
1.49836385e+00
1.68974201e+00
-1.22212738e+00
0.00000000e+00
0.00000000e+00
0.00000000e+00
1.34817381e+00
3.04597140e-01
7.18651793e-01
1.69827942e+00
-2.61650044e+00
1.10020416e+00
1.78156321e+00
1.50387308e+00
8.24798533e-01
0.00000000e+00
1.13248527e+00
1.53759245e+00
-2.92885857e-01
1.38980534e+00
1.80985576e+00
1.51330153e+00
5.73875388e-01
-7.37533080e-01
2.69982440e-01
9.92941813e-01
-7.45800070e-01
0.00000000e+00
0.00000000e+00
0.00000000e+00
1.48997704e-01
4.29882299e-01
2.90865679e-01
1.35186853e+00
-8.50010555e-01
7.93120374e-01
1.65153922e+00
3.54381104e-01
7.08471551e-01
0.00000000e+00
4.60415853e-01
1.27715656e+00
-5.63272775e-01
1.00938252e+00
6.72469273e-01
6.67295509e-01
1.75890843e-01
-7.96451327e-02
-9.07149298e-01
6.62790739e-01
2 1
-1.2309e+00 4.4284e-01
8 1
0 1 4 6 7 8 12 3 
217
-6.88503362e-01
1.84583357e-01
-1.38584453e-01
-1.59244569e-02
6.87509940e-02
-4.72566684e-01
-3.23806851e-01
5.79787521e-03
-2.30642933e-01
4.49504773e-01
-2.48727858e-01
8.24793481e-02
0.00000000e+00
0.00000000e+00
1.21593049e-01
-1.18414829e-02
-2.22476145e-01
5.13751341e-01
-5.29276917e-03
-7.35963578e-01
-7.88232433e-01
1.09919498e-02
-2.55687885e-01
-5.35615320e-01
8.06317742e-04
-6.00511530e-02
0.00000000e+00
0.00000000e+00
-8.96366774e-02
-4.84574483e-02
1.97228076e-02
-3.58810657e-01
-4.95522954e-01
2.84201566e-01
0.00000000e+00
0.00000000e+00
-3.21585030e-01
2.96872728e-01
2.25947395e-01
-4.34763691e-02
-3.51321389e-01
2.98136321e-01
-1.09476629e+00
3.01689275e-01
-2.60641817e-01
-4.53580721e-02
2.28016551e-01
1.23384568e-01
-2.51254825e-01
-1.71023246e-01
-6.61851310e-02
-4.39877216e-02
1.97897457e-01
-4.16262011e-01
-5.37207599e-01
1.06942206e-01
3.57302502e-01
2.21760193e-02
-3.30487758e-01
3.98185516e-01
6.31808166e-02
1.06432380e-01
-5.36531529e-01
9.93125184e-02
-7.61873139e-01
1.69108599e-01
2.43915807e-01
9.12433034e-04
-2.69858549e-01
3.61158686e-01
0.00000000e+00
-5.67163993e-01
-2.33205063e-01
6.80334634e-02
2.00032591e-01
-1.89372832e-01
9.80196015e-02
0.00000000e+00
-6.03228717e-01
-4.92706387e-01
-2.86812233e-01
-4.04402925e-01
2.01537588e-01
-2.50585804e-01
0.00000000e+00
-4.87049694e-01
-3.53496739e-01
1.02947090e-01
-4.47008164e-01
-3.04400758e-01
-3.19469201e-01
0.00000000e+00
-6.34109395e-02
3.20318540e-01
-4.98491956e-01
-5.27067659e-01
-1.26600467e-01
-1.09382342e-01
-4.18056429e-02
-2.85455705e-01
3.36406013e-02
2.14619462e-02
-1.26937043e-01
-3.82703960e-01
-1.39509790e-01
0.00000000e+00
1.03329227e-01
2.30862835e-01
-4.92016768e-01
-1.80404046e-01
-2.99815821e-01
-3.83117573e-01
-4.95670741e-02
2.56853831e-01
-5.08780981e-01
-4.02453865e-01
-6.61958366e-01
-4.93336254e-01
-1.06153833e-01
2.59734949e+00
2.47047829e+00
-3.84375256e-01
0.00000000e+00
0.00000000e+00
0.00000000e+00
9.12982904e-01
-1.21324646e-01
2.18234372e-01
7.37798213e-01
-3.78204397e-02
4.35336500e-01
9.85544157e-01
4.87613836e-01
7.13910351e-01
0.00000000e+00
1.40666445e+00
9.73012078e-01
-2.19745278e-01
7.94432662e-02
7.22414982e-02
1.35913325e+00
8.78228255e-01
-1.34429771e-01
-1.09996742e-01
2.35567242e-01
-8.86907807e-01
0.00000000e+00
0.00000000e+00
0.00000000e+00
9.26077724e-01
-1.84671650e-01
5.58545166e-01
8.10653254e-01
-4.51903144e-02
7.41619237e-01
1.49209263e+00
6.17152294e-01
4.79088688e-01
0.00000000e+00
9.99856059e-01
1.35281210e+00
-3.63077113e-01
1.89124954e-01
1.21424586e+00
6.05078868e-01
3.87125368e-01
-1.59632105e-01
6.02204663e-03
1.28096609e+00
-1.07005420e-01
0.00000000e+00
0.00000000e+00
0.00000000e+00
-4.90038546e-01
-6.93528829e-01
-9.03086761e-01
1.84098058e+00
-3.21815530e-01
2.41276951e-01
1.81413278e-02
-1.93071735e-01
5.67179557e-02
0.00000000e+00
5.37286726e-01
5.13323455e-01
-3.90087677e-01
1.16642281e+00
-5.21567295e-02
3.84053263e-01
5.37723475e-01
-7.34205757e-02
-2.18541307e-01
5.67506981e-01
-4.26874536e-01
0.00000000e+00
0.00000000e+00
0.00000000e+00
3.21610717e-01
7.79400964e-01
-2.80672375e-01
-3.20564229e-01
-6.28070724e-01
3.41701664e-01
1.13729559e+00
3.16496007e-01
2.43727540e-01
0.00000000e+00
-1.44178995e-01
4.73723607e-01
8.75123140e-01
4.58108734e-01
5.64982265e-01
-3.67260128e-02
-3.80514362e-01
-1.84506857e-01
-1.95849415e-01
4.76086224e-01
136
-4.87307653e-01
-1.90449908e-01
9.28133733e-03
3.02279731e-01
-2.71224463e-03
-5.39133648e-01
9.19220214e-03
-6.00038286e-02
2.38572886e-04
0.00000000e+00
0.00000000e+00
-4.69845871e-02
-2.94678734e-01
-4.01959092e-01
-2.22771656e-01
-1.85215680e-02
4.97607984e-01
0.00000000e+00
0.00000000e+00
0.00000000e+00
1.20929544e-01
1.71449516e-01
-9.61656528e-02
-1.86736777e-01
-1.55795265e-01
-1.84046756e-01
-1.56942263e-01
0.00000000e+00
-1.01342735e-02
4.84411058e-01
-7.27321822e-03
0.00000000e+00
-1.36408580e-01
1.55579939e-01
-3.88941707e-01
0.00000000e+00
-1.00772924e-01
1.27905638e-01
-5.29668417e-01
0.00000000e+00
2.57339743e-01
-2.99011835e-02
-3.09443728e-01
0.00000000e+00
0.00000000e+00
0.00000000e+00
-1.29097317e-01
8.67092769e-01
6.26780817e-01
1.79058156e-01
-1.41317606e-02
0.00000000e+00
1.00239656e-02
2.14445739e-01
4.83324854e-02
-1.37777482e-01
0.00000000e+00
-3.55321366e-02
-8.43820144e-02
2.10909446e-01
-4.12192903e-01
-5.66513042e-01
-8.70732071e-01
-3.66847710e-01
3.08132368e-03
-2.30356606e-01
0.00000000e+00
-7.54153276e-03
-2.48494495e-01
-4.41735329e-02
6.45882938e-02
-8.15534726e-02
-5.60308284e-01
-2.20544562e-01
-1.29972268e-01
-4.43647679e-02
0.00000000e+00
-5.24423862e-02
-1.45824890e-01
-7.58922439e-03
-4.51868230e-02
-1.70174594e-01
-4.42955538e-01
-4.59208676e-01
-1.25703713e-01
-1.21848604e-01
1.91296804e+00
1.60739529e+00
-8.84155253e-01
0.00000000e+00
0.00000000e+00
0.00000000e+00
1.25867381e+00
6.92717108e-02
6.38106139e-01
1.58556027e+00
-2.23939160e+00
5.51778248e-01
1.75720010e+00
1.37411945e+00
8.08254573e-01
0.00000000e+00
1.05383462e+00
1.41888990e+00
-3.83547747e-01
1.17929968e+00
1.64487503e+00
1.23206815e+00
4.33772231e-01
-6.80091436e-01
2.23202976e-01
1.24136303e+00
-6.76478329e-01
0.00000000e+00
0.00000000e+00
0.00000000e+00
9.33162239e-02
6.64265327e-02
2.58512516e-01
1.28588276e+00
-8.43541395e-01
6.09372157e-01
1.44656227e+00
2.66230832e-01
9.42770754e-01
0.00000000e+00
6.47945808e-01
1.05571249e+00
-1.29409927e+00
1.05092829e+00
4.61853247e-01
5.16827650e-01
-1.21417202e-02
-2.02125813e-01
-7.78535963e-01
6.73165743e-01
13 1
-1.3501e+00 4.7876e-01
8 0
0 1 4 6 7 8 12 3 
217
-6.22538085e-01
2.72071336e-01
-1.50366036e-01
-2.54237560e-01
1.73116950e-02
-1.30366522e-01
-3.50224772e-01
2.82296367e-01
-3.29164627e-01
2.44484028e-01
4.62747178e-02
-1.21544238e-02
0.00000000e+00
0.00000000e+00
-5.00168525e-01
2.11477590e-02
-2.89651207e-01
-1.57035094e-01
-4.22217800e-03
4.32838088e-01
-4.17052134e-01
6.69525256e-03
-4.29464636e-01
4.51717669e-01
-2.15179068e-04
-2.16821437e-01
0.00000000e+00
0.00000000e+00
2.71416298e-01
1.13618366e-01
1.67115388e-01
-4.13533334e-01
-2.86967701e-01
-4.74187102e-01
0.00000000e+00
0.00000000e+00
0.00000000e+00
2.04912597e-01
1.63329292e-01
-1.39072634e-01
-1.24906837e-01
3.60523513e-02
-2.38389374e-01
-3.18236281e-01
0.00000000e+00
-2.97762978e-02
-6.73975572e-02
4.21964694e-02
0.00000000e+00
-3.91913741e-02
2.29745929e-01
-3.11267248e-01
0.00000000e+00
-2.88729986e-01
2.43555004e-01
-1.73449532e-02
0.00000000e+00
3.51240264e-01
-5.75903249e-01
2.61836724e-02
-2.94817064e-01
-3.20650471e-01
1.99156649e-01
0.00000000e+00
-4.85398707e-01
3.61452679e-01
-1.44912565e-01
5.12627845e-01
-1.21776888e-01
2.22576623e-01
5.43744200e-02
-2.46680573e-01
-2.63905301e-01
7.05309238e-02
-3.73683483e-01
-5.00762856e-01
-1.40082540e-01
0.00000000e+00
-2.98622256e-01
-3.68952734e-01
-4.72600218e-02
-3.38684499e-01
-2.76655807e-01
-2.77659647e-01
0.00000000e+00
-3.49530807e-01
5.05617995e-03
-1.47541972e-01
-2.63653901e-01
-1.25465306e-01
-6.72841966e-02
5.44263706e-02
1.53692535e-01
-6.48517825e-02
-2.39689463e-01
-4.03999515e-03
-5.90967527e-01
-4.94242770e-01
0.00000000e+00
-2.92922564e-01
-1.92339006e-01
-2.56749477e-01
-3.80478946e-01
-6.60036425e-02
-5.80337717e-01
5.44263706e-02
1.60442168e-01
-2.34638860e-01
-3.68718721e-01
3.43515419e-01
-4.68687903e-01
-1.87773451e-01
0.00000000e+00
-1.01157696e-02
-4.17792902e-01
-2.64022207e-01
-6.67154863e-01
-3.34869266e-01
5.34052226e-01
2.06186962e+00
1.92694347e+00
-4.04842021e-01
0.00000000e+00
0.00000000e+00
0.00000000e+00
5.72077637e-01
-8.29233003e-01
-3.21629036e-01
1.62575036e+00
-9.34750258e-02
1.52894952e-01
1.46182301e+00
-1.40403135e-01
5.05749924e-01
0.00000000e+00
5.77693552e-01
1.21762765e+00
-9.46161339e-01
1.04896954e-01
7.86396995e-01
9.84052351e-01
2.81256476e-01
-2.19715202e-01
4.09400233e-01
3.23065703e-01
-7.99982377e-01
0.00000000e+00
0.00000000e+00
0.00000000e+00
1.09467854e+00
-1.97673552e-01
-7.02659953e-02
1.71686196e-01
-8.49686533e-02
-6.79696639e-02
4.30165154e-01
1.23120727e+00
7.83593148e-02
0.00000000e+00
1.23460281e+00
4.39383981e-01
-7.52772052e-01
1.91545519e-01
3.58478135e-01
6.33211651e-01
8.08590595e-01
-2.62535537e-01
4.46799467e-02
1.10572328e+00
-3.82086832e-01
0.00000000e+00
0.00000000e+00
0.00000000e+00
1.39110592e-01
-2.71852206e-02
-3.34034325e-01
1.28667866e+00
-1.15978854e-02
4.66559054e-01
1.32390137e+00
3.47923224e-01
4.17006708e-01
0.00000000e+00
1.39291294e-01
1.48958321e+00
-5.45928851e-01
7.75872823e-01
-5.30571167e-03
4.66918434e-01
-1.25727821e-01
-1.77669660e-02
-5.83198971e-02
6.48009672e-02
-6.78832218e-01
0.00000000e+00
0.00000000e+00
0.00000000e+00
4.65077283e-01
-1.48527751e-02
4.23379156e-01
-1.49207747e-02
-1.46886381e-02
4.47962778e-01
6.81742287e-01
3.20628416e-01
1.21881522e-01
0.00000000e+00
8.43727214e-01
1.46767806e-01
-5.31306892e-01
1.58616876e+00
6.85450912e-01
5.27772058e-01
6.49215026e-01
-1.74734241e-02
2.42395140e-01
5.52339763e-01
136
-2.79230267e-01
2.59136869e-01
-1.16479279e-02
-5.66976266e-01
8.18034093e-03
-1.40274415e-01
4.72327906e-04
1.68883545e-01
1.10599328e-04
0.00000000e+00
0.00000000e+00
-6.18392607e-02
-3.86907437e-01
-3.59836697e-01
-1.30969826e-01
2.02696017e-01
4.57626935e-01
0.00000000e+00
0.00000000e+00
-2.27941097e-01
1.49275709e-01
1.79487706e-01
-2.96677494e-02
-1.03792208e-01
-5.03562135e-02
-9.58299302e-02
-1.00406483e-01
-2.17733470e-01
-8.61754173e-04
4.16831665e-01
-7.54604280e-02
1.98497432e-01
-1.22069847e-01
-1.36095724e-02
-2.49195013e-01
0.00000000e+00
-2.85826268e-01
1.71500870e-01
-1.88970941e-01
0.00000000e+00
2.41257076e-01
-1.22821394e-01
-5.45075268e-02
0.00000000e+00
0.00000000e+00
0.00000000e+00
0.00000000e+00
4.53839713e-01
4.06284635e-01
1.26420862e-01
-1.20346326e-01
-9.64704162e-02
-6.65275102e-02
1.90103581e-01
3.68775014e-02
-2.14400256e-01
0.00000000e+00
-1.79759658e-01
1.18582461e-02
1.22720862e-01
-4.04219252e-01
-3.24421566e-01
-8.40260493e-01
-3.62827105e-01
-2.34505677e-02
-4.89470596e-01
-9.61911548e-03
-1.07213083e-01
-2.56433594e-01
-4.21957661e-02
2.47108584e-02
0.00000000e+00
-3.07506764e-01
-1.65512280e-01
-9.43012591e-02
-8.18484688e-02
1.22635947e-02
-7.66444626e-02
-1.75663375e-01
3.59701804e-02
-6.64605533e-02
0.00000000e+00
-3.29494459e-01
-4.19548114e-01
-1.12928876e-01
-1.04499910e-02
1.73614940e+00
1.65983737e+00
-7.44587361e-01
0.00000000e+00
0.00000000e+00
0.00000000e+00
1.08108519e+00
-1.72257216e-01
4.52762308e-01
1.27392691e+00
-2.25263023e+00
7.19714339e-01
1.57997345e+00
1.06708414e+00
5.04380287e-01
0.00000000e+00
6.81811559e-01
1.08907837e+00
-6.90003386e-01
9.48475643e-01
1.36797040e+00
1.13112550e+00
2.56110499e-01
-4.66906809e-01
-1.14141770e-01
7.77294410e-01
-5.51315004e-01
0.00000000e+00
0.00000000e+00
0.00000000e+00
1.34230697e-02
3.74026975e-02
1.28644066e-01
1.03702912e+00
-7.63880396e-01
5.58133202e-01
1.57192072e+00
1.98049486e-01
6.45167847e-01
0.00000000e+00
4.30373277e-01
8.43190964e-01
-7.75638957e-01
8.04735977e-01
4.65121959e-01
3.39869038e-01
-9.43745314e-02
-2.02676922e-01
-1.05030602e+00
6.26607499e-01
5 1
-1.2978e+00 4.6151e-01
8 0
0 1 4 6 7 8 12 3 
217
-4.99112950e-01
1.64143859e-01
-7.44990999e-02
8.56213677e-02
-4.91473539e-01
2.02520913e-01
-1.55307733e-01
9.13024870e-02
2.86048074e-01
-2.53089840e-01
-8.01980515e-02
2.24866893e-01
0.00000000e+00
0.00000000e+00
-3.47477683e-01
-5.22256919e-03
4.76223369e-01
6.84628542e-01
-9.76021394e-03
-2.06032279e-01
-8.08515229e-01
1.54109956e-02
-5.39219937e-02
-2.77485804e-02
-4.70679765e-04
-1.16249913e-02
0.00000000e+00
0.00000000e+00
2.27860837e-02
-3.56861936e-01
-4.01882357e-01
1.39283523e-01
-1.44313457e-01
2.41875193e-01
0.00000000e+00
0.00000000e+00
0.00000000e+00
-1.63042109e-01
-2.25276511e-01
-4.88636071e-01
3.61507460e-01
1.44744214e-01
-3.86861994e-01
-3.13379655e-02
0.00000000e+00
3.75468722e-02
-9.98411657e-02
1.70584363e-01
0.00000000e+00
-3.11031143e-01
-7.71512744e-01
2.32219913e-01
0.00000000e+00
1.15313047e-01
-8.76287945e-02
-8.74358720e-01
0.00000000e+00
2.64020280e-01
-2.12540836e-02
5.39229352e-01
-1.82612856e-01
-5.26499373e-01
-7.97907469e-02
-4.00951285e-01
-2.71685631e-01
-2.60197826e-01
1.06804586e-01
-3.56557255e-01
6.67193794e-02
7.12314815e-01
3.67627966e-01
4.58209630e-02
-3.45072655e-01
-3.03750172e-01
8.86417372e-01
-6.08811707e-01
-4.02565113e-01
0.00000000e+00
-6.09468684e-01
-1.04263176e+00
1.40522508e-01
-3.10563463e-01
-3.01667740e-02
2.23114122e-01
0.00000000e+00
-4.54601000e-01
0.00000000e+00
-4.94756471e-01
1.82089662e-02
4.50244521e-01
9.89949031e-01
3.67627966e-01
2.37038222e-01
-1.98273261e-01
-5.37939300e-01
1.50155325e-01
-5.65839838e-01
-2.46526885e-01
-3.97760410e-01
-3.77793653e-02
2.41920472e-01
-5.95253863e-01
-1.24949332e+00
5.31680688e-01
5.57644930e-01
3.67627966e-01
-4.63237252e-01
4.21478405e-01
-1.24356956e-01
-1.18794212e+00
-2.79146708e-01
5.96803603e-01
-4.00951285e-01
6.09135648e-01
-7.66354285e-01
-1.02721579e+00
6.82255952e-01
3.19918477e-01
-4.98891123e-01
2.08449515e+00
1.79366635e+00
-1.08935316e+00
0.00000000e+00
0.00000000e+00
0.00000000e+00
-2.43326440e-01
7.73513434e-01
2.55492883e+00
1.26690087e+00
-1.36292943e-01
1.38090691e-01
2.95662059e+00
5.26979868e-01
9.95417954e-01
0.00000000e+00
1.26566991e-01
6.87195101e-01
-1.89698664e-01
9.55421758e-01
2.03952511e+00
1.18840838e+00
-5.86519738e-01
-2.74632165e-01
-1.15938764e+00
7.06869274e-01
-8.62960936e-01
0.00000000e+00
0.00000000e+00
0.00000000e+00
1.54757859e+00
-3.03230362e-01
-8.44625606e-01
1.03699594e+00
-1.88718154e-01
1.48185751e+00
5.86924914e-02
1.39315274e+00
1.86609232e-01
0.00000000e+00
1.28336892e+00
9.36010215e-01
4.75829502e-01
3.92777746e-01
1.79500086e-01
7.37810688e-01
1.91554608e+00
-2.14191087e-01
1.40095023e+00
1.33851271e+00
-3.20359180e-01
0.00000000e+00
0.00000000e+00
0.00000000e+00
-3.08775913e-01
3.41616086e-01
-9.84749712e-01
1.61368395e+00
-6.37142814e-01
4.43881515e-01
1.69465424e+00
1.63280897e-01
3.58982649e-01
0.00000000e+00
-1.12358722e-01
-1.00647891e-01
1.09297728e+00
3.47660546e-01
-5.41623632e-01
3.63998134e-01
-3.06915381e-01
-2.80922911e-01
-4.63568659e-01
6.16933136e-01
-6.73221564e-01
0.00000000e+00
0.00000000e+00
0.00000000e+00
4.67292049e-01
5.56572700e-01
5.31471578e-01
3.22748710e-03
-3.61171774e-01
-9.94479781e-02
6.83321573e-02
3.11626825e-01
3.83987231e-01
0.00000000e+00
8.65799742e-01
9.68967653e-01
-9.88956562e-01
3.49228221e-01
8.37866521e-01
7.12959969e-01
2.35102294e-01
-3.38026923e-01
-5.11268936e-01
4.77710225e-01
136
-4.27390585e-01
-1.35966653e-01
-5.87341641e-04
-2.37603363e-01
-7.41527197e-04
5.25537620e-03
-2.86623876e-03
-5.90759451e-02
1.18932359e-04
0.00000000e+00
0.00000000e+00
5.88476793e-02
-3.26736330e-01
-3.60543130e-01
-1.47924597e-01
8.80770424e-02
2.60888751e-01
0.00000000e+00
0.00000000e+00
-4.21898408e-01
2.65969979e-01
1.81956359e-01
5.46315382e-02
2.29708496e-02
-1.49938274e-01
-1.19672917e-01
-2.61409711e-01
-2.48102293e-01
8.01460777e-03
4.97801050e-01
-8.99911286e-02
9.90570582e-02
-7.94851230e-02
1.30057389e-01
-1.85249135e-01
2.75382932e-01
-3.20651058e-01
1.27208420e-01
-4.51625774e-01
0.00000000e+00
1.31453043e-01
-1.28224530e-01
-1.86261456e-01
0.00000000e+00
0.00000000e+00
0.00000000e+00
-7.40162288e-02
8.20421667e-01
5.64990690e-01
1.83071480e-01
-7.07409723e-02
-1.31029405e-01
-1.00760154e-02
2.05777166e-01
3.35581125e-02
-1.46939571e-01
0.00000000e+00
-2.01963244e-01
-7.83942912e-02
1.44581349e-01
-2.83093742e-01
-3.35896695e-01
-6.58956816e-01
-2.13026812e-01
7.25305295e-03
-2.48974440e-01
-8.87173800e-02
-6.40970709e-02
-2.55785480e-01
-2.43381297e-02
-1.70589918e-02
-1.15873937e-01
-4.78399708e-01
-2.65762866e-01
-1.02804395e-01
-2.11525324e-01
-7.39475575e-02
-1.30073543e-01
-8.23468832e-02
-3.61865917e-02
-4.26024595e-03
-1.27897849e-01
-4.84113096e-01
-4.65096364e-01
-1.29058650e-01
5.33806352e-02
1.72671670e+00
1.62400080e+00
-3.25552323e-01
0.00000000e+00
0.00000000e+00
0.00000000e+00
7.04715282e-01
-4.76470365e-01
-1.01799666e-01
9.28186249e-01
-2.87074207e+00
2.97779579e-01
1.10096495e+00
7.65540291e-01
2.52776137e-01
0.00000000e+00
4.17327604e-01
7.88769287e-01
-9.76617582e-01
5.69931335e-01
9.13023879e-01
6.99150108e-01
-8.94421998e-02
-3.50253687e+00
-3.59639172e-01
6.13530899e-01
-7.82330214e-01
0.00000000e+00
0.00000000e+00
0.00000000e+00
1.51038234e-01
1.04218577e-01
2.77939634e-01
1.22291890e+00
-7.97929133e-01
7.60707332e-01
1.65581223e+00
4.16061422e-01
8.07663138e-01
0.00000000e+00
6.08970607e-01
9.98061328e-01
-8.03725474e-01
1.17306570e+00
6.43815949e-01
4.46585810e-01
3.15578887e-02
-1.19979025e-01
-8.33159567e-01
7.40050091e-01
9 1
-1.4145e+00 4.6832e-01
8 1
0 1 4 6 7 8 12 3 
217
-6.96051780e-01
-1.28748953e-01
1.76700991e-02
-1.54288356e-01
-2.39635660e-01
6.33375489e-01
-1.31921028e-01
2.09209339e-01
4.74384758e-01
-2.82224249e-01
-4.48851016e-01
-3.00565388e-01
0.00000000e+00
0.00000000e+00
2.68443591e-02
4.99369984e-03
-5.87004904e-01
-1.61643151e-02
1.73178056e-02
-5.19576277e-01
-3.65862521e-01
7.55512693e-03
-5.14131140e-01
-3.40869303e-01
-1.14098216e-04
-4.98786721e-02
0.00000000e+00
0.00000000e+00
-9.92270582e-01
-5.83684356e-01
1.69558290e-01
-1.00570350e-01
2.32770896e-01
5.78144323e-01
0.00000000e+00
0.00000000e+00
0.00000000e+00
9.16198859e-02
4.42439059e-01
8.92801041e-02
1.41963350e-01
-3.29930948e-01
-5.02876047e-01
-1.63567021e-01
-1.27286158e-01
-3.04579781e-01
3.17925504e-01
-3.02036679e-01
0.00000000e+00
-3.46178141e-02
-2.92808567e-01
-2.94273044e-02
0.00000000e+00
-6.68265972e-01
-1.90818212e-01
3.29954784e-01
0.00000000e+00
6.34215074e-01
-5.79516053e-01
3.39745044e-01
3.78275688e-02
-1.26624511e-02
-2.56236734e-01
-1.15085725e-01
-5.45953407e-01
-5.71702786e-01
1.29837058e-01
8.78338884e-02
-1.64849706e-01
2.55996573e-01
0.00000000e+00
-2.89070298e-01
-3.62385307e-01
-3.86872912e-01
6.74100849e-01
-2.01085702e-02
7.98240251e-01
0.00000000e+00
-7.98614083e-01
2.36133579e-02
-1.01225586e-01
-3.22077267e-01
2.03787889e-01
-3.14172034e-01
0.00000000e+00
-7.07858876e-01
-1.20267699e+00
2.65922231e-01
-5.38338049e-01
-2.54115135e-01
1.78221243e-01
0.00000000e+00
-1.17823297e-01
-2.37598983e-01
-2.77028411e-01
-4.01184236e-01
-3.01200072e-01
-3.99169211e-01
2.83821945e-01
-2.41005001e-03
3.34257402e-01
-4.71964960e-01
5.53460048e-01
-5.05498716e-01
-7.48641211e-01
0.00000000e+00
-3.09247457e-01
-4.67654577e-01
-2.79650458e-01
1.05691401e-01
-1.07153864e-01
-6.52664352e-01
-1.08907086e-01
1.33985995e-01
-4.93958211e-01
-5.85119906e-02
-2.09579556e-01
-6.62618698e-01
-5.53815629e-01
2.14960141e+00
2.77427334e+00
-5.87671913e-01
0.00000000e+00
0.00000000e+00
0.00000000e+00
1.60740060e+00
2.57545981e-01
8.86546455e-01
7.96482023e-01
-2.77989606e-01
4.18229196e-01
7.55318001e-01
1.30296541e+00
2.62302843e-01
0.00000000e+00
1.42148053e+00
1.30015661e+00
-2.72897508e-02
-6.51174136e-02
1.87277159e+00
1.20823417e+00
2.38028551e-01
-8.76791989e-02
-2.83929303e-01
-2.02398603e-01
-1.24625178e+00
0.00000000e+00
0.00000000e+00
0.00000000e+00
1.04242971e+00
2.96773119e-01
-3.35396316e-01
1.33825686e+00
-2.31401959e-01
8.37630648e-01
1.92247838e+00
6.37797083e-01
1.33161476e+00
0.00000000e+00
6.41787446e-01
7.87607846e-01
-4.76785445e-02
-4.76618393e-02
8.47880641e-01
8.31055952e-01
4.53859335e-01
-8.82125923e-02
1.50230095e-01
1.28891881e+00
-3.85157093e-01
0.00000000e+00
0.00000000e+00
0.00000000e+00
-4.08724583e-01
-4.21267045e-01
-3.63221277e-01
1.17737959e+00
-9.72111488e-03
3.83710150e-01
2.49699994e+00
5.46148597e-01
9.72418104e-01
0.00000000e+00
-2.79925455e-01
3.87404620e-01
-3.18852849e-01
1.42146846e+00
9.07737670e-01
9.58007365e-02
2.98638902e-01
-1.39210238e-02
-4.73975196e-02
8.00973223e-02
-5.98879464e-01
0.00000000e+00
0.00000000e+00
0.00000000e+00
5.56976060e-01
1.01079911e+00
2.88778059e-01
2.58504007e-01
-9.02423206e-03
3.01803701e-01
-2.65513555e-01
2.08494696e-01
3.77696618e-01
0.00000000e+00
5.97762170e-01
9.49736187e-01
9.39975249e-01
1.54158962e+00
-2.39702657e-01
1.11338096e+00
6.15201316e-01
-1.20565131e-02
-1.05076018e-01
1.05882295e+00
136
-4.50867091e-01
-2.32578563e-01
1.72439415e-02
2.68819012e-01
-1.78020839e-03
-4.91922593e-01
9.38320289e-03
4.81505252e-03
4.68119070e-04
0.00000000e+00
0.00000000e+00
-3.30286083e-02
-1.18598130e-01
-3.66774095e-01
-1.60147944e-01
-5.28624910e-02
2.80544177e-01
0.00000000e+00
0.00000000e+00
-2.47411712e-01
1.89606397e-01
1.53369338e-01
1.26401723e-02
-1.23057850e-01
-3.35185081e-02
-2.03408417e-01
-1.99086512e-01
-1.91255040e-01
-4.60367020e-02
3.88742727e-01
-2.86926132e-02
2.61820759e-01
-1.68040191e-01
-1.86617686e-02
-2.69748137e-01
1.54211895e-01
-2.18984926e-01
7.82724875e-02
-3.08125881e-01
0.00000000e+00
2.31628642e-01
-1.36570899e-01
-1.72252438e-01
0.00000000e+00
0.00000000e+00
0.00000000e+00
-1.41183088e-01
6.70568243e-01
5.82058131e-01
1.32374028e-01
7.09764150e-03
0.00000000e+00
1.61694310e-02
1.66211556e-01
3.99548784e-02
3.46437920e-03
0.00000000e+00
-1.71868053e-01
-7.56823121e-02
1.65393231e-01
-3.48090560e-01
-4.65633556e-01
-6.43501595e-01
-3.44738221e-01
5.62337913e-02
-2.06956192e-01
0.00000000e+00
-1.04233440e-01
-2.21879564e-01
-3.98495762e-02
1.12470910e-01
-2.34446304e-02
-5.16720360e-01
-2.45042663e-01
-9.22770921e-02
-2.10557663e-01
0.00000000e+00
-5.82143594e-02
-1.71329115e-01
-9.29313530e-03
1.28882667e-01
-1.17543227e-01
-4.24830922e-01
-4.48243266e-01
-1.19030171e-01
-4.24040199e-02
1.85170987e+00
1.49405175e+00
-8.00749949e-01
0.00000000e+00
0.00000000e+00
0.00000000e+00
1.02418409e+00
-5.36721877e-02
5.00218651e-01
1.44771112e+00
-2.02408333e+00
5.14322602e-01
1.48493524e+00
1.23439636e+00
6.32075674e-01
0.00000000e+00
9.10086609e-01
1.36170320e+00
-4.85140238e-01
1.15156247e+00
1.36771696e+00
1.24053257e+00
3.59353950e-01
-5.88372103e-01
1.92571780e-01
1.16025849e+00
-7.22754713e-01
0.00000000e+00
0.00000000e+00
0.00000000e+00
3.81880912e-02
-6.96165786e-02
2.03727769e-01
1.19007361e+00
-8.26485072e-01
7.80541421e-01
1.52966696e+00
2.50811998e-01
8.78810475e-01
0.00000000e+00
6.25785581e-01
1.04825604e+00
-1.26620448e+00
7.35269580e-01
3.67558809e-01
4.02469779e-01
-2.63000645e-02
-1.13821840e-01
-8.47112023e-01
6.19565959e-01
11 1
-1.4925e+00 4.9565e-01
8 1
0 1 4 6 7 8 12 3 
217
-2.35495741e-01
1.04881727e-01
-6.42557701e-01
1.06016806e-02
-9.61866334e-02
-4.34112445e-01
1.42020720e-01
-6.84919529e-01
-3.82822184e-01
5.59683870e-01
1.18009819e-01
3.16069061e-01
0.00000000e+00
0.00000000e+00
3.11206640e-01
-6.96434328e-03
8.06101148e-03
5.69345807e-01
-1.39598479e-02
1.45639884e-01
-7.12394444e-01
2.19272138e-02
-4.01068087e-01
-4.03653745e-01
2.15250684e-03
-3.39783469e-01
0.00000000e+00
0.00000000e+00
-3.96084658e-01
-4.06258141e-01
-2.30311907e-01
-3.54617168e-01
5.06567267e-01
6.45208867e-01
0.00000000e+00
0.00000000e+00
0.00000000e+00
-1.34122110e-01
1.21709319e-01
-4.29276819e-01
6.27510003e-02
-4.47144237e-02
3.44487478e-01
0.00000000e+00
0.00000000e+00
-2.53331062e-01
1.70662376e-01
-4.16938202e-02
0.00000000e+00
-3.13605140e-01
9.79031848e-02
-4.09329367e-02
0.00000000e+00
-6.40303051e-01
-1.38133136e-01
3.88520260e-01
0.00000000e+00
6.28299066e-01
-3.90282989e-01
1.35081664e-01
1.22490086e-01
1.23046870e-01
-7.51285284e-01
3.08743144e-04
-9.78394651e-02
-3.81306066e-01
2.08079469e-01
-7.07871169e-02
-3.46044489e-01
2.22809704e-01
0.00000000e+00
-4.16620344e-01
-3.17988489e-01
4.12425018e-01
-2.98810220e-01
-2.31300415e-01
6.56744391e-01
0.00000000e+00
-2.59886976e-01
-2.16998668e-01
6.24361050e-01
-2.83371021e-01
-5.99969816e-01
-6.05375224e-01
0.00000000e+00
-2.77420509e-01
0.00000000e+00
1.67179937e-01
-8.03001215e-01
-1.25255170e-01
-1.38495485e-01
0.00000000e+00
-3.65164784e-02
1.97186385e-01
-2.88406276e-01
-4.21451483e-01
8.94270134e-02
2.74590423e-01
6.90316782e-02
3.62848032e-01
1.27805684e-01
2.19638777e-01
3.28922498e-01
-8.87014229e-01
-3.62052459e-01
0.00000000e+00
1.44585873e-01
3.01527268e-01
-1.27666018e-01
-6.90079491e-01
-2.52415597e-01
-3.82600329e-02
6.73478362e-02
5.36287111e-01
-9.80548810e-01
-1.19628193e-01
-3.93967468e-01
-7.19502495e-01
-6.71063530e-01
2.67496409e+00
1.99494345e+00
6.15930429e-02
0.00000000e+00
0.00000000e+00
0.00000000e+00
3.32673903e-01
-6.60047172e-01
9.75875147e-01
9.15891182e-01
-3.94265930e-02
1.89419919e-01
1.15918283e+00
3.22818386e-01
2.51342211e-02
0.00000000e+00
-3.25849974e-01
5.93839488e-01
-3.60876492e-01
-3.29390141e-01
2.37027463e+00
1.53640280e-01
-1.46499290e-02
-8.09334201e-02
2.88643380e-02
4.75143587e-01
-8.07917998e-01
0.00000000e+00
0.00000000e+00
0.00000000e+00
7.16572563e-01
1.03827091e+00
-3.13194747e-01
9.86317430e-01
-3.80719075e-02
-5.07907807e-02
6.83987603e-01
1.75777172e-01
6.17287867e-01
0.00000000e+00
-1.28309652e-01
1.26324690e-01
-1.31774680e-01
1.11803213e+00
1.80701518e-01
1.13957662e+00
-2.28848016e-02
-7.44643359e-02
-2.29750774e-01
7.84978189e-01
-3.75783230e-01
0.00000000e+00
0.00000000e+00
0.00000000e+00
6.32093767e-01
4.24153029e-03
-6.78437609e-01
-2.62522020e-01
-1.56969772e-02
3.81567420e-01
2.15877291e+00
-6.16574129e-01
8.03898371e-02
0.00000000e+00
4.58498267e-01
-1.16203027e-01
5.16093968e-02
5.10743693e-01
-2.69064946e-01
2.19013859e-01
-9.11144697e-02
-1.39249563e-02
7.12942756e-01
-1.90275341e-01
-3.95617039e-01
0.00000000e+00
0.00000000e+00
0.00000000e+00
-5.94709658e-02
7.08315118e-01
2.72225163e-01
1.08897296e+00
-1.32731023e-02
6.54270920e-01
-8.92764779e-02
1.06123541e+00
4.91687897e-01
0.00000000e+00
1.58494792e-01
9.65202760e-01
-2.45318594e-01
3.24640340e-01
-1.91999338e-01
-1.88195749e-03
-5.30462444e-01
-1.25480043e-02
-2.96281466e-01
6.17462378e-01
136
-5.00558933e-01
-4.85275369e-02
9.28388326e-03
4.01632799e-02
2.64226283e-03
-5.76416581e-01
1.30840049e-02
8.42219054e-02
4.18169951e-04
0.00000000e+00
0.00000000e+00
2.53027440e-02
-2.07895099e-01
-3.75707637e-01
-1.79629123e-01
-2.21620252e-01
4.58990434e-01
0.00000000e+00
0.00000000e+00
-2.61758354e-01
1.97027606e-01
1.77194889e-01
-3.34892865e-02
-3.97480632e-02
-1.37974372e-01
-2.21379922e-01
-1.80431429e-01
-2.93835735e-01
9.47141466e-02
5.11892676e-01
-1.82290228e-02
1.54302841e-01
-1.45587027e-01
1.61439278e-02
-3.71719850e-01
1.46661528e-01
-2.73062966e-01
2.34522430e-01
-4.37454940e-01
0.00000000e+00
2.42800140e-01
1.89833028e-02
-3.38236688e-01
0.00000000e+00
0.00000000e+00
0.00000000e+00
-1.19858995e-01
8.66076269e-01
6.27314942e-01
1.88172508e-01
1.51607987e-02
0.00000000e+00
-1.16460768e-01
1.33361559e-01
2.25563899e-02
-2.33947201e-02
0.00000000e+00
-3.47918843e-02
-4.43080883e-02
2.13913976e-01
-4.84596712e-01
-5.96351097e-01
-7.50019933e-01
-2.15217942e-01
6.53991393e-04
-2.12589954e-01
0.00000000e+00
-5.85184772e-02
-2.50510178e-01
-8.83471917e-03
3.00858760e-02
-9.77486448e-02
-5.31150267e-01
-2.82855348e-01
-8.18207955e-02
-1.09719659e-01
0.00000000e+00
-1.42190627e-01
-8.84343634e-02
-1.23098212e-02
2.01918196e-02
-1.12284165e-01
-5.55267452e-01
-4.76484511e-01
-1.07411880e-01
5.96373185e-03
1.82676160e+00
1.43718908e+00
-9.67833014e-01
0.00000000e+00
0.00000000e+00
0.00000000e+00
1.17810183e+00
1.70543999e-02
5.94358251e-01
1.64159002e+00
-2.05145988e+00
5.92976278e-01
1.77986953e+00
1.35227110e+00
9.19398005e-01
0.00000000e+00
1.16512819e+00
1.58357350e+00
-2.84605470e-01
1.11414460e+00
1.43433056e+00
1.39346191e+00
5.77016039e-01
-6.88898605e-01
2.75437036e-01
1.19054773e+00
-8.00567072e-01
0.00000000e+00
0.00000000e+00
0.00000000e+00
9.03867607e-02
2.86533112e-01
2.08806342e-01
1.24807283e+00
-7.75737572e-01
6.11552420e-01
1.48239949e+00
1.45086494e-01
1.04227758e+00
0.00000000e+00
5.83076996e-01
1.00595642e+00
-8.63687456e-01
1.17652766e+00
4.60079202e-01
4.79408763e-01
8.02084914e-02
-1.13773151e-01
-9.01196781e-01
6.34780424e-01
10 1
-1.5215e+00 4.8417e-01
8 0
0 1 4 6 7 8 12 3 
217
-3.41596869e-01
1.34406204e-02
-3.60439147e-01
1.56517802e-01
-1.07058294e-01
5.64737565e-01
-3.68416680e-02
2.42414953e-01
2.63528517e-01
-3.92917432e-01
-2.24920852e-01
9.37158957e-02
0.00000000e+00
0.00000000e+00
-3.42258322e-01
2.67304125e-02
-5.18610310e-01
-1.08776145e-02
1.03266867e-02
-9.22940440e-01
1.36697319e-01
4.53796399e-03
1.65523668e-01
-1.25158251e-01
-2.11370034e-03
6.15114136e-01
0.00000000e+00
0.00000000e+00
1.48622176e-01
2.00306724e-01
3.76882039e-01
-2.17576711e-01
-7.81266799e-01
-6.85642969e-02
0.00000000e+00
0.00000000e+00
0.00000000e+00
1.59314960e-01
1.35321853e-01
-1.28863086e-01
9.92466572e-03
-9.16765301e-02
-5.67516267e-01
1.42705310e-01
0.00000000e+00
3.17863147e-02
-1.22084485e-01
4.55856156e-03
0.00000000e+00
-2.18474696e-01
-8.91373098e-02
2.62180462e-01
0.00000000e+00
7.16651065e-02
-3.56266956e-01
-9.82056571e-02
0.00000000e+00
-9.67003218e-03
-9.51380039e-04
1.85378461e-01
1.30211709e-01
-3.82645008e-02
-4.32736302e-01
0.00000000e+00
-2.61134390e-01
-1.76388813e-01
-4.51128877e-02
2.75047141e-01
2.74331407e-01
1.05186001e+00
7.95539947e-02
-2.06622560e-01
-7.87157175e-01
1.59186352e-01
4.79613437e-02
-3.73714655e-01
-1.93646229e-02
0.00000000e+00
-4.70922373e-01
1.35168075e-01
2.77067181e-02
-1.74587405e-01
1.01618786e-01
9.28551213e-01
0.00000000e+00
-1.33546411e-01
-1.27546980e-01
2.00372620e-01
-4.03964352e-01
-4.08423077e-01
5.51465063e-01
7.95539947e-02
9.09479140e-02
-1.00656297e-01
-2.45605968e-01
5.22023182e-02
-2.66492810e-01
-2.47339994e-01
0.00000000e+00
2.60963898e-01
3.77859681e-01
-5.93637511e-01
2.91793681e-01
-1.34246746e-01
-1.02651521e-01
7.95539947e-02
-4.63076889e-01
3.47516745e-01
1.49284366e-01
-3.37469914e-01
-1.07358342e-01
3.35879268e-01
0.00000000e+00
3.11797958e-01
2.03313249e-01
-3.25483225e-01
-8.90103503e-01
-2.86997718e-01
1.77889568e-03
2.00948922e+00
2.00659587e+00
-4.14913433e-01
0.00000000e+00
0.00000000e+00
0.00000000e+00
1.05449787e+00
6.97867765e-01
-1.47844098e-01
-5.14397012e-02
-5.26115642e-02
3.50224885e-01
2.27995072e+00
9.93821746e-01
1.63486752e+00
0.00000000e+00
1.72882389e+00
8.37144785e-01
-1.06556139e-01
-3.05119331e-03
1.60136114e+00
1.37811953e+00
-1.13209180e-03
-7.56685842e-02
-6.78710596e-02
7.74485857e-01
-1.58077442e+00
0.00000000e+00
0.00000000e+00
0.00000000e+00
1.07993042e+00
9.74408211e-02
1.62659288e+00
2.10467752e+00
-5.07467520e-02
1.05862404e+00
7.99961968e-01
6.59980576e-01
2.34249659e-01
0.00000000e+00
8.22770786e-01
1.00730502e+00
-1.29179295e-01
-2.76366761e-03
1.34658824e+00
1.29138268e+00
-1.77161970e-03
-5.59036620e-02
-8.72924410e-02
6.54456657e-01
-2.81958058e-02
0.00000000e+00
0.00000000e+00
0.00000000e+00
-5.89688850e-01
1.05617483e-01
-6.12597068e-01
1.40452085e+00
-1.98350281e-02
-5.00656609e-02
6.56795354e-01
-3.27759796e-01
5.27862382e-01
0.00000000e+00
5.38725121e-01
1.00457212e+00
1.21980048e+00
4.34467253e-01
-1.95958837e-01
6.54087104e-01
3.93637669e-01
-2.12028671e-02
-4.37434369e-01
2.78487460e-01
-8.50884776e-01
0.00000000e+00
0.00000000e+00
0.00000000e+00
-1.70337664e-01
2.74746156e-01
-3.61143835e-01
3.85836042e-01
-1.03494265e-02
6.82880071e-01
9.61497846e-01
5.36136634e-01
6.68270488e-01
0.00000000e+00
-2.03109247e-01
4.45023694e-01
2.62373752e-01
1.25172594e+00
1.19023165e+00
-3.23964868e-02
-6.50858730e-01
-1.68241080e-02
2.73463013e-01
5.63375852e-01
136
-3.43394659e-01
-1.29646652e-01
2.05730912e-03
-5.95214681e-01
7.14828328e-03
3.94970680e-01
-1.02689960e-02
-1.35040068e-02
4.51409073e-04
0.00000000e+00
0.00000000e+00
1.34659744e-01
-3.53189693e-01
-4.31758933e-01
-2.44367400e-01
1.38313394e-01
4.12948230e-01
0.00000000e+00
0.00000000e+00
-2.26801814e-01
1.86274817e-01
8.42408140e-02
2.18796581e-02
-5.38097627e-02
-7.46610142e-02
-8.90372640e-02
-1.91480093e-01
-3.26018844e-02
-1.20612040e-02
3.58745222e-01
-6.00019449e-02
1.95051150e-02
-9.12313378e-02
1.04526649e-01
-1.97079247e-01
0.00000000e+00
-2.24880726e-01
2.14855438e-02
-3.37926953e-01
0.00000000e+00
2.08876833e-01
2.14204166e-02
-9.34282777e-02
0.00000000e+00
0.00000000e+00
0.00000000e+00
4.99459380e-03
4.59343604e-01
4.38856850e-01
1.25941816e-01
2.22154036e-02
-8.67995278e-02
-7.43365405e-02
2.16117455e-01
1.29911521e-02
-9.08894492e-02
0.00000000e+00
-2.50546011e-01
-4.49851028e-02
8.74326233e-02
-2.98803246e-01
-4.58958533e-01
-5.70885354e-01
-2.47540098e-01
3.16413913e-02
-4.80713377e-01
7.16664746e-03
-5.37268880e-02
-1.84192443e-01
-4.48617139e-02
1.27508675e-01
6.81720978e-02
-3.94365069e-01
-2.51002623e-01
-7.96154572e-02
-3.32392563e-02
5.46891449e-02
-2.69005954e-02
-1.77570342e-01
2.86460139e-02
-2.98896065e-02
1.85899288e-02
-4.82825363e-01
-4.20955836e-01
-1.08720184e-01
3.48411074e-02
1.75876315e+00
1.62564147e+00
-2.71467431e-01
0.00000000e+00
0.00000000e+00
0.00000000e+00
5.51798741e-01
-5.82483000e-01
-3.06348905e-02
9.89453233e-01
-2.58276528e+00
3.63457152e-01
1.09638427e+00
6.35642288e-01
3.60164564e-02
0.00000000e+00
4.97116724e-01
8.09267393e-01
-1.11416022e+00
6.19451038e-01
8.89455124e-01
7.22764155e-01
1.06344288e-02
-3.19486343e+00
-4.16055979e-01
4.28054365e-01
-7.10308517e-01
0.00000000e+00
0.00000000e+00
0.00000000e+00
1.21118946e-01
1.05839976e-01
1.20884836e-01
1.14392600e+00
-7.72268783e-01
6.00941296e-01
1.61939122e+00
2.95732569e-01
5.77211402e-01
0.00000000e+00
5.68152104e-01
8.50781404e-01
-1.23024436e+00
1.06189345e+00
4.98428451e-01
5.08928202e-01
5.34973192e-02
-1.25627167e-01
-1.10722263e+00
5.90734746e-01
