0 7 -999999999 -1 -1
1 1 0 -1 -1
0.108 0.2105
356
4.06140542e-01
4.48507121e-01
0.00000000e+00
1.02113163e-01
-2.88676124e-01
-1.49630655e-01
3.76553189e-01
0.00000000e+00
0.00000000e+00
6.43050486e-01
-4.17377706e-01
-1.81723341e-01
-1.03306322e-02
6.99052754e-02
1.75183836e-02
1.46895039e-02
0.00000000e+00
0.00000000e+00
0.00000000e+00
0.00000000e+00
0.00000000e+00
0.00000000e+00
0.00000000e+00
0.00000000e+00
0.00000000e+00
0.00000000e+00
0.00000000e+00
0.00000000e+00
0.00000000e+00
0.00000000e+00
0.00000000e+00
0.00000000e+00
0.00000000e+00
0.00000000e+00
0.00000000e+00
0.00000000e+00
0.00000000e+00
0.00000000e+00
0.00000000e+00
0.00000000e+00
0.00000000e+00
0.00000000e+00
0.00000000e+00
0.00000000e+00
0.00000000e+00
0.00000000e+00
0.00000000e+00
0.00000000e+00
0.00000000e+00
0.00000000e+00
0.00000000e+00
-1.24556750e-01
1.42784080e-01
-6.67521012e-01
0.00000000e+00
0.00000000e+00
0.00000000e+00
0.00000000e+00
-1.49501640e-01
1.07185218e-01
2.06200989e-02
9.21917766e-01
8.56393286e-01
-5.64298726e-01
2.90155209e-01
-3.77858380e-01
-6.11526412e-01
-6.40857937e-01
0.00000000e+00
0.00000000e+00
0.00000000e+00
0.00000000e+00
0.00000000e+00
0.00000000e+00
2.57804093e-02
6.15573243e-03
-1.58568534e-01
3.77301349e-01
-2.49330846e-03
-2.39046787e-01
0.00000000e+00
0.00000000e+00
2.37786664e-02
-8.39095944e-02
2.70882240e-01
-1.06485853e-01
-2.47105468e-01
5.48980550e-01
0.00000000e+00
0.00000000e+00
-4.54195468e-01
7.17404569e-02
-3.09070719e-01
-3.08005689e-02
3.78921660e-02
-9.96376256e-02
-1.54446140e-01
1.43604345e-01
1.73356132e-01
1.06831677e-01
4.12811321e-01
-2.10035644e-01
0.00000000e+00
0.00000000e+00
1.94780913e+00
2.13391977e+00
0.00000000e+00
0.00000000e+00
0.00000000e+00
0.00000000e+00
0.00000000e+00
0.00000000e+00
6.88197017e-01
-3.94579316e-03
-3.95157111e-02
-2.09992824e-01
-5.18339793e-01
-1.45807149e+00
0.00000000e+00
0.00000000e+00
0.00000000e+00
0.00000000e+00
0.00000000e+00
0.00000000e+00
1.37704016e-01
-1.15020873e-01
-3.22073250e-01
-1.86437677e-01
-3.44740424e-01
-8.97211023e-01
4.05590821e+00
4.26559818e+00
4.05456212e+00
3.92721714e+00
4.00147180e+00
3.95356098e+00
-2.88654092e-01
-7.18309570e-02
1.08685675e-01
-1.06348583e-01
4.25948844e-03
-4.56583937e-01
-5.11921692e-02
-2.37847473e-01
-9.44669613e-02
-2.23672532e-01
1.75233052e-01
-1.99524825e-01
0.00000000e+00
0.00000000e+00
0.00000000e+00
0.00000000e+00
0.00000000e+00
0.00000000e+00
0.00000000e+00
0.00000000e+00
4.06140542e-01
2.50604209e-01
0.00000000e+00
0.00000000e+00
-7.14318055e-01
-6.25348749e-01
-8.03632049e-01
-7.84668939e-01
-1.51795010e+00
0.00000000e+00
0.00000000e+00
0.00000000e+00
-2.22847674e-02
-1.09595681e+00
3.19400472e-01
8.21972684e-01
-2.16593925e+00
4.84456476e-01
9.78782140e-01
6.20039839e-01
4.26594582e-01
0.00000000e+00
-1.83191746e-01
1.34699475e+00
-1.73483173e+00
3.45351476e-01
8.39461596e-01
7.51981130e-01
3.13229562e-01
-2.35513406e+00
-1.44884255e+00
2.39966104e-01
4.42689798e-02
0.00000000e+00
0.00000000e+00
0.00000000e+00
1.37807905e-01
-1.19981193e-01
-7.92308555e-02
-1.16754264e-01
6.55296905e-02
-9.31797841e-02
-8.39123011e-02
-1.25818286e-01
-1.10287844e-01
0.00000000e+00
-1.17202915e-02
1.19680265e-01
3.22802518e-01
8.87459601e-02
-1.37252667e-01
-3.52941427e-02
4.56675074e-02
-1.88057628e-01
4.66444507e-01
-1.00920115e-01
-9.38316706e-01
-3.64873280e-01
0.00000000e+00
0.00000000e+00
4.42245337e-01
8.33961931e-02
-8.29182921e-02
-3.65351181e-01
4.30832859e-02
0.00000000e+00
0.00000000e+00
0.00000000e+00
-6.40107005e-02
1.21213352e-02
-2.88220396e-01
-1.40023464e-01
-1.12328738e-01
7.60354496e-02
1.09289838e-01
2.41876953e-01
-3.04683008e-02
0.00000000e+00
-7.71661182e-02
-3.30913033e-01
1.01070459e-01
1.89220825e-01
-3.58806662e-02
-1.21674397e-01
3.22042425e-02
1.95999513e-01
3.14198282e-02
2.54530656e-01
-5.73443426e-01
0.00000000e+00
0.00000000e+00
0.00000000e+00
-5.79633398e-01
-3.49444775e-01
0.00000000e+00
-1.69288116e+00
-6.61173908e-01
1.66260537e-01
-7.99232208e-02
-4.35782092e-01
-2.30188623e-01
0.00000000e+00
0.00000000e+00
-7.42799889e-01
-1.41001769e+00
0.00000000e+00
0.00000000e+00
0.00000000e+00
-4.28235689e-01
-6.38137807e-01
2.87212299e-01
7.32106553e-01
-1.15961428e+00
4.41517264e-01
1.34530852e+00
-3.79849827e-01
5.46255828e-01
0.00000000e+00
-1.33675343e-01
1.44543368e+00
-7.35514183e-01
1.09900873e+00
-1.09973070e+00
9.78645201e-02
-4.24907490e-02
-1.70489443e+00
-6.39531163e-01
-4.43050897e-01
6.62815281e-02
0.00000000e+00
0.00000000e+00
0.00000000e+00
4.39216884e-02
5.81372612e-02
6.84063382e-02
1.23523838e-01
-1.97389150e-01
2.21407018e-02
-6.19965578e-02
-1.23765618e-01
2.29067024e-02
0.00000000e+00
-1.67752436e-02
2.01745902e-01
-1.25002585e-01
1.70345513e-02
-1.93655411e-01
1.29003180e-01
1.15261508e-01
-1.61270829e-01
1.82163101e-01
-3.81078496e-02
-8.02574145e-01
-3.22580731e-01
0.00000000e+00
4.72488114e-01
-1.34841480e-01
4.02040561e-02
-1.13864659e-01
-2.48920128e-01
-1.75497465e-02
0.00000000e+00
0.00000000e+00
0.00000000e+00
-7.68062483e-02
2.01243592e-02
6.87372563e-02
-4.40193748e-02
6.13665679e-01
-5.34689463e-02
-1.30434866e-01
-9.50640950e-02
1.57603536e-01
0.00000000e+00
-1.02590777e-01
7.69747958e-02
-4.11249797e-02
2.58652921e-02
1.93305339e-01
4.58631062e-02
-3.01035718e-01
2.36537585e-01
-2.35348565e-01
-3.76333126e-01
-4.79993414e-01
0.00000000e+00
4.47378442e-01
-4.14149841e-01
-6.07443544e-01
-3.02768018e-01
-2.97750320e-01
-2.09576053e-02
1.44440414e-02
8.71401741e-02
-9.06754141e-02
-2.99232778e-01
-3.04675526e-01
-7.60787725e-03
-4.99074520e-01
-3.86136741e-01
247
3.74725197e-01
3.74725197e-01
0.00000000e+00
3.74957274e-01
-2.32077427e-04
-7.66452105e-01
-4.32280736e-01
5.58579394e-01
0.00000000e+00
0.00000000e+00
1.78465817e-01
-5.59020539e-01
1.38102677e-01
1.13333466e-02
0.00000000e+00
0.00000000e+00
0.00000000e+00
0.00000000e+00
0.00000000e+00
0.00000000e+00
0.00000000e+00
0.00000000e+00
0.00000000e+00
0.00000000e+00
0.00000000e+00
0.00000000e+00
0.00000000e+00
0.00000000e+00
0.00000000e+00
0.00000000e+00
0.00000000e+00
0.00000000e+00
0.00000000e+00
0.00000000e+00
0.00000000e+00
0.00000000e+00
0.00000000e+00
0.00000000e+00
0.00000000e+00
0.00000000e+00
0.00000000e+00
0.00000000e+00
0.00000000e+00
0.00000000e+00
0.00000000e+00
-2.41390136e-03
4.46573150e-03
4.22647600e-01
-4.28332276e-03
0.00000000e+00
0.00000000e+00
3.14736680e-01
8.78837932e-01
1.22342750e+00
-5.66098350e-01
-1.18598858e+00
-2.90189991e-01
0.00000000e+00
0.00000000e+00
1.76002271e+00
1.95577134e+00
0.00000000e+00
0.00000000e+00
0.00000000e+00
0.00000000e+00
0.00000000e+00
0.00000000e+00
8.68208325e-01
1.10783424e-01
-3.20978549e-02
-3.10589662e-01
-6.64533400e-01
-1.35706835e+00
0.00000000e+00
0.00000000e+00
0.00000000e+00
0.00000000e+00
0.00000000e+00
0.00000000e+00
5.14006277e-01
2.01816605e-02
-2.06620064e-01
-4.70736958e-01
-4.63582264e-01
-9.74294792e-01
4.02261056e+00
3.69684792e+00
3.60182998e+00
3.59297484e+00
3.29271997e+00
3.56682749e+00
-2.15342184e-01
2.11617296e-01
1.98559573e-01
1.46861338e-01
3.01403634e-01
-4.53969289e-01
-2.91414054e-01
-3.92203891e-02
-1.22130971e-01
1.17788163e-01
4.26095122e-01
-9.51220200e-02
0.00000000e+00
0.00000000e+00
0.00000000e+00
0.00000000e+00
3.74725197e-01
5.07782244e-02
0.00000000e+00
0.00000000e+00
-9.95644897e-01
-3.63016688e-01
-8.21143383e-01
-4.60851231e-01
-1.35866159e+00
0.00000000e+00
0.00000000e+00
0.00000000e+00
9.40850372e-02
-1.26697593e+00
1.90794486e-01
8.26357418e-01
-2.38675426e+00
5.49881464e-01
8.32442562e-01
5.61834791e-01
2.62495124e-01
0.00000000e+00
-2.65838744e-01
1.32827569e+00
-1.71265772e+00
4.49665753e-01
6.35217386e-01
6.27102856e-01
5.90258443e-01
-2.11961464e+00
-7.59435632e-01
2.04204336e-01
-7.39005045e-01
-4.10292099e-01
0.00000000e+00
0.00000000e+00
-1.35092397e+00
-3.89705026e-01
0.00000000e+00
0.00000000e+00
0.00000000e+00
-2.99780270e-02
4.22344469e-01
3.12523391e-01
-2.62261338e-03
0.00000000e+00
-4.57224819e-02
2.04191418e-01
1.27362110e-02
2.09593452e-01
0.00000000e+00
8.39045303e-02
5.41429178e-01
-4.27142855e-03
7.56493961e-02
-6.22420112e-01
1.48132731e-01
-7.11420520e-02
0.00000000e+00
-2.26888011e-01
-2.90017248e-02
-3.28712946e-01
0.00000000e+00
0.00000000e+00
0.00000000e+00
-6.19656540e-01
-5.85352798e-01
0.00000000e+00
-1.61011641e+00
-2.13929528e+00
-3.43037426e-02
0.00000000e+00
0.00000000e+00
-1.43202946e+00
-1.28199461e+00
0.00000000e+00
0.00000000e+00
0.00000000e+00
-5.77598808e-01
-1.85229272e-01
2.01960853e-01
8.60734206e-01
-2.07007496e+00
5.77191869e-01
1.29070982e+00
-5.13371589e-01
6.05274705e-01
0.00000000e+00
-1.85356275e-01
1.45534228e+00
-7.66433258e-01
8.21082366e-01
-1.30199278e+00
1.20046682e-02
1.93109258e-01
-1.31643257e+00
-6.47682275e-03
-3.76438295e-01
-6.56956918e-01
-3.68971223e-01
0.00000000e+00
3.54622776e-01
1.42794712e-01
-3.34309936e-01
0.00000000e+00
0.00000000e+00
0.00000000e+00
-9.65510160e-02
9.85156543e-02
-4.52234804e-02
1.49792256e-01
0.00000000e+00
3.48972017e-02
7.67453754e-02
2.77984920e-02
3.12991606e-01
0.00000000e+00
-1.80191873e-01
1.90604388e-01
-3.01956636e-01
1.27451918e-01
3.56877901e-01
1.51142239e-01
-1.49505002e-01
-2.15736203e-01
-2.77896356e-01
2.98418177e-01
-2.87985695e-01
0.00000000e+00
1.07681806e-01
-1.00486709e+00
-6.25037696e-01
-4.52172160e-01
0.00000000e+00
-2.00318824e-01
-1.03692843e-01
-1.72865536e-01
-1.71886571e-01
-7.51951698e-01
-6.85780520e-01
1 -999999999 3 0 -1
1 0 1 1 -1
-2.2344e-01 8.5720e-01
356
3.33651672e-01
0.00000000e+00
0.00000000e+00
0.00000000e+00
0.00000000e+00
0.00000000e+00
0.00000000e+00
0.00000000e+00
0.00000000e+00
0.00000000e+00
0.00000000e+00
0.00000000e+00
0.00000000e+00
0.00000000e+00
0.00000000e+00
0.00000000e+00
3.77477528e-01
0.00000000e+00
-3.00543799e-01
-1.51257185e-01
-1.43707979e-01
-2.62290938e-01
0.00000000e+00
0.00000000e+00
-3.08549562e-01
-4.35596527e-01
-1.72716120e-01
-6.53119954e-02
-7.86647915e-02
-9.70954625e-02
-1.24783545e-01
3.77477528e-01
0.00000000e+00
-7.57700592e-01
-3.84255141e-01
0.00000000e+00
0.00000000e+00
5.36830917e-01
-5.37540147e-01
5.98347202e-01
2.55975670e-01
0.00000000e+00
0.00000000e+00
0.00000000e+00
0.00000000e+00
0.00000000e+00
0.00000000e+00
0.00000000e+00
0.00000000e+00
0.00000000e+00
0.00000000e+00
1.43006625e-01
-2.16038070e-01
-8.83316111e-01
0.00000000e+00
0.00000000e+00
0.00000000e+00
0.00000000e+00
-8.26151533e-01
1.81420325e+00
1.06170012e+00
-5.98815258e-02
8.86816272e-01
-5.88621473e-01
1.36584609e-01
-1.32762416e+00
-9.25297796e-01
2.34260182e-01
0.00000000e+00
0.00000000e+00
0.00000000e+00
0.00000000e+00
0.00000000e+00
0.00000000e+00
1.50044386e-03
1.52543594e-02
1.01433858e-01
3.07358721e-01
-1.04553071e-03
-4.86814702e-01
0.00000000e+00
0.00000000e+00
-5.40980348e-01
1.35735622e-01
1.84217263e-02
8.73112763e-02
1.53834772e-01
4.79328623e-01
0.00000000e+00
0.00000000e+00
3.36352562e-01
-5.67989915e-02
6.94926309e-02
-7.80141044e-02
-8.01599068e-02
-4.01860900e-02
1.43646785e-01
2.21921749e-03
2.45600718e-02
6.34202659e-02
7.02600942e-01
6.73462000e-02
0.00000000e+00
0.00000000e+00
2.91938755e+00
2.25595096e+00
0.00000000e+00
0.00000000e+00
0.00000000e+00
0.00000000e+00
0.00000000e+00
0.00000000e+00
3.67629057e-01
-3.02404209e-01
-2.33150622e-01
-1.82408098e-01
-6.88823709e-01
-1.54657830e+00
0.00000000e+00
0.00000000e+00
0.00000000e+00
0.00000000e+00
0.00000000e+00
0.00000000e+00
3.12633099e-01
-1.19468989e-01
-4.82236556e-01
-4.13655477e-01
-3.09660916e-01
-9.09910454e-01
5.80653018e+00
5.65295739e+00
5.40871456e+00
5.51218977e+00
5.46179335e+00
5.41998719e+00
-5.26276679e-01
3.08493258e-02
-1.74721743e-02
-1.41734684e-01
7.70457737e-02
-4.66074158e-01
-6.66482858e-01
-4.52354195e-01
-7.23663240e-02
-2.27000314e-01
-9.12420728e-02
-2.43522742e-01
0.00000000e+00
0.00000000e+00
0.00000000e+00
0.00000000e+00
0.00000000e+00
0.00000000e+00
0.00000000e+00
0.00000000e+00
3.33651672e-01
1.82695842e-01
0.00000000e+00
0.00000000e+00
-7.91134156e-01
-9.14296702e-01
-5.56163382e-01
-9.36551939e-01
-1.34729754e+00
0.00000000e+00
0.00000000e+00
0.00000000e+00
4.17637656e-02
-7.40363177e-01
-9.04506352e-02
7.82145020e-01
-2.36072649e+00
-7.92730597e-02
9.92273600e-01
6.67828090e-01
6.27547231e-01
0.00000000e+00
-3.73901399e-01
1.18350877e+00
-1.17084844e+00
4.97173007e-01
3.03990106e-01
6.09459961e-01
2.73870793e-01
-2.14531781e+00
-6.26233577e-01
2.60256703e-01
2.49325940e-01
0.00000000e+00
0.00000000e+00
0.00000000e+00
2.56462889e-01
-6.00793473e-02
1.74985266e-01
8.84996279e-02
-1.18711775e-01
1.92449409e-01
4.23011231e-02
-6.80772148e-02
-2.24877130e-01
0.00000000e+00
1.48598218e-02
-2.30863416e-02
-2.25191449e-01
1.71347579e-01
2.00555603e-01
3.69833584e-02
1.14510144e-01
-2.53473343e-01
-4.14395618e-02
-2.86927187e-02
-7.81240852e-01
-3.92851736e-01
0.00000000e+00
0.00000000e+00
1.08602003e+00
9.59034988e-02
-9.52371800e-02
-3.93518054e-01
2.82214982e-02
0.00000000e+00
0.00000000e+00
0.00000000e+00
-3.52719860e-01
1.61215127e-01
-1.42004966e-01
-2.23121398e-01
5.04454501e-01
-8.57497464e-02
6.66729285e-02
2.05635946e-01
2.33154644e-01
0.00000000e+00
-1.54452068e-01
2.43629737e-01
1.74828649e-01
-1.19694826e-01
-1.15944109e-01
-3.61013570e-01
-1.02740421e-01
1.90287609e-02
7.58277214e-02
1.21444782e-03
-3.88389116e-01
0.00000000e+00
0.00000000e+00
5.01158151e-01
-5.66056687e-01
-3.98282421e-01
0.00000000e+00
-8.75859034e-01
-8.28532881e-01
9.24031587e-02
-5.04596236e-02
-4.40225956e-01
-1.67774266e-01
0.00000000e+00
-1.88673334e+00
-1.66247187e+00
-1.85084864e+00
0.00000000e+00
0.00000000e+00
0.00000000e+00
-2.62502406e-01
-8.12472184e-01
1.09566642e-01
6.34825233e-01
-2.55060392e+00
4.94483588e-01
1.12262893e+00
-3.27752316e-03
5.76787852e-01
0.00000000e+00
-7.74398532e-02
1.58394622e+00
-1.14967267e+00
1.22150247e+00
-6.03336211e-01
3.12992337e-01
1.43976555e-01
-2.05210019e+00
-3.21416647e-01
-2.18736862e-01
4.01892501e-01
0.00000000e+00
0.00000000e+00
0.00000000e+00
1.46140642e-01
7.22810417e-02
2.01510007e-01
1.14796590e-01
-1.27875395e-01
3.09454731e-02
-5.21256454e-02
-1.02774111e-01
-8.07583802e-02
0.00000000e+00
4.02549766e-02
-9.98210425e-02
1.32104725e-02
-7.45923379e-02
-1.98779368e-01
1.21938755e-01
2.01929326e-01
5.95957790e-02
-4.28234426e-02
1.78839162e-01
-1.00877185e+00
-4.20973583e-01
0.00000000e+00
7.81995364e-02
7.34650491e-01
1.17553101e-01
-7.24176471e-02
-4.66109037e-01
-1.31405740e-01
0.00000000e+00
0.00000000e+00
0.00000000e+00
-5.78997009e-02
6.41001011e-04
-1.00775178e-01
1.46933288e-02
2.06748496e-01
3.57983633e-03
-1.07757642e-01
-2.45339928e-01
-4.18419397e-02
0.00000000e+00
2.30620335e-01
-1.65079426e-01
1.55288115e-01
2.48846673e-02
-2.22298038e-01
4.78707506e-01
-1.43728624e-01
6.74695546e-02
-3.32378502e-02
-1.96080253e-01
-5.87798268e-01
0.00000000e+00
0.00000000e+00
-8.13477869e-01
-8.42076790e-01
-4.93323119e-01
-2.24421872e-01
1.26411563e-01
2.09921245e-01
1.05969912e-01
-8.66966186e-02
-5.12596412e-01
-3.48753671e-01
0.00000000e+00
-1.44989331e+00
-1.70738423e+00
247
-3.30461603e-01
0.00000000e+00
0.00000000e+00
0.00000000e+00
0.00000000e+00
0.00000000e+00
0.00000000e+00
0.00000000e+00
0.00000000e+00
-4.29623952e-01
0.00000000e+00
0.00000000e+00
0.00000000e+00
0.00000000e+00
-3.56477463e-01
0.00000000e+00
-7.09631515e-01
3.53154052e-01
-3.03031310e-01
1.11599954e-01
0.00000000e+00
0.00000000e+00
0.00000000e+00
-1.37304214e-01
-3.12855853e-01
-2.07907070e-01
-4.82990783e-02
-3.56477463e-01
0.00000000e+00
-1.70916369e+00
1.35268623e+00
1.06879705e-01
4.80392914e-01
5.88098470e-01
0.00000000e+00
0.00000000e+00
0.00000000e+00
0.00000000e+00
0.00000000e+00
0.00000000e+00
0.00000000e+00
0.00000000e+00
0.00000000e+00
0.00000000e+00
0.00000000e+00
0.00000000e+00
0.00000000e+00
-2.70295359e-01
1.43059146e-03
0.00000000e+00
0.00000000e+00
9.81867107e-01
-1.16096173e-01
-3.15415380e-01
1.08063120e-01
-2.96801247e-01
-6.92079031e-01
0.00000000e+00
0.00000000e+00
1.41143512e+00
1.25950376e+00
0.00000000e+00
0.00000000e+00
0.00000000e+00
0.00000000e+00
0.00000000e+00
0.00000000e+00
6.14696742e-01
7.02601010e-03
-6.88218608e-02
-1.38483686e-01
-5.49896290e-01
-1.60641764e+00
0.00000000e+00
0.00000000e+00
0.00000000e+00
0.00000000e+00
0.00000000e+00
0.00000000e+00
4.08577735e-01
-6.08693169e-03
-5.69334383e-01
-4.50079980e-01
-1.89330621e-01
-7.83711178e-01
4.61708679e+00
4.41324284e+00
4.31068843e+00
4.03228351e+00
4.08533233e+00
4.17077486e+00
-5.90174895e-01
3.40874724e-02
1.64902498e-01
7.56075651e-02
-1.25419519e-01
-3.49302294e-01
-3.70114067e-01
-9.87224172e-02
-2.07478765e-02
1.50639215e-01
1.52499183e-01
-2.08427878e-01
0.00000000e+00
0.00000000e+00
0.00000000e+00
0.00000000e+00
-3.30461603e-01
6.86546549e-02
0.00000000e+00
0.00000000e+00
-7.53707231e-01
-6.24597635e-01
-7.69484599e-01
-7.90301808e-01
-1.37830487e+00
0.00000000e+00
0.00000000e+00
0.00000000e+00
-9.54452279e-02
-1.05794054e+00
-5.81899195e-02
6.55453164e-01
-1.84958052e+00
4.76462304e-01
9.99414489e-01
2.51173979e-02
2.59242066e-01
0.00000000e+00
-2.47219708e-01
1.19023514e+00
-9.24756363e-01
6.11875893e-01
2.37398656e-01
3.24296696e-01
1.41760182e-01
-2.10331129e+00
-6.18184007e-02
9.87011130e-02
-7.50882450e-01
-2.69739597e-01
0.00000000e+00
0.00000000e+00
1.10620704e+00
-4.59044729e-01
0.00000000e+00
0.00000000e+00
0.00000000e+00
-9.59136153e-03
1.95535636e-01
3.67215137e-01
1.86192387e-01
0.00000000e+00
1.40749465e-01
2.22519178e-01
1.07871280e-01
1.08254410e-01
0.00000000e+00
2.71044154e-01
1.90885922e-01
-3.21218885e-01
1.31551151e-01
-4.73700310e-01
7.70722122e-02
-3.93293647e-02
-2.76434337e-01
7.33000586e-02
-2.19488355e-01
-4.81142853e-01
0.00000000e+00
0.00000000e+00
9.95630256e-01
-6.27422416e-01
-4.83967634e-01
0.00000000e+00
-6.00629594e-01
-5.67675567e-01
-1.43454782e-01
0.00000000e+00
-1.11436186e+00
-1.22756574e+00
-1.55978641e+00
0.00000000e+00
0.00000000e+00
0.00000000e+00
-4.87166478e-01
-6.01418934e-01
3.17941380e-01
9.87685157e-01
-1.53259818e+00
6.21105805e-01
9.76952738e-01
-5.59305661e-01
5.51881539e-01
0.00000000e+00
-6.62811301e-02
1.70391344e+00
-8.04713047e-01
8.49550815e-01
-1.16705524e+00
1.89290491e-01
3.04807461e-01
-2.12273406e+00
-5.03240876e-01
-2.18401617e-01
-7.46181937e-01
-3.26288420e-01
0.00000000e+00
0.00000000e+00
1.02819953e+00
-1.28192416e-02
0.00000000e+00
0.00000000e+00
0.00000000e+00
1.36742405e-01
-8.94105543e-02
2.23519971e-01
-1.34376007e-03
5.68285162e-02
4.04828707e-02
-2.90481626e-02
3.68663330e-01
1.53312607e-01
0.00000000e+00
-1.26321383e-01
6.86040343e-02
-3.74377218e-01
6.96703470e-02
1.33417456e-01
2.21251235e-02
1.79660552e-01
-6.76902399e-01
-2.01300759e-01
3.28577811e-02
-4.19893518e-01
0.00000000e+00
0.00000000e+00
-9.40634923e-01
-8.13604470e-01
-4.43196179e-01
0.00000000e+00
7.53282464e-01
3.42224045e-01
-3.70408291e-01
0.00000000e+00
-5.08707345e-01
-1.23155963e+00
4 2
2.3928e-02 2.0276e-01
2 -1
0 1 
217
-1.66585601e-01
1.73900407e-01
-2.03298401e-01
-1.19379246e+00
-9.95972308e-01
1.08026569e+00
5.54729613e-01
6.66564460e-01
1.24022181e+00
-4.86320289e-01
1.17963037e-01
-1.09138312e+00
-1.08352776e+00
-1.15118636e-01
0.00000000e+00
0.00000000e+00
0.00000000e+00
-8.69301177e-02
7.77780694e-04
-3.35287515e-01
1.14342115e-01
-5.98991343e-03
-2.39752699e-01
-1.83880522e-01
-8.15197454e-04
-3.13478561e-01
0.00000000e+00
0.00000000e+00
-2.68606728e-01
-5.20985150e-01
-1.55388626e-01
8.71024521e-01
3.07544694e-01
-4.00174311e-01
0.00000000e+00
0.00000000e+00
-1.98157989e-01
1.75429880e-01
-1.43857493e-01
0.00000000e+00
0.00000000e+00
0.00000000e+00
0.00000000e+00
0.00000000e+00
-1.98157989e-01
4.29530679e-01
-2.54100799e-01
-1.43857493e-01
0.00000000e+00
0.00000000e+00
0.00000000e+00
0.00000000e+00
0.00000000e+00
0.00000000e+00
0.00000000e+00
0.00000000e+00
0.00000000e+00
0.00000000e+00
0.00000000e+00
0.00000000e+00
-1.43857493e-01
4.29530679e-01
-2.54100799e-01
0.00000000e+00
-4.52258787e-01
-6.71337980e-01
4.06343070e-01
-8.40831106e-01
-1.20669884e-01
8.46544006e-01
0.00000000e+00
2.34309669e-01
-5.78598842e-01
-6.82936412e-02
2.08737863e-01
-3.29664651e-01
-7.60582598e-01
0.00000000e+00
0.00000000e+00
0.00000000e+00
0.00000000e+00
0.00000000e+00
0.00000000e+00
0.00000000e+00
0.00000000e+00
0.00000000e+00
0.00000000e+00
0.00000000e+00
0.00000000e+00
0.00000000e+00
0.00000000e+00
0.00000000e+00
0.00000000e+00
0.00000000e+00
0.00000000e+00
0.00000000e+00
0.00000000e+00
0.00000000e+00
0.00000000e+00
0.00000000e+00
0.00000000e+00
0.00000000e+00
0.00000000e+00
0.00000000e+00
0.00000000e+00
0.00000000e+00
0.00000000e+00
0.00000000e+00
0.00000000e+00
0.00000000e+00
0.00000000e+00
0.00000000e+00
0.00000000e+00
0.00000000e+00
0.00000000e+00
0.00000000e+00
0.00000000e+00
0.00000000e+00
0.00000000e+00
3.07711113e-01
9.25930914e-01
-6.43343115e-01
0.00000000e+00
0.00000000e+00
0.00000000e+00
2.16177683e-01
-8.45524563e-01
9.35179253e-03
1.01399515e+00
-1.01429339e+00
-1.49392296e-02
9.69635851e-01
1.08556446e-04
-1.10954475e-01
0.00000000e+00
-1.06362003e-01
4.07432997e-01
-9.95593704e-01
7.23308063e-01
2.99654748e-01
8.23220665e-01
2.74657557e-01
-1.03709688e+00
-6.94471533e-01
-5.61650399e-01
-1.60673269e-01
0.00000000e+00
0.00000000e+00
0.00000000e+00
1.65386417e-01
-6.95769762e-01
3.89124908e-02
6.69914571e-02
-1.04252610e+00
1.17330030e-01
1.38070196e-01
3.68659228e-01
2.20196875e-01
0.00000000e+00
4.47230537e-01
4.02715607e-01
-1.92969134e-01
4.70544981e-02
-7.85647595e-02
3.36786705e-02
1.32406973e-01
-1.18161662e+00
2.33976959e-01
6.18163178e-01
-3.43777829e-01
0.00000000e+00
0.00000000e+00
0.00000000e+00
-2.18308356e-01
-3.78708038e-01
-1.06747373e-01
5.86302967e-01
-1.00146042e+00
1.11183235e-01
9.91756836e-01
-1.59204493e-01
2.89091498e-01
0.00000000e+00
-3.89250084e-01
7.81619514e-01
-6.12782288e-01
2.72280777e-01
-3.33681036e-02
6.05242801e-01
2.83428834e-01
-9.24344864e-01
-3.93339227e-01
-4.71710433e-02
-1.63205263e-01
0.00000000e+00
0.00000000e+00
0.00000000e+00
3.11863301e-01
-1.07615547e-01
1.92565092e-01
3.76376227e-01
-1.36077317e+00
1.52674566e-01
2.12794520e-01
8.76482554e-02
9.56212597e-02
0.00000000e+00
5.42371572e-01
3.50208977e-01
-6.29834712e-01
2.86699875e-01
3.15906333e-01
-5.64370002e-02
7.47604353e-03
-9.34403894e-01
-3.78618808e-02
3.15149214e-02
136
-7.18047959e-01
3.56553746e-02
1.27773102e-02
2.51189589e-01
-8.64369275e-03
-2.17232560e-01
-4.15931730e-03
-7.87660362e-01
1.21845083e-03
0.00000000e+00
0.00000000e+00
-2.34810156e-01
-4.46123646e-01
-4.41817321e-01
7.89494615e-02
1.94258009e-01
1.31495695e-01
0.00000000e+00
0.00000000e+00
2.63644697e-01
-2.65501189e-01
-7.16191466e-01
0.00000000e+00
0.00000000e+00
0.00000000e+00
0.00000000e+00
0.00000000e+00
2.63644697e-01
-7.77620075e-01
5.12118886e-01
-7.16191466e-01
0.00000000e+00
0.00000000e+00
0.00000000e+00
0.00000000e+00
0.00000000e+00
0.00000000e+00
0.00000000e+00
0.00000000e+00
0.00000000e+00
0.00000000e+00
0.00000000e+00
0.00000000e+00
0.00000000e+00
0.00000000e+00
0.00000000e+00
0.00000000e+00
7.77687536e-01
7.33434850e-01
6.09369342e-01
-8.16022854e-01
0.00000000e+00
-5.12485778e-01
-6.28520342e-02
-2.94762286e-02
-1.04856060e+00
0.00000000e+00
0.00000000e+00
0.00000000e+00
0.00000000e+00
-7.16191466e-01
-7.77620075e-01
5.12118886e-01
0.00000000e+00
0.00000000e+00
0.00000000e+00
0.00000000e+00
0.00000000e+00
0.00000000e+00
0.00000000e+00
0.00000000e+00
0.00000000e+00
0.00000000e+00
0.00000000e+00
0.00000000e+00
0.00000000e+00
0.00000000e+00
0.00000000e+00
0.00000000e+00
0.00000000e+00
0.00000000e+00
0.00000000e+00
0.00000000e+00
0.00000000e+00
0.00000000e+00
0.00000000e+00
8.57162377e-01
6.82750018e-01
-6.12238761e-01
0.00000000e+00
0.00000000e+00
0.00000000e+00
9.26008427e-01
-1.31655316e+00
3.98347319e-01
9.44709861e-01
-2.54681363e+00
3.75628513e-01
1.12560093e+00
5.25540376e-01
1.88096930e-01
0.00000000e+00
6.06453252e-01
1.37463847e+00
-1.49778877e+00
2.81240600e-01
6.53343256e-01
8.03414447e-01
3.34906861e-01
-3.22498300e+00
-7.52858258e-01
1.88828823e-01
-7.47351171e-01
0.00000000e+00
0.00000000e+00
0.00000000e+00
1.56676586e-01
-1.91495315e+00
5.09606781e-02
8.10330184e-01
-1.55411319e+00
5.12381497e-01
1.29922594e+00
3.82029724e-02
3.40627407e-01
0.00000000e+00
4.27761845e-01
1.15108588e+00
-1.06964656e+00
9.44791105e-01
1.86441567e-01
3.99979181e-01
1.47696672e-01
-2.18374436e+00
-6.40373086e-01
1.49317649e-01
6 2
-1.9745e-01 3.3494e-01
3 -1
0 1 4 
217
-3.99211627e-01
-4.08723317e-02
9.94064635e-02
-6.10426047e-01
-1.97416614e-01
2.01654117e-01
8.72538676e-02
4.84947544e-02
1.42664949e-01
-1.99789667e-01
-1.62471439e-01
-3.49983750e-01
-2.69242391e-01
3.22064554e-01
0.00000000e+00
0.00000000e+00
0.00000000e+00
-1.16357759e-01
4.44291713e-03
-7.05127171e-01
-2.69034394e-01
1.10846259e-02
-3.92177241e-01
1.12168989e-02
4.28079781e-04
-2.88062505e-02
0.00000000e+00
0.00000000e+00
-2.19135391e-01
-9.40578387e-01
-7.58878985e-01
5.21985822e-01
5.14629183e-01
4.82766131e-01
0.00000000e+00
0.00000000e+00
-1.27451249e-01
-6.34864328e-02
-2.16352196e-01
8.07825147e-03
0.00000000e+00
0.00000000e+00
0.00000000e+00
0.00000000e+00
-1.27451249e-01
-3.34038662e-01
1.82386132e-01
1.52810429e-01
8.81660972e-02
-4.99578236e-02
-3.19204802e-01
8.07825147e-03
0.00000000e+00
0.00000000e+00
0.00000000e+00
0.00000000e+00
0.00000000e+00
0.00000000e+00
0.00000000e+00
0.00000000e+00
1.10930857e-01
-3.34038662e-01
-4.86525731e-02
0.00000000e+00
-1.68426226e-01
-4.97645381e-01
-4.73739537e-02
1.01474706e-01
-1.75733851e-01
2.94592742e-01
0.00000000e+00
-4.21029587e-01
-4.82400144e-01
5.65154340e-02
-1.07660148e+00
-3.24454234e-02
9.62007615e-01
0.00000000e+00
-1.43725136e-01
-9.28185102e-01
7.07601059e-02
-6.94748967e-02
-3.43678383e-01
-2.18456538e-01
0.00000000e+00
0.00000000e+00
0.00000000e+00
0.00000000e+00
0.00000000e+00
0.00000000e+00
0.00000000e+00
0.00000000e+00
0.00000000e+00
0.00000000e+00
0.00000000e+00
0.00000000e+00
0.00000000e+00
0.00000000e+00
0.00000000e+00
0.00000000e+00
0.00000000e+00
0.00000000e+00
0.00000000e+00
0.00000000e+00
0.00000000e+00
0.00000000e+00
0.00000000e+00
0.00000000e+00
0.00000000e+00
0.00000000e+00
0.00000000e+00
0.00000000e+00
0.00000000e+00
0.00000000e+00
0.00000000e+00
0.00000000e+00
0.00000000e+00
0.00000000e+00
0.00000000e+00
4.14550341e-01
3.24957028e-01
-3.47648991e-01
0.00000000e+00
0.00000000e+00
0.00000000e+00
4.32153747e-01
-6.85346603e-01
-6.04637986e-02
5.34347506e-01
-9.86830819e-01
-6.26783995e-02
5.65983197e-01
3.54581486e-01
-8.34678168e-02
0.00000000e+00
8.13094175e-02
1.02753401e+00
-4.87603728e-01
7.43088402e-02
8.43194288e-02
1.77806564e-01
1.62202246e-01
-1.07434669e+00
-6.64949729e-01
2.63492149e-01
-1.90737773e-01
0.00000000e+00
0.00000000e+00
0.00000000e+00
2.36760540e-01
-5.43727496e-02
2.31856347e-01
2.03375338e-01
-1.24776885e+00
1.90869229e-01
3.57872977e-01
7.42982644e-02
3.57553680e-01
0.00000000e+00
1.59779233e-01
3.40971188e-01
-4.32038473e-01
2.37759185e-01
2.94779356e-01
2.89526212e-01
1.93021213e-01
-1.52653043e+00
-8.76641803e-02
-1.07858465e-02
-3.95745839e-01
0.00000000e+00
0.00000000e+00
0.00000000e+00
-1.62471726e-01
-3.13896513e-01
-2.90578597e-02
3.63860669e-01
-6.29130878e-01
1.72444282e-01
1.23015790e+00
2.24509836e-01
-1.92649100e-01
0.00000000e+00
3.09080041e-01
3.27456946e-01
-7.36587902e-01
3.04213850e-01
4.33590394e-02
-3.05763699e-02
1.35469775e-01
-6.98278373e-01
-3.50507683e-01
-3.63141769e-01
-1.63753323e-01
0.00000000e+00
0.00000000e+00
0.00000000e+00
2.06874392e-01
-4.07623312e-01
8.61838815e-02
2.94984341e-01
-2.96675844e-01
1.40219380e-01
-4.76918511e-02
-1.73294458e-01
6.74116326e-02
0.00000000e+00
5.63406802e-02
2.70241254e-01
-1.27914738e-01
2.57485000e-01
3.29577786e-01
2.37896284e-01
5.14065980e-03
-9.44930544e-01
-2.61937720e-01
1.43959855e-01
136
-7.70282623e-01
-7.87986662e-03
-1.11347031e-02
-6.02107000e-01
5.14449407e-04
-1.43230850e-01
1.05715121e-04
-1.70649072e-02
3.68863062e-04
0.00000000e+00
0.00000000e+00
1.16700951e-01
-2.90307092e-01
-2.73210984e-01
2.97508638e-02
-2.23156470e-01
-1.30059892e-01
0.00000000e+00
0.00000000e+00
8.58166261e-02
1.96763355e-02
-3.85293527e-01
-4.90482058e-01
0.00000000e+00
0.00000000e+00
0.00000000e+00
0.00000000e+00
8.58166261e-02
-4.82696848e-01
4.01573991e-01
4.89952921e-03
1.00799192e-01
2.27342689e-01
-6.17535745e-01
-4.90482058e-01
0.00000000e+00
0.00000000e+00
0.00000000e+00
0.00000000e+00
0.00000000e+00
0.00000000e+00
0.00000000e+00
0.00000000e+00
0.00000000e+00
0.00000000e+00
0.00000000e+00
0.00000000e+00
-2.38822503e-02
4.58878475e-01
2.79590422e-01
-6.14342344e-01
0.00000000e+00
-5.31280887e-02
-9.66753140e-02
1.29179908e-01
-6.95442100e-01
0.00000000e+00
2.75748343e-03
1.16829141e-01
2.66306116e-01
-1.14261864e+00
-4.82696848e-01
-1.15162562e-01
0.00000000e+00
0.00000000e+00
0.00000000e+00
0.00000000e+00
0.00000000e+00
0.00000000e+00
0.00000000e+00
0.00000000e+00
0.00000000e+00
0.00000000e+00
0.00000000e+00
0.00000000e+00
0.00000000e+00
0.00000000e+00
0.00000000e+00
0.00000000e+00
0.00000000e+00
0.00000000e+00
0.00000000e+00
0.00000000e+00
0.00000000e+00
0.00000000e+00
0.00000000e+00
6.62362442e-01
8.89194796e-01
-7.62356634e-01
0.00000000e+00
0.00000000e+00
0.00000000e+00
7.71310486e-01
-1.86105958e+00
2.39314029e-01
9.90471483e-01
-2.50389989e+00
3.56727363e-01
1.12669678e+00
6.04609733e-01
5.49578527e-02
0.00000000e+00
7.13263439e-01
1.11824583e+00
-1.50106810e+00
4.39474613e-01
4.60589819e-01
8.71801079e-01
3.26310056e-01
-2.97038812e+00
-4.59688139e-01
4.59974642e-01
-6.85608001e-01
0.00000000e+00
0.00000000e+00
0.00000000e+00
1.97300343e-01
-1.37208422e+00
5.79709825e-02
1.01462030e+00
-2.26508035e+00
4.50228425e-01
1.28373254e+00
8.36050098e-03
5.04802580e-01
0.00000000e+00
5.86678062e-01
1.29072560e+00
-1.35991620e+00
8.16506592e-01
1.59271796e-01
4.06342017e-01
2.29567391e-01
-2.29048659e+00
-6.00521364e-01
1.96373606e-01
7 1
-3.0637e-01 3.6962e-01
4 1
0 1 4 6 
217
-3.60166898e-01
3.18057339e-01
-1.61684862e-01
-1.59832886e-01
-7.20714610e-02
1.90471368e-01
5.85160147e-02
-2.46408646e-01
-1.70184136e-01
-4.62232028e-01
-4.59243752e-01
1.03560783e-01
2.82816437e-01
9.61278576e-01
0.00000000e+00
0.00000000e+00
0.00000000e+00
0.00000000e+00
0.00000000e+00
0.00000000e+00
0.00000000e+00
0.00000000e+00
0.00000000e+00
-3.98839430e-01
6.46037221e-04
-3.00047903e-02
0.00000000e+00
0.00000000e+00
-2.72229341e-01
-4.67564711e-01
-5.46613354e-01
4.31767092e-01
2.87075718e-01
2.07397699e-01
0.00000000e+00
0.00000000e+00
-7.29760693e-02
6.25373644e-02
-1.86881834e-01
-9.20352631e-02
-7.08110958e-02
0.00000000e+00
0.00000000e+00
0.00000000e+00
-7.29760693e-02
-5.82538024e-02
1.01817588e-01
-2.79352224e-01
-1.27579797e-02
4.74326938e-01
-3.15082745e-01
-3.57746554e-02
0.00000000e+00
-2.86587240e-01
2.49561278e-01
2.61738279e-01
0.00000000e+00
1.22067325e-01
-4.40066211e-01
-7.08110958e-02
2.51941792e-01
-3.13109484e-01
-2.26023137e-01
0.00000000e+00
-4.77134885e-01
-6.23718477e-01
3.64282771e-01
-1.10322811e-01
-2.36929247e-01
5.21142823e-01
0.00000000e+00
1.67802889e-01
2.11052302e-01
-1.74705806e-01
3.00796582e-01
-3.53263981e-01
6.66234560e-03
0.00000000e+00
-8.74150399e-02
-6.98231712e-01
-1.05403027e-01
2.56198621e-02
-2.02443238e-01
-6.77219588e-02
0.00000000e+00
-1.97283279e-01
-6.56634780e-01
-7.85739006e-03
-4.82615366e-01
-1.54256557e-01
4.82701600e-02
0.00000000e+00
0.00000000e+00
0.00000000e+00
0.00000000e+00
0.00000000e+00
0.00000000e+00
0.00000000e+00
0.00000000e+00
0.00000000e+00
0.00000000e+00
0.00000000e+00
0.00000000e+00
0.00000000e+00
0.00000000e+00
0.00000000e+00
0.00000000e+00
0.00000000e+00
0.00000000e+00
0.00000000e+00
0.00000000e+00
0.00000000e+00
0.00000000e+00
0.00000000e+00
0.00000000e+00
0.00000000e+00
0.00000000e+00
0.00000000e+00
0.00000000e+00
4.64792715e-01
6.71110816e-01
-5.24981822e-01
0.00000000e+00
0.00000000e+00
0.00000000e+00
4.67020275e-01
-1.30931654e+00
-1.36319963e-01
9.00260984e-01
-1.68267080e+00
-9.73850307e-02
1.24258566e+00
1.14545941e-01
1.81402376e-01
0.00000000e+00
7.43589709e-02
1.35662040e+00
-1.01650973e+00
4.16301604e-01
1.28759862e-01
9.40019164e-01
2.33857055e-01
-2.03421055e+00
-4.76132456e-01
1.71830954e-01
-2.85937266e-01
0.00000000e+00
0.00000000e+00
0.00000000e+00
2.40905081e-01
6.00282609e-02
3.54491254e-01
4.45016230e-02
-1.10880952e+00
4.42157896e-01
1.79141341e-02
4.91754243e-01
1.11099485e-01
0.00000000e+00
4.45403655e-01
2.57457900e-02
-2.81090290e-01
-1.64680183e-01
2.61876485e-01
3.36083711e-02
1.73454300e-01
-1.26473578e+00
-2.23189971e-01
5.36279072e-02
-3.66279535e-01
0.00000000e+00
0.00000000e+00
0.00000000e+00
2.80077862e-01
-6.96068016e-01
-2.61569446e-01
1.09222010e+00
-1.38895528e+00
-1.47276256e-01
1.05418676e+00
-1.03336545e-01
6.22909381e-01
0.00000000e+00
1.30453344e-01
1.33777675e+00
-1.17947758e+00
7.80761765e-01
-3.00267885e-03
1.34681741e-01
1.18665890e-01
-1.44390308e+00
-5.61688873e-01
-1.32735367e-01
-2.55608297e-01
0.00000000e+00
0.00000000e+00
0.00000000e+00
-1.31839706e-01
-7.45072883e-01
4.57130670e-01
-1.50448733e-01
-7.79350083e-01
4.02618715e-01
-1.84863461e-02
-1.54883351e-02
-6.84521731e-02
0.00000000e+00
3.27760941e-01
-5.39558572e-02
2.63553776e-03
1.97879220e-02
4.08528995e-01
3.04611857e-01
7.06924729e-02
-4.52932687e-01
3.51967719e-02
1.31454623e-01
136
-7.08243098e-01
0.00000000e+00
0.00000000e+00
-2.10740356e-02
6.24984247e-03
6.97321373e-04
7.77695162e-03
-6.78098500e-01
-3.62780111e-05
0.00000000e+00
0.00000000e+00
-4.31902454e-02
-3.53436981e-01
-1.90836826e-01
-9.65633861e-02
-9.41463853e-02
6.99307260e-02
0.00000000e+00
0.00000000e+00
6.80452207e-02
3.38501850e-01
-1.26333763e-02
-5.32059944e-01
-5.70096848e-01
0.00000000e+00
0.00000000e+00
0.00000000e+00
6.80452207e-02
-7.73846822e-03
2.93357871e-02
-1.62131433e-01
2.82118299e-01
4.85873620e-01
-7.00722347e-01
-1.28431294e-01
3.47862317e-02
-7.26107616e-01
8.95788287e-01
5.29333821e-01
1.94666114e-01
-2.72703625e-01
-6.60258846e-01
-5.70096848e-01
0.00000000e+00
0.00000000e+00
0.00000000e+00
0.00000000e+00
1.31842897e-01
2.25006807e-01
2.78244143e-01
-6.74465045e-01
0.00000000e+00
5.89397759e-02
1.98614161e-01
1.71491240e-01
-5.37755265e-01
0.00000000e+00
6.74707917e-01
1.97042931e-01
3.83939237e-01
-9.88747037e-01
-7.00609414e-01
-5.21369316e-01
-1.86414916e-01
5.39635799e-02
-4.83719692e-01
0.00000000e+00
0.00000000e+00
0.00000000e+00
0.00000000e+00
0.00000000e+00
0.00000000e+00
0.00000000e+00
0.00000000e+00
0.00000000e+00
0.00000000e+00
0.00000000e+00
0.00000000e+00
0.00000000e+00
0.00000000e+00
0.00000000e+00
0.00000000e+00
0.00000000e+00
0.00000000e+00
0.00000000e+00
0.00000000e+00
7.28860749e-01
8.14247917e-01
-7.13165690e-01
0.00000000e+00
0.00000000e+00
0.00000000e+00
8.09829531e-01
-1.60814299e+00
2.40677608e-01
9.95836587e-01
-2.76643855e+00
3.08610124e-01
1.16231143e+00
4.86814947e-01
1.98283505e-01
0.00000000e+00
6.65983638e-01
1.35210118e+00
-1.47163276e+00
5.86173819e-01
5.99759218e-01
7.41750473e-01
3.18361042e-01
-3.17856425e+00
-5.69235305e-01
4.14355059e-01
-7.23818916e-01
0.00000000e+00
0.00000000e+00
0.00000000e+00
1.87783408e-01
-1.38530967e+00
4.75567981e-02
1.10208463e+00
-1.84653395e+00
4.43941018e-01
1.34125288e+00
-1.87338537e-02
2.94673498e-01
0.00000000e+00
5.98926066e-01
1.21765707e+00
-1.20555362e+00
8.06709995e-01
1.78029529e-01
4.26818668e-01
2.00377232e-01
-2.55449199e+00
-7.31491817e-01
1.72485204e-01
8 1
-5.3530e-01 3.7926e-01
5 0
0 1 4 6 7 
217
-1.81400400e-01
1.01177279e-04
6.90422655e-02
1.27772274e-01
2.90677923e-02
-1.23088126e-01
-4.99598298e-02
-3.92390230e-01
-2.97954696e-01
1.67016350e-01
-1.86879337e-01
2.89980464e-01
3.24325670e-01
-1.08822470e-01
0.00000000e+00
0.00000000e+00
0.00000000e+00
0.00000000e+00
0.00000000e+00
0.00000000e+00
-4.05355390e-03
3.55564108e-03
8.44220646e-02
-1.77346846e-01
-1.24226272e-03
-1.60930630e-01
0.00000000e+00
0.00000000e+00
-2.12050138e-01
2.76433585e-01
4.07208410e-01
-1.32888277e-01
-2.80654677e-01
-2.39449303e-01
0.00000000e+00
0.00000000e+00
-1.18050962e-01
1.11969945e-01
1.50156345e-01
-1.44268938e-01
-1.41727596e-01
-3.94791931e-02
0.00000000e+00
0.00000000e+00
-1.18235156e-01
-3.67263703e-02
-1.19504614e-01
-3.20053824e-01
2.28864588e-01
5.65959897e-01
-1.96411330e-01
5.32617739e-02
0.00000000e+00
-7.76969450e-01
5.18608058e-01
4.35916529e-01
0.00000000e+00
1.97164909e-02
-3.56653320e-01
-6.81142989e-02
1.79380492e-01
-1.55494379e-01
-8.72355506e-02
0.00000000e+00
-5.43911484e-02
-2.34153829e-01
1.47339344e-01
2.67829785e-01
-2.74348596e-01
-5.37105197e-02
0.00000000e+00
-1.26442214e-01
-3.45923232e-01
1.70848117e-01
-3.39645877e-01
-2.23799144e-01
1.99816529e-02
0.00000000e+00
-4.23532447e-01
-6.60037265e-01
1.87748710e-01
-4.75503824e-01
5.53179130e-02
1.80175217e-01
0.00000000e+00
5.71634227e-02
-1.38403346e-01
-1.72890219e-01
-1.58031575e-01
-6.56651456e-02
-4.28563841e-02
0.00000000e+00
4.29988268e-01
-2.93578430e-01
-3.52868543e-01
-1.36429469e-01
-2.56512966e-01
-1.95793556e-01
0.00000000e+00
0.00000000e+00
0.00000000e+00
0.00000000e+00
0.00000000e+00
0.00000000e+00
0.00000000e+00
0.00000000e+00
0.00000000e+00
0.00000000e+00
0.00000000e+00
0.00000000e+00
0.00000000e+00
0.00000000e+00
0.00000000e+00
0.00000000e+00
0.00000000e+00
0.00000000e+00
0.00000000e+00
0.00000000e+00
0.00000000e+00
4.44004769e-01
8.44798033e-01
-3.90362353e-01
0.00000000e+00
0.00000000e+00
0.00000000e+00
7.96951567e-01
-1.10676380e+00
1.91141442e-01
6.21515553e-01
-1.56964825e+00
-1.87501301e-01
1.37393314e+00
6.16169475e-01
-2.37157337e-01
0.00000000e+00
1.94388089e-01
1.22946433e+00
-9.77029457e-01
3.27419703e-01
-7.21698622e-02
5.89957929e-01
2.69974959e-01
-1.68358475e+00
-2.91671875e-01
-4.75751902e-01
-4.08437822e-01
0.00000000e+00
0.00000000e+00
0.00000000e+00
-1.79710134e-02
-6.52775001e-02
-1.10506674e-01
3.37904925e-01
-9.42362850e-01
1.63900108e-01
-5.27364800e-02
1.09580667e-01
5.47866203e-01
0.00000000e+00
3.09043692e-01
8.10624867e-02
-6.15096448e-01
1.23531404e-01
2.45039690e-01
1.42631491e-01
-6.09215304e-02
-9.34303085e-01
-4.85549992e-01
8.15727084e-01
-2.96894908e-01
0.00000000e+00
0.00000000e+00
0.00000000e+00
-2.55537699e-01
-6.29813645e-01
1.66796491e-01
1.33586455e+00
-1.57963693e+00
1.76372539e-01
1.10878136e+00
-7.07298128e-01
-1.26197120e-01
0.00000000e+00
4.34508141e-02
8.36784087e-01
-1.03253401e+00
8.35333398e-01
4.42662715e-01
4.25274488e-01
3.35152077e-01
-1.12878127e+00
-6.44098014e-01
1.00529391e-01
-3.31803776e-01
0.00000000e+00
0.00000000e+00
0.00000000e+00
4.77303120e-01
-5.14368050e-01
-9.30341784e-02
-1.99396593e-01
-1.09476476e+00
1.01457891e-01
1.03534112e-01
5.77959688e-01
3.02152886e-01
0.00000000e+00
2.72984593e-01
2.25787863e-01
-4.20963309e-01
2.76077819e-01
-9.15832448e-02
4.30368559e-03
-7.41422885e-02
-1.63832572e-01
-2.65849410e-02
5.30450310e-03
136
-8.55885613e-01
0.00000000e+00
0.00000000e+00
0.00000000e+00
0.00000000e+00
-1.65924456e-02
2.17066858e-03
-7.99418887e-01
-3.68934648e-05
0.00000000e+00
0.00000000e+00
-2.35786295e-01
-5.98824786e-01
-3.46602444e-01
1.14666113e-01
4.81884679e-02
1.62473331e-01
0.00000000e+00
0.00000000e+00
6.68275972e-02
4.33564067e-01
1.01587450e-01
-4.76961508e-01
-5.18108619e-01
-4.62794601e-01
0.00000000e+00
0.00000000e+00
1.76239989e-01
2.03441851e-02
5.52100972e-03
-9.25913352e-02
1.08887459e-01
3.32072735e-01
-4.17776701e-01
-3.91233658e-01
1.27835854e-01
-4.49834207e-01
8.37969874e-01
2.45120898e-01
2.32446938e-03
-2.54483737e-01
-3.65604190e-01
-7.40678257e-01
0.00000000e+00
0.00000000e+00
0.00000000e+00
0.00000000e+00
4.75397764e-01
4.04318551e-01
3.24583104e-01
-6.97483245e-01
0.00000000e+00
7.21993240e-02
2.10646953e-01
1.42169223e-01
-3.34950529e-01
0.00000000e+00
8.58893271e-01
3.15850582e-01
3.67640177e-01
-8.23252665e-01
-8.50251803e-01
-4.52492158e-01
-1.24770018e-01
6.29273923e-02
-4.15091244e-01
0.00000000e+00
-2.40916915e-01
-6.30317455e-01
-1.55858070e-03
-2.62398174e-01
0.00000000e+00
0.00000000e+00
0.00000000e+00
0.00000000e+00
0.00000000e+00
0.00000000e+00
0.00000000e+00
0.00000000e+00
0.00000000e+00
0.00000000e+00
0.00000000e+00
0.00000000e+00
0.00000000e+00
0.00000000e+00
0.00000000e+00
8.01148979e-01
7.54452205e-01
-6.44251772e-01
0.00000000e+00
0.00000000e+00
0.00000000e+00
8.09791379e-01
-1.56481161e+00
3.32613752e-01
9.57700071e-01
-2.65542337e+00
4.42910249e-01
1.10964469e+00
5.28187571e-01
1.36564688e-01
0.00000000e+00
6.89869221e-01
1.32528091e+00
-1.41968295e+00
4.63783117e-01
5.15609285e-01
8.71570903e-01
3.87947537e-01
-3.36768091e+00
-5.22059294e-01
3.13932987e-01
-7.03122923e-01
0.00000000e+00
0.00000000e+00
0.00000000e+00
1.33842485e-01
-1.36795105e+00
1.76774235e-01
9.69967649e-01
-1.80437543e+00
4.32621744e-01
1.21679774e+00
-2.93151514e-02
4.23645592e-01
0.00000000e+00
5.57481660e-01
1.23042267e+00
-1.20776856e+00
7.62948149e-01
3.42084693e-01
4.51675583e-01
1.60442619e-01
-2.61159762e+00
-6.41464443e-01
1.00644517e-01
3 1
-6.3561e-01 4.1628e-01
6 0
0 1 4 6 7 8 
217
-9.18958244e-02
2.26228495e-01
-3.62059267e-01
1.46447305e-03
-2.52103444e-02
2.62722369e-01
9.01026174e-02
-8.12540600e-02
5.60761917e-04
-6.98476833e-02
5.31959540e-03
2.78796182e-01
-1.62668455e-01
-1.87732153e-01
0.00000000e+00
0.00000000e+00
0.00000000e+00
0.00000000e+00
0.00000000e+00
0.00000000e+00
-1.08687169e-03
-1.38871199e-03
7.64304716e-02
-8.97752400e-02
-6.34596888e-04
-4.17092231e-01
0.00000000e+00
0.00000000e+00
-5.39503967e-01
4.32132885e-02
5.72619929e-02
-1.06214071e-03
1.33728223e-01
2.14466778e-01
0.00000000e+00
0.00000000e+00
-1.28850180e-02
-1.22869628e-02
1.58088935e-01
-1.76520744e-01
8.28144781e-02
5.99598190e-02
-1.91066332e-01
0.00000000e+00
-9.80735464e-03
-1.67015082e-01
-1.80535629e-01
-2.28627312e-01
7.34043916e-02
4.35992056e-01
1.10236191e-01
2.10314425e-01
0.00000000e+00
-3.52028306e-01
2.78512281e-01
2.57549225e-01
0.00000000e+00
-4.16939268e-01
-1.77817768e-01
7.78824452e-02
1.76463855e-01
-4.86857126e-02
-2.06788949e-01
0.00000000e+00
9.09759929e-02
2.53646837e-01
-2.15101218e-03
5.50751038e-01
-1.80720805e-01
1.05030021e-02
0.00000000e+00
-4.15336680e-01
-2.39403254e-01
4.48377049e-01
-2.01665294e-01
-1.00863191e-01
1.68752706e-01
0.00000000e+00
-4.04474904e-01
-5.17308725e-01
2.78904278e-01
-5.52190375e-01
3.37349753e-02
1.58815646e-01
0.00000000e+00
2.43972202e-01
-7.84163352e-02
-1.24633613e-01
8.00249949e-02
-2.11223897e-01
-2.66796725e-01
0.00000000e+00
4.64024341e-01
-3.02298502e-01
-2.86105757e-01
-2.59272366e-01
-2.45741407e-01
-2.39832646e-01
0.00000000e+00
2.58693105e-01
-5.26502625e-02
-2.39806311e-01
1.52725376e-02
-1.10782619e-01
-3.06780816e-01
0.00000000e+00
0.00000000e+00
0.00000000e+00
0.00000000e+00
0.00000000e+00
0.00000000e+00
0.00000000e+00
0.00000000e+00
0.00000000e+00
0.00000000e+00
0.00000000e+00
0.00000000e+00
0.00000000e+00
0.00000000e+00
9.36123368e-01
9.77234635e-01
-2.92199266e-01
0.00000000e+00
0.00000000e+00
0.00000000e+00
6.40951748e-01
-8.60341114e-01
3.28096979e-01
8.04814908e-01
-1.55282792e+00
-2.28627068e-02
1.05132800e+00
1.79583981e-01
2.00463349e-01
0.00000000e+00
2.33404552e-01
1.33986874e+00
-1.12232370e+00
4.48971716e-01
3.46393205e-01
3.96115553e-01
1.87652888e-01
-1.60807213e+00
-6.93782907e-01
-5.89634412e-01
-3.36425055e-01
0.00000000e+00
0.00000000e+00
0.00000000e+00
1.47605861e-01
-2.50760756e-01
-1.65838527e-01
2.11331333e-01
-1.06847363e+00
3.39401963e-01
6.44571140e-02
3.68473005e-01
1.37936345e-01
0.00000000e+00
3.38102270e-01
8.56601392e-02
-6.83808157e-01
-1.52917250e-02
1.67639293e-01
3.96659404e-01
3.69660114e-02
-9.28957824e-01
-3.04636871e-01
7.87109692e-01
-3.80274654e-01
0.00000000e+00
0.00000000e+00
0.00000000e+00
-5.97030051e-02
-1.07944032e+00
1.02469830e-01
1.05610146e+00
-1.25377123e+00
2.49169134e-01
9.91028957e-01
-7.02128784e-02
-1.13792880e-01
0.00000000e+00
-2.17594989e-01
8.58546613e-01
-8.45927366e-01
9.77972501e-01
7.02246603e-02
5.46933943e-01
2.01371694e-01
-1.24352196e+00
-5.03017008e-01
-4.71117984e-02
-3.30266262e-01
0.00000000e+00
0.00000000e+00
0.00000000e+00
2.98966378e-01
-7.23712424e-01
1.97794908e-02
-1.64952452e-01
-1.03667394e+00
2.13424909e-01
2.84213634e-01
3.02423281e-01
3.98976348e-01
0.00000000e+00
4.50452388e-01
2.93318849e-01
-8.18815264e-01
1.98061615e-01
2.72372261e-01
1.13528762e-02
-4.78074472e-02
-3.12827118e-01
-1.02101984e-01
1.33282340e-01
136
-5.23209263e-01
0.00000000e+00
0.00000000e+00
0.00000000e+00
0.00000000e+00
-2.82425403e-02
6.48844799e-03
-5.26657624e-01
1.23424966e-04
0.00000000e+00
0.00000000e+00
-8.15983314e-02
-5.26397820e-01
-2.72195639e-01
1.87532858e-01
4.54190645e-02
1.24030605e-01
0.00000000e+00
0.00000000e+00
-7.61093199e-02
3.86423342e-01
2.12424301e-01
-1.93656268e-01
-2.29659777e-01
-2.46136554e-01
-3.76494986e-01
0.00000000e+00
5.57961374e-02
-1.11417506e-01
3.58357585e-01
-9.45080144e-02
3.84582966e-01
2.39367547e-01
-2.64110789e-01
-4.87937357e-01
4.07152267e-02
-5.83389386e-01
7.35275642e-01
4.70154414e-01
1.16599107e-01
-3.87483215e-01
-5.38095582e-01
-4.57116040e-01
0.00000000e+00
0.00000000e+00
0.00000000e+00
0.00000000e+00
8.89120294e-01
5.70198993e-01
2.93666399e-01
-4.14128694e-01
0.00000000e+00
-2.13146078e-01
-1.48298011e-01
1.60283341e-01
-3.77445204e-01
0.00000000e+00
8.48147313e-01
3.02491339e-01
3.21765273e-01
-7.03902213e-01
-7.35117083e-01
-7.53684212e-01
-1.74049010e-01
-3.13659171e-02
-2.08542595e-01
0.00000000e+00
-2.78705331e-01
-5.07542800e-01
-3.60620108e-02
-2.34443705e-01
0.00000000e+00
-2.45484387e-01
-3.74429322e-01
5.81549944e-02
1.11743894e-01
0.00000000e+00
0.00000000e+00
0.00000000e+00
0.00000000e+00
0.00000000e+00
0.00000000e+00
0.00000000e+00
0.00000000e+00
0.00000000e+00
0.00000000e+00
6.96713991e-01
7.38495729e-01
-6.89137881e-01
0.00000000e+00
0.00000000e+00
0.00000000e+00
7.86737637e-01
-1.63587517e+00
3.02901409e-01
9.93666053e-01
-2.69424154e+00
3.64851014e-01
1.12955986e+00
5.31462809e-01
2.81827400e-01
0.00000000e+00
6.44763289e-01
1.35594253e+00
-1.35734062e+00
4.17879112e-01
4.66247068e-01
8.16148640e-01
4.03288863e-01
-3.27290559e+00
-5.14791841e-01
2.90741211e-01
-6.63978609e-01
0.00000000e+00
0.00000000e+00
0.00000000e+00
1.44692193e-01
-1.26635031e+00
1.57103599e-01
9.94075609e-01
-1.88116544e+00
4.56580034e-01
1.21220123e+00
-1.02886136e-01
3.62478070e-01
0.00000000e+00
5.75764608e-01
1.24421131e+00
-1.20473975e+00
7.48095164e-01
2.71444552e-01
3.95348815e-01
1.69114631e-01
-2.41255480e+00
-6.42358138e-01
1.14966152e-01
2 1
-6.5270e-01 3.9136e-01
7 1
0 1 4 6 7 8 3 
217
-3.55214359e-01
-5.04819132e-02
1.22951791e-01
-2.51259698e-01
-1.22625034e-01
3.98416368e-01
4.18855654e-03
-1.91206904e-01
-2.33038212e-01
-9.73465290e-02
-3.80776235e-01
-1.65002979e-01
3.77036565e-01
2.26347762e-01
0.00000000e+00
0.00000000e+00
0.00000000e+00
0.00000000e+00
0.00000000e+00
0.00000000e+00
0.00000000e+00
0.00000000e+00
0.00000000e+00
-3.50096946e-01
-1.19467082e-04
7.59829110e-02
0.00000000e+00
0.00000000e+00
-5.94000593e-01
-2.95400550e-01
-1.90618942e-02
3.82619271e-02
2.58048551e-01
2.56938200e-01
0.00000000e+00
0.00000000e+00
-3.54382255e-01
1.82915946e-01
1.99834521e-01
-4.21209634e-02
-1.93735110e-01
-1.87258689e-02
-3.43392969e-01
2.14392341e-01
-3.30229037e-01
-1.05757811e-01
-9.24334145e-02
-1.23573478e-01
1.93062564e-01
4.41304461e-01
-4.48282900e-01
1.45470063e-01
-1.91527974e-01
-4.57533700e-01
3.32621495e-01
4.15523321e-01
0.00000000e+00
-1.51291609e-01
-9.91871255e-02
1.26663053e-01
1.42521025e-01
-1.60489508e-01
1.71363794e-02
0.00000000e+00
-6.46018658e-01
-1.85404983e-01
3.84837596e-01
9.06950553e-02
-9.40332982e-02
6.01609135e-01
0.00000000e+00
-6.12015374e-01
3.51929642e-02
1.65649989e-01
-1.99406862e-01
9.11510251e-02
4.90909104e-01
0.00000000e+00
-5.29715908e-01
-7.74769365e-01
7.55538074e-02
-1.05901995e-01
1.22142432e-01
2.23307069e-01
0.00000000e+00
-3.20439553e-01
-2.85508923e-01
-1.13387372e-01
-1.32571823e-01
7.86125658e-02
3.65398803e-01
0.00000000e+00
3.69322169e-01
-9.60333208e-02
-6.51544185e-01
-2.25754688e-01
-7.29923430e-02
-2.40739025e-01
0.00000000e+00
-6.04082777e-02
2.21052380e-01
-4.56498592e-01
2.59154682e-01
1.61692510e-01
1.27527809e-01
0.00000000e+00
3.07928894e-01
-1.59187452e-01
-4.41757772e-01
-5.19156156e-01
-2.21385481e-01
-2.09775199e-01
0.00000000e+00
0.00000000e+00
0.00000000e+00
0.00000000e+00
0.00000000e+00
0.00000000e+00
0.00000000e+00
5.39661866e-01
8.01055325e-01
-7.23839258e-01
0.00000000e+00
0.00000000e+00
0.00000000e+00
1.71748616e-01
-1.05821557e+00
-3.51677859e-01
3.96173793e-01
-1.20756853e+00
1.06319263e-01
1.07672852e+00
4.43785426e-01
4.58701041e-01
0.00000000e+00
9.13049415e-01
5.50340998e-01
-1.09323424e+00
-2.53799749e-01
1.32670331e-01
1.07037624e+00
7.07258759e-02
-1.49055258e+00
-4.84656420e-01
-1.74753830e-01
-1.43099270e-01
0.00000000e+00
0.00000000e+00
0.00000000e+00
5.50444769e-01
-1.00690647e+00
3.53042736e-01
3.89386642e-01
-1.19572581e+00
3.14346750e-01
1.03021431e-01
2.02199863e-01
6.72349142e-02
0.00000000e+00
4.88774767e-02
6.40233559e-01
-3.63958766e-01
6.47360842e-01
1.91640168e-01
-2.85043116e-01
1.20415036e-01
-1.39656452e+00
-6.02186261e-02
5.37113850e-01
-5.69463045e-01
0.00000000e+00
0.00000000e+00
0.00000000e+00
2.91799721e-01
-8.82653658e-01
-5.98014773e-01
6.53565600e-01
-6.10371711e-01
8.03985557e-02
6.76846324e-01
-2.33715365e-01
2.77051252e-01
0.00000000e+00
-1.10121003e-01
1.19357638e+00
-8.61180631e-01
7.58838061e-01
-9.99196241e-02
1.44852500e-01
-1.96117055e-01
-8.35652229e-01
-2.54730828e-01
3.60854325e-02
-8.92714423e-02
0.00000000e+00
0.00000000e+00
0.00000000e+00
-7.73616410e-02
-4.28081291e-01
1.17051839e-01
2.32190296e-01
-8.84300874e-01
3.26727955e-01
4.43164827e-01
3.11557931e-01
-1.11158315e-02
0.00000000e+00
3.63194052e-01
1.78744156e-01
-9.89140097e-01
2.75673842e-01
3.26483754e-01
2.11589514e-01
3.21498542e-01
-5.59691924e-01
-2.77074396e-01
2.96179048e-02
136
-2.68708094e-01
0.00000000e+00
0.00000000e+00
1.00883154e-02
1.24443091e-02
-7.73896468e-03
1.00851571e-02
-2.70493155e-01
3.55123465e-04
0.00000000e+00
0.00000000e+00
3.88719171e-03
-3.53324750e-01
-1.81166939e-01
4.87747634e-02
3.26190201e-02
1.80502620e-01
0.00000000e+00
0.00000000e+00
0.00000000e+00
3.64887312e-01
2.24300692e-01
-1.33101454e-01
-3.00321163e-01
-2.37548337e-01
-1.97773364e-01
1.08482199e-02
0.00000000e+00
4.13738008e-02
4.28738341e-01
-1.18684052e-01
5.26462354e-01
2.66196631e-01
-1.45964391e-01
-4.71481142e-01
0.00000000e+00
-2.35634254e-01
5.72471483e-01
2.98027305e-01
4.21297068e-02
-2.87623274e-01
-6.05736743e-01
-5.78983859e-01
0.00000000e+00
0.00000000e+00
0.00000000e+00
0.00000000e+00
8.12824308e-01
4.76624364e-01
2.70787510e-01
-2.46854160e-01
0.00000000e+00
3.52904964e-01
1.81396400e-01
2.02643475e-01
-3.37139196e-01
0.00000000e+00
9.85579077e-01
2.98549365e-01
3.78566846e-01
-5.08952295e-01
-6.08644430e-01
-9.17674736e-01
-2.13984413e-01
-7.34231731e-02
-2.42535952e-01
0.00000000e+00
-1.10389341e-01
-4.94442454e-01
-5.19806983e-03
-1.95176229e-01
0.00000000e+00
-5.53289728e-01
-1.77536934e-01
-7.52500886e-02
-1.31059429e-02
0.00000000e+00
-8.26225707e-01
-7.81860292e-01
-1.38292898e-01
-1.68053595e-01
0.00000000e+00
0.00000000e+00
0.00000000e+00
0.00000000e+00
0.00000000e+00
7.80729725e-01
7.95771864e-01
-6.63622625e-01
0.00000000e+00
0.00000000e+00
0.00000000e+00
7.79921422e-01
-1.46385406e+00
3.19570911e-01
1.04040883e+00
-2.69227230e+00
3.29967569e-01
1.09706192e+00
5.07014161e-01
1.55704564e-01
0.00000000e+00
5.93744833e-01
1.25966892e+00
-1.42921891e+00
4.41842876e-01
5.24409037e-01
8.80706768e-01
4.33762037e-01
-3.23885710e+00
-6.06058327e-01
4.02854220e-01
-7.01339578e-01
0.00000000e+00
0.00000000e+00
0.00000000e+00
1.81834724e-01
-1.30054865e+00
2.28131562e-01
9.35838103e-01
-2.00034247e+00
4.97860596e-01
1.29842744e+00
-3.14504045e-02
4.17011013e-01
0.00000000e+00
5.22292035e-01
1.20263271e+00
-1.14089607e+00
8.15460177e-01
3.00974722e-01
3.89816070e-01
1.34401955e-01
-2.57763928e+00
-6.98984223e-01
1.23840403e-01
12 1
-7.2996e-01 4.1831e-01
8 1
0 1 4 6 7 8 3 2 
217
-2.50602779e-01
1.70707118e-01
-4.46735757e-02
5.34467731e-02
3.02759404e-01
-4.94634544e-01
-1.28431447e-01
-3.53180956e-01
-5.51994304e-01
5.66540730e-01
-1.65115326e-01
4.18693040e-01
2.92178895e-01
5.10296509e-01
0.00000000e+00
0.00000000e+00
0.00000000e+00
0.00000000e+00
0.00000000e+00
0.00000000e+00
0.00000000e+00
0.00000000e+00
0.00000000e+00
-2.86468301e-01
8.08730825e-04
8.70106203e-02
0.00000000e+00
0.00000000e+00
-7.05681398e-01
-5.90933082e-01
-6.20850997e-01
7.42661625e-01
5.43618969e-01
3.80582105e-01
0.00000000e+00
0.00000000e+00
0.00000000e+00
2.38765986e-01
-2.77918142e-02
-3.12271905e-01
-1.42892108e-01
3.64644483e-02
4.59754452e-02
-8.88528307e-02
-2.48480085e-01
-2.86577553e-01
1.51269276e-01
-7.54476877e-02
1.96598874e-01
5.19171582e-01
-3.88703529e-01
6.98336359e-02
0.00000000e+00
-4.83743134e-01
2.54146739e-01
3.68609579e-01
0.00000000e+00
2.14141855e-01
-4.02774199e-01
-3.49425235e-02
1.83338689e-01
-9.71959575e-03
-4.24221872e-01
0.00000000e+00
-5.41360942e-01
-4.56464903e-01
3.43772724e-01
-1.89056910e-01
-5.27269707e-02
4.89306364e-01
0.00000000e+00
-1.92594070e-01
-1.20803843e-01
6.64310535e-02
5.72195424e-02
-1.24439762e-01
3.14948129e-01
0.00000000e+00
-4.37474827e-01
-1.97386656e-01
1.69640900e-03
-6.37298017e-02
1.85200456e-01
1.52546098e-01
0.00000000e+00
-6.22160649e-02
-2.62274439e-01
-3.52141948e-01
-1.43340567e-01
1.63874656e-01
2.18945290e-01
0.00000000e+00
1.94660581e-01
-1.29247195e-02
-3.44312910e-01
-4.99895073e-01
-1.00950450e-01
-1.58028569e-01
0.00000000e+00
9.85274812e-02
-1.56614757e-01
-2.31192730e-01
1.98972142e-01
-1.17649939e-01
-8.07755000e-02
0.00000000e+00
3.71850763e-01
-2.50792935e-01
-1.89757062e-01
-4.04188103e-01
-4.32408890e-01
-2.28239080e-01
0.00000000e+00
-4.95542335e-01
-2.20504051e-01
2.05255228e-01
-3.03480168e-01
4.94087392e-02
9.09213449e-02
2.66682784e-01
8.78332037e-01
-5.76290631e-01
0.00000000e+00
0.00000000e+00
0.00000000e+00
2.14352176e-01
-1.32081143e+00
-8.30670185e-02
8.32138195e-01
-1.91698732e+00
-5.03529861e-02
8.56465130e-01
2.20972766e-01
6.24730210e-01
0.00000000e+00
1.11297827e-01
1.12030890e+00
-1.35878537e+00
7.61418643e-01
9.05388252e-02
8.30194042e-01
4.20651145e-01
-1.86128307e+00
-5.87946961e-01
5.19875670e-01
-3.90668559e-01
0.00000000e+00
0.00000000e+00
0.00000000e+00
4.12139887e-01
9.53309122e-02
2.94436967e-01
2.39034684e-01
-1.33856291e+00
8.39158984e-02
3.00670875e-01
4.84468844e-01
-2.28153330e-01
0.00000000e+00
2.12823508e-01
1.64618950e-01
2.41882134e-02
-2.91117059e-01
2.39322600e-01
2.91026119e-01
1.19460419e-01
-1.29660807e+00
-1.95631027e-02
-1.78101960e-01
-2.97058023e-01
0.00000000e+00
0.00000000e+00
0.00000000e+00
2.88905123e-01
-5.29952725e-01
-7.57974333e-02
9.97887831e-01
-1.45594993e+00
8.90940128e-02
1.24530381e+00
-1.89509475e-01
3.47136891e-01
0.00000000e+00
8.22839856e-02
1.00525187e+00
-1.41049960e+00
6.15815185e-01
1.53864460e-01
4.02177562e-01
2.46985168e-01
-1.56716420e+00
-5.85892471e-01
4.30019122e-02
-2.59026807e-01
0.00000000e+00
0.00000000e+00
0.00000000e+00
-7.00792615e-02
-5.64142945e-01
3.60419315e-01
-2.50707274e-03
-1.26463458e+00
2.69829754e-01
-1.92781436e-02
-6.43475395e-02
8.05903086e-02
0.00000000e+00
3.76547482e-01
1.53374329e-01
1.75247248e-01
1.84033973e-01
4.87976373e-01
4.18450004e-03
-7.61584342e-02
-3.27067711e-01
6.51136515e-02
-2.81280496e-02
136
-3.86960092e-01
0.00000000e+00
0.00000000e+00
0.00000000e+00
0.00000000e+00
-7.79163528e-03
1.78132072e-02
-3.26314365e-01
6.44222619e-05
0.00000000e+00
0.00000000e+00
3.80141969e-02
-3.59089324e-01
-1.19758951e-01
-5.95867566e-02
-1.74871727e-02
1.30947916e-01
0.00000000e+00
0.00000000e+00
0.00000000e+00
3.32453252e-01
2.62579556e-01
-1.02194739e-01
-2.72078623e-01
-2.53045125e-01
-2.58353983e-01
-9.63204293e-02
-1.98884908e-02
-9.23598327e-02
4.65799346e-01
-1.42522790e-01
5.22484314e-01
1.69956404e-01
-1.61286664e-01
-4.11999950e-01
-1.90335267e-02
-3.74820012e-01
6.62810829e-01
3.36852353e-01
5.35273914e-02
-3.72156242e-01
-4.99696496e-01
-5.04626725e-01
0.00000000e+00
0.00000000e+00
0.00000000e+00
0.00000000e+00
9.99597497e-01
6.04616839e-01
2.76512492e-01
-2.31345549e-01
0.00000000e+00
-1.32289994e-01
6.70399609e-02
1.22897997e-01
-3.31599648e-01
0.00000000e+00
8.16166110e-01
3.09673666e-01
3.22264764e-01
-5.39196399e-01
-4.80817135e-01
-8.38269499e-01
-1.69101934e-01
-7.80561738e-02
-3.09677676e-01
0.00000000e+00
-8.68664801e-04
-4.59494068e-01
4.34319904e-02
-1.89944480e-01
0.00000000e+00
-4.68030336e-01
-1.95043314e-01
-4.64648371e-02
1.68211854e-02
0.00000000e+00
-7.53178841e-01
-7.58397424e-01
-1.16615313e-01
-1.46418423e-01
0.00000000e+00
1.19288958e-01
-1.48515935e-01
2.01897352e-01
-2.86296116e-01
8.33204248e-01
8.40051712e-01
-6.20768354e-01
0.00000000e+00
0.00000000e+00
0.00000000e+00
7.45443742e-01
-1.55598504e+00
3.15921407e-01
1.00058978e+00
-2.68892721e+00
4.70582775e-01
1.11491507e+00
4.85547802e-01
2.09485878e-01
0.00000000e+00
6.76155283e-01
1.25781591e+00
-1.46405483e+00
4.66455987e-01
5.28830646e-01
7.70468043e-01
3.32514608e-01
-3.17902802e+00
-5.73799532e-01
4.66299339e-01
-6.72859329e-01
0.00000000e+00
0.00000000e+00
0.00000000e+00
1.88992857e-01
-1.32473746e+00
4.73332640e-02
9.26199011e-01
-1.84049858e+00
4.54259020e-01
1.27917197e+00
4.56187096e-02
4.09321904e-01
0.00000000e+00
5.42565415e-01
1.19797457e+00
-1.22334697e+00
8.56597109e-01
1.78738826e-01
4.16895114e-01
1.60275684e-01
-2.44891312e+00
-7.17471290e-01
1.78164637e-01
13 1
-7.8975e-01 4.3086e-01
8 0
0 1 4 6 7 8 3 2 
217
-2.72956685e-01
-1.15752005e-01
1.32149658e-01
4.50682510e-02
1.94541959e-01
-7.41297941e-02
-5.12773406e-03
-4.61795866e-02
-2.97692394e-01
3.80791207e-01
-1.39846589e-01
1.75853517e-01
-2.48319261e-02
7.37641518e-01
0.00000000e+00
0.00000000e+00
0.00000000e+00
0.00000000e+00
0.00000000e+00
0.00000000e+00
8.95619299e-03
2.03790477e-02
-3.53638492e-03
-3.00392384e-01
-1.91860449e-04
5.46476245e-02
0.00000000e+00
0.00000000e+00
2.92265963e-01
4.47261676e-01
4.28619339e-01
-5.28509355e-01
-5.07610433e-01
-4.04983875e-01
0.00000000e+00
0.00000000e+00
0.00000000e+00
2.41750495e-01
-3.13171212e-02
-1.56397905e-01
-2.47641387e-01
-1.26644761e-01
-3.55619403e-02
8.28559359e-02
0.00000000e+00
-7.78372578e-02
1.34420316e-01
-2.43220376e-01
1.17202394e-01
7.06713828e-01
-2.33367487e-01
1.33013348e-01
0.00000000e+00
-4.86196036e-01
6.00734616e-01
3.57384852e-01
0.00000000e+00
8.95093480e-02
-3.62156894e-01
-3.16149792e-01
1.12154571e-01
-1.72383664e-01
-2.12727592e-01
0.00000000e+00
-4.36174598e-01
-8.79756888e-02
2.55130713e-01
1.77079377e-01
-9.19127998e-02
2.56783299e-01
0.00000000e+00
-3.41466068e-01
-2.45258861e-01
1.96063919e-01
-4.31604968e-01
-1.25405337e-01
8.76073030e-02
0.00000000e+00
-3.23651988e-01
-4.62005563e-01
7.70025069e-02
-2.69627685e-01
-2.50364825e-02
3.07437284e-01
0.00000000e+00
-3.06246305e-02
-3.21444389e-02
5.31085569e-02
-2.23750577e-01
-2.95426589e-01
-1.00503860e-02
0.00000000e+00
3.33882973e-01
-4.51265007e-01
-4.10315496e-01
4.34019157e-02
-1.94374962e-01
-2.18152140e-01
0.00000000e+00
-8.66993343e-02
3.39091703e-02
-1.66889373e-01
-1.06491699e-01
-1.93679773e-02
-3.48623279e-01
0.00000000e+00
2.78199447e-01
-5.83456187e-02
-3.61323792e-01
-5.66693422e-01
-1.89832340e-01
-1.92039840e-01
0.00000000e+00
-3.76273877e-01
-2.90144004e-01
2.84558510e-01
-3.40820535e-01
-1.79092119e-01
-1.76782151e-01
2.59499879e-01
8.07368939e-01
-4.40495533e-01
0.00000000e+00
0.00000000e+00
0.00000000e+00
4.09088274e-01
-1.08117258e+00
2.62963427e-01
6.64808582e-01
-1.51163270e+00
1.44784320e-01
1.14313757e+00
3.51518658e-01
-8.04447352e-01
0.00000000e+00
5.50615449e-01
1.04780246e+00
-9.41317974e-01
1.32261386e-01
1.68262879e-01
7.69794522e-01
2.37626700e-01
-1.67797982e+00
-5.16131495e-02
-2.54996200e-01
-4.33073772e-01
0.00000000e+00
0.00000000e+00
0.00000000e+00
1.48036487e-01
-5.42251079e-01
-1.69133404e-01
3.29933519e-01
-7.56372787e-01
2.17023194e-01
1.53517682e-01
1.32398069e-01
6.59026549e-01
0.00000000e+00
6.77710520e-02
2.33393784e-01
-4.62512473e-01
1.05281801e-01
7.19988301e-02
1.06798840e-01
1.22368364e-01
-9.82396115e-01
-5.91577503e-01
7.23621419e-01
-3.01026567e-01
0.00000000e+00
0.00000000e+00
0.00000000e+00
-4.42982831e-01
-6.49766242e-01
-2.02573100e-01
1.18228926e+00
-1.28287861e+00
3.86116985e-01
1.28900169e+00
-1.00370369e+00
4.73089159e-01
0.00000000e+00
1.37533620e-01
9.41177185e-01
-1.14545360e+00
3.55938587e-01
5.81077649e-01
3.17557815e-01
4.21126836e-04
-1.25792639e+00
-3.13114573e-01
3.33169401e-01
-3.52167146e-01
0.00000000e+00
0.00000000e+00
0.00000000e+00
6.62283675e-01
-3.41044136e-01
3.23488607e-02
7.40949852e-02
-9.76532656e-01
-1.34967123e-01
9.33043310e-02
6.14412306e-01
-1.93170047e-01
0.00000000e+00
2.42722688e-01
9.21132709e-02
-6.84803461e-01
5.87363880e-01
-1.78560633e-01
5.01233997e-02
4.11598177e-02
9.07313341e-03
-2.71653152e-01
-7.04362859e-02
136
-3.08546584e-01
0.00000000e+00
0.00000000e+00
0.00000000e+00
0.00000000e+00
3.82530593e-03
5.73931034e-03
-3.09744457e-01
9.65301273e-05
0.00000000e+00
0.00000000e+00
-1.54005774e-01
-4.30342883e-01
-2.00483452e-01
1.38593410e-01
1.05079268e-01
2.32612848e-01
0.00000000e+00
0.00000000e+00
0.00000000e+00
3.44724194e-01
1.91021750e-01
-1.09575100e-01
-2.36073483e-01
-2.09259690e-01
-2.67245499e-01
-2.21387555e-02
-1.69764539e-01
4.98187017e-02
4.75598569e-01
-7.04088356e-02
4.44726528e-01
1.86875918e-01
-1.85730153e-01
-4.83117700e-01
2.83226786e-02
-2.85205693e-01
5.64146195e-01
3.73366036e-01
8.13716501e-02
-2.76362686e-01
-6.04385844e-01
-4.37797409e-01
0.00000000e+00
0.00000000e+00
0.00000000e+00
0.00000000e+00
6.34285085e-01
4.37006647e-01
2.30597475e-01
-2.29614771e-01
0.00000000e+00
5.73831761e-02
1.64183337e-01
1.35889018e-01
-2.89042265e-01
0.00000000e+00
9.36044326e-01
3.42414697e-01
3.53999276e-01
-5.27897791e-01
-5.17677508e-01
-8.59125996e-01
-2.05853899e-01
-6.42240733e-02
-2.75942009e-01
0.00000000e+00
9.07107318e-03
-4.53331842e-01
2.62172668e-02
-2.56263335e-01
0.00000000e+00
-6.24917621e-01
-2.91975791e-01
-6.00274639e-02
-1.48616701e-01
0.00000000e+00
-6.08826387e-01
-7.00544103e-01
-7.93370491e-02
-1.63987916e-01
0.00000000e+00
8.41719913e-02
-1.35088292e-01
1.91254864e-01
-2.04840635e-01
8.10919897e-01
8.29109938e-01
-6.27298272e-01
0.00000000e+00
0.00000000e+00
0.00000000e+00
7.95767426e-01
-1.49247737e+00
3.08240590e-01
9.88600500e-01
-2.68505463e+00
3.32266927e-01
1.07930514e+00
5.48866772e-01
2.36284520e-01
0.00000000e+00
6.13860653e-01
1.28034501e+00
-1.38100160e+00
4.57556819e-01
5.30461330e-01
8.49952747e-01
3.85336644e-01
-3.19137866e+00
-6.16194684e-01
3.31963591e-01
-6.54776898e-01
0.00000000e+00
0.00000000e+00
0.00000000e+00
1.04619339e-01
-1.38152207e+00
1.66584780e-01
9.18782070e-01
-1.83835303e+00
5.07165724e-01
1.19263862e+00
-2.12003046e-02
4.38883050e-01
0.00000000e+00
5.36876780e-01
1.17565186e+00
-1.16121942e+00
7.84715944e-01
3.30264694e-01
4.40684149e-01
1.95814591e-01
-2.50436212e+00
-6.50923884e-01
1.10122328e-01
5 1
-7.3211e-01 4.3292e-01
8 0
0 1 4 6 7 8 3 2 
217
-6.42968686e-01
5.15670830e-02
3.30148312e-01
-1.60023618e-01
-3.97065373e-01
-6.71209706e-02
-2.34104538e-01
1.37390085e-02
-2.67104596e-01
2.24312866e-01
-5.63565122e-02
1.49891454e-01
3.11662333e-01
-1.05809231e-01
0.00000000e+00
0.00000000e+00
0.00000000e+00
0.00000000e+00
0.00000000e+00
0.00000000e+00
0.00000000e+00
0.00000000e+00
0.00000000e+00
-6.85267266e-01
4.44521100e-05
4.74560860e-01
0.00000000e+00
0.00000000e+00
2.35759670e-01
-4.33627374e-01
-2.60749517e-01
1.29613013e-01
-5.50492742e-02
-2.58915202e-01
0.00000000e+00
0.00000000e+00
0.00000000e+00
3.81053197e-02
-1.45281591e-02
-1.92410784e-01
-2.00323434e-01
-1.60052317e-01
2.17479290e-02
-1.35507240e-01
-6.20381749e-01
-1.56891482e-01
2.05220763e-02
-6.34298395e-02
2.96330158e-01
3.43288118e-01
-9.72694312e-02
1.44523871e-01
0.00000000e+00
-6.14143308e-01
3.54586896e-01
3.92538081e-01
0.00000000e+00
1.59265125e-02
-9.58983006e-01
1.20647158e-01
-6.42222579e-02
-2.44734364e-01
-3.34012063e-01
0.00000000e+00
-8.25427796e-01
-3.17853820e-01
2.84023125e-01
-4.45365279e-02
-1.01564015e-01
6.97105028e-01
0.00000000e+00
-5.56104491e-01
-2.58147622e-01
5.47457216e-02
4.59486689e-02
-1.41609916e-01
4.08511759e-01
0.00000000e+00
-6.38151557e-01
-3.52885747e-01
6.09806788e-02
-1.13915249e-01
-1.24564151e-01
1.19883999e-01
0.00000000e+00
-1.33308278e-01
-3.13313378e-01
3.78636378e-02
-6.68649982e-02
-5.47524045e-01
2.02381959e-02
0.00000000e+00
2.13270873e-01
-2.74837851e-01
-4.97512082e-01
-9.80923947e-02
-3.58727477e-01
-4.18901525e-01
0.00000000e+00
1.53799109e-01
1.85027194e-01
-5.60316333e-01
1.71446304e-01
-2.36451461e-01
-5.42531525e-01
0.00000000e+00
2.83102515e-01
-4.15079360e-02
-7.90029556e-01
-7.21743393e-01
-1.36041645e-01
-1.87601602e-01
0.00000000e+00
-7.06916519e-01
-1.91780180e-01
-2.54228025e-01
-7.10935325e-02
3.70823828e-01
2.08444990e-01
2.82164929e-01
7.67011926e-01
-5.48716352e-01
0.00000000e+00
0.00000000e+00
0.00000000e+00
3.88579275e-01
-9.28798707e-01
2.50169158e-01
1.77373526e-01
-1.40631186e+00
2.43758856e-02
8.30657150e-01
8.02206451e-02
-2.28882199e-01
0.00000000e+00
4.70597690e-01
1.43295183e+00
-5.26945438e-01
2.95477613e-01
1.25967910e+00
4.69638217e-02
-6.91642893e-01
-1.71561598e+00
-5.10302826e-01
2.02737848e-01
-3.01841214e-01
0.00000000e+00
0.00000000e+00
0.00000000e+00
2.20303650e-01
-8.67273999e-01
-1.62016627e-02
4.60226681e-01
-1.07948896e+00
3.88060461e-01
5.24595612e-01
2.53593911e-01
6.76451020e-01
0.00000000e+00
2.69222332e-01
1.43828832e-01
-2.03163449e-01
3.84468232e-01
-7.71484011e-01
3.26076322e-01
4.48920636e-01
-1.58468091e+00
1.41714916e-01
-1.70108300e-02
-3.47887666e-01
0.00000000e+00
0.00000000e+00
0.00000000e+00
1.42193812e-01
-1.03947473e+00
1.68992976e-01
1.06486868e+00
-7.81384245e-01
7.07533488e-01
1.50038595e+00
2.59778687e-02
-2.06939062e-01
0.00000000e+00
4.37274251e-01
6.49895215e-01
-1.09913838e+00
6.87278458e-01
-2.73574325e-01
1.80436269e-01
-2.73849009e-01
-1.00690504e+00
-1.01912182e+00
-2.12338030e-01
-2.11625431e-01
0.00000000e+00
0.00000000e+00
0.00000000e+00
5.97594316e-02
-6.60772533e-02
-2.22553930e-01
-1.05062792e-01
-1.21932345e+00
-1.43187863e-01
-1.32659020e-01
1.39888860e-01
1.24220394e-01
0.00000000e+00
2.70778731e-02
4.24630567e-01
-2.40961834e-01
2.60724281e-01
3.92917548e-01
2.66098588e-01
2.93971916e-01
-7.04004346e-01
4.15878132e-01
2.17037470e-01
136
-2.47373631e-01
0.00000000e+00
0.00000000e+00
0.00000000e+00
0.00000000e+00
-3.63143316e-04
-1.17025301e-03
-2.23058246e-01
4.02889964e-05
0.00000000e+00
0.00000000e+00
-1.49161189e-01
-2.99910931e-01
-9.30450348e-02
1.12456520e-01
4.57650191e-02
1.36521984e-01
0.00000000e+00
0.00000000e+00
0.00000000e+00
3.85796237e-01
1.81630855e-01
-1.09066069e-01
-2.39996284e-01
-2.26324781e-01
-1.97551864e-01
-4.18617245e-02
-2.28989341e-02
-2.97071571e-03
4.21825604e-01
2.12329486e-02
3.94940637e-01
2.54104266e-01
-2.51226071e-01
-3.31078567e-01
9.59924783e-02
-2.74827129e-01
4.04911764e-01
2.91819118e-01
1.13290603e-01
-3.06671387e-01
-5.33214416e-01
-5.22603830e-01
0.00000000e+00
0.00000000e+00
0.00000000e+00
0.00000000e+00
6.26685610e-01
3.98864511e-01
2.03413861e-01
-2.03893512e-01
0.00000000e+00
2.68285720e-01
1.29391317e-01
1.67866731e-01
-2.96409809e-01
0.00000000e+00
9.20210269e-01
3.27248142e-01
3.42985594e-01
-5.38562283e-01
-5.56522403e-01
-8.68275041e-01
-1.80479175e-01
-5.54949297e-02
-2.76520201e-01
0.00000000e+00
3.06549722e-02
-3.89301577e-01
2.52741096e-02
-2.72958738e-01
0.00000000e+00
-5.22826919e-01
-2.00863772e-01
-6.31211190e-02
-1.82497237e-01
0.00000000e+00
-6.81440330e-01
-6.19369718e-01
-1.15044976e-01
-1.08698864e-01
0.00000000e+00
3.44838676e-02
-1.47272784e-01
1.52542609e-01
-2.02568077e-01
7.65170943e-01
8.24609434e-01
-6.66089976e-01
0.00000000e+00
0.00000000e+00
0.00000000e+00
8.08079677e-01
-1.45985205e+00
2.71968492e-01
1.04094695e+00
-2.61125253e+00
3.00483170e-01
1.02751202e+00
5.60745908e-01
1.74790828e-01
0.00000000e+00
5.78820185e-01
1.25590967e+00
-1.56089687e+00
3.44804919e-01
5.26466445e-01
8.55931155e-01
4.31423200e-01
-3.06565491e+00
-5.83567064e-01
4.37250821e-01
-6.54993819e-01
0.00000000e+00
0.00000000e+00
0.00000000e+00
1.77870942e-01
-1.34971837e+00
1.62432048e-01
9.58096661e-01
-1.87508430e+00
4.41212733e-01
1.25543277e+00
-5.90351561e-02
4.18015136e-01
0.00000000e+00
5.20087059e-01
1.16302400e+00
-1.17811990e+00
8.05492037e-01
2.89611928e-01
3.70213486e-01
1.79506696e-01
-2.33030697e+00
-6.98440701e-01
9.47160819e-02
10 1
-1.0093e+00 4.8486e-01
8 0
0 1 4 6 7 8 3 2 
217
-2.95618187e-01
-3.97868366e-02
9.30262958e-02
-9.53777951e-02
2.31899260e-01
-7.44165592e-01
-5.24499698e-01
-1.83363487e-01
-4.73441307e-01
3.41223318e-01
3.57052056e-01
1.72265289e-01
1.13371503e-01
7.66998787e-01
0.00000000e+00
0.00000000e+00
0.00000000e+00
0.00000000e+00
0.00000000e+00
0.00000000e+00
0.00000000e+00
0.00000000e+00
0.00000000e+00
-3.13197257e-01
-7.01479429e-04
4.16797485e-01
0.00000000e+00
0.00000000e+00
-4.07678733e-01
-1.92234061e-02
9.84237056e-02
9.70073464e-02
3.54331093e-02
-9.95802092e-02
0.00000000e+00
0.00000000e+00
0.00000000e+00
8.64652487e-02
-6.66350602e-03
-1.97072593e-01
-7.12392599e-02
-7.44281067e-02
6.03557763e-03
-3.87155476e-02
0.00000000e+00
-4.49509376e-01
-3.32411363e-02
5.63431981e-02
4.20497169e-01
2.72192704e-01
-4.99049082e-01
2.02368527e-01
0.00000000e+00
-6.11982384e-01
1.85803553e-01
4.12956349e-01
0.00000000e+00
3.98288284e-02
-3.56535585e-01
6.31806617e-02
-2.32901016e-02
7.21961804e-02
-3.44524265e-01
0.00000000e+00
-2.80996695e-01
-1.18639092e-01
4.72807279e-02
9.50484827e-02
-6.19022192e-02
3.90691367e-01
0.00000000e+00
-3.27444672e-01
-3.00325070e-01
1.56185260e-01
-1.26211928e-01
-1.24358774e-01
2.96209016e-01
0.00000000e+00
-4.33954550e-01
-6.51510770e-01
5.45199137e-02
-1.63196697e-01
8.94916958e-02
2.38111844e-01
0.00000000e+00
-1.63720539e-02
-1.54646627e-01
2.31623640e-02
-1.16295307e-01
-2.88382555e-01
8.52893151e-02
0.00000000e+00
1.83499003e-01
-3.29480070e-01
-3.33061011e-01
-1.19508140e-01
-1.46056179e-01
-1.35954993e-01
0.00000000e+00
1.84302240e-01
-3.45813174e-01
-4.93245768e-01
3.56094870e-01
1.33253409e-02
-3.60096548e-02
0.00000000e+00
2.81877689e-01
-1.13478257e-01
-4.81499457e-01
-3.18625518e-01
-9.59964178e-02
8.44656881e-03
0.00000000e+00
-6.58148984e-01
-1.91993334e-01
1.34134029e-01
-3.68428296e-01
2.37325767e-01
3.03567640e-01
7.26041896e-01
1.06182484e+00
-7.45848500e-01
0.00000000e+00
0.00000000e+00
0.00000000e+00
7.82992732e-01
-4.53239706e-01
3.82631557e-01
9.79865517e-01
-1.42699633e+00
5.16946600e-02
1.31321904e+00
1.12869387e+00
7.05682801e-01
0.00000000e+00
1.57732592e+00
2.02033952e+00
-1.30149888e+00
1.00977317e+00
8.99440721e-01
1.29415509e+00
5.65477856e-01
-4.29208863e-01
-1.35498019e-01
8.84760563e-01
-9.36052664e-01
0.00000000e+00
0.00000000e+00
0.00000000e+00
9.26883281e-01
6.47851709e-02
6.80915417e-01
7.92368679e-01
3.08341416e-01
1.24898749e+00
7.94835484e-01
6.60237311e-01
4.07302036e-01
0.00000000e+00
6.60562164e-01
3.96220209e-01
2.75570855e-01
4.62099908e-01
7.16081747e-01
8.06898692e-01
8.17294823e-01
-4.18266484e-01
4.22922609e-01
7.79140109e-01
-8.75678675e-02
0.00000000e+00
0.00000000e+00
0.00000000e+00
-4.72971807e-01
-7.65828228e-01
-4.29085470e-01
6.62228114e-01
-8.16906971e-01
5.10112468e-01
1.11470170e+00
-3.77086067e-03
-5.50147333e-01
0.00000000e+00
6.59485844e-01
1.26203329e+00
-1.66055073e+00
8.71843341e-01
5.89241563e-02
5.92561007e-01
-1.06545928e-01
-7.98225931e-01
-1.53523254e-01
-6.19012726e-02
-3.99287222e-01
0.00000000e+00
0.00000000e+00
0.00000000e+00
4.99909285e-01
-6.37573338e-01
2.50704097e-01
3.39443594e-01
-9.51208553e-01
1.33135588e-01
1.11204613e-01
9.17946245e-02
4.22493620e-01
0.00000000e+00
-2.62173632e-01
1.53280905e-01
-1.70295453e-01
3.78867743e-02
1.54546238e-01
5.18684895e-02
2.80572600e-01
-7.40232564e-01
-3.17537542e-01
1.52893432e-01
136
-2.83655109e-01
0.00000000e+00
0.00000000e+00
0.00000000e+00
0.00000000e+00
8.48644840e-03
-1.60039815e-03
-2.84412249e-01
1.07323615e-04
0.00000000e+00
0.00000000e+00
-2.71020279e-02
-3.42212909e-01
-1.66028402e-01
1.09016408e-01
2.12366291e-02
1.21435192e-01
0.00000000e+00
0.00000000e+00
0.00000000e+00
3.54164848e-01
1.27335284e-01
-9.92889266e-02
-2.08016678e-01
-1.63163851e-01
-1.79617728e-01
-1.15068057e-01
-7.51862246e-02
4.69420601e-02
4.75275195e-01
-1.48451749e-02
4.97464025e-01
2.07087767e-01
-2.25204282e-01
-4.13258301e-01
-8.47257863e-03
-2.84167427e-01
5.13375112e-01
3.51566078e-01
7.92592467e-02
-3.08950379e-01
-5.34190090e-01
-5.90350136e-01
0.00000000e+00
0.00000000e+00
0.00000000e+00
0.00000000e+00
7.22478615e-01
4.58657215e-01
2.44262488e-01
-3.11269067e-01
0.00000000e+00
1.85540070e-01
1.50150358e-01
1.49830824e-01
-2.42405736e-01
0.00000000e+00
9.86442329e-01
3.62394963e-01
3.49941446e-01
-5.18100337e-01
-6.03368980e-01
-8.11667838e-01
-1.57045409e-01
-6.15402114e-02
-2.57776366e-01
0.00000000e+00
-1.15710077e-01
-4.70644989e-01
2.10723387e-03
-2.62549321e-01
0.00000000e+00
-5.58032585e-01
-2.05439717e-01
-6.46751621e-02
-1.15111050e-01
0.00000000e+00
-7.49741823e-01
-6.41452784e-01
-1.19562881e-01
-1.49815924e-01
0.00000000e+00
8.30154379e-02
-2.19087137e-01
2.08484593e-01
-1.96522285e-01
7.12535923e-01
8.05422532e-01
-6.90620522e-01
0.00000000e+00
0.00000000e+00
0.00000000e+00
7.59155343e-01
-1.57079018e+00
3.03282649e-01
1.02888312e+00
-2.74911203e+00
3.06697831e-01
1.12116938e+00
5.17134510e-01
2.48587986e-01
0.00000000e+00
5.63434352e-01
1.26496158e+00
-1.38193920e+00
5.06456521e-01
5.20935360e-01
8.17638993e-01
3.60989233e-01
-3.09324979e+00
-5.67311198e-01
3.52455019e-01
-6.73505575e-01
0.00000000e+00
0.00000000e+00
0.00000000e+00
1.69976835e-01
-1.31948483e+00
1.58337444e-01
9.26536358e-01
-1.86115365e+00
3.90328247e-01
1.22159926e+00
3.50462676e-02
4.02398064e-01
0.00000000e+00
4.74583494e-01
1.18042411e+00
-1.15290177e+00
8.35751606e-01
3.39813585e-01
3.98489087e-01
1.68325431e-01
-2.36193468e+00
-7.07666572e-01
2.80261341e-02
9 1
-1.1796e+00 5.0789e-01
8 1
0 1 4 6 7 8 3 2 
217
-1.67922970e-01
1.40144310e-01
-6.64818002e-02
-1.72381375e-01
2.22342067e-01
-4.40862638e-01
-1.33310961e-01
-2.30310867e-01
-5.20139977e-01
4.04743967e-01
-2.75402052e-01
2.08777402e-01
5.38587953e-01
-7.16618072e-02
0.00000000e+00
0.00000000e+00
0.00000000e+00
0.00000000e+00
0.00000000e+00
0.00000000e+00
0.00000000e+00
0.00000000e+00
0.00000000e+00
-1.67922970e-01
-1.51468058e-03
2.52407964e-02
0.00000000e+00
0.00000000e+00
-6.85926196e-01
-1.02417128e-01
3.85020367e-01
3.84072771e-01
3.45133766e-01
-4.93806550e-01
0.00000000e+00
0.00000000e+00
0.00000000e+00
2.26216558e-02
-5.36808026e-02
-1.39071026e-01
1.96878036e-03
-8.94118790e-02
6.71983808e-02
2.24519200e-02
-2.99868822e-01
-3.49443479e-01
1.57913607e-01
-8.81238432e-02
2.08289537e-01
3.62944546e-01
-1.10640686e-01
-7.31296513e-02
0.00000000e+00
-3.47371241e-01
-3.01640043e-02
5.99258229e-01
0.00000000e+00
8.82583757e-02
-2.75595185e-01
1.54162954e-01
6.60972167e-02
1.29533988e-01
-3.63554175e-01
0.00000000e+00
-5.14478861e-01
-3.72188156e-01
3.42975953e-01
-1.20262001e-02
3.57993709e-03
4.17774487e-01
0.00000000e+00
-5.01604390e-01
-3.05585215e-01
2.24458757e-01
-4.58860528e-02
1.09222662e-01
3.69073792e-01
0.00000000e+00
-4.74592417e-01
-3.17368563e-01
1.97572502e-02
-3.99938320e-02
3.68144770e-01
1.84152757e-01
0.00000000e+00
-1.92058791e-01
-4.36351079e-01
6.04882590e-02
-1.82966667e-01
-3.63524379e-02
2.15707287e-01
0.00000000e+00
3.16579654e-01
-1.08525282e-01
-4.69387991e-01
-3.05996074e-02
-1.51146334e-02
-2.38436287e-01
0.00000000e+00
2.82909418e-02
-3.29548703e-01
-2.14423155e-01
2.40154590e-02
1.82092434e-02
1.34227373e-01
0.00000000e+00
3.77267159e-01
-1.53820016e-01
-3.89251405e-01
-2.66337693e-01
-1.55938724e-01
-8.91173474e-02
0.00000000e+00
-2.27787922e-02
9.00223322e-02
-1.06954963e-01
-2.21314078e-01
-3.81892148e-02
1.41822175e-01
9.67708326e-01
1.17055620e+00
-1.23485984e+00
0.00000000e+00
0.00000000e+00
0.00000000e+00
1.80767361e+00
-6.19727432e-01
2.77919923e-01
8.36760298e-01
-1.00430069e+00
1.08172793e+00
1.27313725e+00
1.00119797e+00
4.85469429e-01
0.00000000e+00
9.68692116e-01
1.06940196e+00
-2.04539461e+00
-1.79739079e-01
8.85190709e-01
1.56861199e+00
6.34495971e-01
-3.23436680e-01
-6.27325966e-01
2.28304646e-01
-5.62502205e-01
0.00000000e+00
0.00000000e+00
0.00000000e+00
2.53574163e-01
2.70810252e-01
7.20888340e-01
9.00899589e-01
-1.13310609e+00
4.20843471e-01
6.58604043e-01
7.47743799e-01
5.22607084e-01
0.00000000e+00
7.14153202e-01
8.65948156e-01
1.30831329e+00
1.36978359e+00
4.78677850e-01
3.10453736e-01
5.03710651e-01
-3.45514489e-01
3.48694920e-01
1.00565459e+00
-6.09254209e-01
0.00000000e+00
0.00000000e+00
0.00000000e+00
1.31139217e-01
-9.90306432e-01
-1.28690367e-01
5.26020051e-01
-1.12381475e+00
-1.37156475e-01
8.04224906e-01
-1.13177762e-01
9.86466553e-01
0.00000000e+00
1.17124501e-01
1.10973614e+00
-1.19341259e+00
9.84958858e-01
1.64924912e-01
5.18490704e-01
-5.39898432e-01
-1.36377609e+00
8.11346111e-02
-4.43241760e-01
-7.67769092e-02
0.00000000e+00
0.00000000e+00
0.00000000e+00
1.65112705e-02
-3.42167790e-01
1.06650787e-01
2.95146936e-01
-1.10346115e+00
5.68527699e-01
4.72543795e-01
1.67722188e-01
-2.69963521e-01
0.00000000e+00
3.73853009e-01
1.12795901e-01
-5.86727783e-01
-1.73700284e-01
3.22623236e-01
6.74380885e-02
4.12993817e-01
-4.53562262e-01
-4.23893258e-01
3.59892418e-01
136
-3.29433305e-01
0.00000000e+00
0.00000000e+00
-7.39469658e-03
3.90202797e-03
-1.54158832e-02
8.42856745e-03
-3.03122728e-01
3.89968136e-04
0.00000000e+00
0.00000000e+00
-4.38727763e-03
-3.37542454e-01
-2.18075797e-01
3.88488284e-02
2.72999473e-02
1.64423449e-01
0.00000000e+00
0.00000000e+00
0.00000000e+00
3.70453812e-01
1.59791604e-01
-6.56069681e-02
-2.11241808e-01
-2.17882285e-01
-2.37909171e-01
-1.27038489e-01
-6.74158325e-02
6.65324351e-03
4.33942408e-01
-4.16114361e-02
5.41232298e-01
2.52809027e-01
-2.41515328e-01
-3.28705191e-01
3.17363916e-02
-3.17376244e-01
4.73665827e-01
3.30128245e-01
-6.27735107e-02
-3.01482275e-01
-5.76950811e-01
-4.61770116e-01
0.00000000e+00
0.00000000e+00
0.00000000e+00
0.00000000e+00
5.33369029e-01
4.10745120e-01
2.01797451e-01
-2.53613419e-01
0.00000000e+00
8.33830974e-02
1.29627727e-01
1.32758080e-01
-2.84586514e-01
0.00000000e+00
8.40522121e-01
3.15231629e-01
3.22288104e-01
-5.40191711e-01
-5.78003301e-01
-7.90950124e-01
-1.79904838e-01
-4.09294403e-02
-2.24478830e-01
0.00000000e+00
-1.67376582e-01
-4.32061860e-01
5.25814305e-03
-2.64517158e-01
0.00000000e+00
-4.37228944e-01
-1.70643199e-01
-4.55489026e-02
-1.05361367e-01
0.00000000e+00
-6.05449927e-01
-5.73303566e-01
-9.54055862e-02
-9.89487592e-02
0.00000000e+00
2.22975046e-01
-4.45223181e-02
1.84535387e-01
-4.58312067e-01
7.38527923e-01
7.70659502e-01
-6.74826642e-01
0.00000000e+00
0.00000000e+00
0.00000000e+00
7.44699596e-01
-1.52111063e+00
2.57060681e-01
1.01423221e+00
-2.68437795e+00
3.54198048e-01
1.12511242e+00
4.97096967e-01
2.29490362e-01
0.00000000e+00
6.02123638e-01
1.28862804e+00
-1.49527653e+00
3.70837932e-01
5.33427563e-01
8.21830021e-01
4.04872179e-01
-3.09740415e+00
-5.21022389e-01
4.00755361e-01
-6.65484763e-01
0.00000000e+00
0.00000000e+00
0.00000000e+00
1.96770204e-01
-1.32503211e+00
1.12351246e-01
9.29753268e-01
-1.88247574e+00
4.15217627e-01
1.20775157e+00
4.78565377e-03
4.00400392e-01
0.00000000e+00
4.85834005e-01
1.21363583e+00
-1.22643471e+00
8.81797780e-01
2.73984460e-01
4.00486054e-01
1.43265230e-01
-2.34567668e+00
-6.90236744e-01
1.38337908e-01
