1 3 -999999999 -1 -1
1 1 0 -1 -1
0.2995 -0.8526
356
1.04154872e+00
7.36689556e-01
0.00000000e+00
-2.51794282e-01
7.75514801e-02
-3.40845067e-01
-2.94513572e-01
0.00000000e+00
0.00000000e+00
2.46441994e-01
-6.52234287e-01
2.92732194e-01
2.99820128e-01
-1.81158137e-01
-5.11284316e-02
-1.95077136e-02
0.00000000e+00
0.00000000e+00
0.00000000e+00
0.00000000e+00
0.00000000e+00
0.00000000e+00
0.00000000e+00
0.00000000e+00
0.00000000e+00
0.00000000e+00
0.00000000e+00
0.00000000e+00
0.00000000e+00
0.00000000e+00
0.00000000e+00
0.00000000e+00
0.00000000e+00
0.00000000e+00
0.00000000e+00
0.00000000e+00
0.00000000e+00
0.00000000e+00
0.00000000e+00
0.00000000e+00
0.00000000e+00
0.00000000e+00
0.00000000e+00
0.00000000e+00
0.00000000e+00
0.00000000e+00
0.00000000e+00
0.00000000e+00
0.00000000e+00
0.00000000e+00
0.00000000e+00
-6.72843971e-01
-1.09280861e+00
9.06711540e-01
0.00000000e+00
0.00000000e+00
0.00000000e+00
0.00000000e+00
9.31716061e-02
-2.27469405e-01
2.97497984e-01
4.52340415e-01
7.67453147e-01
-3.65398951e-01
9.00526349e-02
-2.50176402e+00
0.00000000e+00
0.00000000e+00
-1.43891361e+00
-4.78783010e-02
6.69526099e-01
1.13896211e+00
4.98868234e-04
-9.48754554e-01
7.44169031e-01
2.23855800e-02
-8.27912131e-01
5.97331192e-01
1.78249061e-01
-3.11275907e-01
0.00000000e+00
0.00000000e+00
0.00000000e+00
0.00000000e+00
0.00000000e+00
0.00000000e+00
0.00000000e+00
5.22415657e-01
1.00483367e-01
4.18649701e-01
-6.90868290e-01
-7.94483381e-01
-2.19882013e-01
-2.16430263e-01
-1.25478217e-01
-3.09666562e-01
-4.52555950e-01
-3.86534306e-01
2.27158326e-01
-2.09557419e-01
3.72905560e-01
4.13669555e-01
0.00000000e+00
0.00000000e+00
3.12607664e+00
4.64435618e+00
0.00000000e+00
0.00000000e+00
0.00000000e+00
0.00000000e+00
0.00000000e+00
0.00000000e+00
-1.36610491e-01
-5.19576842e-01
1.50043255e-01
2.05338709e-01
-3.53317571e-01
-1.43040498e+00
2.48925012e+00
-4.44197146e-02
0.00000000e+00
1.02040170e+00
0.00000000e+00
-2.16919298e+00
4.99239434e-01
-5.07869336e-01
-4.40105259e-01
-2.96016803e-01
-1.74664200e+00
-1.38848860e-01
7.61693630e+00
7.14156310e+00
7.22864646e+00
7.42919157e+00
7.17900721e+00
6.94299595e+00
-2.99089441e-01
5.57553441e-01
-5.57053398e-03
1.25369360e-01
-1.19423920e-01
-3.68712422e-01
0.00000000e+00
-3.85704772e-01
-4.94276732e-01
-9.66568320e-01
-1.65433482e+00
-1.00097972e+00
0.00000000e+00
0.00000000e+00
0.00000000e+00
0.00000000e+00
-9.72564635e-01
5.04499735e+00
0.00000000e+00
0.00000000e+00
2.01411336e+00
4.57108294e-01
0.00000000e+00
-1.83875841e+00
-7.14962975e-01
-8.84868518e-01
-1.36956494e+00
-8.79180527e-01
-2.08452792e+00
0.00000000e+00
0.00000000e+00
0.00000000e+00
3.40604837e-01
8.90938215e-01
-9.19591396e-01
1.62732061e-01
-2.44519129e+00
-1.46832206e+00
5.12320582e-01
9.26962851e-01
4.84389388e-01
0.00000000e+00
1.27209605e-03
-4.33829921e-01
-1.04947419e+00
4.07045192e-01
1.60448636e+00
-1.81820904e-01
-5.27384537e-01
-9.61972723e-01
-2.72715057e-01
8.45022581e-01
-1.41951975e-01
0.00000000e+00
0.00000000e+00
0.00000000e+00
3.20593104e-01
-9.35868742e-02
2.09873902e-01
4.37239820e-01
0.00000000e+00
5.85990491e-01
4.61589364e-01
2.44986109e-01
6.36232224e-01
0.00000000e+00
3.61106875e-01
3.00152743e-01
-1.27533176e-01
2.59293470e-01
-4.44249181e-01
5.86541409e-01
3.42460564e-01
1.81628895e-01
1.66716457e-01
-6.93755635e-02
-1.05150914e+00
-2.39567601e-01
0.00000000e+00
8.60905576e-02
2.02761937e-01
2.99297772e-01
3.66760646e-02
-5.75541438e-01
1.32901859e-01
0.00000000e+00
0.00000000e+00
0.00000000e+00
-3.81677203e-01
4.38874428e-01
1.63280521e-01
-5.35627290e-01
0.00000000e+00
-1.76698674e-01
-6.33447648e-01
2.87878311e-01
-1.66140654e-01
0.00000000e+00
-1.83055079e-01
-5.03978697e-01
-3.11112674e-01
-1.33377372e-01
5.47399460e-01
-3.80654470e-01
-2.03541578e-01
8.05181248e-01
3.14903229e-01
4.09078979e-02
-8.11941540e-01
0.00000000e+00
-4.58722790e-01
-3.40654781e-02
-1.03301878e+00
-4.75395374e-01
0.00000000e+00
-9.24006855e-01
-1.15584431e-01
5.08933687e-01
-7.09375822e-02
-9.13391479e-01
-5.57623404e-01
0.00000000e+00
0.00000000e+00
-1.57810133e+00
-1.76404905e+00
0.00000000e+00
0.00000000e+00
0.00000000e+00
-1.04067722e+00
-3.45282793e+00
-1.14525661e+00
-3.70025614e-01
0.00000000e+00
-7.99543608e-01
8.04515361e-01
3.72514478e-01
4.26298615e-01
0.00000000e+00
-6.68397309e-01
1.30351854e+00
8.30801911e-01
1.26597986e+00
-5.32837031e-02
5.16479038e-01
2.16804778e-01
0.00000000e+00
7.93451259e-01
1.78670137e+00
3.75514723e-01
0.00000000e+00
0.00000000e+00
0.00000000e+00
3.29167314e-01
2.76895258e+00
3.93665803e-01
7.39649625e-01
0.00000000e+00
5.52392254e-01
6.55166637e-01
2.71668675e-01
1.25870434e-01
0.00000000e+00
5.97054957e-01
8.82121986e-02
-9.00147701e-01
-3.38626673e-01
-1.37209257e+00
-3.03771332e-01
1.41215787e-01
0.00000000e+00
-2.07245661e-01
-1.79666989e-01
-8.70555573e-01
6.99225711e-02
2.90218968e-01
3.44947850e-02
-2.54791181e-01
1.93213845e-01
1.49253513e-01
-2.72544787e-01
-6.62989477e-01
0.00000000e+00
0.00000000e+00
0.00000000e+00
-1.99112154e-01
-1.29353585e+00
-4.36328594e-01
-1.88914711e-01
0.00000000e+00
-2.99898556e-01
3.33574261e-02
-7.52910581e-01
6.33824412e-01
0.00000000e+00
-5.66243699e-01
6.58056439e-01
8.99112486e-01
5.67598790e-01
6.42478531e-01
8.80374597e-01
1.82781415e-01
0.00000000e+00
6.81254868e-02
1.31269184e-01
-9.40478144e-01
2.66533867e+00
5.75016147e-02
0.00000000e+00
-8.93493472e-01
-9.54791089e-01
7.19586937e-01
0.00000000e+00
0.00000000e+00
4.37720416e-01
-3.17113126e-01
-1.07539838e+00
6.12976168e-02
1.25129450e+00
0.00000000e+00
0.00000000e+00
247
-1.83794413e+00
-5.83419212e-01
0.00000000e+00
-4.16821871e-01
-1.66597341e-01
4.10053587e-02
-9.59284070e-01
-3.59217857e-01
0.00000000e+00
0.00000000e+00
-1.97152139e-02
4.93879744e-01
2.40269041e-01
-1.38516062e+00
0.00000000e+00
0.00000000e+00
0.00000000e+00
0.00000000e+00
0.00000000e+00
0.00000000e+00
0.00000000e+00
0.00000000e+00
0.00000000e+00
0.00000000e+00
0.00000000e+00
0.00000000e+00
0.00000000e+00
0.00000000e+00
0.00000000e+00
0.00000000e+00
0.00000000e+00
0.00000000e+00
0.00000000e+00
0.00000000e+00
0.00000000e+00
0.00000000e+00
0.00000000e+00
0.00000000e+00
0.00000000e+00
0.00000000e+00
0.00000000e+00
-4.90688523e-01
4.01907090e-02
5.80660024e-02
-1.09913219e-02
-7.28808758e-01
8.28870856e-03
-6.76512847e-01
8.56435883e-02
0.00000000e+00
0.00000000e+00
0.00000000e+00
0.00000000e+00
0.00000000e+00
0.00000000e+00
0.00000000e+00
-5.40195679e-01
-8.98840768e-01
-3.98907679e-01
3.34404215e+00
5.17775064e+00
0.00000000e+00
0.00000000e+00
0.00000000e+00
0.00000000e+00
0.00000000e+00
0.00000000e+00
-5.55461518e-01
-3.95115548e-01
-9.73847262e-01
-6.33897492e-01
-5.52504347e-01
-2.07116011e+00
3.10530337e-01
3.89858744e+00
3.53559897e+00
0.00000000e+00
0.00000000e+00
0.00000000e+00
-4.79351347e-01
8.64575817e-01
8.98920707e-01
9.60564964e-01
0.00000000e+00
7.14029431e-01
7.67189514e+00
8.65618191e+00
8.41482891e+00
8.49204150e+00
8.70274950e+00
7.19507994e+00
0.00000000e+00
-8.04030888e-01
-2.69297395e-01
-8.02400516e-02
1.12761283e-02
-8.81224919e-01
0.00000000e+00
0.00000000e+00
1.29765496e-01
6.67624073e-01
0.00000000e+00
0.00000000e+00
0.00000000e+00
-3.07240306e+00
4.99990992e+00
0.00000000e+00
1.23445894e+00
1.21964845e+00
0.00000000e+00
-4.09834321e+00
-1.35066390e+00
-1.85344905e+00
-1.56888874e+00
-1.34846281e+00
-3.20411295e+00
0.00000000e+00
0.00000000e+00
0.00000000e+00
1.46641100e+00
-2.93277389e-01
1.32760537e-01
6.11355822e-01
0.00000000e+00
1.29077060e+00
8.59278206e-01
1.93666994e+00
2.35645055e+00
0.00000000e+00
2.46485091e+00
1.51292584e+00
1.00468511e+00
1.87308370e+00
3.25759557e+00
1.20860720e+00
1.92557940e+00
0.00000000e+00
1.85047571e+00
2.47396235e+00
-1.79890620e+00
-5.67895871e-01
0.00000000e+00
1.14300584e+00
5.66489251e-01
-1.04927952e+00
0.00000000e+00
0.00000000e+00
0.00000000e+00
1.37273713e+00
1.87765199e+00
1.42024107e+00
1.27090629e+00
0.00000000e+00
1.28054792e+00
1.22980512e+00
5.55736680e-01
1.27636509e+00
0.00000000e+00
1.20136170e+00
1.53603788e+00
1.31714758e+00
1.33721206e+00
-8.75726922e-01
1.21778370e+00
1.20201380e+00
0.00000000e+00
5.73053334e-01
4.56542092e-01
-1.23101033e+00
0.00000000e+00
1.82956124e-01
-1.51235333e-01
-1.40520675e+00
-7.82768031e-01
0.00000000e+00
0.00000000e+00
3.51297157e-01
-6.22438720e-01
0.00000000e+00
0.00000000e+00
-6.80819831e-01
-2.91735156e+00
0.00000000e+00
0.00000000e+00
0.00000000e+00
7.39185773e-01
-1.91653841e+00
0.00000000e+00
1.53205707e+00
0.00000000e+00
0.00000000e+00
-1.62810182e-01
6.47214701e-01
0.00000000e+00
0.00000000e+00
2.67567132e+00
3.62358273e+00
0.00000000e+00
0.00000000e+00
2.74404748e+00
7.36461825e-01
5.38437873e-01
0.00000000e+00
2.21381101e+00
2.14783224e+00
-7.67570898e-01
-5.63474322e-01
-4.94931913e-01
-8.97418446e-01
8.28876037e-01
6.35967361e-01
0.00000000e+00
0.00000000e+00
0.00000000e+00
5.49931624e-01
2.19619414e+00
0.00000000e+00
-1.38554329e-02
0.00000000e+00
0.00000000e+00
1.35842951e+00
6.39547151e-01
0.00000000e+00
0.00000000e+00
3.15594044e-01
-1.88654325e-01
0.00000000e+00
0.00000000e+00
-3.13647263e-01
0.00000000e+00
7.34601250e-01
0.00000000e+00
3.13988669e-01
-6.92647984e-01
-2.04096576e-01
6.73170601e-01
-1.99348827e+00
0.00000000e+00
-2.14978066e+00
-1.00541442e+00
1.28702059e+00
0.00000000e+00
0.00000000e+00
-1.14436624e+00
1.41118322e+00
0.00000000e+00
0.00000000e+00
2 -999999999 10 1 -1
1 0 1 1 -1
6.1512e-02 -5.2819e-02
356
5.02704268e-01
0.00000000e+00
0.00000000e+00
0.00000000e+00
0.00000000e+00
0.00000000e+00
0.00000000e+00
0.00000000e+00
0.00000000e+00
0.00000000e+00
0.00000000e+00
0.00000000e+00
0.00000000e+00
0.00000000e+00
0.00000000e+00
0.00000000e+00
-5.90845564e-02
0.00000000e+00
-1.72073960e-02
4.46336889e-01
-1.05512907e+00
-2.26716496e-01
0.00000000e+00
0.00000000e+00
9.56848321e-02
5.49455048e-02
-9.57468178e-02
1.57969566e-01
-6.51238543e-02
2.71960671e-03
4.51968516e-02
8.19924069e-01
-3.17219800e-01
-1.78176512e+00
-1.76632047e+00
-1.75638249e+00
-3.06530771e-01
1.43546004e+00
1.71182082e+00
1.16622915e+00
1.15611509e+00
0.00000000e+00
0.00000000e+00
0.00000000e+00
0.00000000e+00
0.00000000e+00
0.00000000e+00
0.00000000e+00
0.00000000e+00
0.00000000e+00
0.00000000e+00
-7.31764044e-01
-8.76178369e-01
-4.39455340e-01
0.00000000e+00
0.00000000e+00
0.00000000e+00
0.00000000e+00
-5.79703190e-01
1.61307326e+00
1.15877813e+00
-3.79312462e-01
7.45772834e-01
-2.18507425e+00
-7.58391639e-01
-1.37598307e-01
0.00000000e+00
0.00000000e+00
1.13624965e-01
1.86791616e-02
-3.02047555e-01
5.57715232e-01
-6.32898601e-03
-2.53026143e-01
1.74823803e-02
1.49497573e-03
-3.42666937e-01
-1.86118309e-01
1.37059350e-02
-7.58459688e-02
0.00000000e+00
0.00000000e+00
0.00000000e+00
0.00000000e+00
0.00000000e+00
0.00000000e+00
0.00000000e+00
2.45306684e-01
-1.44206665e-01
4.01604249e-01
-5.28221674e-02
-3.13907384e-02
-2.95940257e-01
-2.85312110e-01
-6.06423209e-01
-3.89970883e-01
-4.84917662e-01
-4.51901971e-02
2.81038576e-01
2.03778072e-01
1.38456503e-01
3.81054244e-01
0.00000000e+00
0.00000000e+00
2.80882499e+00
5.36821991e+00
0.00000000e+00
0.00000000e+00
0.00000000e+00
0.00000000e+00
0.00000000e+00
0.00000000e+00
6.33440942e-01
-3.37985908e-01
3.80244616e-01
3.45727570e-01
-6.63703620e-01
-2.66384433e+00
-6.59164594e-01
1.42484778e+00
0.00000000e+00
8.54289126e-01
0.00000000e+00
-9.07975322e-01
-1.83046501e-01
-9.42227179e-01
-6.22651174e-02
-1.43078757e+00
-1.71634773e+00
3.54603891e-01
7.02352540e+00
7.55893513e+00
6.99318763e+00
7.30701522e+00
7.39753990e+00
6.49199094e+00
-5.44978448e-01
4.58628675e-01
1.95093129e-01
-4.86946634e-02
2.56283320e-01
-2.81047435e-02
0.00000000e+00
-6.62425317e-01
-3.55908038e-01
4.40180917e-01
9.46299038e-02
4.42478725e-01
0.00000000e+00
0.00000000e+00
0.00000000e+00
0.00000000e+00
-8.85445436e-01
4.67043737e+00
0.00000000e+00
0.00000000e+00
1.38814970e+00
1.59766512e+00
0.00000000e+00
-3.68151463e+00
-8.73281320e-01
2.92273854e-02
-1.43283941e+00
-1.21322839e+00
-2.30612073e+00
0.00000000e+00
0.00000000e+00
0.00000000e+00
4.14679916e-01
1.51365404e+00
1.51023353e-01
1.34868110e+00
0.00000000e+00
4.60800303e-02
1.54846860e+00
1.63353516e+00
1.78684034e+00
0.00000000e+00
1.07666194e+00
8.40110824e-02
-6.84239477e-01
5.00104119e-01
2.01571360e+00
9.38661028e-01
7.57597072e-01
3.97530171e-01
1.37729836e-01
1.38790975e+00
-5.02545532e-01
0.00000000e+00
0.00000000e+00
0.00000000e+00
-9.32053784e-02
-1.17308721e+00
-1.44659923e-01
4.50275270e-01
0.00000000e+00
1.77343995e-01
-4.70153192e-02
-8.80326511e-01
2.81018615e-01
0.00000000e+00
-1.04126701e-01
3.35686588e-01
8.14324601e-01
5.80595486e-01
-2.75629986e-01
7.55228186e-01
3.44468073e-01
6.91773411e-03
-1.38539775e-01
5.96791189e-02
-1.02089295e+00
-4.35770136e-01
0.00000000e+00
4.60678000e-01
3.19512453e-01
1.02517606e-01
-2.00155989e-02
-5.18272143e-01
4.01939194e-01
0.00000000e+00
0.00000000e+00
0.00000000e+00
2.16051536e-01
9.06256190e-01
-1.22408288e-01
1.61466328e-01
0.00000000e+00
-3.85428380e-02
2.44234805e-02
2.71255059e-01
1.24447474e-01
0.00000000e+00
4.98661915e-01
-6.72556488e-01
-8.37635140e-01
-2.38605368e-01
-6.41909787e-01
-4.89302098e-01
-6.11537085e-01
1.93113282e-01
4.64289536e-01
2.64574581e-01
-5.85122815e-01
0.00000000e+00
-9.35225266e-03
2.65952756e-01
-1.28522778e+00
-4.37511185e-01
0.00000000e+00
0.00000000e+00
-7.70352024e-01
2.19771570e-01
-1.69892309e-01
-4.87390446e-01
-8.47716591e-01
0.00000000e+00
0.00000000e+00
-1.67400917e-01
-1.18400101e+00
0.00000000e+00
0.00000000e+00
0.00000000e+00
-2.94244417e-01
-1.54161940e+00
-6.88543312e-01
-6.08794670e-01
0.00000000e+00
-1.93551556e+00
-1.49725449e+00
1.53642933e+00
1.11838964e+00
0.00000000e+00
-4.69285671e-01
2.08855246e+00
-1.68543018e+00
-5.45585056e-01
1.15092049e+00
8.10150684e-01
4.80788568e-01
4.34112549e-01
6.47938884e-01
7.26974902e-01
-1.16879563e-01
0.00000000e+00
0.00000000e+00
0.00000000e+00
-5.80211952e-01
8.93248041e-02
-1.40744796e+00
7.19730543e-01
0.00000000e+00
-7.96896800e-01
1.73839021e+00
-1.36860974e+00
6.48972230e-02
0.00000000e+00
-2.81603831e-01
-9.15939426e-01
1.87032515e+00
-1.19014391e-01
6.52391843e-01
-1.55721487e-01
-6.71493243e-01
0.00000000e+00
1.70318841e+00
2.73282096e-01
-8.70475125e-02
5.63591095e-02
7.43011069e-01
-2.18894514e-01
-4.67757446e-01
2.54656820e-01
-3.44222628e-02
-1.63875448e-01
-4.63603202e-01
0.00000000e+00
0.00000000e+00
0.00000000e+00
2.39344240e-01
-6.82309684e-01
1.81241699e+00
-1.17696731e+00
0.00000000e+00
1.08098571e+00
-9.57269240e-01
9.38153662e-01
-7.59227741e-02
0.00000000e+00
-4.58956081e-01
1.99314842e+00
2.33912539e-01
-1.33867757e+00
-8.16250476e-01
1.11169972e+00
6.79082618e-01
0.00000000e+00
-1.28944463e+00
-3.93787472e-01
-1.43406622e-01
2.89192983e-01
-3.92121074e-01
-4.04785314e-02
-1.09695349e+00
-2.71317241e-02
-7.81743516e-01
0.00000000e+00
0.00000000e+00
-2.21745268e-01
1.29381883e-01
6.52316612e-02
-1.06982177e+00
-9.80277869e-03
0.00000000e+00
0.00000000e+00
247
-1.76984040e+00
0.00000000e+00
0.00000000e+00
0.00000000e+00
0.00000000e+00
0.00000000e+00
0.00000000e+00
0.00000000e+00
0.00000000e+00
-5.19274232e-02
0.00000000e+00
0.00000000e+00
0.00000000e+00
0.00000000e+00
-1.13254925e+00
0.00000000e+00
-5.57338124e-01
-5.75211127e-01
-1.88616601e-01
-1.71189242e-02
0.00000000e+00
0.00000000e+00
0.00000000e+00
-5.54425101e-01
-4.89852601e-01
-1.49843277e-01
7.39271116e-02
7.51297301e-02
-1.84497013e+00
2.31166480e+00
-2.23653507e+00
-7.14738400e-01
3.65973198e-01
-8.78459386e-01
0.00000000e+00
0.00000000e+00
0.00000000e+00
0.00000000e+00
0.00000000e+00
0.00000000e+00
0.00000000e+00
-1.10341540e+00
1.07323602e-02
-9.17960890e-01
1.25031980e-02
-4.79297645e-02
6.77968640e-03
2.99465655e-01
1.18568866e-02
0.00000000e+00
0.00000000e+00
0.00000000e+00
0.00000000e+00
0.00000000e+00
0.00000000e+00
0.00000000e+00
-4.01994782e-01
-9.95955592e-01
-3.71003631e-01
9.60954969e-01
7.94542720e+00
0.00000000e+00
0.00000000e+00
0.00000000e+00
0.00000000e+00
0.00000000e+00
0.00000000e+00
-1.18037753e-01
-7.25589378e-01
4.56505340e-03
1.23970718e-01
-5.23616805e-01
-1.49208720e+00
3.66968716e-01
2.55942230e+00
1.53084939e+00
1.53418785e+00
0.00000000e+00
0.00000000e+00
-1.35517708e+00
-1.47946753e+00
-3.71840264e-01
-1.28777233e+00
-2.84608778e+00
-8.65563666e-02
6.76215144e+00
6.24594056e+00
6.52695369e+00
6.73854587e+00
6.20803988e+00
5.82001952e+00
4.86742827e-01
1.33776961e+00
4.20501302e-01
4.60854510e-01
9.74153979e-01
1.11115393e-01
0.00000000e+00
3.39953743e-01
-3.47800704e-01
-4.35137742e-01
-4.93282454e-01
-2.44461977e-01
0.00000000e+00
-2.28836624e+00
4.72767919e+00
0.00000000e+00
5.18525842e-01
1.24046358e+00
0.00000000e+00
0.00000000e+00
-1.13683789e+00
-1.59395748e+00
9.21536206e-01
-1.52256453e-01
-2.73079537e+00
0.00000000e+00
0.00000000e+00
0.00000000e+00
9.93087556e-01
8.30503220e-01
-1.47734573e-01
1.10233373e+00
0.00000000e+00
-2.01433707e-01
1.84833460e+00
1.62022976e+00
1.05369502e+00
0.00000000e+00
1.10685165e+00
4.09960359e-01
-4.92774904e-01
9.09166183e-01
1.89963973e+00
6.86332345e-01
-7.10857509e-02
-5.89730993e-01
2.17495979e-01
1.05537608e+00
-1.08104939e+00
-3.50868205e-01
0.00000000e+00
3.82520419e-01
3.07791413e-01
-5.77073446e-01
0.00000000e+00
0.00000000e+00
0.00000000e+00
2.52162734e-01
-1.73438855e-01
2.70014217e-01
1.24733469e-01
0.00000000e+00
1.12951875e-01
3.37685340e-01
2.37330712e-01
-3.37292413e-02
0.00000000e+00
-3.69258798e-01
5.16584165e-01
3.55941015e-02
7.48043889e-01
-8.88429911e-01
7.21166383e-01
8.14136841e-01
5.71868670e-01
0.00000000e+00
2.12488668e-01
-7.30181181e-01
0.00000000e+00
4.10028774e-01
5.11664566e-01
-1.64974598e+00
-7.85969681e-01
0.00000000e+00
0.00000000e+00
-1.10621044e+00
-8.63776299e-01
0.00000000e+00
0.00000000e+00
3.14211990e-02
7.69279754e-01
0.00000000e+00
0.00000000e+00
0.00000000e+00
7.57438875e-01
-6.74315542e-01
-8.82649747e-01
8.02354087e-01
0.00000000e+00
-7.17435106e-01
1.18774912e+00
1.68164639e+00
6.16015346e-01
0.00000000e+00
1.50261814e+00
2.13195386e+00
-7.26090885e-01
-4.44813841e-01
-2.95312793e-01
7.16513285e-01
-1.02138515e-01
0.00000000e+00
-5.34831729e-01
1.02398737e+00
8.16914615e-01
5.39869223e-01
4.01111306e-01
1.94915484e-01
-5.61575671e-02
-4.09357120e-03
0.00000000e+00
0.00000000e+00
0.00000000e+00
2.44526002e-01
3.30367639e-01
-1.02564642e+00
1.91885422e-01
0.00000000e+00
-2.90748803e-01
5.47238154e-01
-2.14332821e-01
6.16175124e-02
0.00000000e+00
-2.20844939e-02
-9.98470540e-01
5.60532870e-01
4.35182828e-01
-6.69915206e-01
-1.34235122e-01
-8.36836744e-02
0.00000000e+00
2.04900290e+00
9.84594558e-01
2.77045392e-01
-3.66733993e-01
2.20129908e-02
6.21766395e-01
-4.76348613e-02
3.81666983e-01
3.05913469e-02
3.51075636e-01
0.00000000e+00
-4.29301845e-01
-7.24021878e-01
3.22833177e-01
0.00000000e+00
6 -999999999 7 1 2
2 0 1 1 1
-6.3785e-04 2.3935e-02
356
2.28685518e-02
0.00000000e+00
0.00000000e+00
0.00000000e+00
0.00000000e+00
0.00000000e+00
0.00000000e+00
0.00000000e+00
0.00000000e+00
0.00000000e+00
0.00000000e+00
0.00000000e+00
0.00000000e+00
0.00000000e+00
0.00000000e+00
0.00000000e+00
2.11571189e-01
-1.88702637e-01
1.87637471e-01
2.72291684e-01
-7.01707629e-01
2.13991444e-01
0.00000000e+00
0.00000000e+00
-3.29823281e-01
-3.10754448e-01
1.17850303e-01
2.42493238e-01
-2.70972651e-03
-8.26907264e-02
2.73037924e-01
7.23746852e-01
-7.00878301e-01
-1.89142878e+00
-1.61694342e+00
-1.07999456e+00
-4.55288876e-01
1.28635985e+00
-7.81292756e-02
1.32881579e+00
7.71318331e-01
7.08876088e-01
-6.86007536e-01
-5.45740268e-01
-4.86760183e-01
9.81059704e-01
7.72313108e-01
4.89952585e-01
-1.00987983e+00
7.64663771e-01
7.39756482e-02
1.32257450e-01
-7.33872368e-01
-4.78931797e-01
0.00000000e+00
0.00000000e+00
0.00000000e+00
0.00000000e+00
-8.06062172e-01
8.15856405e-01
4.55992076e-01
1.98215107e-01
6.27226967e-01
-8.11951177e-01
7.26044883e-02
-8.61559713e-01
-3.26892807e-01
5.89583214e-02
0.00000000e+00
0.00000000e+00
0.00000000e+00
0.00000000e+00
0.00000000e+00
0.00000000e+00
0.00000000e+00
0.00000000e+00
0.00000000e+00
2.28685518e-02
2.59445847e-03
2.02071879e-02
0.00000000e+00
0.00000000e+00
0.00000000e+00
0.00000000e+00
0.00000000e+00
0.00000000e+00
0.00000000e+00
5.62367784e-01
-1.53203810e-01
-3.86295422e-01
-4.81275168e-01
-7.18103739e-03
-2.73829780e-01
1.01714180e-02
-6.37060480e-01
-5.70656562e-01
-3.55354548e-01
4.07528989e-01
-2.13826814e-01
1.11883876e-01
2.03436844e-01
1.83458827e-01
7.25476100e-01
5.20412968e-01
2.50125182e+00
2.57931497e+00
0.00000000e+00
0.00000000e+00
0.00000000e+00
0.00000000e+00
0.00000000e+00
0.00000000e+00
3.42345018e-01
-2.82677423e-01
-7.75741399e-03
3.95869224e-01
-2.28864204e-01
-2.69729847e+00
8.64396236e-01
2.70988477e+00
-7.86020555e-01
-6.79462477e-01
0.00000000e+00
-2.59153072e+00
-1.18313755e-01
-4.17432433e-01
1.05788938e+00
-8.84086130e-02
-1.76334155e+00
-1.00295522e+00
7.39198191e+00
7.42009289e+00
7.44963826e+00
7.50415804e+00
7.11989055e+00
6.84838501e+00
-1.42459517e+00
4.07906124e-01
4.66967961e-01
3.79972633e-01
1.11898752e+00
5.55143161e-01
0.00000000e+00
-3.54006774e-01
-2.09776417e-01
8.38039885e-02
-5.56604174e-01
3.54790495e-01
0.00000000e+00
0.00000000e+00
0.00000000e+00
0.00000000e+00
-2.23884227e-01
2.62342060e+00
0.00000000e+00
0.00000000e+00
2.46752779e-01
1.42107729e+00
0.00000000e+00
0.00000000e+00
-7.21488599e-01
-9.12795758e-01
-1.75689466e+00
-1.64365066e+00
-2.47838326e+00
0.00000000e+00
0.00000000e+00
0.00000000e+00
6.33194579e-01
1.46197095e+00
3.15214134e-01
9.81828390e-01
0.00000000e+00
6.92615393e-02
1.11293078e+00
1.46059335e+00
1.38888479e+00
0.00000000e+00
1.24244966e-01
-4.08936599e-02
-5.21344707e-01
8.53231818e-01
1.97637792e+00
9.49787400e-01
3.30206621e-01
-5.22883295e-01
4.89670084e-01
1.47951931e+00
-5.21042675e-01
0.00000000e+00
0.00000000e+00
0.00000000e+00
3.40089263e-01
-8.69718785e-02
1.32058416e-01
5.15951590e-01
0.00000000e+00
2.51757054e-01
4.34079694e-01
3.53163275e-01
3.51110459e-01
0.00000000e+00
5.48593530e-01
4.26826601e-01
4.80265416e-01
2.89563851e-01
3.25497744e-02
3.74388532e-01
5.48629910e-01
6.58802467e-01
2.71876472e-01
7.06209961e-02
-8.37395898e-01
-3.31198632e-01
0.00000000e+00
0.00000000e+00
0.00000000e+00
-9.83818102e-02
-2.44461892e-02
-2.08370633e-01
2.43469404e-01
0.00000000e+00
0.00000000e+00
0.00000000e+00
-6.99346585e-01
4.88266590e-01
1.32520731e-02
-2.63805398e-01
0.00000000e+00
1.01111219e-01
-4.70948787e-01
4.96249534e-01
6.33042385e-02
0.00000000e+00
-4.99043675e-01
2.43031773e-01
-1.00115366e-01
-1.11548335e-01
-1.55341007e-01
2.08923549e-01
-3.79032716e-02
1.55882393e-01
-2.16864860e-01
8.69331332e-01
-5.06197266e-01
0.00000000e+00
0.00000000e+00
0.00000000e+00
-1.64098737e+00
-3.90289967e-01
0.00000000e+00
0.00000000e+00
0.00000000e+00
4.12571190e-01
-3.10666592e-01
-4.92194565e-01
-1.25069740e+00
0.00000000e+00
0.00000000e+00
0.00000000e+00
-2.55644641e+00
0.00000000e+00
0.00000000e+00
0.00000000e+00
4.32781617e-01
5.91463348e-01
-2.30839954e+00
6.92442978e-01
0.00000000e+00
-1.49643638e+00
8.59620887e-01
5.13844239e-01
1.66731269e+00
0.00000000e+00
7.97619228e-01
1.55166933e+00
-8.07298118e-01
-2.85722621e-01
-1.06104194e+00
2.38759068e-01
-4.52742406e-01
0.00000000e+00
3.78870512e-02
7.88083874e-01
-4.55756323e-01
0.00000000e+00
0.00000000e+00
0.00000000e+00
4.10378513e-01
1.04579481e+00
5.52010305e-01
4.08417583e-01
0.00000000e+00
1.62995607e-01
5.32916355e-01
5.34147149e-01
6.25785759e-02
0.00000000e+00
3.82750258e-01
3.42183950e-01
7.97767169e-01
2.87580114e-01
0.00000000e+00
5.32931360e-01
3.09442091e-01
0.00000000e+00
1.13476084e+00
2.76151059e-01
-8.70011331e-01
-1.96335324e-01
0.00000000e+00
0.00000000e+00
0.00000000e+00
-2.58742968e-02
-4.34184310e-02
-1.27042596e-01
-5.79191125e-01
0.00000000e+00
0.00000000e+00
0.00000000e+00
6.20789681e-01
2.16139651e-01
1.27119166e+00
-3.80034753e-02
0.00000000e+00
6.34830572e-01
-1.68236012e-01
-1.76899788e-01
5.51795636e-01
0.00000000e+00
1.28728605e+00
7.03941815e-01
-7.31515148e-01
6.75354558e-02
0.00000000e+00
1.72952085e-01
-1.43370571e-02
0.00000000e+00
-6.27412653e-02
-8.31655981e-01
-6.73676007e-01
0.00000000e+00
0.00000000e+00
0.00000000e+00
-1.68643508e+00
-7.16460434e-01
0.00000000e+00
0.00000000e+00
0.00000000e+00
-6.43851297e-03
-2.22557153e-01
-4.87464768e-01
-9.69974650e-01
0.00000000e+00
0.00000000e+00
0.00000000e+00
247
-4.38900322e-01
0.00000000e+00
0.00000000e+00
0.00000000e+00
0.00000000e+00
0.00000000e+00
0.00000000e+00
0.00000000e+00
0.00000000e+00
-1.18799691e-01
0.00000000e+00
0.00000000e+00
0.00000000e+00
0.00000000e+00
4.78307784e-01
-9.17208106e-01
4.50963839e-01
2.73439456e-02
-7.57909612e-01
1.02865013e-01
0.00000000e+00
0.00000000e+00
0.00000000e+00
-7.40151186e-01
-7.90431290e-01
4.49327697e-01
-3.47256503e-01
7.65724538e-01
-1.20462486e+00
3.90862008e+00
-3.14289554e+00
-9.24055684e-01
3.60634130e-01
-1.26478146e+00
-4.38900322e-01
0.00000000e+00
-2.37834399e-01
-2.01065923e-01
-4.61992339e-01
6.38976724e-02
2.48434729e-01
0.00000000e+00
0.00000000e+00
0.00000000e+00
0.00000000e+00
0.00000000e+00
0.00000000e+00
-4.38900322e-01
3.45645229e-03
0.00000000e+00
0.00000000e+00
0.00000000e+00
0.00000000e+00
0.00000000e+00
0.00000000e+00
0.00000000e+00
8.98336362e-02
-3.78355058e-01
-1.50325440e-01
1.70202936e+00
1.58474096e+00
0.00000000e+00
0.00000000e+00
0.00000000e+00
0.00000000e+00
0.00000000e+00
0.00000000e+00
2.91890402e-01
-3.86661384e-01
2.84221148e-01
3.29096649e-01
-6.67879770e-01
-1.99159673e+00
4.57388324e-01
1.11525090e+00
0.00000000e+00
9.51055444e-02
0.00000000e+00
-1.61929412e+00
1.11105684e+00
5.99449022e-02
2.73337196e-01
-6.92790857e-01
-2.27381373e+00
8.41793620e-01
6.34740915e+00
6.18649892e+00
6.09256178e+00
6.39085550e+00
5.92976738e+00
5.53981657e+00
1.81702165e-01
9.92634958e-01
1.65658334e-01
3.49892970e-01
8.88588185e-01
7.07761472e-01
0.00000000e+00
4.80206452e-01
-3.62143540e-02
9.51945592e-02
-1.37390401e-01
4.32246825e-01
0.00000000e+00
-1.34316926e+00
3.95978836e+00
0.00000000e+00
9.04268941e-01
9.43437134e-01
0.00000000e+00
0.00000000e+00
-7.18768001e-01
-1.42216168e+00
-6.58105472e-01
-1.36553581e+00
-2.14092968e+00
0.00000000e+00
0.00000000e+00
0.00000000e+00
3.27061920e-01
8.39599342e-01
-4.38541177e-01
5.52763043e-01
0.00000000e+00
-6.60542500e-01
5.95506547e-01
1.14729082e+00
7.66543852e-01
0.00000000e+00
2.81121441e-01
1.03837793e-01
-1.68750424e+00
1.79046586e-01
1.57781433e+00
4.04912563e-01
2.22593644e-02
-1.12515217e+00
-2.62453382e-01
9.84198489e-01
-7.08778237e-01
-7.78147524e-02
0.00000000e+00
0.00000000e+00
0.00000000e+00
-5.31206061e-01
0.00000000e+00
0.00000000e+00
0.00000000e+00
3.85102067e-01
2.09917941e-01
1.89829483e-01
4.35965372e-01
0.00000000e+00
2.74204305e-01
6.26545584e-01
-3.69347044e-02
3.36242272e-01
0.00000000e+00
4.49718817e-01
2.57919660e-01
7.72344323e-01
5.30370210e-01
-9.34030002e-01
2.44237795e-01
3.50195480e-01
0.00000000e+00
1.46473459e-01
-1.13412173e-01
-6.30963484e-01
0.00000000e+00
0.00000000e+00
0.00000000e+00
-1.43215144e+00
-6.40953249e-01
0.00000000e+00
0.00000000e+00
0.00000000e+00
-7.91198194e-01
0.00000000e+00
0.00000000e+00
0.00000000e+00
-2.02364128e+00
0.00000000e+00
0.00000000e+00
0.00000000e+00
-7.89438253e-01
-2.45086543e+00
-1.08416306e+00
2.19374252e-02
0.00000000e+00
-9.79750486e-01
-1.60680078e-01
3.57068210e-01
8.50062697e-01
0.00000000e+00
-8.12188243e-01
1.83727099e+00
-2.05096934e-01
4.22907894e-01
7.08230079e-01
8.83217842e-02
6.73506832e-02
0.00000000e+00
1.36658919e+00
9.71515525e-01
-5.00531476e-01
4.39466104e-02
0.00000000e+00
0.00000000e+00
0.00000000e+00
-1.71740876e-01
0.00000000e+00
0.00000000e+00
0.00000000e+00
4.74171480e-02
8.76470321e-01
-1.22992191e-01
1.12721923e-02
0.00000000e+00
-6.36905482e-02
2.89413098e-01
3.22872681e-01
-1.00168185e-02
0.00000000e+00
3.14364635e-02
-7.25291403e-02
2.35945684e-01
-1.94862657e-01
9.71739091e-02
-2.27060757e-01
9.12546859e-02
0.00000000e+00
1.31115450e-01
1.04441251e-01
-5.44478086e-01
0.00000000e+00
0.00000000e+00
0.00000000e+00
-1.52310981e+00
-7.02052083e-01
0.00000000e+00
0.00000000e+00
0.00000000e+00
-8.21057726e-01
0.00000000e+00
0.00000000e+00
0.00000000e+00
0 1
3.0001e-01 -2.4731e-01
3 -1
1 2 6 
217
1.27890807e+00
-4.17361988e-01
-5.96329229e-01
-6.26370601e-01
4.77316928e-01
4.42374310e-01
7.98555522e-01
-1.37458083e-01
4.94358915e-01
-1.34798578e+00
-1.21538571e-01
-3.31167665e-01
0.00000000e+00
0.00000000e+00
0.00000000e+00
0.00000000e+00
0.00000000e+00
-1.42812886e-01
2.18707083e-02
-3.34763074e-01
6.12344431e-01
8.38692156e-03
-6.58745922e-01
8.10564401e-01
4.70909380e-03
-4.61654444e-01
0.00000000e+00
0.00000000e+00
0.00000000e+00
0.00000000e+00
0.00000000e+00
0.00000000e+00
0.00000000e+00
7.91953889e-01
1.88637996e-01
3.39727291e-01
1.02151470e+00
-9.26647512e-01
7.93894516e-03
1.17610194e+00
0.00000000e+00
0.00000000e+00
0.00000000e+00
0.00000000e+00
1.02151470e+00
-5.25390632e-01
2.02858535e-01
6.61224969e-01
-6.04115415e-01
-6.68767123e-01
1.54810992e-02
1.17610194e+00
0.00000000e+00
0.00000000e+00
0.00000000e+00
0.00000000e+00
0.00000000e+00
0.00000000e+00
0.00000000e+00
0.00000000e+00
5.22815913e-01
-6.04115415e-01
3.38692872e-01
5.18001179e-01
1.17737736e-01
-1.31676303e+00
5.22340671e-01
3.40902875e-02
1.20828479e-01
1.22969195e+00
0.00000000e+00
1.44789056e+00
-3.99762365e-01
1.12535103e+00
-7.21769307e-01
9.30315506e-01
4.37526622e-01
0.00000000e+00
1.36020757e+00
-1.20237529e-01
9.56176608e-02
6.02364908e-02
-1.76917163e-01
8.47619691e-02
0.00000000e+00
0.00000000e+00
0.00000000e+00
0.00000000e+00
0.00000000e+00
0.00000000e+00
0.00000000e+00
0.00000000e+00
0.00000000e+00
0.00000000e+00
0.00000000e+00
0.00000000e+00
0.00000000e+00
0.00000000e+00
0.00000000e+00
0.00000000e+00
0.00000000e+00
0.00000000e+00
0.00000000e+00
0.00000000e+00
0.00000000e+00
0.00000000e+00
0.00000000e+00
0.00000000e+00
0.00000000e+00
0.00000000e+00
0.00000000e+00
0.00000000e+00
0.00000000e+00
0.00000000e+00
0.00000000e+00
0.00000000e+00
0.00000000e+00
0.00000000e+00
0.00000000e+00
-1.29539884e+00
-1.58046472e+00
-2.04147752e+00
0.00000000e+00
0.00000000e+00
0.00000000e+00
9.29186539e-01
-5.46646667e-01
-6.02840512e-01
2.83075844e-01
-1.12517482e+00
-6.86918943e-01
7.12680282e-01
1.02477921e+00
1.85509824e-01
0.00000000e+00
4.57160660e-01
7.74986486e-01
-2.17933124e+00
5.27347593e-01
7.69536446e-01
2.63227891e-03
-2.86529653e-01
-2.70694753e+00
1.15099201e-01
3.10917478e-01
3.47475172e-01
0.00000000e+00
0.00000000e+00
0.00000000e+00
-2.82108074e-01
-3.81782703e-03
-1.10037667e-01
-8.27418609e-02
-1.37422167e+00
1.31504494e-01
-5.64804840e-02
-1.22169338e-01
4.01904821e-01
0.00000000e+00
6.01152526e-02
2.29463110e-01
8.09156390e-01
-2.50712488e-01
-5.47738185e-02
2.14212527e-01
2.12333656e-01
6.83324621e-01
-1.80285831e-01
1.22809364e-01
-3.31066352e+00
0.00000000e+00
0.00000000e+00
0.00000000e+00
4.72473752e-01
4.10401700e-01
-2.52226784e+00
-6.18029605e-01
-3.19859607e-02
-5.06630702e-01
4.69336882e-01
7.52919005e-01
1.15704409e+00
0.00000000e+00
4.06565782e-01
2.15182017e+00
-4.89697833e-01
9.00859543e-01
-1.58828486e-01
-1.98228213e-01
1.14921619e+00
-1.30756418e-01
8.29615875e-01
1.35871368e+00
-1.18869311e-01
0.00000000e+00
0.00000000e+00
0.00000000e+00
6.48702124e-01
1.68404781e+00
1.83402224e+00
1.40339595e+00
-3.72345948e-02
2.10875860e-01
9.30569628e-01
4.38793315e-01
4.99610918e-01
0.00000000e+00
7.99545023e-01
8.09893849e-01
1.09036188e+00
7.17498977e-01
3.23428062e-01
1.12195735e+00
2.98007906e-01
-1.56413298e-01
2.74430274e-01
4.41684337e-01
136
2.09425940e+00
0.00000000e+00
0.00000000e+00
-2.06769619e+00
5.99954970e-02
1.07897267e+00
2.40869019e-02
2.53402875e+00
4.67150404e-03
0.00000000e+00
0.00000000e+00
0.00000000e+00
0.00000000e+00
0.00000000e+00
0.00000000e+00
0.00000000e+00
8.00919449e-01
4.41990655e-01
8.51349296e-01
-1.12538510e+00
-2.83426951e-01
1.18406011e+00
2.31901134e+00
0.00000000e+00
0.00000000e+00
0.00000000e+00
0.00000000e+00
-1.12538510e+00
1.54140916e+00
-2.06198706e+00
1.72500141e-02
2.37150943e-01
2.36982745e+00
-1.20301736e+00
2.31901134e+00
0.00000000e+00
0.00000000e+00
0.00000000e+00
0.00000000e+00
0.00000000e+00
0.00000000e+00
0.00000000e+00
0.00000000e+00
0.00000000e+00
0.00000000e+00
0.00000000e+00
-2.25079813e+00
-1.90244043e+00
8.80742671e-02
-1.02538943e+00
-1.36076560e+00
1.30877651e+00
1.71422596e+00
1.93923289e-01
5.75897833e-01
-4.30228998e-01
0.00000000e+00
-1.62871298e+00
-4.59709622e-01
-6.68197112e-01
-5.33329869e-01
2.37150943e-01
-5.03327881e-01
0.00000000e+00
0.00000000e+00
0.00000000e+00
0.00000000e+00
0.00000000e+00
0.00000000e+00
0.00000000e+00
0.00000000e+00
0.00000000e+00
0.00000000e+00
0.00000000e+00
0.00000000e+00
0.00000000e+00
0.00000000e+00
0.00000000e+00
0.00000000e+00
0.00000000e+00
0.00000000e+00
0.00000000e+00
0.00000000e+00
0.00000000e+00
0.00000000e+00
0.00000000e+00
3.17480854e-01
-1.71136337e+00
-2.62574578e+00
0.00000000e+00
0.00000000e+00
0.00000000e+00
2.34646053e+00
1.39441282e+00
1.29360397e+00
2.08626933e+00
-1.16586095e+00
9.48449394e-01
2.25480580e+00
2.25777332e+00
2.36901775e+00
0.00000000e+00
2.37894986e+00
2.90682566e+00
2.76247793e-01
2.05115906e+00
2.79354064e+00
1.91894130e+00
2.06796275e+00
-1.36343427e+00
9.76722838e-01
2.00531823e+00
-3.19443010e+00
0.00000000e+00
0.00000000e+00
0.00000000e+00
8.29527339e-01
1.12227443e+00
-9.22136941e-01
-1.14355265e-01
-2.00697708e-01
-7.14601147e-01
6.79412384e-01
1.45977994e+00
5.49506152e-01
0.00000000e+00
8.12615995e-01
3.06796575e+00
9.53324468e-02
9.50755469e-01
1.47751672e+00
4.03106755e-01
7.82416380e-01
-6.82372927e-02
1.14383943e+00
1.41200981e+00
11 1
-4.1757e-01 6.7564e-02
4 1
1 2 6 0 
217
-1.46997988e-02
-3.97997843e-01
6.56893201e-01
2.40568912e-03
2.17213842e-01
-1.93791341e-01
1.12075618e-01
-3.48645448e-01
-6.49761302e-02
-2.56800012e-01
-2.69018661e-01
-2.83106379e-01
0.00000000e+00
0.00000000e+00
8.84987816e-01
1.43120235e-02
-1.25566233e+00
-5.71972378e-01
5.56661603e-03
6.51423650e-02
-8.27732400e-01
8.95697828e-03
-2.52848688e-01
5.00017162e-01
3.81197056e-03
-5.21820066e-01
0.00000000e+00
0.00000000e+00
0.00000000e+00
0.00000000e+00
0.00000000e+00
0.00000000e+00
0.00000000e+00
2.05209288e-01
-2.52532449e-01
3.26233627e-02
0.00000000e+00
-1.75490712e-01
-4.82302378e-01
8.82083763e-02
5.54884915e-01
0.00000000e+00
0.00000000e+00
0.00000000e+00
0.00000000e+00
-1.34618159e-01
-3.29530387e-01
8.40404300e-03
9.00834605e-02
-7.14028955e-01
5.79205811e-01
4.16218934e-01
1.98574374e-01
3.15239985e-02
-1.16778476e-01
1.11618317e-01
-2.70628799e-01
-4.99206841e-01
5.95779661e-02
5.54884915e-01
4.23015669e-01
1.80290350e-02
-4.55744503e-01
2.89503640e-01
-7.89996908e-02
-2.17594519e-01
-8.52933779e-02
1.10239604e+00
-1.39910370e-01
2.07032910e-01
0.00000000e+00
-6.77547377e-01
-3.09986958e-01
5.60764139e-01
-4.46735793e-01
7.22836984e-01
1.02855841e+00
0.00000000e+00
-2.30806290e-01
-6.61240963e-01
-3.03345814e-02
-3.07287171e-01
2.46441072e-01
1.15995713e+00
0.00000000e+00
-4.31202198e-01
-2.51493099e-01
4.62341764e-02
-1.34168622e-01
2.33312780e-02
2.50390158e-01
0.00000000e+00
0.00000000e+00
0.00000000e+00
0.00000000e+00
0.00000000e+00
0.00000000e+00
0.00000000e+00
0.00000000e+00
0.00000000e+00
0.00000000e+00
0.00000000e+00
0.00000000e+00
0.00000000e+00
0.00000000e+00
0.00000000e+00
0.00000000e+00
0.00000000e+00
0.00000000e+00
0.00000000e+00
0.00000000e+00
0.00000000e+00
0.00000000e+00
0.00000000e+00
0.00000000e+00
0.00000000e+00
0.00000000e+00
0.00000000e+00
0.00000000e+00
-9.59086807e-01
-8.02508959e-01
-2.44629584e+00
0.00000000e+00
0.00000000e+00
0.00000000e+00
6.99026472e-01
-1.26831164e-01
-7.34264107e-01
5.32425362e-01
-8.06759857e-01
-1.00664294e+00
8.54951649e-01
1.56498805e+00
8.62247574e-01
0.00000000e+00
2.17916570e-01
1.42258168e+00
4.19080309e-01
2.05918519e-01
1.34584124e+00
1.72175861e+00
1.08157210e+00
-8.98569462e-01
-3.14384876e-01
1.30672971e+00
-2.80827490e-01
0.00000000e+00
0.00000000e+00
0.00000000e+00
8.02023509e-01
1.04162715e-01
1.18775197e+00
1.02482407e+00
-3.66470425e-01
1.05333846e+00
5.20707444e-01
2.97013465e-01
8.73067439e-01
0.00000000e+00
9.11088325e-01
6.60208540e-01
3.63395211e-01
1.17352402e+00
8.37080218e-01
3.90611344e-01
4.70449750e-01
-1.04662509e+00
1.26821114e+00
5.79093114e-01
-2.94220747e+00
0.00000000e+00
0.00000000e+00
0.00000000e+00
3.37287427e-01
-6.88725843e-01
3.78527180e-01
-1.92389139e+00
0.00000000e+00
-1.78393142e+00
-1.21281098e+00
-1.60919469e-01
1.31093212e+00
0.00000000e+00
2.02282379e-01
2.65769565e+00
-1.66687622e-04
0.00000000e+00
0.00000000e+00
1.60114513e-01
1.58515278e+00
0.00000000e+00
-7.60985288e-03
8.36486161e-01
1.77157727e-02
0.00000000e+00
0.00000000e+00
0.00000000e+00
-2.12265674e-01
1.24882438e+00
-6.99357547e-01
1.81437162e+00
0.00000000e+00
2.43613339e-01
1.94096906e+00
4.67034179e-01
-8.58129871e-03
0.00000000e+00
9.37600040e-02
3.93385936e-01
-2.01037707e-04
0.00000000e+00
0.00000000e+00
6.02896717e-01
-5.09983805e-01
0.00000000e+00
-1.11990375e-02
-1.36238475e-01
136
1.69200439e+00
5.42387755e-02
3.00692081e-02
-2.26159485e-01
2.03156585e-02
8.13267548e-01
4.52417555e-03
1.05065755e+00
6.31864632e-03
0.00000000e+00
0.00000000e+00
0.00000000e+00
0.00000000e+00
0.00000000e+00
0.00000000e+00
0.00000000e+00
7.57505376e-01
1.87743826e-01
7.47352215e-01
-5.81629402e-01
-1.37098431e-01
2.32873127e-02
9.32464438e-01
1.45498047e+00
0.00000000e+00
0.00000000e+00
0.00000000e+00
-5.81629402e-01
-1.96130057e-01
-2.96744423e-01
-3.97773004e-01
5.29162505e-01
7.69168894e-01
-5.75330667e-01
7.44962182e-01
-1.73386457e-01
8.95635968e-01
-6.28545416e-01
3.68026544e-01
-3.98684619e-02
8.26600331e-01
-1.00712462e+00
1.45498047e+00
0.00000000e+00
0.00000000e+00
0.00000000e+00
-1.34196369e+00
-1.43150325e+00
5.29757556e-01
-4.01812714e-01
-3.24308089e-01
0.00000000e+00
2.32755891e+00
2.85726085e-01
6.74357753e-01
-4.76926798e-01
0.00000000e+00
-1.01054625e+00
-5.18962257e-01
-2.65690899e-01
-4.16572382e-01
3.02574538e-01
-8.81628407e-01
3.23403861e-01
-3.20483764e-01
-5.32035597e-01
0.00000000e+00
0.00000000e+00
0.00000000e+00
0.00000000e+00
0.00000000e+00
0.00000000e+00
0.00000000e+00
0.00000000e+00
0.00000000e+00
0.00000000e+00
0.00000000e+00
0.00000000e+00
0.00000000e+00
0.00000000e+00
0.00000000e+00
0.00000000e+00
0.00000000e+00
0.00000000e+00
0.00000000e+00
0.00000000e+00
1.86421034e-02
-1.54864136e+00
-1.09405994e+00
0.00000000e+00
0.00000000e+00
0.00000000e+00
5.70003613e-01
-3.02821242e-02
-5.07059441e-01
3.18373009e-01
-3.47285550e+00
-5.00132561e-01
7.31501168e-01
6.44451873e-01
8.46872116e-01
0.00000000e+00
7.60741410e-01
1.20186371e+00
-1.39904013e+00
4.65535061e-01
9.51564793e-01
1.70649491e-01
1.35327449e-01
-1.71344778e+00
-6.54503599e-01
3.86377489e-01
-2.46208820e+00
0.00000000e+00
0.00000000e+00
0.00000000e+00
3.19489721e-01
8.04477564e-01
-1.10365424e+00
-9.54117289e-02
-1.79103251e-01
-9.37397897e-01
3.32656416e-01
7.16619823e-01
5.77680026e-01
0.00000000e+00
3.86314670e-01
2.12333131e+00
-3.38504868e-01
8.04678255e-01
2.94646705e-01
3.57782129e-02
2.39732806e-01
-1.99184470e+00
6.00307947e-01
8.32238015e-01
9 1
-3.3871e-01 1.1971e-01
5 1
1 2 6 0 11 
217
1.05234043e+00
-2.35647232e-01
-6.33539291e-01
-5.11154316e-01
1.71499306e-01
6.77933542e-01
6.27965762e-01
-8.20315375e-02
1.23289296e-01
-6.95277721e-01
1.29586065e-01
-1.07842609e+00
0.00000000e+00
0.00000000e+00
9.28957303e-01
3.20196254e-03
-3.51177854e-02
3.10422198e-01
-1.62971910e-03
1.90806122e-01
4.52668661e-01
-2.53054066e-04
-8.16468060e-02
-6.39707734e-01
1.51418430e-02
1.14592085e-02
0.00000000e+00
0.00000000e+00
0.00000000e+00
0.00000000e+00
0.00000000e+00
0.00000000e+00
0.00000000e+00
5.55287899e-01
4.74610379e-02
4.49591492e-01
0.00000000e+00
-1.18900506e-01
-2.03033468e-01
2.16519990e-01
7.01271246e-01
8.10217578e-02
0.00000000e+00
0.00000000e+00
0.00000000e+00
-1.10765574e-01
4.27294132e-01
-6.62102021e-01
-4.27731304e-01
2.97403636e-01
3.05953150e-01
4.69891344e-01
5.60631629e-01
9.85557212e-02
-1.10310922e-01
5.20163546e-02
-6.10284267e-01
-1.82051764e-01
-2.02006843e-01
7.70385748e-01
3.57469229e-01
6.64983254e-01
-3.45573464e-01
6.65376293e-02
2.52469355e-01
3.13531349e-01
3.91277728e-01
9.78959226e-01
3.42055717e-01
1.53725663e-01
0.00000000e+00
1.21948759e-03
3.78213835e-01
7.21652716e-01
-2.63207095e-01
3.29468225e-01
7.50155333e-01
0.00000000e+00
6.30780729e-01
-7.33264200e-01
3.28028133e-01
1.23541874e-01
9.35315671e-02
2.28697712e-01
0.00000000e+00
1.73988263e-02
-5.43157536e-01
7.16596780e-02
4.33008667e-01
3.05275979e-01
5.61776092e-01
0.00000000e+00
3.00503871e-01
-3.24892444e-01
6.99291205e-01
-1.53301592e+00
5.25453534e-02
-2.09482550e-01
0.00000000e+00
0.00000000e+00
0.00000000e+00
0.00000000e+00
0.00000000e+00
0.00000000e+00
0.00000000e+00
0.00000000e+00
0.00000000e+00
0.00000000e+00
0.00000000e+00
0.00000000e+00
0.00000000e+00
0.00000000e+00
0.00000000e+00
0.00000000e+00
0.00000000e+00
0.00000000e+00
0.00000000e+00
0.00000000e+00
0.00000000e+00
-9.95070713e-02
-8.04045463e-01
-2.23012894e+00
0.00000000e+00
0.00000000e+00
0.00000000e+00
1.07263142e+00
-8.87696256e-02
-2.10166899e+00
1.16051277e+00
-3.38851994e-01
-3.18490409e-01
1.75626963e+00
1.17839014e+00
1.82057946e+00
0.00000000e+00
1.59104044e+00
2.47349885e+00
2.40252081e-01
1.02294726e+00
1.76735406e+00
8.93163277e-01
1.09486150e+00
-1.75475770e-01
1.12768701e+00
1.22896755e+00
-9.35801279e-01
0.00000000e+00
0.00000000e+00
0.00000000e+00
1.22620929e+00
1.60633801e+00
2.56707218e+00
3.67682039e-01
-2.95660573e-01
9.34483623e-01
6.19140891e-01
9.59306806e-01
1.03955172e+00
0.00000000e+00
3.79709785e-01
9.91817612e-02
5.71592988e-01
1.05282182e+00
6.58438161e-01
1.15669455e+00
8.41475150e-01
3.24912720e-01
-2.38957333e-01
3.55697937e-01
-2.34601464e+00
0.00000000e+00
0.00000000e+00
0.00000000e+00
-4.70982238e-01
-1.52384672e-01
-5.65495958e-01
-6.03901832e-01
0.00000000e+00
-1.72198992e+00
-1.22357865e+00
-5.80872220e-01
1.05405901e+00
0.00000000e+00
1.19565449e-01
3.20958697e+00
-3.58480295e-01
0.00000000e+00
-7.69978297e-01
7.31511870e-01
8.21803260e-01
-6.49209031e-04
-1.10079138e-02
4.03143953e-01
-2.86830264e-01
0.00000000e+00
0.00000000e+00
0.00000000e+00
5.64599670e-01
9.18412307e-01
-5.52542698e-01
4.43374946e-01
0.00000000e+00
-4.62008602e-02
1.34757047e+00
1.27477479e+00
-1.16404909e+00
0.00000000e+00
5.19563763e-02
-1.57348831e-01
-7.05507768e-01
0.00000000e+00
5.52166037e-01
-1.21966852e-01
-2.64291601e-01
-2.04785096e-04
-8.41168870e-03
4.35114779e-01
136
9.47929733e-01
5.22842695e-01
-5.90634150e-03
1.98774332e-02
7.89681352e-03
8.40627216e-02
9.30716499e-03
3.21146884e-01
2.34440255e-02
0.00000000e+00
0.00000000e+00
0.00000000e+00
0.00000000e+00
0.00000000e+00
0.00000000e+00
0.00000000e+00
5.91880091e-01
1.72377055e-02
3.39217450e-01
-4.62306635e-01
1.32533078e-02
-1.09627971e-01
1.61953745e-01
5.45197422e-01
7.99459865e-01
0.00000000e+00
0.00000000e+00
-4.62306635e-01
1.18387635e-01
-4.13286494e-01
-3.66360537e-01
2.42809016e-01
2.10868102e-01
-4.55121449e-01
5.92333891e-01
-1.42432382e-01
6.33676902e-01
-8.72481473e-01
3.50302938e-01
-1.46640851e-01
8.36510903e-01
-1.91447461e-01
1.01311763e+00
0.00000000e+00
0.00000000e+00
0.00000000e+00
-1.26942132e+00
-1.17148641e+00
5.09070127e-01
-3.21473946e-01
-6.70915616e-01
0.00000000e+00
2.02873117e+00
4.89312234e-01
6.93483483e-01
-5.55314536e-01
0.00000000e+00
-1.15450005e+00
-4.46513581e-01
-2.38396700e-01
-4.52838275e-02
2.29476255e-01
-1.13267730e+00
2.23218383e-01
-3.35624779e-01
-4.33861329e-01
0.00000000e+00
1.84352405e+00
-4.61837084e-01
4.73483194e-01
4.39923161e-02
0.00000000e+00
0.00000000e+00
0.00000000e+00
0.00000000e+00
0.00000000e+00
0.00000000e+00
0.00000000e+00
0.00000000e+00
0.00000000e+00
0.00000000e+00
0.00000000e+00
0.00000000e+00
0.00000000e+00
0.00000000e+00
0.00000000e+00
-2.32037241e-01
-1.64427057e+00
-1.11451964e+00
0.00000000e+00
0.00000000e+00
0.00000000e+00
5.18264546e-01
-2.47398363e-01
-5.59946868e-01
3.13302230e-01
-3.04490646e+00
-4.45942854e-01
7.39670534e-01
7.02463708e-01
8.62021731e-01
0.00000000e+00
7.06866090e-01
1.05590801e+00
-1.34733051e+00
3.80522051e-01
1.08254309e+00
2.23165108e-01
8.93842743e-02
-2.13658218e+00
-5.19150190e-01
5.12626415e-01
-2.48975289e+00
0.00000000e+00
0.00000000e+00
0.00000000e+00
1.28603937e-01
4.13235515e-01
-1.39867330e+00
-3.13255129e-01
-1.47143208e-01
-1.06361287e+00
3.81785432e-01
5.89167326e-01
4.11219523e-01
0.00000000e+00
1.77130768e-01
2.42900979e+00
-3.32739224e-01
4.35316183e-01
4.12581924e-01
-1.37121293e-01
4.29691250e-01
-2.17327680e+00
4.59904476e-01
6.31680357e-01
3 1
-4.9525e-01 1.4757e-01
6 0
1 2 6 0 11 9 
217
6.49517796e-01
-3.45788321e-01
-9.08459707e-01
8.16393719e-03
5.18570389e-01
9.00495759e-02
3.09737655e-01
-8.97161978e-01
-4.34902657e-01
1.24596357e+00
0.00000000e+00
0.00000000e+00
0.00000000e+00
0.00000000e+00
0.00000000e+00
0.00000000e+00
0.00000000e+00
-1.10620239e+00
4.01203232e-02
1.01850975e+00
5.96572560e-01
1.60565519e-02
-1.13097903e-01
1.15914762e+00
8.95559792e-03
-2.82459971e-01
0.00000000e+00
0.00000000e+00
0.00000000e+00
0.00000000e+00
0.00000000e+00
0.00000000e+00
0.00000000e+00
4.23945763e-01
4.02272733e-02
1.85344760e-01
0.00000000e+00
-4.88254459e-01
-7.83016671e-02
1.47300972e-01
1.49654469e-01
3.08304535e-01
6.10813946e-01
0.00000000e+00
0.00000000e+00
-6.03946852e-02
4.81106704e-01
-2.22096558e-01
4.32659756e-02
-5.75134336e-01
-3.15255722e-01
1.03373799e+00
4.13452110e-01
-2.03362121e-01
-5.65442445e-01
5.17992150e-01
-6.61365426e-01
-2.41512588e-01
-1.50838941e-01
1.15536569e+00
1.17574616e+00
-7.24843827e-01
1.98615460e-01
-5.86057358e-01
-1.69020386e-01
3.25595270e-01
1.02044702e+00
6.78931545e-01
3.84148526e-01
1.02590026e+00
0.00000000e+00
3.33826690e-01
-6.39663173e-01
1.02309195e+00
-1.55622759e-02
9.11476916e-01
4.75356037e-01
0.00000000e+00
3.61255154e-01
-6.72534169e-02
3.51123665e-01
-1.68391840e-01
-6.28610228e-02
6.18543008e-01
0.00000000e+00
3.85229363e-01
-4.26209889e-03
2.31253536e-01
7.08827920e-01
3.30348970e-02
9.83750629e-01
0.00000000e+00
5.91064479e-01
3.90662194e-01
7.81072640e-01
-1.32755521e+00
7.21698563e-01
1.22185263e-01
5.83869861e-01
-1.41934731e-01
-4.02239620e-01
2.40872685e-01
-4.66411371e-01
-3.32900194e-02
8.46679706e-02
0.00000000e+00
0.00000000e+00
0.00000000e+00
0.00000000e+00
0.00000000e+00
0.00000000e+00
0.00000000e+00
0.00000000e+00
0.00000000e+00
0.00000000e+00
0.00000000e+00
0.00000000e+00
0.00000000e+00
0.00000000e+00
-7.93023689e-01
-1.62019816e+00
-2.39356552e+00
0.00000000e+00
0.00000000e+00
0.00000000e+00
8.67245779e-01
5.09648693e-01
9.05344142e-01
1.25313509e+00
-3.91434038e-01
4.33703521e-01
2.13960164e+00
1.57967105e+00
1.69867696e+00
0.00000000e+00
1.25849390e+00
1.67234043e+00
-6.01299196e-01
1.22231677e+00
1.83301761e+00
1.02775999e+00
1.16648147e+00
-7.84754224e-01
4.51144056e-01
1.02437669e+00
-6.91670941e-01
0.00000000e+00
0.00000000e+00
0.00000000e+00
1.77853170e+00
1.04394481e+00
3.14686576e-01
7.44051942e-01
-4.04553117e-01
7.60178019e-01
1.34221389e-01
9.84432278e-01
1.06326045e+00
0.00000000e+00
1.32271811e+00
1.15216099e+00
1.48000902e+00
1.24561166e+00
7.39064317e-01
8.80974831e-01
3.71778645e-01
-1.97268279e-02
6.58463366e-01
1.15085679e+00
-2.94418370e+00
0.00000000e+00
0.00000000e+00
0.00000000e+00
4.91607215e-02
1.21581741e+00
-1.74391426e+00
-8.75906423e-03
-2.29915134e-02
-4.34988341e-01
1.39675149e+00
1.38611660e+00
8.48355667e-01
0.00000000e+00
4.41068969e-01
2.96633755e+00
6.50043053e-01
1.22144317e+00
-3.21238263e-01
5.26194638e-02
4.16357534e-01
-8.95850548e-03
4.94655408e-01
9.67415497e-01
-4.36909708e-01
0.00000000e+00
0.00000000e+00
0.00000000e+00
7.90110420e-01
1.16518860e+00
1.34690266e+00
1.07635907e+00
-1.85688290e-02
-2.08205595e-01
-1.99847014e-01
4.87043745e-01
8.37883721e-01
0.00000000e+00
1.72307939e-01
-3.55342047e-01
-1.13646758e-02
5.88753412e-02
9.93447873e-01
9.82345258e-01
1.09633034e+00
-9.76577699e-03
-1.59102448e-01
4.98197077e-01
136
8.81825571e-01
0.00000000e+00
0.00000000e+00
-1.86389124e+00
5.37548059e-02
6.05877276e-01
2.24726369e-02
2.01387131e+00
4.42420948e-03
0.00000000e+00
0.00000000e+00
0.00000000e+00
0.00000000e+00
0.00000000e+00
0.00000000e+00
0.00000000e+00
5.02594451e-01
7.98806751e-02
2.99938421e-01
-8.31226920e-01
1.99453837e-01
1.24963998e-01
2.20082817e-01
5.48086752e-01
6.39505152e-01
-1.90400647e-02
0.00000000e+00
-6.13879250e-01
2.12271911e-01
-8.01347120e-01
-2.76668169e-01
5.97172944e-01
2.75946919e-01
-6.83360772e-01
6.97234676e-01
-8.30128129e-02
7.82474529e-01
-1.17051931e+00
6.09703886e-01
-2.81819074e-01
7.53917405e-01
-5.54217003e-01
1.41792681e+00
0.00000000e+00
0.00000000e+00
0.00000000e+00
-1.81699099e+00
-1.77399141e+00
3.87944369e-01
-4.46101023e-01
-2.18086013e-01
6.76760502e-01
9.66312069e-01
3.42818019e-01
4.71042794e-01
-5.70617401e-01
0.00000000e+00
-1.34097634e+00
-4.10393014e-01
-2.47741787e-01
-3.76636366e-01
-3.53453885e-01
-1.23898153e+00
4.65940984e-01
-3.66006838e-01
-6.41555934e-01
4.29239901e-01
2.11312815e+00
-6.35367642e-01
5.40006304e-01
-3.39933034e-01
3.33970764e-01
-8.91330274e-02
-1.81125702e-01
2.09607020e-02
-7.81227709e-01
0.00000000e+00
0.00000000e+00
0.00000000e+00
0.00000000e+00
0.00000000e+00
0.00000000e+00
0.00000000e+00
0.00000000e+00
0.00000000e+00
0.00000000e+00
9.52463242e-02
-1.37602324e+00
-1.21972461e+00
0.00000000e+00
0.00000000e+00
0.00000000e+00
5.76986166e-01
-3.16725375e-01
-4.72350226e-01
2.54470325e-01
-3.04866348e+00
-6.96241157e-01
6.91974318e-01
6.42696709e-01
8.66030217e-01
0.00000000e+00
5.17840771e-01
1.09698594e+00
-1.31714921e+00
2.72771332e-01
1.10557702e+00
3.60935134e-01
2.94451315e-01
-2.03809169e+00
-5.13090820e-01
5.01868096e-01
-2.58891737e+00
0.00000000e+00
0.00000000e+00
0.00000000e+00
2.68043351e-01
1.07212580e+00
-1.54300071e+00
-1.90155907e-01
-1.31964928e-01
-1.34429802e+00
1.21747201e-02
7.06097294e-01
4.42639208e-01
0.00000000e+00
-8.54598306e-02
2.69413673e+00
-2.97755701e-01
4.24485994e-01
5.06270760e-01
-5.68764166e-02
5.23916522e-01
-2.26946536e+00
7.02418428e-01
9.32298792e-01
10 1
-8.7394e-01 2.6678e-01
7 0
1 2 6 0 11 9 3 
217
1.22482191e+00
3.66884864e-02
-1.17611420e+00
2.15250742e-01
1.10933459e+00
-5.40624483e-01
5.87045688e-01
-1.13222223e+00
-3.63274057e-01
8.18151863e-01
0.00000000e+00
0.00000000e+00
0.00000000e+00
0.00000000e+00
0.00000000e+00
0.00000000e+00
0.00000000e+00
-1.29941335e+00
3.46183804e-02
-1.63218421e+00
1.83904694e+00
-7.53233287e-03
-2.66301062e-01
2.91413308e-01
5.54251779e-03
3.60386421e-01
0.00000000e+00
0.00000000e+00
0.00000000e+00
0.00000000e+00
0.00000000e+00
0.00000000e+00
0.00000000e+00
2.44837629e-01
1.37782476e-01
8.42201806e-01
0.00000000e+00
-7.43310399e-02
-5.61853229e-01
-3.54033982e-01
2.23972892e-01
4.08227091e-01
4.48105780e-01
5.25728965e-01
0.00000000e+00
-6.89998631e-01
-1.33598953e-01
-1.19453769e+00
-1.37532954e-02
4.44574981e-01
6.44828857e-01
7.46016309e-01
0.00000000e+00
8.54277584e-01
3.11154489e-01
3.96266303e-01
0.00000000e+00
2.28845304e-01
3.58405283e-01
8.67642783e-01
8.47136431e-01
0.00000000e+00
6.89583780e-01
-6.21663047e-01
1.93398019e-01
0.00000000e+00
1.04662341e+00
9.76916553e-01
6.06463531e-01
6.36680800e-01
0.00000000e+00
-5.58756396e-01
-1.17181907e-01
1.12648935e+00
-1.53898444e-01
8.69688026e-01
4.13892094e-01
0.00000000e+00
8.98000191e-01
4.69123336e-01
3.01436789e-01
2.67375196e-01
2.53849310e-02
1.05591000e+00
0.00000000e+00
4.12537008e-01
-4.11665144e-01
2.01860631e-01
5.30485823e-01
6.10424273e-01
8.42971823e-01
0.00000000e+00
2.53511321e-01
-1.91441231e-01
1.13889918e+00
-1.33839732e+00
1.57524942e-01
-8.05911324e-01
7.51165986e-01
-4.96535803e-02
-3.36903109e-01
3.71501114e-01
-6.51494863e-01
1.51808392e-01
6.19711081e-02
0.00000000e+00
7.87301457e-01
-7.79238250e-02
4.44085565e-01
-1.03938840e+00
-6.56511097e-03
-2.67807132e-01
0.00000000e+00
0.00000000e+00
0.00000000e+00
0.00000000e+00
0.00000000e+00
0.00000000e+00
0.00000000e+00
-1.50274309e+00
-1.80567746e+00
-2.96871827e+00
0.00000000e+00
0.00000000e+00
0.00000000e+00
1.59563809e+00
4.63990076e-01
1.49384062e-01
1.29063322e+00
-3.41817711e-01
-5.90212166e-02
7.97454832e-01
1.07406797e+00
1.70429585e+00
0.00000000e+00
9.98936069e-01
1.42950475e+00
2.29382146e-01
1.57633064e+00
2.64221088e+00
1.57639318e+00
1.00451419e+00
-1.80715070e+00
2.19300432e-01
1.53674281e+00
-3.81934553e-01
0.00000000e+00
0.00000000e+00
0.00000000e+00
2.68973792e-01
5.19471563e-01
3.48006792e-01
3.49980219e-01
-1.86013053e-01
1.07792131e+00
1.13150853e+00
1.52568979e+00
1.07124229e+00
0.00000000e+00
1.41435179e+00
1.05155576e+00
-3.00176378e-01
-6.95745500e-02
-3.35927596e-01
1.75258718e-01
7.68875988e-02
1.92378416e+00
4.41867642e-01
4.50528086e-01
-2.97163752e+00
0.00000000e+00
0.00000000e+00
0.00000000e+00
1.69561402e-02
-9.77554853e-01
-8.28425340e-01
2.61693763e-01
-2.90598111e-02
-1.23433199e+00
-5.08828709e-01
-1.00686382e+00
9.26896234e-01
0.00000000e+00
-8.97046445e-01
2.34958876e+00
4.29021969e-01
3.90096781e-01
-6.72781079e-01
9.30129824e-01
2.21744251e+00
-1.51013603e-03
-9.16663077e-03
6.41535093e-01
-7.54837405e-02
0.00000000e+00
0.00000000e+00
0.00000000e+00
2.58141459e-01
1.87766582e+00
-3.90958925e-01
7.20417450e-01
-1.02165887e-02
-9.04257729e-01
7.03698575e-01
1.05078980e+00
3.08479906e-01
0.00000000e+00
1.28374216e+00
-3.52905093e-01
8.83769736e-01
-1.06297237e+00
8.60382815e-01
1.91915243e-02
-3.06253526e-01
-1.71428091e-03
-1.03241943e-02
-2.38313615e-02
136
9.48554028e-01
0.00000000e+00
0.00000000e+00
-1.17176161e+00
1.94606707e-02
9.23742868e-01
6.45952681e-03
1.21673806e+00
1.48053688e-03
0.00000000e+00
0.00000000e+00
0.00000000e+00
0.00000000e+00
0.00000000e+00
0.00000000e+00
0.00000000e+00
5.46104728e-01
-2.44717838e-02
4.26921084e-01
-5.03249261e-01
-8.03894574e-04
1.73665734e-02
6.49005347e-02
2.73740250e-01
4.82825952e-01
4.64696479e-01
1.49077394e-01
-3.94699644e-01
-4.38860365e-02
-8.51900954e-01
-5.14568536e-01
3.05441523e-01
1.94103575e-01
-3.94718943e-01
1.01222290e+00
-5.24778588e-03
7.42663302e-01
-7.95679916e-01
8.02309250e-01
-3.58136267e-01
5.21261398e-01
-5.56706684e-01
1.28609685e+00
0.00000000e+00
0.00000000e+00
0.00000000e+00
-1.47838065e+00
-1.57326803e+00
2.02803912e-01
-4.35881865e-01
-1.21078173e-01
5.06766489e-01
4.54733575e-01
2.14432940e-01
3.36223518e-01
-7.54789486e-01
0.00000000e+00
-1.06101032e+00
-2.11217456e-01
-1.52623537e-01
-2.50524731e-01
-3.25863878e-01
-4.01488553e-01
5.99552279e-01
-1.59191646e-01
-1.05272445e-01
2.41676581e-01
1.45567775e+00
-5.71619970e-01
4.23299573e-01
-1.88339773e-01
4.40955535e-01
7.27597240e-02
-1.45035488e-01
8.16374933e-02
-3.01118424e-01
0.00000000e+00
7.15656955e-01
-5.78996668e-01
1.63806515e-01
-9.14541441e-02
0.00000000e+00
0.00000000e+00
0.00000000e+00
0.00000000e+00
0.00000000e+00
3.98525333e-03
-1.60471682e+00
-1.23859472e+00
0.00000000e+00
0.00000000e+00
0.00000000e+00
6.45871203e-01
-3.20417469e-01
-3.79472423e-01
1.06328726e-01
-2.94308235e+00
-6.38999198e-01
6.77465831e-01
6.63438188e-01
7.50180880e-01
0.00000000e+00
6.58682446e-01
1.00737709e+00
-1.07738823e+00
3.97552513e-01
9.75678390e-01
3.69346733e-01
1.18182903e-02
-2.10238153e+00
-4.67907234e-01
4.27313432e-01
-2.52777752e+00
0.00000000e+00
0.00000000e+00
0.00000000e+00
1.03291571e-02
1.24246972e-01
-1.24886538e+00
-2.77114907e-01
-1.21056089e-01
-1.21993681e+00
1.28960684e-01
6.93586847e-01
3.70697094e-01
0.00000000e+00
1.09142913e-02
2.51748023e+00
-5.99145125e-01
3.67774336e-01
3.17838490e-01
-1.14134507e-01
4.23800542e-01
-1.82370512e+00
3.99588433e-01
7.68960214e-01
5 1
-1.0759e+00 3.0871e-01
8 0
1 2 6 0 11 9 3 10 
217
1.11536909e+00
-3.40897139e-01
-6.82830561e-01
-2.81789462e-01
1.43210731e+00
-3.59731598e-01
8.76185122e-01
-5.18006360e-01
-9.83289263e-01
2.64117231e+00
0.00000000e+00
0.00000000e+00
0.00000000e+00
0.00000000e+00
0.00000000e+00
0.00000000e+00
0.00000000e+00
0.00000000e+00
0.00000000e+00
0.00000000e+00
1.80960566e+00
-4.73388599e-03
-1.04843821e-01
-5.21073502e-02
3.91595709e-03
7.12039367e-01
0.00000000e+00
0.00000000e+00
0.00000000e+00
0.00000000e+00
0.00000000e+00
0.00000000e+00
0.00000000e+00
3.85141678e-01
1.10496721e-01
6.19730692e-01
0.00000000e+00
2.62272933e-01
-1.74561789e-01
-1.87821404e-01
2.46407433e-02
2.14728532e-02
3.76350161e-01
7.93015594e-01
0.00000000e+00
-6.71239529e-01
-1.00811450e-01
-1.39295052e-01
4.25612844e-01
-2.06937569e-01
1.60244731e-02
5.18206875e-01
7.63303932e-01
1.89155824e-01
-3.90228785e-01
6.50171931e-01
-8.82587848e-01
3.05646867e-01
-1.05785925e-01
7.44132504e-01
5.45125058e-01
1.23202900e-01
4.47041132e-01
-2.02333280e-01
-7.21394782e-02
0.00000000e+00
9.51161355e-01
5.27849903e-01
4.38680495e-01
1.11050523e+00
0.00000000e+00
-8.97307399e-01
-7.72681031e-01
8.16350996e-01
-4.75943342e-01
3.76063576e-01
5.45632452e-01
0.00000000e+00
3.01056871e-01
2.57901144e-02
2.09259575e-01
4.43467988e-01
6.05052645e-01
-1.66575485e-01
0.00000000e+00
-1.58439409e-01
-3.12576916e-01
6.94896423e-01
-4.18844041e-02
5.78912077e-01
9.84191350e-01
0.00000000e+00
-1.90614397e-01
-1.53619978e-01
6.52008237e-01
-1.76443705e+00
5.77696509e-01
2.39135779e-01
1.55217745e-01
1.98158051e-01
-6.02498548e-02
6.28641765e-01
-3.72455630e-01
1.33351530e-01
-1.84824247e-01
0.00000000e+00
5.08591927e-01
-1.53104677e-01
3.82434927e-01
-1.24328694e+00
2.24342237e-01
-3.43841803e-01
0.00000000e+00
8.30245646e-01
-8.78693204e-01
1.47079535e-01
1.13007763e-01
1.38043910e-01
-3.25870805e-01
-1.96395664e+00
-1.40761883e+00
-3.03061163e+00
0.00000000e+00
0.00000000e+00
0.00000000e+00
1.01046338e+00
-4.37971248e-01
2.66507812e-01
6.16221088e-01
-9.14811097e-02
-1.00911259e+00
1.38356121e+00
1.91747744e+00
1.93728328e+00
0.00000000e+00
1.13661168e+00
1.43789837e+00
1.55186351e-01
1.78439101e+00
2.71013842e+00
1.77704226e+00
2.21816199e+00
-1.45372404e+00
-5.12807954e-02
-3.23028220e-02
-8.92105948e-01
0.00000000e+00
0.00000000e+00
0.00000000e+00
9.45815544e-01
1.07870815e+00
1.37632861e+00
1.11089372e+00
-9.92155206e-02
1.86343016e+00
1.14952111e+00
6.77276340e-01
8.30444428e-01
0.00000000e+00
1.34671636e+00
1.05390863e+00
4.75148181e-01
5.30420720e-01
-1.76363170e-01
1.99711041e-01
-4.71931728e-01
1.80563389e+00
1.66428377e+00
2.20665858e+00
-2.52763607e+00
0.00000000e+00
0.00000000e+00
0.00000000e+00
-7.87363780e-01
-2.96126561e-01
-1.78819646e+00
-1.09785268e-01
-7.93578591e-03
-2.06742813e+00
-6.34108138e-01
2.02766157e-01
9.45181880e-01
0.00000000e+00
-6.00104318e-01
2.44634088e+00
-1.70029834e-01
9.32150448e-01
1.85097243e+00
-5.20835602e-01
1.54239964e+00
-1.95118364e-02
-6.07271179e-02
6.23178172e-01
-2.39391214e-01
0.00000000e+00
0.00000000e+00
0.00000000e+00
5.25556632e-01
1.50706012e+00
1.24061237e+00
2.70921571e-01
-1.23922960e-02
-1.80729321e-01
9.68977231e-01
9.17778498e-02
4.56204422e-01
0.00000000e+00
4.34945847e-02
-3.97217105e-01
7.87709594e-01
9.12450984e-02
-8.58517099e-01
1.44790042e+00
-5.07721983e-01
-1.69065064e-02
-7.96927506e-02
2.05766092e-01
136
1.04657244e+00
0.00000000e+00
0.00000000e+00
2.06096276e-01
-2.08478980e-02
3.97030789e-01
-9.68783707e-03
2.34466358e-01
6.61661782e-04
0.00000000e+00
0.00000000e+00
0.00000000e+00
0.00000000e+00
0.00000000e+00
0.00000000e+00
0.00000000e+00
4.76276137e-01
5.54108653e-02
5.16808571e-01
-5.07063366e-01
5.76108176e-02
5.43693258e-02
-1.35506895e-02
1.78972508e-01
3.44184454e-01
2.20368909e-01
7.11680486e-01
-3.86123294e-01
-7.18585123e-02
-1.08317088e+00
-8.80860745e-01
4.33515994e-01
3.65902491e-01
-6.09803853e-01
9.83735721e-01
1.73335234e-01
9.96560933e-01
-8.84196389e-01
8.35635693e-01
-3.75730284e-01
7.79661232e-01
-5.56183037e-01
1.32615215e+00
0.00000000e+00
0.00000000e+00
0.00000000e+00
-1.63473719e+00
-1.65361932e+00
2.80179780e-01
-4.41210973e-01
-2.55154400e-01
6.65529935e-01
1.24973386e+00
2.89996372e-01
5.57581497e-01
-5.98541625e-01
0.00000000e+00
-1.30067796e+00
-2.85070405e-01
-2.14663907e-01
-2.84737774e-01
-2.85378330e-01
-3.86829838e-01
6.15555426e-01
-2.08236997e-01
-1.00328884e-01
0.00000000e+00
1.66152387e+00
-4.07184078e-01
4.61206375e-01
-2.32272001e-01
2.41523070e-01
-2.42169683e-01
-1.52937581e-01
3.48781087e-02
-4.28545246e-01
0.00000000e+00
5.02005492e-01
-6.43391023e-01
1.29868771e-01
4.04050502e-02
0.00000000e+00
6.63865546e-01
-1.90693422e-01
1.00482408e-01
5.45164550e-02
5.28941671e-02
-1.58740044e+00
-1.31332733e+00
0.00000000e+00
0.00000000e+00
0.00000000e+00
6.79639923e-01
-1.64550323e-01
-5.62322249e-01
1.86504770e-01
-3.08934114e+00
-6.18229711e-01
6.18029538e-01
6.75316135e-01
8.35414624e-01
0.00000000e+00
5.88806744e-01
1.01084771e+00
-1.23213814e+00
2.84787680e-01
1.07531829e+00
2.92012058e-01
1.47546979e-01
-1.99276868e+00
-5.49182352e-01
5.00980821e-01
-2.91579315e+00
0.00000000e+00
0.00000000e+00
0.00000000e+00
6.15260601e-01
5.41068799e-01
-1.08896467e+00
-1.10711856e-01
-3.44167002e-01
-1.05963037e+00
3.89469268e-01
1.00891848e+00
7.60556688e-01
0.00000000e+00
2.53567309e-01
2.64452761e+00
-2.31714469e-01
8.31542767e-01
6.49050033e-01
3.96241188e-01
6.70682796e-01
-3.08589860e-02
8.55763299e-01
1.00276869e+00
7 1
-8.7674e-01 2.7345e-01
8 1
1 2 6 0 11 9 3 10 
217
3.03002588e-01
-7.72267095e-01
1.72460669e-01
-3.14008043e-01
-8.25790731e-01
1.88090322e+00
8.66785204e-01
4.12015732e-01
1.21856119e+00
-1.18242589e+00
0.00000000e+00
0.00000000e+00
0.00000000e+00
0.00000000e+00
-6.52105752e-02
-3.93733023e-02
7.89595782e-02
-2.43697743e-01
-9.41456580e-03
7.96543579e-01
-3.69579279e-01
2.43157655e-03
4.76770157e-01
9.81490185e-01
-5.32955430e-02
-3.57637731e-01
0.00000000e+00
0.00000000e+00
0.00000000e+00
0.00000000e+00
0.00000000e+00
0.00000000e+00
0.00000000e+00
8.40243001e-01
3.27318845e-02
-5.69972298e-01
0.00000000e+00
-3.51218767e-01
-2.59191669e-01
-1.67885130e-02
-2.30869640e-01
3.68838562e-01
5.16482372e-02
1.78244190e-01
0.00000000e+00
-3.79098646e-01
1.57488801e-01
-4.46081911e-01
1.01339404e+00
-1.19993554e+00
-6.37032985e-01
9.65311678e-01
9.19698764e-01
-6.61183105e-01
-8.70475573e-01
7.11583217e-01
5.80006619e-01
-5.59997363e-01
-1.35131289e+00
1.63937518e+00
3.85977842e-01
-1.26530789e+00
6.19992454e-01
0.00000000e+00
2.33029075e-01
-3.87926369e-01
2.43213583e-01
5.62934222e-01
-1.73240070e-01
2.50743601e-01
0.00000000e+00
1.34147066e-01
-6.63687167e-01
1.40977113e-01
1.06136878e-01
2.78784089e-02
3.36257301e-01
0.00000000e+00
-1.46806156e-01
-7.17139708e-01
5.02914754e-01
-3.27354396e-01
-5.31060095e-02
-4.00829753e-01
0.00000000e+00
-7.51254797e-02
-1.52938529e-01
3.18492827e-01
7.83232308e-01
8.92020261e-02
6.50057134e-01
0.00000000e+00
8.88407693e-02
3.42433998e-01
2.65394095e-01
-2.82971223e-01
-5.12322763e-02
1.21894064e+00
0.00000000e+00
-2.11399469e-02
-6.89921871e-01
4.40294275e-01
-6.61728363e-02
-1.16151740e-01
-2.31394655e-03
0.00000000e+00
1.06548899e-01
3.13039620e-01
1.17685476e-01
-8.25382115e-01
1.08334998e-01
1.87494109e-01
0.00000000e+00
1.95813088e-01
6.71021764e-03
5.03166840e-02
-1.38950834e-01
8.64396015e-02
7.14955590e-02
4.36716699e-01
-8.35140480e-01
-1.46016893e+00
0.00000000e+00
0.00000000e+00
0.00000000e+00
9.02389350e-01
4.29935190e-01
2.08638809e-01
9.45617579e-01
-4.77062230e-01
1.60054724e-01
1.18864572e+00
1.47480231e+00
8.38405922e-01
0.00000000e+00
4.71313394e-01
1.07345100e+00
8.47345997e-02
1.11002123e+00
1.47101960e+00
8.41597340e-01
8.40236739e-01
-8.17485551e-01
3.91625565e-01
2.00521655e+00
-1.35990948e+00
0.00000000e+00
0.00000000e+00
0.00000000e+00
1.02275000e+00
1.13661187e+00
-1.10766754e-01
-9.09396399e-02
-2.82267295e-01
-2.71341434e-01
5.82827872e-01
7.00406203e-01
1.30015912e+00
0.00000000e+00
1.10269217e+00
1.21350596e+00
-1.01968144e+00
7.08453254e-01
2.78762349e-01
5.45210280e-01
4.25571320e-01
3.90555812e-01
-1.48412836e-01
-1.84409016e-01
-2.11517984e+00
0.00000000e+00
0.00000000e+00
0.00000000e+00
3.18592014e-01
1.04297187e+00
-1.23548863e-01
4.69636974e-01
-3.41687455e-03
-9.52488115e-01
4.54063813e-01
6.65533194e-01
1.04447666e+00
0.00000000e+00
5.15809671e-01
2.77149062e+00
1.15887806e+00
1.99629635e+00
1.32882432e+00
1.03920995e+00
1.15021608e+00
-1.09403454e-01
-3.35958422e-01
1.49888664e+00
-1.74226934e+00
0.00000000e+00
0.00000000e+00
0.00000000e+00
1.23108525e+00
2.72316647e+00
-6.44050983e-01
6.31366339e-01
-2.83481774e-03
1.65361228e+00
1.43855925e+00
8.46646652e-01
2.21510954e+00
0.00000000e+00
3.45507827e-01
-1.50928806e-01
-5.85997460e-01
2.55238078e-01
3.36041132e-01
5.39747557e-01
3.30413669e-01
-1.43403746e-01
-1.25435730e-01
4.18711529e-01
136
6.94828723e-01
1.96324994e-01
-2.14281090e-02
1.19939061e+00
-2.11664326e-02
-1.85539357e-01
2.50359490e-04
-5.15347521e-01
3.16536787e-02
0.00000000e+00
0.00000000e+00
0.00000000e+00
0.00000000e+00
0.00000000e+00
0.00000000e+00
0.00000000e+00
4.76644830e-01
-6.08351295e-02
2.79019023e-01
-7.95055121e-01
-8.65943843e-02
-1.36074631e-01
-1.40211628e-01
2.35905255e-01
4.47119345e-01
4.14430018e-01
7.55309869e-01
-7.95055121e-01
-1.52112199e-01
-1.22886657e+00
-6.02359712e-01
2.35100972e-02
5.57669911e-01
-4.98220516e-01
9.94950643e-01
-2.92595667e-01
1.11201309e+00
-7.96490512e-01
1.04939142e+00
-6.70935233e-01
1.05476384e+00
-4.70395018e-01
1.40956027e+00
0.00000000e+00
0.00000000e+00
0.00000000e+00
0.00000000e+00
4.43194538e-01
7.14350843e-01
-1.47849878e-01
0.00000000e+00
0.00000000e+00
8.41211593e-01
2.96804544e-01
4.39342515e-01
-4.19461939e-01
0.00000000e+00
-1.70607527e+00
-4.11210780e-01
-2.96043942e-01
-3.00432836e-01
-5.30124334e-01
-4.35342734e-01
4.45718687e-01
-1.90065438e-01
-2.93580783e-01
0.00000000e+00
1.54855975e+00
-5.88207884e-01
4.44782841e-01
-7.21220010e-02
0.00000000e+00
1.27576918e+00
-3.02101446e-02
2.98463950e-01
-3.27671304e-01
0.00000000e+00
-1.11576698e-01
-5.90001993e-01
-1.39353367e-02
-1.64187613e-01
0.00000000e+00
-9.54622516e-02
-3.86940573e-01
-4.70887033e-02
9.01487171e-02
-2.91493478e-01
-1.35625512e+00
-1.33837010e+00
0.00000000e+00
0.00000000e+00
0.00000000e+00
6.09549341e-01
-5.63923449e-01
-3.53132091e-01
3.29262515e-01
-2.96867244e+00
-6.15889806e-01
6.46706020e-01
6.23505961e-01
8.99684991e-01
0.00000000e+00
7.07198016e-01
8.46661410e-01
-1.15958916e+00
3.66242760e-01
9.94762460e-01
3.03729132e-01
4.85723996e-02
-2.05709076e+00
-4.85169012e-01
4.89221612e-01
-2.45449598e+00
0.00000000e+00
0.00000000e+00
0.00000000e+00
-4.36308584e-02
4.31548877e-01
-1.44680049e+00
-3.61131154e-01
-1.88500805e-01
-1.31221813e+00
8.70692372e-02
4.83444069e-01
2.85244325e-01
0.00000000e+00
1.44384603e-01
2.40797141e+00
-2.67452698e-01
1.58433648e-01
2.67088399e-01
-1.20219009e-01
2.91495581e-01
-1.63620045e+00
5.97979106e-01
8.37147036e-01
8 1
-1.0484e+00 2.9373e-01
8 0
1 2 6 0 11 9 3 10 
217
8.05859201e-01
-8.94646945e-01
-4.87588455e-01
-9.04351713e-04
5.74673377e-01
-5.08019147e-02
5.00507846e-01
-8.34189888e-01
-7.22237671e-01
2.72866502e+00
4.52915648e-01
-1.97190645e-01
0.00000000e+00
0.00000000e+00
0.00000000e+00
0.00000000e+00
0.00000000e+00
3.81920184e-02
2.37554035e-02
1.23353035e+00
1.22877677e-02
2.13857182e-02
7.13652352e-01
7.55379414e-01
5.36237255e-03
1.14079324e-01
0.00000000e+00
0.00000000e+00
0.00000000e+00
0.00000000e+00
0.00000000e+00
0.00000000e+00
0.00000000e+00
6.31840157e-01
-1.75601365e-01
3.49620408e-01
0.00000000e+00
-2.25073177e+00
-1.52846820e+00
-8.93334670e-01
1.44619800e-02
9.70165440e-01
1.41319336e+00
2.03325674e+00
0.00000000e+00
-9.97740185e-01
-9.48780666e-01
-1.59969287e+00
0.00000000e+00
6.34558454e-02
6.21592430e-01
6.87989781e-01
9.93610098e-01
4.94016702e-01
1.76499534e-01
2.42756817e-01
0.00000000e+00
6.60836507e-01
1.68537854e-01
1.20087384e+00
-8.53921037e-02
5.89227475e-02
-2.14987761e-01
-9.71968101e-02
1.50559570e-01
-8.90717538e-02
7.44524789e-01
9.33886863e-01
7.97165181e-03
5.99423505e-01
0.00000000e+00
-3.99497712e-01
-2.92562022e-01
4.45364194e-01
1.32385632e-01
1.04412527e-01
4.45322820e-01
0.00000000e+00
9.90666204e-01
-4.05586856e-01
5.33689097e-01
-2.90434355e-01
-7.18496101e-01
9.89561893e-04
0.00000000e+00
8.88451812e-01
-2.49063400e-01
3.22848374e-02
3.81319353e-01
-1.14877449e-01
1.21085488e+00
0.00000000e+00
4.93691380e-01
-4.45646991e-01
-1.94356972e-01
-8.26418687e-01
5.06524793e-01
1.02986170e+00
1.36161610e+00
2.76042887e-01
-4.02063155e-01
-5.18359450e-01
2.58868606e-02
-3.13440333e-01
4.55990842e-02
0.00000000e+00
7.90152882e-01
-1.37474786e-01
1.53471845e-01
-8.65044352e-01
-1.37765527e-01
-3.18370268e-01
0.00000000e+00
1.08855576e+00
-1.91434250e-01
-4.73701342e-01
3.09091791e-01
1.91004784e-01
2.42993742e-01
-9.94507266e-01
-1.53444970e+00
-2.67977703e+00
0.00000000e+00
0.00000000e+00
0.00000000e+00
7.93234474e-01
9.69957386e-01
9.29314949e-01
1.60189555e+00
-3.43037406e-01
1.18776811e+00
1.62594048e+00
2.36829366e+00
1.60619109e+00
0.00000000e+00
2.81196345e+00
1.96858583e+00
-4.57418032e-01
1.49261785e+00
1.83140931e+00
1.50184421e+00
1.72816118e+00
1.65456709e-01
8.68500890e-01
1.77911179e+00
-1.31670466e+00
0.00000000e+00
0.00000000e+00
0.00000000e+00
2.27840892e+00
1.43978200e+00
9.07993763e-01
6.15097060e-01
-4.50162326e-01
5.84314906e-01
1.39078212e+00
4.95207701e-01
1.38400147e+00
0.00000000e+00
2.82244845e-01
1.17012348e+00
1.26825628e+00
1.13583409e+00
1.59076361e+00
1.40206507e+00
7.16568560e-01
-1.21782687e-01
8.67719265e-02
1.57483764e+00
-2.54896348e+00
0.00000000e+00
0.00000000e+00
0.00000000e+00
2.27339981e-01
1.82354988e+00
-5.21643007e-01
-4.42752865e-01
0.00000000e+00
-1.14488203e-01
1.74893290e+00
6.68776222e-01
1.46960516e+00
0.00000000e+00
1.48059164e-01
1.60476709e+00
-6.96574226e-01
1.06844603e+00
-5.94405471e-01
6.65319655e-01
1.11198682e+00
-3.20016145e-04
-1.11516126e-01
7.45527238e-01
-1.04426940e+00
0.00000000e+00
0.00000000e+00
0.00000000e+00
1.03579934e+00
7.86946608e-01
3.68155579e-01
1.76735977e+00
0.00000000e+00
-6.42850289e-01
-1.06277589e+00
6.72235059e-01
1.73278646e-01
0.00000000e+00
8.22167874e-01
7.96404801e-01
4.17940609e-01
-9.69000254e-03
1.21466135e+00
6.51891335e-01
1.27154147e-01
-4.25555108e-04
-1.20840752e-01
6.69175983e-01
136
5.47928232e-01
0.00000000e+00
0.00000000e+00
-8.97726460e-01
3.84069985e-02
-6.80758390e-02
2.63540207e-02
1.42578716e+00
4.14431012e-03
0.00000000e+00
0.00000000e+00
0.00000000e+00
0.00000000e+00
0.00000000e+00
0.00000000e+00
0.00000000e+00
3.79387906e-01
-1.08770363e-02
1.79417363e-01
-7.65231167e-01
7.51662157e-02
1.07724530e-01
3.47849842e-02
2.52455959e-01
2.84259075e-01
2.95317124e-01
2.63451511e-01
-6.04635444e-01
-8.10598296e-02
-1.26931172e+00
-8.23800869e-01
3.79083463e-01
4.16758050e-01
-6.04472743e-01
9.34903710e-01
2.40177983e-01
8.35421117e-01
-1.08689275e+00
6.84059268e-01
-3.12134949e-01
7.38258554e-01
-3.55030026e-01
1.45660442e+00
0.00000000e+00
0.00000000e+00
0.00000000e+00
-1.87471273e+00
-1.73850346e+00
3.56668616e-01
-4.66004103e-01
-2.53562149e-01
6.75245513e-01
9.36623432e-01
3.32844195e-01
4.63490010e-01
-4.71849481e-01
0.00000000e+00
-2.10604225e+00
-5.02818734e-01
-3.50646785e-01
-3.52540692e-01
-3.40421435e-01
-3.89042583e-01
5.02226533e-01
-1.40908731e-01
-2.03653818e-01
0.00000000e+00
1.79389922e+00
-6.58396203e-01
4.90239602e-01
-2.89118414e-01
3.52269918e-01
-2.03604233e-01
-1.94302308e-01
9.75692330e-03
-3.70747076e-01
0.00000000e+00
5.58547444e-01
-5.18077700e-01
1.64269455e-01
-3.72575059e-01
0.00000000e+00
4.53273634e-01
-3.25465859e-01
8.49908369e-02
-9.69110424e-02
5.79579034e-03
-1.23513663e+00
-1.30596796e+00
0.00000000e+00
0.00000000e+00
0.00000000e+00
6.50399148e-01
-4.36252966e-01
-4.16086067e-01
2.26780596e-01
-3.05562878e+00
-8.29123786e-01
6.80896913e-01
6.88219792e-01
9.71572970e-01
0.00000000e+00
6.07346153e-01
9.07758650e-01
-1.16889919e+00
3.65075050e-01
1.02848643e+00
3.53757305e-01
1.23792337e-02
-1.80152555e+00
-5.06087372e-01
4.14963511e-01
-2.47300587e+00
0.00000000e+00
0.00000000e+00
0.00000000e+00
1.83931245e-01
1.09534325e+00
-1.33056371e+00
-2.94840161e-01
-7.11229367e-02
-1.37094671e+00
8.89471795e-02
8.19296862e-01
4.46164892e-01
0.00000000e+00
-1.76281208e-01
2.34731266e+00
-2.29152833e-01
6.13089408e-01
1.99825805e-01
1.24172497e-01
2.42820711e-01
-2.02197551e+00
3.47357614e-01
8.64361327e-01
12 1
-1.2821e+00 3.5667e-01
8 1
1 2 6 0 11 9 3 10 
217
6.72660018e-01
-1.97684110e-01
-1.48537905e-01
-3.95573811e-01
-1.12999918e-02
-3.26873821e-01
-4.36475931e-01
8.87911208e-01
5.64207481e-01
-4.73398421e-01
0.00000000e+00
0.00000000e+00
0.00000000e+00
0.00000000e+00
-1.25015437e-01
6.81004385e-03
2.99662880e-01
5.92058590e-01
-7.42058345e-03
9.35207661e-01
2.79991978e-01
3.67896060e-03
7.38323159e-01
-7.43751122e-02
1.29217878e-01
4.93721392e-01
0.00000000e+00
0.00000000e+00
0.00000000e+00
0.00000000e+00
0.00000000e+00
0.00000000e+00
0.00000000e+00
6.12927849e-01
-4.74614690e-02
1.07193638e-01
0.00000000e+00
-2.26579408e-01
-7.09170037e-02
-9.26697565e-02
-2.18597555e-01
1.81156063e-01
-1.68408579e-01
8.97667265e-01
0.00000000e+00
-7.98459951e-01
-1.12156301e-01
-1.06847061e+00
2.27555358e+00
-3.23522594e-01
-3.71156823e-01
5.37811921e-01
1.50173153e+00
1.88317937e-01
-2.30761863e-01
3.85133456e-01
0.00000000e+00
6.16751207e-02
4.06565069e-02
1.93506410e+00
9.80572816e-02
4.41946273e-01
-2.38352529e-01
0.00000000e+00
-2.44889355e-01
-1.87305434e-02
6.89292396e-01
1.69409609e-01
2.28256977e-01
7.57329163e-01
0.00000000e+00
-4.43460363e-01
-1.16761305e+00
6.42757461e-01
1.50275207e-01
4.73362920e-01
5.11341220e-01
0.00000000e+00
2.36343186e-01
1.00407801e-01
3.39355277e-02
-1.59312264e-01
4.02381304e-01
1.57689937e+00
0.00000000e+00
5.10608207e-01
8.81166402e-02
-2.67260472e-01
8.77323038e-01
4.29312283e-01
7.76971144e-01
0.00000000e+00
9.45007879e-02
5.03634645e-01
4.04440675e-01
-6.46901442e-01
1.73718555e-01
1.36008946e-01
0.00000000e+00
1.12789322e-01
-4.93866102e-01
6.34015521e-01
-2.20964874e-01
-7.41448254e-02
-1.00947901e+00
0.00000000e+00
2.15475750e-01
9.48050100e-01
2.12358454e-01
-1.13850375e+00
2.44825814e-01
-1.24552017e-01
0.00000000e+00
-4.82989669e-02
-3.19741750e-01
1.33374783e-01
-8.51871057e-01
5.87584201e-01
8.36936405e-01
-9.57571138e-02
-1.44268768e+00
-2.15212921e+00
0.00000000e+00
0.00000000e+00
0.00000000e+00
1.32678297e+00
4.08710711e-01
-2.29803515e-02
1.75786977e+00
-9.04713027e-02
5.39318618e-01
2.03532949e+00
1.25655696e+00
2.25194514e+00
0.00000000e+00
1.54418243e+00
2.19482438e+00
-2.93395896e-01
1.04881259e+00
9.84061290e-01
1.08588543e+00
7.48709322e-01
-6.60535758e-01
8.19536860e-01
2.02235827e+00
-1.58611696e+00
0.00000000e+00
0.00000000e+00
0.00000000e+00
1.02381709e+00
7.29187599e-01
1.97587655e+00
8.71499684e-02
-3.54552950e-02
-2.33121070e-01
-8.43752569e-02
1.77680808e+00
9.39861229e-01
0.00000000e+00
3.89320952e-01
6.56938908e-01
8.69517095e-01
1.08993380e+00
1.71735450e+00
1.22272745e+00
9.64557969e-01
-5.27015264e-01
3.73627180e-01
-3.59215973e-01
-2.80117319e+00
0.00000000e+00
0.00000000e+00
0.00000000e+00
2.68822655e-01
1.60679104e+00
-4.40741986e-01
5.89345395e-01
-3.90973796e-02
-5.42443540e-01
1.48055092e+00
6.72081076e-01
1.51852774e+00
0.00000000e+00
-8.38956547e-03
2.90625008e+00
1.29140318e+00
2.04606580e+00
0.00000000e+00
4.26920329e-01
1.57395340e+00
-1.10132429e-01
-5.31674151e-03
2.45645719e+00
-1.24035994e+00
0.00000000e+00
0.00000000e+00
0.00000000e+00
1.36601168e+00
2.49562936e-01
-1.04692251e+00
6.38543015e-01
-4.40426911e-03
8.21891077e-01
1.99916013e-01
1.11282821e+00
1.18355810e+00
0.00000000e+00
9.50927688e-01
9.67584117e-01
-3.73358439e-01
-1.20209942e+00
0.00000000e+00
1.34551067e+00
4.84895275e-01
-4.91738059e-02
-1.71225122e-03
-9.11756350e-01
136
7.02424839e-01
4.28248479e-02
-2.50494220e-02
9.51374469e-01
-1.72593034e-02
-1.55350842e-01
1.99278865e-04
-1.36423635e-01
1.34113618e-02
0.00000000e+00
0.00000000e+00
0.00000000e+00
0.00000000e+00
0.00000000e+00
0.00000000e+00
0.00000000e+00
4.38373476e-01
-5.12877168e-02
3.16053782e-01
-9.01940942e-01
-1.03683946e-01
-9.87887154e-02
-3.05612391e-02
1.74657373e-01
3.59904937e-01
5.47405677e-01
7.55431695e-01
-7.73522921e-01
2.71103859e-02
-1.11242738e+00
-5.48790754e-01
-1.65569231e-01
5.24054243e-01
-6.88396336e-01
1.19713776e+00
-1.29141629e-01
1.01399915e+00
-1.12688696e+00
9.45218536e-01
-4.13532377e-01
9.56006190e-01
-5.63952716e-01
1.56111889e+00
0.00000000e+00
0.00000000e+00
0.00000000e+00
0.00000000e+00
4.25511171e-01
5.77440158e-01
-1.50719801e-01
-2.01507953e-01
0.00000000e+00
1.04318422e+00
2.50126870e-01
4.49446294e-01
-4.45736083e-01
0.00000000e+00
-1.70444158e+00
-3.17183179e-01
-3.46049464e-01
-3.72921837e-01
-6.19880719e-01
-4.86356951e-01
5.00204135e-01
-2.05891535e-01
-2.32997795e-01
0.00000000e+00
1.66246117e+00
-4.79990857e-01
4.47116018e-01
-2.38050729e-01
0.00000000e+00
8.00529291e-01
-2.90454658e-02
2.21148691e-01
-3.57698462e-01
0.00000000e+00
1.74048441e-01
-5.41589399e-01
4.36138831e-02
-1.00087482e-01
0.00000000e+00
-6.32166137e-02
-4.03759373e-01
-3.39350216e-02
1.04026382e-02
-4.92166653e-02
-1.36606547e+00
-1.34599609e+00
0.00000000e+00
0.00000000e+00
0.00000000e+00
6.21107340e-01
-3.28252613e-01
-4.60218587e-01
1.59442712e-01
-3.20865199e+00
-6.74068133e-01
6.97649276e-01
6.95020582e-01
9.60394519e-01
0.00000000e+00
6.84716494e-01
7.54091941e-01
-1.07704119e+00
2.91145568e-01
1.06753516e+00
3.51944315e-01
1.71362127e-02
-1.84362840e+00
-4.85333387e-01
4.31014079e-01
-2.44267205e+00
0.00000000e+00
0.00000000e+00
0.00000000e+00
-1.61908552e-02
6.49726583e-01
-1.20151247e+00
-3.53986058e-01
-6.79987889e-02
-1.26761283e+00
2.65691933e-01
5.24463838e-01
4.61317301e-01
0.00000000e+00
-2.37457701e-02
2.37167611e+00
-3.84046762e-01
2.08867209e-01
1.45023490e-01
-1.14391792e-01
2.53380240e-01
-2.04293867e+00
1.74809060e-01
7.37716290e-01
