1 3 -999999999 -1 -1
1 1 0 -1 -1
0.3296 -0.7487
356
1.73874217e+00
5.97106671e-01
1.14163550e+00
-2.47946783e-01
3.08878790e-01
-3.80108344e-01
2.60380302e-01
0.00000000e+00
0.00000000e+00
-1.86718731e-01
-8.81857566e-01
1.13350055e-01
-2.14758079e-01
-1.73575446e-01
-1.85981820e-01
1.11610483e-01
0.00000000e+00
0.00000000e+00
0.00000000e+00
0.00000000e+00
0.00000000e+00
0.00000000e+00
0.00000000e+00
0.00000000e+00
0.00000000e+00
0.00000000e+00
0.00000000e+00
0.00000000e+00
0.00000000e+00
0.00000000e+00
0.00000000e+00
0.00000000e+00
0.00000000e+00
0.00000000e+00
0.00000000e+00
0.00000000e+00
0.00000000e+00
0.00000000e+00
0.00000000e+00
0.00000000e+00
0.00000000e+00
0.00000000e+00
0.00000000e+00
0.00000000e+00
0.00000000e+00
0.00000000e+00
0.00000000e+00
0.00000000e+00
0.00000000e+00
0.00000000e+00
0.00000000e+00
-3.30433438e-01
-1.71072090e+00
1.83190554e+00
0.00000000e+00
0.00000000e+00
0.00000000e+00
0.00000000e+00
4.83929425e-01
7.71025613e-01
1.42652964e+00
-1.60181219e-01
1.02940322e+00
-1.75115564e+00
-1.20112010e+00
-2.90988550e-01
0.00000000e+00
0.00000000e+00
1.59807247e-02
-3.96839832e-02
1.97309466e-01
5.20742870e-01
-4.60222026e-03
-6.67301843e-01
3.52214000e-01
1.00220810e-02
-5.61614169e-01
8.49804580e-01
-4.17427219e-03
-5.17717489e-01
0.00000000e+00
0.00000000e+00
0.00000000e+00
0.00000000e+00
0.00000000e+00
0.00000000e+00
0.00000000e+00
1.19940746e+00
7.13899025e-01
-1.74564311e-01
-4.31647785e-01
-4.08006313e-01
-5.80087562e-02
-2.04697403e-01
-4.78228361e-01
-4.26733501e-01
2.89407892e-01
5.08609064e-01
2.67868455e-01
-6.83469382e-02
-1.41388504e-01
1.50946058e-01
0.00000000e+00
0.00000000e+00
3.36986945e+00
4.25072565e+00
0.00000000e+00
0.00000000e+00
0.00000000e+00
0.00000000e+00
0.00000000e+00
0.00000000e+00
8.60304898e-03
-2.07522026e-01
3.65555292e-02
2.36244266e-01
-4.91672333e-01
-1.21333576e+00
1.50636484e+00
8.02640733e-01
0.00000000e+00
-3.94335211e-01
0.00000000e+00
-1.62413898e+00
5.06196358e-01
-3.79948861e-01
-1.12248943e-01
-8.61441091e-02
-1.61702115e+00
-1.53776596e-01
5.58646257e+00
5.34861807e+00
5.74201253e+00
5.56313758e+00
5.55586389e+00
5.80638588e+00
-6.39392746e-01
1.17604690e-01
-1.93625854e-01
-3.21513693e-01
9.16954818e-01
-1.84705199e-02
-2.97545548e-02
-4.27473028e-01
-9.75534132e-01
-6.42518688e-01
-4.54684601e-01
-1.15689032e-01
0.00000000e+00
0.00000000e+00
0.00000000e+00
0.00000000e+00
-6.69040182e-01
5.23926195e+00
0.00000000e+00
0.00000000e+00
2.40778236e+00
-3.87794328e-01
0.00000000e+00
-1.01209760e+00
-3.98863297e-01
-6.66790291e-01
-1.23226398e+00
-8.33095585e-01
-1.63112727e+00
0.00000000e+00
0.00000000e+00
0.00000000e+00
1.71817198e-01
-1.11168772e+00
-8.80666691e-01
-2.52714970e-01
2.81585206e-01
-2.13833691e-01
5.08582333e-02
5.87798586e-01
-1.14019967e-01
0.00000000e+00
8.74650998e-02
7.23893395e-01
-6.71511451e-01
8.71711170e-01
1.50954178e+00
9.40207073e-01
-6.83703470e-01
-2.57259093e+00
-1.30145252e+00
9.46176404e-01
2.50126850e-01
0.00000000e+00
0.00000000e+00
0.00000000e+00
4.41638387e-01
4.95172365e-02
1.92256170e-01
5.24889549e-01
-8.55274266e-01
2.83109984e-01
3.93935848e-01
1.95620605e-01
3.24655199e-03
0.00000000e+00
3.13962410e-02
-1.15517025e-01
-1.81603971e-01
5.40619653e-02
-9.49437659e-01
-7.18208896e-03
2.56589691e-01
-1.56704276e-02
-2.71882076e-02
-2.42617342e-02
-8.91070632e-01
-2.33344413e-01
0.00000000e+00
2.99091214e-04
5.31836026e-01
1.45179315e-01
1.32548819e-02
-3.91778610e-01
-1.89209176e-01
0.00000000e+00
0.00000000e+00
0.00000000e+00
-2.75825641e-01
1.30748503e-02
-9.38132455e-02
-4.73764138e-01
5.90363873e-01
1.31940709e-01
-4.00395033e-01
4.04906827e-01
2.49282041e-01
0.00000000e+00
-5.84525146e-01
-3.56712988e-01
-3.50329546e-01
-2.82955939e-02
7.29475680e-01
-3.15321858e-01
2.17242571e-01
1.87282954e-01
-1.47123572e-01
3.13328080e-01
-6.57726219e-01
0.00000000e+00
1.87905696e-01
1.68313871e-01
-7.40056641e-01
-1.65518883e-01
0.00000000e+00
0.00000000e+00
-1.31924526e-01
3.62087532e-01
7.67469679e-02
-6.04353383e-01
-5.74537757e-01
0.00000000e+00
0.00000000e+00
-1.89462293e-01
-1.49988588e+00
0.00000000e+00
0.00000000e+00
0.00000000e+00
-2.04789829e-01
-1.97276103e+00
4.37171664e-01
-2.47683983e-01
-1.36695439e-01
-1.54863897e-01
1.50718175e+00
8.90493468e-01
1.10206024e-01
0.00000000e+00
4.37091722e-01
2.21732449e+00
-4.82722859e-01
1.12281287e+00
-1.21998355e+00
7.58544115e-01
1.06727019e-01
0.00000000e+00
-1.19493023e+00
9.43805254e-01
7.17567669e-01
0.00000000e+00
0.00000000e+00
0.00000000e+00
-7.08881697e-02
1.56262214e+00
-3.31989275e-01
6.10665000e-01
1.78941993e-01
6.89604601e-01
-1.59442722e-02
-3.15194402e-01
6.92180850e-01
0.00000000e+00
-2.14340411e-01
-2.81802004e-01
2.17118254e-01
5.27681609e-01
-6.48388101e-01
4.99170593e-02
-4.19963013e-01
0.00000000e+00
9.87877736e-01
2.70364612e-01
-8.78767546e-01
-3.21648303e-01
3.86630777e-01
5.98059699e-01
3.20177416e-01
3.20304832e-02
-2.62434930e-02
-3.27435294e-01
-1.05218082e+00
0.00000000e+00
0.00000000e+00
0.00000000e+00
6.74058202e-03
-6.08115929e-01
9.36664925e-01
2.43317059e-01
-1.03296759e+00
-7.64844487e-01
8.19031608e-02
-5.48935744e-01
-6.27100110e-01
0.00000000e+00
4.05202730e-01
6.56516599e-01
4.38727166e-01
-5.14260935e-01
-9.73339917e-02
6.46435999e-01
8.18160989e-02
0.00000000e+00
2.33429927e-01
-2.12530403e-01
-5.57119243e-01
2.00340708e+00
-3.79003348e-02
-9.49469240e-01
-6.21118330e-01
-3.45141988e-01
7.83397456e-02
-2.65060040e-01
-1.58421694e-01
3.38850570e-01
-1.84468150e-01
-4.99524408e-01
-2.75976342e-01
1.58818684e+00
-7.22536365e-01
0.00000000e+00
247
-1.09349204e+00
-7.94446503e-01
-2.99045534e-01
-7.92659693e-01
-1.78681054e-03
-9.19766281e-02
-3.25976449e-01
-3.38273443e-01
0.00000000e+00
0.00000000e+00
-3.84359287e-01
-9.65888762e-01
-1.22510400e-01
-1.65810606e-01
0.00000000e+00
0.00000000e+00
0.00000000e+00
0.00000000e+00
0.00000000e+00
0.00000000e+00
0.00000000e+00
0.00000000e+00
0.00000000e+00
0.00000000e+00
0.00000000e+00
0.00000000e+00
0.00000000e+00
0.00000000e+00
0.00000000e+00
0.00000000e+00
0.00000000e+00
0.00000000e+00
0.00000000e+00
0.00000000e+00
0.00000000e+00
0.00000000e+00
0.00000000e+00
0.00000000e+00
0.00000000e+00
0.00000000e+00
0.00000000e+00
-2.02464953e-01
3.12653482e-02
-2.63511989e-01
4.97691754e-05
-7.94952756e-01
1.51721913e-02
1.67437661e-01
6.41229563e-03
0.00000000e+00
0.00000000e+00
0.00000000e+00
0.00000000e+00
0.00000000e+00
0.00000000e+00
0.00000000e+00
-3.71262028e-01
-5.57692302e-01
-1.64537707e-01
2.38904771e+00
4.39679910e+00
0.00000000e+00
0.00000000e+00
0.00000000e+00
0.00000000e+00
0.00000000e+00
0.00000000e+00
-2.89271857e-01
-1.87399813e-01
-2.44169428e-01
-5.50826082e-01
-7.55896207e-01
-1.45497636e+00
1.43823704e-02
7.90020277e-01
0.00000000e+00
0.00000000e+00
0.00000000e+00
-2.33599106e-01
-5.09238582e-01
-1.80383040e-01
-4.56968232e-01
-4.00064049e-01
-7.69508557e-01
8.37061360e-03
7.52005834e+00
7.51795511e+00
7.62291688e+00
7.34629261e+00
7.53389989e+00
7.37432181e+00
-1.03805718e+00
-1.14007579e+00
-8.57296530e-01
-1.39854798e-01
4.27374308e-01
-1.30008393e+00
0.00000000e+00
-3.58917650e-01
-8.41039641e-01
-1.39949621e-01
1.60635852e-01
7.35804348e-02
0.00000000e+00
-3.18249929e+00
6.53166119e+00
0.00000000e+00
2.08900725e+00
1.18332996e+00
0.00000000e+00
-3.27165018e+00
-1.44556486e+00
-2.00513827e+00
-8.98486555e-01
-1.32015440e+00
-3.45070313e+00
0.00000000e+00
0.00000000e+00
0.00000000e+00
1.31887099e+00
-5.07196586e-01
1.22811856e+00
6.92288273e-01
1.31978886e+00
8.49632277e-01
1.54680582e+00
1.38180015e+00
1.64057365e+00
0.00000000e+00
1.74461770e+00
1.69052655e+00
1.40820334e+00
1.93142199e+00
2.11539050e+00
1.87567803e+00
1.01041017e+00
0.00000000e+00
-9.78817652e-02
2.02559591e+00
-2.12619706e+00
-7.97660518e-01
0.00000000e+00
1.33263560e+00
1.01027553e+00
-1.48710030e+00
0.00000000e+00
0.00000000e+00
0.00000000e+00
1.90575998e+00
1.96272271e+00
1.67686584e+00
1.92690586e+00
0.00000000e+00
1.45015351e+00
1.63189620e+00
1.40799241e+00
1.65169180e+00
0.00000000e+00
1.80260640e+00
1.73064435e+00
1.57754030e+00
1.64609580e+00
0.00000000e+00
1.64139372e+00
1.70295970e+00
0.00000000e+00
1.49795941e+00
1.47838111e+00
-1.32853654e+00
0.00000000e+00
9.21468219e-01
2.47781732e-02
-1.32450607e+00
-6.47904344e-01
0.00000000e+00
1.42734188e-01
1.23333766e+00
-6.76601723e-01
0.00000000e+00
0.00000000e+00
6.16813546e-01
-2.21864096e+00
0.00000000e+00
0.00000000e+00
0.00000000e+00
-9.15103514e-01
-3.18811230e+00
2.53765404e-01
-7.45978121e-01
1.06396198e+00
2.19988078e-01
5.12246077e-01
-2.56602861e-02
-9.28341861e-02
0.00000000e+00
1.00042045e+00
1.61193813e+00
-7.53929923e-03
1.57701244e+00
8.15623582e-01
4.89403848e-01
-4.93849422e-01
0.00000000e+00
-3.25447751e-01
9.27576993e-01
-1.40148447e+00
-7.07216915e-01
4.89136904e-01
1.08361301e+00
6.22213270e-01
8.50692150e-01
0.00000000e+00
0.00000000e+00
0.00000000e+00
4.90717325e-02
1.38166629e+00
-3.62860305e-01
5.02498221e-01
4.33037963e-01
7.61826568e-01
1.03374586e-01
4.49585287e-01
8.99356759e-01
0.00000000e+00
-5.46454133e-01
-3.13020905e-01
-3.00837062e-01
-3.87815422e-01
1.48975197e-01
6.65985457e-02
2.35962650e-01
0.00000000e+00
0.00000000e+00
-3.73515459e-01
-6.94267556e-01
2.15627292e+00
5.10692330e-01
-2.08990987e-01
-8.17156486e-01
-1.91269640e-01
7.33364044e-01
-4.68126406e-02
0.00000000e+00
-6.25886846e-01
2.14898536e+00
-6.48848492e-01
0.00000000e+00
2 -999999999 10 1 -1
1 0 1 1 -1
-5.9185e-02 3.5518e-01
356
-8.78826140e-03
0.00000000e+00
0.00000000e+00
0.00000000e+00
0.00000000e+00
0.00000000e+00
0.00000000e+00
0.00000000e+00
0.00000000e+00
0.00000000e+00
0.00000000e+00
0.00000000e+00
0.00000000e+00
0.00000000e+00
0.00000000e+00
0.00000000e+00
-5.55659333e-02
4.67776719e-02
-6.52775597e-04
-1.40438508e-01
-3.57110027e-02
5.69024808e-01
0.00000000e+00
0.00000000e+00
-2.32186768e-01
1.96922697e-01
-4.28915811e-01
1.96014153e-01
3.29799816e-02
-6.99222532e-02
3.62894960e-02
7.93748086e-01
-8.02536348e-01
-1.37709483e+00
-2.25962738e+00
-5.71617878e-01
-6.19526626e-02
1.26308327e+00
1.31446040e+00
9.07759648e-01
1.36101199e+00
0.00000000e+00
0.00000000e+00
0.00000000e+00
0.00000000e+00
0.00000000e+00
0.00000000e+00
0.00000000e+00
0.00000000e+00
0.00000000e+00
0.00000000e+00
-6.20058528e-01
-3.52557922e-01
-2.97871662e-01
0.00000000e+00
0.00000000e+00
0.00000000e+00
0.00000000e+00
-1.52481274e-01
9.20687243e-01
9.53395219e-01
-7.23766731e-01
-5.13844334e-01
-8.87554915e-02
0.00000000e+00
0.00000000e+00
0.00000000e+00
0.00000000e+00
6.86161919e-01
-1.34396325e-02
1.18471722e-01
-4.72501012e-01
-5.92915220e-03
1.63926759e-01
-2.35271072e-01
3.60495485e-03
-4.19167818e-01
1.28219032e-02
-2.75513749e-03
-8.24628446e-01
0.00000000e+00
0.00000000e+00
0.00000000e+00
0.00000000e+00
0.00000000e+00
0.00000000e+00
0.00000000e+00
7.73195206e-01
6.36957261e-02
-8.45679194e-01
-5.28157557e-02
3.57223442e-01
-1.36928784e-01
3.39681037e-01
-2.39901494e-01
-5.77409750e-01
-1.95262447e-01
-1.39135074e-01
1.42500547e-01
4.50435592e-01
-1.46225566e-01
-9.17896822e-02
0.00000000e+00
0.00000000e+00
2.31221670e+00
4.97537729e+00
0.00000000e+00
0.00000000e+00
0.00000000e+00
0.00000000e+00
0.00000000e+00
0.00000000e+00
-3.43216096e-01
-8.45489066e-01
4.10696595e-02
2.18440305e-01
-4.38440634e-01
-9.53369129e-01
-7.87849683e-01
5.46119046e-01
0.00000000e+00
-4.04379809e-01
9.86484369e-01
-6.82454268e-01
-3.10293537e-01
-3.61593222e-01
8.31530893e-02
-8.39875239e-01
-1.95198158e+00
-7.02211980e-01
7.73667818e+00
7.49779985e+00
7.92049190e+00
7.92514017e+00
7.66290134e+00
7.61130636e+00
5.21612832e-01
6.00420016e-01
-1.36946808e-01
-2.74947076e-01
7.01895403e-01
-2.03379085e-01
2.78310172e-01
-2.76513513e-01
-1.01869417e+00
-4.45098168e-01
-8.36484166e-01
-8.28281517e-01
0.00000000e+00
0.00000000e+00
0.00000000e+00
0.00000000e+00
-9.01363083e-01
4.81778511e+00
0.00000000e+00
0.00000000e+00
8.92574821e-01
-1.54495562e-01
0.00000000e+00
-3.76072036e+00
-9.21665462e-01
-3.98130396e-01
-1.39933950e+00
-8.25314795e-01
-2.32100496e+00
0.00000000e+00
0.00000000e+00
0.00000000e+00
3.41583720e-01
-2.95446046e-01
-9.43308796e-01
2.05707369e-01
-3.12266639e-01
-4.57387807e-01
7.03881164e-01
4.92789116e-01
5.42595588e-02
0.00000000e+00
6.88504571e-01
1.40950484e-01
-5.47368308e-01
7.19509934e-01
1.19558922e+00
8.27136482e-01
-1.06715843e+00
-3.58565921e+00
-1.28341280e+00
8.01091449e-01
-4.40010088e-01
0.00000000e+00
0.00000000e+00
0.00000000e+00
-8.65253864e-02
-8.32581140e-01
-2.09969986e-01
5.93099962e-01
8.48598397e-01
1.35869110e-01
-2.13354391e-01
5.67925441e-01
6.66757026e-02
0.00000000e+00
-1.03876154e+00
-3.33833981e-01
-9.59151348e-01
-3.20391224e-01
-6.81553876e-01
4.43674888e-01
-5.06507236e-03
0.00000000e+00
6.41443189e-02
1.46062218e-01
-8.27852821e-01
-2.62909570e-01
0.00000000e+00
6.21966080e-01
4.91707788e-01
7.75322359e-02
-1.21560818e-01
-2.18880988e-01
4.81689085e-01
0.00000000e+00
0.00000000e+00
0.00000000e+00
-1.32904471e-01
8.95431694e-01
-3.83937411e-01
-4.06093549e-01
3.44526997e-01
1.95752002e-01
-5.73657026e-01
-5.15854411e-01
8.46277027e-02
0.00000000e+00
9.99439520e-01
-8.84145142e-01
1.17671761e+00
-1.00881207e-01
9.08665354e-01
2.66535566e-01
-2.44123633e-02
0.00000000e+00
3.10796579e-01
2.21346682e-01
-5.64943250e-01
0.00000000e+00
-1.89213153e-02
5.08212840e-01
-1.49315214e+00
-6.58755891e-01
0.00000000e+00
1.17169758e-01
3.05079961e-02
4.92769261e-02
-1.09510833e-01
-5.98521984e-01
-8.34396250e-01
0.00000000e+00
-7.53394719e-01
1.23782034e-01
-1.22344519e+00
0.00000000e+00
0.00000000e+00
0.00000000e+00
1.35671444e-01
-1.78497272e+00
-5.11518269e-01
5.83846883e-02
7.93857646e-01
-5.90846936e-01
2.93111534e-01
1.11304494e+00
1.09963819e+00
0.00000000e+00
-3.62282382e-01
2.64827365e+00
-3.63682527e-01
4.29096948e-01
7.40597101e-01
9.21514085e-01
-1.16704551e+00
0.00000000e+00
4.30133205e-01
6.65881301e-01
-2.04997165e-01
0.00000000e+00
0.00000000e+00
0.00000000e+00
2.16413719e-02
1.11274598e+00
2.79795238e-02
4.82912753e-01
-8.28242197e-04
-3.10376616e-01
-4.46535040e-02
4.49846755e-01
-2.74430206e-01
0.00000000e+00
7.28973437e-01
-1.47965679e+00
8.86145784e-01
3.58681884e-01
1.61397257e-01
-1.58847531e-02
4.31528562e-01
0.00000000e+00
8.73289891e-01
5.04432173e-02
-2.20957148e-01
-2.74947828e-01
6.66042487e-01
-1.82683269e-01
-2.12321111e-01
5.98480027e-02
-7.95553430e-02
-2.55240488e-01
-3.69810176e-01
0.00000000e+00
0.00000000e+00
0.00000000e+00
1.43697426e-01
-5.77265408e-01
7.20961428e-01
-2.96089306e-02
-2.61552893e+00
5.07224296e-01
8.57574953e-01
3.17828550e-01
2.51831040e-01
0.00000000e+00
-6.19173452e-01
2.18678824e+00
-1.20348593e+00
6.92100383e-03
-1.29557973e-01
6.56842318e-01
2.19508320e-01
0.00000000e+00
6.55343386e-02
-5.14747639e-01
5.39906802e-02
-7.37364223e-01
-1.63940832e+00
-9.42886267e-01
-1.00248804e+00
-1.23182568e-01
3.40230380e-01
-2.25878783e-01
0.00000000e+00
-3.25553440e-02
4.83762810e-03
-9.54648518e-02
-8.79305475e-01
2.28876344e-02
-1.98566686e-01
0.00000000e+00
247
-6.46929762e-01
0.00000000e+00
0.00000000e+00
0.00000000e+00
0.00000000e+00
0.00000000e+00
0.00000000e+00
0.00000000e+00
0.00000000e+00
6.64800202e-01
0.00000000e+00
0.00000000e+00
0.00000000e+00
0.00000000e+00
-2.44836855e-01
-4.02092907e-01
-6.01010939e-02
-1.84735761e-01
-1.82126798e-01
-5.12778916e-01
0.00000000e+00
0.00000000e+00
0.00000000e+00
-2.29757380e-01
-6.80116868e-01
3.58973329e-01
4.92894230e-01
4.83272686e-01
-1.13020245e+00
3.51677181e+00
-3.03349912e+00
-8.45033752e-01
-2.82093193e-02
-1.21228063e+00
0.00000000e+00
0.00000000e+00
0.00000000e+00
0.00000000e+00
0.00000000e+00
0.00000000e+00
0.00000000e+00
6.88682139e-02
8.83976733e-03
-4.38855789e-01
2.71453298e-03
-2.63287202e-01
8.51160904e-03
-1.36549850e-02
-1.25884966e-03
0.00000000e+00
0.00000000e+00
0.00000000e+00
0.00000000e+00
0.00000000e+00
0.00000000e+00
0.00000000e+00
3.20195425e-01
-1.60486066e-01
-8.06639120e-01
2.04219288e+00
5.13048441e+00
0.00000000e+00
0.00000000e+00
0.00000000e+00
0.00000000e+00
0.00000000e+00
0.00000000e+00
3.90133129e-01
-6.77482274e-01
6.97590343e-03
7.73503392e-02
-1.00706958e+00
-1.47903015e+00
-7.14029135e-01
5.37692854e-01
0.00000000e+00
-4.80612844e-01
0.00000000e+00
1.75475322e+00
-2.49302675e-01
-3.08246940e-01
-7.15134259e-03
-9.37738151e-01
-1.69172323e+00
-5.04177823e-01
8.28303790e+00
8.17962063e+00
8.34198255e+00
8.31192884e+00
8.57772037e+00
8.51560469e+00
-1.03973185e+00
-1.10827953e-01
-4.12164389e-01
-6.36931361e-01
6.28071020e-01
-6.29750779e-01
6.35518134e-01
-4.28283402e-01
-1.18703348e+00
-2.72351852e-01
-7.71613479e-02
-1.12866099e+00
0.00000000e+00
-2.07907401e+00
6.58310316e+00
0.00000000e+00
1.43214424e+00
-2.20723640e-01
0.00000000e+00
-3.71078636e+00
-1.19502660e+00
-1.42631205e+00
-8.73070459e-01
-1.19355736e+00
-2.62133865e+00
0.00000000e+00
0.00000000e+00
0.00000000e+00
5.22355556e-02
-8.32420985e-01
-8.43143595e-01
4.01740356e-01
-1.03152050e+00
1.48894647e-01
1.24276990e+00
1.09986435e-01
-1.41512959e-01
0.00000000e+00
-1.66673379e-01
6.11697345e-01
-1.24326446e+00
5.85276371e-01
8.27144014e-01
8.72471048e-01
-6.17127617e-01
-2.02361679e+00
-1.56818900e+00
9.93914968e-01
-1.25329984e+00
-3.92706710e-01
0.00000000e+00
1.98901118e-01
2.81709764e-01
-4.44734604e-01
0.00000000e+00
0.00000000e+00
0.00000000e+00
-5.90329363e-01
-1.25801113e+00
-2.20467594e-01
6.26609613e-01
1.86278579e-02
-1.43261414e-01
1.99678991e-01
7.51605084e-01
2.07550087e-02
0.00000000e+00
-4.21051935e-02
2.32402195e-01
-3.02031689e-01
2.74817619e-01
-3.26992893e-01
1.30710826e-01
-1.90039000e-01
9.70369580e-01
-2.37153820e-01
-3.59919279e-01
-8.60593125e-01
0.00000000e+00
-2.27753816e-01
3.40877581e-01
-1.36803882e+00
-8.02319893e-01
0.00000000e+00
0.00000000e+00
-3.81959847e-01
-5.65718924e-01
0.00000000e+00
0.00000000e+00
-1.39929992e-01
-2.06662782e+00
0.00000000e+00
0.00000000e+00
0.00000000e+00
1.10800230e+00
3.79925638e-03
3.32718949e-01
4.22211042e-01
4.17219264e-02
1.00523952e+00
1.25953262e+00
8.57426985e-01
1.59770508e+00
0.00000000e+00
1.49446363e+00
3.04645103e+00
7.08072650e-01
1.63427072e+00
-5.67387052e-01
1.32549080e+00
3.61445473e-01
0.00000000e+00
6.27353395e-01
1.85494679e+00
-8.07677954e-01
-7.58091260e-01
2.32417377e+00
1.73832341e+00
1.86631162e+00
-3.17385506e-01
0.00000000e+00
0.00000000e+00
0.00000000e+00
3.87759583e-01
8.15036327e-01
3.66415502e-01
5.62208007e-01
1.15985154e+00
-3.34591416e-02
3.19361647e-01
6.09605942e-01
5.70423752e-01
0.00000000e+00
7.53094695e-01
-8.34484079e-01
5.02591402e-01
1.08286368e+00
-6.36866409e-01
2.24099896e-01
-1.74956706e-01
0.00000000e+00
6.74033785e-01
2.76582219e-01
-4.95866939e-02
2.61213183e-01
4.67387755e-02
5.21464648e-01
-1.25894986e+00
-1.14979199e-01
1.40965740e+00
2.95303642e-01
0.00000000e+00
-1.14397066e+00
1.27136520e+00
1.12176917e+00
0.00000000e+00
0 -999999999 7 1 2
1 0 1 1 1
-3.1337e-02 3.6947e-01
356
1.08251191e+00
0.00000000e+00
0.00000000e+00
0.00000000e+00
0.00000000e+00
0.00000000e+00
0.00000000e+00
0.00000000e+00
0.00000000e+00
0.00000000e+00
0.00000000e+00
0.00000000e+00
0.00000000e+00
0.00000000e+00
0.00000000e+00
0.00000000e+00
6.13526202e-01
4.68985707e-01
1.05572420e-01
-1.48667071e-01
-1.69150079e-01
2.83563602e-01
0.00000000e+00
0.00000000e+00
-8.53056554e-01
-4.79722510e-01
1.10808577e-01
-1.61195688e-01
8.87391091e-03
3.77824529e-02
5.89160560e-02
9.80133750e-01
1.02378159e-01
-1.51275625e+00
-8.31890856e-01
-4.13720350e-02
-1.51796811e-02
1.43972919e+00
-3.17364430e-02
1.05316081e+00
1.82508339e+00
9.84245226e-01
9.82666824e-02
-6.23591408e-01
-1.41175999e-01
5.50532079e-01
6.07665218e-02
8.79965963e-01
-7.86401666e-01
7.27870671e-01
1.45188514e-01
-2.41304023e-01
-1.62817590e+00
-3.41140144e-01
0.00000000e+00
0.00000000e+00
0.00000000e+00
0.00000000e+00
5.98442739e-01
1.40032437e-01
7.60022589e-01
-5.10809626e-01
7.10624748e-02
-7.01972690e-01
-3.47015894e-01
4.40290082e-02
0.00000000e+00
0.00000000e+00
1.08594812e+00
-1.69149090e-02
-5.27704140e-01
2.31176554e-01
1.79585406e-04
-3.34410075e-01
-2.62791903e-01
-8.42510614e-04
-1.91214013e-01
2.81791355e-02
-3.11755358e-03
-1.14292787e-01
0.00000000e+00
0.00000000e+00
0.00000000e+00
0.00000000e+00
0.00000000e+00
0.00000000e+00
0.00000000e+00
8.98240846e-01
5.04169410e-01
-3.19898347e-01
-9.96702488e-01
-3.57788609e-01
-8.48471017e-01
-4.95683730e-01
1.05078052e-01
-4.85132190e-01
-1.62025561e-01
-1.05309091e-01
-3.32949701e-01
-6.34531140e-01
1.45481902e-01
-1.46555857e-01
0.00000000e+00
0.00000000e+00
3.18411021e+00
4.74343886e+00
0.00000000e+00
0.00000000e+00
0.00000000e+00
0.00000000e+00
0.00000000e+00
0.00000000e+00
7.22497171e-01
-4.96169167e-01
-8.93401728e-02
2.12224341e-01
-9.47052763e-01
-1.50375771e+00
9.33557961e-01
8.26500589e-01
-2.95849689e-01
-1.12162348e+00
0.00000000e+00
-6.91317892e-01
-4.32878329e-01
-2.81229637e-01
-1.65905904e-01
-2.82030292e-01
-1.92580558e+00
-1.46635501e-01
7.73581077e+00
7.54856522e+00
7.83710999e+00
7.74599194e+00
7.84081784e+00
7.76873574e+00
1.13311786e-01
4.40451075e-01
-2.50267186e-01
-4.91809965e-01
8.28800953e-01
-2.02695137e-01
8.49855600e-01
-1.92470377e-01
-7.97670826e-01
-2.76120182e-01
-1.09535986e-02
-1.50493819e+00
0.00000000e+00
0.00000000e+00
0.00000000e+00
0.00000000e+00
-4.26441705e-01
4.03616246e+00
0.00000000e+00
0.00000000e+00
1.50895361e+00
-1.12865078e-01
0.00000000e+00
-2.29851340e+00
-9.59952218e-01
-4.79057092e-01
-1.14164608e+00
-8.83356460e-01
-2.10159830e+00
0.00000000e+00
0.00000000e+00
0.00000000e+00
-6.10498293e-01
-4.14293582e-01
-4.67037170e-01
3.62322136e-01
-6.84662851e-01
-1.48524443e-02
8.84109943e-01
1.05426575e+00
2.38002616e-01
0.00000000e+00
-1.08446476e+00
3.01428505e-01
-9.81387182e-01
8.13002209e-01
6.24520056e-01
8.69399690e-01
-5.38963083e-01
-1.85170953e+00
-1.71151239e+00
1.11073208e+00
3.07536675e-01
0.00000000e+00
0.00000000e+00
0.00000000e+00
2.53705086e-01
1.16283218e-01
-1.30509660e-01
1.67327562e-01
3.14331137e-01
-5.13085734e-02
-2.04601090e-01
-3.71863599e-01
-2.84911716e-01
0.00000000e+00
3.15040714e-01
1.08861149e-02
-2.68381550e-01
-6.64725224e-02
1.77895746e-01
1.07526969e-01
2.39797726e-01
1.43732974e-02
2.82261240e-01
-3.13843426e-01
-8.07788633e-01
-4.14716434e-01
0.00000000e+00
2.92723019e-01
3.49894889e-01
-1.36670524e-01
-1.31819010e-01
-1.46226901e-01
-1.14401917e-01
0.00000000e+00
0.00000000e+00
0.00000000e+00
-6.53774404e-01
7.67386833e-01
-2.87245386e-02
-1.48149573e-01
-6.10984090e-01
-1.48226360e-01
-5.90431411e-01
1.01916480e+00
3.16831355e-01
0.00000000e+00
-4.56697416e-01
4.09958753e-01
-1.91846845e-01
-2.27070160e-01
7.22943693e-01
-2.65532337e-01
2.84990754e-01
-3.09470459e-01
-7.07102431e-01
7.02331922e-01
-3.93072199e-01
0.00000000e+00
-3.93877600e-01
-4.69355842e-01
-1.29380966e+00
-5.45235784e-01
0.00000000e+00
0.00000000e+00
-7.83879281e-01
-8.68288594e-02
-1.96039302e-01
-2.62367622e-01
-7.48573880e-01
0.00000000e+00
0.00000000e+00
-1.57653164e+00
-1.36241355e+00
0.00000000e+00
0.00000000e+00
0.00000000e+00
5.94535904e-01
-1.30632321e+00
-8.60378068e-02
3.12490125e-01
8.56531968e-01
-4.51906388e-01
2.97760725e-01
2.76201333e-01
9.12454985e-01
0.00000000e+00
7.49237443e-01
1.67373733e+00
-2.50276396e-01
1.42983224e+00
-1.51801275e+00
8.86619133e-01
-5.98257516e-01
0.00000000e+00
-7.46378937e-02
5.92766344e-01
2.32922001e-01
0.00000000e+00
0.00000000e+00
0.00000000e+00
-7.59561439e-03
8.86987800e-01
1.90796595e-01
2.56351117e-01
7.14012030e-01
2.96910754e-01
6.48089198e-02
-7.62804977e-03
2.34992433e-01
0.00000000e+00
-9.60347244e-02
-3.23315344e-01
-2.83811199e-01
7.43346756e-02
-1.06562658e-01
1.96432817e-02
5.21135587e-01
0.00000000e+00
3.48228081e-01
4.56634016e-01
-4.01674855e-01
-9.17133674e-02
-1.90363131e-01
-1.05096419e-01
-3.00036980e-01
7.09521589e-02
-2.88495310e-02
-1.33815995e-01
-5.46071945e-01
0.00000000e+00
0.00000000e+00
0.00000000e+00
6.50659471e-02
-1.26380044e+00
1.45109535e-01
5.86293224e-01
2.50699818e-01
-1.16609224e-01
6.03881763e-01
-9.71856893e-01
-2.23110643e-02
0.00000000e+00
3.50192129e-01
6.49560230e-02
5.29447247e-01
-9.66041663e-02
-2.09097046e-01
2.23290895e-01
-5.15616463e-01
0.00000000e+00
-9.93283941e-02
-2.35245565e-02
-3.09961488e-01
6.78260608e-02
3.61382872e-01
-1.47012211e-01
-9.60738697e-01
-3.87343725e-01
-7.22442832e-01
-2.14438358e-01
1.28404385e-01
2.69445634e-01
-2.88026972e-01
-3.68762388e-01
-5.73394972e-01
5.84327813e-01
1.42879045e-01
-5.90167086e-01
247
-4.59654220e-01
0.00000000e+00
0.00000000e+00
0.00000000e+00
0.00000000e+00
0.00000000e+00
0.00000000e+00
0.00000000e+00
0.00000000e+00
1.76032066e-01
0.00000000e+00
0.00000000e+00
0.00000000e+00
0.00000000e+00
-1.11864011e-02
-4.48467818e-01
2.99287086e-03
-1.41792719e-02
-3.23660737e-01
-4.51559478e-01
0.00000000e+00
0.00000000e+00
0.00000000e+00
-6.16100293e-01
-1.88155862e-01
3.10974366e-01
-7.14990699e-01
1.34011606e+00
-1.79977028e+00
4.71419847e+00
-3.37408242e+00
-1.28185825e+00
-8.34704765e-02
-1.36361500e+00
-4.59654220e-01
0.00000000e+00
-7.92413982e-01
3.32759762e-01
-1.48940072e-01
-9.54465522e-03
4.85594913e-01
3.57343696e-01
-3.25109579e-03
7.10229693e-02
-2.88506559e-03
-6.04274988e-01
-7.08250230e-05
-2.83745896e-01
-4.74821978e-03
0.00000000e+00
0.00000000e+00
0.00000000e+00
0.00000000e+00
0.00000000e+00
0.00000000e+00
0.00000000e+00
3.74344561e-01
1.92582885e-01
-1.02658167e+00
1.54373307e+00
3.02966520e+00
0.00000000e+00
0.00000000e+00
0.00000000e+00
0.00000000e+00
0.00000000e+00
0.00000000e+00
3.60884113e-01
-4.86291949e-01
-1.04330344e-01
1.73130455e-01
-7.69380084e-01
-1.17739948e+00
1.47277264e+00
-2.85010846e-01
-6.00649069e-02
-1.07385471e+00
5.39876317e-01
-1.18280856e+00
5.19700830e-02
-3.43605145e-01
-1.65177697e-01
-4.32689342e-01
-1.39041609e+00
-6.20311167e-01
5.68554233e+00
5.70686938e+00
6.13108444e+00
5.98446239e+00
6.02116676e+00
6.08647934e+00
2.34381333e-01
4.93659665e-02
-1.57623643e-01
-4.70386859e-01
1.06725398e+00
-5.73901800e-01
8.74712593e-01
-5.67429766e-01
-9.85539960e-01
-5.96313084e-01
-2.98649333e-01
-1.02393316e+00
0.00000000e+00
-5.89090060e-01
3.42519837e+00
0.00000000e+00
1.29435840e-01
-3.01762603e-01
0.00000000e+00
-2.25765070e+00
-9.66127279e-01
-1.03726001e+00
-3.32872464e-01
-8.98796252e-01
-2.00338729e+00
0.00000000e+00
0.00000000e+00
0.00000000e+00
-1.90756891e-01
-9.23112930e-01
-6.92911307e-01
8.97501518e-02
-7.27947218e-01
-8.10530965e-02
6.63781842e-01
4.44754590e-01
2.07091192e-01
0.00000000e+00
-1.83897816e-01
6.21350327e-01
-3.78448872e-01
8.91971233e-01
1.03871593e+00
8.26033628e-01
-6.18058973e-01
-2.06171270e+00
-1.69311999e+00
7.64183611e-01
-9.19177930e-01
-5.25267267e-01
0.00000000e+00
2.16581762e-01
2.97791590e-01
1.11906945e-01
0.00000000e+00
0.00000000e+00
0.00000000e+00
5.07562837e-01
4.89484675e-01
1.41488663e-01
5.81030663e-01
2.71070645e-01
1.04356063e-01
3.57094078e-01
1.82252071e-01
-3.22647729e-01
0.00000000e+00
3.49642241e-01
2.54698369e-01
-2.33121914e-01
-6.26933201e-03
-9.82767814e-01
4.06415090e-01
6.23722564e-02
0.00000000e+00
3.21020581e-01
-1.35763803e-01
-3.93910663e-01
0.00000000e+00
-2.85502365e-01
-3.58847513e-01
-1.08420936e+00
-4.40860012e-01
0.00000000e+00
0.00000000e+00
-7.40931319e-01
-6.43349345e-01
0.00000000e+00
0.00000000e+00
-1.70923982e+00
-1.23166872e+00
0.00000000e+00
0.00000000e+00
0.00000000e+00
2.62256560e-01
-3.11318742e+00
-9.54516445e-02
-3.52180967e-02
-7.14976655e-01
-3.88166612e-01
4.05521611e-01
5.70613272e-01
5.30725486e-01
0.00000000e+00
3.03304940e-01
1.55966298e+00
2.15754961e-01
1.53238354e+00
5.50722022e-01
7.07045751e-01
-5.54295660e-01
0.00000000e+00
-6.11776983e-01
1.02303952e+00
-3.20760296e-01
3.11377672e-02
-4.86259608e-01
-5.56947915e-01
-6.36797961e-01
2.06093424e-01
0.00000000e+00
0.00000000e+00
0.00000000e+00
-3.38107774e-01
1.76412623e+00
2.15065008e-02
-8.01924045e-02
0.00000000e+00
1.70390375e-01
1.36054792e-01
7.02289370e-01
2.59628690e-01
0.00000000e+00
-3.17091147e-01
-1.20573339e-01
-3.31288949e-01
-3.55486410e-02
-1.24277874e-01
-2.58754888e-01
2.38149247e-01
0.00000000e+00
2.64362808e-01
-4.52565880e-02
-3.51898063e-01
2.95924457e-02
1.81724842e-01
-3.84161542e-01
-9.10908421e-01
-3.64010231e-01
-2.20793582e-01
-3.05670348e-01
4.08015934e-01
-5.46898190e-01
2.09470448e-01
8.69481887e-02
-3.94737225e-01
6 2
4.0390e-01 -1.8423e-01
3 -1
1 2 0 
217
9.78525502e-01
3.28583860e-02
-7.17360563e-01
-3.48932378e-01
3.74220567e-02
5.82474046e-01
8.66137628e-01
6.05087732e-03
6.60689229e-01
-9.73647148e-01
-5.07283129e-01
-1.53815063e-01
0.00000000e+00
0.00000000e+00
0.00000000e+00
0.00000000e+00
0.00000000e+00
0.00000000e+00
0.00000000e+00
0.00000000e+00
0.00000000e+00
0.00000000e+00
0.00000000e+00
9.78525502e-01
-8.81797482e-04
-1.89863987e-01
0.00000000e+00
0.00000000e+00
0.00000000e+00
0.00000000e+00
0.00000000e+00
0.00000000e+00
0.00000000e+00
4.47409456e-02
-2.94125508e-01
1.22791006e+00
0.00000000e+00
-4.07321720e-01
2.43668889e-01
1.02564954e+00
0.00000000e+00
0.00000000e+00
0.00000000e+00
0.00000000e+00
0.00000000e+00
-4.14378618e-01
1.83452065e-01
8.47575574e-01
-1.76395167e-01
-7.56985657e-02
-5.28208119e-01
1.02564954e+00
0.00000000e+00
0.00000000e+00
0.00000000e+00
0.00000000e+00
0.00000000e+00
0.00000000e+00
0.00000000e+00
0.00000000e+00
4.21742856e-01
-1.76395167e-01
6.16649022e-01
9.54298225e-02
-5.00052252e-01
-1.17551044e+00
5.74979423e-01
-1.95330847e-01
8.08168509e-01
1.31522764e+00
-1.87453605e+00
1.32459249e+00
-7.08365204e-02
2.65872051e-01
-3.69629844e-02
1.26259701e+00
3.64818002e-03
6.58210784e-01
7.49670289e-02
-1.81566542e-01
1.25702362e-01
4.77285212e-01
1.19645327e-01
3.50127126e-01
0.00000000e+00
0.00000000e+00
0.00000000e+00
0.00000000e+00
0.00000000e+00
0.00000000e+00
0.00000000e+00
0.00000000e+00
0.00000000e+00
0.00000000e+00
0.00000000e+00
0.00000000e+00
0.00000000e+00
0.00000000e+00
0.00000000e+00
0.00000000e+00
0.00000000e+00
0.00000000e+00
0.00000000e+00
0.00000000e+00
0.00000000e+00
0.00000000e+00
0.00000000e+00
0.00000000e+00
0.00000000e+00
0.00000000e+00
0.00000000e+00
0.00000000e+00
0.00000000e+00
0.00000000e+00
0.00000000e+00
0.00000000e+00
0.00000000e+00
0.00000000e+00
0.00000000e+00
-8.73780460e-01
-1.15001722e+00
-1.65454742e+00
0.00000000e+00
0.00000000e+00
0.00000000e+00
4.52254282e-02
-7.79368996e-01
-6.53362227e-01
-4.45063814e-01
-3.42645092e-01
4.35463642e-03
6.07592052e-01
-3.09171427e-01
2.35919913e-01
0.00000000e+00
-2.72017270e-01
1.09951151e-01
1.20964104e-01
1.94629299e-01
3.80872418e-01
4.33213930e-01
-2.49010204e-01
-6.74629522e-01
-4.23306819e-01
3.61305021e-01
1.72255910e-01
0.00000000e+00
0.00000000e+00
0.00000000e+00
1.14924249e-01
-2.22480858e-01
1.96819971e-01
4.14686583e-01
-2.78825809e-01
1.07937113e-01
-9.84806304e-02
3.93446254e-01
1.02684356e-01
0.00000000e+00
1.86111863e-01
3.21400240e-01
-5.22851057e-01
3.14041915e-01
1.66837428e-02
1.05579381e-01
2.07949795e-01
-1.16746112e+00
-1.75864258e-01
1.55954183e-01
-1.96439019e+00
0.00000000e+00
0.00000000e+00
0.00000000e+00
1.01857279e-01
-5.84725337e-01
2.50679484e-01
-3.21624642e-01
-2.54601190e-01
9.84528903e-02
4.12730920e-01
7.61718463e-01
3.80502944e-01
0.00000000e+00
-5.12226810e-02
7.95752665e-02
-2.11804892e-01
8.22892923e-01
6.43150116e-03
8.17098833e-02
-3.84951480e-01
-2.41479851e-02
2.16311970e-02
3.06708258e-01
-2.28227364e-01
0.00000000e+00
0.00000000e+00
0.00000000e+00
1.85737231e-01
7.84751642e-01
2.58122669e-01
6.00864583e-01
1.79564391e-01
-1.36822383e-01
6.57241657e-02
-2.67195764e-01
4.44176688e-01
0.00000000e+00
5.63886774e-01
1.17578847e+00
2.56468863e-01
5.95810699e-01
2.85761922e-01
7.02147283e-01
3.42621715e-01
-1.64932554e-02
3.83544380e-01
3.88661077e-01
136
1.02642793e+00
0.00000000e+00
0.00000000e+00
0.00000000e+00
0.00000000e+00
0.00000000e+00
0.00000000e+00
1.02642793e+00
2.29371056e-03
0.00000000e+00
0.00000000e+00
0.00000000e+00
0.00000000e+00
0.00000000e+00
0.00000000e+00
0.00000000e+00
5.09420195e-01
3.34810012e-01
1.82197720e-01
-9.28333963e-01
-5.53946848e-01
7.22127444e-01
1.78658129e+00
0.00000000e+00
0.00000000e+00
0.00000000e+00
0.00000000e+00
-9.28333963e-01
1.17664262e+00
-1.53493897e+00
5.98217076e-01
-1.95650503e-01
1.90068830e+00
-1.77677793e+00
1.78658129e+00
0.00000000e+00
0.00000000e+00
0.00000000e+00
0.00000000e+00
0.00000000e+00
0.00000000e+00
0.00000000e+00
0.00000000e+00
0.00000000e+00
0.00000000e+00
0.00000000e+00
-2.14256206e+00
-2.29313930e+00
3.50845844e-01
-1.11098065e+00
-6.16787128e-01
-7.75405656e-02
2.03088702e+00
-6.43243850e-02
5.22959287e-01
-4.38577909e-01
-4.53177496e-01
-2.35235734e-01
7.04138009e-02
-1.47824437e-01
-4.22213908e-01
-1.95650503e-01
2.39920732e-01
0.00000000e+00
0.00000000e+00
0.00000000e+00
0.00000000e+00
0.00000000e+00
0.00000000e+00
0.00000000e+00
0.00000000e+00
0.00000000e+00
0.00000000e+00
0.00000000e+00
0.00000000e+00
0.00000000e+00
0.00000000e+00
0.00000000e+00
0.00000000e+00
0.00000000e+00
0.00000000e+00
0.00000000e+00
0.00000000e+00
0.00000000e+00
0.00000000e+00
0.00000000e+00
2.85713108e-01
-1.40921619e+00
-9.23994628e-01
0.00000000e+00
0.00000000e+00
0.00000000e+00
4.88031849e-01
-1.29275965e+00
-4.70333958e-01
1.90181676e-01
-1.21049247e+00
1.53420802e-01
8.27228448e-01
3.27441904e-02
2.54482529e-01
0.00000000e+00
6.69427396e-01
1.13810793e+00
-1.91466517e-01
7.62253580e-01
8.13407728e-01
7.03520672e-01
-2.92967810e-01
-3.03879849e+00
-9.41879529e-01
4.81896993e-01
-2.98342926e+00
0.00000000e+00
0.00000000e+00
0.00000000e+00
1.04262762e+00
6.32620318e-01
3.84321623e-01
-4.79417728e-03
-1.41253572e+00
6.56204858e-01
8.84897086e-01
1.39299580e+00
1.11943670e+00
0.00000000e+00
1.13270953e+00
3.60824587e+00
2.51034514e-02
1.88913160e+00
9.17148154e-01
9.90999705e-01
5.95896635e-01
-3.46949962e-02
8.98109531e-02
1.43461126e+00
3 1
-2.8387e-01 2.5997e-01
4 0
1 2 0 6 
217
1.75133671e+00
1.59629703e-02
-1.65936421e+00
-9.10083154e-02
7.84749094e-01
4.71844120e-01
1.09382598e+00
-8.68858313e-01
-3.55933605e-02
3.92214214e-01
0.00000000e+00
0.00000000e+00
0.00000000e+00
0.00000000e+00
8.96102521e-01
-1.27536947e-02
3.92061982e-02
2.25713154e-01
3.80237581e-03
2.92578605e-01
6.87677409e-02
-6.72116930e-04
4.10983437e-01
5.60753291e-01
-3.16785239e-03
-9.73076608e-03
0.00000000e+00
0.00000000e+00
0.00000000e+00
0.00000000e+00
0.00000000e+00
0.00000000e+00
0.00000000e+00
6.81511980e-01
2.78747870e-01
7.91076857e-01
0.00000000e+00
1.30475882e-01
-1.26781535e-01
6.13197172e-01
1.13444519e+00
0.00000000e+00
0.00000000e+00
0.00000000e+00
0.00000000e+00
-7.43270128e-01
5.56602915e-01
6.67642921e-01
3.17143095e-01
-2.46099914e-01
-1.97221280e-01
5.52575870e-01
0.00000000e+00
-4.62903333e-01
4.11336235e-01
7.66800465e-01
-2.99536164e-01
-4.75287670e-01
-2.30891493e-01
1.13444519e+00
1.25275407e+00
1.76069318e-02
4.80975707e-01
7.26696437e-01
-1.69263128e-01
-5.51528808e-01
8.17843301e-01
8.15687996e-01
3.76060096e-01
1.51587990e+00
0.00000000e+00
1.95431281e+00
-1.94386647e-01
1.92398766e+00
-8.43444616e-02
1.73730316e+00
5.85541442e-01
2.06888541e-01
9.89320534e-01
2.22446138e-02
4.51042230e-01
4.47990514e-01
1.04085402e-01
-1.52635124e-01
0.00000000e+00
9.07373478e-01
-3.05264279e-01
6.15077053e-01
-9.78761201e-02
2.28886175e-01
-5.53227072e-01
0.00000000e+00
0.00000000e+00
0.00000000e+00
0.00000000e+00
0.00000000e+00
0.00000000e+00
0.00000000e+00
0.00000000e+00
0.00000000e+00
0.00000000e+00
0.00000000e+00
0.00000000e+00
0.00000000e+00
0.00000000e+00
0.00000000e+00
0.00000000e+00
0.00000000e+00
0.00000000e+00
0.00000000e+00
0.00000000e+00
0.00000000e+00
0.00000000e+00
0.00000000e+00
0.00000000e+00
0.00000000e+00
0.00000000e+00
0.00000000e+00
0.00000000e+00
-4.24861906e-01
-1.30699725e+00
-1.08290081e+00
0.00000000e+00
0.00000000e+00
0.00000000e+00
3.78747341e-01
-1.62260700e+00
-6.87845468e-01
4.32768865e-01
-1.15438053e+00
4.40375562e-01
4.30134125e-01
5.33351643e-01
6.93535947e-01
0.00000000e+00
-2.87496368e-02
8.44944698e-01
4.74054583e-01
8.75703531e-01
5.38448556e-01
4.84680807e-01
-6.21229825e-01
-2.03472984e+00
-7.43971632e-01
-3.16132526e-01
-1.73986209e-01
0.00000000e+00
0.00000000e+00
0.00000000e+00
-1.36897892e-01
4.01767169e-01
4.15419927e-01
-1.00180348e-01
-2.93002834e-01
-4.21197682e-01
-1.27819547e-01
-4.77099651e-01
-2.94015441e-01
0.00000000e+00
3.99984915e-01
7.80003981e-02
-5.45682864e-01
-2.28755840e-01
3.91441757e-01
2.14949413e-01
4.75692277e-01
-1.10848135e+00
-1.83415100e-01
1.36530649e+00
-2.12011492e+00
0.00000000e+00
0.00000000e+00
0.00000000e+00
1.50109518e-01
-2.58756200e-01
3.65486563e-01
-3.01256832e-01
-1.10828244e+00
8.53632679e-02
-7.66745020e-02
1.15683573e+00
1.13800512e+00
0.00000000e+00
7.16139870e-01
1.66765634e+00
3.57446763e-01
1.86335926e+00
2.27941877e-01
1.19144399e+00
1.63489714e-01
-5.90596593e-02
-1.43784780e-01
2.87042367e-01
-7.08356091e-01
0.00000000e+00
0.00000000e+00
0.00000000e+00
4.36706636e-01
1.51178499e+00
1.52991911e-01
1.21887660e+00
-7.98641933e-01
7.77530833e-02
9.14802612e-01
1.07925340e-01
4.60986637e-01
0.00000000e+00
-6.22763974e-02
1.08083042e+00
-3.05474510e-01
2.57479913e-01
-4.74158418e-01
5.11404890e-01
7.17486182e-01
-9.63638894e-02
-2.92416186e-01
1.31712111e+00
136
8.04818300e-01
5.78510184e-01
-8.62848735e-03
1.78972497e-01
3.60951945e-03
9.50995261e-05
-9.04670083e-04
4.72405190e-02
-2.39759175e-03
0.00000000e+00
0.00000000e+00
0.00000000e+00
0.00000000e+00
0.00000000e+00
0.00000000e+00
0.00000000e+00
5.56454376e-01
1.78974305e-01
6.93896193e-02
-5.36163829e-01
8.72920807e-02
-1.15983459e-01
5.43276198e-01
8.26397310e-01
0.00000000e+00
0.00000000e+00
0.00000000e+00
-5.36163829e-01
4.13015638e-02
-2.78574749e-01
-1.48806702e-01
2.10250849e-01
6.47988002e-01
-7.28411014e-01
1.62737216e-01
0.00000000e+00
3.86345244e-01
-6.80496040e-02
2.59539198e-01
-2.05049385e-01
5.52521556e-01
-4.31521772e-01
8.26397310e-01
0.00000000e+00
0.00000000e+00
0.00000000e+00
-9.17857345e-01
-1.00534774e+00
5.99665733e-01
-2.48274298e-01
-4.17072476e-01
-3.66132005e-01
1.57764042e+00
3.11280871e-02
5.71672539e-01
-1.19769925e-01
-1.10447290e+00
8.74378434e-01
3.22031149e-01
4.94100867e-02
-1.29088455e-01
1.19515881e-01
-1.01575855e+00
-4.11520689e-01
-1.96010379e-01
-5.97634111e-01
0.00000000e+00
0.00000000e+00
0.00000000e+00
0.00000000e+00
0.00000000e+00
0.00000000e+00
0.00000000e+00
0.00000000e+00
0.00000000e+00
0.00000000e+00
0.00000000e+00
0.00000000e+00
0.00000000e+00
0.00000000e+00
0.00000000e+00
0.00000000e+00
0.00000000e+00
0.00000000e+00
0.00000000e+00
0.00000000e+00
1.96856125e-01
-1.01891944e+00
-1.03957801e+00
0.00000000e+00
0.00000000e+00
0.00000000e+00
4.61587374e-01
-1.47088789e+00
-3.24644375e-01
3.37881171e-01
-1.03553691e+00
9.30717761e-02
7.83558311e-01
2.63297608e-01
3.93052162e-01
0.00000000e+00
4.80638935e-01
8.87791284e-01
-5.87129029e-01
7.78746995e-01
7.22710457e-01
7.39298559e-01
-2.28753601e-01
-2.82767434e+00
-1.03353834e+00
5.26951843e-01
-2.18027564e+00
0.00000000e+00
0.00000000e+00
0.00000000e+00
4.00420095e-01
8.94604747e-02
8.27943315e-02
-2.54690779e-01
-1.32354331e+00
-1.31843299e-01
2.97562107e-01
5.56733134e-01
7.85395988e-01
0.00000000e+00
7.42078467e-01
2.63188002e+00
-2.46943374e-01
1.23899030e+00
3.22077035e-01
6.35000332e-01
-1.35116731e-01
-7.29659642e-02
-7.55213919e-02
8.19259189e-01
11 1
-5.5924e-01 2.5002e-01
5 1
1 2 0 6 3 
217
-1.24212237e+00
-4.91105292e-01
1.31999472e+00
-3.24738560e-01
-8.21483111e-02
-8.97258340e-02
-4.31748982e-02
-2.56890802e-01
-2.08984114e-01
7.27744278e-02
0.00000000e+00
0.00000000e+00
0.00000000e+00
0.00000000e+00
-3.43245402e-01
2.76192093e-02
-9.84027230e-01
-3.95704247e-01
-4.10008220e-03
-6.78425459e-01
-8.50776075e-01
9.44385168e-03
-7.03949134e-01
3.47603354e-01
-7.12095165e-04
-1.16899524e+00
0.00000000e+00
0.00000000e+00
0.00000000e+00
0.00000000e+00
0.00000000e+00
0.00000000e+00
0.00000000e+00
-2.39121295e-01
-4.15231893e-01
-5.87769183e-01
0.00000000e+00
-4.91851950e-01
-2.94105158e-01
-1.32091399e-01
-1.06071233e-01
-2.18002630e-01
0.00000000e+00
0.00000000e+00
0.00000000e+00
-3.77023971e-01
1.22058944e-01
-4.29070167e-01
1.56845960e-01
-7.38642900e-02
-2.61000047e-01
2.79858739e-01
0.00000000e+00
-8.88832899e-01
2.74549274e-01
9.27304017e-02
-3.07387184e-01
-1.45788111e-01
-1.86362188e-01
5.01163169e-01
-2.30375479e-01
-1.50541224e-01
-8.61205668e-01
2.56540434e-01
-4.57835675e-01
1.03291854e-01
-2.72164852e-01
9.74450995e-01
-7.68662277e-01
-3.86346565e-01
-8.60431001e-01
-7.75619494e-01
1.81919426e-01
1.95822388e-01
-6.02929171e-01
1.98105737e-01
1.01449064e+00
-9.98137643e-01
-2.07450775e-01
-7.27122047e-02
7.26215577e-02
-4.81989620e-01
-1.09155510e-01
4.10578568e-01
0.00000000e+00
-5.82194832e-01
-3.07810230e-02
-1.40380178e-01
-2.61471959e-01
-5.19547360e-01
1.68045432e-01
6.75604901e-01
-2.70453222e-01
7.14194454e-02
-9.66729638e-01
-4.32430067e-01
-6.80544412e-01
4.03583615e-01
0.00000000e+00
0.00000000e+00
0.00000000e+00
0.00000000e+00
0.00000000e+00
0.00000000e+00
0.00000000e+00
0.00000000e+00
0.00000000e+00
0.00000000e+00
0.00000000e+00
0.00000000e+00
0.00000000e+00
0.00000000e+00
0.00000000e+00
0.00000000e+00
0.00000000e+00
0.00000000e+00
0.00000000e+00
0.00000000e+00
0.00000000e+00
-4.24707467e-01
-3.14688434e-01
-1.52972664e+00
0.00000000e+00
0.00000000e+00
0.00000000e+00
2.85516753e-01
-1.35287117e+00
3.04449815e-01
-6.78479078e-01
-1.99952968e+00
-6.29063467e-01
8.75808385e-02
4.06718264e-01
-4.57943761e-03
0.00000000e+00
4.04873776e-01
1.17985392e+00
6.73977334e-02
4.69204263e-01
-5.23372833e-02
9.85224978e-01
4.85717312e-01
-1.88125228e+00
-1.81874492e-01
5.73722590e-01
3.34494271e-01
0.00000000e+00
0.00000000e+00
0.00000000e+00
4.14142380e-02
3.11303053e-01
-2.73956362e-01
8.55404073e-01
1.61683236e-01
-1.70086718e-01
1.73071191e-01
1.22852949e-01
2.78416697e-01
0.00000000e+00
2.02680725e-01
-2.60567242e-01
-2.96820856e-01
5.99633139e-01
8.87517031e-02
-1.07719719e-01
-2.68068236e-01
-6.70167629e-01
-5.04138466e-01
5.08084947e-02
-2.73608575e+00
0.00000000e+00
0.00000000e+00
0.00000000e+00
8.10858676e-01
8.73765449e-02
9.14047536e-01
-4.91626471e-02
-1.40317617e-02
-8.81356193e-01
4.90760598e-01
2.26805358e-01
9.00462827e-01
0.00000000e+00
7.50550257e-01
3.28828924e+00
-1.39723356e-02
1.43459517e+00
-3.52339553e-03
9.12428355e-01
6.91841111e-01
-1.69608481e-04
1.04375066e+00
-5.61693769e-02
1.73796531e-02
0.00000000e+00
0.00000000e+00
0.00000000e+00
-1.28735175e-01
1.51814808e+00
-7.60569776e-02
4.15992292e-01
-1.46561817e-02
-5.00865580e-02
2.73223824e-01
1.03251420e+00
1.36702036e+00
0.00000000e+00
7.98299576e-01
3.07990799e-01
-1.38347140e-02
1.01402236e+00
-4.71951405e-03
9.36442243e-01
1.04105839e+00
-1.57840966e-04
6.34667410e-01
1.32068908e+00
136
1.58778019e+00
1.04516823e+00
1.40017060e-02
4.39324249e-01
-3.13260496e-03
2.28369922e-02
4.21612523e-03
8.04507192e-02
-1.80619990e-03
0.00000000e+00
0.00000000e+00
0.00000000e+00
0.00000000e+00
0.00000000e+00
0.00000000e+00
0.00000000e+00
1.02140215e+00
7.21260268e-01
-1.54882233e-01
-4.98949579e-01
9.87902524e-02
-1.45295455e-01
8.47568172e-02
7.42010065e-01
1.30646809e+00
0.00000000e+00
0.00000000e+00
-4.98949579e-01
-2.14479354e-02
-6.21600365e-01
-1.35391886e-02
5.52151385e-02
8.33982977e-01
-1.19902060e+00
7.17907881e-01
0.00000000e+00
4.32981130e-01
-6.03166850e-01
8.93895622e-01
-2.23539358e-01
1.19153374e+00
-8.40861667e-01
1.22261958e+00
0.00000000e+00
0.00000000e+00
0.00000000e+00
-1.58642411e+00
-2.08372951e+00
5.92686924e-01
-5.32438189e-01
-3.38643944e-01
1.93656498e-01
1.83788927e+00
1.99730052e-01
5.82369618e-01
-3.23159369e-01
2.53383953e-01
-4.23441463e-01
4.86999672e-02
-2.16580401e-01
4.75802448e-02
9.34454369e-02
-8.49618414e-01
-3.33198680e-01
-2.19282779e-01
-2.17347086e-01
1.89140938e-01
7.43026538e-01
-5.35402573e-01
5.02977970e-02
-1.40736326e-01
0.00000000e+00
0.00000000e+00
0.00000000e+00
0.00000000e+00
0.00000000e+00
0.00000000e+00
0.00000000e+00
0.00000000e+00
0.00000000e+00
0.00000000e+00
0.00000000e+00
0.00000000e+00
0.00000000e+00
0.00000000e+00
0.00000000e+00
2.69627672e-01
-9.42384259e-01
-1.05576435e+00
0.00000000e+00
0.00000000e+00
0.00000000e+00
4.32721104e-01
-1.44237278e+00
-5.19627650e-01
1.92312332e-01
-1.16727834e+00
2.19481743e-01
8.12942919e-01
2.22212401e-01
3.19790487e-01
0.00000000e+00
4.69003487e-01
9.17843533e-01
-3.41305508e-01
7.90119665e-01
7.92037347e-01
8.05553199e-01
-2.57172021e-01
-3.11522751e+00
-8.47197784e-01
6.60399029e-01
-2.67618480e+00
0.00000000e+00
0.00000000e+00
0.00000000e+00
8.54257717e-01
8.23176816e-01
5.05820747e-01
2.66207518e-01
-9.14225958e-01
5.51516547e-01
6.92925223e-01
1.30126308e+00
1.18306802e+00
0.00000000e+00
1.00130944e+00
2.86091431e+00
1.37701055e-01
1.87582544e+00
6.12364706e-01
1.10167422e+00
3.47881995e-01
-6.49351339e-02
1.22004420e-01
1.32990096e+00
9 1
-4.4719e-01 2.7559e-01
6 1
1 2 0 6 3 11 
217
1.21854138e+00
-3.91009515e-01
-5.50369986e-01
-1.87428781e-01
6.93813487e-01
-3.98790073e-02
6.90709840e-01
-5.46737951e-02
-3.17607593e-01
3.76840569e-01
0.00000000e+00
0.00000000e+00
0.00000000e+00
0.00000000e+00
1.72159590e+00
-2.33396632e-02
5.81459338e-01
2.96343389e-01
-8.50627424e-03
4.54989535e-01
-3.26117755e-01
3.53813172e-03
6.31214570e-02
-4.73280154e-01
1.41959327e-02
-3.06297789e-01
0.00000000e+00
0.00000000e+00
0.00000000e+00
0.00000000e+00
0.00000000e+00
0.00000000e+00
0.00000000e+00
6.13195947e-01
5.24392703e-01
8.09527322e-02
0.00000000e+00
-5.29363788e-01
-4.91419270e-01
-2.26256183e-01
3.01926828e-01
8.57867594e-01
8.25181454e-02
0.00000000e+00
0.00000000e+00
-3.54179958e-01
7.42758949e-02
-1.98913150e-01
-1.93739012e-01
-9.32304666e-02
-3.49308153e-01
5.33326466e-01
0.00000000e+00
3.71359155e-02
-2.28285872e-01
5.91691150e-01
-1.25360294e-01
-1.64831751e-01
-3.88712637e-01
8.55405194e-01
9.46516025e-02
2.54620895e-01
-3.53999170e-01
-4.41476478e-01
4.53614460e-01
2.71972887e-01
6.52959145e-01
8.40685479e-01
5.53444254e-01
9.44947758e-01
0.00000000e+00
3.29062488e-01
-3.60276765e-02
7.46518283e-01
-4.29298843e-01
1.42960610e-01
5.85253746e-01
1.02411556e+00
1.20876471e-01
-3.00908687e-01
4.23210617e-02
1.46313268e-02
3.12282849e-02
5.47971053e-01
0.00000000e+00
6.41499676e-01
-5.97320544e-01
2.45424979e-01
1.41273820e-01
3.31616727e-01
1.54133568e-01
1.72465486e-01
1.04698639e+00
1.71540658e-01
-9.57358739e-02
1.04517111e-01
9.48253753e-02
-3.31434892e-01
0.00000000e+00
1.62920950e-01
-4.61121803e-01
7.83153721e-01
-1.57545012e+00
2.72466711e-01
1.81525456e-01
0.00000000e+00
0.00000000e+00
0.00000000e+00
0.00000000e+00
0.00000000e+00
0.00000000e+00
0.00000000e+00
0.00000000e+00
0.00000000e+00
0.00000000e+00
0.00000000e+00
0.00000000e+00
0.00000000e+00
0.00000000e+00
1.26931514e-01
-1.15522237e+00
-1.25048885e+00
0.00000000e+00
0.00000000e+00
0.00000000e+00
3.33913703e-02
-1.17313889e+00
1.10432467e-01
1.06508573e-01
-8.27994760e-01
4.90186095e-02
6.62420317e-01
-5.93800022e-01
6.94302218e-01
0.00000000e+00
-2.55927046e-01
1.10823149e+00
-1.12524250e+00
8.67497354e-01
9.30113255e-01
7.88760788e-01
-5.32790787e-01
-2.58293220e+00
2.79864630e-02
4.62674449e-01
-3.80200410e-01
0.00000000e+00
0.00000000e+00
0.00000000e+00
7.05546775e-01
-5.85549000e-02
-1.25673505e+00
-6.33822285e-01
-3.27684316e-01
-7.18242986e-01
-1.08180550e-01
1.54877881e+00
-4.54054543e-01
0.00000000e+00
8.88275189e-01
-2.26121336e-01
8.92673915e-01
-1.14699229e-01
-7.36713378e-02
1.72500291e-02
3.43480538e-01
-7.11451599e-01
-2.28477610e-01
1.35490075e-01
-3.31975140e+00
0.00000000e+00
0.00000000e+00
0.00000000e+00
4.98874687e-01
4.79090861e-01
3.14676629e-01
-1.32976078e+00
-1.47472359e-04
-8.58263579e-01
1.25256412e-01
8.22462920e-01
-1.19094383e-01
0.00000000e+00
8.99012659e-01
3.37070938e+00
-1.20237895e+00
1.10465090e+00
5.79252545e-01
9.23270549e-01
-2.13549370e-01
-9.61359719e-02
-5.09540916e-01
1.07691552e+00
-3.61109631e-01
0.00000000e+00
0.00000000e+00
0.00000000e+00
9.41995630e-01
5.84926098e-01
7.58180774e-01
1.99434641e+00
-1.13665321e-04
-1.61355260e-01
-4.18937872e-01
-5.88565111e-02
1.05510160e+00
0.00000000e+00
-6.15828345e-01
-2.12674190e-01
2.15989397e+00
-1.16754008e-01
-3.42053146e-01
6.14371716e-01
-1.07393046e-02
-2.06626824e-02
1.87460922e+00
2.34616679e-01
136
4.54549245e-01
9.98978217e-01
-8.90758196e-03
-1.00048073e-01
-6.09952759e-04
-2.30611368e-01
4.36744757e-03
-2.13769531e-01
-1.06950744e-03
0.00000000e+00
0.00000000e+00
0.00000000e+00
0.00000000e+00
0.00000000e+00
0.00000000e+00
0.00000000e+00
5.10071903e-01
2.30141901e-01
-2.85664560e-01
-7.15715807e-01
-9.37544405e-02
-1.78817005e-01
2.25386818e-02
4.78509637e-01
8.54752560e-01
8.70356186e-02
0.00000000e+00
-7.15715807e-01
-9.68034343e-02
-8.66917525e-01
-2.04479745e-01
2.66176561e-01
6.02524302e-01
-1.15521775e+00
6.36778686e-01
0.00000000e+00
2.59001997e-01
-4.11354305e-01
7.30771252e-01
-1.07549388e-01
9.23415536e-01
-7.82292050e-01
1.17987030e+00
0.00000000e+00
0.00000000e+00
0.00000000e+00
-1.67500944e+00
-1.90152022e+00
5.24851954e-01
-4.93752794e-01
-2.48814354e-01
0.00000000e+00
2.32381613e+00
3.08479293e-01
6.71068041e-01
-6.25143272e-01
-3.94865879e-01
-7.14291075e-01
6.03617475e-02
-2.38582710e-01
8.15316064e-04
-4.20861187e-01
-6.27080726e-01
-3.02821707e-01
-1.39543563e-01
-1.27255400e-01
2.53734729e-02
6.84168944e-02
-6.09946550e-01
-4.03863868e-02
-7.21038218e-02
0.00000000e+00
2.08415411e+00
-6.66872353e-01
4.70433769e-01
-5.64003524e-01
0.00000000e+00
0.00000000e+00
0.00000000e+00
0.00000000e+00
0.00000000e+00
0.00000000e+00
0.00000000e+00
0.00000000e+00
0.00000000e+00
0.00000000e+00
1.14798783e-01
-1.12793036e+00
-1.05207138e+00
0.00000000e+00
0.00000000e+00
0.00000000e+00
3.78905729e-01
-1.34087860e+00
-3.49528073e-01
2.30090949e-01
-1.14816362e+00
1.61072297e-01
8.35414641e-01
3.05627072e-02
3.00683774e-01
0.00000000e+00
3.98843360e-01
9.13530525e-01
-4.02061959e-01
7.16153424e-01
6.72177391e-01
8.53046203e-01
-1.62418435e-01
-2.85242698e+00
-9.06967354e-01
6.19892640e-01
-2.43943689e+00
0.00000000e+00
0.00000000e+00
0.00000000e+00
4.99409973e-01
5.12766130e-01
1.43110235e-02
9.93972360e-03
-1.22660336e+00
2.36106339e-01
5.65280681e-01
1.03750506e+00
1.00744885e+00
0.00000000e+00
8.92174187e-01
2.94519287e+00
-2.30174521e-01
1.68537439e+00
3.12272324e-01
8.60518904e-01
3.82984679e-01
-8.65574494e-02
-5.98059048e-03
1.01871331e+00
5 1
-8.4973e-01 3.7788e-01
7 0
1 2 0 6 3 11 9 
217
1.21209496e+00
-2.40201083e-01
-7.76560704e-01
-1.50911156e-01
3.89795954e-01
2.87805084e-01
5.49902006e-01
-3.92036038e-01
1.25012622e-01
-1.09404525e+00
0.00000000e+00
0.00000000e+00
0.00000000e+00
0.00000000e+00
1.27190162e+00
-5.14532175e-03
-3.06212892e-01
5.69799207e-01
2.63628031e-03
-3.34363172e-01
-2.15291650e-01
1.48798841e-03
4.68098249e-01
-4.14314222e-01
1.32471457e-03
2.21366924e-01
0.00000000e+00
0.00000000e+00
0.00000000e+00
0.00000000e+00
0.00000000e+00
0.00000000e+00
0.00000000e+00
2.44483723e-01
2.18798466e-02
9.45731386e-01
0.00000000e+00
2.61401843e-01
-1.42111067e-01
-1.31998252e-01
-2.24984372e-01
-3.99451999e-01
-7.98855522e-01
0.00000000e+00
0.00000000e+00
-7.82245678e-01
-3.67703275e-01
-1.33701877e-01
-7.38978785e-03
1.92803841e-01
-1.63421133e-01
6.24006041e-01
0.00000000e+00
-3.13165843e-01
2.50831084e-01
4.53007274e-01
-4.12546156e-01
2.02152761e-01
-6.30144663e-02
1.03932725e+00
5.06445853e-01
9.43793908e-02
2.43203192e-01
1.98558608e-01
-2.68647419e-01
5.22936570e-01
7.83613775e-01
1.03396733e+00
4.98569991e-01
1.16744516e+00
-1.59888519e-01
-2.67347420e-01
-4.65925825e-01
8.96577412e-01
-7.00297694e-01
7.42753482e-01
8.49000057e-01
-9.27557597e-01
7.27734206e-01
-1.85479245e-01
1.09029754e+00
-3.78826789e-02
3.21620809e-01
-1.63232277e-01
0.00000000e+00
5.55030556e-02
-1.13018030e-01
4.14112363e-01
-1.78288605e-04
7.42479537e-01
1.28122056e+00
1.39210527e+00
2.15486560e-01
-9.74299365e-02
-4.76006578e-01
-1.46074269e-01
8.05097064e-02
-3.85315077e-01
0.00000000e+00
5.62126610e-01
-9.60653497e-01
1.34754819e+00
-1.98592089e+00
7.33196148e-01
-1.56231306e-01
2.41371106e-01
2.94947258e-01
1.95672821e-01
3.13758163e-01
2.73229823e-01
3.62018429e-01
-5.17450945e-01
0.00000000e+00
0.00000000e+00
0.00000000e+00
0.00000000e+00
0.00000000e+00
0.00000000e+00
0.00000000e+00
-5.59788827e-01
-9.62121461e-01
-1.38126966e+00
0.00000000e+00
0.00000000e+00
0.00000000e+00
1.68018596e-01
-5.00087774e-01
-4.19964302e-01
2.27571570e-01
-7.81852156e-01
-4.77084649e-01
5.38511012e-01
-7.00969363e-03
9.04846592e-01
0.00000000e+00
-2.02206083e-01
7.17500348e-01
-7.03590607e-02
5.81579532e-01
-4.62572395e-01
1.13399781e+00
-7.14820417e-01
-2.58668184e+00
-1.03438953e-01
6.72782205e-01
2.02713472e-02
0.00000000e+00
0.00000000e+00
0.00000000e+00
-1.31778730e-01
-1.21485216e+00
4.42093507e-01
6.46484428e-02
-1.36195834e+00
7.94891133e-01
1.64428955e-01
4.33750258e-01
-6.80783385e-01
0.00000000e+00
-1.78206951e-01
-1.65413553e-03
-2.96677818e-01
4.17532520e-01
1.16127204e+00
-2.11292410e-01
3.62017842e-01
7.45983388e-01
-7.05001459e-01
2.15858654e-01
-1.90037769e+00
0.00000000e+00
0.00000000e+00
0.00000000e+00
3.43477776e-03
-4.15116014e-01
4.62604097e-01
-1.43842511e-01
-3.01543292e-01
-1.18244130e+00
-6.72559440e-02
3.73968614e-02
1.54859328e+00
0.00000000e+00
-4.25283060e-01
2.47897326e+00
1.12279014e-01
1.74523388e+00
3.48180806e-01
8.08381817e-01
8.05123170e-01
0.00000000e+00
-5.52003347e-01
3.10699509e-01
-4.67815941e-01
0.00000000e+00
0.00000000e+00
0.00000000e+00
7.18556579e-01
8.65277435e-01
-1.40359028e-01
6.55764537e-01
-4.66709905e-01
1.06046236e+00
3.67847712e-01
6.79497892e-01
-5.52483817e-01
0.00000000e+00
9.74551378e-01
-1.40402213e-01
-1.39081899e-01
3.46335331e-01
-8.58431408e-02
5.51742243e-01
-7.70603934e-01
0.00000000e+00
1.90639976e+00
5.18028207e-01
136
3.64752901e-01
1.01618944e-01
8.27637785e-03
5.63633850e-02
1.44304174e-03
3.54472277e-01
-4.52262967e-03
-1.47701705e-01
-8.79755523e-04
0.00000000e+00
0.00000000e+00
0.00000000e+00
0.00000000e+00
0.00000000e+00
0.00000000e+00
0.00000000e+00
3.58132741e-01
1.95991879e-02
-1.29790283e-02
-3.35241195e-01
6.30849626e-02
-1.26890972e-02
1.45531584e-02
1.74822663e-01
3.72220564e-01
1.31415030e-01
-4.34131847e-02
-2.34620500e-01
-1.86842985e-02
-3.70183344e-01
-4.65877071e-01
4.87150650e-01
2.35767528e-01
-7.13348379e-01
3.16909802e-01
0.00000000e+00
5.01263684e-02
-7.28575308e-02
6.08235992e-01
-1.77418879e-01
2.86666048e-01
-4.48239574e-01
7.60748856e-01
0.00000000e+00
0.00000000e+00
0.00000000e+00
-5.81729597e-01
-8.27410728e-01
8.14347205e-01
-1.72861236e-01
-2.49592797e-01
-5.33429548e-02
8.02707105e-01
1.18249141e-01
3.96485841e-01
-2.14551079e-01
-1.25617774e-02
-3.70921374e-01
1.69146738e-01
-6.94607813e-02
-7.39950066e-02
-4.16080141e-01
-4.24255144e-01
-1.55752937e-01
-4.82413641e-02
-2.55667162e-01
-7.00384052e-03
3.43519157e-01
-4.44158364e-01
4.49707162e-02
-1.47446511e-01
-4.69115131e-01
1.25361702e+00
-6.33673142e-01
3.39569807e-01
-4.72129525e-01
2.73011943e-01
-1.60971505e-01
-2.77520950e-01
1.79541825e-02
-3.26639054e-01
0.00000000e+00
0.00000000e+00
0.00000000e+00
0.00000000e+00
0.00000000e+00
1.39902253e-01
-1.01392618e+00
-1.13475132e+00
0.00000000e+00
0.00000000e+00
0.00000000e+00
4.38253143e-01
-1.38625330e+00
-4.78442687e-01
2.53518716e-01
-1.02245381e+00
-4.08914403e-02
7.03013670e-01
2.82717843e-01
4.15178669e-01
0.00000000e+00
4.11587274e-01
7.47357110e-01
-2.59587832e-01
6.58099019e-01
7.94242781e-01
6.73437820e-01
-2.42223512e-01
-2.81501805e+00
-8.71698933e-01
6.04412202e-01
-2.14868046e+00
0.00000000e+00
0.00000000e+00
0.00000000e+00
2.35987132e-01
-2.95179391e-02
-1.44261577e-02
-2.43940712e-01
-1.45547841e+00
-2.50199508e-01
7.83887637e-02
6.13167846e-01
6.46651791e-01
0.00000000e+00
3.64715103e-01
2.54020958e+00
-3.47270724e-01
1.25930639e+00
1.30829389e-02
5.44574518e-01
-1.84734341e-01
-7.81903721e-02
-5.05700932e-01
6.57736119e-01
8 1
-9.1146e-01 3.8600e-01
8 0
1 2 0 6 3 11 9 5 
217
1.49843973e+00
1.29240573e-01
-1.93141209e+00
-9.29892020e-02
1.13356786e-02
9.50763311e-01
1.15805966e+00
-8.54177305e-01
6.02908796e-01
-1.37600478e+00
0.00000000e+00
0.00000000e+00
0.00000000e+00
0.00000000e+00
1.29579155e+00
-2.03707696e-02
-4.06374839e-01
-6.03085576e-02
3.93567718e-03
4.98683794e-01
-2.97520301e-01
-1.79327604e-03
4.23044018e-01
5.60477046e-01
-1.83918039e-03
-2.58948782e-01
0.00000000e+00
0.00000000e+00
0.00000000e+00
0.00000000e+00
0.00000000e+00
0.00000000e+00
0.00000000e+00
5.33377088e-01
1.11915748e-01
8.53146897e-01
0.00000000e+00
-2.74020807e-01
-3.66733207e-01
-2.29805394e-01
3.04702533e-01
6.86165612e-01
6.62827596e-01
7.15303399e-01
0.00000000e+00
-7.73987611e-01
1.72344725e-01
-3.17035872e-01
-1.65881552e-01
1.31453035e-01
-1.05535079e-01
7.87932935e-01
0.00000000e+00
-2.87892937e-01
5.56407819e-01
9.93439743e-01
-7.58576945e-01
-1.46454575e-01
-2.62857726e-01
1.04706464e+00
6.91795594e-01
1.14831631e-01
6.91812508e-01
1.05973356e-01
-4.20529811e-02
-4.68631204e-01
9.11616704e-01
1.11933718e+00
5.22902654e-01
1.22297809e+00
0.00000000e+00
1.11303361e+00
-5.07184655e-01
1.46981540e+00
-7.06337166e-02
1.40194579e+00
8.32326912e-01
3.85005477e-01
5.86289524e-01
-6.24211924e-02
4.71573031e-01
2.71196280e-01
5.55717014e-02
1.29702724e-01
0.00000000e+00
3.57309715e-01
6.04920924e-02
6.95994900e-01
-3.98162578e-01
4.45135118e-01
2.74781381e-01
0.00000000e+00
1.23172294e+00
2.14642250e-01
5.85157984e-01
-1.32143591e-01
6.94268047e-01
-3.21192232e-02
0.00000000e+00
1.43660348e+00
-3.70232298e-01
1.97336380e+00
-1.71277780e+00
1.64351604e+00
3.41434190e-01
1.01714681e+00
3.09039697e-01
-3.07563963e-01
-3.06475993e-02
2.41237037e-01
2.02900827e-01
2.18175937e-01
0.00000000e+00
5.86257303e-01
2.07420381e-01
6.32788156e-01
3.61044131e-01
2.79394274e-01
-1.34849265e-01
-7.50902736e-02
-8.31608324e-01
-8.75483800e-01
0.00000000e+00
0.00000000e+00
0.00000000e+00
3.75011961e-02
-9.67415963e-01
-5.54629881e-01
6.22161894e-01
-1.08521213e+00
1.49680809e-01
2.91867018e-01
3.83669506e-01
3.22485691e-01
0.00000000e+00
1.54015913e-01
2.88929916e-01
-2.25943221e-01
5.89910998e-01
4.34111738e-01
6.80771930e-01
9.91493747e-02
-2.34962391e+00
-6.01275518e-03
2.59098082e-01
-5.54566104e-01
0.00000000e+00
0.00000000e+00
0.00000000e+00
3.04689832e-01
7.97558933e-02
4.84489579e-01
-2.52000823e-01
-7.14252279e-01
-2.58704360e-01
-2.04229204e-01
-3.28564443e-01
3.59512159e-01
0.00000000e+00
1.57267481e-01
3.85846471e-01
-1.48154327e-01
-5.14522339e-02
5.81682106e-01
1.20066325e-01
-4.27950143e-01
-7.54495484e-01
-1.15237922e+00
1.26430657e+00
-2.04600635e+00
0.00000000e+00
0.00000000e+00
0.00000000e+00
8.55948093e-01
9.08026267e-01
8.64387982e-01
9.78649091e-01
-1.60353257e-03
-7.80111343e-01
7.32806305e-01
8.99729652e-01
1.03783912e+00
0.00000000e+00
1.00628685e+00
1.94300100e+00
1.97091674e-01
2.11620646e+00
3.31109935e-01
1.41777864e+00
2.14517782e-01
-2.05730515e-01
-3.37515017e-02
6.51767836e-01
-1.24212808e+00
0.00000000e+00
0.00000000e+00
0.00000000e+00
6.50521679e-01
6.10459733e-01
-6.82518243e-02
8.77560622e-01
-1.01181287e-03
1.94650413e+00
1.97946448e-01
4.71376118e-01
7.12703309e-01
0.00000000e+00
2.65963996e-01
1.39409313e+00
-6.26502215e-01
2.65951849e-01
3.45319883e-01
7.37584097e-01
8.77284492e-01
-5.43628172e-02
-5.61310951e-02
1.10685975e+00
136
3.50713551e-01
3.17227884e-01
-4.07088239e-03
1.43031584e-01
2.74439701e-03
-1.05110771e-01
-2.13372568e-03
-4.43514641e-03
-3.52722864e-03
0.00000000e+00
0.00000000e+00
0.00000000e+00
0.00000000e+00
0.00000000e+00
0.00000000e+00
0.00000000e+00
4.05280438e-01
-2.92659138e-02
-2.53009728e-02
-5.40273372e-01
-3.84671886e-02
-5.51392616e-02
4.28754215e-03
1.90406055e-01
3.69857266e-01
3.34756802e-01
8.52857089e-02
-2.84914245e-01
-1.80091386e-02
-7.44990804e-01
-4.71431443e-01
1.92841165e-01
3.15525730e-01
-9.43031981e-01
4.77884631e-01
0.00000000e+00
3.70311346e-01
-3.36011742e-01
7.06018552e-01
-8.11091902e-02
6.11448159e-01
-4.96510055e-01
9.37607383e-01
0.00000000e+00
0.00000000e+00
0.00000000e+00
-1.11826784e+00
-1.46037383e+00
5.82608794e-01
-3.45222611e-01
-2.25039489e-01
1.62858727e-01
1.05832028e+00
1.59825552e-01
4.35772959e-01
-2.73894997e-01
-5.44193669e-01
-1.19748622e-01
2.64858442e-01
-4.52220290e-02
-1.54443739e-01
-4.49828396e-01
-3.85479397e-01
-2.01349687e-01
-5.72283146e-02
-3.49931208e-01
-4.50399256e-01
6.00822924e-01
-3.40334969e-01
1.00014480e-01
-1.91945172e-01
-2.99229755e-01
1.30876700e+00
-7.27521524e-01
3.51503069e-01
-5.08790135e-01
2.61328414e-01
-3.16959939e-01
-1.71407442e-01
-2.73749928e-02
-2.88870571e-01
0.00000000e+00
2.42762646e-01
-2.08514922e-01
1.22839840e-01
-1.85965903e-02
2.28337395e-01
-8.96080046e-01
-1.10931598e+00
0.00000000e+00
0.00000000e+00
0.00000000e+00
3.77895841e-01
-1.47052929e+00
-3.87808217e-01
3.10717138e-01
-9.52298402e-01
-1.07520502e-01
7.50098741e-01
3.51092550e-01
4.27863780e-01
0.00000000e+00
2.99326105e-01
7.55027847e-01
-2.84327439e-01
6.94853380e-01
7.15713864e-01
7.23188989e-01
-3.12529513e-01
-2.72492323e+00
-8.20624859e-01
5.45467237e-01
-2.27352622e+00
0.00000000e+00
0.00000000e+00
0.00000000e+00
4.96333321e-01
-3.30823921e-02
2.27321814e-01
-1.82802295e-01
-1.12285446e+00
-7.41268406e-02
2.20466754e-01
8.50231992e-01
8.61329877e-01
0.00000000e+00
6.36474637e-01
2.63636992e+00
-7.92838952e-02
1.27854887e+00
2.66454045e-01
8.32237959e-01
1.08893201e-01
-7.17612330e-02
-7.45145394e-03
8.75798283e-01
10 1
-9.5062e-01 3.8762e-01
8 0
1 2 0 6 3 11 9 5 
217
1.51502578e+00
-7.47084774e-03
-1.33442671e+00
-7.57308231e-02
7.52781921e-01
2.26403356e-01
7.99001661e-01
-6.75360806e-01
-6.85743025e-02
-6.20325409e-02
0.00000000e+00
0.00000000e+00
0.00000000e+00
0.00000000e+00
1.14977095e+00
-4.60534181e-02
1.79420295e-01
7.61393800e-02
-1.78349467e-03
2.12680716e-01
2.72103583e-01
-1.05583098e-02
1.55172420e-01
1.70118653e-02
6.15647965e-04
-2.56571846e-01
0.00000000e+00
0.00000000e+00
0.00000000e+00
0.00000000e+00
0.00000000e+00
0.00000000e+00
0.00000000e+00
3.19963727e-01
2.51892728e-01
9.43169321e-01
0.00000000e+00
2.73064475e-01
-1.91158561e-02
2.44308792e-01
2.25427262e-01
3.35248004e-01
5.10948959e-01
-5.48558606e-02
0.00000000e+00
-3.59692336e-01
-1.37079701e-01
-4.45172592e-01
4.97263785e-01
1.88872795e-01
-3.68581244e-02
5.91281548e-01
0.00000000e+00
-2.35222543e-02
4.98556892e-02
7.82126032e-01
-5.39339937e-01
-1.72288891e-01
-1.63032376e-01
7.90430385e-01
7.28399922e-01
2.36022321e-01
5.50603533e-01
3.64185849e-01
-2.01194761e-01
-7.33002962e-01
8.10759797e-01
1.03193358e+00
5.41274890e-01
1.27073015e+00
0.00000000e+00
-1.21774041e-01
-5.40483368e-01
9.02607839e-01
-3.23154314e-01
5.28943022e-01
1.48213910e-02
-2.20918088e-01
5.79614678e-01
-1.26693849e-01
7.51838030e-01
2.21518032e-01
4.04491155e-01
-4.80885561e-01
0.00000000e+00
7.90797127e-01
-4.93200967e-01
5.79374731e-01
3.19316586e-01
1.44853917e-01
7.01296407e-01
8.04614205e-01
5.62855629e-01
-2.61959575e-01
-4.48029650e-02
-2.94068937e-01
1.92358907e-01
-4.44591858e-01
0.00000000e+00
3.22382299e-01
-1.65606019e+00
8.06521040e-01
-1.00619236e+00
4.73873431e-01
-2.81899504e-01
3.67105233e-01
4.08300491e-01
-1.05768861e-01
4.84059386e-01
-2.61735958e-01
2.55560665e-01
3.82427157e-02
0.00000000e+00
4.53844051e-01
-1.39032465e-01
5.89873337e-01
-1.13897143e-01
4.71308388e-01
-1.03145325e-01
-5.21514518e-01
-1.33307668e+00
-2.54409650e+00
0.00000000e+00
0.00000000e+00
0.00000000e+00
6.27679404e-01
8.77660957e-02
5.72952403e-01
1.27064645e+00
6.27577001e-01
1.35586059e-01
1.23032825e+00
1.22402464e+00
1.60525404e+00
0.00000000e+00
1.34264075e+00
1.76095226e+00
1.80666965e+00
2.05571233e+00
1.36722161e+00
1.56445620e+00
4.22331532e-01
-3.65276149e-01
2.72130853e-01
1.61910513e+00
-6.13990327e-01
0.00000000e+00
0.00000000e+00
0.00000000e+00
1.32578710e+00
3.41253816e-01
7.40298332e-01
7.05384375e-01
1.58173718e-01
1.65712274e+00
9.44802754e-01
1.05835478e+00
1.16015018e+00
0.00000000e+00
6.38620613e-01
4.97774068e-01
-1.42037127e+00
4.36728598e-01
1.56257842e+00
6.67547828e-01
1.17379582e+00
-2.23942448e-01
2.25460016e-01
6.69197307e-01
-2.52998335e+00
0.00000000e+00
0.00000000e+00
0.00000000e+00
2.73358610e-01
-4.08307088e-01
3.11269419e-01
-4.94484319e-01
0.00000000e+00
-2.87115375e-01
3.14812528e-01
1.72866480e+00
1.20034242e+00
0.00000000e+00
-4.30178743e-01
3.10170469e+00
-3.37300507e-02
8.85289585e-01
6.05347872e-01
1.57253156e+00
6.05522868e-01
-1.34625352e-02
-9.61394457e-02
4.89663446e-01
-7.39609774e-01
0.00000000e+00
0.00000000e+00
0.00000000e+00
8.84276362e-01
1.16529684e+00
3.45283390e-01
9.53400347e-01
0.00000000e+00
6.13928782e-01
2.45549059e-01
-5.29704695e-01
3.87458136e-01
0.00000000e+00
1.29153627e+00
-1.92770854e-01
-1.98441332e-01
2.31786215e+00
5.62061294e-01
3.15103049e-01
-4.90013370e-01
-9.69956287e-03
-8.57204289e-02
5.93454626e-01
136
4.49152347e-01
1.99082689e-01
-1.69915923e-03
1.06739911e-01
-4.35057059e-04
2.99712709e-01
-1.06603491e-02
-1.56382961e-01
-3.20525499e-03
0.00000000e+00
0.00000000e+00
0.00000000e+00
0.00000000e+00
0.00000000e+00
0.00000000e+00
0.00000000e+00
4.58291073e-01
6.00582470e-03
-1.51445505e-02
-3.38317559e-01
3.60187462e-02
-4.40447361e-02
-1.11109452e-02
2.35840884e-01
2.81456672e-01
3.24715058e-01
-3.54057741e-02
-1.77379418e-01
-6.85997329e-03
-5.00643718e-01
-3.67835228e-01
2.17608460e-01
3.66175159e-01
-6.94981035e-01
4.21999532e-01
0.00000000e+00
2.25895416e-01
-1.69802144e-01
4.91444891e-01
-2.15055506e-01
4.04590366e-01
-4.66776177e-01
7.92175909e-01
0.00000000e+00
0.00000000e+00
0.00000000e+00
-8.09407882e-01
-1.06902584e+00
7.03056967e-01
-2.41099838e-01
-2.29514242e-01
1.03446263e-01
8.40124055e-01
1.36590667e-01
3.83344120e-01
-3.24414947e-01
-1.51049635e-01
-2.25534725e-01
2.79198851e-01
-7.93295823e-02
-5.65152896e-02
-3.87629880e-01
-4.01185698e-01
-1.18082059e-01
-5.75714444e-02
-2.54634328e-01
-3.78872832e-02
3.42110774e-01
-4.40063312e-01
5.67632533e-02
-1.69587738e-01
3.71659270e-02
9.91718438e-01
-7.88843993e-01
3.04804872e-01
-5.87805887e-01
3.79259665e-01
-2.50315975e-01
-1.27533786e-01
-1.48334387e-02
-2.14850886e-01
0.00000000e+00
4.53182723e-01
-2.67383222e-02
1.35413195e-01
-7.10847632e-02
2.22884251e-01
-8.30921437e-01
-1.14463109e+00
0.00000000e+00
0.00000000e+00
0.00000000e+00
4.36853999e-01
-1.51218887e+00
-4.09212022e-01
3.39258443e-01
-1.19147283e+00
-9.88831764e-02
7.18959923e-01
2.19003760e-01
4.14661037e-01
0.00000000e+00
3.33585615e-01
7.36104499e-01
-2.55026704e-01
7.07585312e-01
6.54912506e-01
7.65156378e-01
-2.77959137e-01
-2.63231663e+00
-7.58792356e-01
6.65139160e-01
-2.13528283e+00
0.00000000e+00
0.00000000e+00
0.00000000e+00
3.07988713e-01
-1.03146545e-01
9.90986989e-02
-2.37121935e-01
-1.36869385e+00
-2.66583801e-01
6.44881084e-02
6.51731384e-01
7.82355830e-01
0.00000000e+00
4.96650232e-01
2.45707697e+00
-2.01515855e-01
1.11120790e+00
4.48670208e-03
7.82909036e-01
-5.63495927e-02
-8.11520223e-02
-1.95880651e-01
8.33227205e-01
7 1
-1.1296e+00 3.9991e-01
8 1
1 2 0 6 3 11 9 5 
217
5.35899574e-01
-3.63366749e-01
-4.78401288e-01
-6.79831303e-01
-7.02767542e-01
1.14866298e+00
2.56457641e-01
2.56665428e-01
6.33052221e-01
-1.32039537e+00
3.49157254e-01
1.02054787e-01
0.00000000e+00
0.00000000e+00
4.15432418e-01
-2.39685061e-02
5.28716687e-01
-6.56248859e-04
-3.32969092e-03
9.11526944e-01
3.33511770e-01
-2.41249283e-03
6.53273226e-01
-2.12388365e-01
-1.77837543e-03
6.63504818e-01
0.00000000e+00
0.00000000e+00
0.00000000e+00
0.00000000e+00
0.00000000e+00
0.00000000e+00
0.00000000e+00
7.45195083e-01
-1.21897814e-01
-8.73976950e-02
0.00000000e+00
-4.52457701e-01
-1.81734299e-01
-1.63825641e-01
2.96998710e-01
5.66667423e-01
6.04235084e-01
-4.59316917e-01
0.00000000e+00
-3.55327054e-01
1.84709160e-01
-3.03551835e-01
5.33600682e-01
-3.31087461e-01
-5.87068853e-01
4.90792813e-01
0.00000000e+00
-4.11143146e-01
-5.64490258e-01
9.97136820e-01
3.19080837e-01
-5.67144437e-01
-5.95360568e-01
9.61970541e-01
3.39523308e-01
-4.20059316e-01
2.91102668e-01
0.00000000e+00
5.42533329e-02
-1.69464472e-01
4.70220305e-01
8.17891805e-01
1.14259359e-02
2.39667674e-01
0.00000000e+00
-4.82382449e-02
-3.27166964e-01
4.69109269e-01
-2.71760686e-01
1.15028550e-01
3.29479134e-01
2.28394850e-01
8.27211710e-02
-2.14793279e-01
2.49799009e-01
2.25315118e-01
-2.50154557e-02
6.93617455e-01
0.00000000e+00
2.74286536e-01
-1.53309712e-01
7.81430715e-01
-3.48069715e-01
-5.19817677e-01
-1.18661197e+00
4.90967487e-02
2.99615319e-01
3.09907905e-02
1.25756927e-01
-7.36990458e-01
6.14305790e-02
-3.02016453e-01
0.00000000e+00
4.91427442e-01
-1.02145221e-01
9.23323013e-02
-1.42888321e-01
-4.78601694e-02
-1.94406761e-01
0.00000000e+00
1.48498836e-01
-9.83228270e-02
2.06627093e-01
-1.59810732e-01
1.80773645e-01
4.43042708e-01
6.48668712e-02
-1.72934132e-02
-2.77831888e-01
1.19312441e-01
2.66103900e-01
3.69013675e-01
4.96494146e-02
1.15601839e+00
1.13583845e-01
-2.77809896e-01
0.00000000e+00
0.00000000e+00
0.00000000e+00
-4.16863664e-01
-1.71249629e+00
-2.02797052e-01
2.07202723e-01
-7.00715260e-01
2.73412783e-01
8.92110492e-01
-4.83474540e-01
3.37739585e-01
0.00000000e+00
2.87856806e-01
7.78044090e-01
-4.38385227e-01
1.09617888e+00
6.93855655e-01
1.17490856e+00
-1.02086193e+00
-1.95193519e+00
1.22628103e-01
7.85781574e-01
-1.35704095e+00
0.00000000e+00
0.00000000e+00
0.00000000e+00
1.41432952e+00
7.31513171e-01
-2.61341401e-01
8.62071138e-01
-2.38909820e-01
-3.40591396e-01
-7.07391118e-02
6.64989621e-01
3.74488339e-01
0.00000000e+00
4.12836140e-02
1.94321155e-02
-7.67098815e-01
-5.58427350e-01
-8.29843255e-01
-8.15055573e-01
9.77412958e-01
-8.69163815e-01
-1.67638265e+00
-1.50082412e-02
-1.68040776e+00
0.00000000e+00
0.00000000e+00
0.00000000e+00
1.38523540e+00
1.57960089e+00
2.69082700e-01
2.43703251e-01
-1.44791423e+00
-3.65376472e-01
6.98795456e-01
-2.12606289e-01
1.40455217e+00
0.00000000e+00
1.00188076e+00
2.69738558e+00
-9.55928666e-01
2.52326414e+00
5.21211717e-01
1.34848834e+00
9.46587232e-01
-3.73908535e-02
6.98793400e-01
1.48091625e+00
-1.67732615e+00
0.00000000e+00
0.00000000e+00
0.00000000e+00
1.58207040e-01
-2.04100779e-01
2.27323560e-02
3.76091665e-01
2.93505159e+00
1.83714865e+00
1.50639278e-02
4.41176502e-01
-1.76897318e-01
0.00000000e+00
5.83443810e-01
-3.07715249e-01
2.01362553e+00
-1.34175390e+00
-7.71227918e-01
5.44373328e-01
-3.81946320e-01
-2.39856121e-02
1.60526405e+00
-2.47716112e-01
136
4.89754866e-02
1.01671186e+00
-2.84371036e-02
9.43736005e-02
-1.08096258e-02
-3.00740676e-01
-3.15558618e-03
-7.61369301e-01
-9.38080145e-04
0.00000000e+00
0.00000000e+00
0.00000000e+00
0.00000000e+00
0.00000000e+00
0.00000000e+00
0.00000000e+00
4.08064918e-01
3.50518210e-02
-3.94141253e-01
-1.40372304e+00
-4.93701671e-01
-3.65456062e-01
-1.75215987e-01
2.64473619e-01
5.25990543e-01
7.48313062e-01
9.48295025e-01
-1.31028519e+00
-1.79205826e-01
-1.80232388e+00
-4.01838036e-01
-5.19061177e-01
1.07851515e+00
-1.41425107e+00
1.07485612e+00
0.00000000e+00
6.71333440e-01
-8.92744222e-01
1.13199589e+00
-4.30222883e-01
1.49486763e+00
-6.11081500e-01
1.91428112e+00
0.00000000e+00
0.00000000e+00
0.00000000e+00
0.00000000e+00
1.31891206e+00
9.92300661e-01
-5.16400593e-02
2.41993264e-02
0.00000000e+00
1.21912678e+00
1.40082260e-01
4.20649431e-01
-1.23895032e-01
-9.99920097e-01
-1.53900780e+00
-1.37950999e-01
-4.49051456e-01
-5.37905577e-02
-2.80718995e-01
-3.01645426e-01
-2.65568286e-01
-1.61108370e-01
-2.02773653e-01
-4.71664553e-01
-1.59052512e-01
-5.26740366e-01
-8.18235105e-02
-1.43820102e-01
0.00000000e+00
1.33897023e+00
-7.75538469e-01
3.40044438e-01
-5.76554494e-01
0.00000000e+00
1.67639187e+00
3.05452669e-02
3.30019122e-01
-7.04105158e-01
-1.60429504e-01
-3.26217029e-01
-2.22337507e-01
-5.21025518e-02
-8.13255897e-03
7.11069140e-03
-1.07976452e+00
-1.10975180e+00
0.00000000e+00
0.00000000e+00
0.00000000e+00
1.93070891e-01
-1.42933312e+00
-4.25705149e-01
1.57197972e-01
-1.01378167e+00
6.46636452e-02
7.84778133e-01
2.40760866e-01
3.90004366e-01
0.00000000e+00
3.90716277e-01
7.67389061e-01
-2.14449434e-01
7.82663897e-01
6.24857675e-01
7.82742284e-01
-2.42175675e-01
-2.77936605e+00
-7.89797345e-01
6.06011573e-01
-2.57856961e+00
0.00000000e+00
0.00000000e+00
0.00000000e+00
5.67390093e-01
5.16110825e-01
6.56700580e-01
5.93546061e-02
-1.72302384e+00
2.02245173e-01
7.56931345e-01
1.12574008e+00
1.04939743e+00
0.00000000e+00
8.56991936e-01
2.85436672e+00
1.71057297e-01
1.70928595e+00
5.59868708e-01
1.09179561e+00
4.34953838e-01
-2.38763532e-02
7.41419119e-02
1.15013042e+00
