0 7 -999999999 -1 -1
1 1 0 -1 -1
0.4685 -0.5333
356
4.46700240e-01
4.24046203e-01
0.00000000e+00
-4.89243146e-02
-3.35469574e-01
-4.77593921e-01
6.60555617e-01
0.00000000e+00
0.00000000e+00
8.90497976e-01
1.03951503e-01
-2.77299861e-01
6.30388369e-02
3.49511978e-03
-3.66651844e-02
-1.57542500e-02
0.00000000e+00
0.00000000e+00
0.00000000e+00
0.00000000e+00
0.00000000e+00
0.00000000e+00
0.00000000e+00
0.00000000e+00
0.00000000e+00
0.00000000e+00
0.00000000e+00
0.00000000e+00
0.00000000e+00
0.00000000e+00
0.00000000e+00
0.00000000e+00
0.00000000e+00
0.00000000e+00
0.00000000e+00
0.00000000e+00
0.00000000e+00
0.00000000e+00
0.00000000e+00
0.00000000e+00
0.00000000e+00
0.00000000e+00
0.00000000e+00
0.00000000e+00
0.00000000e+00
0.00000000e+00
0.00000000e+00
0.00000000e+00
0.00000000e+00
0.00000000e+00
0.00000000e+00
-7.93943126e-02
-2.81669769e-01
-1.72549583e+00
0.00000000e+00
0.00000000e+00
0.00000000e+00
0.00000000e+00
-9.51556553e-02
2.35401389e-01
1.89396985e-02
7.92087257e-01
9.06169150e-01
-2.30401579e-02
8.75682993e-01
-1.28218870e+00
-1.25893595e+00
-3.45548298e-01
0.00000000e+00
0.00000000e+00
0.00000000e+00
-3.56833718e-02
-1.42200074e-02
-1.71477252e-01
1.31339649e-01
-3.18810653e-04
-2.48206777e-01
6.56998312e-01
-3.17396067e-03
-5.63215741e-01
0.00000000e+00
0.00000000e+00
5.99905967e-01
3.39277989e-01
8.00297572e-02
-2.75933649e-01
-1.95050699e-01
3.23237339e-01
0.00000000e+00
0.00000000e+00
-7.24762479e-01
1.13873455e-02
-4.02902309e-01
-2.46765126e-02
2.30361948e-02
-3.78101130e-02
9.24011963e-02
5.00195399e-02
-4.24897529e-03
6.12121900e-02
-4.31364080e-01
-3.92769110e-01
0.00000000e+00
0.00000000e+00
3.32617288e+00
2.20658291e+00
0.00000000e+00
4.72974912e-02
0.00000000e+00
1.37397452e-01
6.63029121e-02
5.01936533e-01
6.61254340e-02
-5.02402640e-01
-3.51882371e-01
-4.79685913e-01
-5.38953370e-01
-1.76053307e+00
0.00000000e+00
0.00000000e+00
0.00000000e+00
3.99632270e-01
0.00000000e+00
0.00000000e+00
3.26446881e-01
6.36143996e-02
3.66009280e-02
-3.07730691e-01
-2.84390942e-01
-9.59651829e-01
4.16162548e+00
4.35413171e+00
4.41245081e+00
4.17013572e+00
4.37606466e+00
4.41790042e+00
-2.88156161e-01
-7.51175007e-02
-4.85307094e-02
-1.58038616e-01
1.65080316e-01
-3.44747570e-01
1.64448403e-01
-9.85109296e-02
1.17574107e-01
-6.03610642e-02
5.60433630e-02
-3.97230204e-01
6.87859293e-01
0.00000000e+00
0.00000000e+00
0.00000000e+00
-6.34771417e-01
3.95268304e-01
0.00000000e+00
0.00000000e+00
3.93612364e-01
3.91678093e-02
-1.85178791e+00
0.00000000e+00
-3.68359998e-01
-7.06510977e-01
-6.59324730e-01
-1.05337169e+00
-1.02768473e+00
0.00000000e+00
0.00000000e+00
0.00000000e+00
1.90003753e-01
-3.08883505e-01
-2.06305107e-01
1.92841053e-01
-1.96529030e+00
2.83376370e-01
5.35013473e-01
7.53467841e-01
3.28985101e-01
0.00000000e+00
2.34427165e-01
5.27332489e-01
-1.62201291e+00
3.12768206e-01
1.02392754e+00
6.61334441e-01
2.96089877e-01
-2.05160327e+00
-9.22254676e-01
7.09097732e-01
3.84920181e-01
0.00000000e+00
0.00000000e+00
0.00000000e+00
2.53972046e-03
-3.67485026e-01
4.19089667e-05
2.03008399e-01
2.25937916e-01
7.88937878e-02
1.00525696e-01
-6.23955741e-02
-6.41231227e-02
0.00000000e+00
-6.56764091e-02
-3.42742457e-02
3.90534900e-02
5.95842828e-02
-1.39460777e-01
7.36348615e-02
-8.86896231e-03
9.41264704e-02
2.10772830e-01
3.90849348e-02
-5.76796051e-01
-1.45572322e-01
7.66721424e-01
-5.18792260e-01
-1.70504374e-01
4.62387185e-01
4.80673862e-02
-6.56026894e-01
1.39662402e-02
0.00000000e+00
0.00000000e+00
0.00000000e+00
-9.94758564e-02
4.19642032e-01
-1.59965231e-01
-2.41626099e-01
-1.65612555e-01
2.60054468e-02
-5.36610450e-02
2.93252412e-01
2.60532707e-01
0.00000000e+00
-1.96226384e-01
1.77582464e-02
1.86764298e-02
7.09433549e-02
-3.16955374e-02
-1.24106902e-01
-3.36267652e-02
-3.01461866e-02
-9.45520770e-02
1.37850249e-01
-4.31223729e-01
9.79553988e-01
4.14733814e-01
-1.65466414e-01
-4.50888678e-01
-2.22787676e-01
-1.65849718e+00
-7.86963403e-01
-1.31266104e-01
4.03517933e-01
6.28338816e-02
-6.89139491e-01
-2.28101002e-01
-2.21542014e-01
-2.55422209e-01
4.34375130e-01
-1.75988267e+00
0.00000000e+00
0.00000000e+00
0.00000000e+00
-1.88887777e-01
5.93829118e-01
-1.21821806e-01
1.06523306e-01
-1.49187686e+00
1.09334094e-01
6.14785523e-01
-3.60500404e-01
7.39207982e-01
0.00000000e+00
1.00829199e-01
8.49328556e-01
-1.29012295e+00
6.35788949e-01
-9.62783015e-01
2.21468122e-01
5.44272824e-02
-1.20282870e+00
-2.60865796e-01
9.42825054e-02
4.43917272e-01
0.00000000e+00
0.00000000e+00
0.00000000e+00
-1.06107943e-01
-1.11477145e-01
-2.81889840e-02
1.76732700e-01
4.20329512e-01
1.26534711e-01
4.07550564e-02
-9.20316807e-02
9.77902599e-02
0.00000000e+00
-7.57907020e-02
-1.09329892e-03
1.42367164e-01
8.31602467e-02
-5.46291336e-01
-4.71592648e-02
-5.46630360e-02
1.78215268e-01
2.48562075e-01
-7.72633058e-03
-8.91348961e-01
-3.18054468e-01
0.00000000e+00
7.02743752e-01
2.93579591e-01
3.74365858e-01
-1.32336584e-02
-6.79186668e-01
-2.53570125e-01
0.00000000e+00
0.00000000e+00
0.00000000e+00
1.69460878e-01
1.82685223e-01
3.15357756e-02
1.20500768e-01
-6.21315400e-02
-1.17944112e-01
1.74598040e-03
-3.52024716e-01
-3.00348807e-01
0.00000000e+00
2.09221353e-01
4.31763922e-02
-9.58306184e-02
-1.56500619e-01
3.56891537e-01
1.48722780e-01
2.05886157e-01
-2.54873924e-01
-1.51791001e-01
-2.31951630e-01
-5.73294493e-01
0.00000000e+00
6.49126977e-01
-8.09332690e-02
-8.68533709e-01
-3.88456509e-01
0.00000000e+00
9.82567533e-01
-9.63467538e-02
3.59853948e-01
-8.92404850e-02
-6.59069972e-01
-4.80077200e-01
-6.17910127e-01
1.35765975e+00
-3.92279382e-01
247
9.80335644e-03
9.80335644e-03
0.00000000e+00
7.90925441e-01
-7.81122084e-01
-5.08083407e-01
-7.25400095e-01
5.54752256e-01
0.00000000e+00
0.00000000e+00
-1.11887880e-01
2.43731054e-01
-4.09862824e-01
2.45796746e-01
0.00000000e+00
0.00000000e+00
0.00000000e+00
0.00000000e+00
0.00000000e+00
0.00000000e+00
0.00000000e+00
0.00000000e+00
0.00000000e+00
0.00000000e+00
0.00000000e+00
0.00000000e+00
0.00000000e+00
0.00000000e+00
0.00000000e+00
0.00000000e+00
0.00000000e+00
0.00000000e+00
0.00000000e+00
0.00000000e+00
0.00000000e+00
0.00000000e+00
0.00000000e+00
0.00000000e+00
0.00000000e+00
0.00000000e+00
0.00000000e+00
0.00000000e+00
0.00000000e+00
-5.34009666e-02
-1.16109437e-02
7.40800703e-02
2.82089149e-03
1.94544448e-01
-5.55192787e-03
0.00000000e+00
0.00000000e+00
4.68936644e-01
1.24736948e-01
1.16556298e-01
-4.21403275e-01
-4.62536740e-03
5.03981534e-02
0.00000000e+00
0.00000000e+00
2.97161239e+00
1.72025882e+00
0.00000000e+00
0.00000000e+00
0.00000000e+00
0.00000000e+00
0.00000000e+00
0.00000000e+00
-5.89716620e-04
-1.03113658e-01
-9.88844559e-02
-3.95925097e-01
-6.27661153e-01
-1.84186411e+00
0.00000000e+00
0.00000000e+00
0.00000000e+00
0.00000000e+00
0.00000000e+00
0.00000000e+00
5.19699561e-01
-6.70743463e-02
-3.37932488e-01
-2.81580381e-01
-1.95048535e-01
-5.64238141e-01
3.78332383e+00
4.26079086e+00
4.17500371e+00
3.97056244e+00
4.31846198e+00
4.14955732e+00
-8.60864336e-03
-2.65005600e-02
2.45356194e-02
1.16319819e-01
2.48287507e-01
-1.22387044e-01
1.11998767e-01
-5.97905499e-02
-1.25744042e-01
-8.36064975e-02
1.35726857e-01
-4.11123302e-01
0.00000000e+00
0.00000000e+00
0.00000000e+00
0.00000000e+00
6.87855334e-01
-9.44876245e-02
-1.89213852e+00
0.00000000e+00
-2.47275953e-01
-8.22394559e-01
-5.50758537e-01
-1.15969693e+00
-1.06967051e+00
0.00000000e+00
0.00000000e+00
0.00000000e+00
2.46256571e-01
-7.66185158e-01
-5.21389029e-01
4.81830069e-01
-1.39874778e+00
2.20515805e-01
4.10737226e-01
2.14845052e-01
-2.39291702e-01
0.00000000e+00
6.76819096e-01
6.88987898e-01
-1.39754654e+00
9.12477328e-02
1.20657598e+00
4.08315118e-01
1.28293410e-01
-1.39740621e+00
-7.87489258e-01
6.63961208e-01
-5.06153316e-01
-2.57645411e-02
-1.40697123e-01
-1.46473910e+00
-6.28485016e-01
-9.91414513e-02
0.00000000e+00
0.00000000e+00
0.00000000e+00
3.22356276e-01
6.07838469e-01
1.93578498e-01
-1.44487677e-01
-1.75975115e-01
-1.08794662e-01
-3.70249405e-02
-7.74041321e-02
8.77765795e-02
0.00000000e+00
1.86423162e-01
1.42934208e-01
-2.59023489e-01
-2.72937268e-02
-8.43236770e-01
1.38057223e-01
1.43296926e-02
-1.51585361e-01
7.35408724e-02
-4.11505567e-02
-4.80388775e-01
0.00000000e+00
-1.69497441e-01
4.62108845e-01
-5.63517197e-01
-2.21511412e-01
-1.92354917e+00
-1.33582663e+00
-7.63729177e-02
-3.42005784e-01
-5.46232845e-01
-1.74258717e-01
7.27755180e-01
-1.71045547e+00
0.00000000e+00
0.00000000e+00
0.00000000e+00
-6.45690427e-01
8.27578273e-02
-2.26792036e-01
6.89537165e-01
-2.15226844e+00
3.55085271e-01
7.89183588e-01
-5.44541673e-01
4.10737180e-01
0.00000000e+00
1.12310048e-01
6.43725086e-01
-1.10208386e+00
7.06879977e-01
2.24352302e-02
1.84213119e-01
4.00992034e-01
-1.41181677e+00
-3.76526930e-01
3.51408153e-01
-8.36489889e-01
-2.24361336e-01
0.00000000e+00
-4.39947842e-01
9.56212465e-02
-1.40469630e-01
0.00000000e+00
0.00000000e+00
0.00000000e+00
6.84364295e-02
-7.40265341e-02
2.77729028e-01
-9.93340356e-02
0.00000000e+00
3.09720040e-01
1.32147411e-01
4.24580051e-01
2.84996806e-01
0.00000000e+00
-7.34119992e-02
1.01211085e-01
-7.80057205e-02
1.97857564e-01
2.14334507e-01
4.21796063e-02
6.06954518e-02
4.96484931e-01
3.02494877e-01
2.00886588e-01
-6.12128553e-01
0.00000000e+00
4.56969601e-01
-7.74961523e-01
-8.73965578e-01
-3.26397202e-01
0.00000000e+00
5.31116206e-01
4.74388553e-02
-5.47568376e-01
0.00000000e+00
5.89856371e-01
-3.94209489e-01
1 -999999999 3 0 -1
1 0 1 1 -1
4.0485e-01 -1.3920e-01
356
2.86385816e-01
0.00000000e+00
0.00000000e+00
0.00000000e+00
0.00000000e+00
0.00000000e+00
0.00000000e+00
0.00000000e+00
0.00000000e+00
0.00000000e+00
0.00000000e+00
0.00000000e+00
0.00000000e+00
0.00000000e+00
0.00000000e+00
0.00000000e+00
3.15666389e-01
0.00000000e+00
-2.98705503e-01
-1.71524550e-01
-1.96813424e-01
-1.93210566e-01
0.00000000e+00
0.00000000e+00
-4.05068554e-02
-4.97715623e-01
7.02253269e-03
2.47554267e-01
-1.33091105e-01
-1.05793263e-01
-5.98211348e-02
3.13082402e-01
0.00000000e+00
-1.24751849e+00
-2.63260788e-01
0.00000000e+00
1.91650385e-01
8.21842574e-01
-1.07687427e+00
7.38758314e-01
5.84882592e-01
0.00000000e+00
0.00000000e+00
0.00000000e+00
0.00000000e+00
0.00000000e+00
0.00000000e+00
0.00000000e+00
0.00000000e+00
0.00000000e+00
0.00000000e+00
7.62106165e-02
-6.03595288e-01
-1.18569654e+00
0.00000000e+00
0.00000000e+00
0.00000000e+00
0.00000000e+00
-1.34989276e+00
2.39532410e+00
1.24104784e+00
4.16751568e-01
1.52895837e+00
-1.03935315e+00
5.63537185e-01
-1.62483453e+00
-1.69726482e+00
-3.17754727e-01
0.00000000e+00
0.00000000e+00
0.00000000e+00
-8.44238761e-02
-4.35320231e-03
-1.08371005e-01
-4.47118038e-01
1.12511424e-02
-3.03373798e-01
8.51608174e-01
1.20195436e-03
-5.26361768e-01
0.00000000e+00
0.00000000e+00
-9.73299472e-02
-2.39601608e-01
-3.53712474e-01
1.26154570e-02
5.34085504e-01
6.27787770e-01
0.00000000e+00
0.00000000e+00
3.17559806e-01
-3.13965420e-01
6.34322575e-02
-6.53285962e-02
-2.48665142e-02
1.14334979e-01
2.30253763e-01
1.14626580e-01
1.91181485e-01
-2.55241334e-02
-2.21188970e-01
-1.26212918e-01
0.00000000e+00
0.00000000e+00
1.74458267e+00
2.35048985e+00
0.00000000e+00
0.00000000e+00
0.00000000e+00
1.78875141e-01
2.22374731e-01
3.35535981e-01
1.55769856e-01
-5.06150004e-01
1.10537321e-01
3.98146983e-02
-2.23147387e-01
-1.75859359e+00
0.00000000e+00
0.00000000e+00
0.00000000e+00
2.92819652e-01
0.00000000e+00
0.00000000e+00
2.40669961e-01
1.20780448e-01
4.03206091e-02
-1.54458920e-01
-1.88693937e-01
-1.68719928e+00
4.13158533e+00
4.29056150e+00
4.33936798e+00
4.10121743e+00
4.37022244e+00
4.37702755e+00
3.53836811e-01
4.79519792e-01
1.06302062e-01
5.88265283e-02
4.39809056e-01
7.24242300e-02
-1.62223731e-01
-4.59886857e-02
2.51301661e-01
4.23639322e-02
1.06153316e-01
-1.53640935e-01
7.23572249e-01
0.00000000e+00
0.00000000e+00
0.00000000e+00
-4.35522917e-01
2.87543401e-01
0.00000000e+00
0.00000000e+00
-1.66351645e-03
-1.87136499e-01
0.00000000e+00
-7.32792497e-01
-5.49736739e-01
-6.23543138e-01
-9.08460115e-01
-7.07768403e-01
-1.45819685e+00
0.00000000e+00
0.00000000e+00
0.00000000e+00
-1.82253647e-01
-1.82508219e-01
-6.70668620e-01
5.57015022e-01
-3.67684619e-02
-3.62122800e-01
6.92488882e-01
1.06874398e+00
2.90776280e-02
0.00000000e+00
-2.33170711e-01
-4.62828057e-03
-1.71288482e+00
9.06047565e-04
6.89685211e-01
6.37306040e-01
-2.52467476e-01
-1.57743678e+00
-6.84801170e-01
7.66291319e-01
1.97905380e-01
0.00000000e+00
0.00000000e+00
0.00000000e+00
7.86442557e-02
1.60529338e-01
7.55494684e-02
1.72059162e-01
-1.00619656e+00
2.14529567e-01
1.10952857e-01
-2.22979456e-01
-5.37530535e-02
0.00000000e+00
4.90776630e-02
1.06535968e-01
1.34775082e-01
1.56109628e-01
8.53302972e-02
-1.42678368e-02
8.35042919e-02
8.71392029e-03
1.16082336e-01
-5.72915524e-02
-4.73143636e-01
-1.98785811e-01
0.00000000e+00
3.01840448e-01
7.15409344e-02
2.86332931e-02
3.19181575e-02
-2.59337262e-01
-3.06951985e-03
0.00000000e+00
0.00000000e+00
0.00000000e+00
-3.95806221e-01
4.54524996e-02
-1.91914260e-01
-2.45577454e-01
4.14370983e-01
9.53721300e-03
-4.79796773e-02
5.91138298e-01
4.25547101e-01
0.00000000e+00
-3.54884037e-01
-3.15681801e-02
4.34527121e-02
2.00314212e-02
-2.26874642e-01
-2.24238040e-01
-4.68680446e-02
3.68926982e-03
-7.68207536e-02
2.86242292e-01
-2.74357824e-01
0.00000000e+00
2.68388700e-01
7.25706178e-01
-9.85053218e-01
-3.50950927e-01
0.00000000e+00
-9.54803102e-01
-4.87735891e-01
1.63645426e-01
4.47947365e-02
-5.59391090e-01
-6.34102291e-01
7.64132952e-01
2.61159732e-01
-2.99709070e-01
-1.33131154e+00
0.00000000e+00
0.00000000e+00
0.00000000e+00
3.58308441e-01
1.39498107e+00
-3.79639637e-01
-3.37446368e-02
-1.30513223e+00
2.57826257e-02
2.15940706e-01
1.13862218e-01
3.85782180e-01
0.00000000e+00
3.42755331e-01
6.24415344e-01
-1.56951105e+00
6.70884686e-01
-8.76715947e-01
2.96097628e-01
-1.20045196e-01
-1.43651847e+00
-4.19399863e-01
3.80585262e-01
4.96193996e-01
0.00000000e+00
0.00000000e+00
0.00000000e+00
-1.12068272e-01
-1.76094524e-01
1.28770816e-01
2.91945704e-01
-8.20266613e-01
2.18754423e-01
1.71924768e-01
-1.13792461e-01
1.23596558e-01
0.00000000e+00
-1.51106383e-02
6.58951560e-02
3.00033237e-01
1.08439688e-01
-2.26695482e-01
-3.23901201e-03
1.46684476e-01
1.70353214e-01
2.49519924e-01
-1.24569649e-02
-5.29722179e-01
-3.01932205e-01
1.21408051e+00
5.42976288e-02
6.14125038e-02
5.39743588e-02
4.47701577e-03
-3.60383580e-01
-4.36815154e-01
0.00000000e+00
0.00000000e+00
0.00000000e+00
4.87228448e-01
3.29127754e-01
6.57704995e-02
6.03842692e-02
-2.12172225e-01
-1.06545326e-01
9.06404844e-02
-6.54874256e-01
-3.54483409e-01
0.00000000e+00
3.67365427e-01
1.16090347e-02
-8.05163409e-02
-1.00427251e-01
-1.16533238e-01
3.27006588e-01
-3.54177291e-02
-1.67877567e-01
-4.51960212e-02
-3.01904296e-01
-2.27789974e-01
9.26768355e-01
-1.00243192e+00
-1.22447643e+00
-8.01589362e-01
-3.21610933e-01
-1.93980460e-01
-5.42739533e-01
-1.89857120e-01
2.29233368e-01
7.39087114e-02
-6.24753012e-01
-4.79978429e-01
8.88518582e-01
-1.25903048e+00
-9.78596967e-01
247
-5.05504522e-01
0.00000000e+00
0.00000000e+00
0.00000000e+00
0.00000000e+00
0.00000000e+00
0.00000000e+00
0.00000000e+00
0.00000000e+00
-1.28442954e-01
0.00000000e+00
0.00000000e+00
0.00000000e+00
0.00000000e+00
-5.04851873e-01
0.00000000e+00
-7.60453086e-01
2.55601213e-01
-2.58294955e-01
-2.03906544e-01
0.00000000e+00
0.00000000e+00
0.00000000e+00
-3.67193698e-02
-6.93193405e-01
-3.38084821e-03
-1.15819723e-01
-5.05453244e-01
0.00000000e+00
-3.34977970e-01
-1.70475274e-01
0.00000000e+00
2.65592307e-01
1.48797314e-01
0.00000000e+00
0.00000000e+00
0.00000000e+00
0.00000000e+00
0.00000000e+00
0.00000000e+00
0.00000000e+00
0.00000000e+00
0.00000000e+00
2.23408002e-02
3.35985782e-05
-5.61537563e-01
1.89056342e-02
3.60137053e-02
5.38956779e-03
0.00000000e+00
0.00000000e+00
8.10320500e-01
-8.94899421e-02
-1.17816050e+00
1.46082824e-01
4.18054211e-01
-6.00072533e-01
0.00000000e+00
0.00000000e+00
3.96096446e-01
4.60850477e-01
0.00000000e+00
0.00000000e+00
0.00000000e+00
0.00000000e+00
0.00000000e+00
6.09206378e-02
2.94401491e-01
9.30011087e-02
2.37911615e-01
1.65711959e-01
-6.63724910e-02
-1.71009669e+00
0.00000000e+00
0.00000000e+00
0.00000000e+00
0.00000000e+00
0.00000000e+00
0.00000000e+00
1.94484693e-01
7.83023505e-02
-2.82387194e-02
-2.14091853e-01
-1.01136325e-01
-8.20893696e-01
8.84226620e-01
1.27447967e+00
1.20527927e+00
8.29436722e-01
9.87055182e-01
1.01039341e+00
1.21425690e-02
2.89634688e-01
2.72109125e-01
3.10630058e-01
2.88988509e-01
-6.08827253e-02
-4.89776584e-03
2.04831749e-01
3.28651681e-01
1.21537283e-01
9.66005514e-02
-2.07404906e-01
8.38420435e-02
0.00000000e+00
0.00000000e+00
0.00000000e+00
-5.14565116e-01
-1.78750067e-01
0.00000000e+00
-1.52520946e-01
-2.16811536e-01
-6.84675003e-01
-7.52526716e-02
-7.38581381e-01
-9.01486539e-01
0.00000000e+00
0.00000000e+00
0.00000000e+00
-1.04080775e-01
-2.51999706e-01
-4.76007985e-01
1.20342369e-01
-4.49840750e-01
-4.37088526e-02
6.96572478e-02
3.00459234e-02
4.15896431e-02
0.00000000e+00
1.51429874e-01
7.32496392e-02
-6.33535289e-01
2.30817411e-01
9.48972646e-01
9.14560534e-02
-1.07608841e-01
-6.02792427e-01
-3.50382952e-01
3.60910231e-01
-3.60906702e-01
-5.71029340e-02
0.00000000e+00
-2.45042002e-03
-1.12902100e-01
1.22642516e-02
0.00000000e+00
0.00000000e+00
0.00000000e+00
3.18216405e-01
5.27668718e-02
1.86418686e-01
2.22843026e-01
-6.67481885e-01
1.65076625e-01
3.48138134e-01
8.25961695e-02
6.52778689e-02
0.00000000e+00
2.34036698e-01
3.97985246e-01
-4.39174949e-01
2.64892146e-01
-1.05672692e+00
1.86372927e-01
-4.98785273e-02
-3.17625069e-01
1.15427036e-02
6.98809466e-03
-3.03803768e-01
0.00000000e+00
3.42899629e-02
1.36264765e-01
-5.40579837e-01
-1.59708602e-01
0.00000000e+00
-3.41741856e-01
-2.05097655e-01
-3.80871235e-01
8.66582334e-02
-1.06972637e-01
-2.03701508e-01
-8.13834053e-01
0.00000000e+00
0.00000000e+00
0.00000000e+00
-1.70059747e-01
-3.12399256e-01
-3.49446943e-01
1.01734300e-01
2.71486023e-01
6.90436423e-02
9.86255977e-03
-2.73340682e-01
2.42255665e-01
0.00000000e+00
2.50793420e-01
1.34412652e-01
-4.93192793e-01
2.21460392e-01
-1.67954052e-01
1.47123882e-01
-7.39534535e-02
-4.92002234e-01
-1.57781050e-01
2.28123621e-01
-2.15600789e-01
-3.53316869e-03
3.19711805e-01
-7.58578401e-02
2.95308890e-01
1.59016811e-01
0.00000000e+00
0.00000000e+00
0.00000000e+00
2.36010254e-03
-4.06311671e-01
4.04732200e-02
3.69138220e-02
2.19746264e-01
4.38463309e-03
1.88533197e-02
5.04563986e-01
2.13689122e-01
0.00000000e+00
-1.59627490e-01
9.38632552e-02
-3.44117796e-01
2.03343981e-01
9.11316682e-04
-8.44304447e-02
7.48285777e-04
-3.29604039e-01
5.47931433e-02
8.84638012e-02
-2.12067620e-01
-8.78760856e-04
-4.03108679e-01
-3.06618433e-01
-5.98233264e-01
-7.17195029e-02
-5.27035851e-02
-1.39291966e-01
6.59985853e-03
-5.26513761e-01
7.48054450e-02
-1.74855004e-01
-1.30050613e-01
2 1
-3.2758e-01 3.4484e-01
2 1
0 1 
217
-9.40876616e-02
-3.51887654e-01
1.19296049e-01
-6.74281145e-01
-6.66982608e-01
1.50542824e+00
9.18538847e-01
-1.01678533e+00
-2.90498622e-01
-5.77420224e-01
-8.68189535e-01
-2.20719928e-01
8.13044257e-01
6.50824928e-01
0.00000000e+00
0.00000000e+00
0.00000000e+00
3.90038394e-02
7.57714974e-03
1.39327619e-01
2.96786739e-01
1.28290305e-03
3.59570469e-01
-4.16532823e-01
4.14394578e-03
8.36134062e-01
0.00000000e+00
0.00000000e+00
6.95674816e-01
-4.15148871e-01
-7.01712471e-01
-2.12816169e-02
-3.83167475e-01
8.62749911e-01
0.00000000e+00
0.00000000e+00
-3.59554456e-01
-5.79556337e-02
3.23422428e-01
0.00000000e+00
0.00000000e+00
0.00000000e+00
0.00000000e+00
0.00000000e+00
-3.59554456e-01
-2.43627813e-02
-3.35928524e-02
3.23422428e-01
0.00000000e+00
0.00000000e+00
0.00000000e+00
0.00000000e+00
0.00000000e+00
0.00000000e+00
0.00000000e+00
0.00000000e+00
0.00000000e+00
0.00000000e+00
0.00000000e+00
0.00000000e+00
3.23422428e-01
-2.43627813e-02
-3.35928524e-02
0.00000000e+00
-3.93147309e-01
-1.74123604e+00
3.38671460e-01
3.47928619e-01
-3.96118132e-02
9.87597618e-01
0.00000000e+00
-3.82688997e-01
-1.56565322e+00
5.95500857e-01
-3.77454157e-01
-3.05671281e-01
7.26884374e-01
0.00000000e+00
0.00000000e+00
0.00000000e+00
0.00000000e+00
0.00000000e+00
0.00000000e+00
0.00000000e+00
0.00000000e+00
0.00000000e+00
0.00000000e+00
0.00000000e+00
0.00000000e+00
0.00000000e+00
0.00000000e+00
0.00000000e+00
0.00000000e+00
0.00000000e+00
0.00000000e+00
0.00000000e+00
0.00000000e+00
0.00000000e+00
0.00000000e+00
0.00000000e+00
0.00000000e+00
0.00000000e+00
0.00000000e+00
0.00000000e+00
0.00000000e+00
0.00000000e+00
0.00000000e+00
0.00000000e+00
0.00000000e+00
0.00000000e+00
0.00000000e+00
0.00000000e+00
0.00000000e+00
0.00000000e+00
0.00000000e+00
0.00000000e+00
0.00000000e+00
0.00000000e+00
0.00000000e+00
-1.47767928e+00
-1.22114403e+00
-1.49876830e+00
0.00000000e+00
0.00000000e+00
0.00000000e+00
2.55343378e-01
-8.46164847e-01
-1.12682872e-01
-1.27045677e-01
-8.38245379e-01
1.07887148e-01
1.90304068e-01
2.69777394e-01
3.90413941e-01
0.00000000e+00
5.46194570e-01
-1.88774519e-01
-1.11489843e+00
1.63721950e-01
6.32957508e-01
4.32190598e-01
-3.03966889e-01
-1.02013346e+00
-1.25230815e-01
1.89584036e-01
-1.11989737e-01
0.00000000e+00
0.00000000e+00
0.00000000e+00
9.01838664e-02
-2.78244205e-01
-2.53639599e-01
2.90477432e-01
-2.92143404e-01
8.17755809e-02
2.03998258e-01
5.50883438e-02
1.70776139e-02
0.00000000e+00
-1.69301589e-02
2.84723559e-01
-3.60446410e-01
1.98005459e-01
-1.86376761e-02
-1.45303258e-01
2.90930816e-01
-4.33524697e-01
-8.47891041e-02
2.59407847e-01
-1.34114020e+00
0.00000000e+00
0.00000000e+00
0.00000000e+00
7.62985033e-02
-5.18154625e-01
-2.50193675e-01
-8.37830828e-02
-4.91430126e-01
-2.16120336e-03
6.95668859e-01
-1.68164601e-01
5.01259253e-01
0.00000000e+00
2.26292700e-01
1.38533061e-01
-7.97456650e-01
2.87854344e-01
2.98227246e-01
1.03419547e-01
-3.38577495e-01
-6.66697665e-01
-3.73721481e-01
2.16468925e-02
1.34730803e-02
0.00000000e+00
0.00000000e+00
0.00000000e+00
9.94163931e-02
-2.68970394e-01
-2.56559952e-01
1.79081532e-01
-5.27167747e-01
8.45855311e-02
-1.53812180e-01
4.45841606e-01
-1.37129482e-01
0.00000000e+00
-8.39157068e-02
2.35991583e-01
-5.05820370e-01
3.54746464e-01
-3.30835251e-02
2.98054061e-01
2.85672321e-01
-2.90937191e-01
1.55221781e-01
1.32258357e-01
136
-7.42627261e-01
0.00000000e+00
0.00000000e+00
-7.20065836e-03
-3.38412444e-03
-5.47585942e-01
4.94129335e-03
-1.72290296e-01
3.58511813e-03
0.00000000e+00
0.00000000e+00
2.84556569e-01
-5.94034758e-01
-9.28114724e-01
7.94923760e-02
7.90947927e-02
4.56973576e-01
0.00000000e+00
0.00000000e+00
2.35602696e-01
-2.90717202e-01
-6.87512754e-01
0.00000000e+00
0.00000000e+00
0.00000000e+00
0.00000000e+00
0.00000000e+00
2.35602696e-01
-1.72011131e-01
-1.18706071e-01
-6.87512754e-01
0.00000000e+00
0.00000000e+00
0.00000000e+00
0.00000000e+00
0.00000000e+00
0.00000000e+00
0.00000000e+00
0.00000000e+00
0.00000000e+00
0.00000000e+00
0.00000000e+00
0.00000000e+00
0.00000000e+00
0.00000000e+00
0.00000000e+00
0.00000000e+00
1.25698719e-01
5.53826922e-01
4.92992947e-01
-1.43896415e+00
0.00000000e+00
7.33883695e-02
3.57724217e-01
4.92628302e-01
-1.57796994e+00
0.00000000e+00
0.00000000e+00
0.00000000e+00
0.00000000e+00
-6.87512754e-01
-1.72011131e-01
-1.18706071e-01
0.00000000e+00
0.00000000e+00
0.00000000e+00
0.00000000e+00
0.00000000e+00
0.00000000e+00
0.00000000e+00
0.00000000e+00
0.00000000e+00
0.00000000e+00
0.00000000e+00
0.00000000e+00
0.00000000e+00
0.00000000e+00
0.00000000e+00
0.00000000e+00
0.00000000e+00
0.00000000e+00
0.00000000e+00
0.00000000e+00
0.00000000e+00
0.00000000e+00
0.00000000e+00
-8.55526416e-01
-1.15900175e+00
-1.18364127e+00
0.00000000e+00
0.00000000e+00
0.00000000e+00
4.80415430e-01
-9.75867014e-01
-2.59627921e-01
4.87239504e-01
-1.70058689e+00
1.57249179e-01
5.39640287e-01
5.24955171e-01
-1.81065081e-02
0.00000000e+00
4.57782102e-01
3.74945956e-01
-1.56768198e+00
4.79882173e-01
7.86861830e-01
6.19860530e-01
1.61389718e-01
-1.71195869e+00
-4.88553353e-01
4.68519196e-01
-1.28659024e+00
0.00000000e+00
0.00000000e+00
0.00000000e+00
7.02727941e-02
-3.91731270e-01
-2.74592815e-01
3.76127124e-01
-1.24005111e+00
2.99198553e-01
5.97827125e-01
-5.56597806e-02
2.94430638e-01
0.00000000e+00
5.10009974e-01
3.48828901e-01
-1.44633382e+00
4.93803930e-01
4.92746488e-01
2.50439267e-01
-2.69568159e-02
-1.62077441e+00
-3.97038344e-01
4.32863322e-01
7 1
-1.5452e-01 3.3461e-01
3 1
0 1 2 
217
6.96447862e-02
3.35375294e-02
-1.63870384e-01
-2.90392229e-01
-3.08915045e-01
6.00069745e-01
4.11037151e-01
-8.57310956e-02
2.25143349e-01
-5.53996332e-01
-4.04265181e-01
9.91906951e-02
1.46644512e-01
4.99480478e-01
0.00000000e+00
0.00000000e+00
0.00000000e+00
2.46292092e-02
1.30490914e-03
3.06619296e-01
-1.18844004e-01
7.84701948e-03
1.71415202e-01
1.65865273e-01
5.45398327e-03
3.16494770e-01
0.00000000e+00
0.00000000e+00
3.81470034e-01
-5.69152636e-01
-9.34518350e-01
3.29701179e-01
3.48962294e-01
5.76951716e-01
0.00000000e+00
0.00000000e+00
2.12383634e-01
-2.76265114e-01
-3.20075160e-01
4.53601426e-01
0.00000000e+00
0.00000000e+00
0.00000000e+00
0.00000000e+00
2.12383634e-01
-6.13865699e-02
-5.01824804e-01
7.12502036e-02
2.86946260e-01
-2.76363216e-01
-1.14962147e-01
4.53601426e-01
0.00000000e+00
0.00000000e+00
0.00000000e+00
0.00000000e+00
0.00000000e+00
0.00000000e+00
0.00000000e+00
0.00000000e+00
2.48488414e-01
-6.13865699e-02
-3.29840692e-01
0.00000000e+00
-1.16549753e-01
-1.00726360e+00
4.68820471e-01
-3.47492484e-01
-2.81718627e-01
9.12179535e-01
0.00000000e+00
1.61580108e-01
5.09155451e-02
1.38473288e-01
5.87490806e-01
-2.30408609e-01
4.62066757e-03
0.00000000e+00
-2.79577537e-01
-4.25028135e-01
2.04422312e-01
-5.19680923e-01
1.44800012e-01
1.98695715e-01
0.00000000e+00
0.00000000e+00
0.00000000e+00
0.00000000e+00
0.00000000e+00
0.00000000e+00
0.00000000e+00
0.00000000e+00
0.00000000e+00
0.00000000e+00
0.00000000e+00
0.00000000e+00
0.00000000e+00
0.00000000e+00
0.00000000e+00
0.00000000e+00
0.00000000e+00
0.00000000e+00
0.00000000e+00
0.00000000e+00
0.00000000e+00
0.00000000e+00
0.00000000e+00
0.00000000e+00
0.00000000e+00
0.00000000e+00
0.00000000e+00
0.00000000e+00
0.00000000e+00
0.00000000e+00
0.00000000e+00
0.00000000e+00
0.00000000e+00
0.00000000e+00
0.00000000e+00
-7.15107790e-01
-8.27732323e-01
-6.79579593e-01
0.00000000e+00
0.00000000e+00
0.00000000e+00
4.55146076e-01
-7.68000526e-01
-4.67117172e-01
5.49521434e-01
-1.17884691e+00
-5.31421615e-03
4.46935102e-01
1.88275599e-01
-6.59648412e-02
0.00000000e+00
2.74952784e-01
3.14023869e-01
-1.15318117e+00
5.54250339e-01
6.84504311e-01
4.53090171e-01
-1.76909357e-02
-1.08345440e+00
-3.30585549e-01
4.69876444e-01
-3.72887696e-01
0.00000000e+00
0.00000000e+00
0.00000000e+00
2.62582403e-02
-2.63025040e-01
1.24950490e-02
-9.16332009e-02
-8.65799114e-02
1.91125194e-01
6.78092944e-02
2.59661884e-01
1.37526346e-01
0.00000000e+00
1.37324833e-01
9.44703743e-02
-2.31450922e-01
-8.57840644e-02
-4.67912535e-02
-9.04457041e-03
7.05985658e-02
-5.83243240e-01
-3.43334636e-02
6.17281885e-02
-7.80556600e-01
0.00000000e+00
0.00000000e+00
0.00000000e+00
-1.12964931e-01
-3.71156409e-01
-9.27182981e-01
2.71667797e-01
-3.01973299e-01
5.90795969e-02
2.97835039e-01
-1.31246024e-01
4.13315487e-01
0.00000000e+00
2.23202914e-01
1.65579279e-01
-1.07357861e+00
4.73939542e-01
4.89636985e-01
3.38851350e-01
1.85984576e-01
-9.91896172e-01
-2.45341255e-01
4.55690511e-01
-3.61459589e-01
0.00000000e+00
0.00000000e+00
0.00000000e+00
2.03858454e-01
-3.11471232e-01
4.14351167e-01
2.30255187e-02
-6.15788570e-01
1.43388170e-01
1.42396395e-01
2.24933779e-01
-1.91980769e-01
0.00000000e+00
3.99382163e-03
1.37014882e-01
-3.25430058e-01
4.79280492e-03
-1.02719045e-02
1.23847571e-01
7.49665748e-02
-2.83588298e-01
-6.60871187e-02
-5.34107743e-02
136
-1.48894974e-01
0.00000000e+00
0.00000000e+00
7.20645615e-02
7.74307043e-04
-2.09072703e-01
5.03027799e-03
1.68125500e-02
2.30816210e-03
0.00000000e+00
0.00000000e+00
1.65549173e-01
-2.87179658e-01
-5.58162022e-01
1.14421748e-01
2.52237837e-01
3.35192985e-01
0.00000000e+00
0.00000000e+00
4.14063576e-01
-1.77156882e-01
-4.60817449e-01
7.50157808e-02
0.00000000e+00
0.00000000e+00
0.00000000e+00
0.00000000e+00
4.14063576e-01
3.78651750e-02
-4.60380935e-01
8.59503229e-02
2.45358877e-01
4.10464739e-02
-5.87814246e-01
7.50157808e-02
0.00000000e+00
0.00000000e+00
0.00000000e+00
0.00000000e+00
0.00000000e+00
0.00000000e+00
0.00000000e+00
0.00000000e+00
0.00000000e+00
0.00000000e+00
0.00000000e+00
0.00000000e+00
-3.76315063e-01
9.45088301e-02
3.91276381e-02
-1.32081911e+00
0.00000000e+00
7.40772786e-01
5.11703134e-01
4.31389674e-01
-9.74623804e-01
0.00000000e+00
7.83079649e-02
-1.77912692e-01
3.26620975e-01
-4.86938204e-01
3.78651750e-02
-8.02836303e-01
0.00000000e+00
0.00000000e+00
0.00000000e+00
0.00000000e+00
0.00000000e+00
0.00000000e+00
0.00000000e+00
0.00000000e+00
0.00000000e+00
0.00000000e+00
0.00000000e+00
0.00000000e+00
0.00000000e+00
0.00000000e+00
0.00000000e+00
0.00000000e+00
0.00000000e+00
0.00000000e+00
0.00000000e+00
0.00000000e+00
0.00000000e+00
0.00000000e+00
0.00000000e+00
-7.46598498e-01
-9.52111730e-01
-1.17013036e+00
0.00000000e+00
0.00000000e+00
0.00000000e+00
3.99088747e-01
-9.05062272e-01
-2.70353592e-01
4.70813174e-01
-1.68899362e+00
1.60571647e-01
4.93623569e-01
4.33353220e-01
3.42432120e-02
0.00000000e+00
4.75950471e-01
3.65752135e-01
-1.51732413e+00
5.05060891e-01
7.93983483e-01
5.76702695e-01
1.58219968e-01
-1.68292360e+00
-4.61343291e-01
4.88506937e-01
-1.17548370e+00
0.00000000e+00
0.00000000e+00
0.00000000e+00
1.20729383e-01
-4.02179562e-01
-3.28106228e-01
4.13180628e-01
-1.31219920e+00
2.72207679e-01
5.97458537e-01
3.74011189e-02
3.53780197e-01
0.00000000e+00
3.96186893e-01
2.94146942e-01
-1.30111358e+00
6.07817896e-01
4.24570461e-01
2.03653352e-01
-9.27061827e-02
-1.50980478e+00
-3.64257748e-01
4.13750493e-01
3 1
-2.9506e-01 3.3229e-01
4 0
0 1 2 7 
217
-1.21579814e-01
5.14421857e-02
7.79463796e-02
-8.91996779e-02
6.27850217e-02
1.25873769e-01
1.90966706e-02
-1.42276530e-01
-9.68795833e-02
-1.50088206e-01
-3.85822328e-01
3.49633783e-01
2.79240405e-01
7.34785249e-01
0.00000000e+00
0.00000000e+00
0.00000000e+00
5.71995865e-03
-1.50891360e-02
-5.84953782e-03
-9.09506443e-02
-1.93595101e-03
4.93552288e-01
6.18580235e-02
6.47154645e-04
2.49467653e-01
0.00000000e+00
0.00000000e+00
5.15585261e-01
-2.22646176e-01
-1.05681743e-01
1.55123702e-01
-1.39772501e-01
-2.16908850e-01
0.00000000e+00
0.00000000e+00
0.00000000e+00
-2.51809591e-01
-1.66397256e-01
5.30664931e-02
1.88868719e-01
0.00000000e+00
0.00000000e+00
0.00000000e+00
0.00000000e+00
-9.00791366e-02
-2.75100633e-01
2.80183674e-02
9.34050612e-02
1.83018359e-01
-3.09361278e-01
6.23433955e-01
0.00000000e+00
-3.42729432e-01
2.78154829e-01
-1.54923211e-01
0.00000000e+00
-4.81261374e-01
6.58171233e-02
1.88868719e-01
4.44253826e-02
-9.00791366e-02
-1.30617881e-01
0.00000000e+00
-7.59260596e-02
5.30739237e-01
2.86608839e-01
6.90480200e-01
-3.32262593e-01
7.21473577e-02
0.00000000e+00
-5.64000952e-01
-5.22474761e-01
5.80133610e-01
-3.21173156e-01
-1.35225738e-01
6.33904100e-01
0.00000000e+00
-4.82002277e-01
-5.32801960e-01
2.88545908e-01
-3.42185750e-01
7.18765559e-02
2.14324513e-02
0.00000000e+00
3.10710608e-01
-2.64728792e-01
3.43480937e-02
-6.14007552e-01
-4.63954424e-01
-4.66964083e-01
0.00000000e+00
0.00000000e+00
0.00000000e+00
0.00000000e+00
0.00000000e+00
0.00000000e+00
0.00000000e+00
0.00000000e+00
0.00000000e+00
0.00000000e+00
0.00000000e+00
0.00000000e+00
0.00000000e+00
0.00000000e+00
0.00000000e+00
0.00000000e+00
0.00000000e+00
0.00000000e+00
0.00000000e+00
0.00000000e+00
0.00000000e+00
0.00000000e+00
0.00000000e+00
0.00000000e+00
0.00000000e+00
0.00000000e+00
0.00000000e+00
0.00000000e+00
-7.14645358e-01
-7.80957247e-01
-8.44924852e-01
0.00000000e+00
0.00000000e+00
0.00000000e+00
2.18991679e-01
-6.32090169e-01
-3.69234456e-01
5.45084699e-01
-9.00364244e-01
1.47989072e-01
5.01424155e-01
4.33045453e-01
-1.60087530e-01
0.00000000e+00
2.73016261e-01
3.09876423e-01
-1.76299043e+00
6.19895333e-01
8.91431365e-01
3.68024069e-01
2.23828245e-01
-1.18736153e+00
-5.91639771e-01
2.26236528e-01
-2.62639068e-01
0.00000000e+00
0.00000000e+00
0.00000000e+00
1.00606871e-01
-2.97223288e-01
7.51487210e-03
-1.22046617e-01
-3.77721132e-01
1.62943532e-02
5.12378718e-02
2.04819613e-02
2.93924548e-01
0.00000000e+00
1.31777415e-01
1.17693750e-01
2.83939032e-01
-1.26352980e-01
-1.86447631e-01
1.21732633e-02
-1.10728138e-01
-2.95200533e-01
7.01427210e-02
1.47294594e-01
-8.94418984e-01
0.00000000e+00
0.00000000e+00
0.00000000e+00
-4.39185574e-03
-5.34145361e-01
-3.17286170e-01
2.43368626e-01
-1.42119929e+00
4.39633458e-01
5.16834685e-01
2.82471934e-01
5.30133525e-01
0.00000000e+00
1.35197174e-01
4.86519775e-01
-1.14363101e+00
6.33919905e-01
4.06437620e-01
4.20102919e-01
2.21237288e-01
-1.43019910e+00
-5.68245892e-01
2.08822779e-01
-2.77815691e-01
0.00000000e+00
0.00000000e+00
0.00000000e+00
2.48985433e-01
2.83092905e-02
1.43616322e-01
1.00053282e-01
-6.15727582e-01
-9.37888497e-02
2.39006424e-02
-3.91444536e-02
-1.74210740e-01
0.00000000e+00
1.63876501e-01
-1.92332123e-01
-1.68197035e-01
-6.83955488e-02
2.16390843e-02
1.08638165e-01
-1.26244243e-02
4.90491946e-02
1.51746696e-01
4.67904562e-02
136
-6.83895123e-02
0.00000000e+00
0.00000000e+00
-3.14629689e-02
-4.81709984e-03
7.25233670e-02
-7.10907169e-04
1.42360932e-01
3.89886193e-04
0.00000000e+00
0.00000000e+00
1.78234788e-01
-8.72145262e-03
-1.18837014e-01
1.80676032e-01
1.20191499e-01
-1.20363787e-01
0.00000000e+00
0.00000000e+00
5.83405853e-01
-1.39852546e-01
-4.44544320e-01
-2.49032923e-01
1.81634424e-01
0.00000000e+00
0.00000000e+00
0.00000000e+00
5.83405853e-01
-1.95587139e-01
-2.55256686e-01
1.39176564e-01
2.04310282e-01
-3.05091653e-01
-5.78211535e-02
8.15860864e-01
1.06680997e-01
-8.50817197e-02
-2.71748540e-01
9.80226709e-02
1.36022183e-01
-6.90539722e-01
-4.72376736e-01
1.81634424e-01
0.00000000e+00
0.00000000e+00
0.00000000e+00
0.00000000e+00
7.23612634e-03
4.33498035e-01
2.59616305e-01
-1.53087534e+00
0.00000000e+00
-2.43526985e-01
1.15438583e-01
1.52365401e-01
-8.46515903e-01
0.00000000e+00
1.21216305e-01
-1.79771686e-01
2.80475658e-01
-4.54377611e-01
-1.94715659e-01
3.17935798e-01
-4.45254011e-01
7.73384561e-02
-4.56720878e-01
0.00000000e+00
0.00000000e+00
0.00000000e+00
0.00000000e+00
0.00000000e+00
0.00000000e+00
0.00000000e+00
0.00000000e+00
0.00000000e+00
0.00000000e+00
0.00000000e+00
0.00000000e+00
0.00000000e+00
0.00000000e+00
0.00000000e+00
0.00000000e+00
0.00000000e+00
0.00000000e+00
0.00000000e+00
0.00000000e+00
-5.93043744e-01
-8.23313848e-01
-1.09868691e+00
0.00000000e+00
0.00000000e+00
0.00000000e+00
3.78538078e-01
-9.66277938e-01
-2.99719855e-01
5.50308167e-01
-1.57394448e+00
1.97331857e-01
5.12446847e-01
4.28776024e-01
2.04044166e-02
0.00000000e+00
4.18809276e-01
3.61270975e-01
-1.51831097e+00
4.89553468e-01
7.30232776e-01
5.52282482e-01
1.51568553e-01
-1.64603278e+00
-3.80078797e-01
4.94154987e-01
-1.13720179e+00
0.00000000e+00
0.00000000e+00
0.00000000e+00
4.28023360e-02
-4.91040637e-01
-4.21325271e-01
3.42820214e-01
-9.33510200e-01
2.74120098e-01
5.10587966e-01
1.95899954e-02
2.76809201e-01
0.00000000e+00
3.77578393e-01
3.49086252e-01
-1.42003329e+00
5.90830662e-01
5.15641396e-01
2.27993117e-01
-5.50840155e-02
-1.45895173e+00
-3.36218885e-01
4.51102610e-01
5 1
-4.8732e-01 3.5704e-01
5 0
0 1 2 7 3 
217
4.12225452e-01
-4.14597434e-01
-1.84532899e-01
-2.64137302e-02
8.83124508e-02
7.97347118e-01
7.92794227e-01
-6.38372244e-01
2.22834442e-01
-5.83489719e-01
-5.84021201e-01
3.27925535e-01
-1.07694467e-01
7.47814946e-01
0.00000000e+00
0.00000000e+00
0.00000000e+00
-2.72578037e-01
2.96820997e-04
-8.48104855e-02
8.38699995e-02
7.39063871e-03
-3.26793758e-01
6.36427775e-01
-5.62186347e-04
1.30888703e-01
0.00000000e+00
0.00000000e+00
7.44952031e-01
-5.48288193e-02
-2.98907072e-01
2.18588357e-01
9.87708502e-02
-1.63603272e-02
0.00000000e+00
0.00000000e+00
0.00000000e+00
-2.01739377e-01
-2.19468813e-01
1.53693627e-01
3.51971925e-01
2.33956096e-01
0.00000000e+00
0.00000000e+00
0.00000000e+00
-1.02253873e-02
-2.71832487e-01
1.08401192e-02
4.39011553e-01
-1.37939507e-01
-3.97185121e-01
8.22781895e-01
0.00000000e+00
-2.47401170e-01
-4.93204747e-01
1.25879573e-01
1.54118757e-01
-5.53381362e-01
-1.24116999e-01
1.00346791e+00
6.78785902e-02
-1.02253873e-02
2.60760255e-01
0.00000000e+00
-6.01796622e-01
-8.56278406e-01
7.52222179e-01
2.04632452e-01
2.61799895e-01
3.95484690e-01
0.00000000e+00
-2.64404694e-01
-6.98221419e-01
4.24936847e-01
-1.42182767e-01
2.51693299e-01
5.05653495e-01
0.00000000e+00
-7.94531677e-01
-6.34054058e-01
6.59116991e-01
-8.67262941e-01
5.47640137e-01
5.36609225e-01
0.00000000e+00
5.44036180e-01
-3.70300917e-01
1.81774489e-01
-7.78249598e-01
-3.18812096e-01
-2.85275268e-01
0.00000000e+00
7.74525136e-01
-2.99285979e-01
-3.63760851e-01
-2.84573319e-01
1.46116736e-03
-2.71820403e-01
0.00000000e+00
0.00000000e+00
0.00000000e+00
0.00000000e+00
0.00000000e+00
0.00000000e+00
0.00000000e+00
0.00000000e+00
0.00000000e+00
0.00000000e+00
0.00000000e+00
0.00000000e+00
0.00000000e+00
0.00000000e+00
0.00000000e+00
0.00000000e+00
0.00000000e+00
0.00000000e+00
0.00000000e+00
0.00000000e+00
0.00000000e+00
-1.10233261e+00
-8.34044448e-01
-1.29820538e+00
0.00000000e+00
0.00000000e+00
0.00000000e+00
1.13691645e-01
-7.11674381e-01
-2.47233702e-01
9.13242177e-02
-1.06971936e+00
1.97263090e-01
3.93600273e-01
4.09378723e-01
8.03542894e-01
0.00000000e+00
3.57662199e-01
-7.05168025e-02
-1.24568330e+00
7.89667482e-01
6.22964358e-01
-3.60218769e-02
-8.55891027e-01
-1.01625980e+00
-3.82023687e-01
5.57723673e-01
-1.24239699e-01
0.00000000e+00
0.00000000e+00
0.00000000e+00
1.02165945e-01
-4.32958578e-01
-1.27755121e-01
1.45393726e-01
-9.82742628e-01
1.42346464e-01
2.21675649e-01
5.26018539e-02
-1.23155619e-01
0.00000000e+00
2.05221868e-01
3.65235422e-01
-8.60755920e-02
-1.57736748e-01
-1.89264732e-02
3.35003630e-01
2.42186117e-01
-1.75677744e-01
1.36910466e-01
3.20476634e-02
-8.28264079e-01
0.00000000e+00
0.00000000e+00
0.00000000e+00
3.04382201e-01
-1.03648213e+00
-6.09108623e-01
2.02034725e-01
-8.05168989e-01
5.11940647e-02
9.47549606e-01
1.11968487e-01
-3.78617971e-01
0.00000000e+00
3.84226817e-01
-1.63163501e-01
-9.41302230e-01
9.63290987e-01
2.96392472e-01
1.49236661e-01
1.12752612e-01
-5.66415467e-01
-3.37185857e-01
4.86152057e-01
-1.57374637e-01
0.00000000e+00
0.00000000e+00
0.00000000e+00
-1.71245331e-01
-3.22093124e-01
2.89102575e-01
1.38178145e-01
-2.15030777e-01
3.80056740e-02
-2.28424056e-01
1.70007247e-01
4.39510217e-01
0.00000000e+00
1.16570797e-02
2.56151149e-01
-1.68705576e-01
-7.33281786e-02
5.69708984e-02
1.07107899e-01
-1.18429034e-01
-3.20572744e-01
6.13413651e-02
-1.07578067e-01
136
-1.50361712e-01
0.00000000e+00
0.00000000e+00
-4.47653380e-02
-5.99594916e-04
-1.25997376e-01
2.18969956e-03
2.47597931e-01
-5.54872633e-05
0.00000000e+00
0.00000000e+00
1.95602742e-01
-1.42196793e-01
-4.46199389e-02
2.51478874e-01
1.52289303e-02
-1.63912747e-01
0.00000000e+00
0.00000000e+00
5.45182014e-01
-8.34738406e-02
-2.72638545e-01
-9.67555585e-02
-2.69059007e-02
-2.15769881e-01
0.00000000e+00
0.00000000e+00
5.44820322e-01
-5.65073317e-02
-2.37764421e-01
5.71402429e-02
4.79631697e-01
-2.79241814e-01
-3.73659697e-01
4.96811740e-01
1.56090608e-01
-1.05578369e-02
-1.66634186e-01
-2.31704328e-01
1.89957251e-01
-4.90665150e-01
-2.97057054e-01
6.89782453e-02
0.00000000e+00
0.00000000e+00
0.00000000e+00
0.00000000e+00
3.17250623e-01
3.99105375e-01
1.93362207e-01
-5.65532917e-01
0.00000000e+00
5.35751665e-01
3.39921426e-01
3.08660860e-01
-6.30261897e-01
0.00000000e+00
5.53714915e-02
-1.88103047e-01
2.11851256e-01
-3.06948554e-01
-5.90929432e-02
-3.52921066e-02
-4.16745192e-01
3.44823537e-02
-3.28206851e-01
0.00000000e+00
-1.20440426e-01
-6.16510851e-01
3.33683128e-02
-2.92773607e-01
0.00000000e+00
0.00000000e+00
0.00000000e+00
0.00000000e+00
0.00000000e+00
0.00000000e+00
0.00000000e+00
0.00000000e+00
0.00000000e+00
0.00000000e+00
0.00000000e+00
0.00000000e+00
0.00000000e+00
0.00000000e+00
0.00000000e+00
-5.81281552e-01
-7.25042558e-01
-1.10257576e+00
0.00000000e+00
0.00000000e+00
0.00000000e+00
3.75247958e-01
-9.19399857e-01
-2.87819641e-01
4.59038618e-01
-1.38264327e+00
9.12076489e-02
4.62122811e-01
4.28805247e-01
-3.27847704e-03
0.00000000e+00
4.27656187e-01
3.29755712e-01
-1.45832985e+00
4.35390836e-01
8.18453888e-01
5.40347893e-01
2.26240049e-01
-1.65553313e+00
-4.54795789e-01
4.64957410e-01
-1.18498368e+00
0.00000000e+00
0.00000000e+00
0.00000000e+00
1.56250284e-01
-3.35892147e-01
-3.50651206e-01
3.57982395e-01
-1.10748903e+00
2.85977584e-01
5.02579374e-01
-7.53901964e-03
3.02499760e-01
0.00000000e+00
3.60218377e-01
3.27693195e-01
-1.42227557e+00
4.59639189e-01
5.32717820e-01
3.14625319e-01
5.02584349e-02
-1.63031619e+00
-3.98556549e-01
4.17294312e-01
8 1
-5.5555e-01 4.1328e-01
6 0
0 1 2 7 3 5 
217
1.14673141e-01
2.02580924e-01
5.09295470e-02
1.32395443e-01
2.52656860e-01
-3.12718944e-01
-2.17870068e-01
-1.56550552e-01
-2.15782368e-01
-5.11702243e-02
-2.04388587e-01
6.53858343e-01
5.00057305e-01
1.14542144e-01
0.00000000e+00
0.00000000e+00
0.00000000e+00
0.00000000e+00
0.00000000e+00
0.00000000e+00
1.45074566e-01
-1.36149651e-03
6.78998222e-01
1.14767732e-01
1.06290041e-04
3.89636578e-01
0.00000000e+00
0.00000000e+00
6.50191480e-02
-1.79451143e-01
-2.51322652e-02
3.49885853e-01
-1.19368352e-02
5.00787756e-03
0.00000000e+00
0.00000000e+00
0.00000000e+00
-1.13900218e-01
-2.37560444e-01
4.43735010e-02
-3.07039375e-02
-3.95158334e-02
4.80309258e-01
0.00000000e+00
0.00000000e+00
-1.07742276e-01
-1.69164146e-01
1.33228268e-01
5.42376327e-02
-2.03129494e-01
-5.59274294e-01
1.00966437e+00
0.00000000e+00
-2.94768097e-01
1.95702713e-01
-1.71676918e-01
0.00000000e+00
-1.42260439e-01
-5.59048904e-02
3.34275563e-01
-4.38049429e-02
-1.09015351e-01
2.55822619e-01
0.00000000e+00
-4.42917837e-01
-4.07137882e-01
5.47360095e-01
3.44454463e-01
1.02308832e-02
2.35981678e-01
0.00000000e+00
-6.02177524e-01
-4.23576909e-01
4.52021098e-01
-4.22758677e-01
2.64829568e-01
5.63696348e-01
0.00000000e+00
-3.65462180e-01
-4.32775768e-01
3.95749356e-01
-2.47188952e-01
8.43859655e-02
1.18144831e-01
0.00000000e+00
1.68217801e-01
-2.77445343e-01
1.17588131e-01
-3.90543141e-01
-1.71132791e-01
-3.35491561e-01
0.00000000e+00
1.70518878e-01
2.02008050e-02
-9.69267732e-02
-6.15993081e-01
4.10810362e-02
-4.37675257e-01
0.00000000e+00
-2.94638608e-01
-3.64846388e-01
3.93451907e-01
-8.93768287e-02
6.69215518e-02
-3.44833846e-01
0.00000000e+00
0.00000000e+00
0.00000000e+00
0.00000000e+00
0.00000000e+00
0.00000000e+00
0.00000000e+00
0.00000000e+00
0.00000000e+00
0.00000000e+00
0.00000000e+00
0.00000000e+00
0.00000000e+00
0.00000000e+00
-1.07900486e+00
-8.81392660e-01
-9.84518458e-01
0.00000000e+00
0.00000000e+00
0.00000000e+00
8.54745301e-02
-1.40996233e+00
-4.41359454e-01
4.81938792e-01
-1.00631150e+00
1.20978261e-01
6.24596159e-01
8.41600287e-01
2.43596166e-01
0.00000000e+00
6.48499600e-02
3.04824466e-01
-1.29173783e+00
5.94926132e-01
4.94941224e-01
3.44676466e-01
-6.32793426e-02
-9.47014745e-01
-4.46018872e-01
4.18763175e-01
-4.23233849e-01
0.00000000e+00
0.00000000e+00
0.00000000e+00
1.02620912e-01
1.65682790e-01
-4.27800670e-02
-2.53564262e-02
-5.73776324e-01
2.02176401e-01
-3.25705890e-02
-1.82905011e-01
1.25727074e-01
0.00000000e+00
1.90970708e-01
2.11522947e-01
-1.79145703e-01
2.83468207e-02
-5.22138207e-03
-2.95585990e-02
1.86468202e-02
-6.25498133e-01
1.56817444e-01
7.10664670e-02
-7.50118851e-01
0.00000000e+00
0.00000000e+00
0.00000000e+00
5.40275359e-02
-4.10216566e-01
-4.39149206e-01
6.30614481e-01
-1.32425485e+00
2.70132299e-01
7.16876105e-01
-4.37381935e-01
2.42083301e-01
0.00000000e+00
1.86269235e-01
6.70450216e-01
-1.12669641e+00
6.83851910e-01
8.82158656e-01
1.86229870e-01
2.72114980e-01
-1.41602845e+00
-4.15245251e-01
2.40452214e-02
-4.43030418e-01
0.00000000e+00
0.00000000e+00
0.00000000e+00
1.28294962e-01
2.98674538e-02
2.76442652e-01
-7.57252182e-02
-4.09531520e-01
2.00208789e-01
-1.51645395e-01
1.76333540e-01
1.15136783e-01
0.00000000e+00
7.84897275e-02
-3.36177764e-01
-2.62690249e-01
-5.56234315e-02
-2.68049785e-01
2.56986579e-01
-1.36223519e-01
-3.45150194e-02
7.50071864e-03
1.78902769e-02
136
-1.84162565e-01
0.00000000e+00
0.00000000e+00
-2.01127478e-02
-4.81296391e-03
-8.29156240e-02
2.05118652e-03
2.16554403e-01
6.96690809e-04
0.00000000e+00
0.00000000e+00
1.57118114e-01
-3.02214498e-02
-7.38721956e-02
8.42083695e-02
8.64359435e-02
-5.70403122e-02
0.00000000e+00
0.00000000e+00
5.85670234e-01
-1.12951134e-01
-2.89277939e-01
-2.46986184e-01
-2.30379466e-01
-1.95739192e-01
3.05501116e-01
0.00000000e+00
6.30227168e-01
-1.41465850e-01
-2.98534741e-01
1.98501352e-01
2.34438744e-01
-3.63766314e-01
-4.57249029e-01
8.13761250e-01
2.94511805e-01
-1.27364397e-01
-3.49960200e-01
-4.67927457e-02
3.22369412e-01
-5.57146725e-01
-4.54057324e-01
1.18365029e-01
0.00000000e+00
0.00000000e+00
0.00000000e+00
0.00000000e+00
-4.83910910e-02
2.71214986e-01
1.42852157e-01
-6.71932152e-01
0.00000000e+00
3.01846451e-01
3.74804512e-01
1.73183510e-01
-5.86247529e-01
0.00000000e+00
1.60148524e-01
-1.44603096e-01
2.50494067e-01
-2.88621927e-01
-1.15448595e-01
2.05302503e-01
-3.27789162e-01
9.04805476e-02
-3.32410959e-01
0.00000000e+00
-1.59228315e-01
-5.36674288e-01
8.59926227e-03
-3.93079444e-01
0.00000000e+00
-8.73649931e-02
-1.04052766e-01
2.03483647e-01
-7.55567367e-02
0.00000000e+00
0.00000000e+00
0.00000000e+00
0.00000000e+00
0.00000000e+00
0.00000000e+00
0.00000000e+00
0.00000000e+00
0.00000000e+00
0.00000000e+00
-4.77663509e-01
-5.85456781e-01
-1.06218290e+00
0.00000000e+00
0.00000000e+00
0.00000000e+00
3.78130279e-01
-8.88628415e-01
-2.86795259e-01
4.78365695e-01
-1.48292437e+00
9.63841956e-02
4.69383473e-01
3.47468120e-01
7.12803249e-02
0.00000000e+00
4.61719729e-01
2.96324925e-01
-1.43612276e+00
4.39735381e-01
7.55559983e-01
5.46583506e-01
2.03836745e-01
-1.61990883e+00
-3.78784694e-01
4.86209082e-01
-1.14618605e+00
0.00000000e+00
0.00000000e+00
0.00000000e+00
1.36254468e-01
-5.07792859e-01
-4.03408000e-01
3.21459149e-01
-1.03736247e+00
2.18089131e-01
4.88776590e-01
1.26313650e-01
3.20658926e-01
0.00000000e+00
3.78700406e-01
3.21257238e-01
-1.38184142e+00
5.16079486e-01
4.62018412e-01
2.79262822e-01
1.77887547e-03
-1.51421775e+00
-3.60513601e-01
4.88300893e-01
12 1
-5.3328e-01 4.2043e-01
7 1
0 1 2 7 3 5 8 
217
2.37184409e-01
-6.19737408e-02
-1.60575001e-01
2.37329837e-02
3.95343200e-01
-6.88674004e-02
7.82600005e-02
-4.23608330e-01
-4.00395331e-01
4.16025844e-01
-6.12261908e-02
1.75898593e-01
2.25202730e-01
2.27199856e-01
0.00000000e+00
0.00000000e+00
0.00000000e+00
1.02226305e-02
6.02593036e-04
-2.92893293e-02
-2.48164562e-01
9.50948141e-03
1.06688093e-01
4.75126340e-01
3.22211817e-03
2.43851487e-01
0.00000000e+00
0.00000000e+00
-1.72912227e-02
-4.18599299e-01
-5.63079965e-01
4.31495848e-01
2.23079759e-01
6.81698108e-01
0.00000000e+00
0.00000000e+00
1.51649884e-01
-1.50640855e-01
-2.21063417e-01
-1.43382966e-02
1.19379579e-01
1.03352993e-02
9.23804168e-02
2.49481798e-01
1.51649884e-01
-1.23278804e-01
-3.96896831e-01
-2.78329396e-02
9.82232743e-02
2.38360416e-02
-3.12580952e-01
9.65505931e-01
1.14193846e-01
-8.27274523e-02
-4.76642264e-02
-8.42295010e-03
9.91917209e-02
-4.91440190e-01
-1.73605155e-01
4.49033211e-01
-8.49690488e-02
-1.23278804e-01
2.93782378e-01
0.00000000e+00
-4.64069635e-01
-4.10437320e-01
2.87132340e-01
-1.70090984e-01
4.17540508e-01
6.15737833e-01
0.00000000e+00
-2.10351678e-01
-3.76054120e-01
3.55319576e-01
2.18975395e-01
9.22165111e-02
2.06718292e-01
0.00000000e+00
-4.20979473e-01
-2.16685059e-01
2.88075793e-01
-3.01816474e-01
3.70088089e-01
3.89635948e-01
0.00000000e+00
3.78625605e-01
1.77604821e-01
-6.49193135e-03
-2.56314561e-01
-1.34949264e-01
-2.97791564e-01
0.00000000e+00
4.27521958e-01
-1.52873379e-01
1.43973306e-02
-1.54444809e-01
-1.96417146e-01
-1.84414057e-01
0.00000000e+00
-5.17805855e-01
-2.32364970e-01
5.87411547e-01
-3.13538984e-01
2.51237380e-01
9.84804620e-03
0.00000000e+00
3.77102317e-01
9.90346007e-02
2.38068244e-01
-1.70151817e-01
-3.69561652e-01
-4.71656054e-01
0.00000000e+00
0.00000000e+00
0.00000000e+00
0.00000000e+00
0.00000000e+00
0.00000000e+00
0.00000000e+00
-6.85597006e-01
-7.09298407e-01
-7.82294546e-01
0.00000000e+00
0.00000000e+00
0.00000000e+00
2.60235352e-01
-7.18355895e-01
-6.22076265e-01
6.06829189e-01
-9.29917632e-01
1.83073164e-01
4.54869993e-01
2.21314939e-01
2.26703729e-01
0.00000000e+00
-4.07107433e-02
2.21128374e-01
-1.21817929e+00
6.46570966e-01
1.35443533e-01
4.80160261e-01
2.08220586e-01
-1.13067100e+00
-2.77364476e-01
5.10430668e-01
-3.97753508e-01
0.00000000e+00
0.00000000e+00
0.00000000e+00
5.05117315e-02
-5.68793349e-01
3.38300623e-02
-4.96316263e-02
-4.46690579e-02
-3.80195711e-02
8.91579284e-02
2.59104039e-01
-1.37095368e-02
0.00000000e+00
1.46208580e-01
2.01459286e-01
-1.53937064e-01
-1.14962227e-01
2.28065962e-01
7.38560388e-02
-8.24788689e-02
-2.54509412e-01
-1.76016694e-01
1.67802719e-02
-8.20883319e-01
0.00000000e+00
0.00000000e+00
0.00000000e+00
-1.01836010e-01
-2.61074038e-01
-8.71574400e-01
6.06019773e-01
-5.94804786e-01
1.18413579e-01
3.02892701e-01
-6.98867650e-01
2.36803443e-01
0.00000000e+00
2.09970149e-01
2.32417648e-01
-9.51906324e-01
5.86031273e-01
1.03933004e+00
5.11526090e-01
2.73486728e-01
-1.06784090e+00
-2.34170809e-01
-1.55699827e-01
-4.29028722e-01
0.00000000e+00
0.00000000e+00
0.00000000e+00
3.42075718e-01
-4.83963430e-01
3.53736901e-01
-2.07190328e-01
-6.90398019e-01
1.19313241e-01
1.75698287e-01
4.21615178e-01
9.07025493e-02
0.00000000e+00
-5.73142211e-03
1.46061497e-01
-3.61620236e-01
2.37485338e-02
-2.10032218e-01
2.49210336e-02
9.52693512e-02
-3.54603815e-01
-1.34900591e-01
2.26269049e-01
136
-1.65515645e-01
0.00000000e+00
0.00000000e+00
6.54606600e-02
-1.02660322e-03
-2.89890691e-01
5.29715768e-03
1.08325867e-01
1.95636988e-03
0.00000000e+00
0.00000000e+00
3.84805085e-02
-1.59029326e-01
-3.02426295e-01
6.47270541e-02
2.04219587e-01
2.58933367e-01
0.00000000e+00
0.00000000e+00
4.54528163e-01
-4.94263248e-02
-2.48150392e-01
-1.82882154e-01
-1.44259263e-01
-9.99508505e-02
-1.08005227e-01
2.12630404e-01
4.79351075e-01
-1.19945551e-01
-3.74426617e-01
2.50321327e-01
3.55504230e-01
-2.59041707e-01
-6.24658832e-01
8.79081173e-01
3.67322031e-01
-6.29426069e-04
-3.14102021e-01
-1.76975366e-01
1.64641050e-01
-4.77600492e-01
-3.92978856e-01
7.86223367e-02
0.00000000e+00
0.00000000e+00
0.00000000e+00
0.00000000e+00
-3.09577254e-01
3.19942549e-01
2.80736252e-02
-6.96443614e-01
0.00000000e+00
5.11244835e-01
2.89850590e-01
2.97796987e-01
-5.37946709e-01
0.00000000e+00
1.10915452e-01
-1.50713040e-01
2.28831458e-01
-2.94347988e-01
-9.89874137e-02
1.54683678e-01
-1.65551273e-01
9.33137686e-02
-2.98853690e-01
0.00000000e+00
2.40739036e-02
-5.00959179e-01
2.92060081e-02
-9.24434513e-02
0.00000000e+00
-6.57757242e-02
-9.47443545e-02
1.85800336e-01
-3.16008631e-02
0.00000000e+00
-3.29157049e-01
-3.41650515e-01
-3.77893493e-02
3.01794203e-02
0.00000000e+00
0.00000000e+00
0.00000000e+00
0.00000000e+00
0.00000000e+00
-3.83287816e-01
-4.04185827e-01
-1.07707736e+00
0.00000000e+00
0.00000000e+00
0.00000000e+00
3.64734821e-01
-8.82724827e-01
-3.22236183e-01
4.60605179e-01
-1.57358272e+00
1.13421705e-01
4.73643418e-01
3.52805972e-01
1.54372621e-01
0.00000000e+00
4.59870124e-01
3.18727491e-01
-1.41455478e+00
4.67395539e-01
7.29905251e-01
4.98280971e-01
1.94839842e-01
-1.62410620e+00
-3.06374265e-01
4.57898690e-01
-1.10593880e+00
0.00000000e+00
0.00000000e+00
0.00000000e+00
1.23459723e-01
-4.53243227e-01
-3.06490363e-01
3.63212390e-01
-1.14557180e+00
2.80363983e-01
5.00198544e-01
1.52573833e-01
3.47139309e-01
0.00000000e+00
3.93895594e-01
2.96504664e-01
-1.39969207e+00
5.15548377e-01
4.04217875e-01
3.01915340e-01
-1.44404538e-02
-1.57297626e+00
-3.38558257e-01
4.46003994e-01
10 1
-1.0644e+00 4.8873e-01
8 0
0 1 2 7 3 5 8 12 
217
2.14763263e-01
9.48838175e-03
-2.44494043e-01
3.17884496e-02
3.72943699e-01
-6.90423697e-01
-2.97361071e-01
8.39410560e-02
-1.90516722e-01
2.14023964e-01
1.50759956e-01
9.21360509e-02
1.78937401e-01
1.78599394e-01
0.00000000e+00
0.00000000e+00
0.00000000e+00
-5.48899664e-02
-6.74900618e-03
2.18744931e-01
-1.49380925e-01
2.88798755e-03
1.26567530e-01
6.45474656e-01
4.77041062e-04
1.32451126e-01
0.00000000e+00
0.00000000e+00
3.79568918e-01
-9.52703693e-02
2.91505085e-02
1.68897883e-01
-1.71041997e-01
1.81251701e-01
0.00000000e+00
0.00000000e+00
0.00000000e+00
-9.11399624e-02
-1.99106871e-01
-1.28864297e-01
-4.72173464e-02
-3.02034673e-02
1.39943810e-01
4.28120720e-01
0.00000000e+00
-5.05712510e-01
-2.08903645e-01
2.58738029e-01
0.00000000e+00
-2.91545348e-01
-8.92498095e-02
9.62409659e-01
0.00000000e+00
1.69686483e-01
-2.04250285e-01
-2.24255570e-01
0.00000000e+00
9.14307823e-03
-2.21704771e-01
4.28850630e-01
-1.29125305e-01
-3.89394877e-02
2.39597377e-01
0.00000000e+00
-5.92551190e-01
-8.27363925e-01
3.14559707e-01
4.50931656e-01
4.92754746e-01
5.08149581e-01
0.00000000e+00
-4.69238129e-01
-5.18979621e-01
4.75566291e-01
-1.10802410e-01
2.26067946e-01
4.43524344e-01
0.00000000e+00
-5.12268706e-01
-1.19375605e-01
5.08060125e-01
-3.96611346e-01
2.18971844e-01
4.14484432e-01
0.00000000e+00
2.19297338e-01
-1.97154216e-01
6.51708660e-02
-2.41761881e-01
-5.20720956e-02
-2.22495599e-01
0.00000000e+00
4.97418991e-01
-2.89466326e-01
-3.00759327e-01
-2.49876189e-01
1.81035986e-02
-1.34406117e-01
0.00000000e+00
-3.98126530e-01
-4.07858475e-01
6.81689915e-01
-2.30794016e-02
1.57001938e-01
-1.10658235e-01
0.00000000e+00
1.11427702e-01
-1.39592236e-01
-1.88657099e-01
-1.26306697e-01
2.91992660e-01
3.20630837e-02
0.00000000e+00
4.38811893e-01
-2.04904740e-01
-2.86973438e-01
-4.48140715e-02
6.29248085e-02
-2.34470978e-01
-7.78595315e-01
-4.75069714e-01
-1.05430329e+00
0.00000000e+00
0.00000000e+00
0.00000000e+00
3.75431087e-01
-9.21250246e-01
-6.43493850e-01
4.44854225e-01
-1.35131776e+00
2.21577240e-01
5.12246824e-01
3.08710717e-01
5.46247290e-01
0.00000000e+00
3.16225988e-01
-8.07813897e-02
-6.89925790e-01
1.49904499e-01
5.90047456e-01
7.11141274e-03
-3.07941548e-01
-9.58839315e-01
-2.55485284e-01
6.82375157e-01
-1.95051983e-01
0.00000000e+00
0.00000000e+00
0.00000000e+00
-7.92228259e-02
-1.11895095e-01
3.15243178e-01
-1.20687979e-01
3.14342686e-01
-2.44926476e-02
-1.22730881e-02
5.26574299e-02
-2.64581556e-01
0.00000000e+00
6.49021039e-02
1.57602951e-01
-7.39383113e-01
1.83581354e-01
4.64790506e-02
1.13290045e-01
1.34657785e-01
-2.75933321e-01
1.10314444e-01
-5.96533848e-02
-9.30714016e-01
0.00000000e+00
0.00000000e+00
0.00000000e+00
1.58066196e-01
-1.08376459e+00
-5.69468482e-01
1.81942004e-01
-5.50059394e-01
-4.13272831e-02
1.48361343e-01
4.02509362e-01
1.90102494e-01
0.00000000e+00
-5.54831639e-02
5.92889366e-01
-1.22037743e+00
7.72752424e-01
-1.27973168e-01
6.70938280e-01
3.57263408e-01
-8.06098430e-01
-2.95435557e-01
3.44448610e-01
-2.01213371e-01
0.00000000e+00
0.00000000e+00
0.00000000e+00
3.48237060e-02
2.47696510e-01
5.38593170e-02
1.14921455e-01
-4.56848077e-01
2.25415328e-01
3.09552193e-01
-1.68509310e-01
-1.19447740e-01
0.00000000e+00
1.02090106e-01
-6.26482868e-02
-2.19715661e-01
5.68609023e-02
1.08528064e-01
-6.75638730e-02
2.58948954e-02
-2.76333387e-01
-5.77023361e-02
-5.20871760e-02
136
3.43858015e-03
0.00000000e+00
0.00000000e+00
-4.06977378e-02
1.90688246e-03
-4.64417478e-02
2.51128625e-03
3.17920980e-01
2.73370417e-04
0.00000000e+00
0.00000000e+00
1.83910443e-01
6.29357239e-03
-2.10705910e-02
1.66695428e-01
6.75530883e-02
-1.43042191e-01
0.00000000e+00
0.00000000e+00
3.95434283e-01
6.55347188e-03
-1.39763509e-01
-1.65815317e-01
-2.09080886e-01
-1.21925156e-01
-3.07220262e-02
2.68757719e-01
4.88824531e-01
7.22392488e-02
-3.18889648e-01
1.14687128e-01
2.28056024e-01
-2.83850996e-01
-5.44753194e-01
9.25488446e-01
3.43576003e-01
-8.07652588e-02
-2.41899629e-01
-2.80054400e-01
2.61825762e-01
-5.75508961e-01
-2.60681374e-01
1.55144898e-01
0.00000000e+00
0.00000000e+00
0.00000000e+00
0.00000000e+00
-2.50485836e-02
2.63773841e-01
1.45672705e-01
-5.93873222e-01
0.00000000e+00
4.54753593e-01
3.52987652e-01
2.54878386e-01
-3.60755634e-01
0.00000000e+00
9.77179752e-02
-2.39142251e-01
2.68022549e-01
-3.46275302e-01
-4.03308563e-01
-3.43769659e-03
-1.46029616e-01
5.60505488e-02
-5.62274521e-02
0.00000000e+00
1.94621967e-01
-3.27056201e-01
4.47145238e-02
-1.42551314e-02
0.00000000e+00
9.58797267e-02
-9.75885019e-02
2.08952582e-01
-4.06037471e-03
0.00000000e+00
-1.67871793e-01
-3.11150065e-01
1.20233770e-05
1.98076756e-02
0.00000000e+00
-5.15493429e-01
-4.21014450e-01
-8.84503284e-02
-9.45347708e-02
-3.21009711e-01
-3.72984193e-01
-1.11056427e+00
0.00000000e+00
0.00000000e+00
0.00000000e+00
3.24996052e-01
-9.08429561e-01
-3.31749971e-01
4.93222744e-01
-1.58007430e+00
9.46483319e-02
4.69779235e-01
4.27165102e-01
1.78233692e-01
0.00000000e+00
3.69846503e-01
4.09967368e-01
-1.43950291e+00
4.87209954e-01
6.90224382e-01
5.34672930e-01
1.87355363e-01
-1.59149003e+00
-3.85527706e-01
4.58888553e-01
-1.15254744e+00
0.00000000e+00
0.00000000e+00
0.00000000e+00
1.40268100e-01
-5.18593852e-01
-2.89057709e-01
3.43479369e-01
-1.18125833e+00
2.85497013e-01
4.39357915e-01
6.44097171e-02
3.94296063e-01
0.00000000e+00
3.85746850e-01
2.98408200e-01
-1.40259104e+00
4.89652705e-01
5.50365558e-01
3.25771516e-01
7.16126199e-02
-1.59590358e+00
-3.60155818e-01
4.06147254e-01
13 1
-1.1532e+00 5.2373e-01
8 0
0 1 2 7 3 5 8 12 
217
2.71271325e-01
1.82499883e-01
-2.88637640e-01
-3.80478045e-02
2.96479476e-01
-4.72088466e-01
-1.66937513e-01
-2.63130151e-02
-2.19614598e-01
-8.15535901e-02
-1.11222977e-02
2.66893430e-01
3.72466257e-01
-6.31065466e-01
0.00000000e+00
0.00000000e+00
0.00000000e+00
0.00000000e+00
0.00000000e+00
0.00000000e+00
2.62603220e-01
2.13881764e-03
-6.71398333e-02
3.32452247e-01
5.11773242e-04
1.05568475e-01
0.00000000e+00
0.00000000e+00
2.49787227e-01
-2.15559966e-02
3.27635055e-02
2.54878408e-01
-2.33203745e-01
9.63336720e-02
0.00000000e+00
0.00000000e+00
0.00000000e+00
-5.42054009e-02
-7.78736240e-02
1.11198748e-02
4.37679431e-02
1.60338413e-02
1.08940057e-01
1.95737221e-01
0.00000000e+00
-1.48704056e-01
-1.19227231e-01
1.00914424e-01
9.28948780e-02
-2.96539210e-01
-6.77165212e-01
1.19428135e+00
0.00000000e+00
-4.31288284e-02
1.78945418e-01
-2.30628437e-01
0.00000000e+00
-1.93865418e-01
-1.45973572e-01
3.50750229e-01
1.00034758e-01
-1.60249827e-01
3.03734981e-01
0.00000000e+00
-4.61808730e-01
-3.89950475e-01
4.37128863e-01
3.78796284e-01
2.95951191e-01
3.12579300e-01
0.00000000e+00
-3.80063683e-01
1.72045704e-01
4.34683991e-01
-3.23954561e-01
2.17212978e-01
4.42279780e-01
0.00000000e+00
-2.32080815e-01
-4.46051736e-01
3.91633087e-01
-3.24454737e-01
1.11719053e-01
2.54049039e-01
0.00000000e+00
1.53201381e-01
-2.17147932e-01
9.53873734e-02
-2.69940824e-01
2.32445322e-02
-2.01258982e-01
0.00000000e+00
3.90421950e-01
2.28751040e-02
-1.08705245e-01
-4.44326613e-01
-1.04453806e-02
-3.23858138e-02
0.00000000e+00
-2.76468350e-01
-5.19932531e-01
4.85638429e-01
-2.21538172e-01
1.34589361e-01
-8.00826695e-02
0.00000000e+00
1.73473282e-01
-7.14307757e-03
-1.19570099e-01
-1.25223549e-01
2.17368142e-01
-2.85364082e-01
0.00000000e+00
5.08563382e-01
-4.98946752e-01
-1.77186310e-01
3.82112582e-02
-5.95437861e-02
-4.82445577e-01
-5.02205644e-01
-4.04385943e-01
-1.07173809e+00
0.00000000e+00
0.00000000e+00
0.00000000e+00
1.10217337e-01
-1.69994596e+00
-2.58978116e-01
1.08735213e-01
-8.47475728e-01
-2.50478239e-01
5.50208369e-01
4.17277471e-01
4.11286133e-01
0.00000000e+00
3.21945103e-01
4.08838075e-01
-1.17051471e+00
5.45549984e-01
4.64497937e-01
5.00210880e-01
1.99357081e-01
-1.10724619e+00
-2.79855393e-01
5.04632660e-01
-1.99138997e-01
0.00000000e+00
0.00000000e+00
0.00000000e+00
1.24890014e-01
3.07145129e-01
-3.02460078e-01
6.88529222e-02
-5.18482381e-01
2.14009362e-01
-2.47296247e-02
-4.81209522e-03
5.01271575e-02
0.00000000e+00
1.58440396e-02
2.49288824e-01
-1.56531981e-01
7.97402260e-02
5.40944336e-02
-2.04871912e-02
-3.57604064e-02
-2.62965090e-01
-3.90480936e-02
2.14583578e-03
-9.40117665e-01
0.00000000e+00
0.00000000e+00
0.00000000e+00
1.94764245e-01
-5.04249580e-01
-4.88201571e-01
3.09835537e-01
-5.72622422e-01
1.15705365e-01
5.16035191e-01
-1.76455251e-01
-5.07061989e-03
0.00000000e+00
1.76248671e-01
4.01122969e-01
-9.87587222e-01
1.09482550e+00
5.41925005e-01
1.61840400e-01
8.71128233e-04
-1.07583188e+00
-4.93293953e-01
-1.49979184e-01
-2.58882242e-01
0.00000000e+00
0.00000000e+00
0.00000000e+00
7.55327913e-02
-7.32048269e-03
1.66381983e-01
9.24067771e-02
-3.65046536e-01
2.12124582e-01
-9.70812126e-02
4.63395575e-02
2.50393995e-01
0.00000000e+00
3.16506570e-02
-1.68160728e-01
-1.96199794e-01
-2.34261282e-01
-1.01159695e-01
2.69270941e-01
-8.86565498e-02
-2.10398293e-01
1.18375120e-02
5.34635347e-02
136
-9.83996678e-02
0.00000000e+00
0.00000000e+00
-3.03683897e-02
-2.98697934e-03
3.72507862e-02
2.14659219e-03
2.76798534e-01
2.92178044e-04
0.00000000e+00
0.00000000e+00
1.09783053e-01
5.86529946e-03
-2.15125598e-02
1.62481581e-01
1.36958006e-01
-4.60547377e-02
0.00000000e+00
0.00000000e+00
4.41134629e-01
-5.10590370e-02
-1.93144270e-01
-1.54533432e-01
-1.78217756e-01
-1.18183274e-01
-8.28509693e-02
2.38454441e-01
5.50546934e-01
5.46973596e-02
-3.66675248e-01
1.82217200e-01
2.39150955e-01
-3.23595879e-01
-6.43226110e-01
9.27947557e-01
4.01859734e-01
-1.97692516e-02
-2.82988788e-01
-1.83948483e-01
2.98125946e-01
-4.75551523e-01
-4.50010982e-01
-7.17908905e-03
0.00000000e+00
0.00000000e+00
0.00000000e+00
0.00000000e+00
-2.17071790e-01
1.92148057e-01
8.37835012e-02
-6.72228829e-01
0.00000000e+00
7.27808150e-01
4.06772750e-01
2.85799819e-01
-3.76215052e-01
0.00000000e+00
3.36523178e-01
-8.33409407e-02
2.53181062e-01
-2.54125400e-01
-3.36268342e-01
8.36410300e-02
-1.10422107e-01
5.56862702e-02
-8.00171443e-02
0.00000000e+00
1.85431114e-01
-2.93325996e-01
2.30440319e-02
9.86331122e-02
0.00000000e+00
1.04107807e-01
-8.25479529e-02
2.05977934e-01
-4.07730336e-02
0.00000000e+00
-2.81425570e-01
-4.17403633e-01
-2.95431208e-03
-1.83794660e-01
0.00000000e+00
-7.23454690e-01
-4.41328014e-01
-1.33358040e-01
-8.25712685e-02
-3.04831250e-01
-3.00628466e-01
-1.11495444e+00
0.00000000e+00
0.00000000e+00
0.00000000e+00
3.43049126e-01
-8.92864549e-01
-3.50926793e-01
5.00683499e-01
-1.44469497e+00
1.15505056e-01
4.72056477e-01
3.83872173e-01
1.29971029e-01
0.00000000e+00
3.85909925e-01
2.99979565e-01
-1.44152045e+00
4.43854199e-01
6.94813641e-01
5.23083688e-01
1.54068550e-01
-1.55506301e+00
-3.30568175e-01
4.53836575e-01
-1.12794526e+00
0.00000000e+00
0.00000000e+00
0.00000000e+00
1.45529567e-01
-5.20648924e-01
-3.45744480e-01
3.44054988e-01
-1.15949001e+00
2.41633792e-01
4.81394945e-01
1.27672141e-01
3.65252779e-01
0.00000000e+00
3.60209127e-01
3.65983057e-01
-1.35541661e+00
4.96064830e-01
4.65486550e-01
3.18513767e-01
6.38801831e-02
-1.59532564e+00
-3.73044414e-01
4.46049100e-01
11 1
-1.1111e+00 5.2362e-01
8 1
0 1 2 7 3 5 8 12 
217
2.60008964e-01
9.89967614e-02
-5.38566212e-01
-1.36718424e-02
3.64209472e-01
-4.93179354e-01
7.48361047e-04
-1.45544258e-01
-2.13822441e-01
-2.11343915e-01
-3.44258510e-01
3.28498490e-01
4.53132083e-01
-2.52923378e-02
0.00000000e+00
0.00000000e+00
0.00000000e+00
-5.42521712e-03
6.76638281e-04
-8.93055696e-02
-2.10604715e-01
5.93713032e-03
-7.17528698e-02
5.13435328e-01
1.03750820e-03
9.98516220e-04
0.00000000e+00
0.00000000e+00
-6.13942539e-02
-6.84918593e-03
-6.51621331e-01
1.19268520e-01
3.43522310e-01
5.54479337e-01
0.00000000e+00
0.00000000e+00
0.00000000e+00
4.93975288e-02
-2.19065138e-01
-9.18949924e-02
5.99765179e-02
5.70180232e-02
1.83432760e-01
1.86739398e-01
0.00000000e+00
-7.93671368e-02
-3.74589666e-01
3.18906312e-02
1.54147917e-01
-2.27293355e-01
-5.44398879e-01
1.21227817e+00
0.00000000e+00
7.59908429e-03
1.77136542e-01
-4.74410518e-02
9.43991319e-02
-5.20936768e-01
-6.72908273e-02
4.02201220e-01
1.93556885e-01
-2.15452087e-01
2.47499298e-01
0.00000000e+00
-5.18921829e-01
-7.55554047e-01
4.30444709e-01
1.23676261e-01
3.48486084e-01
3.97628596e-01
0.00000000e+00
-5.26652401e-01
-2.63030997e-01
4.88225799e-01
-1.17235654e-01
3.01560338e-01
4.50677026e-01
0.00000000e+00
-2.43097644e-01
-3.30139150e-01
4.29426898e-01
-4.28930240e-01
7.36797106e-02
5.85097572e-02
0.00000000e+00
1.97146203e-01
-2.91711124e-02
8.92685803e-03
-1.63518682e-01
6.27942941e-02
-7.71436976e-03
0.00000000e+00
5.98575202e-01
-1.95773598e-01
-3.28947308e-01
-2.55098904e-02
-9.61892892e-03
-3.16335585e-02
0.00000000e+00
-3.93987989e-01
8.96010364e-02
3.45500778e-01
-3.78501710e-01
3.08496176e-01
2.48835156e-02
0.00000000e+00
2.61599340e-01
-2.24479197e-01
-1.95208515e-01
-3.01335339e-01
1.93618139e-01
2.77823236e-02
0.00000000e+00
4.56855776e-01
-2.77803216e-02
-5.22219852e-01
4.62452172e-03
3.25373040e-01
6.30409844e-02
-1.66709041e-01
-9.45754701e-02
-9.65207442e-01
0.00000000e+00
0.00000000e+00
0.00000000e+00
-3.65050927e-02
-7.88120709e-01
-5.18228138e-03
3.87174462e-01
-7.34333722e-01
1.16062482e-01
6.45565681e-01
3.29088017e-01
-2.81223005e-01
0.00000000e+00
-1.87332451e-01
2.90212300e-01
-6.48674278e-01
3.68717345e-01
7.33559871e-01
-2.36152776e-01
-1.31073566e-01
-7.92412704e-01
-1.27171634e-01
1.32594621e-01
-6.45500407e-02
0.00000000e+00
0.00000000e+00
0.00000000e+00
1.61949158e-01
-3.20012098e-01
-3.67756580e-01
5.14848051e-02
-3.87774382e-01
-5.66277945e-02
-1.39437404e-01
9.13742055e-02
3.79799608e-01
0.00000000e+00
4.59928168e-01
5.65083790e-02
-4.63116652e-01
8.43738592e-02
1.21230649e-01
4.91249382e-01
5.32739173e-02
-5.75428182e-01
1.13854518e-01
1.80576404e-01
-9.06642927e-01
0.00000000e+00
0.00000000e+00
0.00000000e+00
-6.96778830e-02
9.91464607e-02
-8.55058666e-01
2.09894520e-01
-4.80913496e-01
-6.07626665e-02
7.85312544e-01
-5.49007590e-01
2.61172580e-01
0.00000000e+00
7.01879174e-02
3.33099696e-01
-5.69239338e-01
1.87320247e-01
4.56138095e-01
2.95546801e-02
-3.37228402e-01
-6.48067148e-01
-3.91340914e-02
2.70619613e-01
-1.05222620e-01
0.00000000e+00
0.00000000e+00
0.00000000e+00
4.56849306e-02
-1.98747177e-01
2.78986801e-01
1.26196747e-01
-2.85368453e-01
4.26661728e-01
-1.28382051e-01
3.85563531e-01
1.73933814e-02
0.00000000e+00
2.33565336e-01
8.93425720e-02
-7.46013860e-01
1.55796725e-01
1.89820979e-01
1.33578316e-01
1.97302415e-02
-8.01302748e-01
-5.96488608e-02
1.19192419e-02
136
-9.55806878e-02
0.00000000e+00
0.00000000e+00
-9.65338778e-02
2.16010698e-03
-1.31674147e-01
3.15831985e-04
1.30176183e-01
2.07769642e-03
0.00000000e+00
0.00000000e+00
1.57805609e-01
-1.58092141e-01
-3.43053718e-01
9.38341555e-03
1.60051483e-01
4.08864686e-01
0.00000000e+00
0.00000000e+00
2.95162168e-01
5.74236557e-02
-1.25738621e-01
-1.17802530e-01
-1.66520259e-01
-1.28920481e-01
-4.68810835e-02
1.37696463e-01
3.84734827e-01
-8.32479607e-03
-2.89672939e-01
2.01314044e-01
2.72239803e-01
-2.94935167e-01
-5.83714770e-01
8.80482481e-01
3.46137034e-01
3.21101050e-03
-1.18136827e-01
-2.07012325e-01
2.47415046e-01
-4.11859378e-01
-3.92037020e-01
-1.25421712e-01
0.00000000e+00
0.00000000e+00
0.00000000e+00
0.00000000e+00
-1.03174712e-01
2.58826958e-01
1.05911624e-01
-6.02001714e-01
0.00000000e+00
5.40228180e-01
3.33992731e-01
2.83292647e-01
-2.95958113e-01
0.00000000e+00
3.13184036e-01
-5.23214153e-02
2.40676168e-01
-2.59632180e-01
-2.87529547e-01
-3.46018264e-02
-1.14491242e-01
4.13537943e-02
-7.20493336e-02
0.00000000e+00
1.72683310e-01
-2.90668432e-01
1.55285286e-02
2.05018911e-02
0.00000000e+00
1.35454650e-01
-6.93256943e-02
2.13986581e-01
-5.78716747e-02
0.00000000e+00
-3.75611635e-01
-3.46771336e-01
-2.68618628e-02
-8.26766603e-02
0.00000000e+00
-6.04706299e-01
-3.87561457e-01
-1.04177354e-01
-1.02536895e-01
-2.91787095e-01
-2.47652612e-01
-1.17810543e+00
0.00000000e+00
0.00000000e+00
0.00000000e+00
3.05206511e-01
-8.83700075e-01
-3.50435576e-01
4.56494143e-01
-1.45292956e+00
1.37889507e-01
5.02860833e-01
4.05562864e-01
1.88365140e-01
0.00000000e+00
3.45288552e-01
3.50499882e-01
-1.45457642e+00
4.83896566e-01
6.27145779e-01
4.96225898e-01
1.47191166e-01
-1.54740373e+00
-3.82719453e-01
4.47032536e-01
-1.17517561e+00
0.00000000e+00
0.00000000e+00
0.00000000e+00
1.71200157e-01
-5.70714376e-01
-3.32749905e-01
3.32660443e-01
-1.14434438e+00
2.12270891e-01
4.71622341e-01
9.21484730e-02
3.48728499e-01
0.00000000e+00
3.36508593e-01
3.39602927e-01
-1.33884054e+00
4.97923701e-01
4.49449797e-01
3.82424078e-01
1.07764918e-01
-1.56582903e+00
-4.01342276e-01
4.36340075e-01
