2 5
1  0.000 1.000 1000000000.000
4 0 1 2 8
1 0
1 4
1 13
0 29
1 29
1 45
0 90
1 90
0 156
1 156
0
209
117
5	0	TRYP #num missed tryp terminals
2	-1e+09	0
3	0.17687053	0.17687053	-0.13575281
9	0	TRYP #frags at digest when C-term is other
6	-1e+09	1	2	3	4	6
7	-0.087936165	0.0025350621	-0.022627891	-0.085129059	-0.099852728	-0.17009843	-0.19735477
13	0	ANN PEAK diff from org pm_with_19
16	-1e+09	-3.0510254	-2.8510742	-2.151123	-1.7583008	-1.458252	-1.4509277	-1.3510742	-1.2509766	-0.95825195	-0.95092773	-0.85107422	-0.74365234	-0.45092773	-0.15112305	0.049072266
17	-0.23121592	-0.23121592	0.010076349	0.098048089	0.092090485	0.08220245	0.16570369	0.17185359	0.17717613	0.13028637	0.0010381029	-0.070276383	-0.097902651	-0.052116407	-0.15526821	-0.21040928	-0.23121592
15	0	ANN PEAK %ann intensity
17	-1e+09	0.029079212	0.037080295	0.06024386	0.063887917	0.067367457	0.074064806	0.08042945	0.086629428	0.092815652	0.10859289	0.15633026	0.16692199	0.20138632	0.21955298	0.23073111	0.27664337
18	-0.02255345	0.059248838	0.10703035	0.13440904	0.12411272	0.058233553	0.056379047	-0.0083706289	-0.037008173	-0.0352579	-0.033478801	-0.054166879	-0.064249675	-0.12720133	-0.11418388	-0.1197045	-0.14152745	-0.11169685
16	0	ANN PEAK %ann peaks
16	-1e+09	0.040322579	0.054421768	0.05839416	0.062015504	0.072463766	0.07692308	0.078125	0.081481479	0.088888891	0.092198581	0.095588237	0.099236645	0.10714286	0.11764706	0.125
17	0.058915274	-0.14160701	-0.24652703	-0.18091183	-0.1169519	-0.066929808	-0.10062526	-0.030192829	-0.00031062509	0.023696065	0.033364535	0.055818747	0.016727132	0.057112365	0.11751428	0.12402605	0.23251729
17	0	ANN PEAK #ann in top 25
6	-1e+09	1	2	4	7	8
7	0.034977226	0.034977226	0.019092661	-0.031491914	-0.049144302	-0.026198231	0.034977226
18	0	ANN PEAK #ann in top half (up to 50)
10	-1e+09	4	5	6	7	8	9	11	12	14
11	0.075114938	-0.18426559	-0.033283157	0.12221846	0.17219905	0.21399742	0.26505434	0.33100951	0.35818134	0.38417492	0.38776245
19	0	ANN PEAK #ann in top third - #ann in mid third
10	-1e+09	-4	-3	-2	-1	2	3	4	5	6
11	-0.030456206	0.003067043	0.032411514	0.075281555	-0.014402615	-0.046743905	-0.036665945	-0.025607784	-0.028074959	-0.010975676	-0.04763489
20	0	ANN PEAK #ann in top third - #ann in last third
8	-1e+09	-4	-1	2	6	7	8	9
9	0.040870939	0.040870939	-0.058404308	-0.068512115	-0.035656377	0.030946634	0.0050802576	0.021590729	0.060899442
21	0	ANN PEAK #ann in mid third - #ann in last third
7	-1e+09	-3	-1	0	2	5	6
8	0.029859158	-0.016222836	-0.046959453	-0.059932248	-0.0012278078	-0.0463024	0.028972045	0.083111112
22	0	ANN PEAK #y annotated
5	-1e+09	0	1	2	3
6	0.077321579	0.055481542	0.020056123	-0.083157239	-0.10996825	0.089893616
23	0	ANN PEAK #b annotated
3	-1e+09	2	3
4	-0.011614139	0.018062454	-0.021244085	-0.031704998
24	0	ANN PEAK #b-H2O annotated
4	-1e+09	1	2	3
5	0.027832297	0.027832297	-0.021835122	0.0060320493	0.027832297
25	0	ANN PEAK #y2 annotated
4	-1e+09	0	1	2
5	-0.006403293	-0.053794999	-0.081059098	-0.095167583	0.097477897
26	0	ANN PEAK #y-H2O annotated
3	-1e+09	0	2
4	0.031263423	0.034535409	-0.036824881	-0.024256746
28	0	ANN PEAK #a annotated
3	-1e+09	0	1
4	-0.053318863	-0.14954024	-0.056429857	0.141844
30	0	PEAK OFF y max self offset
16	-1e+09	0.040416718	0.054698944	0.081981659	0.089366913	0.13062668	0.15052414	0.18568039	0.20079422	0.24134445	0.26878738	0.28931808	0.30015945	0.31114578	0.40693283	0.44367599
17	-0.13305545	-0.13305545	-0.00270984	0.052389432	0.057669196	0.068980997	0.094939184	0.14337919	0.073363195	0.041687085	0.028125706	0.088053428	-0.081897513	-0.10119544	-0.15277048	-0.18436976	-0.13305545
31	0	PEAK OFF y avg self offset
22	-1e+09	0.033824921	0.039922714	0.050237656	0.058996838	0.067718506	0.071807861	0.075972237	0.10696411	0.11629677	0.12616539	0.13133621	0.15923183	0.16564369	0.17218399	0.24652989	0.26977539	0.2982235	0.31422043	0.35240555	0.37597656	0.40394211
23	0.14971539	0.0020989839	-0.010049936	-0.078805657	-0.10232138	-0.18969495	-0.19436324	-0.20221061	-0.30638486	-0.3465769	-0.3250074	-0.38152458	-0.36816922	-0.33413291	-0.30538626	-0.29754174	-0.22210311	-0.18102525	-0.13408629	-0.11267104	-0.095326207	0.032904186	0.26321696
36	0	PEAK OFF y grab offset #3
4	-1e+09	0	2	3
5	0.0028482961	0.022034233	0.043213572	-0.038841656	-0.042716897
37	0	PEAK OFF b num frags detected
18	-1e+09	0.051501155	0.080090642	0.095934749	0.13013947	0.14280975	0.15595734	0.19090545	0.22130096	0.24644744	0.25550568	0.26551545	0.27550018	0.29625213	0.35655487	0.38538849	0.4000119	0.47694123
19	-0.017419325	-0.017419325	0.005014022	-0.014612038	0.0011195456	-0.0025079051	0.034728657	-0.020914832	0.025393425	0.052211365	-0.024067129	0.029729087	0.063367536	0.099176428	0.051762586	0.072302809	0.14173058	0.00070133888	-0.017419325
38	0	PEAK OFF b max self offset
19	-1e+09	0.019640803	0.065393172	0.08338654	0.08772552	0.092256986	0.11497772	0.13490021	0.14595306	0.17064178	0.18424714	0.19176464	0.1993956	0.21601593	0.22516651	0.24522674	0.29539764	0.36946198	0.3933841
20	-0.21040019	-0.26002212	-0.2952744	-0.35311454	-0.3722971	-0.40406399	-0.28714895	-0.30926462	-0.2849392	-0.322407	-0.35433719	-0.37775163	-0.39273611	-0.41238943	-0.38894684	-0.35447871	-0.34282701	-0.3763137	-0.31697514	-0.14785819
54	0	PEP COMP before cat score 1
11	-1e+09	5	8	10	11	12	13	14	15	17	18
12	0.03158656	-0.02398119	0.0041995738	-0.027506604	-0.084697221	0.0078238186	0.030078258	0.078321684	0.081882162	-0.054589417	0.034208046	0.075746625
55	0	PEP COMP after cat score 1
12	-1e+09	3	5	8	9	10	11	13	14	15	16	17
13	-0.089171891	-0.089171891	0.15121954	0.0047916254	-0.07750563	-0.092607603	-0.038449542	0.041374264	-0.025375982	-0.051636791	-0.0070494138	0.12695134	-0.089171891
56	0	PEP COMP span cat score 1
12	-1e+09	3	4	7	9	11	12	13	14	16	17	18
13	-0.048894977	-0.087511971	-0.001084907	-0.021485094	0.021139824	0.005718486	-0.070816833	-0.10232389	-0.045029107	-0.025886418	-0.0081256487	-0.029912861	-0.0034764943
57	0	PEP COMP before cat score 2
12	-1e+09	8	9	11	12	13	14	15	16	17	18	19
13	-0.035581246	0.021173969	-0.017858409	-0.014295371	-0.037905142	-0.08389152	-0.11746326	-0.18519534	0.018841628	0.069282639	0.0088474101	0.04194355	-0.069482371
58	0	PEP COMP after cat score 2
10	-1e+09	4	5	8	11	12	13	14	15	19
11	-0.045949083	-0.031852209	-0.015289657	0.043287502	-0.075162577	-0.044200863	-0.10123917	0.046385721	-0.03355896	-0.011200211	-0.05550828
59	0	PEP COMP span cat score 2
12	-1e+09	1	4	6	7	8	10	14	15	17	18	19
13	-0.010358691	-0.010358691	-0.0041584033	-0.013823626	0.001494789	-0.00026998462	-0.0058861954	-0.016752068	-0.03214337	0.022917242	-0.0027855467	-0.0048152208	-0.010358691
66	0	PEP COMP #aa A
2	-1e+09	1
3	-0.0018034722	-0.0018034722	0
68	0	PEP COMP #aa N
1	-1e+09
2	0	-0.18629903
69	0	PEP COMP #aa D
2	-1e+09	1
3	-0.0094404598	-0.04050644	-0.03106598
71	0	PEP COMP #aa Q
2	-1e+09	1
3	-0.060574315	-0.56495211	-0.6778675
72	0	PEP COMP #aa E
2	-1e+09	1
3	-0.015431052	-0.15324609	-0.19547318
73	0	PEP COMP #aa G
2	-1e+09	1
3	0.0017319967	0.070881555	0.074361787
75	0	PEP COMP #aa L
2	-1e+09	1
3	0.027316351	0.027316351	-0.024432307
77	0	PEP COMP #aa M
1	-1e+09
2	0	0.11106294
78	0	PEP COMP #aa F
1	-1e+09
2	0	-0.30322684
79	0	PEP COMP #aa P
2	-1e+09	1
3	0.12813567	0.3647165	0.64182269
80	0	PEP COMP #aa S
2	-1e+09	1
3	0.011946162	0	0.046274585
81	0	PEP COMP #aa T
1	-1e+09
2	0	-0.081274953
83	0	PEP COMP #aa Y
1	-1e+09
2	0	0.023820347
85	0	PEP COMP #problematic double combos
1	-1e+09
2	0	-0.0052420403
108	0	PRM -N/-C delta mass
18	-1e+09	-0.86315155	-0.45140076	-0.28503418	-0.18271637	-0.16746521	-0.15365601	-0.12885284	-0.084228516	-0.011322021	0.00026702881	0.036209106	0.049751282	0.13286591	0.15424347	0.23800659	0.45378113	0.6950531
19	-0.52571747	-0.52571747	-0.088041431	-0.13660719	0.0012661876	-0.018543186	0.051750918	0.067550441	0.086482474	0.068321779	0.063615114	0.041271507	0.011155784	-0.033434063	-0.10372817	-0.14028516	-0.1076369	-0.05195135	-0.52571747
109	0	PRM -N/-C total breakage score
7	-1e+09	-36.63327	-14.91926	-6.8776484	4.2168798	23.297098	26.177187
8	0.00020353574	0.00020353574	0.0019872677	-0.011236519	-0.0074118763	-0.001599966	-0.0054246085	0.00020353574
110	0	PRM -N/-C average breakage score
15	-1e+09	-6.6702714	-5.0012445	-3.7678616	-3.2274575	-2.7582395	-1.120396	-0.39819604	0.28163058	0.93087733	1.5628612	3.6556466	5.8643599	8.0402899	9.9123592
16	-0.12473918	-0.12473918	-0.099299943	-0.10840853	-0.089321736	0.013462047	-0.020049548	-0.030998526	0.063433631	-0.04627855	-0.019385858	-0.047456368	-0.066135982	-0.13698964	-0.14888874	-0.12473918
111	0	PRM -N/-C normalized average breakage score
9	-1e+09	-6.105545	-2.4865434	-1.1462747	0.70281333	2.7428339	3.8828497	4.3628645	5.9930363
10	0.0079727767	0.0079727767	0.03124777	-0.045300046	-0.013012417	-0.0004389703	-0.024539811	-0.034222336	0.0097186283	0.0079727767
112	0	PRM -N/-C path score
10	-1e+09	13.80855	22.973133	29.765697	34.305481	40.380936	42.316273	48.265198	54.456871	60.674248
11	0.022494016	0.022494016	-0.00060556247	-0.10531034	-0.086622402	-0.096924785	-0.10072294	-0.061114295	-0.03033772	0.015584679	0.022494016
113	0	PRM -N/-C average path score
5	-1e+09	2.301425	3.8288555	4.9609494	7.052712
6	0	0	-0.0018771757	-0.0036514708	-0.0017742951	0
114	0	PRM path score
11	-1e+09	-23.00322	-17.306416	-14.904078	-10.567101	6.8952532	9.661912	14.965641	17.606211	18.944717	27.525442
12	0.0038675298	0.0038675298	0.00014833416	0.068418429	0.043263389	0.035679339	-0.010438156	0.0052797212	-0.0013592622	-0.020728299	-0.028960734	0.0038675298
115	0	PRM total breakage score
22	-1e+09	10.981538	15.486803	18.192509	19.274643	21.149567	23.641315	24.425312	27.446949	28.18133	30.393229	31.11216	34.179947	34.993568	40.257874	48.172932	52.655849	54.372482	56.198994	60.603043	63.400043	67.050232
23	0.29914835	0.29914835	0.27303609	0.23304235	0.14843102	0.1133574	0.097835173	0.090203788	0.093768297	0.056961465	0.029939769	0.0082606465	-0.062190115	-0.075763466	-0.12988008	-0.20159083	-0.18795366	-0.16627454	-0.12849063	-0.091683799	0.049430575	0.086777118	0.29914835
116	0	PRM SeqPath rank
14	-1e+09	0	1	2	3	4	5	7	11	15	18	21	41	72
15	-0.17157556	0.052089712	-0.082624449	-0.1317814	-0.27479992	-0.27279176	-0.26778704	-0.2421103	-0.24573993	-0.21980683	-0.15711809	-0.22283745	-0.18416798	-0.21385324	-0.22142833
117	0	PRM multipath score
20	-1e+09	23.078697	27.530724	32.38319	34.811749	39.830273	41.153275	45.168095	48.035572	52.577263	54.047401	58.614479	60.003857	66.029419	69.373138	73.410469	79.099403	83.05941	88.388542	109.9411
21	-0.0023774926	0.10604037	0.1336413	0.17433936	0.1064304	0.15752647	0.15375556	0.14508994	0.12584923	0.071487828	0.066927153	0.00065752011	-0.07214242	-0.12519575	-0.13400435	-0.15350879	-0.10720078	0.022520838	0.061532176	0.081595168	-0.10706907
118	0	PRM delta score
28	-1e+09	0	3.1547356	4.9029465	5.6866455	6.4368114	7.8651772	9.1776428	9.7936306	10.408823	12.173235	12.755125	13.330387	15.002213	15.572845	16.128422	17.885323	18.494659	20.396824	21.788698	22.524389	25.009281	25.933483	28.048969	30.621706	33.962105	36.038063	38.702957
29	-0.26398347	0.26835569	0.19605577	0.17024995	0.13875988	0.094599731	0.057955324	-0.057669611	-0.0849272	-0.12806729	-0.16131531	-0.21062547	-0.28751718	-0.39908957	-0.35307503	-0.41019575	-0.49285511	-0.47209487	-0.48307907	-0.60557125	-0.64729986	-0.70987838	-0.74986895	-0.77880913	-0.95804559	-1.0536284	-1.1856615	-1.2480091	-1.46374
119	0	PRM rank, delta score<=1.5
4	-1e+09	0	1	2
5	0.24617139	0.24617139	0.1251671	0	0.24617139
120	0	PRM rank, 1.5<delta score<=7.5
4	-1e+09	1	2	3
5	0.0028123143	0.0028123143	0	0.0028123143	0.0049092345
121	0	PRM rank, 7.5<delta score<=15
4	-1e+09	2	14	30
5	-0.024817502	-0.088398039	-0.098145018	-0.021752947	0.020068118
122	0	PRM rank, delta score>15
11	-1e+09	9	13	14	24	31	36	45	50	59	61
12	-0.052683664	-0.031975661	-0.13075094	-0.17456495	-0.18548968	-0.15351402	-0.15709002	-0.20071543	-0.090586106	-0.076209554	-0.07304523	-0.052683664
128	0	PRM tag, rank if in top 20-all
13	-1e+09	1	4	9	19	83	101	126	156	162	175	192	234
14	0.15468507	0.16066359	0.12961326	0.08768485	0.14134141	0.10932568	0.10754809	0.19798602	0.18661639	0.24856632	0.16765363	0.13630772	0.17534917	0.14733892
133	0	PRM breakage score min 1
14	-1e+09	-27.72459	-21.75725	-20.002287	-17.644003	-14.053492	-12.778997	-12.133143	-11.526234	-7.0297503	-5.9492879	-5.4312034	-3.3408315	0.16479158
15	0.090785485	0.073499964	-0.047557274	-0.057137502	-0.014572328	-0.10134615	-0.087260167	0.014701753	0.0075461367	-0.0087020028	0.024183338	0.039881546	0.066222794	0.06809587	0.094532339
134	0	PRM breakage score min 2
15	-1e+09	-19.391273	-12.845611	-11.615149	-9.5462294	-7.9792919	-6.016005	-3.888731	-2.9840574	0.96815652	3.1000774	4.2582445	5.1159267	6.0808601	7.1367674
16	0.2049823	0.2049823	0.1409239	0.14808632	0.19261978	0.045397637	0.092683929	0.081482914	0.086989529	0.1743364	0.19761904	0.25313593	0.23783402	0.25453139	0.24396208	0.2049823
135	0	PRM breakage score min 3
16	-1e+09	-7.5780549	-5.3855853	-2.6268392	-2.0767536	-1.1366953	0.14025587	1.1927549	1.5168885	1.8298635	4.4678688	5.7230053	6.8063307	8.9053001	9.8687572	11.748464
17	-0.064560196	-0.14836183	-0.16597979	-0.2109873	-0.23530143	-0.23708748	-0.19854459	-0.20033405	-0.19005482	-0.15048984	-0.13046608	-0.16920792	-0.082620594	-0.049430612	-0.064829627	-0.068321226	-0.045850766
136	0	PRM breakage score min consecutive 3
20	-1e+09	-33.519337	-22.847261	-19.348171	-17.688099	-16.186018	-10.670426	-8.2144909	-3.6158562	-2.5426154	0.67081332	2.7872529	3.7722826	5.778275	7.9283476	10.082642	11.247231	14.828333	20.224861	25.264275
21	0.30361473	0.40236107	0.43853835	0.46186326	0.43965862	0.4283675	0.35456495	0.31617035	0.30781582	0.35683256	0.20298671	0.11997129	0.20244396	0.28072264	0.31518095	0.29682003	0.28901876	0.22330595	0.20043067	0.21056049	0.17946797
137	0	PRM breakage score max consecutive 3
15	-1e+09	-4.1082306	-2.3893242	1.9542379	4.524354	6.8295107	9.9221916	13.03862	20.797415	22.803171	27.905018	30.168848	32.646717	35.224434	38.15596
16	0.093638244	0.096913225	0.14406304	0.19268116	0.14033684	0.13290311	0.15670397	0.12783388	0.12966494	0.10773443	0.13446265	0.14764449	0.11654481	0.097994971	0.030804407	0.089928647
138	0	PRM breakage score min consecutive 2
19	-1e+09	-29.284916	-27.222082	-22.360695	-21.121037	-19.862373	-16.441971	-13.470934	-11.604403	-7.2821889	-4.8719435	-4.0597439	-1.67716	-0.1049304	0.71673203	3.1537604	4.8948655	6.7449408	18.055279
20	0.051980746	0.051980746	0.042695538	0.044474376	0.027797185	0.024116785	0.07489342	0.083395408	0.079734355	0.077883001	0.093369175	0.087378944	0.08495458	0.065370472	-0.070220258	-0.079474773	0.067078159	-0.011460043	-0.00038095753	0.050204662
139	0	PRM breakage score max consecutive 2
11	-1e+09	2.5904927	5.9091301	7.6484785	8.4777145	10.068091	14.770988	19.734793	24.369543	29.176556	31.110556
12	-0.013251838	0.015113793	-0.040383931	0.03856907	0.02001631	-0.001915375	-0.055859046	-0.035713573	0.019643782	-0.011153232	-0.017646734	-0.027938369
141	0	PRM #breakage scores 0 - -10
3	-1e+09	0	2
4	0.0049129208	0.0049129208	-0.0092644039	0.0049129208
142	0	PRM #breakage scores 0 - 8
4	-1e+09	0	1	2
5	0.0028362887	0.0028362887	-0.011608402	-0.0062745004	0.0028362887
144	0	PRM #breakage scores above 15
3	-1e+09	0	1
4	0.003139426	0.028262831	-0.0059500646	-0.03682865
145	0	PRM %breakage scores below -10
3	-1e+09	0.2	0.5
4	0.0037015843	0.0037015843	-0.0017879118	0.0037015843
146	0	PRM %breakage scores below 0
4	-1e+09	0	0.5	0.60000002
5	0.0020424143	0.0020424143	-0.0022217578	-0.0001793435	0.0020424143
147	0	PRM %breakage scores above 0
5	-1e+09	0.2	0.25	0.40000001	0.80000001
6	0.027656962	0.027656962	0.025912005	0.0022067317	-0.012109752	0.027656962
148	0	PRM %breakage scores above 8
5	-1e+09	0	0.2	0.25	0.5
6	0.00020219182	0.00020219182	-0.0097325942	-0.0077536662	0.0019789281	0.00020219182
151	0	PRM %breakages with 1 frag detected
3	-1e+09	0	0.25
4	-0.0016115412	0.01566721	-0.0016115412	-0.011402445
152	0	PRM %breakages with 2 frag detected
4	-1e+09	0	0.2	0.40000001
5	0.024292651	-0.01972198	-0.040708116	0.031730245	0.064931646
153	0	PRM %breakages with > 5 frags detected
6	-1e+09	0	0.2	0.25	0.40000001	0.5
7	0.048640671	0.17521676	0.014490637	-0.010312241	-0.05996406	-0.13429719	-0.1544575
154	0	PRM %breakages with dual orientation frags
5	-1e+09	0.40000001	0.5	0.75	0.80000001
6	-0.06303994	-0.10025895	-0.092056023	-0.078547338	-0.043268354	0.085105495
155	0	PRM #orientation switches
2	-1e+09	0
3	0.094965823	0.094965823	-0.11258634
157	0	COMP PPP frag 1 obs_ratio
8	-1e+09	0.2	0.40000001	0.5	0.60000002	0.66666669	0.75	0.80000001
9	0.15205581	0.33370999	0.32299477	0.2197275	0.28347544	0.11562218	0.0044245699	0.30930821	-0.13111329
158	0	COMP PPP frag 2 obs_ratio
4	-1e+09	0	0.2	0.60000002
5	-0.027798765	-0.024685755	0	-0.14516426	-0.037726254
159	0	COMP PPP frag 3 obs_ratio
3	-1e+09	0	0.60000002
4	-0.028675585	-0.048761481	-0.10489374	0
161	0	COMP PPP MOBILE sum ranks of missed 1-5
13	-1e+09	17	20	22	24	31	34	40	46	48	50	56	60
14	-0.037150487	-0.05087744	-0.058925799	-0.043080031	0.011571925	-0.098169639	-0.084954309	-0.16115927	-0.14565427	-0.13519364	-0.037769972	-0.0014076339	0.057111578	0.060273185
162	0	COMP PPP PARTMOBILE sum ranks of missed 1-5
3	-1e+09	43	53
4	-0.0054705234	-0.0054705234	0.0091259864	-0.0054705234
164	0	COMP PPP sum ranks of missed 1-5
13	-1e+09	17	19	20	25	28	29	33	35	37	43	49	52
14	-0.06171008	-0.15064223	-0.2478737	-0.13602355	-0.11307641	-0.10136699	-0.054633605	-0.10972702	-0.033261328	0.07315722	-0.002379309	0.086552837	0.15403616	0.11019015
165	0	COMP PPP MOBILE sum ranks of missed 6-10
13	-1e+09	40	45	55	57	59	63	65	69	75	80	85	90
14	0.13499044	0.13499044	-0.060483303	-0.073503655	-0.058928314	-0.070643871	-0.087738182	-0.069319094	-0.043142998	-0.002733112	-0.0045788774	0.049661358	0.10610036	0.13499044
166	0	COMP PPP PARTMOBILE sum ranks of missed 6-10
3	-1e+09	55	69
4	-0.026130698	-0.026130698	0.030776407	-0.026130698
168	0	COMP PPP sum ranks of missed 6-10
3	-1e+09	59	63
4	0.007907429	0.007907429	-0.0044623225	0.007907429
169	0	COMP PPP MOBILE sum ranks of missed 11-15
3	-1e+09	90	100
4	-0.0076912464	-0.021334254	0.012951727	-0.00096690689
173	0	COMB PPP observed rank of predicted rank 1
8	-1e+09	0	1	2	3	4	6	8
9	0.018417822	0.12455889	0.15500791	0.091156573	0.051363348	-0.067473599	-0.13048467	-0.1907897	-0.31054331
174	0	COMB PPP observed rank of predicted rank 2
6	-1e+09	0	2	3	5	6
7	-0.014670663	-0.014670663	0.1400279	0.094635785	0.020171802	-0.046378656	-0.056183545
175	0	COMB PPP observed rank of predicted rank 3
5	-1e+09	4	5	6	7
6	0.0050879015	0.048503196	0.045108282	-0.0048945626	-0.018247305	-0.036219972
176	0	COMB PPP observed rank of predicted rank 4
4	-1e+09	2	3	7
5	-0.0060438174	-0.0060438174	-0.0021936248	0.0024019475	-0.0060438174
177	0	COMB PPP observed rank of predicted rank 5
7	-1e+09	0	2	4	5	6	10
8	-0.069317247	-0.05726796	0.073450488	0.027352696	0.0059122148	-0.006465672	-0.032010332	-0.078715645
178	0	COMB PPP observed rank of predicted rank 6
9	-1e+09	0	1	4	5	6	7	8	10
10	-0.057977906	-0.057977906	-0.018318501	0.012535025	0.018766685	0.03055087	0.055635351	0.012864004	0.0032162337	-0.057977906
179	0	COMB PPP observed rank of predicted rank 7
3	-1e+09	0	8
4	0.0056961995	0.018810419	0.0044863851	-0.013410911
180	0	COMB PPP predicted rank of observed rank 1
4	-1e+09	1	5	6
5	-0.016808446	-0.016808446	-0.002203899	0.0075678286	-0.016808446
181	0	COMB PPP predicted rank of observed rank 2
5	-1e+09	1	4	5	10
6	0.0037169749	0.0037169749	-6.6424903e-05	-0.0019210804	-0.021894708	0.0037169749
182	0	COMB PPP predicted rank of observed rank 3
5	-1e+09	0	5	8	11
6	0.012211769	0.021932026	0.029657787	0.010044396	-0.019063553	-0.013665168
183	0	COMB PPP predicted rank of observed rank 4
5	-1e+09	2	3	7	10
6	-0.0063426103	0.035753599	0.014728999	0.012470096	-0.025384865	-0.013529229
184	0	COMB PPP predicted rank of observed rank 5
5	-1e+09	3	6	7	8
6	-0.03269167	0.017303787	0.007256706	-0.056116337	-0.06544761	-0.055890572
185	0	COMB PPP predicted rank of observed rank 6
7	-1e+09	0	2	5	7	10	13
8	-0.057480384	-0.057480384	-0.02348699	0.0092529242	0.012578643	0.010811916	0.012578643	-0.057480384
186	0	COMB PPP predicted rank of observed rank 7
3	-1e+09	10	13
4	0.0029106414	0.0080199097	-0.019647643	0.00059836718
187	0	COMB PPP rank of missed #1
9	-1e+09	0	1	2	3	4	5	6	7
10	0.088187263	-0.18466256	-0.17020947	-0.095945659	0.026108994	0.16037465	0.13963976	0.19707602	0.21456247	0.25261435
188	0	COMB PPP rank of missed #3
4	-1e+09	3	9	12
5	0.018372194	0.018372194	-0.028805285	-0.026639793	0.018372194
189	0	COMB PPP rank of missed #5
5	-1e+09	7	8	11	12
6	-0.0014867431	-0.0014867431	-0.014519125	0.0080592789	0.01001862	-0.0014867431
190	0	COMB PPP rank of missed #7
6	-1e+09	8	9	10	12	17
7	-0.013534196	-0.013534196	0.0030975911	0.02956195	0.027804411	-0.017653749	-0.013534196
196	0	COMB PPP delta score #1
13	-1e+09	0	0.21710396	0.55700493	0.76977885	0.9950819	1.1569519	1.3188226	1.4015826	1.5833964	2.0322461	2.5294096	3.1276546
14	-0.24265739	0.14857873	0.24251996	0.22318107	0.20075071	0.088450237	0.11940375	0.068821508	-0.012408162	-0.043275769	-0.055681615	-0.1452238	-0.21848956	-0.43232516
197	0	COMB PPP delta score #2
14	-1e+09	-0.98418021	-0.25321865	-0.042261481	0.05513835	0.25673175	0.32436776	0.60156703	0.87132335	0.93553007	1.1904838	1.8327348	2.0814726	2.2359152
15	-0.098345916	0.119498	0.021283188	0.04337734	0.095386693	0.13096469	0.12002373	0.057969149	0.014864144	-0.0067264686	-0.06726392	-0.14910022	-0.21251518	-0.26020924	-0.32222125
198	0	COMB PPP delta score #3
23	-1e+09	-1.5145962	-1.229313	-1.011903	-0.69808066	-0.085795641	-0.0039430857	0.074309349	0.20763409	0.27368546	0.53109872	0.71030867	0.82712579	0.88407934	0.94186431	1.1862833	1.2506452	1.3170706	1.4615505	1.543561	1.7253881	1.8294083	2.1310451
24	-0.23523084	-0.16963429	-0.085672172	-0.044560376	-0.032076096	-0.058809555	-0.038199221	-0.025582654	-0.027352467	-0.0061640781	-0.009757121	-0.068847387	-0.17887451	-0.18455329	-0.20731182	-0.24018742	-0.24858079	-0.2641532	-0.27999064	-0.28315341	-0.30015898	-0.24350003	-0.27212533	-0.28937794
199	0	COMB PPP delta score #4
13	-1e+09	-1.3316047	-1.1352855	-0.82974637	-0.11867118	0.13947296	0.32060647	0.49085188	0.59903884	0.74947464	0.95067775	1.3107841	1.3828849
14	-0.16844957	-0.11818281	-0.057960512	-0.065254975	-0.023160672	0.028151019	0.025404718	-0.036051	-0.10395969	-0.084549968	-0.12495067	-0.16010821	-0.22596883	-0.23176825
200	0	COMB PPP delta score #5
18	-1e+09	-1.436784	-0.79312789	-0.5686115	-0.37468839	0	0.095128894	0.2600947	0.31193453	0.36491507	0.66011184	0.7040199	0.93838704	0.98828542	1.0421894	1.2966174	1.4604586	1.7051504
19	-0.026133964	-0.026133964	0.019894329	0.055098906	0.029565385	0.04460667	0.028900649	-0.030659761	-0.086977866	-0.044614124	-0.015477818	-0.060034371	-0.06373584	-0.036441591	-0.013004202	-0.0039702091	-0.0057756821	0.016308537	-0.026133964
201	0	COMB PPP delta score #6
15	-1e+09	-1.863258	-1.5159338	-1.2904482	-0.95159936	-0.42362797	-0.11732894	-0.051241279	0.10012472	0.25116074	0.29917014	0.3467052	0.65213484	0.69469613	0.82952881
16	-0.099369644	-0.099369644	-0.069389788	-0.038477181	0.071764893	0.012942757	0.026704781	-0.034076429	-0.06400481	-0.036715928	0.0059284952	-0.052187453	-0.094072444	-0.067226402	-0.092989504	-0.099369644
202	0	COMB PPP delta score #7
11	-1e+09	-1.9462788	-1.1399803	-0.84901226	-0.16328669	-0.10060698	0.10803425	0.32462066	0.48547405	0.68632179	0.86847109
12	-0.013240299	-0.013240299	-0.0022708743	0.0013464015	0.060570138	0.05445305	0.040297687	-0.0025590165	-0.01362387	-0.051197761	-0.040925228	-0.013240299
203	0	COMB PPP dot prod pred-obs top 15
9	-1e+09	0	0.34016135	0.47286436	0.53431803	0.58788234	0.62971503	0.73227185	0.77002645
10	0.0086436417	-0.021695216	-0.063317228	0.032753674	0.02213022	0.081102754	0.1195605	0.12135892	0.10509644	0.079717988
204	0	COMB PPP dot prod obs-pred top 15
16	-1e+09	0.29061881	0.34939766	0.35616773	0.41828066	0.44016618	0.46179646	0.49347755	0.50707436	0.52294171	0.53477031	0.54748088	0.55885291	0.56694722	0.60637456	0.74145585
17	0.0094515976	-0.072480085	-0.054859935	-0.03136016	-0.0067897244	0.028426517	0.024630836	0.016808175	0.038824206	0.042800686	0.066466671	0.0092099416	-0.0073583062	-0.027577674	0.036573745	0.018982044	0.022644056
205	0	COMB PPP dot prod pred-obs top 30
10	-1e+09	0	0.28883404	0.32011744	0.3307831	0.38856897	0.41537401	0.42118371	0.45513973	0.48920166
11	0.073612838	0.0091574512	-0.042978182	-0.03941717	-0.057645779	0.011373681	0.020521349	0.032517349	0.097884308	0.087551461	0.10048772
206	0	COMB PPP dot prod obs-pred top 30
8	-1e+09	0.18855755	0.27138674	0.28558886	0.29962	0.32017511	0.34696645	0.37226006
9	-0.0037117895	-0.0037117895	0.00085001202	0.012143714	0.010237379	0.0075756201	0.0099025477	-0.013472696	-0.0037117895
207	0	COMB PPP dot prod pred-obs top 45
10	-1e+09	0	0.22822993	0.25294933	0.2613771	0.30703813	0.32821885	0.33280951	0.35964078	0.38655573
11	0.0019028952	-0.0095673383	-0.017389296	-0.0097087749	-0.013579543	-0.0055609639	-0.0016015035	0.0023416735	0.012156238	0.0063079603	0.0098995355
208	0	COMB PPP dot prod obs-pred top 45
10	-1e+09	0.17914328	0.21444348	0.22566564	0.23675272	0.25299489	0.26810053	0.2741648	0.29415122	0.31089118
11	-0.010907666	-0.010907666	0.0056126123	0.034909731	0.02876798	0.013979357	0.019548126	0.026419136	-0.016942953	-0.0045616799	-0.010907666
