3 3
1  0.000 1.000 1000000000.000
4 0 1 3 5
1 0
1 4
1 13
0 29
1 29
1 45
0 90
1 90
0 156
1 156
0
209
121
5	0	TRYP #num missed tryp terminals
2	-1e+09	0
3	0.1411704	0.1411704	-0.17578934
8	0	TRYP #frags at digest when C-term is K
4	-1e+09	2	3	5
5	-0.062507633	-0.07794217	-0.038903032	-0.07794217	-0.039039139
9	0	TRYP #frags at digest when C-term is other
5	-1e+09	1	3	4	6
6	-0.029145061	0.0181502	-0.034884788	-0.088692075	-0.15630365	-0.09654404
13	0	ANN PEAK diff from org pm_with_19
16	-1e+09	-3.0976562	-2.6975098	-2.2976074	-1.6901855	-1.590332	-1.4902344	-1.3898926	-1.1901855	-0.89013672	-0.7902832	-0.68994141	-0.48999023	-0.28295898	0.009765625	0.31689453
17	-0.16808608	-0.046854854	0.22184322	0.36626699	0.39976563	0.34859569	0.33940574	0.26768638	0.21654036	0.19557502	0.12100515	0.059856692	-0.065788448	-0.095676896	-0.27324898	-0.34554048	-0.31577882
15	0	ANN PEAK %ann intensity
14	-1e+09	0.0062341774	0.0254388	0.03068503	0.036161348	0.056562271	0.09036798	0.098064505	0.12292502	0.13231301	0.16568498	0.18649217	0.26303735	0.33654907
15	-0.21031015	-0.21031015	-0.052226677	0.062991521	0.09942801	0.12796975	0.099710037	0.0045546129	-0.026768235	-0.064456079	-0.13734275	-0.12685575	-0.13104773	-0.13758402	-0.21031015
16	0	ANN PEAK %ann peaks
15	-1e+09	0.028985508	0.036764707	0.044444446	0.048387095	0.062015504	0.066176474	0.06818182	0.073529415	0.078431375	0.089552239	0.10810811	0.11034483	0.11940298	0.13235295
16	0.050261589	-0.092398402	-0.20297582	-0.16639949	-0.062545649	-0.058400974	-0.013616152	0.012883498	-0.0021496039	-0.030781086	-0.024627747	-0.028676998	0.051267355	0.016514492	0.11101463	0.15698625
17	0	ANN PEAK #ann in top 25
5	-1e+09	0	1	4	8
6	0.074947689	0.10402172	0.038984526	-0.035175931	-0.071332677	0.04529282
18	0	ANN PEAK #ann in top half (up to 50)
10	-1e+09	2	3	4	5	8	9	11	12	13
11	0.12945565	-0.13918715	-0.17898526	-0.14445321	-0.11175984	0.043497616	0.13564978	0.14267502	0.20648716	0.20880653	0.30377646
19	0	ANN PEAK #ann in top third - #ann in mid third
9	-1e+09	-3	-1	0	1	3	5	7	8
10	0.019926494	0.019926494	-0.016376355	-0.0081252607	-0.026499839	-0.0059792734	-0.0099861237	-0.059971668	0.0050972424	0.015642629
20	0	ANN PEAK #ann in top third - #ann in last third
8	-1e+09	-4	-1	1	2	4	6	9
9	0.071089509	0.071089509	0.07751212	-0.028332147	-0.060839079	-0.051686672	-0.029260101	0.01121245	0.071089509
21	0	ANN PEAK #ann in mid third - #ann in last third
9	-1e+09	-3	-1	0	1	2	3	6	7
10	-0.02479191	-0.08686946	-0.023621186	0.0020710491	0.01193159	0.053427051	0.017361619	0.051855592	0.061017054	0.069283171
22	0	ANN PEAK #y annotated
4	-1e+09	0	1	3
5	0.021625528	0.021625528	0.011207575	-0.018261412	0.021625528
23	0	ANN PEAK #b annotated
3	-1e+09	1	3
4	-0.0070452709	-0.0070452709	0.011061454	-0.0070452709
24	0	ANN PEAK #b-H2O annotated
3	-1e+09	0	2
4	0.043728828	0.043728828	-0.048354868	0.043728828
25	0	ANN PEAK #y2 annotated
3	-1e+09	1	3
4	0.0093926049	0.020027472	-0.01329326	0.0072838604
26	0	ANN PEAK #y-H2O annotated
2	-1e+09	1
3	0.0087255183	0.02647239	-0.017816677
27	0	ANN PEAK #b2 annotated
4	-1e+09	0	1	3
5	0.074597536	0.071984108	-0.0045669441	-0.11278406	0.076968056
28	0	ANN PEAK #a annotated
2	-1e+09	0
3	-0.077689757	-0.077689757	0.055449121
29	0	PEAK OFF y num frags detected
4	-1e+09	0	1	3
5	0.012634242	0.0079840065	0	-0.0041061268	0.012634242
30	0	PEAK OFF y max self offset
15	-1e+09	0.017101288	0.032482147	0.057086945	0.08436203	0.11998367	0.13399124	0.14094925	0.23316574	0.25138474	0.30225754	0.32542801	0.33735275	0.38782883	0.45228195
16	-0.061117421	-0.061117421	-0.014019606	0.071966709	0.11002287	0.16357595	0.24948876	0.2640067	0.27077754	0.13209366	0.094961466	0.09692763	0.06065587	-0.02418018	-0.07519663	-0.12052661
31	0	PEAK OFF y avg self offset
19	-1e+09	0.015824636	0.026966095	0.047527313	0.062814713	0.067668915	0.076791763	0.085929871	0.099539436	0.12328529	0.12862015	0.15708542	0.19163895	0.19951248	0.21696091	0.23548508	0.25577417	0.29505539	0.34550476
20	0.05949487	0.05949487	0.073692335	0.052567859	0.048169893	-0.0040644059	-0.04426113	-0.10252507	-0.081211173	-0.13254405	-0.14333842	-0.23144926	-0.1709028	-0.14930129	-0.14526145	-0.14920887	-0.22884965	-0.14748515	-0.056964615	0.035411748
37	0	PEAK OFF b num frags detected
8	-1e+09	0.021741033	0.16978729	0.21973908	0.33250701	0.46253693	0.49305451	3
9	0.066479768	0.092992663	0.16831157	0.12411468	0.059395116	0.00080416642	0.011172878	0.11203522	0.066479768
38	0	PEAK OFF b max self offset
10	-1e+09	0.10020721	0.12227768	0.19263947	0.23066437	0.27403533	0.32435334	0.37128937	0.39598358	0.43467987
11	-0.031772965	-0.012186334	-0.010151533	-0.025195544	0.030900786	-0.018831018	-0.034620885	-0.040876553	-0.020383137	-0.014345439	-0.037855583
39	0	PEAK OFF b avg self offset
10	-1e+09	0.04916982	0.062628329	0.068243302	0.093652189	0.15649688	0.17963429	0.21538524	0.29442108	0.30708039
11	0.015404742	-0.10586246	-0.19214497	-0.19631922	-0.23181935	-0.31619198	-0.33321746	-0.27261327	-0.19502447	-0.016046867	0.10943532
46	0	PEP COMP end cat C (len 3)
11	-1e+09	1	2	4	5	8	9	10	12	13	16
12	-0.30421445	-0.60531474	-0.58512615	-0.45805675	-0.4284149	-0.22870733	-0.21402025	-0.20007823	-0.13985242	-0.1291529	0.042384027	0.0064328749
54	0	PEP COMP before cat score 1
7	-1e+09	10	11	14	15	17	19
8	-0.035114522	-0.058886847	-0.084804381	0.0099337533	0.042487394	-0.017192817	0.055472663	0.011208892
55	0	PEP COMP after cat score 1
12	-1e+09	1	4	10	11	12	14	15	16	17	18	19
13	0.0073668959	0.036683538	0.1026587	0.087810762	0.10506543	0.13682336	0.013783756	-0.1418423	0.057256263	0.13011685	0.050955804	0.027950473	-0.010107493
56	0	PEP COMP span cat score 1
10	-1e+09	3	4	5	7	9	12	15	17	19
11	-0.04634944	-0.086765541	-0.063480823	-0.13609025	-0.024721631	-0.00017416398	-0.0092944435	-0.039171067	0.029653761	-0.0097921308	-0.034339598
57	0	PEP COMP before cat score 2
10	-1e+09	5	8	10	12	14	15	17	18	19
11	-0.14722364	-0.13871446	-0.11623854	-0.18225651	-0.1706738	-0.23731494	-0.3100473	-0.056181065	-0.17845669	-0.10676134	-0.15514279
58	0	PEP COMP after cat score 2
6	-1e+09	7	12	13	14	19
7	0.0050731332	0.0050731332	0.075431276	-0.1304781	-0.013654961	0.041302323	0.0050731332
59	0	PEP COMP span cat score 2
10	-1e+09	2	5	6	12	13	15	16	17	19
11	-0.010794354	-0.010794354	-0.047508904	-0.0093727094	-0.026489512	-0.042605646	-0.036540063	-0.023909463	-0.049551508	-0.035018601	-0.010794354
67	0	PEP COMP #aa R
2	-1e+09	1
3	0.0084337454	0.0084337454	0
68	0	PEP COMP #aa N
2	-1e+09	1
3	-0.030207851	-0.030207851	0
71	0	PEP COMP #aa Q
2	-1e+09	1
3	-0.074791757	-0.43015032	-0.59338589
72	0	PEP COMP #aa E
1	-1e+09
2	0	-0.15463565
73	0	PEP COMP #aa G
2	-1e+09	1
3	0.081251076	0.12653908	0.27473129
75	0	PEP COMP #aa L
2	-1e+09	1
3	-0.0047326537	0	-0.047470919
76	0	PEP COMP #aa K
2	-1e+09	1
3	-0.010465701	0	-0.033389571
77	0	PEP COMP #aa M
1	-1e+09
2	0	0.22746727
78	0	PEP COMP #aa F
1	-1e+09
2	0	-0.15249545
79	0	PEP COMP #aa P
2	-1e+09	1
3	0.0532834	0.47831004	0.59396637
80	0	PEP COMP #aa S
1	-1e+09
2	0	0.020975665
81	0	PEP COMP #aa T
2	-1e+09	1
3	-0.013779835	-0.013779835	0
83	0	PEP COMP #aa Y
2	-1e+09	1
3	0.07935311	0.081938996	0
84	0	PEP COMP #aa V
2	-1e+09	1
3	-0.011450863	-0.011450863	0
102	0	PRM -N/C delta mass
14	-1e+09	-0.76973724	-0.59375	-0.40883636	-0.31282043	-0.24993896	-0.040756226	0.05745697	0.12573242	0.23155975	0.30060577	0.45694733	0.64568329	0.8065567
15	-1.0114827	-1.3248399	-0.33236472	0.43827586	0.57498944	0.70888976	0.76549931	0.88026224	0.88265535	0.89987762	0.86483146	0.28871201	0.22279227	-0.031211465	-0.6323778
104	0	PRM -N/C average breakage score
4	-1e+09	-2.0253148	3.0046685	6.2512784
5	-0.044110919	-0.049767118	-0.041798024	0	-0.038121243
105	0	PRM -N/C normalized average breakage score
3	-1e+09	1.2230985	1.5004091
4	-0.019234737	-0.039677404	-0.0080341993	0
106	0	PRM -N/C path score
4	-1e+09	18.917482	34.01313	42.307808
5	-0.024961656	-0.096831017	-0.18963177	-0.039421746	0
107	0	PRM -N/C average path score
3	-1e+09	3.1529138	5.6688552
4	0	-0.0042150554	-0.0082097019	0
108	0	PRM -N/-C delta mass
22	-1e+09	-0.89814758	-0.75984192	-0.65319061	-0.37406921	-0.31083679	-0.28339386	-0.19921875	-0.16519165	-0.14983368	-0.077400208	-0.049156189	-0.019081116	0.013298035	0.048339844	0.06703186	0.15945435	0.29042816	0.33403778	0.61459351	0.72803497	0.84568787
23	-0.4884982	-0.4884982	-0.2495864	-0.22560787	-0.08142001	0.12775888	0.21620581	0.15678653	0.19716312	0.21664304	0.26204438	0.20546789	0.22330358	0.237844	0.21436188	0.18838703	0.1576851	0.17483387	0.11895122	-0.0098722997	-0.099354443	-0.15479587	-0.4884982
109	0	PRM -N/-C total breakage score
10	-1e+09	-21.434757	-18.068172	3.1047778	7.7869587	12.056569	16.09495	22.255836	25.564405	37.1763
11	0.0062251704	0.0062251704	0.0040995851	-9.7909956e-05	0.003972265	0.001933135	-0.00016445805	0.001874672	-0.0043715675	-7.3582614e-05	0.0062251704
110	0	PRM -N/-C average breakage score
8	-1e+09	-2.2692993	-1.4752023	1.8863389	3.8514786	4.0760326	5.2304559	6.5771842
9	-0.072840934	-0.072840934	-0.015276702	0.031399779	0.024744114	0.02701634	0.042906491	0.045024662	-0.072840934
111	0	PRM -N/-C normalized average breakage score
12	-1e+09	-3.5724595	-3.0113621	-1.4669977	0.51746297	1.2978264	2.0094283	2.6824915	3.709306	4.2607341	4.6622319	6.1960502
13	0.016641232	0.016641232	-0.030461272	-0.034746239	-0.025134552	-0.0035697539	-0.0057657428	-0.065203593	-0.054428346	-0.094689456	-0.056948287	-0.021704312	0.016641232
112	0	PRM -N/-C path score
10	-1e+09	22.091896	32.743279	38.092552	38.634258	40.344101	45.717896	50.509949	56.914627	59.694515
11	0.010034978	0.018475798	0.0075715941	0.022210301	0.0060776541	0.0010370353	-0.030242055	-0.046584866	-0.048631406	-0.039961944	-0.0095155334
113	0	PRM -N/-C average path score
13	-1e+09	3.6819828	4.8796992	5.3653946	5.4572129	6.2596965	6.3487587	6.7240167	7.6196494	8.4183245	9.1436605	9.4857712	9.9490862
14	-0.02150497	-0.012364809	-0.023109755	-0.063799051	-0.10558194	-0.077742551	-0.14029811	-0.16464942	-0.19761379	-0.20433806	-0.20638344	-0.1551014	-0.11919575	-0.034933432
114	0	PRM path score
14	-1e+09	-22.932688	-13.432456	-3.0707963	6.7531404	11.369898	14.065957	16.930782	28.397442	31.487263	33.35614	35.413982	37.863167	41.091476
15	-0.053739604	-0.0578087	-0.085913061	-0.07095808	-0.074968195	-0.068266542	-0.089022915	0.011282547	0.032465182	0.070793083	0.061058267	0.026535987	-0.017084869	-0.0047245783	-0.049726735
115	0	PRM total breakage score
16	-1e+09	19.717096	21.647463	25.037317	28.609436	29.800474	32.501331	36.147957	41.288673	43.30954	47.462734	49.579361	52.243393	53.899429	55.990597	58.722652
17	0.23898191	0.23898191	0.20255465	0.071981154	-0.03144241	-0.06481931	-0.12388489	-0.13382108	-0.1280208	-0.035155331	-0.022854987	0.0051603021	0.060886748	0.094263648	0.1184617	0.13805616	0.23898191
116	0	PRM SeqPath rank
19	-1e+09	0	1	2	3	4	5	6	10	13	17	18	25	30	42	44	50	60	67
20	-0.61348471	0.14319801	-0.14449234	-0.25041449	-0.29047159	-0.37739929	-0.37294483	-0.46087851	-0.458366	-0.40944092	-0.54338374	-0.51602779	-0.57919504	-0.59239239	-0.56724586	-0.58259289	-0.68562325	-0.67067072	-0.72805375	-0.68298084
117	0	PRM multipath score
14	-1e+09	31.328381	37.201675	38.319897	40.450932	42.074577	43.769932	45.500443	46.762573	47.43544	51.0425	54.8246	58.728642	65.258324
15	0.036990105	0.036990105	0.063028033	0.026140516	0.012300408	-0.019140275	-0.050404236	-0.042071656	-0.082825673	-0.015710338	-0.0088386855	0.0050014232	0.00068700953	-0.020755165	0.036990105
118	0	PRM delta score
20	-1e+09	1.7846489	3.506218	4.2302513	5.4884872	7.130785	7.6459503	9.0757408	9.9740067	10.404678	11.263527	12.075104	12.469652	13.269508	13.677189	14.077913	18.034817	18.547064	20.224094	25.13942
21	0.28303565	0.38510743	0.38310018	0.3311901	0.30317381	0.13252383	0.24270327	0.33149223	0.33350635	0.30575141	0.26213945	0.24861457	0.1294494	0.099634996	0.072188935	0.056795108	-0.00087074544	0.0054219921	-0.064998781	-0.26126395	-0.25230451
119	0	PRM rank, delta score<=1.5
2	-1e+09	1
3	0	0.090089391	0
120	0	PRM rank, 1.5<delta score<=7.5
6	-1e+09	3	5	6	7	13
7	3.2627378e-05	3.2627378e-05	-0.0069612368	0.03875694	0.055635784	0.0027991633	3.2627378e-05
121	0	PRM rank, 7.5<delta score<=15
9	-1e+09	4	12	17	20	25	30	33	48
10	-0.21138488	-0.27271964	-0.26647338	-0.28579461	-0.19457851	-0.14183214	-0.15482235	-0.019236464	-0.061263477	-0.14518425
122	0	PRM rank, delta score>15
6	-1e+09	20	50	54	58	60
7	-0.25800233	-0.25800233	-0.26362361	-0.071762674	0	-0.083901932	-0.25800233
128	0	PRM tag, rank if in top 20-all
16	-1e+09	0	1	2	3	6	8	11	16	20	28	37	42	68	90	136
17	0.027920905	0.10214458	-0.0010455036	-0.070529139	-0.046191909	-0.08122675	-0.12706224	-0.072780328	-0.13024	-0.15688763	-0.081182708	-0.089913416	-0.10030408	-0.14619336	-0.20758281	-0.15082584	-0.097951979
133	0	PRM breakage score min 1
12	-1e+09	-22.33156	-18.219507	-16.289995	-8.8835001	-7.482305	-6.1870694	-4.9358125	-3.7193775	-1.6911435	2.6647816	3.5645628
13	0.01938343	-0.01287656	-0.0089577652	-0.015162391	0.018702855	0.028271273	0.049103556	0.042747143	0.024869806	0.046771309	0.014675016	0.041970573	0.050237823
134	0	PRM breakage score min 2
14	-1e+09	-8.1264534	-6.567327	-4.7910113	-1.8531837	-0.87902737	0.65301031	1.0904592	1.3161678	1.7775795	1.97901	5.5987754	6.1033125	8.4529114
15	0.26063498	0.18406581	0.12904649	0.14410547	0.11906894	0.12524656	0.18874165	0.28939935	0.17382083	0.2447583	0.20052874	0.30916292	0.40175908	0.43893985	0.39573267
135	0	PRM breakage score min 3
9	-1e+09	-9.7905378	-5.9442234	-3.2503929	-0.39788845	2.0616748	3.4101255	4.989573	7.9296546
10	-0.031216755	-0.043333747	-0.06555617	-0.12261524	-0.080455402	-0.12569597	-0.12163337	-0.025059741	0.019214397	0.011439289
136	0	PRM breakage score min consecutive 3
19	-1e+09	-30.966415	-20.925802	-18.755863	-15.13656	-12.201081	-10.94392	-6.4285331	-4.50283	-0.25407091	0.50702041	2.0065053	3.5236206	5.0081849	5.728178	9.5426865	10.352213	12.908976	22.744459
20	0.23861784	0.27301253	0.28985542	0.24023827	0.32542556	0.26545298	0.28524344	0.29757114	0.23600175	0.2599886	0.23234774	0.26985095	0.24099522	0.16440467	0.21459455	0.20189282	0.27156529	0.17253191	0.15905056	0.19038126
137	0	PRM breakage score max consecutive 3
17	-1e+09	-6.5695496	-4.5569215	-1.3904647	2.0607114	4.0382786	11.29011	13.426209	14.122266	16.305563	19.79829	20.566143	21.329082	22.10565	23.685953	26.47859	29.761448
18	0.16958113	0.22748593	0.23373461	0.19171458	0.32728664	0.29972309	0.29585333	0.28148733	0.25360069	0.2293231	0.18093594	0.27957926	0.26931182	0.23245418	0.13512026	0.13183004	0.054027442	0.12487371
138	0	PRM breakage score min consecutive 2
17	-1e+09	-21.713186	-17.175442	-15.987266	-12.780308	-7.9317622	-6.5276284	-5.246767	-2.7747469	-1.0413799	0.036209106	1.6759198	5.2753496	7.523488	8.4184818	10.531176	13.663054
18	0.074579602	0.076632654	0.11054935	-0.020445434	-0.028841253	0.032892235	-0.085355277	-0.11061767	-0.082847925	0.011310385	-0.032361444	-0.036074554	-0.041729483	-0.061684468	-0.059616629	-0.046195004	0.061594873	0.066257326
139	0	PRM breakage score max consecutive 2
16	-1e+09	-2.8525324	-0.80901599	3.6706188	5.1954641	6.6358714	8.4951305	9.0805902	9.6634321	10.201431	11.252595	15.170982	16.592588	20.775219	21.421692	26.028545
17	-0.071386558	-0.017478396	-0.0072491479	-0.04068973	0.052094887	-0.060662641	0.088427778	0.075588622	0.061004303	0.09449343	0.05655636	-0.038024984	-0.028247604	0.0025080529	-0.024006333	-0.068037753	-0.10705594
141	0	PRM #breakage scores 0 - -10
3	-1e+09	1	2
4	0.010017065	0.010017065	0	0.010017065
142	0	PRM #breakage scores 0 - 8
3	-1e+09	0	3
4	-0.0020820405	-0.0020820405	0	-0.0020820405
143	0	PRM #breakage scores 8 - 15
2	-1e+09	1
3	-0.0060423002	-0.024950827	0.029563182
144	0	PRM #breakage scores above 15
3	-1e+09	0	1
4	0.008815432	0.008815432	-0.0058762339	0.008815432
146	0	PRM %breakage scores below 0
4	-1e+09	0.25	0.40000001	0.75
5	-0.0026867307	-0.0026867307	0.047057796	-0.028875893	-0.023117869
150	0	PRM Score connected to C-terminal
5	-1e+09	1.4467121	1.7935953	1.978904	4.4625483
6	0.0060133842	-0.033175371	0.019802644	0.034530895	0.097888855	0.083465117
151	0	PRM %breakages with 1 frag detected
2	-1e+09	0
3	-0.14513787	0	-0.15412686
152	0	PRM %breakages with 2 frag detected
5	-1e+09	0	0.2	0.40000001	0.5
6	-0.047963596	-0.047963596	-0.06519399	0.022576268	0.0048886094	-0.047963596
153	0	PRM %breakages with > 5 frags detected
4	-1e+09	0	0.2	0.25
5	-0.035666965	0.14201232	0.086921252	-0.13887612	-0.21089664
154	0	PRM %breakages with dual orientation frags
8	-1e+09	0.2	0.25	0.40000001	0.5	0.60000002	0.75	0.80000001
9	0.085240713	0.054078425	0.17828423	0.013350221	-0.046790449	-0.10359161	-0.051631014	-0.024227198	0.096605918
155	0	PRM #orientation switches
2	-1e+09	0
3	0.019092849	0.022163133	-0.014093748
157	0	COMP PPP frag 1 obs_ratio
7	-1e+09	0	0.2	0.40000001	0.60000002	0.66666669	0.80000001
8	0.1667747	0.1667747	0.10158756	0.014994233	0.074944094	0.059949861	0.15178047	0.1667747
158	0	COMP PPP frag 2 obs_ratio
5	-1e+09	0.33333334	0.40000001	0.60000002	0.75
6	0.1802072	0.18975899	0.098532292	0.030065081	0.18975899	0.15969391
159	0	COMP PPP frag 3 obs_ratio
5	-1e+09	0	0.2	0.40000001	0.60000002
6	-0.022526289	-0.022526289	-0.012185544	-0.21653179	-0.23860962	-0.010340745
161	0	COMP PPP MOBILE sum ranks of missed 1-5
9	-1e+09	13	16	26	27	33	36	39	50
10	0.13283311	0.084927193	-0.015592217	-0.01767008	0.029171456	0.098478486	0.10660135	0.13923366	0.18713958	0.13283311
165	0	COMP PPP MOBILE sum ranks of missed 6-10
3	-1e+09	40	59
4	0	0	-0.0060724203	0
169	0	COMP PPP MOBILE sum ranks of missed 11-15
3	-1e+09	65	95
4	0	0	-0.0081573613	0
173	0	COMB PPP observed rank of predicted rank 1
7	-1e+09	1	2	3	4	5	7
8	0.16803832	0.20653477	0.13490941	0.040176604	-0.02381286	-0.064779739	-0.23168864	-0.036794702
174	0	COMB PPP observed rank of predicted rank 2
5	-1e+09	0	1	2	7
6	0.0097558269	0.047244045	0.053978756	0.047244045	-0.016439435	-0.006734711
175	0	COMB PPP observed rank of predicted rank 3
3	-1e+09	1	3
4	-0.037173075	-0.022131548	0.047442429	-0.051458369
176	0	COMB PPP observed rank of predicted rank 4
3	-1e+09	1	6
4	-0.035947189	-0.035947189	0	-0.035947189
177	0	COMB PPP observed rank of predicted rank 5
4	-1e+09	0	3	5
5	-0.010647227	-0.010647227	-0.006257638	0.0079339331	-0.010647227
178	0	COMB PPP observed rank of predicted rank 6
3	-1e+09	2	5
4	0	0	0.0021217683	0
179	0	COMB PPP observed rank of predicted rank 7
2	-1e+09	3
3	-0.0078264975	-0.037001317	0
180	0	COMB PPP predicted rank of observed rank 1
2	-1e+09	1
3	0.044328756	0.044328756	0
181	0	COMB PPP predicted rank of observed rank 2
3	-1e+09	1	10
4	0.026468676	0.026468676	-0.027636293	0.026468676
182	0	COMB PPP predicted rank of observed rank 3
5	-1e+09	0	1	3	4
6	-0.033205257	-0.01445164	0.01630298	0.042868483	0.033521505	-0.051353462
183	0	COMB PPP predicted rank of observed rank 4
7	-1e+09	1	2	3	5	7	12
8	0.072498071	0.072498071	0.083997248	0.075573491	0.013771112	-0.089522165	-0.033064256	0.072498071
184	0	COMB PPP predicted rank of observed rank 5
4	-1e+09	2	6	7
5	-0.030767409	-0.030767409	0.016748099	-0.051840362	-0.030767409
185	0	COMB PPP predicted rank of observed rank 6
7	-1e+09	0	2	3	6	9	11
8	-0.056677289	-0.059159513	-0.067965741	-0.013945508	0.024304359	0.013285622	-0.05094983	-0.056677289
186	0	COMB PPP predicted rank of observed rank 7
3	-1e+09	1	3
4	-0.0082087189	-0.0082087189	0.0044708028	-0.0082087189
187	0	COMB PPP rank of missed #1
7	-1e+09	1	2	3	4	5	7
8	0.072347762	-0.27835446	-0.16730657	-0.12748439	-0.012172549	0.03658262	0.06028778	0.15758556
188	0	COMB PPP rank of missed #3
3	-1e+09	2	7
4	0.007804431	0.007804431	-0.0069441558	0.007804431
189	0	COMB PPP rank of missed #5
3	-1e+09	5	12
4	0.060908407	0.060908407	-0.024900026	0.060908407
190	0	COMB PPP rank of missed #7
4	-1e+09	7	9	13
5	0.012326724	0.012326724	0.0057706753	-0.013004531	0.012326724
196	0	COMB PPP delta score #1
11	-1e+09	0	0.076037407	0.2911191	0.41442192	0.66894382	0.85759377	1.2987392	1.4947357	1.6135302	1.9528527
12	-0.21933265	0.020357173	0.03068017	0.007599006	0.043272443	-0.042030445	-0.15276169	-0.1574601	-0.20683721	-0.18826912	-0.20254728	-0.39298989
197	0	COMB PPP delta score #2
14	-1e+09	-0.86790657	-0.37625003	-0.28802013	-0.13341093	-0.0030276775	0.12343216	0.38937807	0.43503499	0.52720869	0.67707872	1.7326686	1.9385489	2.2111404
15	0.22190127	0.33024736	0.3509075	0.28371778	0.27437757	0.29642786	0.37560046	0.4165736	0.41226169	0.30547059	0.27511211	0.21048381	0.11800031	0.10124842	0.07652993
198	0	COMB PPP delta score #3
13	-1e+09	-1.213382	-0.25274086	-0.074852586	0.066286206	0.11379409	0.16148424	0.35494947	0.50812876	0.56305361	0.61915982	1.2159771	1.7549498
14	0.044370442	0.2198214	0.30447667	0.20112645	0.21515118	0.2283226	0.23600779	0.23943589	0.26477079	0.19536876	0.15745381	0.17669147	0.084239719	-0.11491103
199	0	COMB PPP delta score #4
14	-1e+09	-1.431895	-0.94073725	-0.42668581	-0.2862283	-0.046241522	0.16000736	0.32060099	0.43141758	0.60789549	0.73419917	0.87097669	0.94774556	1.3972433
15	-0.081781157	-0.074280626	0.083182258	0.12931576	0.070271001	0.083294892	0.15062697	0.18460923	0.17573833	0.1608392	0.20426935	0.15813585	0.15409399	0.027438426	-0.096436856
200	0	COMB PPP delta score #5
16	-1e+09	-1.744464	-1.3591939	-1.114043	-0.69117475	-0.49884939	-0.27045131	-0.13687682	-0.016617894	0	0.10713792	0.15354586	0.43600202	0.71019489	0.77011693	0.83566487
17	-0.1053311	-0.1053311	-0.042547023	-0.034297697	0.049970693	0.10040645	0.11796721	0.11156758	0.1050687	0.11095076	0.10821931	0.070642519	-0.011724661	0.010114223	0.018495509	-0.035168782	-0.1053311
201	0	COMB PPP delta score #6
9	-1e+09	-1.8080392	-1.1446534	-0.6421926	-0.48882592	0.21816814	0.48072565	0.72888172	2.1006048
10	-0.0065707227	-0.0065707227	0.1170431	0.14423929	0.079905006	0.11486117	0.084787958	-0.0040609733	0.0069323379	-0.0065707227
202	0	COMB PPP delta score #7
14	-1e+09	-1.0549632	-0.81136477	-0.71549428	-0.48408717	-0.35719287	-0.29731679	-0.23813546	0.14104569	0.37894541	0.50274509	0.70796812	0.86657846	1.7896769
15	-0.0065349058	-0.0065349058	0.026144939	0.060547796	0.14201244	0.16081683	0.17244159	0.1806836	0.1866229	0.17184046	0.12958706	0.13164512	0.10804712	0.027085585	-0.0065349058
203	0	COMB PPP dot prod pred-obs top 15
11	-1e+09	0.28540549	0.39835224	0.43147212	0.43912724	0.47776094	0.49220824	0.55322975	0.56703603	0.57351416	0.58984923
12	0.021389575	0.021389575	0.017097646	0.019083359	0.010091443	-0.0024085139	-0.016864811	-0.014808862	0.0087649384	0.025431237	0.023375288	0.021389575
204	0	COMB PPP dot prod obs-pred top 15
10	-1e+09	0.13192874	0.36610702	0.38809982	0.42661843	0.44181076	0.48853961	0.49528939	0.53552854	0.56092417
11	0.027137103	0.027137103	0.047017784	0.02798744	0.0021086874	-0.0005405507	-0.028148375	-0.021289742	0.029774371	0.013014292	0.027137103
205	0	COMB PPP dot prod pred-obs top 30
14	-1e+09	0.15431257	0.2407276	0.2584565	0.26641828	0.29929453	0.30997795	0.31940356	0.33149678	0.33507702	0.34794953	0.37606245	0.41077781	0.46240568
15	0.0021719042	0.0021719042	0.016299311	0.044985031	0.054900198	0.057178478	0.08797012	0.013075913	0.017096383	0.012218784	-0.029976674	-0.066595871	-0.086371208	-0.064030057	0.0021719042
206	0	COMB PPP dot prod obs-pred top 30
9	-1e+09	0.08559721	0.23753534	0.25180459	0.28665298	0.31697133	0.32135066	0.34745839	0.36393544
10	-0.0029162759	-0.0029162759	0.0040676245	-0.00051798245	-0.0025960208	-0.0051790289	-0.0025782871	0.0019734106	-0.0050282235	-0.0029162759
207	0	COMB PPP dot prod pred-obs top 45
16	-1e+09	0.12193418	0.14632101	0.19021733	0.20422629	0.2105175	0.22513367	0.23649555	0.24493735	0.25238523	0.26194102	0.26477003	0.27494159	0.29715577	0.32458702	0.36538216
17	-0.0093425703	-0.0093425703	-0.0031510896	-0.012103822	0.018502408	0.029027573	0.035268407	0.033103864	0.06276326	0.016846054	0.032558309	0.023941845	-0.013160389	-0.079128294	-0.095944546	-0.083983653	-0.0093425703
208	0	COMB PPP dot prod obs-pred top 45
10	-1e+09	0.067636915	0.18769488	0.19897011	0.21871774	0.2265065	0.25046334	0.2539238	0.27455351	0.28757328
11	0.088214909	0.026984366	0.041106437	0.015943417	-0.0052887937	-0.0085472696	-0.030610235	-0.025608348	0.082011727	0.074959478	0.088214909
