1 0
1  0.000 1.000 1000000000.000
4 0 1 2 8
1 0
1 4
1 13
0 29
1 29
1 45
0 90
1 90
0 156
1 156
0
209
139
5	0	TRYP #num missed tryp terminals
2	-1e+09	0
3	0.21899841	0.21899841	-0.24133198
6	0	TRYP C-term AA
6	-1e+09	5	7	9	10	15
7	0.27415593	0.27415593	-0.072753298	-0.49982516	-0.28724632	0.28731151	0.27415593
7	0	TRYP #frags at digest when C-term is R
4	-1e+09	1	3	5
5	0	0	0.044110851	0.027137134	0
8	0	TRYP #frags at digest when C-term is K
3	-1e+09	0	2
4	-0.28355636	-0.38156651	0.017153584	0.078103831
9	0	TRYP #frags at digest when C-term is other
6	-1e+09	2	3	4	5	8
7	0.053404707	0.068967727	0.12530809	0.077802189	0.10230695	0.099634563	0.024504756
12	0	TRYP AA at N-terminal When C-term is other
9	-1e+09	4	7	11	14	15	17	18	22
10	-0.09872069	-0.09872069	-0.093098674	-0.63741458	-0.19919778	-0.23470856	-0.47870029	-0.47947596	-0.41734388	-0.09872069
13	0	ANN PEAK diff from org pm_with_19
15	-1e+09	-2.3487549	-2.2485962	-2.0487061	-1.9487305	-1.3486328	-0.95587158	-0.9486084	-0.75610352	-0.048583984	0.2512207	0.35131836	0.35137939	0.65136719	0.95861816
16	-0.34143211	-0.15124126	0.17098529	0.19465824	0.096825602	0.21491964	0.078359646	0.18180366	0.067711545	0.3830789	0.45807326	0.35261889	0.18133296	0.11884026	-0.4736947	-0.52634632
15	0	ANN PEAK %ann intensity
18	-1e+09	0.10201085	0.13348815	0.1515958	0.1848889	0.22343886	0.24605913	0.2692275	0.27709514	0.28502718	0.3267813	0.33543739	0.35354045	0.39414313	0.44566193	0.47820708	0.52067262	0.58180338
19	0.037210639	0.044635587	0.034198874	0.0097612724	0.042838565	0.08016713	0.092089504	-0.024064608	-0.10109832	-0.093146927	-0.0056216314	-0.015428321	-0.017933648	0.008837015	-0.0012914211	0.024689427	0.046492042	0.021807163	0.033996458
16	0	ANN PEAK %ann peaks
19	-1e+09	0.078571431	0.093023255	0.1	0.10958904	0.11538462	0.12820514	0.14583333	0.14851485	0.16666667	0.17045455	0.1779661	0.18181819	0.18656716	0.19642857	0.23170732	0.25373134	0.26881722	0.28813559
20	0.16204218	0.18713204	0.19773504	0.049212833	0.0081154741	-0.037455775	-0.033379958	-0.024194306	-0.076139355	-0.087489373	-0.069881926	-0.035723274	-0.10283393	-0.13381359	-0.13855885	-0.091560943	-0.061640113	-0.0076158795	0.12233167	0.13247289
17	0	ANN PEAK #ann in top 25
8	-1e+09	3	6	8	10	11	12	14
9	-0.068282411	-0.23766396	-0.14421157	-0.10958714	-0.066519238	-0.0084565212	0.073417451	0.089722577	0.22399523
18	0	ANN PEAK #ann in top half (up to 50)
15	-1e+09	9	11	12	13	14	16	17	18	19	20	21	22	23	24
16	0.0044668714	-0.39072469	-0.24295258	-0.19967034	-0.093237536	-0.024597444	0.079704792	0.13756206	0.17396997	0.22019251	0.25185693	0.3470652	0.35229587	0.36213585	0.39841522	0.44045574
19	0	ANN PEAK #ann in top third - #ann in mid third
13	-1e+09	-5	-3	-1	1	2	5	6	7	8	9	12	14
14	0.087049751	0.087049751	-0.0065706757	-0.015633361	-0.047144975	-0.084784131	-0.095126884	-0.10002574	-0.055836974	-0.048421718	0.0036334716	0.030284526	0.076922151	0.087049751
20	0	ANN PEAK #ann in top third - #ann in last third
11	-1e+09	0	2	4	6	7	8	10	13	14	15
12	0.082611126	0.078633183	0.0090666329	-0.0060950687	-0.027494849	0.0049487047	-0.026759796	-0.098441328	-0.0029440414	0.03754219	0.051603329	0.090970004
21	0	ANN PEAK #ann in mid third - #ann in last third
7	-1e+09	3	4	6	8	9	11
8	-0.0035351318	-0.076211739	-0.07991286	-0.045257688	5.0945333e-06	0.025219203	0.029581445	0.057080392
22	0	ANN PEAK #y annotated
3	-1e+09	2	3
4	0.014121852	0.014121852	-0.017663999	0.014121852
23	0	ANN PEAK #b annotated
4	-1e+09	0	2	3
5	0.046603487	0.094677072	0.063302386	-0.1542851	-0.083165394
24	0	ANN PEAK #b-H2O annotated
5	-1e+09	0	1	2	3
6	0.1389841	0.28585659	0.00050745794	-0.10714966	-0.25511692	-0.11146646
26	0	ANN PEAK #y-H2O annotated
3	-1e+09	0	1
4	-0.016102719	0.046940965	0.002105045	-0.10068364
28	0	ANN PEAK #a annotated
3	-1e+09	0	1
4	-0.054362968	-0.17006625	-0.10994516	0.11937086
29	0	PEAK OFF y num frags detected
3	-1e+09	2	3
4	0.0047719912	0.0047719912	0	0.0047719912
30	0	PEAK OFF y max self offset
18	-1e+09	0.020015717	0.035839081	0.045360565	0.054157257	0.06697464	0.079357147	0.083515167	0.10047531	0.10493088	0.12708664	0.14210129	0.14735794	0.17792892	0.18510818	0.24339676	0.25855637	0.27647781
19	-0.16371749	-0.13983124	-0.089278907	-0.093235478	-0.0168666	-0.029924513	0.036198179	0.025680181	0.036533722	0.074446633	0.065750618	0.11670173	0.10133424	0.04220953	-0.071052155	-0.098689332	-0.15157235	-0.19714913	-0.20027844
31	0	PEAK OFF y avg self offset
19	-1e+09	0.029071808	0.03862381	0.053020477	0.055756886	0.061415356	0.064258575	0.067123413	0.079171501	0.089038849	0.09254837	0.09620285	0.10810471	0.13184738	0.14377213	0.19888432	0.21414058	0.25914383	0.29793167
20	0.075628951	0.075628951	0.074074869	-0.043535568	0.0336874	-0.017778111	-0.051340386	-0.071617051	-0.10944963	-0.11182968	0.033145341	-0.0059063066	-0.075034559	-0.22063334	-0.1205539	-0.126214	-0.10965732	-0.066340255	0.03314117	0.035941096
36	0	PEAK OFF y grab offset #3
2	-1e+09	3
3	0.0067029425	0.020962797	-0.01122795
37	0	PEAK OFF b num frags detected
14	-1e+09	0.033032537	0.052411199	0.10584748	0.11622345	0.12678254	0.15965545	0.16557586	0.17186248	0.2079953	0.22630584	0.25987518	2	3
15	-0.10565753	-0.10565753	-0.072507609	-0.07485761	-0.0047087976	-0.015658438	-0.057760976	-0.05540218	-0.06719003	-0.089277709	-0.15227274	-0.15568088	-0.15838421	-0.16823408	-0.10565753
38	0	PEAK OFF b max self offset
20	-1e+09	0.017417908	0.031071067	0.035940707	0.040100098	0.05433929	0.067085467	0.083096623	0.089813232	0.096814275	0.10769419	0.12417368	0.14354217	0.15487437	0.16096771	0.16763031	0.17452769	0.25196564	0.27228567	0.29876983
21	-0.18885276	-0.17765908	-0.10450518	-0.076940603	-0.074319292	-0.064405982	-0.083878269	-0.10464958	-0.13352473	-0.15889103	-0.1628688	-0.12663613	-0.1183454	-0.10931831	-0.10330613	-0.11168713	-0.088131174	-0.10589034	-0.15910907	-0.19444504	-0.20349523
39	0	PEAK OFF b avg self offset
7	-1e+09	0.044824321	0.047747493	0.066201627	0.085876465	0.10970835	0.31449616
8	0.026516695	0.026516695	0.013083284	0.011519501	-0.10187529	-0.12120966	-0.16339059	0.026516695
45	0	PEP COMP start cat N (len 3)
9	-1e+09	1	3	8	9	12	13	14	18
10	0.13285814	-0.26209679	-0.16088046	-0.013443865	0.069363414	0.17527328	0.33449053	0.4168172	0.44217959	0.53591893
46	0	PEP COMP end cat C (len 3)
7	-1e+09	4	6	13	14	17	18
8	-0.12646415	-0.27404775	-0.21087401	-0.19290393	-0.096007219	-0.067600771	-0.088218917	-0.015656456
54	0	PEP COMP before cat score 1
9	-1e+09	3	5	8	9	11	13	14	19
10	-0.092887279	-0.092887279	-0.046754902	-0.039941968	-0.08501696	-0.1634437	-0.042513735	-0.022940733	0.025967722	-0.092887279
55	0	PEP COMP after cat score 1
8	-1e+09	5	7	10	15	17	18	19
9	-0.094051848	-0.08418164	-0.028136707	0.048209648	-0.033221895	0.072856611	-0.066005693	-0.044048121	-0.11675583
56	0	PEP COMP span cat score 1
9	-1e+09	4	5	6	9	12	16	18	19
10	0.043978483	0.043978483	-0.02543597	0.015854796	0.0037379166	-0.077863915	-0.050331985	-0.0055084142	0.010155364	0.043978483
57	0	PEP COMP before cat score 2
7	-1e+09	7	8	12	16	17	18
8	0.076326663	0.089889296	0.062047138	0.022792326	0.033298198	0.12942534	-0.060361463	0.057107218
58	0	PEP COMP after cat score 2
9	-1e+09	1	5	8	10	12	15	16	19
10	0.00055819777	0.00055819777	0.040695643	0.1523648	0.13819827	0.098303624	0.0086887178	0.06855228	0.12504504	0.00055819777
59	0	PEP COMP span cat score 2
13	-1e+09	1	2	4	5	8	9	10	12	14	16	17	19
14	0.0057394052	0.038958509	0.13935924	-0.027873498	-0.072468276	-0.08324443	-0.028932254	-0.027280973	-0.011879468	0.01727621	0.022196485	-0.033354013	-0.04098607	-0.017526945
68	0	PEP COMP #aa N
2	-1e+09	1
3	-0.026118209	-0.026118209	0
69	0	PEP COMP #aa D
2	-1e+09	1
3	0.19034315	0.19034315	0
70	0	PEP COMP #aa C
1	-1e+09
2	0	0.071227565
71	0	PEP COMP #aa Q
2	-1e+09	1
3	-0.071862872	-0.59208697	-0.73790473
73	0	PEP COMP #aa G
1	-1e+09
2	0	0.054243297
76	0	PEP COMP #aa K
2	-1e+09	1
3	0	0	-0.029748101
77	0	PEP COMP #aa M
1	-1e+09
2	0	0.14106794
78	0	PEP COMP #aa F
2	-1e+09	1
3	-0.058906855	-0.21973206	-0.33054629
79	0	PEP COMP #aa P
1	-1e+09
2	0	0.36747854
81	0	PEP COMP #aa T
1	-1e+09
2	0	-0.0147609
84	0	PEP COMP #aa V
1	-1e+09
2	0	0.0094425177
96	0	PRM N/-C delta mass
8	-1e+09	-0.83413696	-0.61865234	-0.053291321	-0.041152954	0.034744263	0.078727722	0.19231415
9	-0.036333858	-0.036333858	0.15802766	0.066772476	0.050330892	0.0057538057	0.041973387	-0.06413946	-0.036333858
97	0	PRM N/-C total breakage score
7	-1e+09	-53.839409	-48.306362	-14.25503	2.2475815	3.8658805	13.945866
8	-0.0038142996	-0.0038142996	0.06248141	0.060923814	0.076990681	0.065387311	0.053032632	-0.0038142996
99	0	PRM N/-C normalized average breakage score
7	-1e+09	-8.9732351	-8.0510607	-2.3758383	0.37459692	0.6443134	2.324311
8	0.00076264684	0.00076264684	0.048870372	0.047303539	0.060281626	0.044415286	0.04245098	0.00076264684
100	0	PRM N/-C path score
9	-1e+09	7.1279573	26.384758	28.741846	34.514824	35.266464	37.564728	39.154137	43.576622
10	-0.022314273	-0.0079130079	0.072077365	0.092126898	0.0406996	0.025435665	-0.0067611907	-0.01556277	-0.022876226	-0.040289008
101	0	PRM N/-C average path score
9	-1e+09	1.1879929	4.3974595	4.7903075	5.7524705	5.8777442	6.260788	6.5256896	7.2627702
10	0.00071331483	0.02052111	0.11659527	0.13174307	0.082454688	0.066002004	0.017304186	0.0085140029	-0.0078709643	-0.033090126
102	0	PRM -N/C delta mass
15	-1e+09	-0.85614014	-0.44557953	-0.10292053	-0.057662964	-0.036140442	-0.030075073	0.010604858	0.016036987	0.053901672	0.10336304	0.11380005	0.15945435	0.18784332	0.25675964
16	-0.32364983	-0.44457871	-0.34900302	0.13331638	0.17812475	0.26052362	0.3404444	0.35616427	0.44526975	0.44850575	0.41944163	0.40749089	0.29644179	0.18374316	0.080927229	-0.21097039
103	0	PRM -N/C total breakage score
6	-1e+09	-49.720173	-32.798584	-28.494965	1.2621717	8.3715906
7	-0.042232585	-0.042232585	-0.048005722	-0.0019555748	-0.078194282	-0.070930816	-0.042232585
104	0	PRM -N/C average breakage score
9	-1e+09	-25.333254	-15.743632	-12.749273	-10.161698	-8.3601074	-0.23955314	0.35662818	4.6063476
10	-0.054487504	-0.054487504	-0.069834649	-0.065867286	-0.11263504	-0.039535276	-0.022358464	-0.012190797	0.024578832	-0.054487504
105	0	PRM -N/C normalized average breakage score
4	-1e+09	-5.4664307	-4.7491608	1.3952651
5	-0.0076151286	-0.0076151286	0	-0.012493515	-0.0076151286
106	0	PRM -N/C path score
10	-1e+09	21.89896	30.389765	41.621449	48.501041	49.503986	61.559341	63.070511	64.706291	80.752541
11	-0.041720513	-0.041720513	-0.078116258	-0.061211594	-0.071649102	-0.08627159	-0.087950586	-0.055713794	-0.073205023	-0.086628793	-0.041720513
107	0	PRM -N/C average path score
10	-1e+09	3.6498268	5.064961	6.9369082	8.0835066	8.2506647	10.259891	10.511752	10.784382	13.458756
11	-0.029906432	-0.029906432	-0.061777369	-0.054587858	-0.055378465	-0.06016839	-0.062717001	-0.031957122	-0.048982471	-0.057268792	-0.029906432
108	0	PRM -N/-C delta mass
10	-1e+09	-0.25634766	-0.19979095	-0.17021179	-0.12321472	-0.083122253	-0.020118713	0.023506165	0.058006287	0.24893951
11	0.0088269365	0.0088269365	0.10429152	0.12259404	0.16562566	0.18587954	0.065347865	0.073596349	0.077549956	-0.033352197	0.0088269365
109	0	PRM -N/-C total breakage score
5	-1e+09	-80.00589	-69.738007	14.417223	23.006048
6	0.023474312	0.023474312	0.021915012	-0.020524011	-0.014726849	0.023474312
110	0	PRM -N/-C average breakage score
6	-1e+09	-12.129159	-10.083075	-4.8880935	2.0666194	4.9914894
7	-0.015065266	-0.015065266	0.041631806	-0.015987903	-0.044508559	-0.031981225	-0.015065266
111	0	PRM -N/-C normalized average breakage score
6	-1e+09	-13.334315	-11.623001	1.6029345	2.4028704	3.8343413
7	0.065390122	0.065390122	0.062192124	-0.037379843	-0.0032777086	0.0043528519	0.065390122
112	0	PRM -N/-C path score
6	-1e+09	36.39603	40.667816	51.57711	71.320999	75.427803
7	-0.0058246139	-0.046824843	-0.036410724	-0.0075367242	0.015531501	0.021626738	0.058086976
113	0	PRM -N/-C average path score
6	-1e+09	6.0660052	6.7779694	8.5961847	11.886833	12.571301
7	0.052397269	-0.022180419	-0.0038440776	0.075387985	0.10257886	0.10611042	0.1181799
114	0	PRM path score
17	-1e+09	-68.625412	-54.378868	-48.561848	-43.341461	-38.436764	-31.659651	-21.246414	-19.203297	-15.146426	-9.0907021	-7.0868111	-3.027637	9.8083096	17.486788	27.500221	31.77429
18	0.005816956	0.005816956	-0.011788944	-0.01099683	-0.016183167	-0.029736642	-0.12020735	-0.021039922	-0.018664208	0.0063041789	0.062526998	0.0015557657	-0.012725919	0.04425612	0.055843863	0.016529989	0.015754798	0.005816956
115	0	PRM total breakage score
22	-1e+09	14.020451	20.567608	22.148695	23.573833	29.400387	31.376331	32.343739	34.206135	38.702068	39.599014	41.383823	43.216511	47.046005	50.149715	53.610321	60.683434	62.460335	66.649979	69.255302	72.457245	76.690216
23	0.17325892	0.17325892	0.078355562	-0.0448385	-0.072036507	-0.10472437	-0.11903054	-0.096873606	-0.037351033	-0.14855551	-0.10839859	-0.20520866	-0.23669385	-0.24133709	-0.28630604	-0.28947644	-0.25514545	-0.12498561	-0.1496603	-0.13468191	-0.11851506	-0.064241594	0.17325892
116	0	PRM SeqPath rank
9	-1e+09	0	1	2	9	11	31	41	50
10	-0.10462657	0.038556038	0.032556042	-0.11062656	-0.11888148	-0.084625056	-0.083041261	-0.19373032	-0.13729981	-0.10462657
117	0	PRM multipath score
14	-1e+09	13.724127	21.340271	23.634409	28.834438	32.700989	40.133957	42.059853	44.956429	49.883614	50.89518	54.116615	56.414425	67.009979
15	0.021338278	-0.099066598	-0.069539524	-0.059071065	-0.0047507414	-0.023796085	0.00014557191	-0.033122129	0.04223068	0.1624579	0.15177383	0.1391024	0.069127652	0.12257826	0.14399634
118	0	PRM delta score
15	-1e+09	0	1.4055901	3.7857513	5.8864098	10.750412	16.158318	17.926376	18.776611	22.132751	22.957497	25.373775	27.768913	34.550251	36.407707
16	0.6630068	0.6630068	0.43608038	0.46801647	0.42334418	0.39161797	0.33836976	0.27441467	0.13537885	0.089825683	0.031767515	-0.035658193	0.085164138	0.085948602	-0.027048302	-0.3015651
119	0	PRM rank, delta score<=1.5
1	-1e+09
2	0	0.095569666
120	0	PRM rank, 1.5<delta score<=7.5
3	-1e+09	5	9
4	0.007162822	0.007162822	0	0.007162822
121	0	PRM rank, 7.5<delta score<=15
4	-1e+09	2	8	12
5	-0.057382127	-0.064423338	-0.14618526	0	-0.050510517
122	0	PRM rank, delta score>15
8	-1e+09	5	8	16	22	31	34	41
9	-0.014670197	-0.067854558	-0.067082021	-0.087918093	-0.20411416	-0.096524496	-0.12129146	-0.090014788	0.029304313
123	0	PRM tag, percent in top 5 denovo
4	-1e+09	0.2	0.60000002	0.80000001
5	-0.10965881	-0.17445161	-0.075555945	-0.053112008	0.048819166
124	0	PRM tag, percent in top 20 denovo
10	-1e+09	0.1	0.15000001	0.2	0.25	0.40000001	0.55000001	0.60000002	0.80000001	0.89999998
11	0.2863597	0.055725736	-0.002311697	0.089905966	0.02098802	0.086066623	0.13683834	0.11473134	0.2860636	0.28898105	0.35026979
125	0	PRM tag, percent in all denovo
12	-1e+09	0.02	0.039999999	0.059999999	0.079999998	0.1	0.14	0.16	0.2	0.23999999	0.5	0.69999999
13	0.18555905	-0.016988945	0.064119689	0.12842502	0.13521786	0.25421147	0.31268732	0.345592	0.32075727	0.43322938	0.50990545	0.52177564	0.45536162
126	0	PRM tag, rank if in top 5
13	-1e+09	0	1	2	3	4	6	9	14	30	35	42	52
14	0.037615845	0.48776535	0.46105153	0.43524799	0.40087226	0.36747153	0.36221104	0.3250519	0.19286864	0.19598734	0.19997631	0.28098576	-0.053342124	-0.035480962
127	0	PRM tag, rank if in top 5-20
8	-1e+09	1	4	5	6	7	9	18
9	-0.11253416	-0.16905734	-0.066688441	-0.06130882	-0.049825746	-0.021389684	-0.01522087	0	-0.058330295
128	0	PRM tag, rank if in top 20-all
14	-1e+09	0	1	2	3	4	5	10	11	12	15	19	21	24
15	0.57864012	0.56163577	0.34595293	0.3534567	0.31983953	0.35995195	0.50550872	0.5087156	0.47275239	0.38453095	0.3502992	0.18646402	0.22804057	0.31344771	0.3764011
130	0	PRM delta num breakage scores (missing)
3	-1e+09	1	2
4	-0.044798135	-0.044798135	0.02934618	-0.044798135
133	0	PRM breakage score min 1
15	-1e+09	-45.800861	-41.825878	-37.125954	-36.003727	-34.872459	-33.694424	-31.479931	-28.381231	-19.854374	-15.873572	-10.468659	-9.3322802	-5.3117166	-0.19012168
16	0.026878832	0.026878832	-0.057329376	-0.026963397	0.046214086	0.034064271	0.026511993	-0.00095633932	-0.020565948	-0.04375263	0.016412929	0.045022339	0.074124645	0.075699509	0.012786199	0.026878832
134	0	PRM breakage score min 2
13	-1e+09	-42.106564	-31.088844	-24.177334	-17.274416	-16.299784	-14.458201	-12.760405	-11.107165	-7.2951074	-3.0070932	4.3635049	7.1377792
14	0.059125705	0.059125705	0.10539981	0.071422877	-0.012184989	0.0037395791	0.040521212	0.0034592362	-0.034660947	-0.045605292	0.044345834	0.039031475	0.0079320894	0.059125705
135	0	PRM breakage score min 3
8	-1e+09	-13.059072	-3.5517106	-0.92841482	1.525203	2.0512412	5.1029191	9.5403214
9	-0.14329808	-0.14329808	-0.12940846	-0.094530961	-0.12963051	-0.11069041	-0.035099552	-0.1110135	-0.14329808
136	0	PRM breakage score min consecutive 3
20	-1e+09	-91.572739	-73.812157	-59.55949	-54.125641	-42.529739	-34.540108	-30.746271	-27.161959	-25.375919	-23.641392	-16.564657	-14.795105	-13.003934	-11.152336	0.26435328	4.562007	6.883626	11.925609	26.729877
21	0.022628392	0.074033003	0.047637224	0.040044677	0.09202332	0.11500708	0.120676	0.1045745	-0.035117143	-0.018524757	0.0023326788	0.013398494	0.011716667	-0.01297465	0.0097229866	0.029113238	-0.0007753478	-0.023560827	-0.058199271	-0.018134887	-0.024517938
137	0	PRM breakage score max consecutive 3
12	-1e+09	-80.252594	-68.985733	-38.224934	-35.515141	-30.583172	-22.057577	-6.0142536	0.37678099	5.0726061	14.946755	32.158092
13	-0.02116733	-0.02116733	0.050067377	0.020407788	0.049582087	0.060823138	0.01397057	0.028314452	0.046797649	-0.0073255115	-0.047000427	-0.05306279	-0.02116733
138	0	PRM breakage score min consecutive 2
15	-1e+09	-86.691185	-72.696976	-56.057526	-49.574753	-44.054398	-39.066719	-36.08477	-34.574066	-31.685692	-24.663906	-14.761293	-11.888478	-3.7245746	9.7025938
16	-0.070971083	-0.067471183	-0.0085356322	0.048743262	0.02037515	0.045429628	-0.012597179	0.078790069	0.10294536	0.11369558	0.058374308	-0.043268071	-0.079128084	-0.11106862	-0.075243403	-0.070971083
139	0	PRM breakage score max consecutive 2
15	-1e+09	-11.85706	-5.5918341	-4.2092638	-1.632809	0.77399588	4.158154	9.2325544	10.170283	15.030376	16.000515	19.837244	26.715359	29.868324	31.935471
16	-0.071252337	-0.035901212	0.014392977	0.075782032	0.12093643	0.075806437	-0.023210316	-0.0027945673	-0.026752706	0.076207998	-0.031682323	-0.028540324	0.03930248	-0.0043384762	-0.044800264	-0.11446171
141	0	PRM #breakage scores 0 - -10
4	-1e+09	0	1	2
5	-0.024543493	-0.024543493	0.0090582787	-0.022872283	-0.024543493
142	0	PRM #breakage scores 0 - 8
4	-1e+09	0	1	2
5	-0.011946802	-0.011946802	0.019519441	-0.034229143	-0.011946802
143	0	PRM #breakage scores 8 - 15
2	-1e+09	1
3	-0.0037012344	-0.010460754	0.0079962911
145	0	PRM %breakage scores below -10
6	-1e+09	0	0.2	0.25	0.40000001	0.5
7	-0.023914177	-0.023914177	0.005475609	0.024830618	-0.0085551386	-0.036861472	-0.023914177
146	0	PRM %breakage scores below 0
5	-1e+09	0.60000002	0.66666669	0.75	0.80000001
6	0.011186222	0.011186222	0.0059711271	0.0031286945	-0.011109407	0.011186222
147	0	PRM %breakage scores above 0
5	-1e+09	0	0.25	0.33333334	0.60000002
6	0.0025530859	0.0025530859	-0.011552859	-0.0081027206	0.0081798439	0.0025530859
148	0	PRM %breakage scores above 8
5	-1e+09	0	0.25	0.33333334	0.5
6	0.06007284	0.06007284	0.076828102	-0.067318378	0.066902437	0.06007284
149	0	PRM Score connected to N-terminal
12	-1e+09	-0.48516807	0.12759534	0.6468879	1.9937145	3.3775401	4.0330791	5.0259676	6.9487238	8.5773993	11.400376	14.565744
13	-0.060840919	-0.060840919	-0.055617781	-0.017687952	0.032902266	0.19240375	0.077417062	0.074236819	0.066681761	-0.020741414	-0.094032531	-0.013675336	-0.060840919
150	0	PRM Score connected to C-terminal
12	-1e+09	-0.98954713	0.79245847	2.486475	6.5661206	7.9272323	9.461812	11.693638	12.595219	13.426835	13.965991	14.958253
13	0.4464974	0.4464974	0.22613871	0.39011902	0.45143228	0.3978568	0.37052177	0.47287972	0.39766004	0.30126921	0.36452544	0.41247003	0.4464974
151	0	PRM %breakages with 1 frag detected
3	-1e+09	0	0.25
4	-0.0418349	-0.080717084	0.022580125	0.067285786
152	0	PRM %breakages with 2 frag detected
4	-1e+09	0	0.2	0.25
5	-0.051134805	-0.09278731	0.015597289	0.10651494	0.077519768
153	0	PRM %breakages with > 5 frags detected
6	-1e+09	0	0.2	0.25	0.40000001	0.5
7	-0.016733771	0.06746697	0.05424081	0.032006661	-0.027660942	-0.061565148	-0.085025823
154	0	PRM %breakages with dual orientation frags
7	-1e+09	0	0.2	0.25	0.40000001	0.60000002	0.75
8	-0.058281175	-0.257469	-0.2141203	-0.22077545	-0.044078383	0.028941051	0.22758472	0.22913486
155	0	PRM #orientation switches
3	-1e+09	0	1
4	0.013957785	0.022232393	-0.0055859694	-0.012916757
157	0	COMP PPP frag 1 obs_ratio
7	-1e+09	0	0.25	0.33333334	0.40000001	0.66666669	0.80000001
8	0.17436933	0.17436933	0.21040712	0.0090922342	0.047232009	0.12481194	0.098542129	0.17673897
158	0	COMP PPP frag 2 obs_ratio
8	-1e+09	0	0.25	0.33333334	0.60000002	0.66666669	0.75	0.80000001
9	0.54530078	0.69274634	0.51825339	0.26711094	0.1461212	0.31402839	0.29510663	0.49868694	0.40175598
159	0	COMP PPP frag 3 obs_ratio
9	-1e+09	0	0.2	0.25	0.33333334	0.40000001	0.60000002	0.66666669	0.80000001
10	0.13796333	0.17370466	0.32134874	0.35987401	0.22606662	0.22998897	0.26000084	0.34726422	0.20768778	0.10595251
161	0	COMP PPP MOBILE sum ranks of missed 1-5
6	-1e+09	16	28	29	42	49
7	-0.00097582341	-0.00097582341	0	-0.14554328	-0.14869776	-0.012942006	-0.00097582341
162	0	COMP PPP PARTMOBILE sum ranks of missed 1-5
13	-1e+09	21	23	28	33	35	38	41	42	43	56	59	60
14	0.2415379	0.22799541	0.11107146	0.080874605	0.040236323	0.05889382	0.088414227	0.15134601	0.15041492	0.11811101	0.11110969	0.13178588	0.24713277	0.25283957
163	0	COMP PPP NONMOBILE sum ranks of missed 1-5
4	-1e+09	21	29	32
5	0.17823867	0.035294651	0.31078097	0.27548632	0.31078097
164	0	COMP PPP sum ranks of missed 1-5
8	-1e+09	26	27	28	33	37	53	60
9	-0.001720379	-0.001720379	0.011137651	0.036716438	0.0044851651	0.035765244	-0.0036062012	-0.0027982839	-0.001720379
166	0	COMP PPP PARTMOBILE sum ranks of missed 6-10
4	-1e+09	75	85	90
5	0.053160825	0.053160825	0	0.00083200602	0.053160825
168	0	COMP PPP sum ranks of missed 6-10
3	-1e+09	54	67
4	-0.0032789561	-0.0032789561	0.0049109569	-0.0032789561
173	0	COMB PPP observed rank of predicted rank 1
6	-1e+09	0	1	2	4	5
7	0.038801962	0.29174617	0.31694007	0.24114247	0.1244512	0.051634594	-0.22221232
174	0	COMB PPP observed rank of predicted rank 2
8	-1e+09	0	1	2	3	5	6	9
9	0.06175546	0.16795404	0.18181315	0.16202238	0.13872697	0.048960053	-0.080436324	-0.19227324	-0.083895564
175	0	COMB PPP observed rank of predicted rank 3
8	-1e+09	0	1	2	3	6	7	11
9	0.01601648	0.033836662	0.099850358	0.12439855	0.12134029	0.11903996	-0.059084401	-0.10076728	-0.0047333007
176	0	COMB PPP observed rank of predicted rank 4
7	-1e+09	0	5	6	7	8	10
8	-0.024681246	0.059867853	0.08985543	0.045725252	0.021099711	-0.061245458	-0.06644453	-0.094011769
177	0	COMB PPP observed rank of predicted rank 5
6	-1e+09	1	2	4	7	10
7	-0.018257869	0.0073831731	0.023883436	0.032612345	0.050659355	-0.060224271	-0.047711411
178	0	COMB PPP observed rank of predicted rank 6
5	-1e+09	2	3	5	9
6	-0.044175943	-0.044175943	-0.0044937928	0.01175366	0.034800896	-0.044175943
179	0	COMB PPP observed rank of predicted rank 7
8	-1e+09	0	1	3	4	5	9	11
9	-0.11054148	-0.11054148	-0.03572383	-0.021171553	0.034144168	0.020080281	0.015000525	-0.029618201	-0.11054148
180	0	COMB PPP predicted rank of observed rank 1
5	-1e+09	0	1	4	5
6	-0.035966614	-0.025973878	-0.019575184	0.048406034	0.01348345	-0.044052111
181	0	COMB PPP predicted rank of observed rank 2
3	-1e+09	3	6
4	0.0016395002	0.054444851	0.028215383	-0.05291726
182	0	COMB PPP predicted rank of observed rank 3
4	-1e+09	0	2	9
5	0.00074711553	0.00074711553	0.0091300004	-0.0087091181	0.00074711553
183	0	COMB PPP predicted rank of observed rank 4
7	-1e+09	0	1	3	4	5	9
8	0.044702896	0.044702896	0.031498255	0.02284827	-0.014507556	-0.01530742	-0.059938784	0.044702896
184	0	COMB PPP predicted rank of observed rank 5
3	-1e+09	2	6
4	-0.018014212	-0.015548384	0.0073863062	-0.020622812
185	0	COMB PPP predicted rank of observed rank 6
5	-1e+09	4	7	8	10
6	0.026860483	0.072937371	0.0097660738	-0.096288486	-0.037553031	-0.024975401
186	0	COMB PPP predicted rank of observed rank 7
7	-1e+09	4	5	6	7	8	10
8	-0.0077659195	-0.0077659195	-0.013595017	-0.015224	0.044832424	-0.040750862	-0.049460505	-0.0077659195
187	0	COMB PPP rank of missed #1
9	-1e+09	1	2	3	4	5	6	8	10
10	0.19429656	-0.12663332	0.044932465	0.23540578	0.2778901	0.29755642	0.3482115	0.36213395	0.38767276	0.30063337
188	0	COMB PPP rank of missed #3
11	-1e+09	2	3	4	7	8	9	10	12	13	14
12	0.11603394	0.11603394	-0.058115717	-0.11313034	-0.10832344	-0.11597309	-0.075132371	-0.060966931	0.04164027	0.047369737	0.067886756	0.13140019
189	0	COMB PPP rank of missed #5
6	-1e+09	6	8	9	11	12
7	-0.028754865	-0.028754865	0.012462337	0.017586898	-0.0084535251	-0.026404091	-0.028754865
190	0	COMB PPP rank of missed #7
4	-1e+09	13	17	18
5	0.004584517	0.004584517	-0.00097288098	0.00081462954	0.004584517
196	0	COMB PPP delta score #1
21	-1e+09	0	0.18908072	0.27295923	0.35470009	0.43722057	0.5172677	0.67753768	0.76380229	1.0208673	1.1071265	1.287379	1.5622764	1.6621962	1.7655902	1.8748281	1.9903789	2.3957193	2.5567946	2.9574337	3.5355844
22	-0.2380867	0.13700085	0.23965606	0.20723451	0.024272648	-0.086260102	-0.13418317	-0.17155778	-0.19195616	-0.18567394	-0.20953251	-0.22685416	-0.25369136	-0.2141566	-0.21182021	-0.41432169	-0.42212692	-0.46765308	-0.46046096	-0.45814095	-0.58725388	-0.66836408
197	0	COMB PPP delta score #2
17	-1e+09	-1.8434262	-1.2563388	-0.5913887	-0.4617548	-0.031894922	0.11596489	0.18480158	0.2511003	0.65521336	0.72548628	0.94895339	1.0254589	1.2754641	1.5728686	2.1497748	2.6167927
18	-0.32521308	0.040057343	0.072516385	0.13828754	0.12072007	-0.038061663	0.069865049	0.0052786728	-0.029426651	-0.033514403	-0.078606449	-0.074343381	-0.060347643	-0.14519097	-0.25809929	-0.20360514	-0.32894822	-0.53375934
198	0	COMB PPP delta score #3
16	-1e+09	-2.1099477	-1.1071627	-0.9490211	-0.69827962	-0.4079597	-0.082659245	0.055511713	0.23968101	0.55122447	0.6171751	0.98180604	1.0636568	1.248857	1.6093801	2.1690383
17	-0.19084764	-0.11478194	0.092976505	0.17519495	0.19445729	0.22419984	0.11658169	0.1773825	0.15533029	0.10844573	0.078488129	-0.018199979	-0.068010512	-0.078772838	-0.16258613	-0.18412401	-0.27992202
199	0	COMB PPP delta score #4
25	-1e+09	-2.1866703	-1.4485092	-1.2493056	-1.0892005	-0.9517436	-0.83398366	-0.72983646	-0.54999542	-0.46844316	-0.24906588	0.034045219	0.09457016	0.21670079	0.27652121	0.39922726	0.5265944	0.88041973	1.0481443	1.1419679	1.2454414	1.3593141	1.6377237	2.0076637	2.2824285
26	-0.16019057	-0.16019057	-0.066898727	-0.011556718	-0.015476686	0.010893359	0.043947889	0.065191928	0.068853995	0.10893298	0.1211728	0.079655696	0.069530529	0.030312074	0.03964032	0.023843033	-0.009211497	-0.014045159	-0.0084224885	-0.10115558	-0.10433119	-0.18342595	-0.2042788	-0.17470368	-0.16306058	-0.16019057
200	0	COMB PPP delta score #5
14	-1e+09	-2.1979206	-1.7580087	-1.3105788	-0.6590147	-0.51002622	-0.30937457	-0.12135315	0.11896515	0.42382836	0.62632847	0.93908834	1.0294288	1.1282632
15	-0.14562891	-0.14562891	0.052669856	0.094830276	0.13732571	0.091590914	0.051460946	0.082969002	0.066760411	0.034405829	-0.074861488	-0.026397934	-0.016383136	0.011663236	-0.14562891
201	0	COMB PPP delta score #6
16	-1e+09	-2.3005388	-1.2683744	-1.0372908	-0.62629128	-0.49538732	-0.36722732	-0.12774634	0.077097178	0.20208311	0.39711523	0.46563792	0.7609843	0.84173179	1.0267975	1.7681087
17	-0.15930288	-0.15930288	-0.078995467	-0.087043596	0.036005072	-0.088120261	-0.032548893	-0.031231537	0.0063980936	-0.016715745	-0.027452199	-0.088046511	-0.081279749	-0.099723129	-0.10586707	-0.14851506	-0.15930288
202	0	COMB PPP delta score #7
16	-1e+09	-2.5169444	-2.0617955	-1.7861731	-1.5875063	-1.0876639	-0.9986279	-0.83823025	-0.76426268	-0.44051957	0	0.34715879	0.49326205	0.57000899	0.73867059	1.0451771
17	-0.12977986	-0.12977986	-0.11409936	-0.10545272	-0.033595062	0.038413754	0.073450497	0.054195919	0.063074189	0.075586236	-0.037897395	-0.010331499	-0.084632425	-0.055851771	-0.011508255	-0.022057192	-0.12977986
203	0	COMB PPP dot prod pred-obs top 15
9	-1e+09	0.34371006	0.37474808	0.3887355	0.50499022	0.54822493	0.57553333	0.61761892	0.62687993
10	-0.044480328	-0.044480328	0.029209994	0.030027733	0.036369614	0.025214716	0.008109791	0.012842285	-0.02075384	-0.044480328
204	0	COMB PPP dot prod obs-pred top 15
24	-1e+09	0.20035468	0.24092673	0.26335153	0.34359604	0.35422054	0.36913767	0.43222004	0.48196882	0.50163233	0.50851911	0.52655363	0.54904133	0.56593341	0.57317084	0.57944101	0.59926802	0.6353755	0.64192182	0.67560023	0.6845451	0.71303922	0.7403211	0.76402509
25	-0.011045988	-0.046471876	-0.20035061	-0.12411847	-0.1185776	-0.089379637	-0.026092293	-0.020885927	0.0028950136	-0.040934402	0.0021557871	-0.013303163	0.018591755	0.017793443	0.012955988	0.04510931	0.077069536	0.07793324	0.090062094	0.10710631	0.098748423	0.097966048	0.054017788	0.080834164	0.06249514
205	0	COMB PPP dot prod pred-obs top 30
12	-1e+09	0.22301342	0.26281935	0.28109095	0.30073017	0.33307359	0.38869363	0.43579543	0.44976041	0.47075063	0.48071313	0.5164938
13	-0.013329627	-0.022554538	-0.016226066	-0.10012594	-0.03525385	-0.029310777	-0.0081961067	-0.012284909	0.020470057	0.070399522	0.088061835	0.088903053	-0.0094085724
206	0	COMB PPP dot prod obs-pred top 30
17	-1e+09	0.12999292	0.15631662	0.17086616	0.22292991	0.23950168	0.31270808	0.32546607	0.3299343	0.34163535	0.3671855	0.37188128	0.38881347	0.41648784	0.4626298	0.48033068	0.49571016
18	-0.0022872625	-0.011532784	-0.012452275	-0.009833249	-0.00906447	-0.0056407774	-0.0047939801	-0.0064934086	-0.0038780501	-0.0056720357	-0.003164046	-0.0047957382	-0.002357431	-0.0014616223	-0.00064649707	-0.0014928209	0.00031812495	-0.001456857
207	0	COMB PPP dot prod pred-obs top 45
13	-1e+09	0.14632101	0.17621998	0.20767371	0.22211151	0.23762996	0.26318696	0.30713663	0.34435537	0.35539019	0.37197617	0.3798483	0.40812132
14	-0.0049387264	-0.013369719	-0.02286037	-0.020415816	-0.10198783	-0.022809398	-0.013421391	0.010895158	0.0029446453	0.033564	0.053272892	0.069954705	0.074978519	0.005400158
208	0	COMB PPP dot prod obs-pred top 45
25	-1e+09	0.065031566	0.10271737	0.12351774	0.13501444	0.176154	0.18160096	0.18924864	0.22158955	0.24709463	0.25717568	0.26070637	0.26995227	0.28148121	0.29014143	0.29385188	0.29706648	0.30723131	0.32574284	0.32909897	0.34636512	0.35095099	0.36555928	0.37954608	0.3916986
26	0.040828647	-0.043109622	-0.072785507	-0.22792395	-0.1280612	-0.12221841	-0.094458986	0.020402959	0.023713876	0.066246714	0.015649907	0.062591275	0.045739013	0.081651103	0.080080617	0.068578294	0.093445374	0.11451968	0.11954264	0.14777688	0.17188894	0.16854919	0.1668539	0.11775349	0.12910611	0.10893789
