0 7 -999999999 -1 -1
1 2 0 -1 -1
0.1476 -0.4207
356
1.28401465e+00
1.24898343e+00
0.00000000e+00
-3.18307400e-01
-1.19218208e-02
-4.58231440e-01
7.19257858e-01
0.00000000e+00
0.00000000e+00
-1.05348280e-01
-4.47416417e-01
-4.76675427e-01
-1.05693609e+00
-2.13659875e-02
6.33920326e-02
-3.60333445e-01
0.00000000e+00
0.00000000e+00
0.00000000e+00
0.00000000e+00
0.00000000e+00
0.00000000e+00
0.00000000e+00
0.00000000e+00
0.00000000e+00
0.00000000e+00
0.00000000e+00
0.00000000e+00
0.00000000e+00
0.00000000e+00
0.00000000e+00
0.00000000e+00
0.00000000e+00
0.00000000e+00
0.00000000e+00
0.00000000e+00
0.00000000e+00
0.00000000e+00
0.00000000e+00
0.00000000e+00
0.00000000e+00
0.00000000e+00
0.00000000e+00
0.00000000e+00
0.00000000e+00
0.00000000e+00
0.00000000e+00
0.00000000e+00
0.00000000e+00
0.00000000e+00
0.00000000e+00
-6.76179724e-01
-1.33222273e+00
7.82138986e-01
0.00000000e+00
0.00000000e+00
0.00000000e+00
0.00000000e+00
4.87478191e-01
1.71940009e-01
8.55698898e-01
-4.44604875e-02
7.70029164e-01
-6.69590187e-01
7.09209445e-02
-9.46439864e-01
-9.00112552e-01
-7.71601277e-01
-1.96592532e-01
-1.06382992e-02
-5.11975215e-01
2.38957894e-01
-1.29658010e-03
-8.34635651e-01
6.44336412e-01
-4.89572603e-03
-8.38714556e-01
5.97312872e-01
-3.09354131e-04
-1.06675653e+00
0.00000000e+00
0.00000000e+00
1.80336236e+00
9.11852832e-01
2.88206464e-01
-8.10789568e-01
-6.91640573e-01
-2.16976870e-01
0.00000000e+00
0.00000000e+00
-1.51353338e+00
-2.90367992e-01
-2.54551476e+00
-1.38768060e+00
-9.32378921e-01
-1.09811624e+00
-8.59197654e-01
-5.22495268e-01
-1.73211760e-01
4.81419810e-01
7.79507153e-01
4.30191627e-02
0.00000000e+00
0.00000000e+00
3.49607381e+00
2.75332743e+00
0.00000000e+00
0.00000000e+00
0.00000000e+00
0.00000000e+00
0.00000000e+00
0.00000000e+00
-2.96172054e-01
3.98332006e-02
4.54334284e-01
-2.62707364e-02
-6.47823334e-01
-1.73542046e+00
0.00000000e+00
0.00000000e+00
0.00000000e+00
0.00000000e+00
0.00000000e+00
0.00000000e+00
6.84905811e-01
-1.38871660e-01
-1.54355756e-01
-2.09566443e-01
-7.22616319e-01
-9.19895007e-01
3.52908952e+00
3.81888438e+00
3.68324455e+00
3.14789778e+00
3.39189254e+00
3.38388960e+00
1.22794599e+00
-2.39759780e-01
3.16909470e-01
8.97840182e-02
3.30805594e-01
2.43962152e-01
2.34368974e-01
3.83723202e-01
4.88532295e-02
1.41554723e-01
3.91688097e-01
2.75095263e-01
0.00000000e+00
0.00000000e+00
0.00000000e+00
0.00000000e+00
0.00000000e+00
0.00000000e+00
0.00000000e+00
0.00000000e+00
1.29346812e+00
6.92171094e-01
-1.32252813e+00
0.00000000e+00
-4.84911066e-01
-5.82651711e-01
-4.04619969e-01
-8.86661071e-01
-8.89531035e-01
0.00000000e+00
0.00000000e+00
0.00000000e+00
-4.03124805e-01
-5.21293622e-01
-8.94114785e-01
4.72786281e-01
1.62643925e+00
-2.73720526e-02
4.98438656e-01
6.55940451e-01
1.49657570e+00
0.00000000e+00
-7.99411316e-03
5.14468190e-01
-1.47486781e+00
-4.50844511e-01
-1.40258510e+00
-4.33698367e-02
4.66187299e-02
-5.98055088e-01
-3.84146076e-01
6.96951178e-03
1.15351500e-01
0.00000000e+00
0.00000000e+00
0.00000000e+00
6.57532318e-01
0.00000000e+00
5.96216457e-01
4.12138156e-01
-2.49214300e-02
3.02342614e-01
3.96441354e-01
-1.73829959e-01
7.45970685e-02
0.00000000e+00
2.73547251e-01
-2.15395798e-01
6.25936291e-01
4.08977963e-01
8.54741908e-01
4.18632517e-01
2.78274087e-01
3.97010003e-01
3.78774544e-01
2.90638996e-01
-3.67317349e-02
-1.98047649e-01
-4.18840369e-01
-4.18693861e-01
-1.24154397e-01
1.41197059e+00
-5.15713977e-01
-1.09430426e+00
-1.97668356e-01
0.00000000e+00
0.00000000e+00
0.00000000e+00
-3.63818855e-01
0.00000000e+00
-2.67656512e-01
-4.32249802e-02
1.67474052e-01
9.80434156e-01
-1.13745381e-01
-1.12633950e+00
2.85228065e-01
0.00000000e+00
3.51793061e-01
1.52369184e+00
-2.78587034e-01
-3.15072700e-01
-1.45690761e+00
-7.10253538e-01
-6.16849572e-02
1.01519767e-01
3.64346647e-01
3.23941050e-01
1.61315915e-01
5.51599514e-01
1.96442624e-01
3.78682199e-01
-8.52799300e-01
-2.86863416e-01
6.22624606e-01
-1.17789275e-02
-4.20964394e-01
1.40948094e+00
-1.39204472e+00
-3.04299645e-01
-5.65935883e-01
7.63740469e-01
9.37432456e-01
4.16703857e-01
-1.46931278e+00
0.00000000e+00
0.00000000e+00
0.00000000e+00
-1.22427670e+00
-2.09797417e+00
8.15250237e-02
5.39739704e-01
1.23848438e+00
2.19863187e-01
-2.09977292e-01
1.28277386e+00
9.25509855e-01
0.00000000e+00
-1.02919495e+00
1.82403618e-01
-1.68784111e+00
1.27045081e-01
2.15015405e-01
8.40706812e-01
3.42548556e-01
1.79519884e-01
2.89156841e-01
-1.68434076e+00
-8.66061435e-03
0.00000000e+00
0.00000000e+00
0.00000000e+00
5.63577767e-01
0.00000000e+00
2.63886366e-01
2.92870475e-01
7.92441468e-02
3.83397083e-01
6.24433980e-01
-1.92046874e-01
2.34239090e-01
0.00000000e+00
2.18542445e-01
-3.89498966e-01
6.95462513e-01
5.50330190e-01
5.10414974e-01
1.63772906e-01
3.66939937e-01
2.99307013e-01
3.67352376e-01
7.34898578e-01
-3.27912660e-01
8.05390673e-02
-3.03598526e-01
1.93688956e-02
2.73464755e-01
1.40412986e+00
-5.86541668e-01
-7.37049122e-01
-4.52150448e-01
0.00000000e+00
0.00000000e+00
0.00000000e+00
2.94090975e-02
0.00000000e+00
3.59614234e-01
-2.92153163e-02
-8.06615159e-03
-5.03004275e-01
-2.69031256e-02
7.20374739e-01
2.48533616e-01
0.00000000e+00
-4.08964134e-01
-1.46870223e+00
4.39919408e-01
1.19679026e-02
6.53143520e-01
2.71870630e-01
-2.41288585e-01
3.58902829e-01
3.48405954e-02
-1.05063818e+00
-4.08451728e-01
0.00000000e+00
1.98093409e-01
-2.18076100e-01
-1.14140012e+00
-6.63190778e-01
-1.32443089e-03
1.01350969e+00
7.54570256e-01
1.34243574e+00
-1.46148816e+00
-5.44138365e-01
-4.78209343e-01
2.46239983e+00
-1.98579844e-01
-7.29850470e-01
247
-2.53157403e-01
-4.63524017e-01
0.00000000e+00
8.58433708e-03
-4.72108354e-01
-1.50109351e+00
0.00000000e+00
0.00000000e+00
0.00000000e+00
0.00000000e+00
-8.18255715e-01
5.02877960e-01
0.00000000e+00
0.00000000e+00
0.00000000e+00
0.00000000e+00
0.00000000e+00
0.00000000e+00
0.00000000e+00
0.00000000e+00
0.00000000e+00
0.00000000e+00
0.00000000e+00
0.00000000e+00
0.00000000e+00
0.00000000e+00
0.00000000e+00
0.00000000e+00
0.00000000e+00
0.00000000e+00
0.00000000e+00
0.00000000e+00
0.00000000e+00
0.00000000e+00
0.00000000e+00
0.00000000e+00
0.00000000e+00
0.00000000e+00
0.00000000e+00
0.00000000e+00
0.00000000e+00
-1.56193426e-02
-1.25273371e-02
-2.53015252e-01
1.16928899e-03
1.43063109e-01
-3.39363865e-03
-1.27585918e-01
1.99044748e-05
0.00000000e+00
0.00000000e+00
2.62152355e+00
1.60631054e+00
-3.33126549e-01
-1.61022229e+00
-1.30383999e+00
-1.23380267e+00
0.00000000e+00
0.00000000e+00
4.04708260e+00
2.14196553e+00
0.00000000e+00
0.00000000e+00
0.00000000e+00
0.00000000e+00
0.00000000e+00
0.00000000e+00
2.76933848e-01
-7.29591249e-02
-4.50687506e-01
-4.71436095e-01
-1.28135456e+00
-2.27176496e+00
0.00000000e+00
0.00000000e+00
0.00000000e+00
0.00000000e+00
0.00000000e+00
0.00000000e+00
4.93619279e-01
-2.10116826e-01
5.48038774e-01
-6.43549040e-01
-1.47316187e+00
-1.10985624e+00
6.69665319e+00
5.79411619e+00
6.23787661e+00
6.39954927e+00
6.31354535e+00
6.88528180e+00
3.77453482e-01
-4.84872263e-01
-4.37991245e-01
-4.73210889e-02
-7.15587816e-02
-4.96234893e-01
0.00000000e+00
2.07935091e-01
4.14341063e-01
1.71184135e-01
0.00000000e+00
9.17054371e-01
0.00000000e+00
0.00000000e+00
0.00000000e+00
0.00000000e+00
-2.24088790e-01
-1.29556405e+00
-3.12682745e+00
0.00000000e+00
-1.70710373e-01
-1.00270219e+00
-8.23004432e-01
-1.57211850e+00
-1.17341256e+00
0.00000000e+00
0.00000000e+00
0.00000000e+00
-2.46196372e-01
0.00000000e+00
-2.69482827e-01
1.22869659e-01
1.04855329e+00
2.01663985e-01
3.17793702e-01
8.59707396e-01
-8.36244172e-01
0.00000000e+00
-3.56916657e-01
3.18636598e-01
-1.80283770e+00
4.21523746e-01
-9.88461581e-01
3.59534387e-01
4.27923245e-01
-9.36936841e-01
1.58605631e-02
5.44055411e-01
-3.44463888e-01
2.38029943e-01
-5.63038443e-01
5.93308091e-02
-1.25133274e-01
-1.22449708e+00
0.00000000e+00
0.00000000e+00
0.00000000e+00
-8.25250099e-02
0.00000000e+00
7.79295485e-01
1.00560940e+00
-9.41162351e-02
0.00000000e+00
3.19049474e-01
1.36882086e+00
0.00000000e+00
0.00000000e+00
0.00000000e+00
0.00000000e+00
0.00000000e+00
0.00000000e+00
1.75862212e+00
9.34815408e-01
5.20417103e-01
0.00000000e+00
0.00000000e+00
0.00000000e+00
-5.82493831e-01
2.04997306e-01
2.70206167e-01
1.57163482e-01
-8.28948671e-01
-4.08740316e-01
7.82621864e-01
-4.15862256e-01
2.40131784e-01
-4.20208355e-01
2.39629694e-01
5.06212568e-01
3.43461801e-01
-2.39512294e+00
0.00000000e+00
0.00000000e+00
0.00000000e+00
-6.64586243e-01
-1.07448230e+00
-9.04871222e-01
3.64847839e-01
6.77207989e-01
-7.96391677e-01
1.30584554e+00
1.30917323e+00
-6.67063150e-01
0.00000000e+00
-4.67051656e-01
-1.08978574e+00
-2.12597697e+00
-5.01465048e-01
4.68140073e-01
1.35635117e+00
5.01180482e-01
-1.18611972e+00
8.15915244e-01
2.84009229e-01
-5.84578177e-01
-5.24684815e-02
0.00000000e+00
2.24023396e-01
3.30618920e-01
2.09624078e-01
0.00000000e+00
0.00000000e+00
0.00000000e+00
1.18295326e-01
3.04089763e-01
-1.73146405e-01
-2.97403364e-01
7.01755845e-01
2.50904787e-01
-7.28410456e-02
-1.42686614e+00
4.40934694e-01
0.00000000e+00
2.33225898e-01
9.19552154e-01
3.86401359e-01
-1.68119666e-01
-8.19678725e-01
-7.44477532e-01
3.59500762e-02
5.10838142e-01
-2.26868838e-01
2.37077747e-01
-5.32109695e-01
0.00000000e+00
7.13365643e-02
-9.99239327e-02
-1.81054476e+00
-7.70535950e-01
0.00000000e+00
0.00000000e+00
-1.83612787e-01
-1.04000881e+00
0.00000000e+00
0.00000000e+00
5.02257766e-01
1 -999999999 2 0 -1
1 0 2 1 -1
-3.1430e-01 5.4197e-01
356
-3.86159421e-01
0.00000000e+00
0.00000000e+00
0.00000000e+00
0.00000000e+00
0.00000000e+00
0.00000000e+00
0.00000000e+00
0.00000000e+00
0.00000000e+00
0.00000000e+00
0.00000000e+00
0.00000000e+00
0.00000000e+00
0.00000000e+00
0.00000000e+00
-5.16595084e-01
0.00000000e+00
5.08981604e-01
-7.90812503e-01
-1.41906006e+00
-2.50041248e-01
0.00000000e+00
0.00000000e+00
8.09103901e-01
9.26127054e-02
8.64593515e-01
1.76024878e+00
1.69175298e-01
1.07743003e-01
2.32063302e-01
2.46999264e-01
-6.33158685e-01
-1.08341526e+00
-2.76377034e+00
7.12690491e-01
1.91277567e-01
7.19293502e-01
1.39278557e+00
6.11121021e-01
7.84223595e-01
0.00000000e+00
0.00000000e+00
0.00000000e+00
0.00000000e+00
0.00000000e+00
0.00000000e+00
0.00000000e+00
0.00000000e+00
0.00000000e+00
0.00000000e+00
2.02382343e-01
-1.52042273e-02
-9.47522388e-01
0.00000000e+00
0.00000000e+00
0.00000000e+00
0.00000000e+00
-3.00605531e-01
-4.73003801e-01
-6.42482906e-01
6.78353638e-01
-4.18476489e-02
4.33046178e-01
3.89414878e-01
-3.53939112e-01
2.09361786e-01
-2.33054611e+00
-6.33914282e-01
2.93754805e-03
-1.02445530e-02
-4.88559325e-01
-2.46497858e-03
1.06157855e-01
5.21270634e-02
2.21357227e-03
-3.62285847e-01
6.84187122e-01
4.04915336e-04
-5.00203087e-01
0.00000000e+00
0.00000000e+00
7.73959780e-01
5.98870636e-01
2.98385327e-01
-2.64791403e-01
-5.61883985e-01
-1.23069978e+00
0.00000000e+00
0.00000000e+00
8.75244869e-01
-3.89813341e-01
-1.06408112e+00
-2.50094905e-01
-1.66704137e+00
1.91510028e-01
2.65179597e-01
2.85310927e-01
-2.54245382e-01
-3.54549872e-01
-3.67743237e-01
-3.00353359e-01
0.00000000e+00
0.00000000e+00
1.73338038e+00
2.66272470e+00
0.00000000e+00
0.00000000e+00
0.00000000e+00
0.00000000e+00
0.00000000e+00
0.00000000e+00
6.87254907e-01
1.04708760e-01
-3.06148107e-02
-6.47655411e-02
-9.19700976e-01
-1.88456039e+00
0.00000000e+00
0.00000000e+00
0.00000000e+00
0.00000000e+00
0.00000000e+00
0.00000000e+00
6.36472467e-01
-2.91776795e-01
3.07311899e-01
-2.84346692e-01
-1.38653886e+00
-2.03000614e+00
4.38685071e+00
4.27708882e+00
4.32240251e+00
4.05126724e+00
4.22234041e+00
4.06992712e+00
5.50429951e-01
-2.03131694e-01
2.82753579e-01
4.84404132e-01
4.17057226e-01
4.90844668e-01
-6.34712222e-01
-8.00631340e-01
-6.16596368e-01
-1.01569865e+00
-4.50685551e-01
2.24857655e-02
0.00000000e+00
0.00000000e+00
0.00000000e+00
0.00000000e+00
0.00000000e+00
0.00000000e+00
0.00000000e+00
0.00000000e+00
-3.74297673e-01
2.77522616e-01
0.00000000e+00
-1.96395390e+00
-8.66298766e-01
-4.95127204e-01
-5.87017843e-01
-5.89803014e-01
-1.45331661e+00
0.00000000e+00
0.00000000e+00
0.00000000e+00
-3.37278014e-01
4.77317133e-01
2.74741133e-01
5.11467138e-01
8.13934609e-01
-3.20521531e-01
1.39629475e+00
7.82943709e-01
-1.96088268e-02
0.00000000e+00
-9.64522894e-02
-1.32806048e-01
-1.82019509e+00
-3.93183584e-01
-2.02641160e+00
1.38823611e-01
1.24420083e+00
-7.36467205e-01
-3.40583689e-01
-8.69531639e-01
-2.78026892e-01
0.00000000e+00
0.00000000e+00
0.00000000e+00
-7.65392620e-02
-6.12265769e-01
-2.03531114e-01
5.98590406e-03
9.31617646e-02
1.46303829e-01
-4.36862509e-01
-6.24411904e-02
-3.78798214e-01
0.00000000e+00
-6.26013569e-02
-6.37900673e-01
5.74086829e-01
3.01149516e-01
3.45445776e-01
-1.25819076e-02
-3.63799179e-01
5.84429382e-01
1.82250504e-01
3.36480777e-01
-3.48178130e-01
5.28395328e-02
2.00421629e-01
1.08362352e+00
2.80134607e-01
9.08838922e-01
-3.96869096e-01
-4.59130293e-01
6.63789389e-01
0.00000000e+00
0.00000000e+00
0.00000000e+00
3.33765373e-01
0.00000000e+00
9.92461391e-01
3.16647156e-01
-2.11030489e-02
5.08973824e-01
4.92465608e-01
5.23067586e-01
1.51714088e-01
0.00000000e+00
8.82028131e-01
-3.10308692e-02
-1.15744268e-02
-1.53654469e-01
-2.63350890e+00
-6.12094576e-01
6.38747196e-01
-4.40064126e-01
-4.09830176e-01
2.28578853e-01
-4.01017663e-01
0.00000000e+00
2.95672357e-01
-3.04753529e-02
-1.10513848e+00
-9.19138299e-01
-2.10637597e-01
9.50619228e-01
7.30868788e-01
2.02903597e+00
-2.20555161e+00
-7.42622658e-01
-1.86000181e-01
0.00000000e+00
-1.72446816e-01
4.32520100e-02
-1.08493022e+00
0.00000000e+00
0.00000000e+00
0.00000000e+00
-9.99947481e-01
0.00000000e+00
-9.43274711e-01
-3.19439129e-01
1.46384957e+00
4.18271655e-01
4.91616524e-01
-7.58148149e-01
8.59653404e-01
0.00000000e+00
-2.56332714e-01
1.20289148e+00
-6.92601662e-01
-6.19866976e-01
1.75765451e+00
2.93542428e-01
-3.37201759e-01
-6.83863899e-01
-6.38317855e-01
3.99042366e-01
-1.37573129e-01
0.00000000e+00
0.00000000e+00
0.00000000e+00
2.46873517e-01
0.00000000e+00
-5.67132311e-02
2.70558767e-01
-1.40286415e-02
-8.04230701e-02
1.88740155e-01
5.84368120e-01
-7.16301618e-01
0.00000000e+00
2.56734768e-01
-8.20140743e-01
1.54297839e-01
4.54702797e-01
-3.98874609e-01
2.45781087e-01
3.22831233e-02
5.97101301e-01
6.36416052e-01
3.55026251e-01
-3.95206043e-02
-1.20865084e-02
-4.26488930e-01
2.87474488e-01
1.13902696e-01
9.03714876e-01
-4.98281174e-01
-4.17520210e-01
1.98546477e-02
0.00000000e+00
0.00000000e+00
0.00000000e+00
-8.45991855e-02
0.00000000e+00
-7.67228650e-01
-5.73211722e-01
-7.10007066e-02
-1.15491509e-01
-5.38867970e-01
-1.78908715e-01
6.61878605e-01
0.00000000e+00
-4.62548060e-01
7.46644184e-01
-2.30586721e-01
6.92383539e-02
1.80137533e+00
7.77497008e-01
-7.85649433e-01
2.99745722e-02
-2.32476123e-01
-1.10532305e-01
-2.74340959e-02
4.02656475e-01
4.71299993e-01
-5.56436777e-02
-1.04540961e+00
-4.83040695e-01
-4.03872290e-01
-3.23821995e-01
-2.58345489e-01
1.57698852e+00
-1.78965543e+00
-2.70373780e-01
-5.62368918e-01
1.85032935e-02
-2.52188661e-01
-1.39534893e-01
247
-8.11316005e-02
0.00000000e+00
0.00000000e+00
0.00000000e+00
0.00000000e+00
0.00000000e+00
0.00000000e+00
0.00000000e+00
0.00000000e+00
4.89700948e-01
0.00000000e+00
0.00000000e+00
0.00000000e+00
0.00000000e+00
7.80604317e-02
0.00000000e+00
6.23180664e-01
-5.45120232e-01
-1.87597116e+00
-5.15837298e-01
0.00000000e+00
0.00000000e+00
0.00000000e+00
7.01102456e-01
-6.98461351e-01
-2.23270948e-01
8.75405052e-01
2.34652964e-01
-3.15784564e-01
2.43185579e+00
-2.19720283e+00
-1.83856898e+00
-4.40457865e-01
-9.06104909e-01
0.00000000e+00
0.00000000e+00
0.00000000e+00
0.00000000e+00
0.00000000e+00
0.00000000e+00
0.00000000e+00
-2.77422319e-02
5.68284991e-03
-2.07680501e-02
-9.04762174e-04
-9.76806044e-02
1.46419949e-03
6.50592859e-02
1.19381306e-03
0.00000000e+00
0.00000000e+00
5.48456840e-01
4.24944958e-01
-1.40496494e-01
-6.89552197e-01
-5.62596964e-01
3.38112257e-01
0.00000000e+00
0.00000000e+00
1.37182441e+00
2.32874980e+00
0.00000000e+00
0.00000000e+00
0.00000000e+00
0.00000000e+00
0.00000000e+00
0.00000000e+00
-4.43145407e-01
4.25784519e-01
7.51627837e-01
2.05497509e-01
-9.24946603e-01
-1.46210450e+00
0.00000000e+00
0.00000000e+00
0.00000000e+00
0.00000000e+00
0.00000000e+00
0.00000000e+00
4.32645796e-01
-1.69183809e-01
-1.16548312e-01
-1.94799752e-01
-1.13016016e+00
-1.19529270e+00
3.99010463e+00
4.72957873e+00
4.40466459e+00
4.18220729e+00
4.22013237e+00
3.94380275e+00
1.60211882e+00
-5.02375778e-01
-1.88394511e-01
3.43174570e-02
2.93841591e-01
2.06001568e-01
-5.58932938e-01
-9.05544239e-01
-1.16514373e+00
-1.16226845e+00
-7.29199708e-01
-5.86529931e-01
0.00000000e+00
0.00000000e+00
0.00000000e+00
0.00000000e+00
-3.89197657e-02
1.62974776e-01
0.00000000e+00
-1.57044388e+00
-6.13914104e-01
-5.60514500e-01
-5.05697677e-01
-3.33739839e-01
-1.17442860e+00
0.00000000e+00
0.00000000e+00
0.00000000e+00
2.89050491e-01
-4.08363246e-01
-6.02165071e-01
3.34241979e-01
1.25430953e+00
-3.93647871e-01
1.66545848e-01
-7.13710234e-01
1.04748257e+00
0.00000000e+00
4.96437501e-02
5.58342321e-01
-1.21589402e+00
-1.98182039e-01
-1.00754328e-02
-2.76646827e-01
-4.12972720e-01
8.69667303e-02
-3.61348630e-01
-3.68005737e-01
3.74018620e-01
8.41874238e-01
0.00000000e+00
1.34367864e-01
4.41647456e-01
-9.54956935e-01
0.00000000e+00
0.00000000e+00
0.00000000e+00
1.55441144e-01
0.00000000e+00
-2.91413574e-02
-1.73559972e-01
7.36130719e-02
-2.83343958e-02
-5.97115396e-02
-3.58879952e-01
-4.41374462e-01
0.00000000e+00
5.33007487e-01
-2.72134798e-01
4.56734161e-01
-1.30600510e-01
7.40057069e-01
3.34919711e-02
-3.94733177e-02
1.52523203e-01
2.95570507e-02
2.86139554e-01
-4.67855618e-01
0.00000000e+00
-8.96398231e-02
-1.68400637e-01
-1.54844722e+00
-1.45578834e+00
2.63555855e-01
1.55782705e+00
1.78703872e+00
-9.26588821e-02
0.00000000e+00
2.42879243e-01
-3.02079985e-02
-8.39437517e-01
0.00000000e+00
0.00000000e+00
0.00000000e+00
-5.81643125e-01
-1.10479758e+00
-1.97145073e-01
3.79534765e-01
9.15434201e-01
5.70689853e-02
6.58363101e-01
-3.77039952e-02
5.26477434e-01
0.00000000e+00
-9.56344593e-01
1.54074265e-01
-1.19107104e+00
5.20846450e-01
1.25996172e-01
1.45033297e-01
-1.89618132e-01
1.65408050e-01
-8.48289246e-02
-1.44521773e-01
3.54322560e-02
1.10270703e-01
1.90845508e-01
4.72854007e-01
1.84707734e-01
-4.13459169e-01
0.00000000e+00
0.00000000e+00
0.00000000e+00
2.12880660e-01
-2.03243129e-03
1.21128251e-01
2.80744666e-01
-2.30477436e-01
-1.00991983e-01
1.32368673e-01
5.34610166e-01
-7.31747643e-01
0.00000000e+00
3.02581066e-01
-5.31887704e-01
-6.76360688e-01
2.67427036e-01
-1.08767248e+00
2.24001307e-01
9.66165937e-01
-1.19314271e-01
-1.77736348e-01
2.02854049e-01
-7.48384471e-02
3.01684341e-01
-1.29054920e-02
-7.03281565e-02
-8.74869773e-01
-6.15968380e-01
-2.80881047e-01
-5.96296646e-02
-1.78694132e-01
-2.58901392e-01
1.80299754e-01
-1.00809438e-01
7.65254347e-03
2 2
4.5992e-02 1.7962e-01
2 -1
0 1 
217
8.35918457e-01
-5.36842850e-01
1.75187632e-01
-2.05067058e+00
4.99183229e-01
3.04610265e-01
4.31321818e-01
-3.70176584e-01
-2.51594571e-01
-2.19283527e-02
-2.77093678e-01
6.28332817e-01
4.34101660e-01
-1.04127944e+00
6.49744801e-02
1.40872940e-02
1.27163827e-01
-5.06101469e-02
7.94585161e-03
5.25648109e-02
4.29547296e-01
4.88549651e-03
6.75843078e-02
3.92006827e-01
4.48232553e-03
8.55040434e-02
0.00000000e+00
0.00000000e+00
1.75085907e+00
5.81395417e-01
-1.25489708e-01
-7.13670590e-01
-4.38151038e-01
-2.19024698e-01
0.00000000e+00
0.00000000e+00
3.77427167e-01
6.69417721e-02
3.91549517e-01
0.00000000e+00
0.00000000e+00
0.00000000e+00
0.00000000e+00
0.00000000e+00
3.77427167e-01
1.86691020e-01
-1.19749248e-01
3.91549517e-01
0.00000000e+00
0.00000000e+00
0.00000000e+00
0.00000000e+00
0.00000000e+00
0.00000000e+00
0.00000000e+00
0.00000000e+00
0.00000000e+00
0.00000000e+00
0.00000000e+00
0.00000000e+00
3.91549517e-01
-1.19749248e-01
1.86691020e-01
3.55802025e-01
-9.81241054e-02
-8.56805137e-01
2.77845996e-01
9.36606761e-01
3.00394541e-01
3.14818479e-01
1.30942199e-01
4.33175989e-01
-3.79946364e-01
4.47065163e-01
-1.28960317e+00
-1.75264893e-01
-5.57659004e-01
0.00000000e+00
0.00000000e+00
0.00000000e+00
0.00000000e+00
0.00000000e+00
0.00000000e+00
0.00000000e+00
0.00000000e+00
0.00000000e+00
0.00000000e+00
0.00000000e+00
0.00000000e+00
0.00000000e+00
0.00000000e+00
0.00000000e+00
0.00000000e+00
0.00000000e+00
0.00000000e+00
0.00000000e+00
0.00000000e+00
0.00000000e+00
0.00000000e+00
0.00000000e+00
0.00000000e+00
0.00000000e+00
0.00000000e+00
0.00000000e+00
0.00000000e+00
0.00000000e+00
0.00000000e+00
0.00000000e+00
0.00000000e+00
0.00000000e+00
0.00000000e+00
0.00000000e+00
0.00000000e+00
0.00000000e+00
0.00000000e+00
0.00000000e+00
0.00000000e+00
0.00000000e+00
0.00000000e+00
-2.03445505e+00
-2.07723776e+00
-1.41506119e+00
0.00000000e+00
0.00000000e+00
0.00000000e+00
2.05734908e-01
-3.72658620e-01
5.27050321e-02
4.59705672e-01
1.41404566e-01
-4.06258681e-02
2.72985535e-01
2.99384185e-01
5.44808223e-02
0.00000000e+00
-1.17495612e+00
1.42658395e-01
-4.99845848e-01
1.18546576e-01
1.85051195e-01
-1.38849206e-03
1.91533736e-01
-5.18605380e-01
-1.38696592e-01
-7.92474897e-01
-2.94573185e-01
0.00000000e+00
0.00000000e+00
0.00000000e+00
-4.05826419e-02
-9.75564551e-01
-2.61870473e-01
3.03640783e-01
6.48846309e-02
-3.31934332e-02
2.42628728e-01
1.19834362e-01
-1.63222230e-02
0.00000000e+00
4.30307156e-01
-1.26574675e-01
-3.49977931e-01
-1.76857185e-01
1.60310549e-02
2.60073406e-01
3.03735034e-01
-4.72078692e-01
7.14039487e-02
3.45909515e-01
-2.18187941e+00
0.00000000e+00
0.00000000e+00
0.00000000e+00
5.12862098e-02
-6.15635947e-01
-8.55873595e-02
-3.00803116e-01
-9.20301929e-02
-7.90048570e-03
-3.60988884e-01
-6.15706710e-01
7.54327707e-01
0.00000000e+00
9.17717158e-01
4.72742486e-01
-3.72430906e-01
4.66713975e-01
-8.96236370e-01
-3.08732383e-01
-3.28696539e-01
-5.65285595e-01
-4.45363108e-01
1.50730652e-01
2.86664282e-02
0.00000000e+00
0.00000000e+00
0.00000000e+00
2.82121425e-02
-4.01331640e-01
-2.22039836e-01
1.05244657e-01
8.08116128e-02
-1.59525677e-01
8.08961616e-03
1.64354646e-01
1.63784265e-01
0.00000000e+00
-2.85731750e-01
-1.48368928e-01
-3.92090978e-01
1.28381958e-01
7.51885618e-01
7.60608981e-03
1.60634462e-01
-3.02422290e-01
2.10315813e-01
1.30856646e-01
136
1.71121836e+00
6.22780922e-01
2.76268651e-03
5.38117523e-01
-7.35844671e-04
2.38115703e-01
2.78866305e-03
3.12204213e-01
1.09176695e-03
0.00000000e+00
0.00000000e+00
4.83675698e-01
7.01404900e-01
4.12252291e-01
-8.69134336e-03
-1.86272909e-01
3.08849724e-01
0.00000000e+00
0.00000000e+00
9.08712126e-01
2.75268870e-01
5.27237365e-01
0.00000000e+00
0.00000000e+00
0.00000000e+00
0.00000000e+00
0.00000000e+00
9.08712126e-01
1.63023924e+00
-1.35497037e+00
5.27237365e-01
0.00000000e+00
0.00000000e+00
0.00000000e+00
0.00000000e+00
0.00000000e+00
0.00000000e+00
0.00000000e+00
0.00000000e+00
0.00000000e+00
0.00000000e+00
0.00000000e+00
0.00000000e+00
0.00000000e+00
0.00000000e+00
0.00000000e+00
1.82337599e-02
-4.64492008e-01
-2.19924922e-01
-7.14217226e-01
-1.41015768e-01
1.27888109e+00
1.26007027e+00
3.25265083e-01
8.35498068e-01
-7.66291354e-01
0.00000000e+00
0.00000000e+00
0.00000000e+00
0.00000000e+00
5.27237365e-01
-1.35497037e+00
1.63023924e+00
0.00000000e+00
0.00000000e+00
0.00000000e+00
0.00000000e+00
0.00000000e+00
0.00000000e+00
0.00000000e+00
0.00000000e+00
0.00000000e+00
0.00000000e+00
0.00000000e+00
0.00000000e+00
0.00000000e+00
0.00000000e+00
0.00000000e+00
0.00000000e+00
0.00000000e+00
0.00000000e+00
0.00000000e+00
0.00000000e+00
0.00000000e+00
0.00000000e+00
0.00000000e+00
-1.59697693e+00
-2.01388610e+00
-1.84250996e+00
0.00000000e+00
0.00000000e+00
0.00000000e+00
-7.10928785e-02
-1.93518075e+00
-1.00509598e-01
4.26643855e-01
1.26048496e-01
1.30731851e-01
4.95612316e-01
6.16862728e-01
-1.25099784e-02
0.00000000e+00
-1.20988563e-01
-4.78216590e-01
-1.22081666e+00
1.80673049e-01
8.20332428e-01
5.45106891e-01
1.96542333e-01
-9.56224671e-01
-4.61827385e-01
-2.36968265e-02
-2.23398912e+00
0.00000000e+00
0.00000000e+00
0.00000000e+00
9.38946647e-02
-2.87651576e+00
-1.41664594e-01
5.61136223e-01
3.43136730e-02
6.01858253e-01
9.81410207e-01
1.60826893e-01
-6.10794966e-01
0.00000000e+00
5.81908814e-01
-2.54462074e-01
-1.38807348e+00
5.36125893e-01
-7.67547414e-01
4.74513607e-01
3.71347533e-01
-1.01855710e+00
3.97385155e-02
3.86551988e-01
4 1
-9.4799e-01 3.7791e-01
3 1
0 1 2 
217
4.48149748e-01
5.45208385e-01
-1.88107601e-01
-8.66090514e-01
-4.53495369e-01
-3.97963523e-01
-3.02258120e-01
4.68108214e-01
3.49994000e-01
5.00116601e-01
1.42115203e+00
-1.14948228e+00
-5.67242795e-01
-3.33812421e-01
2.76229957e-01
8.36273949e-03
3.64769374e-01
-1.01950202e-01
9.07187468e-03
4.44512019e-01
-1.28495308e-01
7.55375406e-03
3.18747248e-01
4.02365301e-01
5.66939113e-04
3.51152748e-01
0.00000000e+00
0.00000000e+00
8.15765702e-01
1.61568257e+00
2.61266887e-01
-5.51710193e-01
-6.42978972e-01
-1.04987624e+00
0.00000000e+00
0.00000000e+00
0.00000000e+00
-1.34981201e-01
2.67648894e-01
3.13061213e-01
0.00000000e+00
0.00000000e+00
0.00000000e+00
0.00000000e+00
0.00000000e+00
5.01531955e-01
-1.84761119e-01
3.47885254e-02
-4.51752038e-01
-3.46330392e-01
5.79190760e-01
3.13061213e-01
0.00000000e+00
0.00000000e+00
0.00000000e+00
0.00000000e+00
0.00000000e+00
0.00000000e+00
0.00000000e+00
0.00000000e+00
9.27040498e-01
-1.84761119e-01
-2.96550474e-01
1.07775554e-01
-1.62677108e-01
6.78415649e-03
1.47621409e-01
1.05138439e+00
3.55429893e-01
8.63456034e-01
3.57179879e-01
-6.51309511e-01
-1.75731410e+00
4.74409903e-01
-1.50689032e+00
2.67869476e-01
-5.89067964e-02
0.00000000e+00
3.54111692e-01
-1.39762444e-01
-2.04161982e-02
1.03240957e+00
1.14585742e-01
1.13696119e-01
0.00000000e+00
0.00000000e+00
0.00000000e+00
0.00000000e+00
0.00000000e+00
0.00000000e+00
0.00000000e+00
0.00000000e+00
0.00000000e+00
0.00000000e+00
0.00000000e+00
0.00000000e+00
0.00000000e+00
0.00000000e+00
0.00000000e+00
0.00000000e+00
0.00000000e+00
0.00000000e+00
0.00000000e+00
0.00000000e+00
0.00000000e+00
0.00000000e+00
0.00000000e+00
0.00000000e+00
0.00000000e+00
0.00000000e+00
0.00000000e+00
0.00000000e+00
0.00000000e+00
0.00000000e+00
0.00000000e+00
0.00000000e+00
0.00000000e+00
0.00000000e+00
0.00000000e+00
-1.93660716e+00
-2.54950488e+00
-1.83049222e+00
0.00000000e+00
0.00000000e+00
0.00000000e+00
4.11182654e-04
-1.27111937e-01
-1.15075593e-01
7.12671405e-01
-2.93729978e-01
6.50006262e-01
1.65469171e+00
8.05877326e-01
1.05978929e-01
0.00000000e+00
2.26976831e-01
2.17360808e-01
-2.81519218e-01
8.14496086e-01
-1.03581801e+00
-9.53434045e-01
-4.62359211e-01
-4.19288952e-01
2.69075933e-01
-9.22310959e-01
-5.45872602e-01
0.00000000e+00
0.00000000e+00
0.00000000e+00
5.19218668e-01
-2.46404026e-01
6.00330297e-01
6.37393492e-01
5.91254875e-01
-8.81021204e-02
-4.98993731e-01
6.93977325e-01
-9.64817071e-02
0.00000000e+00
4.01757519e-01
-4.02969491e-01
-4.90050976e-01
9.23168761e-02
3.07130681e-01
1.34794978e+00
1.12641654e+00
-3.28731911e-02
3.65019689e-01
8.95908829e-01
-1.96967435e+00
0.00000000e+00
0.00000000e+00
0.00000000e+00
2.24900679e-01
-8.23547899e-01
-1.76050939e-01
2.20011537e-01
6.54559545e-02
5.34724625e-01
1.26115524e+00
-6.83589375e-01
1.83429362e-01
0.00000000e+00
-6.67843885e-01
-4.36726637e-02
-4.55621756e-01
1.04093205e+00
-3.79464069e-01
-1.90696748e-01
-6.26961526e-01
-7.23228101e-01
-2.55623004e-01
-4.73983833e-01
-4.28471323e-01
0.00000000e+00
0.00000000e+00
0.00000000e+00
7.34578411e-02
-9.71326010e-01
-2.28751751e-01
-2.12355449e-01
-4.50434052e-01
-1.10848408e-01
-3.01643753e-01
5.36991437e-01
-4.60961288e-01
0.00000000e+00
6.94321757e-01
-2.73974606e-01
-1.90992105e-01
-1.03468539e-01
3.33051122e-01
7.07187779e-03
5.10387193e-01
-8.65582955e-02
4.34697591e-01
3.72864115e-01
136
2.42860990e+00
3.24514329e-01
1.47097678e-02
7.27139054e-01
1.21023993e-04
6.73104563e-01
7.42210262e-04
7.03851959e-01
3.62464120e-04
0.00000000e+00
0.00000000e+00
1.05857290e+00
7.65976955e-01
3.71440464e-01
-6.17646776e-02
-7.97835533e-02
3.74167820e-01
0.00000000e+00
0.00000000e+00
5.81675389e-01
-6.00716461e-01
9.46406669e-01
1.50124431e+00
0.00000000e+00
0.00000000e+00
0.00000000e+00
0.00000000e+00
5.81675389e-01
4.28508895e-01
-1.28797632e+00
3.49792475e-01
2.58750963e-01
8.48748531e-01
-2.52134336e-01
1.50124431e+00
0.00000000e+00
0.00000000e+00
0.00000000e+00
0.00000000e+00
0.00000000e+00
0.00000000e+00
0.00000000e+00
0.00000000e+00
0.00000000e+00
0.00000000e+00
0.00000000e+00
-1.55508073e-01
-5.44176231e-01
-4.38001110e-02
-4.93368222e-01
-3.78159132e-01
1.24238189e+00
8.75301889e-01
1.00014338e-01
7.72901157e-01
-6.01736799e-01
8.91199399e-02
-1.71195000e-02
-9.74651667e-03
-2.52676510e-01
-1.72739875e+00
-1.28797632e+00
1.53600839e+00
0.00000000e+00
0.00000000e+00
0.00000000e+00
0.00000000e+00
0.00000000e+00
0.00000000e+00
0.00000000e+00
0.00000000e+00
0.00000000e+00
0.00000000e+00
0.00000000e+00
0.00000000e+00
0.00000000e+00
0.00000000e+00
0.00000000e+00
0.00000000e+00
0.00000000e+00
0.00000000e+00
0.00000000e+00
0.00000000e+00
0.00000000e+00
0.00000000e+00
0.00000000e+00
-1.49242829e+00
-1.90779614e+00
-1.82611695e+00
0.00000000e+00
0.00000000e+00
0.00000000e+00
-2.57180221e-02
-1.71521554e+00
-1.16102169e-01
4.32852048e-01
2.40458435e-01
4.19920781e-02
6.27131529e-01
5.94834591e-01
1.19215046e-01
0.00000000e+00
-4.83519365e-02
-2.74056222e-01
-1.09200909e+00
1.20701911e-01
8.42045724e-01
4.04279382e-02
-2.20187982e-01
-9.25636004e-01
-3.77790509e-01
-9.07087637e-02
-2.10424458e+00
0.00000000e+00
0.00000000e+00
0.00000000e+00
4.19649524e-02
-2.37620382e+00
-2.97967737e-01
4.15307024e-01
8.74359676e-02
2.49934356e-01
7.22681009e-01
2.80023837e-02
-8.24707107e-03
0.00000000e+00
3.24549224e-01
-7.48302476e-02
-1.33515878e+00
3.59812743e-01
9.32391669e-02
2.99224950e-01
2.81471697e-01
-1.21411730e+00
-2.88423555e-02
3.27499261e-01
7 2
-1.1696e+00 4.4129e-01
4 -1
0 1 2 4 
217
8.33627625e-01
3.91184147e-01
2.33577031e-01
-2.49812995e-01
-4.23088940e-01
-5.98106511e-04
4.75275141e-01
-1.87453878e-01
6.23378443e-01
4.15732620e-01
1.16336883e+00
-4.12354282e-01
-1.00530585e+00
-4.75735395e-01
2.38426265e-01
-2.72897955e-02
5.43892293e-01
2.88168323e-01
-8.76134664e-03
3.00123726e-01
1.10502210e-02
2.33842608e-03
-1.95880615e-01
2.95982816e-01
-6.91890263e-03
-1.17629327e-01
0.00000000e+00
0.00000000e+00
-9.56684328e-01
4.50904790e-01
7.25324965e-01
6.30014812e-01
2.38181080e-01
-2.54113695e-01
0.00000000e+00
0.00000000e+00
0.00000000e+00
1.68422891e-02
1.07321339e-01
3.06247325e-01
4.75562520e-01
0.00000000e+00
0.00000000e+00
0.00000000e+00
0.00000000e+00
-1.71079951e-01
2.18590674e-02
-7.23993581e-02
1.66063173e-01
5.16562455e-01
-4.02957864e-01
-2.06007007e-01
0.00000000e+00
4.65254180e-02
2.63412944e-01
5.14839060e-01
0.00000000e+00
-3.49770743e-01
3.47186014e-01
4.75562520e-01
1.09155785e-01
2.85272011e-01
5.11545677e-01
4.66310704e-01
-3.86915474e-01
5.57477073e-01
3.03895242e-01
7.33425364e-01
4.50337153e-01
6.11585816e-01
-1.78327482e-01
7.04597308e-02
-3.50286808e-01
6.13576561e-01
-1.09721973e+00
3.27918816e-01
-4.18410016e-01
3.64132969e-01
1.66678363e-01
-8.10161547e-01
-1.58386434e-01
7.59533315e-01
4.61202726e-01
-4.93732901e-01
6.74087372e-02
-2.87714070e-01
-2.52804261e+00
5.39062305e-01
9.98647520e-01
5.14870653e-01
1.12376593e+00
0.00000000e+00
0.00000000e+00
0.00000000e+00
0.00000000e+00
0.00000000e+00
0.00000000e+00
0.00000000e+00
0.00000000e+00
0.00000000e+00
0.00000000e+00
0.00000000e+00
0.00000000e+00
0.00000000e+00
0.00000000e+00
0.00000000e+00
0.00000000e+00
0.00000000e+00
0.00000000e+00
0.00000000e+00
0.00000000e+00
0.00000000e+00
0.00000000e+00
0.00000000e+00
0.00000000e+00
0.00000000e+00
0.00000000e+00
0.00000000e+00
0.00000000e+00
-1.69889716e+00
-2.96740610e+00
-1.36656415e+00
0.00000000e+00
0.00000000e+00
0.00000000e+00
-1.31694979e+00
6.39682179e-01
-1.91407154e-01
2.35091231e-01
1.18321790e-01
-5.90401030e-01
9.08268078e-01
1.49164451e+00
3.40005972e-01
0.00000000e+00
-1.97710204e+00
-3.69320009e-01
-4.51258409e-01
1.55611721e-01
8.72256343e-01
-1.74133159e-01
-6.94409241e-01
-9.22227376e-01
2.77399449e-01
2.82362777e-01
-2.39153605e-01
0.00000000e+00
0.00000000e+00
0.00000000e+00
5.39422211e-01
-1.17780845e+00
7.79995814e-02
4.74532147e-01
-3.28945467e-01
6.71339660e-01
4.87402932e-02
-1.63638376e-01
-3.32908971e-02
0.00000000e+00
7.51868174e-01
-3.44425236e-01
-4.33241491e-01
-2.87706759e-01
-5.68502147e-03
1.94933289e-01
2.14749348e-01
3.57948601e-02
-2.78352933e-01
-1.95438540e-01
-2.68039212e+00
0.00000000e+00
0.00000000e+00
0.00000000e+00
-5.54498716e-01
-3.43255947e-02
-2.88606078e-01
5.36678047e-01
1.07897148e+00
9.14606921e-01
-9.86400953e-02
4.50210391e-01
1.06467181e-01
0.00000000e+00
-2.00929131e-01
-2.01815110e-01
-2.32079898e-01
-3.04049255e-01
4.22027639e-01
-7.23184892e-01
-1.32424643e-01
-4.36032768e-01
3.19798800e-01
9.10452946e-01
-7.32846448e-01
0.00000000e+00
0.00000000e+00
0.00000000e+00
9.30800235e-01
-7.03176558e-02
2.18910665e-01
2.22099361e-01
-2.32261750e-02
2.38729300e-01
6.31408882e-01
4.44391881e-01
-1.08133651e-01
0.00000000e+00
8.28404745e-01
2.56370390e-01
4.60020744e-01
1.08667982e+00
7.00109975e-01
1.14294116e+00
5.26257005e-01
-9.34971576e-02
6.07855614e-01
4.74420528e-01
136
2.53947003e+00
5.45147404e-01
5.25034985e-03
8.31010886e-01
-2.59547603e-03
7.16026955e-01
-2.02042021e-03
4.47284781e-01
4.65027090e-04
0.00000000e+00
0.00000000e+00
8.69775569e-01
8.51102460e-01
3.77659326e-01
-3.77536133e-02
-1.00175030e-02
4.88703787e-01
0.00000000e+00
0.00000000e+00
4.39054840e-01
-5.86369490e-01
2.76779988e-01
1.24740022e+00
1.16260447e+00
0.00000000e+00
0.00000000e+00
0.00000000e+00
4.39054840e-01
7.54481799e-01
-1.75200869e+00
1.01692494e+00
3.90902051e-01
1.07728324e+00
-7.06226229e-02
8.26030287e-01
0.00000000e+00
3.30839187e-01
-1.85764802e+00
6.17919003e-01
-2.19996733e-01
-7.59358809e-01
5.62809740e-01
1.16260447e+00
0.00000000e+00
0.00000000e+00
0.00000000e+00
-1.13465751e+00
-1.35259658e+00
-5.38115662e-02
-5.69516151e-01
-3.76567706e-01
1.14440372e+00
8.89057203e-01
-2.49528592e-02
5.27493114e-01
-1.31555925e+00
-1.11740077e-01
-3.18441518e-01
1.34359962e-01
-2.14661764e-01
-6.78990066e-01
5.08542715e-01
8.06768862e-01
1.37900921e-01
1.94275528e-01
-1.26220780e-01
0.00000000e+00
0.00000000e+00
0.00000000e+00
0.00000000e+00
0.00000000e+00
0.00000000e+00
0.00000000e+00
0.00000000e+00
0.00000000e+00
0.00000000e+00
0.00000000e+00
0.00000000e+00
0.00000000e+00
0.00000000e+00
0.00000000e+00
0.00000000e+00
0.00000000e+00
0.00000000e+00
0.00000000e+00
0.00000000e+00
-1.61527808e+00
-1.67576960e+00
-1.90946065e+00
0.00000000e+00
0.00000000e+00
0.00000000e+00
2.21515994e-03
-2.13436473e+00
-1.59169042e-01
3.58798510e-01
2.98956905e-01
-1.28922601e-01
5.01770046e-01
3.95808011e-01
1.67086877e-02
0.00000000e+00
4.20275541e-02
-3.04405649e-01
-1.15525926e+00
2.02237887e-01
8.69865188e-01
4.39993449e-01
2.33727803e-01
-1.06984412e+00
-3.81407193e-01
6.18027484e-02
-2.01732540e+00
0.00000000e+00
0.00000000e+00
0.00000000e+00
1.85387972e-02
-2.21886902e+00
-2.20197511e-01
3.06384375e-01
-8.18203642e-03
3.76944224e-01
7.93179659e-01
1.29752955e-02
-2.33831660e-02
0.00000000e+00
4.41515059e-01
-5.13364302e-02
-1.42555474e+00
3.67500753e-01
8.52468749e-02
1.84366572e-01
4.53294155e-01
-1.16525867e+00
-5.46296460e-02
1.10140052e-01
12 1
-1.3467e+00 4.6493e-01
5 1
0 1 2 4 7 
217
1.62985915e+00
-2.01685010e-01
-8.27927335e-01
-5.69919869e-02
6.12554607e-01
-6.04881443e-01
3.46891183e-01
1.13823492e-01
3.64813653e-01
1.36156835e-01
-5.74487247e-01
-8.86669090e-01
8.80086950e-01
8.86645234e-01
1.36470112e-01
3.55410778e-02
4.22647490e-01
-8.16692589e-01
1.57251731e-02
9.93496086e-01
9.12398563e-01
-1.61254857e-03
6.69897036e-01
1.39768306e+00
2.52544459e-04
4.32438966e-01
0.00000000e+00
0.00000000e+00
1.58801934e+00
2.07115988e+00
4.99864104e-01
-4.07777934e-01
-3.93472051e-01
-1.72793420e+00
0.00000000e+00
0.00000000e+00
6.04366669e-01
-9.14509879e-02
-6.42690630e-01
2.81414367e-02
7.13317608e-01
1.01817505e+00
0.00000000e+00
0.00000000e+00
6.04366669e-01
1.21729024e-01
-1.13589899e+00
-6.59350168e-01
2.26074688e-01
2.13069210e+00
5.60364466e-01
-8.89119935e-01
0.00000000e+00
-1.00978596e-01
1.05988729e+00
1.02874264e+00
0.00000000e+00
-9.93616178e-01
1.64978892e+00
7.76400933e-01
3.95019967e-01
-1.09951881e-01
7.40424391e-01
5.37974010e-01
-3.22614684e-01
-3.36269204e-01
2.73174507e-01
9.23033145e-01
1.14132531e+00
2.06710252e+00
4.31654878e-01
-1.19261089e+00
-1.80492250e+00
1.24176010e+00
-1.41846905e+00
1.14905506e+00
9.09836982e-01
0.00000000e+00
8.84557689e-01
-9.42223765e-02
2.14090812e-01
7.43688137e-01
5.31210645e-01
-4.54656839e-01
0.00000000e+00
9.58857854e-01
-5.61092844e-01
3.13437590e-01
7.72846566e-02
3.57563703e-01
1.90406135e+00
5.52009456e-05
1.99683930e-01
0.00000000e+00
8.71078953e-01
-1.09342829e+00
5.59041062e-01
2.23376118e-01
0.00000000e+00
0.00000000e+00
0.00000000e+00
0.00000000e+00
0.00000000e+00
0.00000000e+00
0.00000000e+00
0.00000000e+00
0.00000000e+00
0.00000000e+00
0.00000000e+00
0.00000000e+00
0.00000000e+00
0.00000000e+00
0.00000000e+00
0.00000000e+00
0.00000000e+00
0.00000000e+00
0.00000000e+00
0.00000000e+00
0.00000000e+00
-2.00472386e+00
-2.32197820e+00
-1.57422907e+00
0.00000000e+00
0.00000000e+00
0.00000000e+00
5.37643835e-01
-9.23635832e-02
9.71540813e-01
6.77887304e-01
4.16729357e-01
8.02887355e-01
5.37450208e-02
1.79272010e+00
-2.98362463e-01
0.00000000e+00
-7.88988034e-01
-1.24017453e-01
-2.06978758e-01
-1.59348946e-01
3.51879571e-01
-8.68394144e-01
4.65433619e-01
-6.63826688e-01
7.24696795e-01
-7.76435793e-01
-1.01769765e+00
0.00000000e+00
0.00000000e+00
0.00000000e+00
2.52792320e-01
-1.85518875e-01
3.32420494e-01
8.23782688e-01
7.67258438e-01
-3.85082222e-01
6.28016789e-01
2.57991982e-01
-7.15075071e-02
0.00000000e+00
9.19753038e-01
-4.69998892e-01
-5.53314891e-01
7.24780895e-01
4.30209873e-01
1.52464521e+00
1.11178562e+00
5.24433049e-01
3.70062369e-01
9.96094741e-01
-1.64436122e+00
0.00000000e+00
0.00000000e+00
0.00000000e+00
1.19428885e+00
-6.22581486e-02
-9.47001962e-02
1.45859303e-01
1.07335820e+00
8.28167449e-01
1.05172426e+00
-2.09915928e+00
-8.34896299e-01
0.00000000e+00
5.86662059e-01
-2.70928278e-01
-3.48030468e-01
1.46575058e+00
-2.48842925e-01
5.13662937e-01
-3.88078271e-01
-1.91396347e+00
-7.05069928e-02
5.60287746e-01
-9.39225425e-01
0.00000000e+00
0.00000000e+00
0.00000000e+00
-3.11649642e-01
-8.71136061e-02
-4.97703456e-01
-3.60197303e-01
-1.02482137e-01
-5.77509527e-02
1.92643000e-01
6.68583752e-01
8.46679245e-01
0.00000000e+00
5.26121974e-01
-2.44982685e-01
2.27135038e-01
-2.00543308e-01
8.64139122e-01
-2.93193247e-01
3.68804626e-01
8.38285410e-01
7.52592440e-01
1.42734145e-01
136
1.35901753e+00
2.79797684e-01
5.85392792e-03
3.55803014e-01
2.11542878e-03
3.24196396e-01
2.07868104e-03
3.99220436e-01
4.54181747e-04
0.00000000e+00
0.00000000e+00
6.59419645e-01
5.33866460e-01
2.62077149e-01
-1.37444941e-01
-2.28993564e-01
2.70092782e-01
0.00000000e+00
0.00000000e+00
3.98158783e-01
-2.60998082e-01
4.54438995e-01
3.64734440e-01
5.80217705e-03
3.96881218e-01
0.00000000e+00
0.00000000e+00
3.94495053e-01
4.53888102e-01
-3.06861443e-01
3.88748889e-02
4.12848860e-01
5.07911761e-01
-7.57648166e-01
5.62431839e-01
0.00000000e+00
-2.10214300e-01
-8.84344316e-01
4.28538271e-01
-5.39940514e-02
-2.77352941e-01
3.07064358e-01
7.30954310e-01
0.00000000e+00
0.00000000e+00
0.00000000e+00
-2.95348255e-01
-5.80666147e-01
1.84576486e-01
-3.08194596e-01
-3.77043399e-01
6.31738014e-01
6.08269775e-01
-7.89412470e-02
4.72966409e-01
-9.88423712e-01
-2.22546129e-02
-5.09438269e-02
2.37720536e-01
-6.85221952e-02
-4.41498295e-01
-1.03246293e+00
2.92445596e-01
4.02815602e-01
3.60133417e-02
-6.03483117e-01
3.59942590e-01
1.08871119e+00
-3.00025705e-01
4.23285943e-01
-1.03331225e-01
0.00000000e+00
0.00000000e+00
0.00000000e+00
0.00000000e+00
0.00000000e+00
0.00000000e+00
0.00000000e+00
0.00000000e+00
0.00000000e+00
0.00000000e+00
0.00000000e+00
0.00000000e+00
0.00000000e+00
0.00000000e+00
0.00000000e+00
-1.42328791e+00
-1.88097930e+00
-1.81716345e+00
0.00000000e+00
0.00000000e+00
0.00000000e+00
2.16627511e-02
-1.58790852e+00
-2.33307206e-01
3.84275866e-01
5.48957492e-02
1.83772841e-01
4.78551120e-01
4.96126702e-01
1.63492650e-01
0.00000000e+00
-1.02732807e-01
-1.95924830e-01
-1.21177949e+00
9.93051769e-02
8.32571915e-01
3.09373035e-01
-2.41321371e-02
-1.01517205e+00
-3.53355043e-01
-1.16879190e-01
-2.12027176e+00
0.00000000e+00
0.00000000e+00
0.00000000e+00
9.06906985e-02
-2.06374345e+00
-2.21501200e-01
3.27693414e-01
1.52659202e-02
2.98667321e-01
6.87473691e-01
8.02252361e-02
-8.16703107e-03
0.00000000e+00
3.20232874e-01
-6.22448979e-02
-1.47947393e+00
3.11651127e-01
1.17413067e-01
2.55670988e-01
3.43937645e-01
-1.29127716e+00
-7.69273297e-02
2.34141251e-01
3 1
-1.4019e+00 4.7012e-01
6 0
0 1 2 4 7 12 
217
1.01886723e+00
-7.03598367e-01
-8.60020417e-02
-1.28789121e-01
6.74589545e-01
-1.39924067e-01
5.55149986e-01
-1.01728442e-01
2.05799332e-01
-9.49025187e-01
-7.77273681e-01
-6.50697728e-02
3.60602047e-01
3.23226001e-01
1.86406389e-02
1.49192509e-02
-1.27168452e-01
9.49667734e-01
-1.21100747e-02
-3.14451050e-01
-3.15734841e-01
-1.92449513e-03
1.99391270e-02
3.66293697e-01
-8.74176902e-04
-4.33505301e-01
0.00000000e+00
0.00000000e+00
1.55487350e+00
1.56694078e-01
-5.92549056e-02
-9.79077350e-02
-8.01313953e-01
2.65776244e-01
0.00000000e+00
0.00000000e+00
3.59426346e-01
3.81737785e-01
8.77242359e-03
-2.46454487e-01
-1.40000621e-01
5.71985173e-01
8.34006104e-02
0.00000000e+00
1.32324893e+00
-1.83768018e-01
-6.95344656e-01
1.50700956e-01
6.17580782e-01
-2.24869266e-01
1.76011076e-01
-2.62774851e-01
0.00000000e+00
-2.88472250e-01
-1.00690204e+00
1.32787792e+00
0.00000000e+00
-1.40545073e+00
0.00000000e+00
1.36328493e+00
9.69167010e-01
-5.36169820e-01
2.26443692e-01
1.99626791e-02
5.22375849e-01
2.11256574e-01
2.09870097e-01
1.43110156e+00
2.66658604e-01
1.02404497e+00
-3.04267774e-01
1.36954434e-01
-2.82134505e+00
7.29956886e-01
-9.04575660e-01
4.56223683e-01
2.05188274e-01
5.67086877e-02
7.72886447e-01
2.73904316e-01
-6.50302328e-02
8.15231203e-01
2.54302326e-01
3.13682007e-01
6.01067576e-01
2.99717379e-01
-1.32277294e+00
4.82440812e-01
1.19336596e-01
-3.64358539e-01
-3.33663439e-01
0.00000000e+00
4.29917043e-01
2.79946924e-01
3.81031904e-01
-6.54764438e-01
2.07918281e-01
2.31144864e-01
6.17253157e-01
5.00381683e-01
-2.21828703e-02
-6.55622847e-01
-2.56545410e-01
5.56855235e-01
5.91093113e-01
0.00000000e+00
0.00000000e+00
0.00000000e+00
0.00000000e+00
0.00000000e+00
0.00000000e+00
0.00000000e+00
0.00000000e+00
0.00000000e+00
0.00000000e+00
0.00000000e+00
0.00000000e+00
0.00000000e+00
0.00000000e+00
-1.02665503e+00
-2.68601391e+00
-1.81043637e+00
0.00000000e+00
0.00000000e+00
0.00000000e+00
-6.30832446e-01
-4.24096415e-01
-9.72670806e-01
9.48292677e-01
4.57996179e-01
4.49644730e-01
-7.51829525e-01
2.89117344e-01
-9.43339083e-01
0.00000000e+00
1.50747637e+00
-7.93340133e-01
-8.03733393e-01
4.50348477e-02
1.96202262e+00
-3.53154222e-01
-1.01580116e+00
-1.04376812e+00
3.80799452e-01
-1.18255293e-01
7.07684973e-02
0.00000000e+00
0.00000000e+00
0.00000000e+00
4.65201409e-01
-1.34544119e+00
1.58265588e-01
-3.10437719e-01
-7.38486527e-02
8.92426229e-02
5.13321344e-01
2.23366218e-01
-1.23251027e-01
0.00000000e+00
-6.44174050e-01
5.59791569e-01
-5.50418108e-01
2.06713468e-01
-8.51718329e-01
5.98919929e-01
7.12727478e-01
1.53087931e-01
7.24444076e-02
2.16975607e-01
-3.30064599e+00
0.00000000e+00
0.00000000e+00
0.00000000e+00
-4.32285881e-01
-1.74696109e-02
-1.47190492e+00
1.03040206e-01
8.26943695e-01
1.01597033e-01
-6.06273362e-01
-3.97011374e-01
1.91989335e-01
0.00000000e+00
1.52130029e+00
-9.35278971e-04
-8.11641561e-01
3.45359434e-01
5.34700345e-02
1.88122460e+00
7.51381889e-01
-5.19967926e-01
-1.31454417e-01
5.45444195e-01
-5.01291214e-01
0.00000000e+00
0.00000000e+00
0.00000000e+00
1.15664162e+00
-2.05503313e-02
1.02667617e+00
7.08869991e-01
1.18010259e-01
1.13706621e+00
1.60283653e+00
9.92453330e-01
-2.71646053e-01
0.00000000e+00
-1.47219126e-02
-1.50093407e-03
9.16197654e-02
-8.20829897e-02
1.20171582e+00
2.02629681e-03
2.82374163e-02
-4.03064869e-01
9.26809061e-01
-3.52450791e-01
136
1.41240364e+00
1.03858647e+00
-2.23972206e-02
2.58834626e-01
-1.92677287e-03
-3.01264280e-02
3.78086694e-03
1.45108979e-01
6.64263438e-04
0.00000000e+00
0.00000000e+00
5.68175139e-01
5.50071022e-01
3.16357024e-01
-1.65642404e-01
-1.62262086e-01
3.05704948e-01
0.00000000e+00
0.00000000e+00
9.53892087e-02
5.71450922e-03
4.65516649e-01
2.21331365e-01
8.16844482e-03
3.38827885e-01
2.77455581e-01
0.00000000e+00
9.53017672e-02
7.00735036e-01
-8.39827951e-01
1.90592276e-02
5.80863447e-01
1.08249266e+00
-9.07216648e-01
7.46725280e-01
0.00000000e+00
-3.62894572e-01
-6.93352454e-01
8.43981400e-01
-3.06600582e-01
-6.43545186e-01
3.49803757e-01
7.46878461e-01
0.00000000e+00
0.00000000e+00
0.00000000e+00
-1.08990574e+00
-6.31122927e-01
1.89536442e-01
-3.17192131e-01
-4.19593717e-01
6.09602168e-01
5.36750402e-01
9.67548743e-03
4.78701866e-01
-7.86071497e-01
-1.24280896e-01
-1.12716650e-01
1.67251849e-01
-4.41172420e-02
-4.19310954e-01
-6.43873381e-01
-1.53910538e-01
2.16229047e-01
-4.61863853e-02
-1.72863939e-01
1.10995266e-01
1.41888196e+00
-3.40864378e-01
5.53907057e-01
-1.78913440e-01
8.59777243e-01
4.26019620e-01
-2.28312563e-01
1.86458139e-01
7.54842315e-04
0.00000000e+00
0.00000000e+00
0.00000000e+00
0.00000000e+00
0.00000000e+00
0.00000000e+00
0.00000000e+00
0.00000000e+00
0.00000000e+00
0.00000000e+00
-1.74871804e+00
-1.76772763e+00
-2.02020780e+00
0.00000000e+00
0.00000000e+00
0.00000000e+00
-3.48223121e-02
-1.72529629e+00
-2.01697528e-01
3.54298608e-01
1.87444519e-01
-5.36755256e-02
5.15379698e-01
4.22155855e-01
1.24479083e-01
0.00000000e+00
1.73850144e-02
-3.31459393e-01
-1.21488910e+00
1.45825089e-01
8.55651451e-01
2.91833791e-01
1.83339345e-01
-1.05150295e+00
-4.85294395e-01
-1.93627535e-02
-2.09132194e+00
0.00000000e+00
0.00000000e+00
0.00000000e+00
7.33637111e-02
-2.35540740e+00
-2.59692342e-01
3.06108952e-01
1.23496893e-01
2.59892444e-01
6.30008402e-01
2.26565137e-02
3.29780142e-02
0.00000000e+00
2.95642900e-01
-5.89179716e-02
-1.32392858e+00
3.81970744e-01
6.72569266e-02
2.31420086e-01
4.88471503e-01
-1.22903364e+00
-6.94364375e-03
2.29334549e-01
6 1
-1.5109e+00 4.7171e-01
7 0
0 1 2 4 7 12 3 
217
-1.88758788e-01
-7.95840693e-01
1.00903527e+00
-9.63371579e-02
1.55806466e-01
-3.91806213e-01
-5.24442709e-01
4.12043018e-01
-1.15081640e-01
2.62171804e-01
3.73889893e-01
8.60983075e-02
-7.89307984e-02
-2.47397220e-01
-5.15295924e-01
1.36778133e-02
2.13920611e-01
8.35181648e-01
-1.86634116e-02
-2.48210455e-02
-9.47933481e-03
9.89978253e-04
-1.62761092e-01
-4.99165178e-01
-1.96300043e-04
1.46111719e-01
0.00000000e+00
0.00000000e+00
1.58749475e+00
2.38983078e-01
8.26528937e-02
-5.76064797e-01
-1.50743365e+00
-1.43910717e-02
0.00000000e+00
0.00000000e+00
0.00000000e+00
-4.24138703e-01
3.91318518e-01
-3.26062511e-01
-3.29253937e-01
6.14057475e-02
3.02565725e-01
1.35406372e-01
0.00000000e+00
3.52372611e-01
-6.96865102e-01
3.48320300e-01
0.00000000e+00
-2.81734288e-01
2.50037116e-01
-3.96491923e-01
0.00000000e+00
-6.45372571e-01
-1.42411713e+00
1.67761647e+00
0.00000000e+00
-1.84369109e-01
0.00000000e+00
6.60863047e-01
-3.53612388e-01
3.37883520e-01
-1.73029920e-01
-8.82832133e-01
-8.37131196e-01
2.19813353e-01
9.83837329e-01
1.29379318e+00
5.47367211e-01
1.34054854e+00
2.69746518e-01
-9.38069581e-01
-1.51435172e+00
4.90606743e-01
-7.49098940e-01
-1.10424676e-02
-6.75353366e-01
0.00000000e+00
1.69850642e-01
1.65433704e+00
-2.73399676e-01
7.68107929e-01
-1.89356858e-02
-7.74956396e-01
-2.95477821e-01
4.89486518e-02
-7.11500256e-01
-2.06474560e-01
2.88325332e-01
2.64244941e-01
-1.39009538e-01
0.00000000e+00
-2.36010118e-01
3.09215551e-01
1.35442135e-01
-9.12022338e-01
-8.81908047e-02
1.01807211e+00
-2.45770448e-01
1.97758859e-01
1.19308739e-01
-1.95801977e-01
-3.30774587e-01
5.50547772e-02
4.81052154e-01
0.00000000e+00
3.60386435e-01
5.92655571e-01
-1.02551917e-01
-1.12675189e+00
-4.46593307e-01
-7.75617114e-01
0.00000000e+00
0.00000000e+00
0.00000000e+00
0.00000000e+00
0.00000000e+00
0.00000000e+00
0.00000000e+00
-1.89541163e+00
-2.05930624e+00
-1.82304427e+00
0.00000000e+00
0.00000000e+00
0.00000000e+00
-1.61360898e+00
-8.19140528e-01
-7.90150472e-01
-1.90806709e-01
7.21174679e-01
-2.95927389e-01
-3.08444362e-02
1.31651623e+00
-2.63202124e-01
0.00000000e+00
8.79530794e-01
-3.20826512e-01
-1.35963108e+00
4.06720072e-01
7.49519715e-01
7.00061507e-01
-5.06705669e-01
6.15672545e-02
2.56752531e-01
-7.24043146e-01
-7.12452286e-02
0.00000000e+00
0.00000000e+00
0.00000000e+00
8.34684920e-01
-1.39535387e+00
9.21602258e-02
4.58401064e-01
-1.22088031e-01
2.12942239e-01
2.22206409e-01
1.70061489e-01
1.24238166e-01
0.00000000e+00
-5.41253372e-01
2.31281170e-03
6.85212914e-02
-1.17798817e-01
-4.07957326e-01
1.07483035e-01
4.33840776e-01
-5.13818483e-01
-2.88396192e-01
5.88568436e-01
-2.98142141e+00
0.00000000e+00
0.00000000e+00
0.00000000e+00
-4.88496697e-01
-1.58619697e-02
-3.12698450e+00
-1.31385400e-02
1.76213041e+00
8.81030063e-02
7.92177414e-01
-5.83776666e-01
-1.34207972e-01
0.00000000e+00
2.38671330e-01
-2.41632090e-01
-6.24438410e-01
2.03604130e+00
8.11592460e-01
2.30526336e+00
3.57421751e-01
-1.52482048e-01
7.48048265e-03
9.55206247e-02
-3.23006173e-01
0.00000000e+00
0.00000000e+00
0.00000000e+00
1.01677110e+00
-3.35943147e-02
2.46757648e+00
7.67111014e-01
-7.15462845e-01
1.23821004e+00
5.42507218e-01
1.09789679e+00
-1.74382943e-01
0.00000000e+00
6.51453463e-01
4.29454111e-02
4.12778401e-01
-8.94193506e-01
6.50202814e-01
-2.17820906e-01
9.92578141e-02
-1.70219514e-01
7.00338851e-01
2.50773791e-01
136
1.10546972e+00
8.37702381e-01
-1.37318544e-02
1.60111679e-01
-9.89344162e-04
-4.26017170e-03
3.14773221e-03
1.11915834e-01
6.22447065e-04
0.00000000e+00
0.00000000e+00
4.51985042e-01
4.74623372e-01
2.56857118e-01
-1.29755240e-01
-2.23700229e-01
2.75459659e-01
0.00000000e+00
0.00000000e+00
2.84133298e-02
-2.14403128e-01
4.14385449e-01
4.34272800e-01
2.54446181e-01
1.67535974e-01
1.46018705e-01
-1.25199591e-01
8.12211889e-01
4.30243072e-01
-8.41305807e-01
-1.69886319e-01
3.84910553e-01
9.03680791e-01
-8.38978062e-01
5.60479112e-01
0.00000000e+00
-4.75473878e-01
-7.49592949e-01
7.10667853e-01
-3.08728845e-01
-7.91248551e-01
2.24872240e-01
1.23086301e+00
0.00000000e+00
0.00000000e+00
0.00000000e+00
-8.23563457e-01
-4.70291913e-01
1.81239118e-01
-3.29955443e-01
-2.51358851e-01
4.69033153e-01
5.09317488e-01
-2.21014975e-02
4.22047353e-01
-1.17630672e+00
-7.70901932e-02
-1.83290337e-01
1.35899015e-01
-1.39682000e-01
-2.31000593e-01
-5.37184763e-01
9.85431751e-02
1.79135044e-01
-3.81252480e-02
-3.93202176e-01
8.61277784e-02
1.14777232e+00
-3.22244016e-01
4.27747414e-01
-1.51300361e-01
8.62336044e-01
1.92429896e-01
-2.83442695e-01
1.55742497e-01
2.82073911e-02
0.00000000e+00
1.01087969e+00
-5.47970416e-01
2.84541855e-01
-1.61958757e-01
0.00000000e+00
0.00000000e+00
0.00000000e+00
0.00000000e+00
0.00000000e+00
-1.63494128e+00
-1.71547981e+00
-1.99105209e+00
0.00000000e+00
0.00000000e+00
0.00000000e+00
4.92140909e-02
-1.69353123e+00
-1.81070209e-01
3.22157776e-01
1.91385673e-01
7.46910958e-05
4.58303432e-01
3.12483773e-01
1.01030946e-01
0.00000000e+00
2.77321037e-02
-2.33990796e-01
-1.40711697e+00
1.45160974e-01
8.68694423e-01
3.45346314e-01
1.78207335e-01
-1.08575517e+00
-3.88366782e-01
-1.01245697e-03
-2.12760977e+00
0.00000000e+00
0.00000000e+00
0.00000000e+00
1.25691040e-01
-2.21456781e+00
-3.70951475e-01
3.42124839e-01
2.87392132e-02
1.39927277e-01
7.36350901e-01
8.28372933e-02
3.36258090e-02
0.00000000e+00
3.24105150e-01
-1.22326394e-01
-1.40340060e+00
3.61199612e-01
1.34681515e-01
2.61317229e-01
4.55352276e-01
-1.30914631e+00
4.82178889e-02
2.18612767e-01
5 1
-2.0889e+00 5.1146e-01
8 1
0 1 2 4 7 12 3 6 
217
4.62945701e-01
-1.63207566e-01
-1.32069755e-01
-2.29782018e-01
-1.74009359e-01
-5.33785117e-01
2.69033512e-02
6.42752075e-01
9.45204032e-01
2.98289264e-01
-1.68075646e-01
2.18209280e-02
-1.67076676e-01
-2.48018584e-01
-1.68164307e-01
-5.38177938e-02
9.48267731e-01
-2.67164863e-01
3.62304050e-03
-3.22702976e-02
-1.50996999e-01
2.53093765e-03
2.56328646e-01
1.04927187e+00
-5.59381037e-04
-2.46489743e-01
0.00000000e+00
0.00000000e+00
9.76298341e-01
1.38417419e+00
1.55633282e-01
-4.87970272e-01
-7.77584561e-01
-7.87605280e-01
0.00000000e+00
0.00000000e+00
0.00000000e+00
-6.32554374e-01
-1.21608462e-01
2.74239894e-01
-1.20012594e-01
1.86558298e-02
4.68133159e-01
5.76092248e-01
0.00000000e+00
1.19553500e+00
-1.23415866e+00
7.29743958e-01
0.00000000e+00
8.33057943e-01
-1.04855160e-01
-7.45339407e-01
0.00000000e+00
-1.25765260e-01
-1.45060712e+00
1.07809521e+00
0.00000000e+00
0.00000000e+00
0.00000000e+00
5.35422100e-01
4.10759417e-01
1.95449496e-01
-1.43263212e-01
-3.87788139e-01
1.72892036e-02
-1.27710477e+00
3.60025442e-01
7.50978214e-01
4.73419195e-01
5.37405531e-01
-1.68359907e-01
-9.75364331e-01
0.00000000e+00
8.02825332e-01
5.80847542e-01
8.03844607e-01
-6.33514744e-02
0.00000000e+00
2.85034835e-02
2.38864174e-01
1.73667666e-01
9.84508159e-01
2.60990123e-01
1.21711723e-02
-4.27892497e-01
7.78265549e-01
0.00000000e+00
5.93502131e-01
-1.19372792e-01
-4.80929481e-01
-1.21940359e+00
-5.54579283e-01
-1.99237462e-01
0.00000000e+00
2.60839335e-01
8.74074540e-03
9.55923110e-01
-1.99486521e-01
-4.29903925e-01
2.67098402e-01
1.04044330e-01
1.42800281e-01
-3.37318625e-01
4.82950944e-01
4.07238636e-01
1.47182937e-02
-2.13084029e-01
2.25307988e-01
9.00480646e-01
-1.32581200e+00
-2.39169209e-01
-4.42902589e-01
-4.16235777e-04
-4.80249299e-01
-4.42648637e-01
3.25955163e-01
-1.15829061e+00
6.17656072e-01
9.86617949e-01
-1.04042494e+00
-2.44784253e+00
-1.49631143e+00
0.00000000e+00
0.00000000e+00
0.00000000e+00
1.37079667e+00
-1.56701307e-02
3.18153215e-01
8.72706027e-01
-2.20348785e-01
-5.56639804e-02
1.32212621e-01
6.50024981e-01
1.43184607e-01
0.00000000e+00
-9.93777916e-01
-1.14659337e-02
2.32368648e-01
6.15810765e-01
-1.14984851e-01
3.85091291e-01
-1.34066951e-01
2.17119621e-01
1.29997644e+00
-1.22198052e-01
-1.00122557e+00
0.00000000e+00
0.00000000e+00
0.00000000e+00
2.16592682e-01
-3.23499847e-02
5.42416799e-01
4.34882997e-01
5.39042229e-01
9.32181025e-01
7.15107499e-01
1.19979073e+00
3.52374130e-01
0.00000000e+00
1.34539573e+00
-2.22374900e-02
3.62210643e-02
1.23884163e+00
9.34036387e-01
9.16266943e-01
9.78173960e-01
9.96123294e-01
3.25401717e-01
1.20129567e+00
-2.59224335e+00
0.00000000e+00
0.00000000e+00
0.00000000e+00
-3.64718710e-02
-2.45116742e-02
4.08350722e-01
1.19574891e+00
3.60470218e-01
3.22972103e-01
9.28427979e-01
4.88425708e-01
-1.30425060e-01
0.00000000e+00
-1.85354474e+00
-4.60892595e-02
-2.98160686e-01
8.69073058e-02
1.70741336e-01
-5.47879237e-01
2.94193984e-01
-3.40809414e-02
-7.52803803e-01
-1.44458943e-01
-3.78914694e-01
0.00000000e+00
0.00000000e+00
0.00000000e+00
5.56818567e-01
-6.47048709e-02
1.92057043e-01
1.93397376e-01
-4.49057442e-01
4.75358394e-01
-3.74461711e-02
4.97935861e-01
1.60006860e-01
0.00000000e+00
9.96690502e-01
-1.09084525e-01
-1.84412697e-01
5.07273215e-01
4.80856950e-01
7.42630079e-01
2.54020170e-01
-1.94307499e-01
9.31769302e-01
7.55828013e-01
136
8.73993739e-01
3.64611871e-01
-1.10676412e-02
2.68928491e-01
-2.41617456e-03
1.04738277e-01
1.69650512e-03
1.35715100e-01
6.51210920e-04
0.00000000e+00
0.00000000e+00
4.55917215e-01
4.26830924e-01
1.86039029e-01
-1.37841687e-01
-2.15746403e-01
1.58794661e-01
0.00000000e+00
0.00000000e+00
6.00991352e-05
-1.20064425e-01
4.29056873e-01
4.16123233e-01
2.19118409e-01
3.56789685e-02
2.53749199e-02
-1.31354338e-01
7.66033644e-01
2.50773012e-01
-8.26703327e-01
-8.38144331e-02
4.86479247e-01
6.35606715e-01
-5.51537728e-01
2.57163651e-01
0.00000000e+00
-3.38458290e-01
-6.05715672e-01
7.90025508e-01
-1.72661533e-01
-7.57755630e-01
1.97705006e-01
8.41164063e-01
0.00000000e+00
0.00000000e+00
0.00000000e+00
-2.14894903e-01
-5.05815956e-01
2.59352117e-01
-2.45925750e-01
-2.19461616e-01
4.06427548e-01
4.49279122e-01
-1.48185117e-01
4.46308201e-01
-1.07124248e+00
-8.68235760e-03
-5.34876949e-02
2.37105719e-01
-9.04434449e-02
-3.50883494e-01
-2.60614824e-01
9.13899438e-02
2.06285071e-01
-4.10732067e-02
-4.01430018e-01
2.59065839e-01
8.04166155e-01
-2.66362937e-01
3.29967212e-01
-3.53663703e-02
4.74479878e-01
3.84137912e-01
-2.13315125e-01
1.91908161e-01
-6.98277911e-02
4.44740386e-01
4.78516532e-01
-5.83955882e-01
2.07305041e-01
-2.33039188e-01
3.81384522e-01
4.95772313e-01
1.09122104e-01
1.04420687e-01
-1.75473207e-01
-1.44211336e+00
-1.83144938e+00
-1.89504057e+00
0.00000000e+00
0.00000000e+00
0.00000000e+00
-6.59519318e-02
-1.48048651e+00
-2.12084876e-01
3.88289138e-01
2.43277491e-01
1.09749068e-02
4.57827366e-01
2.23517354e-01
1.28425955e-01
0.00000000e+00
-1.98816020e-02
-1.97559303e-01
-1.20995782e+00
7.11394698e-04
8.51631968e-01
3.74071739e-01
1.68546796e-01
-1.19280945e+00
-3.79067664e-01
1.54844791e-02
-2.15854433e+00
0.00000000e+00
0.00000000e+00
0.00000000e+00
3.79463645e-02
-1.83253152e+00
-3.19640869e-01
2.65676138e-01
-8.69818585e-03
2.54737695e-01
6.70204416e-01
-1.94852556e-03
-5.10235008e-02
0.00000000e+00
3.94350597e-01
-4.71131161e-02
-1.27024235e+00
2.57113042e-01
1.40128103e-01
2.58063364e-01
3.70171066e-01
-1.22259004e+00
-2.30816008e-01
1.77668997e-01
10 2
-2.1396e+00 5.2540e-01
8 2
0 1 2 4 7 12 3 6 
217
6.12429885e-01
-4.93601555e-02
3.32665171e-01
-1.74679172e-01
1.85497836e-01
2.89067268e-01
7.09557348e-01
-7.92690628e-01
1.50920409e-01
-2.14715930e-02
-3.05878798e-01
6.78366724e-01
-1.27666910e-01
-6.68962699e-01
2.19747541e-01
7.72261755e-04
5.85600189e-01
-4.73499048e-01
1.64750756e-03
-3.47987230e-01
2.01390381e-01
-3.78562175e-03
-4.25578338e-01
6.64791011e-01
-6.83057249e-03
-7.44631416e-01
0.00000000e+00
0.00000000e+00
3.10375069e+00
1.48190704e+00
1.02792901e-01
-1.33446549e+00
-1.28895364e+00
-1.45260161e+00
0.00000000e+00
0.00000000e+00
0.00000000e+00
3.65123364e-01
1.72634247e-02
-1.83458215e-01
1.14043755e-02
-1.49772888e-01
6.29619494e-01
7.86885082e-02
0.00000000e+00
4.66809422e-01
-9.16450247e-01
6.74914410e-01
1.53331487e+00
-6.25899479e-01
-5.87236989e-01
-3.22700689e-01
0.00000000e+00
6.65948292e-02
-1.12046822e+00
8.97117582e-01
0.00000000e+00
-1.19881406e+00
7.72583242e-01
1.01945779e+00
4.66131212e-01
9.01362326e-01
-5.98625475e-01
-4.96187194e-01
1.31137280e-01
7.21849112e-02
4.75723819e-01
1.27463396e+00
5.01755980e-01
3.96928158e-02
1.64271167e-01
3.09418395e-02
-9.46773893e-01
1.96293735e-01
-7.52202313e-01
2.20923144e-01
-1.82306790e-01
0.00000000e+00
-8.79203990e-02
3.82971844e-01
2.16887924e-01
1.10736998e+00
4.83462361e-01
6.78365270e-01
1.23742430e-01
-5.74293061e-02
-1.27274521e+00
5.47676349e-01
-3.01507346e-01
-1.55958679e-03
-8.61347346e-02
-9.93855636e-02
4.88798808e-01
0.00000000e+00
-2.14407605e-02
-4.31162541e-01
2.44457401e-01
-2.89930327e-03
2.52641180e-01
9.58253364e-01
1.77695359e-01
1.06111802e-01
5.42522472e-01
-7.04576460e-01
-7.88214470e-01
1.76363386e-01
5.45323197e-01
-1.00105564e-01
-3.75765589e-01
-7.77307272e-01
2.66508891e-01
1.48366747e-01
-9.17776657e-02
-5.94434470e-01
-6.16214593e-01
6.03322454e-01
-3.11614859e-01
6.95319568e-01
2.06159324e-01
-1.54534414e+00
-2.68151463e+00
-2.13433375e+00
0.00000000e+00
0.00000000e+00
0.00000000e+00
1.35936518e+00
-1.40285925e-01
-2.52115863e-01
-2.81144333e-01
-3.10598380e-02
-2.14935697e-01
2.64712764e-02
6.22840360e-01
-4.75848136e-01
0.00000000e+00
-1.63538668e+00
-2.19596602e-01
-4.21155165e-01
2.01924885e-01
5.19939287e-01
1.65988202e+00
-6.70846981e-02
-4.11047931e-01
-4.22955334e-01
1.38191657e+00
-3.02072653e-01
0.00000000e+00
0.00000000e+00
0.00000000e+00
4.40285263e-02
-2.74280450e-01
2.15574722e-01
9.36968666e-01
1.92237068e-01
3.68152000e-01
8.48523781e-01
8.04347523e-01
-9.07296646e-02
0.00000000e+00
1.19485445e+00
-8.23430227e-02
-2.20626640e-01
4.81487404e-01
3.23096410e-01
3.28493040e-01
5.72718572e-01
-5.65142633e-01
6.64181126e-01
2.52776441e-02
-3.57472957e+00
0.00000000e+00
0.00000000e+00
0.00000000e+00
4.98098213e-01
-4.95545719e-01
-2.93680488e-01
7.79039862e-02
7.68007328e-02
5.10399512e-01
1.98986869e+00
-7.96581774e-01
3.84763129e-01
0.00000000e+00
4.54539359e-01
-8.37683179e-01
-4.50448937e-01
5.06122913e-02
-1.46408806e+00
-2.39390079e+00
-7.22381129e-01
-7.21030614e-01
4.04130045e-01
1.53495162e-01
2.42671124e-01
0.00000000e+00
0.00000000e+00
0.00000000e+00
-4.41575375e-01
-8.60420809e-01
-5.04395765e-01
8.87036500e-03
-5.97630960e-01
5.15823837e-01
-4.68328487e-01
5.39922516e-01
-8.53250028e-02
0.00000000e+00
-6.11793546e-01
8.32138379e-01
-6.50874371e-01
2.86112527e-01
9.97238175e-01
1.07643997e+00
2.56737871e-01
-4.05682748e-01
2.34338245e-01
1.21076302e-01
136
1.20859756e+00
1.62467552e-01
6.57115464e-03
2.23265802e-01
2.46120787e-03
1.07849566e-01
5.12287067e-03
7.15014641e-01
4.01416824e-04
0.00000000e+00
0.00000000e+00
2.21665216e-01
3.00259128e-01
1.91206300e-01
-1.88097906e-02
3.52356598e-02
4.79041047e-01
0.00000000e+00
0.00000000e+00
3.32751685e-03
-8.12893712e-02
3.84458199e-01
4.18935141e-01
2.02473843e-01
2.49904616e-01
1.99815711e-01
-1.69028095e-01
7.68730194e-01
3.77517738e-01
-1.01508699e+00
-7.76629119e-04
3.51302234e-01
9.35716669e-01
-5.66789808e-01
5.15803772e-01
0.00000000e+00
-3.10783351e-01
-9.00201543e-01
8.46523327e-01
-4.85445423e-01
-6.30717073e-01
4.37384958e-01
9.14565506e-01
0.00000000e+00
0.00000000e+00
0.00000000e+00
-5.65525582e-01
-8.73726817e-01
1.45677858e-01
-3.98545425e-01
-2.54181005e-01
4.78392278e-01
4.98782691e-01
-1.31982540e-02
4.06174792e-01
-1.24465879e+00
0.00000000e+00
-2.63223276e-01
1.66949927e-01
-1.47644397e-01
-5.91186305e-01
-5.79118085e-01
-2.48997727e-01
1.72839933e-01
-1.07561077e-01
-1.18582138e-01
4.00781881e-01
1.01986074e+00
-2.32618215e-01
3.62020280e-01
-1.90786105e-01
7.89104357e-01
3.81327714e-01
-1.76061564e-01
1.74604388e-01
-5.53553167e-02
5.79095878e-01
5.85009365e-01
-5.36689336e-01
2.13596517e-01
-2.12358863e-01
5.33857572e-01
7.18024863e-01
6.88630117e-02
1.54224539e-01
2.88715186e-02
-1.47827041e+00
-1.73029246e+00
-1.92872994e+00
0.00000000e+00
0.00000000e+00
0.00000000e+00
-5.73803132e-02
-1.75124933e+00
-2.04824104e-01
2.31320719e-01
2.26610595e-01
3.02292152e-02
4.40163463e-01
2.77023608e-01
1.15672229e-01
0.00000000e+00
-1.51479205e-03
-2.08641759e-01
-1.20488541e+00
1.22352016e-01
8.00301949e-01
3.45166288e-01
1.78013327e-01
-9.36087947e-01
-3.67084054e-01
3.60843519e-02
-2.12338111e+00
0.00000000e+00
0.00000000e+00
0.00000000e+00
1.59622899e-01
-2.30979793e+00
-2.95977081e-01
3.29128438e-01
3.84937809e-02
1.91030822e-01
6.97795671e-01
8.62366670e-02
-3.71556321e-03
0.00000000e+00
3.86256261e-01
-1.65671918e-01
-1.33562373e+00
3.48991641e-01
1.17130569e-01
3.42273802e-01
4.45557546e-01
-1.26880634e+00
-4.06291939e-02
1.54322547e-01
9 2
-2.3160e+00 5.3522e-01
8 2
0 1 2 4 7 12 3 6 
217
3.29180145e-01
-5.37949929e-02
-3.14870996e-01
-4.56318366e-01
8.43028397e-01
8.86642248e-01
3.17538079e-02
-2.68970149e-01
-6.73253029e-01
1.40830533e+00
3.03166281e-01
8.12420526e-01
-1.75515311e-01
-8.91779056e-01
4.62239822e-01
-2.21521384e-02
5.87358393e-03
-2.77006991e+00
4.13226597e-02
4.52079541e-01
-7.08191066e-02
5.35631147e-03
7.11357565e-01
2.70782934e+00
3.92895450e-03
-3.30006446e-01
0.00000000e+00
0.00000000e+00
2.21607355e+00
-1.73453019e-02
-1.04842297e+00
-1.39444170e+00
-8.58538651e-01
1.43185521e+00
0.00000000e+00
0.00000000e+00
0.00000000e+00
-4.10505226e-02
-1.63961685e-01
-6.18087054e-01
-1.80006598e-01
2.66414692e-01
1.89947818e-01
8.75923495e-01
0.00000000e+00
9.78936276e-01
-1.70621747e+00
1.30030445e+00
-4.34286041e-01
-4.82121344e-01
3.23076881e-01
-3.62164742e-01
0.00000000e+00
0.00000000e+00
-1.22821093e+00
1.81201574e+00
0.00000000e+00
3.08771045e-01
5.53855693e-01
3.30463965e-01
-1.36968105e-02
5.59201480e-01
-2.16324524e-01
-7.88727851e-01
-1.06462788e+00
8.51749196e-01
1.12486308e+00
8.85776587e-01
1.05767280e+00
7.91685897e-01
-2.38419485e-01
-4.55523950e-01
0.00000000e+00
4.42294298e-01
-5.19190896e-01
5.80829282e-01
2.92302777e-01
0.00000000e+00
-3.91825989e-01
0.00000000e+00
2.73585143e-01
8.85120601e-01
4.47420991e-01
-1.03223658e+00
7.89483404e-02
-3.06404864e-01
-1.52120886e+00
3.03586646e-01
-8.25799259e-02
2.53050023e-01
8.10583213e-01
3.40204882e-02
8.88341446e-02
0.00000000e+00
3.54066652e-01
-4.78126515e-01
-1.47741139e-01
1.20832717e-01
7.21173077e-02
1.37215060e-01
-6.45052814e-01
1.45837653e-01
4.98339002e-02
-2.59898761e-02
3.53428697e-01
7.12161817e-01
6.69456137e-01
0.00000000e+00
-6.63220768e-01
5.29726654e-02
-3.89217041e-01
-4.12672921e-01
-6.39618067e-02
-3.63645633e-02
-3.23125297e-01
2.94583422e-01
-1.97643563e-01
1.34923093e-01
2.11292488e-01
-1.20310820e+00
-2.32428787e+00
-1.67987760e+00
0.00000000e+00
0.00000000e+00
0.00000000e+00
7.57701817e-01
-1.42629455e-01
3.99628359e-01
9.51177471e-01
3.97590335e-01
1.31206495e+00
5.82589857e-01
6.29412404e-01
-4.79834773e-02
0.00000000e+00
-6.10511308e-01
-9.75910426e-01
-9.35083788e-01
8.39710991e-01
-4.62829135e-01
-6.20381479e-01
5.21765490e-01
-6.01729257e-01
1.73111856e-01
2.72400773e-01
-4.42425403e-01
0.00000000e+00
0.00000000e+00
0.00000000e+00
7.23907411e-02
-3.40510336e-01
1.46158884e-01
4.93433242e-01
7.11131341e-01
1.59021050e-01
9.58832140e-02
4.19057705e-01
4.22281386e-01
0.00000000e+00
7.62900483e-01
1.04586479e+00
4.03966423e-01
-1.51220258e-02
7.77609828e-01
9.82464913e-01
8.47955068e-02
2.00525467e-01
6.55061092e-01
5.00386638e-01
-2.26647484e+00
0.00000000e+00
0.00000000e+00
0.00000000e+00
3.96825383e-01
-5.63448295e-02
6.53925291e-01
3.75440088e-01
1.56315319e+00
1.05193089e+00
1.70068787e+00
-7.90503350e-01
-1.20551072e+00
0.00000000e+00
7.24021088e-01
-3.11154898e-02
-8.31906061e-01
1.22663108e-01
-2.03147392e-01
-1.80939821e+00
-1.27476570e+00
5.24609040e-01
1.93476868e+00
-8.64140459e-01
-5.80852433e-01
0.00000000e+00
0.00000000e+00
0.00000000e+00
1.77325039e-01
-9.34233110e-02
-6.45112561e-03
6.66591049e-01
-3.59633260e-01
2.96152990e-01
1.61314394e-01
1.06822708e+00
1.09775185e+00
0.00000000e+00
-1.29503785e-01
5.38938580e-01
1.18953936e-01
2.87936779e-01
1.04405998e+00
1.30559796e+00
7.70781332e-01
3.40925396e-01
-2.22067436e-02
5.51444231e-01
136
1.29332340e+00
2.00203011e-01
7.38910123e-03
3.41614606e-01
1.00884154e-03
1.65995986e-01
4.21593621e-03
5.85509797e-01
6.92232216e-04
0.00000000e+00
0.00000000e+00
2.58142460e-01
3.88070694e-01
2.59253224e-01
-1.96091524e-03
4.17353083e-02
3.48082629e-01
0.00000000e+00
0.00000000e+00
1.89993494e-02
-9.21164199e-02
3.98058524e-01
4.28235464e-01
2.32843631e-01
1.20518597e-01
2.51480466e-01
-6.46962123e-02
6.22854947e-01
4.05851240e-01
-9.41018333e-01
-2.36367059e-02
4.08232997e-01
9.90982835e-01
-5.99724712e-01
5.94850713e-01
0.00000000e+00
-3.24874753e-01
-9.47280674e-01
8.20055743e-01
-4.94387783e-01
-5.66473275e-01
3.16982539e-01
1.01545742e+00
0.00000000e+00
0.00000000e+00
0.00000000e+00
-7.19348147e-01
-8.99541670e-01
1.03169633e-01
-4.17962377e-01
-2.65765367e-01
5.23280527e-01
5.34356886e-01
-1.33654534e-02
4.07780524e-01
-1.37880306e+00
0.00000000e+00
-3.72597333e-01
1.30740129e-01
-1.97995744e-01
-5.37846124e-01
-6.53803117e-01
-1.87610209e-01
1.38465646e-01
-7.50870283e-02
-5.19167773e-01
4.21899299e-01
1.14480028e+00
-2.30736138e-01
4.02569456e-01
-1.38243368e-01
8.34030642e-01
3.51481314e-01
-1.48776029e-01
1.46869988e-01
-5.65041973e-04
6.76658073e-01
6.28534228e-01
-5.07514136e-01
2.17437528e-01
-1.67786548e-01
5.18091766e-01
6.63802604e-01
1.99331524e-01
1.01231204e-01
2.00779214e-02
-1.46852901e+00
-1.74199531e+00
-1.93507658e+00
0.00000000e+00
0.00000000e+00
0.00000000e+00
3.31192064e-02
-1.75353074e+00
-1.32895132e-01
2.59276599e-01
2.23898033e-01
-3.77745114e-02
3.96930998e-01
3.57160119e-01
1.04943346e-01
0.00000000e+00
-5.07690581e-02
-2.95086769e-01
-1.25494555e+00
1.29761367e-01
7.48046873e-01
3.92028447e-01
1.98942789e-01
-9.59986355e-01
-3.91760436e-01
9.75642009e-02
-2.14992117e+00
0.00000000e+00
0.00000000e+00
0.00000000e+00
1.83504681e-01
-2.26184673e+00
-3.21460920e-01
2.64473444e-01
-2.39010640e-04
2.84652924e-01
6.12086135e-01
1.07442813e-01
-1.46154302e-02
0.00000000e+00
3.57326348e-01
-9.79044860e-02
-1.32457437e+00
3.51331391e-01
1.73712571e-01
3.36657320e-01
4.49336630e-01
-1.46564373e+00
2.68432189e-02
1.88996035e-01
11 1
-2.7333e+00 5.4839e-01
8 1
0 1 2 4 7 12 3 6 
217
9.18573879e-01
6.90549830e-01
-1.46091644e+00
2.52614323e-01
3.01095853e-01
-2.48587832e-01
1.03315262e-01
8.30043968e-01
-1.96712607e-02
8.35541157e-02
2.82889722e-02
-3.38133514e-01
5.05545053e-01
-1.92250569e-01
-6.98506979e-02
-5.83217836e-02
1.84420061e+00
3.62646829e-01
1.52116571e-02
-1.16229184e-01
-2.70980751e-01
1.33852935e-02
3.76922370e-01
8.96758500e-01
1.24369724e-03
2.00752242e-01
0.00000000e+00
0.00000000e+00
-1.08126495e-01
5.97778889e-01
4.76922972e-02
-2.35141969e-02
-3.56449988e-01
7.61193373e-01
0.00000000e+00
0.00000000e+00
0.00000000e+00
2.52585597e-01
-3.31367192e-01
2.73342066e-01
4.31738860e-01
-4.59893842e-01
-6.59215102e-01
1.41138349e+00
0.00000000e+00
3.92822293e-01
-5.14022346e-01
-1.99356470e-01
1.30411061e+00
9.27855988e-02
-7.57806226e-01
-8.33597583e-01
0.00000000e+00
5.74955185e-01
-1.32363705e-01
6.26934010e-01
0.00000000e+00
-1.05059252e+00
0.00000000e+00
1.12400455e+00
1.04750996e+00
-4.85940328e-01
3.57004244e-01
3.86897563e-01
-1.96278745e-01
-6.04033842e-01
1.74905213e-01
4.88666794e-01
5.53049848e-01
4.32292281e-01
-4.07415590e-01
-1.17398954e+00
0.00000000e+00
7.39576599e-01
-2.79081217e-01
1.76040241e+00
5.23934755e-01
0.00000000e+00
4.11204063e-01
0.00000000e+00
4.41402728e-01
1.36230590e+00
6.59670888e-02
4.81192895e-01
0.00000000e+00
-4.97432023e-01
0.00000000e+00
3.23535554e-01
-9.13222598e-01
1.18178571e+00
1.19413017e+00
0.00000000e+00
5.84077902e-01
0.00000000e+00
1.36073795e+00
-9.53979261e-01
-4.23676815e-01
-6.88517391e-01
0.00000000e+00
1.32388586e+00
3.20200506e-01
4.39729524e-01
1.23320213e+00
-7.48583729e-01
-7.30958954e-01
4.29623533e-01
-9.62086671e-01
9.03741036e-01
1.25367222e+00
-7.15409498e-01
1.97364796e-01
8.84081939e-01
6.63172402e-01
1.76159580e+00
-1.48689760e-02
-1.31651244e+00
-1.36979011e-01
-1.89681888e-01
-4.49861550e-01
-7.79521548e-01
-2.13749655e+00
-1.12792127e+00
0.00000000e+00
0.00000000e+00
0.00000000e+00
5.20624385e-01
-1.66745630e-03
-6.80582346e-01
8.12250179e-01
4.35461852e-01
-1.90797925e-01
1.02403204e+00
2.88148060e-01
7.25966906e-02
0.00000000e+00
1.18277192e+00
0.00000000e+00
-1.13665087e-01
1.48053828e-01
-3.68542230e-01
1.62273859e+00
-5.93126679e-01
-1.15472705e+00
7.20659131e-01
7.91074840e-01
-8.83669187e-01
0.00000000e+00
0.00000000e+00
0.00000000e+00
2.82165971e-01
-4.14403519e-03
7.07032847e-01
-4.41452919e-02
9.33343721e-01
6.69208385e-01
-7.28071285e-03
7.00509060e-01
-6.34599305e-02
0.00000000e+00
5.40274231e-01
0.00000000e+00
-2.01432740e-01
5.44433521e-01
8.50047925e-01
3.55610160e-01
6.65024045e-01
1.01414262e+00
1.37242724e-01
6.10354842e-01
-2.63214834e+00
0.00000000e+00
0.00000000e+00
0.00000000e+00
1.90559518e-01
-1.56327928e-01
6.41299846e-01
4.32091688e-01
-2.30268489e-03
1.56183063e-01
7.86647850e-01
-5.93644418e-01
1.56338601e-01
0.00000000e+00
7.39740511e-01
8.60272510e-01
-1.12911491e-02
5.53066905e-01
5.05368669e-01
6.14410587e-01
-5.61256386e-01
-3.32453033e-02
-1.27968696e+00
4.68307063e-01
-7.14815093e-01
0.00000000e+00
0.00000000e+00
0.00000000e+00
5.88100784e-01
-5.60760465e-01
5.08228587e-01
8.41114568e-01
-4.22825423e-03
3.55219228e-01
1.16660714e-01
1.32941266e+00
6.64902481e-01
0.00000000e+00
4.60279092e-01
4.92345215e-01
-1.70387846e-02
7.47590054e-01
8.50596511e-01
7.17785499e-01
6.26291630e-02
-5.00094588e-02
1.05298819e+00
6.03037306e-01
136
9.38738588e-01
2.73810454e-01
-1.46004675e-03
1.75654108e-01
-7.35815388e-05
2.65359725e-01
-9.84319520e-04
2.23914301e-01
6.05643524e-04
0.00000000e+00
0.00000000e+00
4.66948506e-01
3.90665709e-01
1.89671209e-01
-8.95175891e-02
-1.95140818e-01
1.76111570e-01
0.00000000e+00
0.00000000e+00
-4.15025559e-03
-7.32261646e-02
3.96606471e-01
4.09296264e-01
1.19687302e-01
7.95343438e-02
8.54858280e-02
-7.44952002e-02
5.96778447e-01
2.24649993e-01
-6.93384105e-01
-1.02898069e-01
5.41580726e-01
6.25885373e-01
-4.89494802e-01
3.05349720e-01
0.00000000e+00
-2.89464191e-01
-6.25532794e-01
7.82854550e-01
-2.58774397e-01
-6.95860927e-01
1.59040140e-01
8.44329023e-01
0.00000000e+00
0.00000000e+00
0.00000000e+00
-2.72507891e-01
-4.83598992e-01
2.48548901e-01
-2.62856362e-01
-3.63278510e-01
3.65181482e-01
3.93293442e-01
-3.55027120e-02
3.76057108e-01
-1.26351868e+00
-1.46582999e-02
-7.86579685e-02
2.27763976e-01
-1.02108426e-01
-3.81142091e-01
-3.88904477e-01
-6.08336683e-03
1.92164583e-01
-4.91581677e-02
-2.37463929e-01
2.27799854e-01
8.55084605e-01
-2.38274158e-01
3.45161060e-01
-1.17048793e-01
5.28305417e-01
3.55523459e-01
-1.49688401e-01
1.54586915e-01
-2.51318363e-02
4.44633059e-01
5.06113244e-01
-5.58921769e-01
2.05248592e-01
-2.40949432e-01
3.91039872e-01
5.03800385e-01
1.48426287e-01
1.13013010e-01
-4.80694216e-02
-1.42263188e+00
-1.75890952e+00
-1.92674422e+00
0.00000000e+00
0.00000000e+00
0.00000000e+00
-6.34945522e-02
-1.58333529e+00
-2.11484202e-01
2.62095135e-01
2.67841048e-01
-6.95438869e-03
3.84007909e-01
3.42449070e-01
1.87303566e-01
0.00000000e+00
-2.04898468e-02
-2.09890959e-01
-1.32418545e+00
7.76353171e-02
7.97500236e-01
3.19025039e-01
1.40540699e-01
-9.98435938e-01
-4.20391749e-01
1.33520137e-01
-2.16959875e+00
0.00000000e+00
0.00000000e+00
0.00000000e+00
6.92521633e-02
-1.94596160e+00
-3.26593287e-01
2.75458641e-01
-8.96853316e-02
2.38396981e-01
6.52498364e-01
1.17140578e-01
1.39375358e-02
0.00000000e+00
2.95365483e-01
-1.84907810e-01
-1.36304229e+00
3.11023861e-01
2.17006081e-01
2.90479093e-01
4.50899907e-01
-1.32368821e+00
-4.06659793e-02
1.73487067e-01
13 1
-2.9192e+00 5.5590e-01
8 1
0 1 2 4 7 12 3 6 
217
5.18271695e-01
4.53502648e-01
-1.06105618e-02
-6.70882350e-01
-9.02961392e-01
-4.73833091e-01
-3.44671490e-01
-3.38370562e-02
1.03544137e-01
-4.65896269e-01
-2.27973811e-01
-4.98357762e-01
1.89033425e+00
3.68375125e-02
2.16268975e-01
-9.65543736e-03
1.71981725e+00
6.73513220e-01
-1.02386060e-02
1.28909558e+00
-1.59528036e-02
1.76047698e-02
7.89684895e-01
-3.55557695e-01
1.70349272e-04
1.50614796e+00
0.00000000e+00
0.00000000e+00
1.88027177e+00
9.66809682e-02
1.06031370e-01
-5.95589425e-01
-7.23216338e-01
-2.45906652e-01
0.00000000e+00
0.00000000e+00
0.00000000e+00
-1.22760429e+00
6.26836230e-02
6.54619558e-01
1.04142791e+00
4.30843769e-01
-2.55967670e-01
-1.87731212e-01
0.00000000e+00
2.53822657e-01
-9.71396711e-01
2.47714238e-01
1.31371699e+00
-8.04163970e-01
-4.99561335e-01
-5.32396412e-01
0.00000000e+00
-2.78077568e-01
1.44806088e-01
5.65620637e-01
0.00000000e+00
0.00000000e+00
0.00000000e+00
1.48339001e+00
-3.16892334e-01
-2.10197304e-01
1.04536133e+00
4.02915972e-01
7.76795519e-02
9.59052719e-01
2.40892145e-01
7.26620248e-01
-2.03215974e-01
6.46119105e-01
-6.66375730e-01
-3.33520729e-01
0.00000000e+00
5.88052494e-01
-9.66023652e-02
9.30115660e-01
4.40639090e-01
0.00000000e+00
1.08307390e-01
0.00000000e+00
-4.09002297e-02
7.49678116e-01
4.50864535e-01
8.06795803e-01
-3.17469776e-01
-4.87236240e-01
0.00000000e+00
1.65930905e+00
8.52962282e-01
-3.36331344e-01
-6.22481392e-01
0.00000000e+00
1.79936680e-01
0.00000000e+00
-3.07409832e-01
-2.16335676e-02
3.87228559e-01
5.96444909e-01
-4.09100046e-01
2.43400094e-01
-1.38732703e+00
4.33866165e-01
-1.08037070e+00
2.50105483e-01
-1.42767664e+00
1.10480943e-01
-1.48553882e-01
0.00000000e+00
5.45179587e-01
1.79197995e+00
1.11650474e-02
-1.14577051e-01
1.14843916e-01
6.80721504e-01
-6.25663212e-01
-2.20070646e-02
5.43600508e-01
-2.55286660e-01
-8.54790717e-01
-2.18441594e+00
-3.10305983e+00
-2.13737958e+00
0.00000000e+00
0.00000000e+00
0.00000000e+00
-2.64189376e-01
-8.58184433e-02
-5.48773479e-01
-4.89362816e-01
2.52629953e-01
-9.76644948e-03
-5.84714382e-01
5.94387210e-01
-5.25919553e-03
0.00000000e+00
2.32331909e-01
-5.70500977e-02
-2.91377256e-01
6.39649310e-01
-2.50285033e-01
-4.96634028e-01
-4.55039423e-01
8.98202483e-01
7.09822807e-01
-5.70972803e-01
-4.32471003e-01
0.00000000e+00
0.00000000e+00
0.00000000e+00
1.33530843e-01
-1.99010764e-01
-2.77389499e-01
-4.81577676e-01
-2.71308845e-01
3.00798908e-01
1.02014287e-01
1.48391025e-01
-1.59133214e-02
0.00000000e+00
-2.55352463e-01
-1.14772972e-01
1.41012752e-01
-1.68291794e-01
8.72728972e-01
3.58238043e-01
-1.58767469e-02
-5.62028068e-01
1.73940877e-01
5.39028739e-02
-2.86043931e+00
0.00000000e+00
0.00000000e+00
0.00000000e+00
1.13065903e+00
-3.08450662e-02
6.55502300e-01
-3.03136203e-01
0.00000000e+00
-1.22643235e+00
-2.90987203e-02
5.41023212e-01
7.09187298e-01
0.00000000e+00
5.64892111e-01
-1.02973117e+00
-1.28339454e-03
-6.05543169e-02
-1.61985602e-01
3.65426789e-01
2.95949588e-01
-3.54190967e-01
3.17176396e-01
5.52664871e-01
-8.84460106e-01
0.00000000e+00
0.00000000e+00
0.00000000e+00
-1.39213941e-01
-6.65814841e-02
1.24445570e-01
4.87193608e-01
0.00000000e+00
1.32603216e+00
3.31305033e-01
9.33163827e-01
4.59429861e-01
0.00000000e+00
3.01180411e-01
5.59101395e-01
-1.69902548e-03
8.68449500e-01
5.72212866e-01
1.23873184e+00
2.67426342e-01
4.52269770e-01
-3.92054673e-01
7.52398695e-01
136
9.14027975e-01
2.53676118e-01
-1.45303890e-03
1.90818451e-01
7.17870782e-04
2.09871755e-01
2.09694035e-04
2.59661650e-01
5.00846746e-04
0.00000000e+00
0.00000000e+00
4.37216579e-01
3.96718517e-01
1.70134681e-01
-7.50103385e-02
-1.48211165e-01
1.33179701e-01
0.00000000e+00
0.00000000e+00
3.99101654e-03
-2.63845749e-02
3.89636013e-01
3.70178429e-01
9.38013219e-02
5.40544842e-02
1.03660802e-01
-7.49095160e-02
5.64689668e-01
2.56803285e-01
-6.14900213e-01
-1.13791189e-01
4.82967909e-01
6.87693653e-01
-5.46983285e-01
2.69006155e-01
0.00000000e+00
-3.50534869e-01
-5.62875457e-01
7.23778815e-01
-2.81930264e-01
-6.21191624e-01
2.98514776e-01
7.26677114e-01
0.00000000e+00
0.00000000e+00
0.00000000e+00
-2.27908904e-01
-4.36504462e-01
2.39998355e-01
-2.33708751e-01
-3.74975240e-01
4.10961017e-01
3.23640240e-01
-5.53513824e-02
3.67690750e-01
-1.27686037e+00
1.30038882e-02
-1.13730349e-01
2.43211436e-01
-1.16422087e-01
-2.75308610e-01
-3.97951857e-01
-1.36914406e-02
1.99972611e-01
-5.89472551e-02
-2.68264524e-01
2.41653872e-01
8.28616216e-01
-2.18738832e-01
3.28182791e-01
-1.97754836e-01
4.89607263e-01
3.78353950e-01
-1.38286627e-01
1.20656908e-01
7.47523471e-02
4.36232436e-01
5.14131369e-01
-4.70880513e-01
1.82521250e-01
-1.26959400e-01
4.04097091e-01
4.90148153e-01
1.23990260e-01
1.23113091e-01
-7.98053230e-02
-1.39622505e+00
-1.79239546e+00
-1.91731950e+00
0.00000000e+00
0.00000000e+00
0.00000000e+00
-5.50675602e-02
-1.55496680e+00
-1.83256784e-01
2.44577560e-01
2.88725625e-01
-2.46129224e-02
4.05103156e-01
3.93613189e-01
1.68224183e-01
0.00000000e+00
-2.32441166e-02
-2.10519977e-01
-1.42732250e+00
5.40596043e-02
7.81333433e-01
3.88823653e-01
1.13616877e-01
-1.04547347e+00
-3.61481218e-01
1.30548566e-01
-2.18555113e+00
0.00000000e+00
0.00000000e+00
0.00000000e+00
4.65190424e-02
-1.83903432e+00
-3.44604587e-01
2.62367872e-01
-1.01669357e-01
2.74393779e-01
6.26094627e-01
9.32814158e-02
1.14076784e-02
0.00000000e+00
2.77955007e-01
-6.62558309e-02
-1.39288937e+00
2.67268188e-01
2.38765388e-01
2.95277195e-01
4.09909818e-01
-1.36671493e+00
6.44995330e-03
1.15927297e-01
8 3
-3.2493e+00 5.5138e-01
8 -1
0 1 2 4 7 12 3 6 
217
1.02952215e+00
-5.49957661e-01
1.20522634e+00
1.06329243e+00
1.24875307e+00
-1.11615751e-01
1.18771052e+00
-7.12887702e-01
4.06832050e-01
-3.37325169e-01
-2.71596867e+00
2.11811830e+00
9.02195171e-01
6.15862976e+00
1.50733612e+00
-4.05378545e-02
7.13805698e-01
2.65199681e+00
-1.54583762e-02
2.07426008e-01
1.18583907e+00
-1.17607103e-02
1.06317684e+00
-4.31564985e+00
4.47252309e-02
2.59276019e+00
0.00000000e+00
0.00000000e+00
3.41030536e-01
6.09547100e-01
3.50542791e-01
-2.19481190e-01
-7.89387308e-01
7.37270217e-01
0.00000000e+00
0.00000000e+00
0.00000000e+00
-6.27953475e-01
-1.38975935e-01
2.54690028e-01
-1.15841854e+00
-9.03897473e-01
0.00000000e+00
0.00000000e+00
0.00000000e+00
-1.06047478e+00
-1.58913904e+00
1.02931993e+00
-2.37880102e+00
-1.46961242e+00
-1.71948361e+00
8.55536947e-02
0.00000000e+00
-1.05722787e+00
-4.25333505e+00
2.39520511e+00
0.00000000e+00
5.44200287e-01
0.00000000e+00
-1.17579008e+00
-5.88594947e-01
3.67200541e-01
1.25091655e+00
6.44056158e-01
1.09429212e+00
1.12634417e-01
-4.08417262e-01
4.40536686e-01
-3.00408869e-01
-1.51219392e-01
-7.15512124e-01
-4.74223941e-01
0.00000000e+00
1.39964919e+00
-1.57773495e+00
8.19609023e-01
7.30583940e-01
0.00000000e+00
-3.47858455e-01
0.00000000e+00
1.87249428e-01
1.13044217e+00
1.19013117e+00
4.49012880e-01
-2.12736342e+00
-7.87480573e-01
0.00000000e+00
9.26665961e-01
3.97745588e-01
3.01770018e+00
3.54203398e+00
0.00000000e+00
-1.95218462e+00
0.00000000e+00
1.08439875e+00
-1.85269174e+00
3.68557182e-01
2.10736550e-01
-1.31510423e-01
-1.62938464e+00
-4.13528678e-01
2.29810938e+00
5.30364472e-01
4.92307835e-01
8.52128831e-01
5.02866748e-01
3.38744741e-01
-6.64245781e-01
-2.17325222e-01
-7.92708618e-01
4.05235880e-01
-6.94796805e-01
4.73823854e-01
-6.68905279e-01
3.28970455e-01
-1.60140285e-01
9.53542232e-01
1.38474386e+00
4.35544444e-01
-3.93849882e-01
-1.90880558e+00
-2.27744951e+00
0.00000000e+00
0.00000000e+00
0.00000000e+00
4.09004081e+00
-1.50876521e-02
-8.30763412e-01
3.74011248e+00
2.28634225e+00
-6.69718387e-01
9.58840075e-01
-2.20699198e+00
-6.59132383e-02
0.00000000e+00
3.34194269e+00
0.00000000e+00
-2.32495375e-02
-1.34640696e+00
-1.18567083e-02
5.22140077e+00
-1.86599062e+00
1.67174121e+00
-3.58244650e+00
5.29915459e-02
-8.27440557e-01
0.00000000e+00
0.00000000e+00
0.00000000e+00
-5.63873411e-01
-2.60980310e-02
6.97992002e-01
-9.76143833e-01
-5.86769349e-02
1.06655596e+00
3.13317119e-01
2.16797449e+00
-9.38129746e-02
0.00000000e+00
1.85637141e-01
0.00000000e+00
-4.64712779e-02
1.69493110e+00
1.23956430e+00
-9.94137142e-01
1.60821096e+00
1.22833629e+00
2.81905244e+00
7.25846221e-01
-2.97852456e+00
0.00000000e+00
0.00000000e+00
0.00000000e+00
3.22347747e+00
-1.76057974e-01
-1.12040407e-01
-3.22399698e+00
-6.63459171e+00
7.57037453e-01
4.18106956e+00
-9.18057565e-02
4.48344521e+00
0.00000000e+00
2.85151966e+00
2.65727477e+00
0.00000000e+00
1.27497786e+00
-6.00283707e-01
-3.98461300e-01
4.29040966e+00
-2.41491770e-01
2.84813104e+00
5.87286657e-02
-2.19485010e+00
0.00000000e+00
0.00000000e+00
0.00000000e+00
5.34323546e-01
-2.65785131e-01
2.06767651e+00
2.82719884e+00
6.28397073e+00
1.68861808e+00
-1.25754965e-01
1.81278514e+00
8.11508730e-01
0.00000000e+00
-8.64598936e-01
9.94743236e-01
0.00000000e+00
1.82809950e+00
3.18158891e+00
2.79682374e+00
-1.11448489e-01
-4.23193297e-01
2.26674398e+00
2.56023503e+00
136
1.96958680e+00
2.68028574e-01
8.46491526e-04
3.03499509e-01
2.85467001e-03
6.40649971e-01
1.35051200e-04
7.57408746e-01
-3.17092190e-03
0.00000000e+00
0.00000000e+00
5.23038797e-01
5.15068880e-01
3.53795505e-01
3.41551301e-02
3.53053641e-02
5.08223123e-01
0.00000000e+00
0.00000000e+00
-1.36653379e-01
1.17446786e-01
5.30496200e-01
4.95698556e-01
3.74730492e-01
2.25146587e-01
3.02815602e-01
5.99059559e-02
5.77860929e-01
5.82376150e-01
-1.28653668e+00
1.78116966e-01
4.20917445e-01
1.46061998e+00
-5.07530429e-01
1.03617905e+00
0.00000000e+00
-4.47004351e-01
-1.44931250e+00
8.04384639e-01
-8.98669143e-01
-1.95470470e-01
4.47653005e-01
1.24752390e+00
0.00000000e+00
0.00000000e+00
0.00000000e+00
-1.31764873e+00
-1.37949033e+00
-2.08676809e-02
-5.71882411e-01
-2.21145133e-01
8.92521474e-01
6.06587390e-01
-1.78617115e-02
3.91954400e-01
-1.50399865e+00
0.00000000e+00
-1.04163653e+00
-1.76972729e-02
-3.60032146e-01
-9.83146768e-01
-9.04781874e-01
-8.54315980e-01
7.54752620e-02
-1.57702710e-01
-1.62176210e-01
1.01001421e+00
1.46759965e+00
-1.73350022e-01
4.68698160e-01
-2.53432591e-01
8.66569274e-01
1.03624051e+00
-2.44438158e-02
2.58238807e-01
1.69295306e-02
1.10293227e+00
7.76557443e-01
-4.56094726e-01
2.42459769e-01
4.08396582e-03
8.07642698e-01
1.12414922e+00
9.90078526e-02
2.87734588e-01
-4.83084690e-02
-1.48998401e+00
-1.76020050e+00
-1.99266078e+00
0.00000000e+00
0.00000000e+00
0.00000000e+00
-5.97418955e-02
-1.76668634e+00
-2.17972556e-01
2.68239205e-01
3.44798019e-01
-2.05571613e-02
3.75328554e-01
3.81786003e-01
2.46623002e-01
0.00000000e+00
-3.26233679e-02
-1.95937884e-01
-1.34480103e+00
1.31377056e-01
7.96777940e-01
3.16444939e-01
1.47505970e-01
-1.17132437e+00
-3.38434602e-01
1.46537738e-01
-2.22112913e+00
0.00000000e+00
0.00000000e+00
0.00000000e+00
9.82474536e-02
-2.38495346e+00
-2.70440420e-01
2.25726301e-01
-6.18917049e-02
3.62025936e-01
6.43459104e-01
2.02178694e-01
5.76258364e-02
0.00000000e+00
3.14496047e-01
-1.28326195e-01
-1.34762925e+00
3.02792902e-01
1.95636399e-01
3.47272767e-01
4.39049519e-01
-1.41708980e+00
3.19482108e-02
1.68742533e-01
