0 1 -999999999 -1 -1
1 1 0 -1 -1
0.3114 -0.1793
356
4.78531211e-001
4.78531211e-001
0.00000000e+000
5.08542763e-001
6.53067133e-002
-8.44697790e-001
7.03661997e-001
1.11165613e-002
-1.82587725e-001
-2.42067802e-002
-3.93807160e-001
-3.21542573e-001
-3.43574113e-001
2.96902881e-001
3.30307166e-001
-1.18667285e-001
0.00000000e+000
0.00000000e+000
0.00000000e+000
0.00000000e+000
0.00000000e+000
0.00000000e+000
0.00000000e+000
0.00000000e+000
0.00000000e+000
0.00000000e+000
0.00000000e+000
0.00000000e+000
0.00000000e+000
0.00000000e+000
0.00000000e+000
0.00000000e+000
0.00000000e+000
0.00000000e+000
0.00000000e+000
0.00000000e+000
0.00000000e+000
0.00000000e+000
0.00000000e+000
0.00000000e+000
0.00000000e+000
0.00000000e+000
0.00000000e+000
0.00000000e+000
0.00000000e+000
0.00000000e+000
0.00000000e+000
0.00000000e+000
0.00000000e+000
0.00000000e+000
0.00000000e+000
-6.90031013e-001
-6.08809756e-001
-4.16923186e-001
0.00000000e+000
0.00000000e+000
0.00000000e+000
0.00000000e+000
-8.90395519e-002
1.95739568e-001
1.74500506e-001
3.96077236e-001
6.12614482e-001
-4.19543876e-001
1.59451999e-001
-8.32989356e-001
-3.78996225e-001
-3.82294335e-001
-3.46903085e-001
1.43719473e-002
-7.93642572e-002
5.56831255e-001
-3.39776739e-004
-2.40902959e-001
4.61047926e-001
-3.80802356e-003
-2.27917405e-001
-1.92444885e-001
-1.31072943e-005
-1.32725573e-001
0.00000000e+000
0.00000000e+000
3.28349783e-001
9.47648567e-002
7.72641235e-002
-1.47653927e-001
6.58970823e-003
1.19216667e-001
0.00000000e+000
0.00000000e+000
-3.70869468e-001
-1.66796263e-001
-1.32354478e+000
-7.93088551e-001
4.31674761e-002
-1.19517403e-001
6.44964223e-002
-3.45664429e-002
1.09772668e-001
2.02023430e-002
1.48680804e-001
9.03740817e-002
0.00000000e+000
0.00000000e+000
1.91525355e+000
1.28153864e+000
0.00000000e+000
0.00000000e+000
0.00000000e+000
0.00000000e+000
0.00000000e+000
0.00000000e+000
5.57486271e-001
5.18652600e-001
4.11557051e-001
-1.00427864e-001
-7.30834189e-001
-2.09315621e+000
0.00000000e+000
0.00000000e+000
0.00000000e+000
0.00000000e+000
0.00000000e+000
0.00000000e+000
1.40937029e+000
1.98348480e-003
-2.47998700e-003
-2.43195978e-001
-7.10205586e-001
-1.25847965e+000
1.72032739e+000
1.77137663e+000
1.62823273e+000
1.58589815e+000
1.62751867e+000
1.63293951e+000
4.18981791e-001
4.67197901e-001
3.30011986e-001
4.98600256e-001
3.97755594e-001
-2.64223350e-001
2.84390580e-001
2.71284808e-001
-2.61286958e-003
1.80304991e-001
1.71807288e-001
-2.41861425e-001
0.00000000e+000
0.00000000e+000
0.00000000e+000
0.00000000e+000
0.00000000e+000
0.00000000e+000
0.00000000e+000
0.00000000e+000
4.78531211e-001
-1.82314421e-001
-9.34447357e-001
0.00000000e+000
7.60293249e-002
-1.64194950e-002
-5.78304310e-001
-7.85584680e-001
-5.02274985e-001
0.00000000e+000
0.00000000e+000
0.00000000e+000
-1.56198457e-003
2.09647116e-001
3.36723711e-001
3.68988376e-001
-4.10266994e-001
1.04062235e+000
4.21608155e-001
-3.73024461e-001
-2.96689761e-001
0.00000000e+000
5.27662965e-001
-1.53811604e-001
-8.86229471e-001
2.02151761e-001
-9.79235796e-001
5.01639151e-002
1.08023438e-001
-8.21468911e-001
-9.06399447e-002
2.45062151e-001
3.49143665e-001
0.00000000e+000
0.00000000e+000
0.00000000e+000
1.30836537e-001
-6.53012440e-002
-1.54137357e-001
-1.61525932e-002
9.23185067e-002
-2.78131159e-001
-2.90643621e-002
3.49089681e-002
2.02147717e-001
0.00000000e+000
-1.69056565e-001
1.35033406e-001
1.58059743e-001
1.06500640e-001
-1.95168442e-001
1.34413362e-001
9.30997038e-002
1.64022141e-001
1.21968361e-001
-1.17153699e-001
-2.79304920e-001
-1.80944765e-001
-7.80241480e-001
-3.14830403e-001
-7.93098268e-002
3.93682232e-001
7.37576109e-003
-5.82002759e-001
-5.04369782e-001
0.00000000e+000
0.00000000e+000
0.00000000e+000
-8.13211006e-002
2.02067450e-001
-2.95889774e-001
8.77159695e-001
-2.20285318e-001
6.62916883e-001
4.87750951e-001
-1.82269062e+000
-4.03131093e-002
0.00000000e+000
7.52794594e-001
2.99114278e-001
1.48759253e-001
1.02416915e-001
-1.62541435e+000
-9.14792590e-001
-2.58652565e-001
1.65986283e-001
1.62284101e-001
8.93739237e-001
-9.83601551e-002
-3.96375339e-003
6.17125081e-003
-2.60785996e-001
-2.22970065e-001
2.56974090e-001
-5.05494002e-001
-3.39656377e-001
-3.23384836e-001
7.14257558e-001
2.01983230e-001
-6.59266698e-001
-4.79944155e-001
9.47001628e-001
4.06089144e-002
-2.09858280e-001
-8.02004175e-001
0.00000000e+000
0.00000000e+000
0.00000000e+000
-7.36144025e-001
-2.95208910e-001
6.94036600e-001
-5.92150865e-001
-3.28265300e-001
7.90069917e-001
5.65216014e-001
1.09033212e+000
-1.46982328e-001
0.00000000e+000
-7.57454122e-001
-4.45056845e-001
-9.91170031e-001
2.71413333e-001
3.36350969e-001
8.41896089e-001
4.23470827e-001
-6.92619654e-001
-2.04744398e-001
-6.24993564e-001
2.46000199e-001
0.00000000e+000
0.00000000e+000
0.00000000e+000
6.00314255e-003
-2.80155092e-001
-2.49554258e-001
3.23473961e-001
-1.16981027e-002
-1.06447314e-001
-4.57596023e-002
-3.98523840e-001
1.33881965e-001
0.00000000e+000
-7.56202057e-003
1.41866661e-001
9.96816743e-002
1.69999464e-001
4.40638163e-002
-9.89109011e-002
2.59343897e-002
4.58587230e-002
1.67337718e-001
2.86509816e-001
-3.25843772e-001
-2.38218213e-002
0.00000000e+000
2.54399195e-001
1.67492857e-001
4.48369552e-001
4.77532370e-002
-5.19944610e-001
-6.14254603e-001
0.00000000e+000
0.00000000e+000
0.00000000e+000
-1.94635050e-001
2.29799203e-001
4.81614220e-001
-9.00607355e-001
3.58951219e-001
-3.49887826e-001
-5.04524789e-001
1.46536814e+000
-4.82609333e-002
0.00000000e+000
-7.37152472e-001
-2.77306781e-001
-2.05528918e-001
-2.56362688e-001
8.00363375e-001
6.78277824e-001
2.30528465e-001
6.49379600e-002
-1.50343820e-001
-1.29948437e+000
-3.02021951e-001
0.00000000e+000
1.90979022e-001
1.49814127e-001
-4.76160403e-001
7.40232634e-003
-1.14313908e-002
-1.03815162e-001
-1.25603630e-002
4.85148000e-001
-1.84167936e-002
-4.59328881e-001
-4.83562729e-001
0.00000000e+000
3.26107250e-002
-4.24882701e-002
247
-3.54961379e-001
-3.54961379e-001
0.00000000e+000
2.22156215e-001
-5.77117593e-001
0.00000000e+000
-1.23196121e+000
8.85407954e-001
2.35216956e-001
1.81720240e-001
2.68524518e-001
6.92345463e-002
-1.31116071e-001
-6.92226660e-002
0.00000000e+000
0.00000000e+000
0.00000000e+000
0.00000000e+000
0.00000000e+000
0.00000000e+000
0.00000000e+000
0.00000000e+000
0.00000000e+000
0.00000000e+000
0.00000000e+000
0.00000000e+000
0.00000000e+000
0.00000000e+000
0.00000000e+000
0.00000000e+000
0.00000000e+000
0.00000000e+000
0.00000000e+000
0.00000000e+000
0.00000000e+000
0.00000000e+000
0.00000000e+000
0.00000000e+000
0.00000000e+000
0.00000000e+000
0.00000000e+000
7.96108983e-001
-3.38727147e-002
-1.25845769e-001
-9.88279580e-004
-4.15736416e-001
-8.05569568e-004
-6.09488178e-001
-2.10704610e-005
0.00000000e+000
0.00000000e+000
9.84009164e-003
-2.52690240e-001
-3.60725305e-001
2.07261950e-001
-6.25351730e-002
1.03887297e-001
0.00000000e+000
0.00000000e+000
2.15414684e+000
9.63287944e-001
0.00000000e+000
0.00000000e+000
0.00000000e+000
0.00000000e+000
0.00000000e+000
0.00000000e+000
4.16689830e-001
4.85419411e-001
1.36361320e-001
-3.41439595e-001
-9.25913660e-001
-2.28022552e+000
0.00000000e+000
0.00000000e+000
0.00000000e+000
0.00000000e+000
0.00000000e+000
0.00000000e+000
1.77653579e+000
7.88799911e-002
-4.43764243e-001
-6.19163352e-001
-8.90398193e-001
-1.22033931e+000
3.72047461e+000
3.73061542e+000
3.54645552e+000
3.51912255e+000
3.27055752e+000
3.35909261e+000
4.84292635e-001
2.97599216e-001
2.55200720e-001
4.14517603e-001
6.64561597e-001
1.57606217e-001
1.61285628e-001
-4.37597940e-002
2.07814872e-002
-2.49334540e-003
1.85711361e-001
-2.83976040e-001
0.00000000e+000
0.00000000e+000
0.00000000e+000
0.00000000e+000
-3.54961379e-001
-2.69540853e-001
-1.72516576e+000
0.00000000e+000
-7.77920435e-002
-7.06150415e-001
-4.22493433e-001
-8.95755890e-001
-7.83942459e-001
0.00000000e+000
0.00000000e+000
0.00000000e+000
9.47197682e-002
-8.25465729e-002
3.69232306e-001
-2.31899804e-002
-5.18321744e-001
9.25250449e-001
1.35192317e-001
-1.36231576e-004
1.39241793e-001
0.00000000e+000
3.60860606e-001
-5.87564069e-002
-2.63816522e-001
3.91515905e-001
-1.32931220e+000
5.46846159e-002
2.45301600e-001
-1.29889420e+000
-1.26994449e-002
8.77314866e-002
-6.94447584e-001
-8.08184643e-001
-6.09514595e-001
-1.04604024e-001
4.42605773e-002
5.46255053e-001
0.00000000e+000
0.00000000e+000
0.00000000e+000
2.27219703e-003
2.84465277e-001
6.98325713e-003
-2.58443231e-001
1.07517049e-001
-2.56199453e-001
-1.55456185e-001
4.06119502e-001
6.73268435e-003
0.00000000e+000
-1.45063787e-001
2.01930261e-001
-2.53301001e-001
-1.77022548e-002
6.85897616e-001
1.15852780e-001
-6.13265970e-002
3.83454803e-001
-1.35642858e-002
-4.93913579e-001
1.13737059e-001
-1.92968222e-001
-4.78744473e-002
-2.60796570e-001
-8.94948747e-002
7.30392600e-001
-9.45509713e-001
-5.16720339e-001
-6.82308407e-001
-8.19887474e-001
5.77363670e-001
1.01186895e-001
-1.64465956e-001
-1.31824932e+000
0.00000000e+000
0.00000000e+000
0.00000000e+000
-1.01362904e+000
-8.21534813e-001
5.49590596e-001
-6.30598144e-001
-1.18254442e-001
1.57613533e+000
4.00813020e-001
7.07498040e-002
-3.94340457e-001
0.00000000e+000
-1.01214349e+000
-1.46411017e-001
-6.62132405e-001
9.91066162e-001
-6.62864484e-002
2.68262046e-001
7.06124660e-001
-8.99511542e-001
-1.80762284e-001
6.46131398e-002
-6.90398958e-001
-5.53779214e-001
0.00000000e+000
3.60121356e-001
8.96250585e-002
3.60592819e-001
0.00000000e+000
0.00000000e+000
0.00000000e+000
-1.07501907e-001
2.69149859e-001
1.03344407e-001
6.63185544e-001
-4.08104972e-001
2.02425139e-001
2.50768603e-001
-4.17902105e-001
2.98724160e-002
0.00000000e+000
2.88075682e-001
2.27059482e-001
-1.28757647e-001
-1.74011558e-001
-7.82282855e-001
-1.40650374e-001
-9.65289811e-003
-5.04710934e-002
1.60795011e-001
3.85252087e-001
-1.36619745e-001
0.00000000e+000
9.71379174e-003
-1.51490652e-001
-6.27850365e-001
1.31285780e-001
0.00000000e+000
-4.91154909e-003
8.42062312e-002
-7.59136145e-001
0.00000000e+000
1.35780960e-001
-1.06812915e-001
1 0 3 0 -1
1 1 2 1 -1
4.9436e-004 3.8906e-001
356
1.75564827e-001
-1.72518870e-001
3.48083697e-001
5.01603359e-001
-1.33299762e-001
-4.71269068e-001
2.84235358e-001
-9.64723985e-001
5.97389901e-001
8.21819005e-001
-9.56596346e-002
1.22727230e-001
1.89883318e-001
3.55506965e-001
3.35800694e-001
-1.89704300e-001
-3.48399633e-002
2.10404791e-001
2.08369331e-001
-2.56839103e-001
-3.15681932e-001
1.91051261e-002
0.00000000e+000
0.00000000e+000
8.32504020e-001
4.00415545e-002
1.20276877e-002
-1.30738267e-002
1.17285417e-001
7.87593960e-002
1.23245181e-002
-1.72518870e-001
3.48083697e-001
-6.74122228e-001
-1.33299762e-001
-1.26007647e-001
-1.51573794e-001
5.63727034e-001
7.01188804e-001
-6.21236748e-002
1.30731474e+000
0.00000000e+000
0.00000000e+000
0.00000000e+000
0.00000000e+000
0.00000000e+000
0.00000000e+000
0.00000000e+000
0.00000000e+000
0.00000000e+000
0.00000000e+000
-1.05197392e-001
-2.99662554e-001
-4.91851816e-001
0.00000000e+000
0.00000000e+000
0.00000000e+000
0.00000000e+000
-1.36433590e-001
2.75715100e-002
4.90837368e-003
4.46448605e-001
4.73587677e-001
-2.64735372e-001
1.55809514e-001
-5.58997463e-001
-3.22307147e-001
-3.44670634e-001
0.00000000e+000
0.00000000e+000
0.00000000e+000
-3.20971925e-004
-8.69315928e-003
3.74970664e-002
2.53315354e-002
1.37596015e-003
-2.91916951e-001
1.50554264e-001
2.58358381e-005
-3.09679789e-001
0.00000000e+000
0.00000000e+000
-6.11993281e-002
-2.32571251e-001
1.63514398e-001
4.09791236e-003
9.51503695e-002
2.06572726e-001
0.00000000e+000
0.00000000e+000
-1.67199074e-001
-9.76869062e-002
-6.86136641e-001
-4.67917039e-001
-5.48272847e-002
-2.52606065e-002
4.52666893e-002
8.03962610e-002
2.54836968e-002
3.59235690e-002
-1.37548584e-002
-1.41382159e-002
0.00000000e+000
0.00000000e+000
1.38871478e+000
1.18248775e+000
0.00000000e+000
0.00000000e+000
0.00000000e+000
0.00000000e+000
0.00000000e+000
0.00000000e+000
4.92098907e-001
5.25942249e-001
3.96692269e-001
-5.06305861e-002
-6.41098717e-001
-1.93615407e+000
0.00000000e+000
0.00000000e+000
0.00000000e+000
0.00000000e+000
0.00000000e+000
0.00000000e+000
1.53370137e+000
-9.35277266e-002
-1.02307477e-001
-3.28971651e-001
-7.39700888e-001
-1.27611654e+000
1.96138709e+000
2.00341032e+000
1.93672119e+000
1.82734903e+000
1.87548408e+000
1.88200564e+000
3.67111972e-001
2.17422101e-001
1.41144229e-001
3.03135239e-001
2.43517200e-001
-3.75330694e-001
1.03486396e-001
2.00248786e-001
-4.25824114e-002
4.79586852e-002
5.50475998e-002
-4.06877072e-001
0.00000000e+000
0.00000000e+000
0.00000000e+000
0.00000000e+000
0.00000000e+000
0.00000000e+000
0.00000000e+000
0.00000000e+000
1.75564827e-001
-1.34580597e-001
-7.09987470e-001
-4.90066088e-001
-1.78390443e-001
-9.97050465e-002
-3.24772039e-001
-4.17151785e-001
-5.03162482e-001
0.00000000e+000
0.00000000e+000
0.00000000e+000
4.01865178e-001
2.50067385e-001
9.44522924e-002
3.57451211e-001
-6.78841910e-001
4.89171872e-001
3.89816663e-001
1.11244556e-002
5.54206656e-001
0.00000000e+000
5.29668977e-001
-2.92605430e-001
-9.92893553e-001
1.83126872e-001
-1.43519601e+000
2.26355065e-001
1.46882042e-001
-7.75994645e-001
-9.18903776e-002
1.30070778e-001
4.80460477e-002
0.00000000e+000
0.00000000e+000
0.00000000e+000
-3.87957624e-002
-1.03645539e-001
-1.33356970e-001
-9.71141506e-002
8.13454752e-002
-1.79635736e-003
-1.15892452e-001
4.63894667e-002
-2.46175390e-001
0.00000000e+000
-1.03535322e-001
1.12257608e-001
1.37344967e-001
1.00426441e-001
3.65008205e-001
-1.07802764e-001
-7.26162665e-002
1.53630399e-001
1.02946462e-001
-3.05720018e-002
-3.49824130e-001
-1.77414866e-001
-1.06579574e-001
-8.16778072e-001
-4.66012327e-001
2.09546989e-001
8.09130019e-002
-4.67874856e-001
-3.50546958e-002
0.00000000e+000
0.00000000e+000
0.00000000e+000
1.46736537e-001
5.52395815e-001
-1.26126139e-001
1.12739668e+000
-3.43701430e-001
4.82601536e-002
5.73575074e-001
-1.28955854e+000
4.63166053e-001
0.00000000e+000
7.17894425e-001
-1.55885841e-001
-2.12006114e-003
-5.77971809e-002
-1.58673386e+000
-8.53833717e-001
-1.32138711e-001
1.29715980e-001
4.45429645e-002
7.09157098e-001
-1.72409264e-001
0.00000000e+000
-3.69937347e-001
-4.62542967e-001
-1.53338352e-001
-9.75577079e-004
-9.69000855e-001
-3.69261754e-001
-1.45086685e-001
4.93656151e-001
8.68972962e-002
-5.81529024e-001
-1.52362775e-001
2.23992505e-001
3.26419946e-001
-9.31477650e-002
-5.16856832e-001
0.00000000e+000
0.00000000e+000
0.00000000e+000
-9.50212272e-001
-9.24075299e-001
5.26168181e-001
2.88932661e-002
-3.91832779e-001
1.07958886e+000
4.87688716e-001
6.83379424e-001
-8.02061205e-001
0.00000000e+000
-7.94948346e-001
-1.65815225e-001
-1.15996899e+000
3.27621977e-001
6.03965740e-001
1.00598725e+000
9.05408376e-001
-7.42066021e-001
-1.37594849e-001
-9.69836298e-002
-1.09139108e-002
0.00000000e+000
0.00000000e+000
0.00000000e+000
-4.91281182e-002
3.65905536e-002
-2.58641460e-001
1.11161227e-001
-8.84804910e-002
2.38537424e-002
6.45827986e-002
-2.50624723e-001
2.78235638e-001
0.00000000e+000
-1.13219667e-002
1.02235102e-001
2.45635852e-001
1.56356896e-001
-4.85457628e-002
-3.93568374e-001
-3.38957174e-001
7.99357381e-002
1.42114435e-001
1.87652176e-001
-1.85950175e-001
-7.54704282e-002
2.47151356e-001
1.89676847e-001
1.33489137e-001
2.13523101e-001
1.08863607e-001
-3.97857136e-001
-1.12686246e-001
0.00000000e+000
0.00000000e+000
0.00000000e+000
-7.69973270e-003
-3.37984194e-001
4.60874813e-001
-1.27639587e+000
4.41310503e-001
3.76051010e-002
-5.19981159e-001
1.20341403e+000
-4.42827679e-001
0.00000000e+000
-6.13740350e-001
1.29414382e-001
-1.63917032e-001
5.77136012e-003
5.56791815e-001
1.07002115e+000
4.83236041e-001
-7.15182183e-003
-1.66686857e-001
-9.64740747e-001
-1.10479747e-001
-1.94899600e-001
-3.13689355e-001
-1.92755248e-001
-3.30906656e-001
-2.42346183e-002
-9.30040308e-002
1.72498881e-001
9.32252355e-002
3.57364272e-001
8.81126600e-003
-3.90410156e-001
-3.06672038e-001
5.13447856e-002
-1.87776189e-001
-3.10720783e-001
247
-3.78767588e-001
-1.05338193e-001
-2.73429395e-001
7.88589926e-001
-8.93928119e-001
-2.77231909e-001
-1.73185600e+000
9.50821331e-001
-4.63881989e-001
4.20209998e-001
8.91184907e-001
9.31993238e-002
2.26092596e-002
4.34765441e-001
-1.91021611e-001
-1.87745977e-001
-8.80857541e-002
-1.02935857e-001
-1.51969244e-001
-1.84493902e-001
0.00000000e+000
0.00000000e+000
0.00000000e+000
5.59693350e-001
1.48544429e-002
0.00000000e+000
0.00000000e+000
-1.05338193e-001
-2.73429395e-001
7.88589926e-001
-8.93928119e-001
-2.77231909e-001
7.38581031e-002
-4.96681550e-001
0.00000000e+000
0.00000000e+000
0.00000000e+000
0.00000000e+000
0.00000000e+000
0.00000000e+000
0.00000000e+000
0.00000000e+000
0.00000000e+000
-2.20845103e-004
-5.12783758e-003
-1.80222617e-001
1.72728026e-003
-1.98324126e-001
-5.78538224e-004
0.00000000e+000
0.00000000e+000
4.73552546e-001
1.00009278e-001
4.19450350e-001
-6.46832749e-001
-3.08843135e-001
-4.16103878e-001
0.00000000e+000
0.00000000e+000
8.90969616e-001
9.30898255e-001
0.00000000e+000
0.00000000e+000
0.00000000e+000
0.00000000e+000
0.00000000e+000
0.00000000e+000
4.44821895e-001
6.24388356e-001
2.95002374e-001
-2.62572765e-002
-5.86799680e-001
-2.02089287e+000
0.00000000e+000
0.00000000e+000
0.00000000e+000
0.00000000e+000
0.00000000e+000
0.00000000e+000
1.33401538e+000
1.13069931e-002
-2.67488269e-001
-4.08189671e-001
-7.29988395e-001
-1.24932188e+000
2.44246901e+000
2.33003765e+000
2.12915445e+000
2.10667329e+000
1.89049770e+000
1.84987566e+000
-2.71407444e-002
7.14698422e-002
-5.23282805e-003
-5.64191307e-002
9.86446281e-003
-4.14904666e-001
4.96919740e-002
1.00334642e-001
2.59528875e-003
-4.98597477e-002
1.66009478e-001
-1.66199764e-001
0.00000000e+000
0.00000000e+000
0.00000000e+000
0.00000000e+000
-3.78767588e-001
-4.54938799e-001
-7.28708277e-001
-7.96321030e-001
-3.04348335e-001
-2.36680592e-001
-2.24196459e-001
-2.89148354e-001
-5.41028927e-001
0.00000000e+000
0.00000000e+000
0.00000000e+000
2.83885685e-001
-6.58224965e-001
4.36462518e-001
-3.38927751e-001
-1.85396669e-001
5.54322351e-001
8.72221035e-002
2.16755024e-001
-6.50563490e-001
0.00000000e+000
2.73054630e-001
2.83977607e-001
-7.41592391e-001
4.53884202e-001
-5.24509572e-001
5.03067611e-001
6.83811901e-001
-8.83063294e-001
-1.14917979e-001
-2.20276450e-001
-4.16352543e-001
-2.37195019e-001
0.00000000e+000
-1.28296356e+000
-6.08208301e-001
-1.94622040e-004
0.00000000e+000
0.00000000e+000
0.00000000e+000
-8.42368167e-002
1.19193307e-001
-2.25209708e-002
-2.23527090e-001
-1.20903622e-002
-8.61713831e-002
-1.36412511e-001
3.58445813e-001
-1.55630608e-001
0.00000000e+000
-1.28754159e-002
2.78192547e-003
-3.76004821e-001
-2.77457756e-001
8.26446668e-001
1.50261693e-001
3.79054817e-002
1.89116761e-001
-9.58846458e-002
-2.01533891e-001
-1.79157524e-001
0.00000000e+000
-7.39398200e-001
-6.19670143e-001
-1.24676384e-001
-6.71533163e-002
-7.71836044e-001
-6.11862064e-001
-3.44559207e-001
-5.75230680e-002
-4.83909343e-002
-3.16671879e-002
-3.47521333e-002
-5.13344813e-001
0.00000000e+000
0.00000000e+000
0.00000000e+000
-7.84058521e-001
-1.43966911e+000
5.57785503e-001
2.24737286e-001
-1.43172350e-001
6.21944867e-001
4.05878769e-001
3.12483717e-001
-7.83331133e-002
0.00000000e+000
-8.68051301e-001
-1.85621340e-001
-4.38056794e-001
9.25229595e-001
-3.11940084e-001
5.70213202e-001
7.56974832e-001
-8.02428691e-001
2.24964852e-001
-6.22261365e-002
-5.23043690e-002
7.83739355e-002
2.05320449e-001
2.12458121e-001
2.11423453e-001
-1.74231543e-001
0.00000000e+000
0.00000000e+000
0.00000000e+000
2.48337392e-002
5.33114867e-001
-2.34447133e-001
4.65132596e-001
-4.43614219e-001
3.14516227e-002
1.52083550e-001
-3.14643984e-001
3.64763677e-001
0.00000000e+000
3.27179056e-001
-4.64950874e-003
-3.97243216e-002
-1.52565039e-001
-8.77006127e-001
-3.11483563e-001
-2.15606593e-001
1.43807375e-001
-6.46724930e-003
3.83609712e-001
-1.30678304e-001
-3.85413336e-001
-2.72667226e-001
-1.59518636e-001
-4.61040444e-001
-3.02570394e-001
-2.77089721e-001
-3.96416519e-003
-3.29967730e-002
-1.58470050e-001
2.93785138e-002
-2.27570322e-001
-1.38474370e-001
2 1
-2.4007e-001 1.7043e-001
2 1
0 1 
217
2.46824234e-001
-9.51680815e-002
-3.23140448e-001
-4.08714289e-001
-1.01620008e-001
1.15690749e-001
1.35760645e-001
2.13187197e-001
3.58787656e-001
-1.53403027e-001
2.61195575e-002
-1.93787118e-001
-1.72223617e-001
-1.45283904e-001
0.00000000e+000
0.00000000e+000
0.00000000e+000
0.00000000e+000
0.00000000e+000
0.00000000e+000
7.06362996e-002
2.20642734e-004
7.07010893e-002
1.89865851e-001
9.77568429e-005
2.81513406e-002
0.00000000e+000
0.00000000e+000
1.53562763e-001
1.30517166e-001
2.70144641e-001
-3.37464555e-001
-1.13905225e-001
1.43969442e-001
0.00000000e+000
0.00000000e+000
-9.48551978e-002
-2.45032459e-002
3.66182678e-001
0.00000000e+000
0.00000000e+000
0.00000000e+000
0.00000000e+000
0.00000000e+000
-9.48551978e-002
-2.80179239e-002
3.51467807e-003
3.66182678e-001
0.00000000e+000
0.00000000e+000
0.00000000e+000
0.00000000e+000
0.00000000e+000
0.00000000e+000
0.00000000e+000
0.00000000e+000
0.00000000e+000
0.00000000e+000
0.00000000e+000
0.00000000e+000
3.66182678e-001
3.51467807e-003
-2.80179239e-002
1.03381774e+000
-1.12515826e+000
-6.07570704e-001
3.75874258e-001
1.29569719e+000
-3.77095042e-002
1.70980051e+000
0.00000000e+000
-1.22873122e-001
-6.68829660e-001
3.73216852e-001
-1.39051489e+000
-3.51949676e-003
7.27022569e-002
0.00000000e+000
0.00000000e+000
0.00000000e+000
0.00000000e+000
0.00000000e+000
0.00000000e+000
0.00000000e+000
0.00000000e+000
0.00000000e+000
0.00000000e+000
0.00000000e+000
0.00000000e+000
0.00000000e+000
0.00000000e+000
0.00000000e+000
0.00000000e+000
0.00000000e+000
0.00000000e+000
0.00000000e+000
0.00000000e+000
0.00000000e+000
0.00000000e+000
0.00000000e+000
0.00000000e+000
0.00000000e+000
0.00000000e+000
0.00000000e+000
0.00000000e+000
0.00000000e+000
0.00000000e+000
0.00000000e+000
0.00000000e+000
0.00000000e+000
0.00000000e+000
0.00000000e+000
0.00000000e+000
0.00000000e+000
0.00000000e+000
0.00000000e+000
0.00000000e+000
0.00000000e+000
0.00000000e+000
-2.11420192e-001
-7.68671254e-001
-4.63394093e-001
0.00000000e+000
0.00000000e+000
0.00000000e+000
4.05392966e-001
-9.46446925e-001
-7.35086490e-002
4.55456255e-001
-6.55756057e-001
2.94777927e-001
2.88846060e-001
5.36412061e-001
-2.06150115e-001
0.00000000e+000
3.26380065e-001
-3.06892267e-001
-9.44396670e-001
1.53495968e-001
4.13121935e-001
5.67382629e-001
5.16778112e-001
-8.52874347e-001
-4.51384958e-001
1.59719166e-002
-1.76686377e-001
0.00000000e+000
0.00000000e+000
0.00000000e+000
3.43099950e-001
-1.21103405e+000
-7.59682393e-003
2.02425850e-001
-5.93655192e-001
1.34404734e-001
2.04825157e-001
1.88776572e-001
-9.11420531e-002
0.00000000e+000
4.78436495e-001
-4.10907469e-001
-1.47982152e-001
1.37569879e-001
-1.27223393e-002
2.14120281e-001
1.79690852e-001
-3.38468642e-001
1.12351367e-001
4.41121205e-001
-6.85305046e-001
0.00000000e+000
0.00000000e+000
0.00000000e+000
9.44065146e-002
-7.88355136e-001
-5.72842079e-002
2.64870271e-001
-5.21752973e-001
4.84531237e-001
4.05352200e-001
2.14389104e-001
-1.92167374e-001
0.00000000e+000
8.05242389e-001
-2.67554728e-001
-8.91457770e-001
1.98359744e-001
-3.74713418e-001
3.66616377e-001
1.27590069e-001
-6.53078845e-001
-1.20456961e-001
2.20158463e-001
-1.99410892e-001
0.00000000e+000
0.00000000e+000
0.00000000e+000
1.65513403e-001
-1.14869407e+000
1.12272400e-001
1.19710823e-001
-3.84338320e-001
1.69483072e-001
1.37795975e-001
1.32599992e-001
-1.91822188e-001
0.00000000e+000
1.09800727e-001
-6.19530040e-002
-1.08954423e-001
1.91714061e-001
4.71819514e-001
1.21982417e-001
1.75257734e-001
-3.53546416e-001
1.87249951e-002
1.23222411e-001
136
5.65959100e-001
0.00000000e+000
0.00000000e+000
1.08589263e-003
1.01362055e-002
2.69555560e-001
-4.62098700e-004
2.95317647e-001
-5.08833305e-004
0.00000000e+000
0.00000000e+000
-5.19699725e-002
5.39205145e-002
4.42867354e-001
-2.79532503e-001
1.48909315e-001
2.51764392e-001
0.00000000e+000
0.00000000e+000
-4.39989553e-001
3.33551624e-001
6.72397029e-001
0.00000000e+000
0.00000000e+000
0.00000000e+000
0.00000000e+000
0.00000000e+000
-4.39989553e-001
8.51358063e-001
-5.17806439e-001
6.72397029e-001
0.00000000e+000
0.00000000e+000
0.00000000e+000
0.00000000e+000
0.00000000e+000
0.00000000e+000
0.00000000e+000
0.00000000e+000
0.00000000e+000
0.00000000e+000
0.00000000e+000
0.00000000e+000
0.00000000e+000
0.00000000e+000
0.00000000e+000
2.31188883e-001
-1.18898488e+000
2.55688743e-001
-6.66452556e-001
-6.62050605e-001
0.00000000e+000
4.11368510e-001
-1.65549395e-001
3.14039106e-001
-5.33937530e-001
0.00000000e+000
0.00000000e+000
0.00000000e+000
0.00000000e+000
6.72397029e-001
-5.17806439e-001
8.51358063e-001
0.00000000e+000
0.00000000e+000
0.00000000e+000
0.00000000e+000
0.00000000e+000
0.00000000e+000
0.00000000e+000
0.00000000e+000
0.00000000e+000
0.00000000e+000
0.00000000e+000
0.00000000e+000
0.00000000e+000
0.00000000e+000
0.00000000e+000
0.00000000e+000
0.00000000e+000
0.00000000e+000
0.00000000e+000
0.00000000e+000
0.00000000e+000
0.00000000e+000
0.00000000e+000
-2.80539726e-001
-8.14178419e-001
-7.25406283e-001
0.00000000e+000
0.00000000e+000
0.00000000e+000
6.86363391e-001
-2.15955951e+000
4.65043556e-001
4.62886441e-001
-1.51022005e+000
6.13347958e-001
5.75575061e-001
1.10982874e+000
-5.00359037e-001
0.00000000e+000
7.43935823e-001
-5.02110569e-001
-1.17291555e+000
3.16456481e-001
1.16332596e+000
8.77413936e-001
4.78276606e-001
-1.95265754e+000
-6.31564338e-001
2.11526356e-001
-1.06305354e+000
0.00000000e+000
0.00000000e+000
0.00000000e+000
4.39777022e-001
-2.08553204e+000
1.72475976e-001
8.35077294e-001
-1.44495239e+000
9.41179323e-001
9.34898407e-001
1.36003156e-001
-4.22981574e-001
0.00000000e+000
1.19037390e+000
-4.87229122e-001
-1.09145636e+000
4.98503268e-001
-3.61007809e-001
3.94002311e-001
4.46106865e-001
-1.51387634e+000
-2.61360766e-001
6.16945352e-001
8 1
-3.0617e-001 1.8990e-001
3 1
0 1 2 
217
1.71323555e-001
-1.25390562e-002
-2.68428340e-001
-1.95087006e-002
-4.85972189e-002
4.31059203e-002
6.73055012e-002
1.69978314e-001
2.74691789e-001
-1.85899352e-001
-6.63857903e-003
-2.94394727e-002
-1.15437937e-001
-3.77047967e-002
0.00000000e+000
0.00000000e+000
0.00000000e+000
0.00000000e+000
0.00000000e+000
0.00000000e+000
1.03725142e-001
-6.15251414e-004
3.45309491e-002
7.19276246e-002
-4.77997148e-005
6.42778005e-002
0.00000000e+000
0.00000000e+000
-2.51111002e-002
5.30141588e-002
2.65999863e-001
-2.68587658e-001
-8.86387968e-002
2.34647089e-001
0.00000000e+000
0.00000000e+000
-5.95398386e-002
-1.42133436e-001
-2.00060430e-002
3.93002873e-001
0.00000000e+000
0.00000000e+000
0.00000000e+000
0.00000000e+000
-5.95398386e-002
4.40124451e-002
-1.57974718e-001
2.45829377e-001
-2.81711633e-002
-4.24047860e-001
1.58212440e-001
3.93002873e-001
0.00000000e+000
0.00000000e+000
0.00000000e+000
0.00000000e+000
0.00000000e+000
0.00000000e+000
0.00000000e+000
0.00000000e+000
2.14784390e-001
-2.79334416e-002
4.40124451e-002
1.14678863e+000
-1.23426191e+000
-9.28998717e-001
3.98259993e-001
1.30814214e+000
-1.39463158e-001
1.41127102e+000
0.00000000e+000
-4.67746417e-001
-5.72056199e-001
5.96712609e-001
-1.37536134e+000
4.23573624e-002
-8.15186324e-002
0.00000000e+000
7.23272653e-002
-2.61750705e-001
1.24662928e-001
-5.89278311e-001
-2.56666383e-002
-2.16231041e-001
0.00000000e+000
0.00000000e+000
0.00000000e+000
0.00000000e+000
0.00000000e+000
0.00000000e+000
0.00000000e+000
0.00000000e+000
0.00000000e+000
0.00000000e+000
0.00000000e+000
0.00000000e+000
0.00000000e+000
0.00000000e+000
0.00000000e+000
0.00000000e+000
0.00000000e+000
0.00000000e+000
0.00000000e+000
0.00000000e+000
0.00000000e+000
0.00000000e+000
0.00000000e+000
0.00000000e+000
0.00000000e+000
0.00000000e+000
0.00000000e+000
0.00000000e+000
0.00000000e+000
0.00000000e+000
0.00000000e+000
0.00000000e+000
0.00000000e+000
0.00000000e+000
0.00000000e+000
-2.48885414e-001
-7.06970475e-001
-4.20943669e-001
0.00000000e+000
0.00000000e+000
0.00000000e+000
4.41496630e-001
-8.73332781e-001
1.11726390e-001
1.88705897e-001
-6.56594179e-001
4.84271936e-001
1.83395582e-001
4.89945410e-001
-2.31489308e-001
0.00000000e+000
3.21859709e-001
-2.55512523e-001
-9.33851053e-001
1.09614468e-001
4.47057532e-001
3.99807833e-001
4.35832376e-001
-8.20745306e-001
-3.84184287e-001
1.21052005e-001
-1.95442839e-001
0.00000000e+000
0.00000000e+000
0.00000000e+000
2.96910898e-001
-1.04090950e+000
8.91629084e-002
3.18485311e-001
-5.56353908e-001
-1.09579084e-002
2.30317787e-001
1.23990658e-001
-6.78089259e-002
0.00000000e+000
4.86665800e-001
-4.81369146e-001
-1.63755717e-001
1.57551538e-001
-3.88231315e-002
1.98370152e-001
1.52548103e-001
-3.46525022e-001
5.61374439e-002
4.00919819e-001
-7.10868332e-001
0.00000000e+000
0.00000000e+000
0.00000000e+000
2.16973439e-001
-7.64082859e-001
-1.01825329e-001
3.29751393e-001
-4.98550267e-001
4.81553115e-001
4.03087188e-001
1.71432737e-001
-1.84206492e-001
0.00000000e+000
7.63929183e-001
-2.73795153e-001
-8.28150116e-001
1.23464071e-001
-2.78405807e-001
1.66704869e-001
9.58082079e-002
-5.47474795e-001
-1.58797281e-001
1.71715564e-001
-1.69897553e-001
0.00000000e+000
0.00000000e+000
0.00000000e+000
1.10416052e-001
-1.13399278e+000
9.77052308e-002
6.37701676e-002
-3.89753933e-001
1.68557590e-001
1.37505518e-001
1.59312672e-001
-2.16584652e-001
0.00000000e+000
1.41351833e-001
-2.13783897e-002
-1.26529130e-001
2.50861493e-001
4.38157537e-001
2.17894949e-001
1.87474259e-001
-4.37575712e-001
3.11010315e-002
1.51808707e-001
136
6.29926598e-001
0.00000000e+000
0.00000000e+000
3.07202859e-004
9.81679811e-003
2.71160902e-001
3.45754406e-004
3.58458493e-001
-4.98278934e-004
0.00000000e+000
0.00000000e+000
-1.34482115e-003
9.99029965e-002
4.84777434e-001
-2.77933652e-001
1.30757200e-001
1.93767440e-001
0.00000000e+000
0.00000000e+000
-5.06870246e-001
1.55309805e-001
4.10537681e-001
5.70949358e-001
0.00000000e+000
0.00000000e+000
0.00000000e+000
0.00000000e+000
-5.06870246e-001
3.06140580e-001
-1.58120123e-001
7.02727456e-001
7.28934826e-003
5.28285257e-001
-8.20475032e-001
5.70949358e-001
0.00000000e+000
0.00000000e+000
0.00000000e+000
0.00000000e+000
0.00000000e+000
0.00000000e+000
0.00000000e+000
0.00000000e+000
0.00000000e+000
0.00000000e+000
0.00000000e+000
-4.82772795e-002
-1.42989877e+000
4.27814241e-001
-5.20305276e-001
-5.26800213e-001
0.00000000e+000
3.34844939e-001
-2.02002885e-001
3.13193448e-001
-5.64839271e-001
0.00000000e+000
3.43877667e-001
7.60147091e-002
1.83723241e-001
-5.13041250e-001
-9.71305807e-001
3.06140580e-001
0.00000000e+000
0.00000000e+000
0.00000000e+000
0.00000000e+000
0.00000000e+000
0.00000000e+000
0.00000000e+000
0.00000000e+000
0.00000000e+000
0.00000000e+000
0.00000000e+000
0.00000000e+000
0.00000000e+000
0.00000000e+000
0.00000000e+000
0.00000000e+000
0.00000000e+000
0.00000000e+000
0.00000000e+000
0.00000000e+000
0.00000000e+000
0.00000000e+000
0.00000000e+000
-2.57942031e-001
-8.33968873e-001
-7.19977320e-001
0.00000000e+000
0.00000000e+000
0.00000000e+000
7.20337762e-001
-2.24145793e+000
3.32713617e-001
4.96414389e-001
-1.54859791e+000
6.14082148e-001
5.91275813e-001
1.13990576e+000
-5.03328131e-001
0.00000000e+000
7.63224786e-001
-4.40610036e-001
-1.16559374e+000
3.06818282e-001
1.14888978e+000
9.39907407e-001
5.24757298e-001
-1.98959998e+000
-6.19966336e-001
2.10849697e-001
-1.07420376e+000
0.00000000e+000
0.00000000e+000
0.00000000e+000
4.36756489e-001
-2.11096828e+000
1.91441685e-001
8.31744564e-001
-1.44474325e+000
9.25053345e-001
9.52797397e-001
1.51114206e-001
-4.38880465e-001
0.00000000e+000
1.18967948e+000
-5.03689909e-001
-1.08312416e+000
4.95204747e-001
-3.36681014e-001
4.22504054e-001
4.48529963e-001
-1.54789483e+000
-2.71994342e-001
6.18946571e-001
7 1
-4.5324e-001 2.1110e-001
4 0
0 1 2 8 
217
-1.24298356e-001
-5.75347286e-001
3.91360925e-001
-2.24475650e-001
-9.23107861e-003
1.71125248e-003
-6.30703313e-002
5.78974207e-002
5.72146438e-002
-9.73601115e-002
-7.79576821e-002
-7.45071149e-002
-3.12539075e-002
1.02262355e-002
2.45179721e-001
-1.14530081e-002
-1.28036833e-001
-6.71246094e-002
6.33439211e-005
-1.14272982e-001
-1.20923566e-001
7.11996427e-004
-1.16409954e-001
-1.81429902e-001
4.15855718e-004
-5.08422688e-002
0.00000000e+000
0.00000000e+000
-1.13331251e-001
1.41686311e-001
4.11612320e-001
-1.09379856e-001
-1.91451717e-001
-2.63434162e-001
0.00000000e+000
0.00000000e+000
2.47944845e-002
-2.52487410e-001
-3.23439773e-001
2.39130825e-002
4.02921260e-001
0.00000000e+000
0.00000000e+000
0.00000000e+000
2.47944845e-002
-2.83975141e-002
-2.35345248e-001
8.07825193e-002
0.00000000e+000
2.50401784e-001
-2.77806310e-001
1.46786276e-001
0.00000000e+000
-2.44675978e-001
-1.30549410e-001
2.86907096e-001
0.00000000e+000
-6.70931430e-001
2.61151141e-001
4.02921260e-001
2.52191527e-001
-3.72886853e-001
-2.83975141e-002
5.97099574e-001
-9.45191942e-001
-8.35389274e-001
2.54879239e-001
1.34928691e+000
-3.10852265e-002
6.63701108e-001
0.00000000e+000
-6.59145680e-001
-5.75996680e-001
3.38051979e-001
-1.26748858e+000
1.96795345e-001
4.03933430e-001
0.00000000e+000
-2.44651774e-001
-4.52572340e-001
1.64495712e-001
-3.89532263e-001
-4.41422937e-002
3.42438758e-001
0.00000000e+000
-2.93609329e-002
-5.80539128e-002
1.42845156e-002
-5.32196316e-001
-1.09221938e-001
1.39144289e-001
0.00000000e+000
0.00000000e+000
0.00000000e+000
0.00000000e+000
0.00000000e+000
0.00000000e+000
0.00000000e+000
0.00000000e+000
0.00000000e+000
0.00000000e+000
0.00000000e+000
0.00000000e+000
0.00000000e+000
0.00000000e+000
0.00000000e+000
0.00000000e+000
0.00000000e+000
0.00000000e+000
0.00000000e+000
0.00000000e+000
0.00000000e+000
0.00000000e+000
0.00000000e+000
0.00000000e+000
0.00000000e+000
0.00000000e+000
0.00000000e+000
0.00000000e+000
-2.50409669e-001
-7.81330349e-001
-5.46389890e-001
0.00000000e+000
0.00000000e+000
0.00000000e+000
3.88954674e-001
-6.36912467e-001
3.12299191e-002
-1.36200207e-001
-5.92527490e-001
1.61396899e-001
2.01778365e-001
2.06358479e-001
-1.28251030e-001
0.00000000e+000
4.19089462e-001
-2.50011028e-001
-6.02459669e-001
1.25219352e-001
3.58906431e-001
3.50487019e-001
1.67995378e-001
-5.94607100e-001
-2.51978614e-001
2.35141735e-001
-9.75277978e-002
0.00000000e+000
0.00000000e+000
0.00000000e+000
2.19934569e-001
-8.92625210e-001
5.42938284e-003
6.04054141e-001
-6.85604620e-001
2.54883717e-001
2.75498342e-001
1.77518630e-001
-6.21590503e-002
0.00000000e+000
3.14312756e-001
2.06694252e-002
-3.31698827e-001
1.68403118e-001
-1.00247176e-001
1.28917405e-001
1.71380652e-001
-5.80499232e-001
-6.45507717e-002
2.78854952e-001
-6.14405708e-001
0.00000000e+000
0.00000000e+000
0.00000000e+000
1.23250164e-002
-6.21417401e-001
-7.80777830e-003
5.18533541e-001
-3.54493000e-001
1.65471541e-001
4.96045190e-001
8.53079423e-002
-1.43663411e-001
0.00000000e+000
3.97849507e-001
-2.16257017e-001
-5.61424031e-001
1.06669828e-001
1.03935361e-002
1.55709352e-001
9.80875224e-002
-5.19291981e-001
-1.66169548e-001
-7.02745175e-002
-2.27146209e-001
0.00000000e+000
0.00000000e+000
0.00000000e+000
1.36594008e-001
-6.68678861e-001
1.95526004e-001
-4.12950101e-002
-2.73033966e-001
7.89575343e-001
1.99154679e-001
1.38439564e-001
-7.94772837e-002
0.00000000e+000
1.10051751e-001
-1.27562711e-001
-5.80254295e-001
8.12433501e-002
3.77019322e-001
1.64748098e-001
8.94787407e-002
-6.32291076e-001
-1.66170668e-001
5.97867996e-002
136
2.52747978e-001
6.18335851e-003
2.25252104e-003
7.43630129e-002
1.56505079e-004
7.56818376e-002
-3.54145162e-004
9.65197691e-002
5.87885104e-004
0.00000000e+000
0.00000000e+000
1.83138194e-001
3.94627565e-002
2.32918932e-001
-5.15463273e-001
1.58825046e-002
2.96808864e-001
0.00000000e+000
0.00000000e+000
-2.72246223e-001
-2.68714201e-003
1.73215324e-001
-1.58866286e-002
3.70352647e-001
0.00000000e+000
0.00000000e+000
0.00000000e+000
-2.72246223e-001
1.22423609e-001
-1.16286569e-001
-1.54905635e-002
-1.31558571e-004
3.81552654e-001
-3.36389060e-001
4.06140663e-001
0.00000000e+000
3.21286078e-002
9.60820014e-002
3.39860158e-001
0.00000000e+000
-3.70521934e-001
-3.91365515e-001
3.70352647e-001
0.00000000e+000
0.00000000e+000
0.00000000e+000
-3.32731038e-003
-1.01037055e+000
8.17760782e-001
-3.89413776e-001
-6.28571659e-001
0.00000000e+000
-1.00155784e-001
-1.88644816e-001
2.93922088e-001
-6.03427580e-001
0.00000000e+000
1.77778397e-001
-1.66411357e-001
1.77319353e-001
-3.48324177e-001
-7.41451640e-001
2.91996561e-001
-2.75280682e-001
2.14669152e-001
-1.26107156e-001
0.00000000e+000
0.00000000e+000
0.00000000e+000
0.00000000e+000
0.00000000e+000
0.00000000e+000
0.00000000e+000
0.00000000e+000
0.00000000e+000
0.00000000e+000
0.00000000e+000
0.00000000e+000
0.00000000e+000
0.00000000e+000
0.00000000e+000
0.00000000e+000
0.00000000e+000
0.00000000e+000
0.00000000e+000
0.00000000e+000
-2.86186814e-001
-7.86646945e-001
-7.87047170e-001
0.00000000e+000
0.00000000e+000
0.00000000e+000
7.81295478e-001
-2.39543616e+000
4.18749613e-001
3.57064476e-001
-1.48962455e+000
5.75314713e-001
5.53007722e-001
1.23407837e+000
-5.46799240e-001
0.00000000e+000
8.27256193e-001
-8.39599947e-001
-1.21314534e+000
2.79361752e-001
1.32304034e+000
1.01920798e+000
6.50141857e-001
-1.92641238e+000
-6.04011159e-001
2.09463100e-001
-1.08639923e+000
0.00000000e+000
0.00000000e+000
0.00000000e+000
4.99919628e-001
-2.31005293e+000
1.28864555e-001
8.57648125e-001
-1.53943081e+000
4.35095711e-001
9.13283190e-001
1.76084670e-001
-5.00785897e-001
0.00000000e+000
1.27029268e+000
-4.65578448e-001
-8.93594496e-001
6.34509321e-001
-3.43465239e-001
4.98696034e-001
4.72254562e-001
-1.47500474e+000
-1.50182615e-001
7.05047462e-001
4 1
-5.7411e-001 2.3732e-001
5 0
0 1 2 8 7 
217
-2.34729389e-001
-4.67304666e-001
4.69892151e-001
-2.73937803e-001
-7.44392821e-002
-3.27905407e-002
-1.08088847e-001
-9.71557517e-002
-6.77813648e-002
7.04802072e-002
5.85700904e-002
1.48319963e-002
-4.29899861e-002
2.07238160e-002
2.22642188e-001
-9.76935577e-003
-1.48559818e-001
-1.42290976e-001
1.15744170e-003
-8.31780218e-002
-1.27371026e-001
-4.24183847e-004
-4.93568511e-002
-1.87709576e-001
2.41131515e-004
1.72831679e-002
0.00000000e+000
0.00000000e+000
-2.67271014e-001
3.61786584e-002
3.63310577e-001
-9.56319458e-002
-1.41288795e-001
-1.30026869e-001
0.00000000e+000
0.00000000e+000
0.00000000e+000
-2.06644738e-001
-4.15543170e-001
-1.15448355e-001
1.66054292e-001
3.55038585e-001
0.00000000e+000
0.00000000e+000
8.91967210e-004
-2.72284508e-001
-2.71247341e-001
2.22461016e-001
0.00000000e+000
3.21388425e-001
-3.76281749e-001
2.68687002e-001
0.00000000e+000
-1.99622617e-001
-2.85272362e-001
4.19086176e-001
0.00000000e+000
-6.57704805e-001
2.65620488e-002
5.40608104e-001
-4.71648760e-001
5.08311911e-001
-2.53206537e-001
5.61520981e-001
-1.43886916e+000
-8.20462668e-001
5.24533835e-001
1.35810649e+000
1.18084959e-001
4.50240365e-001
0.00000000e+000
-7.79332283e-001
-6.69503047e-001
3.99159300e-001
-1.32233512e+000
1.45443594e-001
1.36958205e-001
0.00000000e+000
-3.89668485e-001
-4.93376428e-001
1.91728842e-001
-3.88889591e-001
-3.67897463e-002
3.58161250e-001
0.00000000e+000
-9.32522248e-002
-4.27758643e-002
1.61789929e-002
-5.02421964e-001
-1.57656158e-001
1.30662957e-001
-8.64646898e-002
-2.91503057e-003
-1.12382436e-001
9.66013854e-003
-4.79797586e-002
-1.55009808e-001
2.12045601e-001
0.00000000e+000
0.00000000e+000
0.00000000e+000
0.00000000e+000
0.00000000e+000
0.00000000e+000
0.00000000e+000
0.00000000e+000
0.00000000e+000
0.00000000e+000
0.00000000e+000
0.00000000e+000
0.00000000e+000
0.00000000e+000
0.00000000e+000
0.00000000e+000
0.00000000e+000
0.00000000e+000
0.00000000e+000
0.00000000e+000
0.00000000e+000
-1.60391217e-001
-7.08192332e-001
-5.70455856e-001
0.00000000e+000
0.00000000e+000
0.00000000e+000
3.75970338e-001
-5.82997840e-001
2.15987887e-002
-1.57662516e-001
-5.78739158e-001
1.59645922e-001
2.20355244e-001
3.67316348e-001
-1.53871331e-001
0.00000000e+000
4.61795835e-001
-3.50283822e-001
-7.12177124e-001
1.26122576e-001
3.75458134e-001
3.01397739e-001
2.41716375e-001
-6.56764278e-001
-2.64584731e-001
2.35247645e-001
-7.05754741e-002
0.00000000e+000
0.00000000e+000
0.00000000e+000
2.23481123e-001
-7.79321786e-001
4.08878412e-002
6.51652379e-001
-7.09259599e-001
2.07264069e-001
2.39807508e-001
1.20401224e-001
-6.05464821e-002
0.00000000e+000
2.73715759e-001
1.62721784e-001
-2.24393296e-001
1.10643419e-001
-9.94805656e-002
1.55181518e-001
1.03058147e-001
-6.49902490e-001
-1.11271733e-001
2.74785707e-001
-6.27010877e-001
0.00000000e+000
0.00000000e+000
0.00000000e+000
-1.02110531e-001
-6.88676995e-001
-2.23393455e-001
5.05172666e-001
-5.30982931e-001
5.71441308e-001
5.65023798e-001
8.56564483e-002
-1.94116206e-001
0.00000000e+000
4.32391542e-001
-2.19268794e-001
-6.01545034e-001
1.53700291e-001
5.39317363e-002
2.02736162e-001
1.88218614e-001
-5.46337490e-001
-1.59153071e-001
-1.19698937e-001
-2.09550157e-001
0.00000000e+000
0.00000000e+000
0.00000000e+000
1.96741906e-001
-7.30864564e-001
8.81408834e-002
-2.94215246e-002
-5.80905676e-001
3.72683285e-001
3.39749429e-001
2.08293428e-001
3.06529328e-002
0.00000000e+000
1.43281701e-001
-9.69914375e-003
-4.84422385e-001
7.11220420e-002
4.29975180e-001
1.87716989e-001
8.26612807e-002
-5.67059661e-001
-8.24844149e-002
1.24288155e-001
136
2.17394166e-001
-1.39191254e-002
3.06307479e-003
8.56687999e-002
2.55625747e-004
4.37569956e-002
-3.74713937e-005
1.01887496e-001
4.91147444e-004
0.00000000e+000
0.00000000e+000
1.83762342e-001
6.65945468e-002
2.49591916e-001
-5.24272783e-001
-1.79069807e-004
2.41897214e-001
0.00000000e+000
0.00000000e+000
-2.24349939e-001
2.89415135e-002
4.25527869e-002
1.18948268e-002
1.94320780e-001
1.64034198e-001
0.00000000e+000
0.00000000e+000
-2.28190214e-001
5.04863329e-002
-1.97934415e-001
6.73361233e-002
1.03736814e-002
4.24414853e-001
-2.83063064e-001
3.04075308e-001
0.00000000e+000
1.28092138e-001
1.20039009e-001
2.31463367e-001
0.00000000e+000
-5.07169691e-001
-4.39288248e-001
5.44392483e-001
0.00000000e+000
0.00000000e+000
0.00000000e+000
-2.12085622e-002
-1.00448819e+000
9.03332732e-001
-3.72015720e-001
-5.64484725e-001
0.00000000e+000
-1.29626397e-001
-1.89409786e-001
2.59157994e-001
-5.85058818e-001
0.00000000e+000
1.61788853e-001
-1.91927676e-001
1.72226337e-001
-3.62660033e-001
-5.46211463e-001
1.94144663e-001
-3.06142253e-001
1.99423577e-001
-1.23673398e-001
-1.61422187e-002
2.01963060e-001
-4.45957707e-001
1.95782745e-001
-2.94111691e-001
0.00000000e+000
0.00000000e+000
0.00000000e+000
0.00000000e+000
0.00000000e+000
0.00000000e+000
0.00000000e+000
0.00000000e+000
0.00000000e+000
0.00000000e+000
0.00000000e+000
0.00000000e+000
0.00000000e+000
0.00000000e+000
0.00000000e+000
-3.10701185e-001
-8.11904874e-001
-7.91911102e-001
0.00000000e+000
0.00000000e+000
0.00000000e+000
7.90219641e-001
-2.43811944e+000
3.94826562e-001
3.21676931e-001
-1.51390806e+000
6.07455684e-001
5.84653387e-001
1.18317037e+000
-5.22481708e-001
0.00000000e+000
8.58693220e-001
-8.45281522e-001
-1.22731979e+000
2.99376807e-001
1.32954093e+000
1.01588161e+000
6.36438352e-001
-1.89482835e+000
-6.02361323e-001
2.30455595e-001
-1.09065289e+000
0.00000000e+000
0.00000000e+000
0.00000000e+000
4.56880817e-001
-2.25088242e+000
2.26418933e-001
8.70426851e-001
-1.36997387e+000
8.40853173e-001
8.04500660e-001
1.10262251e-001
-5.42630452e-001
0.00000000e+000
1.21875052e+000
-5.18093388e-001
-9.29180348e-001
6.11658906e-001
-4.14968209e-001
4.37114903e-001
4.50488610e-001
-1.51426963e+000
-2.34859399e-001
6.56849200e-001
19 1
-9.1835e-001 3.0546e-001
6 0
0 1 2 8 7 4 
217
-1.33860073e-001
-5.08776807e-001
4.05590355e-001
-6.52312212e-002
8.16430742e-002
-1.20253780e-002
-2.66540056e-002
-5.04365478e-002
-9.76877872e-002
-8.81241575e-002
-1.56878791e-001
4.58893197e-002
6.57174361e-002
6.53455079e-002
2.84324739e-001
-6.44195369e-003
-3.08684350e-001
-2.22923330e-002
-8.70637556e-005
-1.15966361e-001
-8.55980519e-002
2.03783075e-004
-1.03997264e-001
-3.10294427e-001
1.41576012e-004
5.95005117e-002
0.00000000e+000
0.00000000e+000
-1.04993873e-001
1.56206701e-001
3.69876855e-001
-6.83033254e-002
-2.21536633e-001
-2.65109797e-001
0.00000000e+000
0.00000000e+000
0.00000000e+000
1.79852572e-001
-3.45454783e-001
-3.09067926e-001
-8.97326074e-002
1.01077552e-001
3.55248382e-001
0.00000000e+000
0.00000000e+000
-1.25462539e-002
-3.98288837e-001
1.05246238e-001
0.00000000e+000
2.74513872e-001
-3.05830701e-001
2.32522660e-001
0.00000000e+000
-1.91105005e-001
-6.03215836e-002
3.42869600e-001
0.00000000e+000
-6.70818794e-001
1.04682912e-001
4.60013543e-001
3.67574257e-003
-8.61297329e-002
-2.56228201e-002
7.50154667e-001
-1.42471060e+000
-6.35128274e-001
4.16182059e-001
1.39962945e+000
1.24513802e-001
7.90983049e-001
0.00000000e+000
-6.14753904e-001
-5.62415494e-001
3.94719007e-001
-1.19312874e+000
8.61748239e-002
1.60585735e-001
0.00000000e+000
-2.55439331e-001
-4.73577315e-001
1.78713279e-001
-3.21629333e-001
-5.71340215e-002
1.72745168e-001
0.00000000e+000
-1.20406178e-001
-7.88327280e-002
6.61556926e-002
-4.23440460e-001
-7.96095872e-002
3.59120957e-002
0.00000000e+000
-6.52544504e-002
-1.50860945e-001
1.25624983e-003
-2.35566224e-001
-6.98618725e-002
-1.05961527e-001
0.00000000e+000
8.75625086e-002
-2.93569109e-001
-1.02446055e-001
-6.29723243e-001
-1.18976527e-001
-2.79966776e-001
0.00000000e+000
0.00000000e+000
0.00000000e+000
0.00000000e+000
0.00000000e+000
0.00000000e+000
0.00000000e+000
0.00000000e+000
0.00000000e+000
0.00000000e+000
0.00000000e+000
0.00000000e+000
0.00000000e+000
0.00000000e+000
-2.22424252e-001
-6.84198118e-001
-6.25674967e-001
0.00000000e+000
0.00000000e+000
0.00000000e+000
3.76221880e-001
-7.44888850e-001
-8.48853458e-002
1.34568512e-001
-6.02934002e-001
1.85439176e-001
2.71112236e-001
2.42233233e-001
-2.64816922e-001
0.00000000e+000
6.12286314e-001
-2.49210256e-001
-7.81599415e-001
7.62384732e-002
5.29486669e-001
2.31547640e-001
1.59742029e-001
-6.66129899e-001
-3.29262653e-001
2.79176211e-001
-3.77639573e-002
0.00000000e+000
0.00000000e+000
0.00000000e+000
2.15861692e-001
-9.13693767e-001
7.79655601e-002
3.95658856e-001
-6.28594867e-001
2.49410634e-001
2.23793315e-001
2.41533670e-001
3.62294058e-002
0.00000000e+000
2.05425801e-001
1.97693757e-002
-2.30729079e-001
1.76969051e-001
-1.60627205e-001
2.86436883e-001
1.70577677e-001
-5.58645931e-001
-3.55294454e-002
1.90424415e-001
-6.96776710e-001
0.00000000e+000
0.00000000e+000
0.00000000e+000
-4.51975761e-002
-6.23605651e-001
3.03181381e-002
3.61151136e-001
-4.35844066e-001
6.37797367e-001
6.24778458e-001
-1.94623623e-002
-1.83229665e-001
0.00000000e+000
4.11414542e-001
-2.47794929e-001
-6.76410433e-001
1.18672967e-002
2.35364325e-001
1.15363381e-001
-3.07576175e-002
-4.85832826e-001
-2.02100740e-001
-1.74595488e-001
-1.42842551e-001
0.00000000e+000
0.00000000e+000
0.00000000e+000
1.52330968e-001
-6.90824682e-001
1.87366135e-001
5.12940852e-002
-2.32445832e-001
6.06293920e-001
3.71004285e-002
1.46503519e-001
-6.52155818e-002
0.00000000e+000
1.74031393e-001
-1.52269405e-001
-4.23925163e-001
1.51259947e-001
1.54996060e-001
1.40101138e-001
2.01608299e-001
-5.99457093e-001
-1.53232878e-001
1.71642191e-001
136
1.68000935e-001
-8.76260591e-002
3.97750569e-003
7.77038025e-002
3.96882667e-004
6.73959670e-002
8.07004632e-005
1.10527224e-001
4.94701200e-004
0.00000000e+000
0.00000000e+000
1.10747439e-001
2.78264667e-002
2.84197455e-001
-4.89688599e-001
1.28196295e-002
2.22098543e-001
0.00000000e+000
0.00000000e+000
-2.38310154e-001
1.88643094e-001
5.27987413e-002
-1.34412031e-001
-6.47343850e-003
5.71709879e-002
2.48583736e-001
0.00000000e+000
-2.32777989e-001
3.58900148e-002
-2.81159118e-001
1.04662276e-001
1.60163718e-002
4.37084592e-001
-2.89291152e-001
3.29581829e-001
0.00000000e+000
1.11301547e-001
7.54351466e-002
3.06861881e-001
0.00000000e+000
-4.76745717e-001
-4.66759450e-001
4.91790554e-001
0.00000000e+000
0.00000000e+000
0.00000000e+000
-7.11979991e-002
-1.10122804e+000
8.47146522e-001
-4.10370492e-001
-5.95297744e-001
0.00000000e+000
-1.03121030e-001
-2.30301690e-001
3.20971074e-001
-5.33573341e-001
0.00000000e+000
1.07456592e-001
-1.42290803e-001
1.72031698e-001
-3.60708265e-001
-7.41660721e-001
1.61429002e-001
-2.82205189e-001
1.98216655e-001
-1.12375742e-001
0.00000000e+000
1.29212776e-001
-3.00845982e-001
1.41715340e-001
-1.76618065e-001
0.00000000e+000
2.84408406e-001
-3.99221209e-001
1.41295614e-001
-3.52019571e-001
0.00000000e+000
0.00000000e+000
0.00000000e+000
0.00000000e+000
0.00000000e+000
0.00000000e+000
0.00000000e+000
0.00000000e+000
0.00000000e+000
0.00000000e+000
-2.98129133e-001
-8.04156353e-001
-7.87270810e-001
0.00000000e+000
0.00000000e+000
0.00000000e+000
7.67620279e-001
-2.36849000e+000
3.88579096e-001
4.31571995e-001
-1.52223270e+000
5.68885108e-001
5.68454885e-001
1.12788227e+000
-5.33316330e-001
0.00000000e+000
8.53819855e-001
-6.94366553e-001
-1.20883944e+000
2.95314435e-001
1.23142768e+000
9.48364568e-001
6.17919143e-001
-1.92369971e+000
-6.17561365e-001
2.81395971e-001
-1.08927617e+000
0.00000000e+000
0.00000000e+000
0.00000000e+000
4.36113744e-001
-2.27535855e+000
1.41712119e-001
8.19531754e-001
-1.54534177e+000
6.20269604e-001
9.82971046e-001
1.85491406e-001
-4.82106577e-001
0.00000000e+000
1.22697600e+000
-4.28878450e-001
-9.66678141e-001
5.87215510e-001
-2.34535481e-001
4.78669149e-001
4.54570244e-001
-1.50282030e+000
-2.18750218e-001
6.31672737e-001
15 1
-1.1166e+000 3.5096e-001
7 1
0 1 2 8 7 4 19 
217
8.73342238e-002
-1.44718013e-001
-5.12400137e-002
-1.39665198e-002
-2.67107747e-002
1.73325250e-002
1.42811183e-002
1.30840494e-001
6.98356633e-002
-3.22552182e-002
4.00661698e-002
-4.32515584e-002
-1.01379529e-002
-1.13527596e-001
0.00000000e+000
0.00000000e+000
0.00000000e+000
0.00000000e+000
0.00000000e+000
0.00000000e+000
-5.48700008e-002
-4.73884471e-004
1.83834425e-001
1.94847020e-001
-7.15477790e-004
6.45069442e-002
0.00000000e+000
0.00000000e+000
-5.12372790e-002
1.98781392e-001
5.25476985e-001
-4.78991743e-001
-1.06383492e-001
-3.11639317e-004
0.00000000e+000
0.00000000e+000
-1.42723302e-002
3.76761005e-001
-1.83698794e-001
-3.40312785e-001
-2.13212166e-001
-1.51012368e-001
1.34877214e-001
4.78204448e-001
1.20833762e-002
1.91627208e-001
-5.56486926e-001
1.19923904e-001
0.00000000e+000
1.73050587e-001
-2.86304170e-001
1.99939565e-001
0.00000000e+000
-3.01211881e-001
1.87433911e-002
2.69268642e-001
0.00000000e+000
-7.85282546e-001
5.42582966e-001
4.59564797e-001
1.90931516e-001
-3.07307877e-001
2.17982915e-001
8.88750922e-001
-1.12829697e+000
-6.49863414e-001
3.98904694e-001
1.40854234e+000
-7.20244176e-002
6.18583162e-001
0.00000000e+000
-6.79897945e-001
-6.97803851e-001
6.45287296e-001
-8.81491828e-001
1.21944872e-001
-1.83204529e-001
0.00000000e+000
-2.47284835e-001
-4.37970413e-001
3.15333283e-001
-4.20886142e-001
1.92857757e-002
-1.28179831e-001
0.00000000e+000
-1.09369522e-001
-1.09092830e-001
2.08363354e-001
-7.09102745e-001
-1.16596085e-002
-2.03078800e-001
7.93645472e-002
6.72358034e-003
-1.53195707e-001
1.00649942e-002
-1.65741032e-001
-8.81889785e-003
-1.98231433e-001
1.10269426e-001
3.42653142e-002
-3.21289112e-001
-5.45068906e-002
-6.50463100e-001
-2.69362543e-003
-3.99402741e-002
1.72587175e-001
-5.29811016e-002
1.11398956e-002
-1.74675790e-002
-3.49776361e-001
-1.48042710e-002
-5.73831980e-002
0.00000000e+000
0.00000000e+000
0.00000000e+000
0.00000000e+000
0.00000000e+000
0.00000000e+000
0.00000000e+000
-3.09898706e-001
-8.36236411e-001
-7.15146704e-001
0.00000000e+000
0.00000000e+000
0.00000000e+000
5.37025126e-001
-9.48134370e-001
-4.71043912e-003
1.70331387e-001
-6.80314956e-001
1.48009743e-001
1.54115656e-001
4.37804989e-001
-5.34490061e-001
0.00000000e+000
6.58245207e-001
-5.88259732e-001
-1.03602010e+000
-3.95279443e-002
3.98267905e-001
6.86872065e-001
7.91496457e-001
-7.82654224e-001
-3.90593772e-001
3.07390364e-001
-5.20804542e-002
0.00000000e+000
0.00000000e+000
0.00000000e+000
2.08790688e-001
-1.24209716e+000
2.50294284e-001
2.25127283e-001
-4.69065820e-001
2.78895364e-001
2.69985744e-001
2.44899977e-001
-1.60535884e-001
0.00000000e+000
2.68942772e-001
-1.68615013e-001
-1.43606390e-001
1.53614633e-001
1.99128184e-001
2.17481516e-001
7.87024625e-002
-4.37904317e-001
-2.99890795e-002
2.03870299e-001
-7.49685939e-001
0.00000000e+000
0.00000000e+000
0.00000000e+000
1.30482435e-001
-8.10137780e-001
-4.02848091e-002
2.20891741e-001
-4.63522415e-001
3.27130660e-001
1.96866431e-001
1.50182241e-001
-3.47758806e-001
0.00000000e+000
7.34976815e-001
-3.78485759e-001
-7.44720933e-001
2.56263176e-001
4.37638763e-002
3.50068241e-001
3.39537152e-002
-6.27827119e-001
-6.07257489e-002
2.79198100e-001
-1.77065461e-001
0.00000000e+000
0.00000000e+000
0.00000000e+000
1.11280975e-001
-1.00439204e+000
1.11100991e-001
2.23519624e-001
-3.93266843e-001
1.90699360e-001
2.71381225e-001
1.25228219e-001
-9.62361189e-002
0.00000000e+000
1.87832718e-001
-1.08584894e-001
-1.62311799e-001
1.86859337e-001
1.24364161e-001
1.28831841e-001
2.42642330e-001
-3.80633516e-001
-4.67809412e-002
1.11399915e-001
136
1.63988725e-001
0.00000000e+000
0.00000000e+000
2.81115505e-003
6.12037639e-004
7.79971706e-002
-6.22786705e-004
8.31803997e-002
-3.05273503e-006
0.00000000e+000
0.00000000e+000
-4.01265540e-002
1.10332730e-002
2.76797923e-001
-2.91125291e-001
4.53715093e-002
1.62037865e-001
0.00000000e+000
0.00000000e+000
-2.23018596e-001
1.58455440e-001
9.78070340e-002
-1.32270303e-001
-6.57012485e-002
5.70731244e-002
1.32267625e-001
1.39375650e-001
-2.38534032e-001
5.88932935e-002
-2.86030341e-001
2.51263433e-001
-9.60528673e-003
4.91072916e-001
-4.95425668e-001
3.90280949e-001
-1.93642382e-003
1.86712749e-001
-1.93813310e-001
3.76919372e-001
1.67212085e-002
-4.79430076e-001
-3.02309082e-001
3.99209025e-001
0.00000000e+000
0.00000000e+000
0.00000000e+000
-9.29035434e-002
-1.41802939e+000
8.05343521e-001
-4.14288658e-001
-5.60737811e-001
0.00000000e+000
2.38943484e-002
-2.01363275e-001
3.07025707e-001
-5.31453507e-001
0.00000000e+000
1.53474740e-001
-5.35221182e-002
1.63812976e-001
-4.24946355e-001
-3.60721077e-001
2.05293120e-001
-1.89732283e-001
1.82271849e-001
-6.65678431e-002
6.29243372e-002
-1.90124439e-002
-2.15715592e-001
8.35337471e-002
-1.82325060e-001
1.13627556e-001
1.94316526e-001
-4.28628798e-001
1.44615655e-001
-3.34817962e-001
5.84358108e-002
1.60223352e-001
-2.66346377e-001
1.30618797e-001
-1.84741422e-002
0.00000000e+000
0.00000000e+000
0.00000000e+000
0.00000000e+000
0.00000000e+000
-2.37131521e-001
-7.63681371e-001
-7.24800428e-001
0.00000000e+000
0.00000000e+000
0.00000000e+000
7.47235898e-001
-2.24374102e+000
3.35031361e-001
5.03765762e-001
-1.58733195e+000
5.60409368e-001
5.78123023e-001
1.07387411e+000
-4.50920604e-001
0.00000000e+000
8.57443974e-001
-5.46133207e-001
-1.21545592e+000
3.18742487e-001
1.09315742e+000
8.81203331e-001
5.37584752e-001
-1.90614145e+000
-6.04293425e-001
3.42645660e-001
-1.02846449e+000
0.00000000e+000
0.00000000e+000
0.00000000e+000
3.99370277e-001
-2.16344511e+000
1.60732708e-001
7.66465283e-001
-1.40420421e+000
1.04353213e+000
9.40924169e-001
1.65867463e-001
-4.80128268e-001
0.00000000e+000
1.11110202e+000
-4.49647405e-001
-1.09368985e+000
4.89259785e-001
-1.24656314e-001
4.16082340e-001
4.06824480e-001
-1.51324692e+000
-2.54845023e-001
5.55237957e-001
3 2
-9.6781e-001 3.4210e-001
8 -1
0 1 2 8 7 4 19 15 
217
9.70990450e-002
-4.50436324e-002
-2.70128802e-001
-2.56302368e-001
-1.65667142e-001
1.69884631e-001
-4.62598803e-002
2.48124214e-001
2.17808458e-001
-9.57241491e-002
-2.73355822e-002
7.94247431e-002
1.18553191e-001
7.96927287e-002
4.90289844e-002
4.89408875e-003
2.25895572e-001
-8.14622975e-003
-1.26642039e-003
3.82359826e-001
7.82210339e-002
-2.61408264e-003
3.95622902e-001
-2.20047436e-002
-4.09734451e-004
2.59086921e-001
0.00000000e+000
0.00000000e+000
4.86400318e-001
1.64554306e-001
2.94917115e-001
-4.97493091e-001
-2.27792786e-001
-1.23486816e-001
0.00000000e+000
0.00000000e+000
-1.59636173e-001
3.01101848e-001
-7.12494766e-002
-1.79670221e-001
-1.54391472e-001
2.40373052e-002
9.77067070e-002
2.39200526e-001
-1.18231437e-001
1.13728283e-001
-3.87646026e-001
-4.66681309e-003
1.93661133e-002
2.35939172e-001
-2.75334870e-001
3.34346715e-001
-4.70878480e-002
-2.10233423e-001
7.49976973e-003
3.29410522e-001
2.70287006e-002
-6.18209230e-001
2.71192872e-001
4.19996544e-001
8.22313300e-002
6.19053154e-002
1.12598572e-001
3.63226232e-001
-8.66438957e-001
-7.87728181e-001
3.62723658e-001
1.04459400e+000
2.37588113e-001
4.16728700e-001
0.00000000e+000
-5.97699669e-001
-7.26212041e-001
5.40042212e-001
-5.80431587e-001
1.54756502e-001
-6.20830973e-002
0.00000000e+000
-3.17226973e-001
-4.61874452e-001
2.68845379e-001
-2.83826671e-001
1.45480639e-001
-3.32180157e-002
0.00000000e+000
-8.24988627e-002
-1.35716554e-002
1.99082013e-001
-3.51742472e-001
-1.94841058e-002
4.21566588e-002
1.23581217e-001
-5.85772586e-002
-1.22801819e-001
8.82692380e-002
-2.08678954e-001
-5.61741512e-002
-2.59052992e-001
1.13408055e-001
1.52416461e-001
-4.32236368e-001
-7.13858896e-002
-2.92385047e-001
-9.73395819e-002
-1.89177405e-001
1.36419029e-001
-1.15034463e-001
1.28429834e-002
-1.30112425e-003
-3.32544323e-001
7.70156031e-002
-4.06779926e-002
0.00000000e+000
-1.04318549e-001
4.22138145e-002
1.92587237e-001
-4.11099905e-001
8.83035711e-003
-5.11877601e-002
-6.77128921e-002
-8.10912195e-001
5.36041010e-002
0.00000000e+000
0.00000000e+000
0.00000000e+000
5.42666173e-001
-1.01494628e+000
1.46313480e-001
-5.96890333e-002
-7.79217005e-001
3.10447339e-001
3.45395586e-001
5.83211718e-001
-2.22528504e-001
0.00000000e+000
8.90977074e-001
-2.52875286e-001
-8.04439191e-001
1.30284146e-001
6.98982346e-001
5.67314454e-001
2.70920194e-001
-8.47391689e-001
-6.34488984e-001
1.82667563e-001
-3.94243751e-001
0.00000000e+000
0.00000000e+000
0.00000000e+000
1.69058471e-001
-1.13090874e+000
7.04462086e-002
6.08736709e-001
-5.41702720e-001
1.24734463e-001
2.31894440e-001
1.53575360e-001
-1.91533703e-001
0.00000000e+000
6.19652098e-002
-1.15005495e-001
-2.84950813e-001
1.93269656e-001
4.98076783e-002
1.60176556e-001
1.80352186e-001
-5.61859803e-001
1.75352294e-001
2.52348289e-001
-7.62583889e-001
0.00000000e+000
0.00000000e+000
0.00000000e+000
2.71886324e-001
-1.06081090e+000
-3.29523774e-003
4.75954024e-001
-8.12505179e-001
4.65704903e-001
7.60846866e-001
-1.91924922e-002
-2.79580343e-001
0.00000000e+000
8.84089383e-001
-3.79386607e-001
-7.28365338e-001
2.06236188e-001
-2.19876667e-001
3.57195855e-001
1.49345996e-001
-6.42374098e-001
-3.27247868e-001
1.38791302e-001
-1.16701163e-001
0.00000000e+000
0.00000000e+000
0.00000000e+000
1.67298312e-002
-2.31967350e-001
1.92053289e-003
-3.25917125e-003
-3.18354058e-001
-1.82719936e-004
-1.01730056e-001
1.97913784e-001
1.79349423e-001
0.00000000e+000
-3.40187943e-003
1.20792108e-001
-3.01320598e-001
1.65829476e-001
4.64739259e-001
2.55607419e-002
1.10730184e-001
-5.73452494e-001
5.22006693e-002
8.12011556e-002
136
2.64434876e-001
1.20772350e-001
3.23761754e-003
3.25098202e-001
-2.78771304e-003
9.49216171e-002
-1.89231440e-003
-2.76357292e-001
-1.86956423e-003
0.00000000e+000
0.00000000e+000
4.69781304e-001
4.78832453e-001
5.38591588e-001
-5.08404683e-001
-4.13323411e-001
-3.01042374e-001
0.00000000e+000
0.00000000e+000
0.00000000e+000
1.91774277e-001
1.47087584e-001
-1.29260606e-001
-1.42448805e-001
-5.41474730e-002
2.01957597e-002
2.31234140e-001
0.00000000e+000
2.67864446e-001
-3.80126054e-001
1.84975718e-001
0.00000000e+000
3.90797446e-001
-5.48844745e-001
4.11744087e-001
0.00000000e+000
7.11839347e-002
-2.45941028e-001
3.97813999e-001
0.00000000e+000
-5.81327935e-001
-2.38247774e-001
5.34542783e-001
0.00000000e+000
0.00000000e+000
0.00000000e+000
-3.40946699e-003
-1.40975013e+000
8.27795305e-001
-4.31082563e-001
-5.83230037e-001
0.00000000e+000
1.48517891e-001
-1.96432137e-001
3.20056648e-001
-5.36363413e-001
0.00000000e+000
2.95771015e-001
-5.95445866e-002
1.86363552e-001
-3.85168431e-001
-3.28756684e-001
-8.64202797e-002
-2.95070006e-001
1.38180603e-001
-8.39667030e-002
1.22151626e-001
9.66294034e-003
-2.10911759e-001
9.51720701e-002
-1.90858065e-001
1.88130621e-001
2.29861105e-001
-4.06845671e-001
1.57585960e-001
-3.34795514e-001
1.20497622e-001
2.36302413e-001
-2.43557187e-001
1.39459154e-001
2.19742286e-002
0.00000000e+000
3.01776177e-001
-1.71404702e-001
1.68305800e-001
-8.43595879e-002
-2.63329363e-001
-7.85151434e-001
-7.56644236e-001
0.00000000e+000
0.00000000e+000
0.00000000e+000
7.55921006e-001
-2.33458515e+000
3.44320689e-001
4.47222600e-001
-1.58080808e+000
5.61898349e-001
5.53142422e-001
1.05176564e+000
-4.73220984e-001
0.00000000e+000
8.83529485e-001
-5.70042953e-001
-1.22037560e+000
3.09740179e-001
1.07695196e+000
9.21103467e-001
5.88660254e-001
-1.85671209e+000
-5.91734517e-001
3.76579091e-001
-1.05870993e+000
0.00000000e+000
0.00000000e+000
0.00000000e+000
3.85823464e-001
-2.35935896e+000
1.76358859e-001
7.82494983e-001
-1.35003803e+000
1.04850102e+000
9.41182332e-001
1.55300850e-001
-5.34562658e-001
0.00000000e+000
1.15541973e+000
-5.28590105e-001
-1.03498184e+000
5.26446648e-001
-1.72904631e-001
4.44645171e-001
4.21627740e-001
-1.46690788e+000
-2.29409879e-001
5.80243257e-001
