0 1 -999999999 -1 -1
1 1 0 -1 -1
0.1963 -1.088
356
2.25391486e-001
2.25391486e-001
0.00000000e+000
2.05717230e+000
-8.06913297e-001
-5.81851866e-001
4.21151272e-001
1.00466009e-001
3.27159837e-001
5.20952669e-002
3.08079871e-001
4.55673628e-002
-1.22683047e-001
8.43201347e-001
8.01880831e-001
4.12090126e-001
0.00000000e+000
0.00000000e+000
0.00000000e+000
0.00000000e+000
0.00000000e+000
0.00000000e+000
0.00000000e+000
0.00000000e+000
0.00000000e+000
0.00000000e+000
0.00000000e+000
0.00000000e+000
0.00000000e+000
0.00000000e+000
0.00000000e+000
0.00000000e+000
0.00000000e+000
0.00000000e+000
0.00000000e+000
0.00000000e+000
0.00000000e+000
0.00000000e+000
0.00000000e+000
0.00000000e+000
0.00000000e+000
0.00000000e+000
0.00000000e+000
0.00000000e+000
0.00000000e+000
0.00000000e+000
0.00000000e+000
0.00000000e+000
0.00000000e+000
0.00000000e+000
0.00000000e+000
-1.26730512e+000
-5.00111361e-001
-9.58029734e-001
0.00000000e+000
0.00000000e+000
0.00000000e+000
0.00000000e+000
3.13941383e-001
6.54545595e-001
7.85582612e-001
-7.36124305e-001
-9.29630476e-002
-2.60209862e-001
-3.34933179e-001
8.22133735e-002
-4.46236283e-001
1.30421517e+000
5.72715240e-002
-3.83116491e-003
-2.27666109e-001
-3.11802067e-001
-7.00396027e-003
-2.13611675e-001
-5.56005523e-001
1.43326245e-002
-3.04577562e-001
1.03592755e+000
-2.13953833e-003
-3.99592835e-001
0.00000000e+000
0.00000000e+000
0.00000000e+000
0.00000000e+000
-4.24201251e-002
3.22792786e-001
-5.59144725e-002
4.13391197e-002
0.00000000e+000
0.00000000e+000
-9.84880113e-001
-1.80935899e-001
-1.60665456e+000
-4.15488389e-001
-7.18995189e-001
-4.43276806e-001
3.32887459e-002
-3.71132032e-001
5.75025541e-001
-6.86679214e-002
-3.01133054e-001
1.64148019e-001
0.00000000e+000
0.00000000e+000
1.01934608e+000
4.13414100e-001
0.00000000e+000
0.00000000e+000
0.00000000e+000
0.00000000e+000
0.00000000e+000
0.00000000e+000
7.36304822e-001
9.59139943e-001
6.00732005e-001
-3.22383562e-001
-5.29140037e-001
-2.23860366e+000
0.00000000e+000
0.00000000e+000
0.00000000e+000
0.00000000e+000
0.00000000e+000
-1.58594464e+000
1.01232756e+000
5.61374742e-001
8.40149363e-001
1.21727413e-001
-5.18346800e-001
-1.17114969e+000
1.54502762e-001
1.51365036e-001
1.39911884e-002
1.09247224e-002
-1.19997926e-001
-2.48488373e-001
-7.83163056e-001
-7.77657254e-002
6.42093479e-002
1.92572397e-001
4.48104897e-002
-2.73652999e-001
-1.16622020e+000
-1.02942886e+000
-9.41289132e-001
-8.58583176e-001
-1.05412148e+000
-1.23052421e+000
0.00000000e+000
0.00000000e+000
0.00000000e+000
0.00000000e+000
-1.03410520e+000
0.00000000e+000
0.00000000e+000
0.00000000e+000
1.25950079e+000
-1.17526495e-001
0.00000000e+000
1.10771989e-001
1.16769300e-001
-2.80701386e-001
-9.10723891e-001
-1.80932170e-002
-7.93954591e-001
0.00000000e+000
0.00000000e+000
0.00000000e+000
7.57191306e-001
2.76832959e-002
2.34486222e-001
-4.65904235e-001
-8.90904660e-001
6.11855664e-001
1.14583322e-001
4.18006597e-002
-4.78561518e-001
0.00000000e+000
1.45730897e+000
-1.45209791e-001
-3.93513468e-001
1.25519836e-001
-2.41056153e+000
2.47339384e-001
5.45949854e-001
-1.19002821e+000
9.83822257e-002
9.18628086e-001
4.88734117e-001
0.00000000e+000
0.00000000e+000
0.00000000e+000
-1.26008958e-001
-5.42474808e-001
1.60785602e-001
3.82434847e-002
3.83269081e-001
-5.91675805e-002
-6.98118959e-002
2.36515252e-001
3.02190743e-001
0.00000000e+000
-5.43202809e-001
1.39308559e-001
1.31921059e-002
1.07382075e-001
1.94787203e-001
3.26556936e-001
1.32282262e-001
4.11937471e-002
1.31976818e-001
-3.78283701e-001
-1.24023457e-001
-8.77393797e-002
0.00000000e+000
2.18764478e-001
1.87760710e-001
4.43854397e-001
1.15799267e-002
-5.43173704e-001
-7.59786111e-001
0.00000000e+000
0.00000000e+000
0.00000000e+000
-1.78627091e-001
3.48265940e-001
-6.87534920e-002
1.06130856e+000
-2.51572910e-001
5.80409443e-001
9.59183860e-001
-1.59102382e+000
-2.57262705e-001
0.00000000e+000
4.83362985e-001
3.61376432e-001
5.82709134e-002
1.03803614e-001
-1.93569615e+000
-4.28423910e-001
-2.13952352e-001
-1.71059959e-001
-6.68996041e-002
4.47504141e-001
-3.62840770e-002
0.00000000e+000
6.99891485e-001
1.36248088e-001
-6.69931134e-001
2.04508680e-001
0.00000000e+000
0.00000000e+000
2.26104231e-001
7.41595965e-001
3.06418666e-001
-8.43505951e-001
-8.74439814e-001
0.00000000e+000
0.00000000e+000
0.00000000e+000
-2.98794603e-001
0.00000000e+000
0.00000000e+000
0.00000000e+000
-7.55236587e-001
2.63291004e-001
-3.47109187e-001
-2.09128134e-001
7.95043514e-001
3.70441092e-001
2.22319320e-001
-2.80292047e-001
-2.42610716e-001
0.00000000e+000
4.29289642e-002
3.00009639e-002
-6.42202272e-001
7.69056302e-001
-8.48004765e-001
-4.09034149e-001
-3.76771512e-001
6.72951744e-001
6.68678355e-001
-2.31164945e-002
5.74245268e-001
0.00000000e+000
0.00000000e+000
0.00000000e+000
7.30989835e-002
-5.34183776e-001
1.86896335e-001
3.43061202e-001
-1.50581253e-001
1.79550178e-001
2.85012113e-001
-2.13406431e-001
5.21312171e-001
0.00000000e+000
-1.12922301e-001
-1.73931364e-001
4.67300419e-002
-1.99857949e-002
-1.51198607e-001
1.14955909e-001
1.12863153e-001
-5.45449195e-002
1.00648495e-001
2.08711327e-002
-1.44958823e-001
-4.74132264e-002
-3.09141068e-001
-2.61341327e-001
-6.39455136e-002
4.26395225e-001
1.95622703e-002
-4.93370722e-001
-6.40262851e-001
0.00000000e+000
0.00000000e+000
0.00000000e+000
-1.27269771e-001
-9.71690752e-002
-8.36486921e-002
-1.06948267e+000
2.12121795e-001
-3.14070601e-001
-1.00692696e+000
7.78368431e-001
4.03716864e-001
0.00000000e+000
-1.67301728e-001
-1.10801252e-002
2.89165056e-002
1.13064938e-001
5.00349115e-001
1.04778757e-001
1.75807607e-001
1.80298734e-001
2.53819097e-001
-5.14555072e-001
-9.75455965e-002
2.77995865e-001
-1.82577347e-001
-6.95582940e-001
-1.53835780e-001
-2.33288160e-001
-4.09862342e-001
8.44368714e-002
9.21373106e-002
3.24486721e-002
-1.40735272e-001
-1.25001559e-001
7.94523795e-002
4.37039934e-001
-1.55527523e-001
0.00000000e+000
247
-1.74406436e+000
-1.74406436e+000
0.00000000e+000
7.45793943e-002
-1.81864375e+000
-2.65175884e-001
-1.63408494e+000
8.83910802e-001
5.74668948e-001
3.44888848e-001
1.56371366e-001
1.17098677e+000
-2.24905814e-001
2.20845769e-001
0.00000000e+000
0.00000000e+000
0.00000000e+000
0.00000000e+000
0.00000000e+000
0.00000000e+000
0.00000000e+000
0.00000000e+000
0.00000000e+000
0.00000000e+000
0.00000000e+000
0.00000000e+000
0.00000000e+000
0.00000000e+000
0.00000000e+000
0.00000000e+000
0.00000000e+000
0.00000000e+000
0.00000000e+000
0.00000000e+000
0.00000000e+000
0.00000000e+000
0.00000000e+000
0.00000000e+000
0.00000000e+000
0.00000000e+000
0.00000000e+000
8.70342175e-001
-2.60538464e-002
-4.59749737e-001
-1.44506420e-002
-1.41845330e+000
9.14165893e-003
-7.36203493e-001
-2.33215855e-003
0.00000000e+000
0.00000000e+000
0.00000000e+000
0.00000000e+000
-6.83722409e-001
-3.96985350e-001
-6.93314256e-001
-5.96489887e-001
0.00000000e+000
0.00000000e+000
-4.46517133e-001
3.02329603e-001
0.00000000e+000
0.00000000e+000
0.00000000e+000
0.00000000e+000
0.00000000e+000
0.00000000e+000
5.97301663e-001
8.07294479e-001
2.78216254e-001
-2.55521247e-001
-8.17118837e-001
-1.90764264e+000
0.00000000e+000
0.00000000e+000
0.00000000e+000
0.00000000e+000
0.00000000e+000
0.00000000e+000
1.65788686e+000
1.40810352e+000
1.53827371e+000
5.26342224e-001
1.61444599e-001
-1.01989460e+000
8.20757534e-001
8.60037168e-001
6.22950782e-001
6.00237513e-001
2.78824917e-001
1.42816551e-001
-3.85418941e-001
-4.02643475e-002
2.27359557e-002
-4.95049485e-001
-4.72443155e-001
-3.63876363e-001
-1.34605981e+000
-1.94374974e+000
-1.65273845e+000
-1.09753057e+000
-1.71882082e+000
-1.04716967e+000
0.00000000e+000
0.00000000e+000
0.00000000e+000
0.00000000e+000
4.57456282e+000
-4.97442386e-001
0.00000000e+000
-1.25575729e+000
8.75781474e-003
-1.12801215e+000
-5.02856476e-001
-2.87780197e-001
-1.11925433e+000
0.00000000e+000
0.00000000e+000
0.00000000e+000
9.76433162e-001
-2.75222403e-001
2.64913555e-001
-2.14487490e-001
-1.09004300e+000
4.78564902e-001
-6.75305122e-001
1.26559788e+000
-4.27600844e-001
0.00000000e+000
5.46876970e-001
-2.22219984e-001
-3.92959233e-001
2.99191905e-001
-3.31172559e+000
4.67815881e-001
8.70076158e-001
1.32031421e-002
-2.66435092e-002
3.34279282e-001
-5.03948391e-001
-2.98343649e-001
0.00000000e+000
8.02357577e-001
5.65893455e-001
4.09074401e-001
0.00000000e+000
0.00000000e+000
0.00000000e+000
-1.32463411e-001
6.04985770e-002
1.78920274e-002
-6.45986752e-001
3.36311944e-001
9.91824595e-002
-2.88084871e-001
1.30475324e-001
1.19443542e-001
0.00000000e+000
-6.19410035e-002
3.97606554e-001
-1.92512983e-001
-5.82585657e-002
1.40445260e+000
5.29077121e-002
-1.22352242e-001
-2.70802130e-001
-1.77180667e-001
-2.60113710e-001
-2.05604743e-001
0.00000000e+000
6.16028835e-001
2.75551031e-001
-6.15305944e-001
3.07101463e-001
0.00000000e+000
-4.79997161e-001
7.89048527e-003
-9.22407407e-001
0.00000000e+000
0.00000000e+000
-5.69921364e-001
-7.90636673e-001
0.00000000e+000
0.00000000e+000
0.00000000e+000
-5.58808392e-001
9.83782640e-001
-3.24219466e-001
-9.19196489e-002
1.31578513e-001
1.84999603e-001
2.64283655e-001
7.23083542e-002
-8.15788684e-001
0.00000000e+000
4.86808744e-002
4.79199594e-002
-1.52998612e-001
6.50559706e-001
-2.31233483e+000
-3.16277841e-001
-1.33267159e-001
4.80985851e-001
8.83196714e-001
1.66682087e-001
-6.41505999e-001
-2.14383645e-001
2.59127786e-001
5.26892873e-001
8.78780989e-001
-6.40002645e-002
0.00000000e+000
0.00000000e+000
0.00000000e+000
1.14153064e-001
0.00000000e+000
5.17290062e-001
5.94392447e-001
0.00000000e+000
6.92136354e-001
8.60981502e-001
-6.78615730e-001
0.00000000e+000
0.00000000e+000
5.05003687e-001
0.00000000e+000
3.99018913e-001
2.66473183e-001
-2.45200544e-001
-5.65512534e-003
-8.26129079e-002
0.00000000e+000
1.86800583e-001
4.64493324e-001
-4.27122354e-001
5.07459551e-001
2.52938020e-001
5.05292195e-002
-1.49130674e-001
-2.88472831e-001
-5.11260073e-001
4.92621291e-001
0.00000000e+000
1.39342157e-001
-4.88174715e-001
-1.34964522e-001
0.00000000e+000
1 0 -999999999 0 -1
1 1 0 1 -1
2.3372e-001 -5.1263e-001
356
2.74381306e-001
6.00396273e-002
2.14341679e-001
5.91468427e-001
-1.99312880e-001
-7.25771602e-001
6.76936657e-001
-2.58917343e-001
-9.16470263e-003
9.20804448e-002
8.19398495e-002
-3.68215703e-001
2.84221608e-001
4.46329826e-001
3.58108469e-001
-2.12969868e-001
0.00000000e+000
0.00000000e+000
0.00000000e+000
0.00000000e+000
0.00000000e+000
0.00000000e+000
0.00000000e+000
0.00000000e+000
0.00000000e+000
0.00000000e+000
0.00000000e+000
0.00000000e+000
0.00000000e+000
0.00000000e+000
0.00000000e+000
6.00396273e-002
2.14341679e-001
-5.31428800e-001
-1.99312880e-001
2.72125246e-001
1.30755414e-001
5.36979024e-001
9.97623488e-001
5.44894027e-002
6.40096058e-001
0.00000000e+000
0.00000000e+000
0.00000000e+000
0.00000000e+000
0.00000000e+000
0.00000000e+000
0.00000000e+000
0.00000000e+000
0.00000000e+000
0.00000000e+000
-3.20684064e-001
-3.33339104e-001
-9.67262082e-001
0.00000000e+000
0.00000000e+000
0.00000000e+000
0.00000000e+000
2.31658956e-001
1.32441094e-002
1.04129313e-001
-1.75605370e-002
1.43899679e-001
-9.37082886e-002
-6.60313946e-003
-3.66511329e-001
-1.98703502e-001
-5.25984568e-001
0.00000000e+000
0.00000000e+000
0.00000000e+000
0.00000000e+000
0.00000000e+000
0.00000000e+000
1.18137212e-001
4.39923070e-003
-8.12486268e-001
1.57655551e-001
3.55296655e-003
-5.94144203e-001
0.00000000e+000
0.00000000e+000
0.00000000e+000
0.00000000e+000
-1.41654166e-001
-1.84882669e-001
2.15830409e-002
6.51636662e-001
0.00000000e+000
0.00000000e+000
-3.69608368e-001
-8.06569599e-002
-1.46617224e+000
-6.50160263e-001
-5.87744777e-001
-6.09007378e-001
7.61236467e-002
1.63011496e-001
-4.86489601e-002
1.73384346e-001
1.95136578e-002
-8.48716196e-002
0.00000000e+000
0.00000000e+000
8.50111304e-001
9.44499082e-001
0.00000000e+000
0.00000000e+000
0.00000000e+000
0.00000000e+000
0.00000000e+000
0.00000000e+000
3.78559968e-001
8.43222198e-001
6.71737211e-001
8.18191812e-002
-5.43309645e-001
-2.00727377e+000
1.49822994e+000
3.87046394e-001
0.00000000e+000
0.00000000e+000
0.00000000e+000
-1.69645559e+000
1.28087757e+000
-1.17311243e-001
3.85211917e-001
-2.72929992e-001
-8.23751528e-001
-1.37133605e+000
1.53988841e-001
1.19046223e-001
-1.23700416e-002
-1.14868225e-001
-2.15095988e-001
-2.33306823e-001
-1.34505072e-001
1.09826558e-001
-1.28161174e-001
1.51485947e-001
3.67984264e-002
-2.59498276e-001
-2.80918160e-001
3.45265047e-002
-7.10591307e-002
1.81085505e-001
5.52367953e-003
-4.77597543e-001
0.00000000e+000
0.00000000e+000
0.00000000e+000
0.00000000e+000
2.49121550e-001
1.52093312e+000
0.00000000e+000
0.00000000e+000
2.57448999e-002
-9.68446418e-001
-2.25719483e-001
0.00000000e+000
-2.41228859e-001
-3.81028381e-001
-1.08781656e-001
-2.89089394e-001
-3.50010514e-001
0.00000000e+000
0.00000000e+000
0.00000000e+000
8.33491637e-001
-4.31749829e-001
4.96485290e-002
-5.51867215e-001
-2.07916940e-001
2.54772372e-001
-2.80093625e-001
4.36511018e-001
7.76662557e-001
0.00000000e+000
6.23948305e-001
-5.16966236e-001
-1.10703518e+000
3.86138760e-001
-1.01455554e+000
1.15606757e-001
2.09855442e-001
-1.60855146e-001
2.33347523e-001
1.04629992e-003
3.63259739e-001
0.00000000e+000
0.00000000e+000
0.00000000e+000
-1.44636591e-001
1.01638951e-001
-1.44908459e-001
-1.34616710e-001
2.72696005e-001
-4.27522999e-002
-1.94148225e-001
7.26037706e-002
-6.63767085e-001
0.00000000e+000
-6.66056486e-002
4.74931278e-001
2.64992137e-001
8.16668580e-002
2.97647179e-001
7.19154613e-002
-1.98308165e-003
4.40105328e-002
7.43420711e-002
2.33594434e-004
8.93302482e-002
6.27047909e-002
-8.47344461e-001
-1.14368567e-001
-1.46947078e-001
1.87985380e-001
1.62882667e-001
-2.88163257e-001
4.27190509e-002
0.00000000e+000
0.00000000e+000
0.00000000e+000
3.74077670e-001
7.45541438e-001
1.71462931e-002
9.46409094e-001
-5.51657072e-001
-1.34254328e-002
8.19452612e-001
-8.09857294e-001
1.04513124e+000
0.00000000e+000
3.49112897e-001
-4.63566238e-001
-4.97813362e-001
-1.70682365e-001
-1.14003925e+000
-8.93100598e-001
-1.40316143e-001
2.11875204e-001
-1.96304523e-001
4.10734874e-001
2.66254573e-002
2.74127197e-001
5.76970367e-001
2.03443744e-002
-4.39340763e-001
-3.03933649e-001
-6.19928695e-001
-3.37206516e-001
-2.14928031e-001
3.12654584e-001
6.41335937e-002
-6.80721827e-001
-1.35407113e-001
1.05621945e+000
3.41848203e-001
-4.96591542e-001
-6.70117775e-001
0.00000000e+000
0.00000000e+000
0.00000000e+000
-1.25990156e+000
-5.58723879e-001
2.22311675e-001
3.52990691e-001
5.63761624e-001
2.23229669e-001
4.43079563e-001
1.09905468e+000
-2.23653637e+000
0.00000000e+000
-7.23322678e-001
-7.87194001e-001
-1.02368788e+000
2.93995388e-001
1.06315798e+000
1.28337746e+000
3.93468434e-001
-3.57652469e-001
3.98264011e-001
-5.97901101e-002
7.20973688e-001
0.00000000e+000
0.00000000e+000
0.00000000e+000
9.20166829e-002
-3.26862111e-001
-1.35682504e-001
-5.75582594e-002
9.20770204e-002
1.07143623e-001
-9.98060575e-003
-1.61775569e-001
4.05888862e-001
0.00000000e+000
2.89318481e-002
3.29825768e-001
3.11086881e-001
1.84801842e-001
-4.32644055e-001
-2.51651282e-001
-8.70924170e-002
2.66819983e-001
1.60371188e-001
2.05256792e-001
4.45806254e-002
4.25003307e-003
0.00000000e+000
1.32837161e+000
1.74777700e-001
2.97006294e-001
1.55477132e-001
-4.48233393e-001
-3.78531370e-001
0.00000000e+000
0.00000000e+000
0.00000000e+000
-1.30304467e-001
-6.79097601e-001
1.84335464e-001
-1.09773837e+000
2.39694093e-001
1.03518793e-001
-7.84833113e-001
8.94381059e-001
-7.50908070e-001
0.00000000e+000
-7.10521427e-002
1.50362797e-001
5.24211964e-002
-1.16503701e-001
8.72481537e-001
8.58320271e-001
4.39544566e-001
-2.12054385e-001
4.61569922e-002
-3.77256286e-001
4.03305923e-002
0.00000000e+000
0.00000000e+000
6.03932821e-001
-7.14698401e-001
-3.85278414e-001
0.00000000e+000
0.00000000e+000
-8.81920431e-002
4.61952459e-001
-2.45966284e-002
-8.22634244e-001
-3.29419987e-001
0.00000000e+000
0.00000000e+000
0.00000000e+000
247
-6.72932693e-001
-7.63619627e-002
-5.96570730e-001
1.19506689e+000
-1.27142886e+000
-1.13857406e-001
-1.11365484e+000
4.02412166e-001
-1.24025977e-001
5.53731460e-001
1.93620165e-001
2.14573824e-001
-9.12978614e-001
6.87549535e-001
0.00000000e+000
0.00000000e+000
0.00000000e+000
0.00000000e+000
0.00000000e+000
0.00000000e+000
0.00000000e+000
0.00000000e+000
0.00000000e+000
0.00000000e+000
0.00000000e+000
0.00000000e+000
0.00000000e+000
-7.63619627e-002
-5.96570730e-001
1.19506689e+000
-1.27142886e+000
-1.13857406e-001
1.67511974e-001
-1.12311824e+000
0.00000000e+000
0.00000000e+000
0.00000000e+000
0.00000000e+000
0.00000000e+000
0.00000000e+000
0.00000000e+000
0.00000000e+000
0.00000000e+000
0.00000000e+000
0.00000000e+000
-5.68020740e-001
4.08436244e-003
-1.03032192e-001
4.64748248e-003
0.00000000e+000
0.00000000e+000
0.00000000e+000
0.00000000e+000
4.26033892e-001
1.65196307e-002
-3.97525707e-001
-5.63602715e-001
0.00000000e+000
0.00000000e+000
2.69479777e-001
-1.02846686e-001
0.00000000e+000
0.00000000e+000
0.00000000e+000
0.00000000e+000
0.00000000e+000
0.00000000e+000
2.20277847e-001
1.05307105e+000
7.89843319e-001
9.29046582e-002
-9.47720104e-001
-2.14999074e+000
3.02688600e+000
0.00000000e+000
0.00000000e+000
0.00000000e+000
0.00000000e+000
0.00000000e+000
1.26040728e+000
6.84141407e-001
5.34029641e-001
7.56447882e-002
-4.96889917e-001
-1.21579074e+000
2.59547398e-001
2.83776331e-001
2.41913883e-001
3.34745149e-001
2.95939472e-001
2.66255867e-001
-1.18037273e+000
-1.65294878e-001
-3.72808549e-002
-2.06661471e-001
-7.17795529e-002
-3.90465118e-001
-7.05373083e-001
-5.47516390e-001
-4.91050732e-001
-6.31991493e-001
-3.06285740e-001
-4.95244941e-001
0.00000000e+000
-1.41162846e+000
2.94576435e+000
0.00000000e+000
7.39484342e-001
-1.15303799e+000
-6.37165390e-001
0.00000000e+000
2.44615886e-001
-5.49862966e-001
2.10814693e-001
-7.80900700e-001
-3.05247080e-001
0.00000000e+000
0.00000000e+000
0.00000000e+000
7.43559275e-001
-7.05481708e-001
4.71159686e-001
-8.41044057e-001
5.46775336e-001
7.14325023e-002
-4.11419402e-001
1.14196781e+000
-2.01684867e+000
0.00000000e+000
5.06302169e-001
-1.45922479e-001
-1.07799356e+000
2.25151141e-001
3.10933845e-001
8.68535586e-001
9.68014629e-001
-3.32158057e-001
8.75747447e-002
-7.15785867e-001
1.90198680e-001
5.64888974e-001
-1.21305770e+000
-5.37749946e-001
-4.22266979e-001
-8.40848389e-001
0.00000000e+000
0.00000000e+000
0.00000000e+000
3.55547508e-001
0.00000000e+000
2.29290441e-001
2.13965011e-001
3.30213779e-001
3.04486394e-001
3.13966902e-001
3.84692811e-001
0.00000000e+000
0.00000000e+000
6.37377168e-001
6.21655378e-001
3.14437039e-001
4.09878493e-001
8.61488993e-001
5.07738939e-001
2.34528133e-001
1.48878008e-001
3.92327609e-001
4.19070268e-001
-3.74690294e-001
3.22767428e-001
5.36708555e-001
-5.18941583e-002
-4.95445761e-001
-3.20273089e-001
-9.28546880e-001
-8.22562156e-001
-1.40605248e-001
-1.75172672e-001
1.23370108e+000
7.31119610e-001
3.58449008e-002
-5.70086006e-001
0.00000000e+000
0.00000000e+000
0.00000000e+000
-3.53033984e-001
-7.52249429e-001
7.29505790e-001
5.25728881e-001
5.74540256e-001
5.78057509e-001
5.45623547e-001
9.42224754e-001
-2.43000021e+000
0.00000000e+000
-5.90896084e-001
-1.78054304e+000
-6.76519347e-001
7.59618696e-001
-1.75816901e-001
7.85351284e-001
1.09104997e+000
-5.07896618e-001
5.51344399e-001
-3.86175479e-001
3.90674469e-002
6.25443595e-001
0.00000000e+000
1.19247401e+000
1.82990210e-001
-2.63880841e-001
0.00000000e+000
0.00000000e+000
0.00000000e+000
2.41276107e-001
-1.41484657e-001
-1.85107493e-001
1.74945739e-001
-3.49288449e-001
7.66695838e-002
1.71816604e-001
-3.38945610e-001
1.02704252e+000
0.00000000e+000
3.61850102e-001
1.04051528e-001
-1.88903635e-001
-2.42034873e-002
-1.03842865e+000
-3.53040733e-001
-3.69363198e-001
3.12963530e-001
-9.22896927e-002
3.46559057e-001
-5.86376148e-001
0.00000000e+000
0.00000000e+000
6.33720648e-001
-6.09153453e-001
-4.14628902e-001
0.00000000e+000
0.00000000e+000
4.74375146e-001
-1.94524551e-001
0.00000000e+000
0.00000000e+000
0.00000000e+000
2 -999999999 -999999999 0 1
1 0 0 1 1
6.7590e-003 4.9168e-002
356
3.11953996e-001
0.00000000e+000
0.00000000e+000
0.00000000e+000
0.00000000e+000
0.00000000e+000
0.00000000e+000
0.00000000e+000
0.00000000e+000
0.00000000e+000
0.00000000e+000
0.00000000e+000
0.00000000e+000
0.00000000e+000
0.00000000e+000
0.00000000e+000
0.00000000e+000
0.00000000e+000
0.00000000e+000
0.00000000e+000
0.00000000e+000
0.00000000e+000
0.00000000e+000
0.00000000e+000
0.00000000e+000
0.00000000e+000
0.00000000e+000
0.00000000e+000
0.00000000e+000
0.00000000e+000
0.00000000e+000
5.71133446e-001
-2.59179450e-001
-1.30710789e+000
-1.51754137e+000
3.10786981e-001
1.27757466e-001
1.03327698e+000
1.02758167e+000
8.44964356e-001
5.64826918e-001
3.11953996e-001
0.00000000e+000
-1.03657897e+000
-9.25092379e-001
0.00000000e+000
-5.23797800e-001
6.93371136e-001
2.49010191e-002
6.55161828e-001
5.48355171e-001
-3.01691581e-001
-4.89838058e-001
-6.13119544e-001
0.00000000e+000
0.00000000e+000
0.00000000e+000
0.00000000e+000
1.89576870e-001
6.79543517e-002
3.33901412e-001
-4.51966337e-002
2.52058519e-001
-2.00873384e-001
3.50960413e-002
-5.20251841e-001
-4.98678846e-001
-2.07576198e-001
0.00000000e+000
0.00000000e+000
0.00000000e+000
-1.98770749e-002
3.40887581e-003
-7.32932747e-001
2.74093671e-001
-6.45760693e-004
-6.84836053e-001
5.77373995e-002
1.95508861e-003
-5.39583715e-001
0.00000000e+000
0.00000000e+000
0.00000000e+000
0.00000000e+000
-4.92707579e-002
-2.42025323e-001
4.58000891e-003
6.36994946e-001
0.00000000e+000
0.00000000e+000
-7.84188848e-001
-3.99866374e-001
3.28537069e-001
-4.18603562e-001
-5.49611432e-001
-3.03318903e-001
-1.16491210e-001
1.75179883e-001
-1.10700836e+000
-4.10944334e-001
9.03478811e-002
5.12558716e-002
0.00000000e+000
0.00000000e+000
8.80792607e-001
6.91241424e-001
0.00000000e+000
0.00000000e+000
0.00000000e+000
0.00000000e+000
0.00000000e+000
0.00000000e+000
4.56054418e-001
8.23745283e-001
6.99139590e-001
1.13190318e-001
-6.63792355e-001
-1.99678773e+000
1.22044511e+000
4.80040934e-001
0.00000000e+000
0.00000000e+000
0.00000000e+000
-1.37435385e+000
9.04083984e-001
-1.72567056e-001
3.72289932e-001
-5.38240558e-002
-5.49721597e-001
-1.11408456e+000
1.10577162e-001
6.02118241e-002
-5.82475309e-002
-1.40215772e-001
-2.40617004e-001
-3.68297666e-001
-9.42949713e-002
1.93606246e-001
1.33408552e-001
4.27748442e-002
-2.19428704e-001
-4.53846525e-001
1.32385931e-001
1.46290171e-001
-4.20943916e-002
-5.65612264e-002
2.43573090e-002
-7.37322562e-001
0.00000000e+000
0.00000000e+000
0.00000000e+000
0.00000000e+000
2.34535922e-001
1.17172764e+000
0.00000000e+000
0.00000000e+000
7.78062064e-002
-7.63404288e-001
-5.90276122e-001
0.00000000e+000
1.03932506e-001
-1.83337779e-002
-8.24949943e-002
-3.60953650e-001
2.14375116e-002
0.00000000e+000
0.00000000e+000
0.00000000e+000
6.05143628e-001
-3.01786221e-001
-1.52819300e-001
-3.48918028e-001
1.85653107e-001
3.67153147e-001
-4.28636836e-001
4.74497357e-001
4.31418119e-001
0.00000000e+000
3.03722256e-001
-9.66884703e-002
-1.29092673e+000
1.49125207e-001
-5.81476315e-001
1.45804175e-001
2.97670274e-001
7.16772880e-002
2.19430926e-001
-2.86060687e-002
5.53454037e-002
0.00000000e+000
0.00000000e+000
0.00000000e+000
-2.79259068e-002
1.42873308e-001
-1.33140530e-001
-2.06919912e-001
2.13376857e-001
-2.99655118e-001
-7.63014433e-002
3.83541008e-002
-3.44095853e-001
0.00000000e+000
1.41218051e-001
-6.10065955e-002
2.51004576e-001
1.32944237e-001
4.48215141e-002
1.15368438e-002
-1.34573353e-001
1.56834294e-001
1.47826355e-001
5.81739805e-002
2.99444240e-001
3.02707943e-001
-1.02980004e+000
-4.97099456e-001
-5.11722282e-001
1.36888342e-001
1.92511431e-001
-2.66918308e-002
1.74193576e-001
0.00000000e+000
0.00000000e+000
0.00000000e+000
3.32542003e-001
1.69961830e-001
4.63617708e-002
4.89002982e-001
-4.33863259e-001
3.57502486e-002
3.72489842e-001
1.25302665e-003
6.07381358e-001
0.00000000e+000
7.79058065e-002
-5.74062986e-001
-4.12676920e-001
-1.73565256e-001
-3.76606790e-001
-2.03825524e-001
1.90745314e-001
2.35319600e-002
-1.71895203e-001
1.73763373e-001
-3.26370264e-003
-8.52496179e-001
-1.60996989e-001
1.11311213e-001
-2.78006728e-001
-1.98775437e-001
2.87615830e-002
3.67343583e-002
-4.81983176e-001
1.32582425e-001
-1.50085129e-001
-1.81272733e-001
-7.92312916e-002
1.38533254e-001
-1.79338451e-001
1.77358717e-001
-3.79287428e-001
0.00000000e+000
0.00000000e+000
0.00000000e+000
-1.01699287e+000
2.05938186e-001
4.25674162e-001
1.23564707e-001
4.64061361e-001
4.01344078e-002
1.70923780e-001
8.93736075e-001
-7.78622233e-001
0.00000000e+000
-3.65944594e-001
1.22659045e-001
-9.33999552e-001
2.37539472e-001
9.83685058e-001
4.08414414e-001
-8.64535965e-001
-5.51092554e-001
-5.94224515e-002
1.14992128e-001
4.10998457e-001
0.00000000e+000
0.00000000e+000
0.00000000e+000
2.42844375e-001
-6.96850742e-001
-2.37599381e-001
2.36297384e-001
8.94888514e-003
7.86385084e-002
1.73679272e-001
-6.68442430e-002
4.05923678e-002
0.00000000e+000
-3.91385291e-002
-4.16175087e-001
1.12378330e-001
1.99900977e-001
-6.15327329e-001
1.40425703e-001
3.78178180e-001
3.19767868e-001
3.02948646e-001
2.48333272e-001
2.34890769e-001
1.82627756e-001
0.00000000e+000
6.22539900e-001
1.69793707e-001
2.10372921e-001
1.41991618e-001
-1.69736783e-001
-1.94308301e-001
0.00000000e+000
0.00000000e+000
0.00000000e+000
-5.97142150e-001
1.16817585e-001
4.52622523e-001
-6.96050951e-001
5.22285901e-001
2.40160209e-002
-6.02460994e-001
2.37601704e-001
-2.29523990e-001
0.00000000e+000
-1.81761261e-001
1.23833518e+000
3.45743756e-001
-1.03794191e-001
8.40351823e-001
-6.59158845e-002
-5.56742926e-001
-2.67055997e-001
-2.08509040e-001
-4.63125406e-001
5.22630129e-002
0.00000000e+000
6.24922010e-002
5.97385944e-001
-6.14178197e-001
-2.00961534e-001
0.00000000e+000
0.00000000e+000
7.39805043e-002
1.84247670e-001
-1.36642595e-001
-2.48566608e-001
-4.13216663e-001
0.00000000e+000
0.00000000e+000
0.00000000e+000
247
-4.82685467e-001
0.00000000e+000
0.00000000e+000
0.00000000e+000
0.00000000e+000
0.00000000e+000
0.00000000e+000
0.00000000e+000
0.00000000e+000
0.00000000e+000
0.00000000e+000
0.00000000e+000
0.00000000e+000
0.00000000e+000
0.00000000e+000
0.00000000e+000
0.00000000e+000
0.00000000e+000
0.00000000e+000
0.00000000e+000
0.00000000e+000
0.00000000e+000
0.00000000e+000
0.00000000e+000
0.00000000e+000
0.00000000e+000
0.00000000e+000
8.38948767e-001
-1.32163423e+000
3.18149554e+000
-2.34254678e+000
-1.37716268e+000
7.50454932e-002
-9.87628237e-001
-4.82685467e-001
0.00000000e+000
9.02730966e-001
-1.38541643e+000
-1.02256555e+000
-5.53940425e-002
-2.43078580e-001
0.00000000e+000
0.00000000e+000
-3.55143483e-001
5.38770398e-003
-3.45122347e-002
-1.45671215e-003
-9.30297492e-002
1.44497195e-003
0.00000000e+000
0.00000000e+000
0.00000000e+000
0.00000000e+000
4.19521051e-002
-2.06882561e-001
-2.06607342e-001
-2.52464350e-002
0.00000000e+000
0.00000000e+000
4.28022270e-001
-1.04534456e-001
0.00000000e+000
0.00000000e+000
0.00000000e+000
0.00000000e+000
0.00000000e+000
0.00000000e+000
1.87176812e-001
9.02691518e-001
6.27922627e-001
-4.09699233e-002
-6.99132481e-001
-1.88816702e+000
1.70324267e+000
0.00000000e+000
0.00000000e+000
0.00000000e+000
0.00000000e+000
-2.07434487e+000
1.19853749e+000
3.27748576e-001
3.46033807e-001
-7.40724815e-002
-7.18840330e-001
-9.74582054e-001
3.11296340e-001
3.47237642e-001
2.82204189e-001
2.82212735e-001
1.69438949e-001
5.44139013e-002
-2.32512819e-001
7.08810288e-002
9.63475158e-002
9.04511503e-002
1.20742229e-001
-9.78817776e-002
-1.66522257e-001
-1.49040184e-001
-5.84951657e-002
-8.07339693e-002
-2.28225375e-001
-3.76893499e-001
0.00000000e+000
-4.82976023e-001
1.75705881e+000
0.00000000e+000
5.09873150e-004
-6.56496656e-001
-8.05534257e-001
0.00000000e+000
1.76692981e-001
-2.81866461e-001
1.98938193e-001
-5.77089204e-001
-1.05173479e-001
0.00000000e+000
0.00000000e+000
0.00000000e+000
2.90532309e-001
-1.28573139e-002
3.82276890e-001
-6.82000693e-001
3.30969307e-001
2.27384843e-001
-5.04131413e-001
4.83702483e-001
1.37693983e-001
0.00000000e+000
3.77784289e-001
-2.51818380e-002
-7.15973937e-001
3.07346182e-001
1.22961147e-001
-4.42210545e-002
-2.94955292e-001
-1.42940717e-001
2.06994460e-001
-5.50557114e-001
3.33016193e-001
5.23736957e-001
-5.73413810e-001
-1.02880187e-001
-4.12234589e-001
-4.32796730e-001
0.00000000e+000
0.00000000e+000
0.00000000e+000
-2.86301761e-003
2.23432770e-001
-3.10587536e-002
-2.45622903e-001
3.34675247e-002
-2.91764958e-001
-1.91712146e-001
-1.17020710e-001
-2.02395399e-001
0.00000000e+000
2.06084758e-001
3.20767137e-001
-1.47557562e-001
-7.79814181e-003
4.12050889e-001
-6.68543076e-002
-2.56101396e-001
-6.91735651e-002
-4.18484392e-002
4.31714905e-002
-1.90720764e-001
-2.05022974e-001
2.40022397e-001
1.74393528e-001
-4.38189672e-001
-3.47043976e-001
7.25636620e-002
-9.65615317e-002
-6.89199236e-001
-9.11456964e-002
2.81908779e-001
7.85777534e-002
2.30641006e-001
-3.78151010e-001
0.00000000e+000
0.00000000e+000
0.00000000e+000
-8.29318149e-001
-4.56041442e-001
5.33180356e-001
2.31378555e-001
5.92258214e-001
5.80781799e-001
2.05071207e-001
6.02310821e-001
-2.90226128e-001
0.00000000e+000
-7.45668478e-001
-5.23884644e-001
-6.84106178e-001
5.21637601e-001
-5.79496139e-002
6.84442186e-002
-2.68722397e-001
2.08645391e-002
2.91052863e-001
-1.69214154e-001
2.38884993e-001
5.45351921e-001
0.00000000e+000
5.81600952e-001
-4.57713288e-002
-3.39323888e-001
0.00000000e+000
0.00000000e+000
0.00000000e+000
3.01328193e-001
-7.84782589e-001
-2.74069670e-001
3.40201767e-001
-2.87734937e-001
2.34631483e-003
1.70295673e-001
-3.66461641e-002
2.02672738e-001
0.00000000e+000
1.64255775e-001
-1.22777640e-001
-2.17055328e-001
7.72667975e-003
-8.21596380e-001
1.93488136e-001
4.47729857e-001
7.64741279e-002
6.34078245e-002
2.35411733e-001
-3.06466928e-001
0.00000000e+000
1.85137907e-001
4.05956741e-001
-6.17036004e-001
-3.46413728e-001
0.00000000e+000
0.00000000e+000
7.54409018e-002
-2.70622276e-001
0.00000000e+000
0.00000000e+000
1.66777140e-001
8 1
9.0358e-002 -1.7146e-001
3 1
0 1 2 
217
2.20607745e-001
-2.26395889e-001
9.98731013e-002
1.56627484e-001
2.03929702e-002
-5.22209771e-002
2.51306258e-002
-2.88881131e-002
-3.86480756e-002
1.31382241e-001
1.37637265e-001
9.29257091e-002
7.60949599e-002
4.40787365e-001
0.00000000e+000
0.00000000e+000
0.00000000e+000
1.04913484e-002
-1.54513934e-003
3.71300622e-001
2.24167711e-002
5.24173157e-003
3.37997390e-001
1.87699626e-001
2.78749153e-003
5.39814321e-001
0.00000000e+000
0.00000000e+000
0.00000000e+000
0.00000000e+000
-3.22294245e-001
-2.17309156e-001
1.57398082e-001
6.41085894e-001
0.00000000e+000
0.00000000e+000
-3.46011993e-001
-2.44444018e-001
1.69974374e-001
6.41089382e-001
0.00000000e+000
0.00000000e+000
0.00000000e+000
0.00000000e+000
-3.46011993e-001
5.22586221e-001
-9.47847982e-002
-5.49271326e-002
-6.72245441e-001
-2.80016213e-001
5.04917719e-001
6.41089382e-001
0.00000000e+000
0.00000000e+000
0.00000000e+000
0.00000000e+000
0.00000000e+000
0.00000000e+000
0.00000000e+000
0.00000000e+000
3.06146037e-001
-2.62112520e-001
5.22586221e-001
-6.54458597e-002
-5.42678653e-001
-1.54808378e+000
4.63461210e-001
9.61724068e-001
3.65271048e-001
4.31920705e-001
0.00000000e+000
-7.75687426e-001
-1.75283452e+000
5.89252528e-001
-3.28535129e-001
4.07042642e-001
3.39960349e-001
0.00000000e+000
2.68622969e-002
-7.19929813e-001
2.32254152e-001
-1.37579170e-001
-3.85087043e-002
1.12769800e-001
0.00000000e+000
0.00000000e+000
0.00000000e+000
0.00000000e+000
0.00000000e+000
0.00000000e+000
0.00000000e+000
0.00000000e+000
0.00000000e+000
0.00000000e+000
0.00000000e+000
0.00000000e+000
0.00000000e+000
0.00000000e+000
0.00000000e+000
0.00000000e+000
0.00000000e+000
0.00000000e+000
0.00000000e+000
0.00000000e+000
0.00000000e+000
0.00000000e+000
0.00000000e+000
0.00000000e+000
0.00000000e+000
0.00000000e+000
0.00000000e+000
0.00000000e+000
0.00000000e+000
0.00000000e+000
0.00000000e+000
0.00000000e+000
0.00000000e+000
0.00000000e+000
0.00000000e+000
-1.66347098e+000
-2.12124220e+000
-1.28086791e+000
0.00000000e+000
0.00000000e+000
0.00000000e+000
2.37999932e-001
-7.33490841e-001
3.96923606e-001
-5.27597716e-001
-6.94164186e-001
4.35138428e-001
-3.27096278e-001
9.97593675e-001
5.17680660e-002
0.00000000e+000
5.05392521e-001
-2.93187432e-001
-1.56379413e+000
-1.21054018e-001
9.73641329e-001
6.70185973e-001
2.77167814e-001
-1.21263758e+000
-4.37161921e-001
8.35048437e-002
-2.77635105e-001
0.00000000e+000
0.00000000e+000
0.00000000e+000
3.12920074e-001
-8.92503948e-001
1.56575671e-001
2.60919174e-001
-2.74047583e-001
6.23516730e-003
2.29250862e-001
2.71244526e-002
-1.41593500e-001
0.00000000e+000
1.73276570e-001
-6.62407476e-001
1.05041061e-001
3.05553997e-001
-3.98127970e-001
-6.68485870e-002
9.37291042e-002
7.81562166e-002
9.31500281e-002
3.15961581e-001
-1.73093447e+000
0.00000000e+000
0.00000000e+000
0.00000000e+000
-2.69677964e-001
-4.50077242e-001
2.69753188e-001
4.49867801e-001
-3.76872609e-001
8.31705932e-002
8.47524310e-001
2.77857991e-001
-2.02482505e-002
0.00000000e+000
5.85217929e-001
-7.65242319e-001
-1.44384091e+000
3.61829754e-001
-6.66960006e-001
1.27486391e-001
1.98978582e-002
-5.85327020e-001
-1.25400506e-001
-4.98934634e-002
-1.72810470e-001
0.00000000e+000
0.00000000e+000
0.00000000e+000
2.41927474e-001
-7.00341042e-001
-1.74138265e-001
-1.48201125e-001
-1.59839914e-001
1.65666873e-001
-2.57691948e-001
1.23337970e-001
-4.25411696e-001
0.00000000e+000
4.41858056e-002
3.95734253e-002
1.41117002e-001
1.69983226e-001
2.07411143e-001
1.03820571e-001
1.10750010e-001
-2.16880484e-002
1.33676709e-001
2.33051359e-001
136
3.69151689e+000
0.00000000e+000
0.00000000e+000
-1.15689120e-001
2.09589685e-002
1.74290246e+000
3.60477968e-003
2.06430356e+000
2.43147621e-003
0.00000000e+000
0.00000000e+000
0.00000000e+000
0.00000000e+000
1.12506622e+000
7.87758638e-001
8.41831373e-001
1.05483222e+000
0.00000000e+000
0.00000000e+000
-4.37816193e-001
-8.47760192e-001
1.84348475e+000
3.13360853e+000
0.00000000e+000
0.00000000e+000
0.00000000e+000
0.00000000e+000
-4.37816193e-001
1.48062895e-001
-5.94865399e-001
1.02384495e+000
-4.00957687e-001
9.29617574e-001
-1.09977776e-001
3.13360853e+000
0.00000000e+000
0.00000000e+000
0.00000000e+000
0.00000000e+000
0.00000000e+000
0.00000000e+000
0.00000000e+000
0.00000000e+000
0.00000000e+000
0.00000000e+000
0.00000000e+000
-6.13347281e-001
-9.30269775e-001
1.66912507e-001
-1.00935561e+000
-1.17695798e+000
0.00000000e+000
2.38906588e-001
-1.05070450e-001
-2.95414647e-001
-1.41456715e+000
0.00000000e+000
1.39226254e-001
-3.07028346e-001
-4.12967010e-001
-6.72659822e-001
-1.10580086e+000
1.48062895e-001
0.00000000e+000
0.00000000e+000
0.00000000e+000
0.00000000e+000
0.00000000e+000
0.00000000e+000
0.00000000e+000
0.00000000e+000
0.00000000e+000
0.00000000e+000
0.00000000e+000
0.00000000e+000
0.00000000e+000
0.00000000e+000
0.00000000e+000
0.00000000e+000
0.00000000e+000
0.00000000e+000
0.00000000e+000
0.00000000e+000
0.00000000e+000
0.00000000e+000
0.00000000e+000
-1.63666902e+000
-2.03593371e+000
-1.90955127e+000
0.00000000e+000
0.00000000e+000
0.00000000e+000
6.17253619e-001
-3.90594806e+000
-6.58702261e-002
-1.39889065e-001
-9.53506295e-001
2.80307589e-001
5.31975445e-002
1.56314697e+000
-3.65969719e-001
0.00000000e+000
6.08643794e-001
-6.71258164e-001
-1.29518215e+000
5.37483147e-001
1.63586485e+000
1.09116186e+000
6.54747239e-001
-1.47148502e+000
-2.59469605e-001
1.77220424e-001
-2.15282280e+000
0.00000000e+000
0.00000000e+000
0.00000000e+000
5.13400118e-001
-1.95259743e+000
2.64773402e-001
7.70171822e-001
-1.02299754e+000
6.33709280e-001
8.29625526e-001
6.02785951e-001
-5.19466118e-001
0.00000000e+000
5.20619369e-001
-1.28422558e+000
-1.42364812e+000
5.59252569e-001
-6.93094918e-001
4.59944099e-001
5.58253415e-001
-1.14822095e+000
-1.63158948e-001
3.42051249e-001
7 1
-8.6049e-002 -7.2639e-002
4 0
0 1 2 8 
217
1.53135339e+000
-8.71048174e-001
-6.87952486e-001
-6.17779828e-001
4.20946422e-001
4.15889938e-001
8.31880049e-001
3.43766535e-002
8.27513619e-001
-7.32307966e-001
1.71038080e-002
-5.34646382e-001
-5.66090510e-001
-1.19909108e+000
5.70425966e-001
-9.06971187e-003
-5.34053959e-001
3.66782922e-002
3.64852915e-003
-3.87580055e-001
1.71385787e-001
2.01070575e-003
-2.94138330e-001
7.52863342e-001
-1.24692535e-003
-5.26149821e-001
0.00000000e+000
0.00000000e+000
0.00000000e+000
0.00000000e+000
2.74639040e-001
3.05017756e-001
5.20389393e-001
4.11316191e-001
0.00000000e+000
0.00000000e+000
0.00000000e+000
1.25520815e-001
1.87186154e-001
4.70201545e-001
7.48444874e-001
0.00000000e+000
0.00000000e+000
0.00000000e+000
0.00000000e+000
4.97744548e-001
-3.11185221e-001
1.31122930e-001
-1.95737086e-001
1.02266064e-001
-2.31050933e-001
7.93028133e-001
0.00000000e+000
-2.18613350e-001
1.57249399e-001
3.87439007e-002
2.46212043e-001
-5.93054382e-001
2.31483893e-001
7.48444874e-001
1.00193817e+000
3.16706693e-002
4.97744548e-001
0.00000000e+000
3.16706693e-002
-1.59411612e+000
6.53787224e-001
1.02352548e+000
8.45895494e-001
1.06170986e+000
0.00000000e+000
-2.64835882e-002
-1.37234626e+000
8.24076144e-001
-2.78484143e-001
7.33760831e-001
4.67918077e-002
0.00000000e+000
4.29760781e-001
-5.35282352e-001
6.51739944e-001
-4.88150958e-002
4.49852662e-001
2.19776471e-001
0.00000000e+000
7.86188435e-001
1.76044780e-001
4.65412012e-001
1.14557514e-001
2.79752940e-001
-5.88033909e-002
0.00000000e+000
0.00000000e+000
0.00000000e+000
0.00000000e+000
0.00000000e+000
0.00000000e+000
0.00000000e+000
0.00000000e+000
0.00000000e+000
0.00000000e+000
0.00000000e+000
0.00000000e+000
0.00000000e+000
0.00000000e+000
0.00000000e+000
0.00000000e+000
0.00000000e+000
0.00000000e+000
0.00000000e+000
0.00000000e+000
0.00000000e+000
0.00000000e+000
0.00000000e+000
0.00000000e+000
0.00000000e+000
0.00000000e+000
0.00000000e+000
0.00000000e+000
-1.54967836e+000
-1.70970469e+000
-1.43570031e+000
0.00000000e+000
0.00000000e+000
0.00000000e+000
3.21222471e-001
-1.31235039e+000
4.13576083e-001
-6.61525153e-001
-1.19024888e+000
2.01645139e-001
-2.44174070e-001
1.05516747e+000
3.43421928e-001
0.00000000e+000
4.68853871e-001
-8.22506147e-001
-1.58799137e+000
6.23685958e-001
8.73384823e-001
7.48089444e-001
6.21915863e-001
-1.23192838e+000
-1.17008360e-001
6.10693919e-002
-2.18369545e-001
0.00000000e+000
0.00000000e+000
0.00000000e+000
3.47508756e-001
-1.80231776e+000
-1.64070246e-001
4.99832076e-001
-5.38984730e-003
1.78273453e-001
4.49300239e-001
3.14413366e-003
-6.09336744e-001
0.00000000e+000
2.99425411e-001
-3.58205785e-003
1.96649669e-001
5.11147532e-002
-3.52669582e-001
7.96200032e-002
3.36121537e-002
6.59369510e-002
6.31035129e-002
4.51475579e-001
-1.66982738e+000
0.00000000e+000
0.00000000e+000
0.00000000e+000
1.10217636e-001
-5.11422193e-001
-2.85900624e-001
5.54660467e-001
-9.43501012e-001
-2.56095357e-001
8.83318232e-001
1.74686055e-001
-1.59301951e-001
0.00000000e+000
8.35562094e-001
-3.55389893e-001
-1.55636249e+000
9.16894738e-001
-1.83632298e+000
1.72105742e-001
2.50016429e-001
-2.40065037e-001
2.55983734e-001
3.21089035e-001
4.28013947e-003
0.00000000e+000
0.00000000e+000
0.00000000e+000
-1.11666664e-002
-9.21295546e-001
4.87978471e-001
6.24248445e-002
3.14151074e-001
7.00896610e-001
-1.26883576e-001
8.86655975e-002
-1.09813719e-001
0.00000000e+000
-2.72030509e-001
-5.23370824e-001
4.25178672e-002
-2.10958666e-001
1.11916570e+000
9.19600884e-003
-8.70915371e-002
-2.77016059e-001
-1.07061646e-001
-1.74027286e-001
136
2.48267470e+000
1.28240599e+000
-1.58419809e-002
5.28029011e-001
-2.05916712e-003
1.42974820e-001
4.23288302e-003
5.29264875e-001
2.27213549e-003
0.00000000e+000
0.00000000e+000
0.00000000e+000
0.00000000e+000
4.66758305e-001
6.30697833e-001
8.04404100e-001
6.50808072e-001
0.00000000e+000
0.00000000e+000
0.00000000e+000
-5.54687511e-001
4.52161994e-001
1.14949259e+000
1.44509032e+000
0.00000000e+000
0.00000000e+000
0.00000000e+000
0.00000000e+000
-5.76604661e-001
3.78340403e-002
6.56653607e-001
9.99005194e-002
5.63559045e-001
-4.17560485e-001
1.24659386e+000
-1.15817410e-001
3.87738977e-001
-2.84686055e-001
4.48418438e-001
-4.53543095e-001
-2.01956622e-001
-3.43563085e-001
1.44509032e+000
0.00000000e+000
0.00000000e+000
0.00000000e+000
0.00000000e+000
-1.48596920e+000
3.27271810e-001
-7.33788970e-001
-1.18070297e+000
0.00000000e+000
-3.06105938e-001
1.54389577e-001
3.94215665e-002
-1.19145306e+000
0.00000000e+000
5.44154245e-001
6.17863428e-003
1.32495503e-001
-5.76448637e-001
-1.47743557e+000
1.02438858e+000
6.48559141e-003
2.09838807e-001
7.15301584e-002
0.00000000e+000
0.00000000e+000
0.00000000e+000
0.00000000e+000
0.00000000e+000
0.00000000e+000
0.00000000e+000
0.00000000e+000
0.00000000e+000
0.00000000e+000
0.00000000e+000
0.00000000e+000
0.00000000e+000
0.00000000e+000
0.00000000e+000
0.00000000e+000
0.00000000e+000
0.00000000e+000
0.00000000e+000
0.00000000e+000
-1.65445657e+000
-1.76797942e+000
-1.90058608e+000
0.00000000e+000
0.00000000e+000
0.00000000e+000
6.47222216e-001
-3.02762967e+000
5.97995535e-001
-3.00000880e-001
-1.08959374e+000
3.07539183e-001
-8.47568238e-002
1.58994060e+000
-2.32103140e-001
0.00000000e+000
5.49605839e-001
-1.08562879e+000
-1.55762727e+000
3.74426528e-001
1.62432880e+000
9.82806946e-001
6.41792017e-001
-1.51064391e+000
-5.08892348e-001
1.80632825e-001
-2.09909286e+000
0.00000000e+000
0.00000000e+000
0.00000000e+000
8.18662089e-001
-3.00907384e+000
-3.86001696e-001
7.56854873e-001
-1.27963142e+000
-2.21370297e-001
8.93972609e-001
8.26113778e-001
-6.91846458e-001
0.00000000e+000
1.00913962e+000
-1.06332225e+000
-1.12414198e+000
8.27522287e-001
-7.12236167e-001
6.25971936e-001
7.15676550e-001
-9.15156037e-001
9.55338640e-002
7.34239681e-001
4 1
-7.1094e-002 -7.9051e-002
5 0
0 1 2 8 7 
217
2.88042746e-001
-4.98248991e-001
2.95908639e-001
9.63123674e-002
1.60107564e-001
-2.82324547e-001
-1.51962311e-001
1.07180049e-001
-4.26224837e-002
1.78007374e-001
1.68978897e-001
-2.03930534e-001
1.53541079e-001
-6.57644392e-001
1.25278060e-001
-8.35492196e-003
7.59034709e-002
-1.17987741e-001
1.46610932e-003
2.56654133e-002
-4.69992443e-002
-7.06240344e-004
6.91953878e-002
3.27751671e-001
-3.15319797e-003
-1.45582593e-001
0.00000000e+000
0.00000000e+000
0.00000000e+000
0.00000000e+000
1.06364188e-001
1.06495565e-001
1.28501275e-001
-5.24268335e-002
0.00000000e+000
0.00000000e+000
0.00000000e+000
-3.94661741e-001
-3.80837966e-002
1.44775560e-001
2.83038235e-001
2.92974489e-001
0.00000000e+000
0.00000000e+000
0.00000000e+000
1.46518391e-002
-3.08182139e-001
2.53929258e-001
3.24434092e-001
-6.05731290e-002
-5.58254757e-001
6.73875880e-001
0.00000000e+000
-2.01358457e-001
-3.05276101e-001
2.69618303e-001
1.22635997e-001
-7.61689149e-001
-1.41660440e-001
8.22820519e-001
-2.26814688e-001
5.00205595e-001
1.46518391e-002
0.00000000e+000
-7.23232317e-001
-1.35000582e+000
6.57662990e-001
1.07601907e+000
3.53612073e-001
1.01326258e+000
0.00000000e+000
-4.18827777e-001
-8.11676211e-001
3.56569798e-001
-1.91072184e-001
3.50300725e-001
3.30286309e-004
0.00000000e+000
-1.33546267e-001
-4.83426228e-001
3.12490042e-001
9.84133321e-002
1.09098971e-001
2.03306592e-001
0.00000000e+000
3.39881044e-001
9.32545608e-002
-1.05747679e-001
2.15366368e-001
5.39093808e-002
8.22925110e-002
0.00000000e+000
-1.84583682e-001
-6.88299726e-002
3.52799617e-001
2.95589039e-001
1.19826811e-001
3.94183492e-001
0.00000000e+000
0.00000000e+000
0.00000000e+000
0.00000000e+000
0.00000000e+000
0.00000000e+000
0.00000000e+000
0.00000000e+000
0.00000000e+000
0.00000000e+000
0.00000000e+000
0.00000000e+000
0.00000000e+000
0.00000000e+000
0.00000000e+000
0.00000000e+000
0.00000000e+000
0.00000000e+000
0.00000000e+000
0.00000000e+000
0.00000000e+000
-1.53521880e+000
-1.73648831e+000
-1.63070369e+000
0.00000000e+000
0.00000000e+000
0.00000000e+000
3.54757626e-001
-9.36045624e-001
5.20291974e-001
-8.25313783e-001
-8.81184735e-001
-8.14042176e-002
-2.25012169e-001
1.03140330e+000
4.31891202e-001
0.00000000e+000
3.92745362e-001
-1.77972841e+000
-1.48260038e+000
5.57394412e-001
1.44578783e+000
4.34868906e-001
4.08115298e-001
-9.37811976e-001
-1.76778601e-001
1.17920308e-001
-5.18403031e-002
0.00000000e+000
0.00000000e+000
0.00000000e+000
1.78276873e-001
-1.55407277e+000
-1.15429277e-001
6.71719231e-001
-1.39681158e-001
3.76229786e-001
3.44345314e-001
5.04373940e-002
-4.86532373e-001
0.00000000e+000
1.35838520e-001
5.86393228e-001
3.18965190e-002
-1.46126349e-002
-4.23545224e-001
1.36697993e-001
6.67563840e-002
-9.63600182e-002
-7.59437960e-002
2.75745707e-001
-1.61273153e+000
0.00000000e+000
0.00000000e+000
0.00000000e+000
-7.32652644e-002
-5.60499332e-001
-2.13509724e-001
9.55320630e-001
-6.52906921e-001
1.79052503e-001
3.34972151e-001
1.21269416e-001
-8.25724372e-001
0.00000000e+000
4.96415913e-001
-1.23266328e+000
-1.37985427e+000
9.56711108e-001
-1.31412802e+000
8.37133725e-001
8.54438392e-001
-2.48663809e-001
2.07304039e-001
-5.41344192e-002
-1.05113797e-001
0.00000000e+000
0.00000000e+000
0.00000000e+000
7.45295653e-002
-1.45874834e+000
-5.02883600e-002
-2.23182079e-001
5.03692848e-002
5.96935841e-001
5.33022352e-001
2.21644697e-001
4.48417494e-001
0.00000000e+000
-1.37749859e-001
2.53931691e-001
-1.75129433e-001
-2.92663069e-001
9.93510198e-001
-7.42435292e-002
-2.17487151e-001
-3.75370903e-001
-2.38901744e-001
-3.37104494e-002
136
3.75879678e+000
1.46139191e+000
-1.28321234e-002
7.99620429e-001
-5.72023668e-004
5.33455607e-001
4.80652070e-003
9.64328829e-001
2.76424948e-003
0.00000000e+000
0.00000000e+000
0.00000000e+000
0.00000000e+000
8.02266839e-001
9.67626601e-001
1.17143334e+000
8.49067482e-001
0.00000000e+000
0.00000000e+000
0.00000000e+000
-1.27030301e+000
-1.24979040e-001
9.14617960e-001
1.75365742e+000
2.49259562e+000
0.00000000e+000
0.00000000e+000
0.00000000e+000
-7.90380823e-001
-3.43429631e-001
1.00391403e+000
-2.71268433e-001
9.07870984e-001
-3.78593477e-001
1.82943315e+000
-5.84665269e-001
5.55168144e-001
-4.00212179e-001
8.38137358e-001
-4.79324393e-001
2.94232287e-001
-2.79998687e-001
1.86470590e+000
0.00000000e+000
0.00000000e+000
0.00000000e+000
0.00000000e+000
-2.74388183e+000
2.05195419e-001
-7.90220323e-001
-1.16067227e+000
0.00000000e+000
-3.75159689e-001
7.80242205e-002
-6.58843227e-002
-1.49847435e+000
0.00000000e+000
2.71739448e-001
-1.77140854e-001
-3.35466030e-003
-5.14620476e-001
2.43668440e-001
1.16037280e+000
-3.29981088e-002
1.80721712e-001
6.27060164e-002
-2.18325312e-001
-7.91940541e-001
-1.93237649e-001
-1.67507072e-001
0.00000000e+000
0.00000000e+000
0.00000000e+000
0.00000000e+000
0.00000000e+000
0.00000000e+000
0.00000000e+000
0.00000000e+000
0.00000000e+000
0.00000000e+000
0.00000000e+000
0.00000000e+000
0.00000000e+000
0.00000000e+000
0.00000000e+000
0.00000000e+000
-1.66432966e+000
-1.68567305e+000
-1.94008333e+000
0.00000000e+000
0.00000000e+000
0.00000000e+000
7.48820353e-001
-3.37013767e+000
5.00491720e-001
-4.21234743e-001
-1.09906833e+000
2.72881383e-001
-9.73508109e-002
1.55112370e+000
-3.47098443e-001
0.00000000e+000
7.33535648e-001
-1.19632548e+000
-1.48159064e+000
4.07361996e-001
1.58056859e+000
1.06230403e+000
7.43589510e-001
-1.50163899e+000
-3.57732627e-001
3.31417471e-001
-1.97236310e+000
0.00000000e+000
0.00000000e+000
0.00000000e+000
8.15663301e-001
-2.51771924e+000
2.26565182e-001
7.41419519e-001
-1.06094356e+000
8.10384404e-002
4.23663339e-001
7.23415353e-001
-9.80418150e-001
0.00000000e+000
9.80931639e-001
-1.32123586e+000
-1.01488524e+000
8.85343534e-001
-1.04436257e+000
4.60982130e-001
6.04317851e-001
-8.43696086e-001
1.31458707e-001
7.36098609e-001
6 1
-5.6153e-001 6.3647e-002
6 1
0 1 2 8 7 4 
217
7.35096484e-001
-5.57077010e-001
-2.71635052e-001
-4.36931057e-001
1.71356967e-001
-5.60111857e-002
2.07336475e-001
1.55241699e-001
4.41434786e-001
3.81133386e-003
1.85652714e-001
2.07594390e-003
-2.70684458e-001
5.07579532e-002
0.00000000e+000
0.00000000e+000
0.00000000e+000
-2.87255492e-001
6.90744169e-003
2.20239827e-001
3.02208416e-001
2.31559946e-003
2.73090961e-001
7.20143560e-001
1.15252352e-004
2.26971313e-001
0.00000000e+000
0.00000000e+000
0.00000000e+000
0.00000000e+000
-2.74836247e-001
4.16246931e-002
4.40827391e-001
5.34441587e-001
0.00000000e+000
0.00000000e+000
0.00000000e+000
-5.88961631e-001
-9.11189971e-002
3.27265489e-001
4.38078531e-001
4.07683111e-001
2.42149981e-001
0.00000000e+000
0.00000000e+000
-1.44831548e-002
-4.92194205e-001
2.21541819e-001
1.33903482e-002
3.90077933e-001
-3.82329684e-001
7.66801079e-001
5.12106710e-002
3.20069751e-002
-2.34312450e-002
3.96848094e-001
-8.82637489e-001
-5.26962945e-001
1.58564256e-001
1.02669403e+000
-2.00585535e-001
9.50165174e-001
-1.44831548e-002
-5.47399148e-001
-1.01002820e+000
-1.23279160e+000
1.19768691e+000
1.28492601e+000
1.09483692e+000
4.12059866e-001
0.00000000e+000
-9.37397662e-001
-2.53145226e+000
1.12652001e+000
3.49109912e-001
5.45974136e-001
6.84081634e-001
0.00000000e+000
1.71498955e-001
-4.51476173e-001
4.08149417e-001
1.74924895e-001
1.55448113e-001
-2.10035824e-001
0.00000000e+000
5.02804135e-001
2.27740055e-001
9.89201647e-002
6.71115484e-002
1.33372184e-001
-9.71615873e-002
1.22473197e-002
-2.71334769e-003
-3.32430903e-001
6.02203526e-001
-2.03459933e-001
1.23358986e-001
1.73390807e-002
5.54254179e-001
2.13086265e-001
1.04118906e-001
1.96446300e-002
-9.61400477e-001
-5.18885901e-002
-2.65352277e-001
0.00000000e+000
0.00000000e+000
0.00000000e+000
0.00000000e+000
0.00000000e+000
0.00000000e+000
0.00000000e+000
0.00000000e+000
0.00000000e+000
0.00000000e+000
0.00000000e+000
0.00000000e+000
0.00000000e+000
0.00000000e+000
-1.67783544e+000
-2.56977522e+000
-1.39085118e+000
0.00000000e+000
0.00000000e+000
0.00000000e+000
7.48268743e-001
-1.10582376e+000
-9.78814270e-002
-8.91391210e-001
-7.01321839e-001
-5.97536017e-001
-9.95182934e-002
6.32779160e-001
1.64471745e-001
0.00000000e+000
1.00767950e+000
-7.94171630e-001
-1.39837859e+000
8.61648820e-001
1.44683002e+000
8.39507320e-002
-4.16912709e-001
-9.61219004e-001
-1.54186430e-001
8.81861007e-001
-2.99989277e-001
0.00000000e+000
0.00000000e+000
0.00000000e+000
1.58415545e-001
-6.92818855e-001
-6.28616489e-002
1.89655377e-001
-2.69843100e-001
2.64698636e-001
7.13071922e-002
1.73508830e-001
2.47868697e-001
0.00000000e+000
8.49991794e-002
-8.14774961e-001
7.82251830e-002
6.32837876e-002
-5.06240533e-001
6.28068846e-002
2.63673794e-001
1.59173279e-001
2.10504082e-001
1.84293554e-002
-2.05832021e+000
0.00000000e+000
0.00000000e+000
0.00000000e+000
2.42085415e-001
-5.84045555e-001
-5.39667284e-002
2.62715103e-001
-5.30832592e-001
1.17580055e-001
4.17276933e-001
7.80450493e-001
3.77520732e-001
0.00000000e+000
5.19507482e-001
-9.19976502e-001
-1.84341565e+000
2.83728075e-001
-9.97221648e-001
2.64377588e-001
4.31035022e-001
-7.34143113e-001
-1.90770032e-001
9.97747162e-002
-1.79507144e-001
0.00000000e+000
0.00000000e+000
0.00000000e+000
1.12898051e-001
-6.19624273e-001
-2.72117147e-002
4.05349684e-002
-2.08023895e-001
1.49481845e-001
4.24955753e-002
-6.55206521e-002
-6.42776735e-001
0.00000000e+000
2.88438431e-002
1.81598829e-001
1.74444164e-001
1.11607859e-001
5.69306644e-001
-1.40500719e-002
-1.29683945e-001
-1.18573776e-001
8.32217245e-002
1.51524414e-001
136
2.50556380e+000
0.00000000e+000
0.00000000e+000
3.26954059e-002
1.20620315e-002
1.06485688e+000
3.62676692e-003
1.40801152e+000
3.43567360e-003
0.00000000e+000
0.00000000e+000
0.00000000e+000
0.00000000e+000
8.74114873e-001
5.61494324e-001
6.38546255e-001
5.10614236e-001
0.00000000e+000
0.00000000e+000
2.77361791e-001
-1.25989288e+000
-2.09438305e-001
4.80304339e-001
8.80574820e-001
1.15803640e+000
1.17861764e+000
0.00000000e+000
2.77361791e-001
-5.64067361e-001
-6.53464483e-001
4.60758493e-001
-3.08577281e-001
7.20492853e-001
-1.81878291e-001
1.51545775e+000
-2.05309280e-001
3.56046888e-001
-6.45323922e-001
5.04457398e-001
-9.48012611e-001
1.07697815e-001
3.07021210e-001
1.76290283e+000
0.00000000e+000
0.00000000e+000
0.00000000e+000
-1.10588086e+000
-1.25230201e+000
6.00508801e-001
-4.94807636e-001
-1.36225615e+000
0.00000000e+000
-5.64367185e-001
-1.80388176e-001
8.87140345e-002
-1.36982826e+000
0.00000000e+000
-4.69540474e-001
-1.44075594e-001
-1.30920075e-001
-6.40989049e-001
-7.46265038e-002
7.02016112e-001
7.74000841e-002
6.31107730e-002
3.18725818e-002
1.19364220e-001
-8.98702847e-001
-6.05432135e-002
-1.56864532e-001
-2.44040459e-001
6.57062301e-001
1.13533556e+000
-3.20511830e-001
2.62918214e-001
-1.97348583e-001
0.00000000e+000
0.00000000e+000
0.00000000e+000
0.00000000e+000
0.00000000e+000
0.00000000e+000
0.00000000e+000
0.00000000e+000
0.00000000e+000
0.00000000e+000
-1.62702528e+000
-2.09742232e+000
-1.97581757e+000
0.00000000e+000
0.00000000e+000
0.00000000e+000
7.61108716e-001
-3.68574408e+000
6.12081331e-001
1.05462436e-001
-9.61177323e-001
5.98310020e-001
1.30390513e-001
1.59418154e+000
-1.38442413e+000
0.00000000e+000
5.02072730e-001
-6.84184649e-001
-1.36802159e+000
3.60015653e-001
1.51494642e+000
1.11364414e+000
7.65598096e-001
-1.67000821e+000
-4.63302267e-001
1.83233087e-001
-2.07966518e+000
0.00000000e+000
0.00000000e+000
0.00000000e+000
4.91154590e-001
-1.89374821e+000
3.41761281e-002
6.13531190e-001
-1.03490459e+000
5.33174252e-001
7.63153543e-001
6.15368992e-001
-6.65331102e-001
0.00000000e+000
6.87402828e-001
-1.28077772e+000
-1.28683756e+000
6.57451965e-001
-6.81919921e-001
4.69923732e-001
5.24564442e-001
-9.90659364e-001
-1.11734293e-001
4.76345921e-001
14 1
-7.1706e-001 1.0930e-001
7 1
0 1 2 8 7 4 6 
217
4.06507217e-001
-3.16509774e-001
1.44293404e-001
-4.81608217e-001
-2.26452967e-002
-1.17619227e-001
-8.46029319e-002
1.93195456e-001
4.46966471e-002
3.08709843e-001
3.57347189e-001
-3.61478331e-001
1.11711610e-001
7.27063732e-001
0.00000000e+000
0.00000000e+000
0.00000000e+000
-1.98806622e-001
7.66321361e-005
7.85796170e-001
3.20286308e-002
5.39157506e-003
7.51198509e-001
5.73285209e-001
2.05471883e-003
7.36555164e-001
0.00000000e+000
0.00000000e+000
0.00000000e+000
0.00000000e+000
6.66912606e-003
-8.59170895e-002
1.68693003e-001
3.61527679e-001
0.00000000e+000
0.00000000e+000
0.00000000e+000
-5.98631453e-001
-1.39925413e-001
5.55568300e-002
1.06565674e-001
2.46515722e-002
1.91614373e-001
7.66675634e-001
0.00000000e+000
-4.87710851e-001
-5.64648953e-001
4.14905683e-001
-2.48988903e-001
5.15054940e-001
-3.79226720e-001
7.22885196e-001
-8.97329312e-002
-5.70931777e-002
-2.66863956e-002
4.49783796e-001
-5.70167082e-001
-1.82592450e-001
1.46808204e-001
7.63916861e-001
-5.93981175e-001
3.06739875e-002
9.69814405e-001
-6.08224031e-001
-1.12441875e+000
-1.82465538e+000
1.11537517e+000
1.28911679e+000
1.02377483e+000
6.55314122e-001
0.00000000e+000
-1.12123045e+000
-1.95105939e+000
9.19641758e-001
-2.44741858e-002
6.08095914e-001
3.57494087e-001
0.00000000e+000
-3.61182829e-001
-7.76603828e-001
4.67648230e-001
1.31662337e-001
3.00041816e-001
2.31157133e-001
0.00000000e+000
-2.77296074e-002
-1.46556636e-002
3.79217255e-001
-2.45734723e-001
5.50195699e-002
9.88951942e-002
1.68556179e-002
-2.14309601e-001
-3.88353113e-001
4.33299367e-001
1.05219564e-001
1.70661833e-001
7.72241210e-002
4.72046091e-001
2.22391437e-001
4.25935485e-002
-1.94639646e-001
-7.77813882e-001
-9.32906636e-002
-2.64902876e-001
0.00000000e+000
-7.62771795e-001
-4.08015674e-001
5.66632135e-001
-2.33530964e-001
6.02646878e-001
3.54897747e-001
0.00000000e+000
0.00000000e+000
0.00000000e+000
0.00000000e+000
0.00000000e+000
0.00000000e+000
0.00000000e+000
-1.78836621e+000
-2.22251843e+000
-1.28809627e+000
0.00000000e+000
0.00000000e+000
0.00000000e+000
9.22990210e-001
-1.04308265e+000
7.58423006e-001
-8.44784350e-001
-1.24357050e+000
-2.00399517e-001
-4.38195582e-001
1.29385451e+000
2.98575680e-001
0.00000000e+000
1.06489190e+000
-6.49328797e-001
-1.76919523e+000
5.01168230e-001
-4.75798721e-002
3.36841629e-001
2.84617184e-001
-1.31632955e+000
7.42230786e-002
7.28784349e-001
-4.06239737e-001
0.00000000e+000
0.00000000e+000
0.00000000e+000
1.14799751e-001
-1.52135425e+000
-2.00266120e-002
3.70964252e-001
-4.96138214e-002
2.16995686e-001
2.81201015e-001
-6.06173365e-002
-1.79938498e-001
0.00000000e+000
6.02683556e-002
-6.99377022e-001
2.44795214e-001
2.48638094e-001
7.42304623e-002
6.88232895e-002
-9.50456213e-003
2.99362895e-001
8.80011812e-002
6.61121692e-002
-1.75302360e+000
0.00000000e+000
0.00000000e+000
0.00000000e+000
3.16728814e-001
-5.24850786e-001
-4.88169252e-001
8.83999015e-001
-6.10865724e-001
-4.46883575e-002
2.95011160e-001
3.89448631e-001
-3.45371286e-001
0.00000000e+000
7.46880914e-001
-8.57644529e-001
-1.71506843e+000
5.97489244e-002
-3.68975626e-001
1.03309506e-001
4.93523367e-001
-5.04198577e-001
7.16538584e-002
3.46504776e-001
-2.48113565e-001
0.00000000e+000
0.00000000e+000
0.00000000e+000
8.75515505e-002
-6.58113734e-001
1.42290537e-001
-2.53304052e-001
-1.98439472e-001
1.58228704e-001
1.08334355e-001
1.41683454e-001
-3.28917156e-001
0.00000000e+000
-3.01545453e-002
8.65755008e-002
2.73156413e-001
3.17188961e-001
1.65640132e-001
1.14929583e-001
-2.13838387e-001
-2.28874663e-001
1.62199704e-002
5.17292838e-002
136
2.01810654e+000
0.00000000e+000
0.00000000e+000
2.77686521e-001
4.76322567e-003
7.35844585e-001
2.78547588e-003
1.00457544e+000
3.59489260e-003
0.00000000e+000
0.00000000e+000
0.00000000e+000
0.00000000e+000
7.07798469e-001
4.60990990e-001
5.24180530e-001
4.09572367e-001
0.00000000e+000
0.00000000e+000
2.39023695e-001
-1.24861354e+000
-3.73348724e-001
2.10718564e-001
6.85243190e-001
9.76913869e-001
1.12159371e+000
4.06575785e-001
2.39023695e-001
-7.31735209e-001
-7.69174503e-001
5.66253124e-001
-3.80843431e-001
7.28980690e-001
-2.87761344e-001
1.44655560e+000
-2.19932315e-001
6.24289541e-001
-6.51674832e-001
4.47740400e-001
-8.65804183e-001
1.23998480e-001
2.04854965e-001
1.54333587e+000
0.00000000e+000
0.00000000e+000
0.00000000e+000
-1.27818328e+000
-1.45312867e+000
5.56031261e-001
-5.18963485e-001
-1.14891337e+000
0.00000000e+000
-4.82022733e-001
-6.90690620e-002
7.69940697e-002
-1.38608983e+000
0.00000000e+000
-4.95210100e-001
-1.31371585e-001
-1.14460573e-001
-5.08839357e-001
3.50474082e-002
1.08879164e+000
7.60713719e-002
1.58253154e-001
1.30931925e-001
-6.97844103e-002
-8.78726159e-001
-1.14334177e-001
-1.41804228e-001
-2.27475956e-001
4.59794606e-001
7.88742207e-001
-3.74080579e-001
2.15681134e-001
-1.66605669e-001
0.00000000e+000
8.85986164e-001
1.02852229e-001
5.04738393e-001
-6.29896768e-001
0.00000000e+000
0.00000000e+000
0.00000000e+000
0.00000000e+000
0.00000000e+000
-1.65834592e+000
-2.10364185e+000
-1.91034424e+000
0.00000000e+000
0.00000000e+000
0.00000000e+000
6.72058495e-001
-3.20336557e+000
4.30726023e-001
6.87852950e-002
-9.83845521e-001
5.67279915e-001
8.11687853e-002
1.52529144e+000
-8.32722130e-001
0.00000000e+000
4.41636157e-001
-6.91016571e-001
-1.36247348e+000
3.12841177e-001
1.46732047e+000
1.08133407e+000
7.48167795e-001
-1.78759600e+000
-5.89634086e-001
1.43699494e-001
-2.11045896e+000
0.00000000e+000
0.00000000e+000
0.00000000e+000
4.63149472e-001
-1.89915648e+000
8.40482802e-002
6.15340313e-001
-1.02195930e+000
5.74369367e-001
7.66333630e-001
5.96503723e-001
-6.50618572e-001
0.00000000e+000
6.12039942e-001
-1.25208388e+000
-1.33286880e+000
6.72544559e-001
-6.07379319e-001
4.44283661e-001
5.26099935e-001
-1.02139104e+000
-1.34361253e-001
4.54646790e-001
16 1
-7.5889e-001 1.2415e-001
8 0
0 1 2 8 7 4 6 14 
217
8.20659304e-001
-5.50795218e-001
-1.97870327e-001
-2.91128027e-001
4.49154246e-002
3.33675711e-001
3.15729202e-001
-1.74217631e-002
4.67416890e-001
-4.03696568e-001
3.04844819e-001
-3.23989319e-001
-3.12247032e-001
-2.02751353e-001
-6.56057248e-002
8.53522326e-003
8.30144662e-002
2.78516938e-001
3.05314711e-003
-3.73884282e-002
4.84444828e-001
-9.45987590e-004
3.73892127e-002
1.23303263e-001
-3.33891459e-003
2.18910768e-001
0.00000000e+000
0.00000000e+000
0.00000000e+000
0.00000000e+000
3.22560303e-001
2.61500164e-001
2.36598837e-001
0.00000000e+000
0.00000000e+000
0.00000000e+000
0.00000000e+000
-3.03687334e-001
-8.24789412e-002
7.87432818e-002
1.99589012e-001
1.39459224e-001
1.98661298e-001
5.90372763e-001
0.00000000e+000
-3.72981592e-001
-4.72063009e-001
4.04350282e-001
-3.69989558e-003
3.17992306e-001
-4.78550629e-001
9.33622406e-001
0.00000000e+000
-2.33681779e-001
-1.33744113e-001
1.87610027e-001
-3.97291437e-001
-3.10197532e-001
-5.21882342e-002
7.72844177e-001
-3.04596971e-001
5.69241244e-001
5.56015031e-001
0.00000000e+000
-8.78898991e-001
-1.95385431e+000
1.07654491e+000
1.29820160e+000
6.23013384e-001
1.05760872e+000
0.00000000e+000
-3.41221604e-001
-1.14917295e+000
6.53123233e-001
-2.77991065e-001
5.08757675e-001
2.54820540e-001
0.00000000e+000
3.81281417e-002
-5.41928610e-001
5.15083716e-001
3.75972672e-002
2.67447446e-001
3.78852267e-001
0.00000000e+000
3.28669869e-001
5.77821430e-002
3.24944754e-001
1.36429377e-001
1.67044680e-001
-6.66623231e-002
0.00000000e+000
6.89127134e-002
-2.71656668e-001
4.33800934e-001
1.06561197e-002
3.17945657e-001
7.13489824e-002
0.00000000e+000
5.12512501e-001
2.19375017e-001
2.06967358e-001
-6.17252247e-001
1.01179445e-001
-7.84139112e-001
0.00000000e+000
-3.78586262e-001
-4.12074126e-001
7.04473101e-001
-1.08783626e-002
4.94772465e-001
3.20564772e-002
0.00000000e+000
-4.58209788e-001
-3.93821085e-001
6.52870104e-001
-3.39773487e-001
6.25998987e-001
2.29910197e-001
-1.57034240e+000
-1.83717930e+000
-2.33132306e+000
0.00000000e+000
0.00000000e+000
0.00000000e+000
1.25807313e+000
-1.44827929e-001
1.29737215e+000
4.34724284e-001
-4.15894141e-002
1.41680744e+000
8.14481898e-001
1.88421282e+000
7.25632798e-001
0.00000000e+000
1.45839553e+000
-9.54756871e-001
-3.02541085e-001
1.67325870e+000
1.41651926e+000
1.25841410e+000
1.54391625e+000
-1.14905687e+000
9.37065280e-001
1.05748481e+000
-1.33922561e+000
0.00000000e+000
0.00000000e+000
0.00000000e+000
1.39436577e+000
-1.44498247e-001
1.00768351e+000
1.53529850e+000
9.52328336e-001
1.44111937e+000
1.54526139e+000
1.14258362e+000
5.68711740e-001
0.00000000e+000
1.27364682e+000
1.71080963e+000
1.00634154e+000
7.82400694e-001
1.25878202e+000
1.48020657e+000
1.11762893e+000
1.45623755e+000
7.88494088e-001
1.37169349e+000
-1.41725590e+000
0.00000000e+000
0.00000000e+000
0.00000000e+000
-7.17368864e-003
-1.16650443e+000
-2.13277811e-002
5.50371993e-001
-7.76329972e-001
4.57237702e-001
6.73205203e-001
3.25705144e-001
2.43566904e-001
0.00000000e+000
6.48080685e-001
-1.31946587e+000
-1.37376245e+000
6.46729653e-001
-1.04185604e+000
4.78528598e-001
3.68242705e-001
-8.94918863e-002
-4.04918260e-002
2.74794550e-002
-2.84028845e-001
0.00000000e+000
0.00000000e+000
0.00000000e+000
2.99465754e-001
-1.26695739e+000
2.20872889e-001
9.42263832e-002
-3.40181302e-002
4.23305851e-001
1.33734528e-001
2.34938899e-001
-3.53793946e-001
0.00000000e+000
-2.78674927e-002
-2.25723827e-001
-4.01445660e-002
-1.10877745e-001
5.39348499e-001
1.66215421e-001
-7.89674495e-002
-3.58873393e-001
-8.56695839e-002
1.86756456e-001
136
1.96210140e+000
8.45685035e-001
-9.95772891e-003
4.52401508e-001
-1.90209980e-003
2.20942558e-001
3.36661155e-003
4.43072298e-001
3.24414638e-003
0.00000000e+000
0.00000000e+000
0.00000000e+000
0.00000000e+000
4.79477080e-001
6.45890011e-001
8.25947176e-001
0.00000000e+000
0.00000000e+000
0.00000000e+000
0.00000000e+000
-6.40640528e-001
-2.38657208e-001
9.10960730e-003
2.57039707e-001
4.97120878e-001
7.82101518e-001
1.29602742e+000
0.00000000e+000
-2.77613039e-001
-4.94007661e-001
6.45234447e-001
-4.16420478e-001
7.09063830e-001
-5.24707295e-001
1.40421312e+000
-6.00397204e-001
4.38090981e-001
-4.25971025e-001
5.15029850e-001
-2.49028576e-001
1.96956036e-001
-2.72566560e-001
1.31422497e+000
0.00000000e+000
0.00000000e+000
0.00000000e+000
0.00000000e+000
-2.98309880e+000
2.80348241e-001
-7.92864530e-001
-1.14333054e+000
0.00000000e+000
-1.99348452e-001
3.84914557e-002
2.25321436e-001
-1.16339753e+000
0.00000000e+000
-1.99633651e-001
-8.46276749e-002
4.29003694e-002
-4.13133606e-001
-1.78238239e-001
7.45788126e-001
-4.47250773e-003
2.18896808e-001
6.53240358e-002
0.00000000e+000
-2.02767230e+000
-2.28028046e-001
-3.56174098e-001
-2.51737100e-001
0.00000000e+000
1.30823861e+000
-2.10090874e-001
3.55283409e-001
-2.24247693e-001
0.00000000e+000
6.84890452e-001
3.88716435e-002
4.98608802e-001
-4.75013868e-001
0.00000000e+000
1.47275411e+000
1.27744584e-001
5.34602317e-001
-3.29208132e-001
-1.64515929e+000
-1.64149610e+000
-1.91596533e+000
0.00000000e+000
0.00000000e+000
0.00000000e+000
7.26708776e-001
-3.28959750e+000
5.48989692e-001
-1.08168513e-001
-1.16344965e+000
3.37142146e-001
-6.03076427e-002
1.57809673e+000
-5.63354724e-001
0.00000000e+000
5.07938738e-001
-8.04628366e-001
-1.48845831e+000
2.93581012e-001
1.52281264e+000
1.12622022e+000
8.36765921e-001
-1.59623609e+000
-4.62444041e-001
1.42423647e-001
-1.87032520e+000
0.00000000e+000
0.00000000e+000
0.00000000e+000
6.22026544e-001
-2.71401814e+000
9.52125953e-002
7.32958939e-001
-1.07050209e+000
4.22392480e-001
8.55896791e-001
6.34307152e-001
-6.43863287e-001
0.00000000e+000
8.38656831e-001
-1.21777708e+000
-1.24845138e+000
7.18376933e-001
-4.76492976e-001
4.75855802e-001
5.71215394e-001
-1.09564484e+000
2.43113658e-002
6.05213754e-001
10 1
-8.6984e-001 1.5035e-001
8 1
0 1 2 8 7 4 6 14 
217
8.80559878e-001
-4.47086411e-001
-1.41358631e-001
-1.57909485e-001
2.03390903e-001
5.57641616e-001
4.82845519e-001
-2.05541910e-002
3.44942700e-001
-1.79639177e-001
8.76781731e-002
-2.35370105e-001
-2.38297417e-001
5.77783243e-001
0.00000000e+000
0.00000000e+000
0.00000000e+000
-3.70324576e-001
5.27414235e-003
3.75848961e-001
2.69963763e-001
5.48521650e-003
4.23128254e-001
9.80920691e-001
3.83987748e-003
3.83459939e-001
0.00000000e+000
0.00000000e+000
0.00000000e+000
0.00000000e+000
4.39141957e-004
2.88941355e-002
2.94266614e-001
5.59946004e-001
0.00000000e+000
0.00000000e+000
0.00000000e+000
-4.47559722e-001
-1.84240918e-001
-6.16957346e-002
2.03913923e-001
2.02089694e-001
2.55431123e-001
9.12621512e-001
0.00000000e+000
-3.28502836e-001
-7.83949010e-001
2.78414535e-001
-3.03129584e-001
4.69372995e-001
1.18403925e-001
7.84415264e-001
0.00000000e+000
8.31463529e-001
-8.59330724e-002
-2.23866296e-001
-1.12532804e+000
-4.08004133e-001
6.16462890e-001
9.14758462e-001
-3.11108642e-001
3.25927826e-001
8.65740694e-001
-5.28501818e-001
-9.08989825e-001
-9.00527298e-001
1.15050898e+000
1.10993881e+000
1.16754254e+000
5.41746702e-001
0.00000000e+000
-7.38146820e-001
-1.47723222e+000
9.72870249e-001
-3.42205052e-001
6.45836449e-001
2.09233964e-002
0.00000000e+000
-1.86391904e-001
-6.45140497e-001
6.49162807e-001
-3.55254802e-001
4.17788975e-001
4.11167243e-001
0.00000000e+000
2.35025290e-001
1.30208411e-001
3.91727353e-001
-9.80791613e-002
2.53807235e-001
6.91641066e-002
1.90699077e-001
-1.04280466e-001
-2.64004583e-001
4.79332702e-001
1.33829855e-001
3.14808566e-001
1.48118836e-001
3.76581622e-001
3.32979197e-001
-4.39623502e-001
1.06586008e-001
-5.83020318e-001
6.44130509e-002
-2.88145354e-001
0.00000000e+000
-5.71051541e-001
-5.92156529e-001
9.15957746e-001
-1.83359783e-001
5.35653672e-001
2.27345481e-002
0.00000000e+000
-2.98509460e-001
-4.72546826e-001
7.05504194e-001
-6.92572373e-001
4.73565143e-001
9.47953761e-002
-1.84116212e+000
-2.37924785e+000
-1.99422770e+000
0.00000000e+000
0.00000000e+000
0.00000000e+000
9.78381491e-001
-6.49484835e-002
2.74615653e-001
2.85699041e-002
-5.80045311e-001
2.95240504e-001
4.23264480e-001
1.81927285e+000
2.26261436e-001
0.00000000e+000
8.88345678e-001
4.81324036e-001
-1.40757952e+000
5.92348649e-001
1.35387303e+000
1.68227857e+000
1.42602266e+000
-8.99360698e-001
-5.59005435e-001
3.79124978e-001
-1.11089494e+000
0.00000000e+000
0.00000000e+000
0.00000000e+000
1.01481631e+000
-1.16077714e-001
8.30495640e-001
1.16802567e+000
8.25579321e-001
1.01337081e+000
1.03292099e+000
8.35468778e-001
4.15134086e-001
0.00000000e+000
9.79213022e-001
1.32845084e-001
9.10231767e-001
9.26542488e-001
6.75094547e-001
9.77191802e-001
1.08227730e+000
7.91889567e-001
1.15450515e+000
1.07144804e+000
-2.05253242e+000
0.00000000e+000
0.00000000e+000
0.00000000e+000
1.59062688e-001
-8.04931648e-001
-3.00040154e-001
1.07522296e-001
-8.76174328e-001
3.58891925e-001
5.09697405e-001
3.17641002e-001
1.45916555e-001
0.00000000e+000
9.78301602e-001
-9.34782754e-001
-1.32833791e+000
4.25888817e-001
-9.20363279e-001
3.00636574e-001
2.35868646e-001
-6.36026904e-001
6.93797061e-002
1.39317335e-001
-1.66890197e-001
0.00000000e+000
0.00000000e+000
0.00000000e+000
1.41312667e-001
-6.57508213e-001
4.12087650e-002
2.02453380e-001
8.37937057e-002
-9.80913704e-002
1.69038312e-002
8.70897690e-002
-5.69103959e-001
0.00000000e+000
-1.38627632e-001
-1.77851122e-001
1.50275761e-001
1.91086240e-001
2.07578905e-001
1.06123175e-001
3.57519404e-002
-8.34622461e-002
7.21887437e-002
2.21987462e-001
136
1.89060891e+000
0.00000000e+000
0.00000000e+000
1.24636233e-001
7.33444549e-003
7.41333000e-001
3.07698859e-003
1.02463967e+000
2.95323486e-003
0.00000000e+000
0.00000000e+000
0.00000000e+000
0.00000000e+000
7.29074550e-001
4.55633509e-001
4.82097959e-001
3.14768301e-001
0.00000000e+000
0.00000000e+000
2.98650967e-001
-1.09548177e+000
-4.53213660e-001
-7.15172284e-003
3.63878911e-001
6.69488315e-001
9.31214658e-001
1.18322321e+000
2.98650967e-001
-5.70120059e-001
-8.25915303e-001
6.07882914e-001
-7.12632983e-001
5.30949950e-001
-3.31351884e-001
1.41393340e+000
-4.55033100e-001
3.57030806e-001
-4.58329303e-001
6.92531816e-001
-6.85090871e-001
2.92617327e-001
2.37889164e-001
1.49759607e+000
0.00000000e+000
0.00000000e+000
0.00000000e+000
-1.37366215e+000
-1.55815116e+000
5.54166720e-001
-5.30775286e-001
-1.25365175e+000
0.00000000e+000
-9.43627963e-001
-9.27813488e-002
-5.64479309e-002
-1.37192968e+000
0.00000000e+000
-3.53301262e-001
-4.18463922e-002
-8.39169010e-002
-6.10455568e-001
-1.05603033e-001
6.34825776e-001
5.75958640e-002
5.00370701e-002
6.69458783e-002
-9.00594122e-002
-8.52563244e-001
-1.06910359e-001
-1.21156084e-001
-2.58089919e-001
4.04189231e-001
6.72033207e-001
-4.01368381e-001
2.26054025e-001
-1.43084216e-001
0.00000000e+000
5.77815621e-001
7.82424919e-002
4.07538676e-001
-5.88072178e-001
0.00000000e+000
1.32563946e+000
1.38897959e-001
4.74842679e-001
-4.65441037e-001
-1.62746509e+000
-2.02946488e+000
-1.89801734e+000
0.00000000e+000
0.00000000e+000
0.00000000e+000
6.67915534e-001
-3.11811308e+000
5.01235088e-001
-4.66824212e-003
-1.06325446e+000
5.42470947e-001
1.41278484e-002
1.48991534e+000
-6.61654487e-001
0.00000000e+000
5.00087496e-001
-7.97916202e-001
-1.29366518e+000
3.94508597e-001
1.45383823e+000
8.77850011e-001
4.05731362e-001
-1.54541871e+000
-4.60367219e-001
1.99359774e-001
-2.05403547e+000
0.00000000e+000
0.00000000e+000
0.00000000e+000
4.94960863e-001
-1.85731123e+000
1.12816630e-001
5.86246792e-001
-1.08946204e+000
6.19323699e-001
7.54404884e-001
6.52845975e-001
-6.26709022e-001
0.00000000e+000
5.80765880e-001
-1.12171068e+000
-1.35625747e+000
5.98792060e-001
-5.09336298e-001
4.31655998e-001
4.69681078e-001
-1.06326456e+000
-1.69971712e-001
4.38493679e-001
15 1
-8.2563e-001 1.4728e-001
8 1
0 1 2 8 7 4 6 14 
217
5.04009692e-001
-3.69468458e-001
1.99791007e-001
1.65221664e-001
6.46212860e-002
1.66833013e-001
2.05234959e-001
-1.67460746e-001
-1.12994418e-002
7.42913014e-002
-8.83827903e-002
9.08809478e-002
3.33835679e-001
4.45255214e-001
0.00000000e+000
0.00000000e+000
0.00000000e+000
-2.55493068e-001
-1.52164940e-003
7.12003440e-001
1.03680765e-001
6.61419249e-003
5.44590281e-001
6.55821995e-001
3.65647492e-003
6.06036432e-001
0.00000000e+000
0.00000000e+000
0.00000000e+000
0.00000000e+000
-2.40143703e-002
-1.25860596e-001
1.67435886e-001
4.87344853e-001
0.00000000e+000
0.00000000e+000
0.00000000e+000
-5.49334763e-001
-1.41617892e-001
-8.35286834e-002
1.09628947e-001
1.26703069e-001
2.19900613e-001
8.22258402e-001
0.00000000e+000
-2.29887779e-001
-4.92128566e-001
3.60095318e-001
-3.26230046e-001
1.08733916e-001
-8.13582284e-002
6.19061224e-001
0.00000000e+000
1.55891256e-001
-3.21911351e-001
-2.34432726e-002
-8.13772339e-001
3.33770951e-002
5.92165627e-001
8.14438020e-001
-3.62099928e-001
1.40588094e-001
7.25521526e-001
-4.37085630e-001
-8.97170455e-001
-1.10644537e+000
8.80508310e-001
1.20987543e+000
9.57757468e-001
5.21416563e-001
0.00000000e+000
-9.62909077e-001
-1.72404802e+000
8.58853778e-001
-4.76018485e-001
6.08064991e-001
1.72839116e-001
0.00000000e+000
-4.42405576e-001
-5.65397434e-001
6.33835322e-001
-3.01545716e-001
3.12579946e-001
4.16172957e-001
0.00000000e+000
-4.17141617e-002
1.44736178e-002
3.78639840e-001
-2.65550487e-001
1.67084014e-001
3.84136218e-001
1.24353833e-001
-1.60399946e-001
-2.86273347e-001
3.84430824e-001
1.84507305e-001
1.55624981e-001
1.11187901e-002
2.17779382e-001
3.37767635e-001
-1.76006447e-001
5.30781043e-003
-5.22132613e-001
-5.68451358e-002
-3.39447806e-001
0.00000000e+000
-7.29970004e-001
-6.61825584e-001
8.83370969e-001
-1.04436883e-001
3.50608727e-001
-5.06782950e-002
0.00000000e+000
-4.93013091e-001
-6.90345443e-001
5.52201525e-001
-4.29059197e-001
4.44821258e-001
2.08906093e-001
-1.73213697e+000
-2.18138274e+000
-1.33252190e+000
0.00000000e+000
0.00000000e+000
0.00000000e+000
6.11344549e-001
-8.50348242e-001
4.52038615e-001
-4.81640762e-001
-6.76649595e-001
9.88209021e-001
-5.11952872e-001
9.53688254e-001
-4.88911470e-001
0.00000000e+000
3.75247679e-001
-7.32848838e-002
-1.81396495e+000
-1.32703397e-002
3.43212917e-001
7.94576699e-001
7.15368875e-001
-9.68820288e-001
-7.01626570e-001
1.42614697e-002
-3.03671133e-001
0.00000000e+000
0.00000000e+000
0.00000000e+000
1.60773789e-001
-1.06087912e+000
1.75316260e-001
4.01195886e-001
-3.61087850e-001
-8.88802049e-002
3.69762421e-001
9.59945887e-002
-3.47235133e-001
0.00000000e+000
1.54423479e-001
-6.50023469e-001
1.05436188e-001
1.69633928e-001
2.81731640e-002
1.56744097e-001
1.90247676e-001
-1.47912164e-001
1.10165517e-001
2.34479817e-001
-1.71389479e+000
0.00000000e+000
0.00000000e+000
0.00000000e+000
-1.82718921e-002
-4.53273609e-001
-4.05988593e-001
2.47944789e-001
-5.88465769e-001
4.59009160e-001
5.13202869e-001
5.19124282e-002
3.47143410e-001
0.00000000e+000
7.67606667e-001
-4.74032862e-001
-1.59490239e+000
3.76055824e-001
-6.72802962e-001
-6.03256608e-002
-1.77594426e-002
-5.29127314e-001
1.80629641e-001
1.57550916e-001
-2.08386074e-001
0.00000000e+000
0.00000000e+000
0.00000000e+000
2.05089259e-001
-8.87072340e-001
6.17805570e-002
8.01951779e-002
-5.58736781e-002
-8.97125007e-002
-1.09129230e-001
2.34071796e-001
-6.03050614e-001
0.00000000e+000
-6.52112213e-003
-2.99908044e-001
1.99209911e-001
2.83789185e-001
1.27196363e-001
2.47233078e-001
1.59853547e-001
-2.50290602e-002
5.77294974e-002
2.11762145e-001
136
2.49772552e+000
0.00000000e+000
0.00000000e+000
3.04952460e-001
7.80407608e-003
9.66882254e-001
2.51367201e-003
1.22589081e+000
2.74006608e-003
0.00000000e+000
0.00000000e+000
0.00000000e+000
0.00000000e+000
8.73111818e-001
6.22119796e-001
6.49551021e-001
4.73188886e-001
0.00000000e+000
0.00000000e+000
2.43225943e-001
-1.24378603e+000
-5.27332955e-001
-2.06160029e-002
4.71095355e-001
8.82227803e-001
1.17505319e+000
1.51785822e+000
2.43225943e-001
-6.13437326e-001
-1.10324331e+000
6.15947590e-001
-6.50676256e-001
8.94854854e-001
-1.84856045e-001
1.81972696e+000
-7.98627049e-001
5.89169209e-001
-6.36028323e-001
8.55829698e-001
-9.04983226e-001
3.04169186e-001
2.14005197e-001
1.85264842e+000
0.00000000e+000
0.00000000e+000
0.00000000e+000
-1.79735606e+000
-2.02382701e+000
4.24290991e-001
-6.86817915e-001
-1.18147757e+000
0.00000000e+000
-9.36304665e-001
-9.09786786e-002
-1.04387182e-001
-1.26941124e+000
0.00000000e+000
-8.47163567e-001
-2.18496464e-001
-2.49845609e-001
-5.43697060e-001
-3.94590421e-002
6.65411633e-001
-1.08195360e-002
5.30413705e-002
2.12454746e-001
-2.65314293e-001
-1.14854751e+000
-1.56817675e-001
-1.98600782e-001
-2.60733281e-001
5.86751204e-001
9.49835215e-001
-3.38041867e-001
2.59887415e-001
-1.45734834e-001
0.00000000e+000
7.91144547e-001
9.60924112e-002
4.12598499e-001
-5.22877387e-001
0.00000000e+000
1.72914199e+000
1.76804835e-001
5.31012763e-001
-4.14933923e-001
-1.66046361e+000
-2.10888569e+000
-1.92630201e+000
0.00000000e+000
0.00000000e+000
0.00000000e+000
6.79974040e-001
-3.38682950e+000
3.11978860e-001
-1.96312884e-002
-9.97901581e-001
3.55286397e-001
4.01384344e-002
1.55072833e+000
-5.88014560e-001
0.00000000e+000
5.24600656e-001
-7.55429222e-001
-1.30691653e+000
3.48995716e-001
1.47066317e+000
1.00693587e+000
5.98019624e-001
-1.52947218e+000
-3.94282398e-001
1.64854157e-001
-2.18405910e+000
0.00000000e+000
0.00000000e+000
0.00000000e+000
5.02125962e-001
-1.91707165e+000
1.57522331e-001
6.27270678e-001
-1.01022679e+000
5.43644617e-001
8.16280125e-001
6.56457336e-001
-6.33970324e-001
0.00000000e+000
5.90346248e-001
-1.17857730e+000
-1.35718406e+000
5.76067738e-001
-5.53224526e-001
4.27675032e-001
4.49520388e-001
-1.10233683e+000
-1.84353249e-001
4.05975178e-001
23 1
-1.1708e+000 2.1699e-001
8 0
0 1 2 8 7 4 6 14 
217
1.06770937e+000
-6.15143199e-001
-3.63045385e-001
-1.23618443e-001
2.76728342e-001
1.43788051e-001
6.14541014e-001
-1.46867622e-001
5.01527105e-001
-1.99522044e-001
2.16510151e-001
-4.05000915e-001
-5.41597247e-001
-3.80227876e-001
-1.56373289e-001
8.34119984e-003
-9.97974518e-002
3.55239625e-001
2.32606546e-003
-3.18954871e-001
5.28226718e-001
3.82424591e-003
-3.57827789e-001
3.40616312e-001
-2.28620651e-003
-1.10513607e-001
0.00000000e+000
0.00000000e+000
0.00000000e+000
0.00000000e+000
3.76960462e-001
3.42748618e-001
4.03540414e-001
0.00000000e+000
0.00000000e+000
0.00000000e+000
0.00000000e+000
-3.04442987e-001
-6.89364108e-002
1.32300599e-001
1.74968847e-001
3.15137688e-001
3.43034532e-001
4.75647098e-001
0.00000000e+000
-2.10745568e-001
-4.28463544e-002
3.18853091e-001
-3.02843188e-001
3.39753861e-001
-4.03806511e-001
7.24082389e-001
0.00000000e+000
-2.40092376e-002
7.36182561e-002
2.30425352e-001
1.98685693e-001
-9.15479974e-002
-2.69820954e-002
6.39587326e-001
-2.27137509e-001
6.64653661e-001
6.30193213e-001
0.00000000e+000
-8.58689850e-001
-1.82005884e+000
1.05267003e+000
1.17165491e+000
8.73729183e-001
7.54831909e-001
0.00000000e+000
-4.45222087e-001
-1.21395238e+000
7.38134417e-001
-1.80146306e-001
7.74797035e-001
2.36075660e-001
0.00000000e+000
-9.22011105e-003
-7.05618320e-001
6.75994475e-001
1.16921832e-001
4.00935001e-001
2.12809050e-001
0.00000000e+000
4.22447719e-001
-7.30161498e-003
3.90192340e-001
7.59628064e-002
2.55069305e-001
-3.90896269e-001
0.00000000e+000
-6.43180151e-002
-4.95080887e-001
7.73113674e-001
2.21396273e-002
3.58913707e-001
2.54254054e-001
0.00000000e+000
4.82766021e-001
1.39174739e-001
2.58642412e-001
-6.00608787e-001
3.26300932e-001
-3.81911482e-001
0.00000000e+000
-2.13100540e-001
-3.58956934e-001
6.41652722e-001
-1.83080033e-002
6.39157184e-001
2.64036440e-001
0.00000000e+000
-1.85802560e-001
-4.40206296e-001
7.44503005e-001
-1.01146739e-001
5.09008920e-001
-2.41654478e-001
-1.67216574e+000
-1.70759862e+000
-2.34157872e+000
0.00000000e+000
0.00000000e+000
0.00000000e+000
1.35200041e+000
-1.49765252e-001
1.07537812e+000
4.72452041e-001
-8.69700433e-002
1.19461437e+000
6.14836592e-001
1.68870170e+000
1.19040742e-001
0.00000000e+000
1.39764437e+000
-4.41835012e-001
-4.88566136e-001
1.79976860e+000
1.19821859e+000
1.35622515e+000
1.56172370e+000
-6.61151166e-001
5.85391888e-001
5.47469895e-001
-1.28571431e+000
0.00000000e+000
0.00000000e+000
0.00000000e+000
1.42687208e+000
-1.79390460e-001
1.04711759e+000
1.25816961e+000
7.60418451e-001
1.26906512e+000
1.30567058e+000
1.24419769e+000
9.02272226e-001
0.00000000e+000
1.07403633e+000
1.19645715e+000
1.08975113e+000
6.95872883e-001
1.20193469e+000
1.29578246e+000
9.69875077e-001
1.03256325e+000
9.95775348e-001
1.54990709e+000
-1.52530538e+000
0.00000000e+000
0.00000000e+000
0.00000000e+000
-9.78171774e-002
-3.91589510e-001
5.87425653e-001
1.93021933e-002
-8.21814354e-001
6.67382933e-001
3.44874053e-001
2.47073603e-001
-2.57861598e-001
0.00000000e+000
7.02320334e-001
-4.76342055e-001
-1.62230501e+000
7.84762572e-001
-9.20948465e-001
2.32732469e-001
2.08437442e-001
-7.33036359e-001
-6.73569629e-002
6.94548640e-002
-1.04221330e-001
0.00000000e+000
0.00000000e+000
0.00000000e+000
3.62667628e-001
-1.40619560e+000
-2.88100045e-002
2.00659661e-001
-3.78441065e-002
1.38013763e-001
2.06503768e-001
2.45408877e-001
-1.25791450e-001
0.00000000e+000
-1.17541126e-002
-2.24712817e-001
1.24431703e-001
-3.20629507e-001
5.63829967e-001
4.60721415e-002
-1.74621118e-002
3.90037080e-002
-9.52959487e-002
2.37683113e-001
136
1.87945105e+000
8.69704182e-001
-1.05153912e-002
4.13751143e-001
-1.71525686e-003
1.97556366e-001
3.36924273e-003
3.98439359e-001
2.42128458e-003
0.00000000e+000
0.00000000e+000
0.00000000e+000
0.00000000e+000
4.54406921e-001
6.41466670e-001
7.85112596e-001
0.00000000e+000
0.00000000e+000
0.00000000e+000
0.00000000e+000
-6.48805539e-001
-2.10787459e-001
2.54276322e-002
2.78087423e-001
4.80879707e-001
7.20806461e-001
1.23583032e+000
0.00000000e+000
-2.80559163e-001
-5.43510463e-001
6.54085973e-001
-3.02110955e-001
6.63677617e-001
-4.97887856e-001
1.41488458e+000
-4.23824337e-001
3.85154414e-001
-4.67149042e-001
4.87356002e-001
-3.87355489e-001
1.49599595e-001
-3.04811694e-001
1.33388936e+000
0.00000000e+000
0.00000000e+000
0.00000000e+000
0.00000000e+000
-2.92863733e+000
3.51891778e-001
-7.93849780e-001
-1.11072012e+000
0.00000000e+000
-1.97405817e-001
2.84260399e-002
2.17952767e-001
-1.10538611e+000
0.00000000e+000
-1.90434116e-001
-9.81591092e-002
4.34131482e-002
-3.28774169e-001
-2.15337882e-002
7.33935704e-001
1.67482853e-002
2.02151968e-001
9.34096005e-002
0.00000000e+000
-1.63918212e+000
-2.19067410e-001
-2.61917596e-001
-2.41675673e-001
0.00000000e+000
1.19049792e+000
-1.94639068e-001
3.29190275e-001
-1.99104151e-001
0.00000000e+000
5.56059525e-001
2.91628209e-002
4.43451231e-001
-4.53700554e-001
0.00000000e+000
1.31813417e+000
1.13998901e-001
4.86704265e-001
-3.16204809e-001
-1.67406131e+000
-1.74732310e+000
-1.91624040e+000
0.00000000e+000
0.00000000e+000
0.00000000e+000
6.90049966e-001
-3.30552743e+000
4.91090399e-001
-8.91161952e-002
-1.18706330e+000
4.35272801e-001
6.84522319e-002
1.54856090e+000
-5.80625635e-001
0.00000000e+000
5.29972968e-001
-8.21266833e-001
-1.46299246e+000
3.04622506e-001
1.48613801e+000
1.11762033e+000
8.27488399e-001
-1.63052965e+000
-5.11240288e-001
1.72852869e-001
-1.95910029e+000
0.00000000e+000
0.00000000e+000
0.00000000e+000
6.37293911e-001
-2.86845742e+000
1.29638013e-002
7.40587359e-001
-1.09536741e+000
4.68871659e-001
9.17827265e-001
6.69382127e-001
-5.65258645e-001
0.00000000e+000
8.41122286e-001
-1.36567997e+000
-1.25844330e+000
7.58008338e-001
-4.90245941e-001
5.46219064e-001
5.71782622e-001
-1.10722285e+000
1.42477975e-002
6.13269015e-001
18 1
-1.3069e+000 2.2772e-001
8 1
0 1 2 8 7 4 6 14 
217
6.87050124e-001
-4.34985641e-001
-1.92224072e-001
-9.95586889e-002
4.16457291e-002
3.08100378e-001
2.59250268e-001
-4.46978870e-002
2.20588079e-001
-2.28370473e-001
1.37808310e-001
-3.36710129e-001
2.77577380e-002
7.61149802e-002
0.00000000e+000
0.00000000e+000
0.00000000e+000
-6.12972338e-001
6.24876229e-003
4.85279724e-001
2.59060313e-001
3.14649131e-003
3.61646267e-001
1.04096215e+000
1.91281933e-003
1.52393186e-001
0.00000000e+000
0.00000000e+000
0.00000000e+000
0.00000000e+000
1.16924448e-001
3.05928906e-003
1.55385633e-001
4.11790835e-001
0.00000000e+000
0.00000000e+000
0.00000000e+000
-1.89553353e-001
-1.18683851e-001
-1.52863781e-001
-3.22652565e-003
1.95177143e-001
2.80916720e-001
6.75283771e-001
0.00000000e+000
-4.18342045e-002
-9.73365795e-001
2.80919069e-001
-3.21424138e-001
4.04854300e-001
4.37380418e-002
8.85689132e-001
4.39163459e-001
2.91468714e-001
-1.59806204e-001
1.83025641e-003
-1.11457966e+000
-4.10651947e-001
5.85756664e-001
7.75292442e-001
-2.09828597e-001
1.99074269e-001
6.97804452e-001
-5.30231245e-001
-9.70286393e-001
-1.67133670e+000
1.07801697e+000
1.29679426e+000
1.10955079e+000
7.30327915e-001
0.00000000e+000
-7.53003481e-001
-2.36027630e+000
1.00511234e+000
5.49912033e-002
4.34941270e-001
5.04207721e-002
0.00000000e+000
-1.61624706e-001
-1.11314425e+000
5.88766354e-001
6.74752756e-002
2.59908476e-001
1.36557501e-001
0.00000000e+000
2.78576404e-001
1.62668958e-001
2.70163163e-001
-6.06060908e-002
1.38310557e-001
4.11986560e-002
2.09421059e-001
-3.70423370e-002
-2.01229140e-001
4.24724182e-001
1.29158694e-001
8.99472201e-002
-8.97901666e-002
3.51736122e-001
2.86950418e-001
4.61946901e-002
1.72098141e-001
-7.60820223e-001
-1.23734558e-001
-4.08179838e-001
0.00000000e+000
-1.83174017e-001
-1.24167895e-001
5.75312285e-001
-2.64099170e-001
2.94911855e-001
-3.41726783e-001
0.00000000e+000
-3.70890246e-001
-3.07125645e-001
5.56583605e-001
-1.56219084e-001
5.01356765e-001
1.36187806e-001
-1.73663309e+000
-2.09176083e+000
-1.51553596e+000
0.00000000e+000
0.00000000e+000
0.00000000e+000
7.55452575e-001
-1.29470886e+000
9.73821890e-002
-7.11755969e-001
-1.15607067e+000
-2.73830897e-001
-1.27154595e-001
1.27113690e+000
7.47916331e-001
0.00000000e+000
9.64056233e-001
-5.62696030e-001
-2.31803323e+000
8.02586600e-001
6.96207128e-001
7.03112209e-001
2.00036736e-001
-1.53643942e+000
-6.59869124e-002
2.93253735e-001
-2.27819945e-001
0.00000000e+000
0.00000000e+000
0.00000000e+000
4.12193281e-002
-1.42480286e+000
7.77436773e-002
5.35531949e-001
-3.00772026e-001
2.55265025e-001
1.86597814e-001
5.51433658e-002
-3.76569512e-001
0.00000000e+000
8.30102905e-003
-6.39344417e-001
4.22022881e-001
-7.24228822e-002
4.96396129e-002
2.00508795e-001
2.97843240e-001
2.47063457e-001
6.31335098e-002
1.46078072e-001
-1.65098601e+000
0.00000000e+000
0.00000000e+000
0.00000000e+000
2.57399349e-001
-9.21588657e-001
-1.48468231e-001
3.74003660e-001
-6.93387708e-001
3.21906509e-001
1.81226689e-002
1.64777389e-001
-1.21162565e-001
0.00000000e+000
1.01332588e+000
-6.02247819e-001
-1.53473109e+000
4.02835310e-001
-6.85387991e-001
2.95573630e-001
4.84624977e-001
-3.10919019e-001
-2.16330673e-001
2.50668371e-001
-2.49445897e-001
0.00000000e+000
0.00000000e+000
0.00000000e+000
2.73807856e-001
-5.36926539e-001
-1.95028561e-003
1.31059562e-001
-1.54856307e-001
-2.16337890e-001
2.19275042e-001
1.96029708e-001
-3.66056828e-001
0.00000000e+000
-1.13896348e-001
-2.53460321e-001
2.12878152e-001
2.39327428e-001
2.25659187e-001
8.52045803e-002
-2.83100666e-002
-3.68590035e-001
9.04211797e-002
1.17276027e-001
136
1.72041304e+000
0.00000000e+000
0.00000000e+000
1.40774615e-001
5.11632547e-003
6.36237698e-001
2.99046784e-003
9.43400726e-001
3.28888851e-003
0.00000000e+000
0.00000000e+000
0.00000000e+000
0.00000000e+000
6.51566098e-001
3.63993641e-001
4.18942443e-001
3.58987847e-001
0.00000000e+000
0.00000000e+000
2.71631520e-001
-1.04806465e+000
-4.36518451e-001
3.85037042e-002
3.91463878e-001
6.63130871e-001
8.42629953e-001
9.97636218e-001
2.71631520e-001
-5.70575577e-001
-8.30959675e-001
5.44504619e-001
-5.33580772e-001
5.73200559e-001
-2.57212029e-001
1.34936977e+000
-3.36200032e-001
3.72908524e-001
-5.35055544e-001
5.65612912e-001
-7.64894845e-001
1.39946831e-001
2.85216365e-001
1.44650041e+000
0.00000000e+000
0.00000000e+000
0.00000000e+000
-1.23649239e+000
-1.46456262e+000
5.61890797e-001
-4.79405581e-001
-1.14114547e+000
0.00000000e+000
-8.47563792e-001
-9.02933473e-002
1.56411068e-002
-1.24270702e+000
0.00000000e+000
-5.18133253e-001
-1.00286109e-001
-1.00365603e-001
-4.96329342e-001
-1.72458103e-002
7.39793959e-001
6.17202021e-002
9.42695389e-002
1.21668856e-001
-1.03736919e-001
-8.94121214e-001
-9.12223129e-002
-1.29708171e-001
-2.60059329e-001
3.56572200e-001
7.18541428e-001
-3.29589722e-001
2.21512904e-001
-1.65466593e-001
0.00000000e+000
5.91915899e-001
2.00953377e-001
3.54076262e-001
-6.31183226e-001
0.00000000e+000
1.35844970e+000
1.31764366e-001
4.81557246e-001
-4.13592674e-002
-1.63679785e+000
-2.15787069e+000
-1.93398927e+000
0.00000000e+000
0.00000000e+000
0.00000000e+000
6.87935772e-001
-3.19909266e+000
4.78840507e-001
-9.85893731e-003
-1.00295996e+000
4.92232339e-001
9.28675576e-002
1.48791474e+000
-8.20289333e-001
0.00000000e+000
4.99251974e-001
-8.11884802e-001
-1.42659316e+000
3.91511435e-001
1.40612669e+000
1.03286743e+000
7.37533157e-001
-1.67065958e+000
-4.99805209e-001
2.00072755e-001
-2.15815833e+000
0.00000000e+000
0.00000000e+000
0.00000000e+000
4.49421688e-001
-1.95119337e+000
1.04295491e-001
6.26870738e-001
-1.06183957e+000
5.50360271e-001
7.43910353e-001
6.68566082e-001
-6.77670967e-001
0.00000000e+000
6.02216395e-001
-1.14923892e+000
-1.37854797e+000
6.38357549e-001
-5.60204032e-001
4.35278972e-001
4.78916066e-001
-1.04474814e+000
-1.00123965e-001
4.67215001e-001
24 1
-1.2492e+000 2.2595e-001
8 0
0 1 2 8 7 4 6 14 
217
2.23218913e-001
-4.34538067e-001
5.12317022e-001
2.40980025e-002
-4.55720052e-001
6.37334919e-001
8.59294702e-002
1.19437332e-001
2.91671018e-001
1.15165949e-001
1.82026364e-001
-8.49011612e-001
1.19312113e-001
-3.66751978e-001
-1.94649298e-001
-7.96602370e-004
4.84910769e-001
-5.47072372e-002
7.84753127e-004
2.91167614e-001
3.76496550e-001
-1.74022194e-003
1.99717990e-001
9.60788977e-002
-1.70898927e-003
3.72977287e-001
0.00000000e+000
0.00000000e+000
0.00000000e+000
0.00000000e+000
9.78842607e-002
1.10139165e-001
5.20179434e-003
0.00000000e+000
0.00000000e+000
0.00000000e+000
0.00000000e+000
-3.94466302e-001
-1.34633780e-001
1.21083397e-002
7.92629426e-002
1.79700862e-001
4.70174740e-002
4.34229377e-001
0.00000000e+000
-3.04694036e-001
-1.90411810e-001
3.40524874e-001
-1.13130310e-002
1.61707423e-001
-1.78663108e-001
3.76180040e-001
0.00000000e+000
3.94568977e-001
2.69766420e-002
2.14170778e-001
3.47560157e-001
-6.42626123e-001
-5.08540157e-002
4.70260000e-001
-3.35630604e-001
-1.26788932e-003
5.60117406e-001
0.00000000e+000
-7.86873021e-001
-1.79430080e+000
6.28481513e-001
1.47713065e+000
3.81610421e-001
6.70091772e-001
0.00000000e+000
-7.84964488e-001
-1.01660336e+000
4.64413676e-001
-1.70473728e-001
5.43769724e-001
4.17302458e-001
0.00000000e+000
-2.49032431e-001
-2.86323038e-001
4.42174632e-001
2.36600898e-001
3.00767114e-002
-6.82767236e-002
0.00000000e+000
1.93330353e-001
7.55321914e-002
4.71704155e-002
1.31895992e-001
-1.72818556e-002
-2.78059395e-001
0.00000000e+000
-1.57215989e-001
-1.79547064e-001
2.85535600e-001
3.34308782e-001
9.48993019e-002
7.17781858e-002
0.00000000e+000
1.21829365e-001
-2.65713233e-001
1.31853156e-001
-9.93226354e-001
-3.04636092e-002
-3.87265583e-001
0.00000000e+000
-7.44295946e-001
-3.60335764e-001
5.80094545e-001
-3.41142154e-002
3.87420314e-001
-2.27818531e-001
0.00000000e+000
-4.25672919e-001
-2.50973212e-001
3.84506198e-001
-6.63690063e-002
2.64385634e-001
7.79266366e-002
-1.63287811e+000
-1.93679186e+000
-1.54071455e+000
0.00000000e+000
0.00000000e+000
0.00000000e+000
2.63313961e-001
-9.69444729e-001
3.15823967e-001
-5.52408160e-001
-7.00789974e-001
3.06053714e-001
-9.76467491e-002
1.16389208e+000
1.68368831e-001
0.00000000e+000
1.54651078e-001
-5.85893664e-001
-1.37170236e+000
3.95287525e-001
1.33474535e+000
4.59568136e-001
2.79170004e-001
-1.11351377e+000
-6.12108830e-001
-3.78080968e-001
-2.13449863e-001
0.00000000e+000
0.00000000e+000
0.00000000e+000
3.80609844e-001
-1.74597093e+000
1.90541155e-002
4.02155341e-001
-2.30989202e-001
4.21725739e-001
1.47683727e-001
1.79957648e-001
-4.54590584e-001
0.00000000e+000
2.83221443e-001
1.25641193e-001
-1.01693352e-002
-1.13856717e-001
-3.04984509e-001
3.22378506e-001
1.31703724e-001
-2.56679672e-001
-1.20798129e-002
5.01739618e-001
-2.24914536e+000
0.00000000e+000
0.00000000e+000
0.00000000e+000
5.88507428e-001
-5.47917826e-002
3.52047952e-001
8.93722460e-001
3.92919061e-002
1.30507729e+000
1.09782858e+000
1.29040823e+000
4.54606350e-001
0.00000000e+000
1.17219027e+000
-9.49307126e-001
-6.46188727e-001
1.26532105e+000
-6.33843471e-002
9.60909493e-001
1.23750978e+000
3.83980520e-002
-6.69040392e-003
6.36668830e-001
-1.08840662e+000
0.00000000e+000
0.00000000e+000
0.00000000e+000
1.12197158e+000
-9.20811994e-002
1.02340977e+000
1.04903538e+000
7.35162218e-001
1.15782879e+000
1.17212567e+000
1.02000898e+000
9.07963585e-001
0.00000000e+000
9.73207316e-001
1.09845635e+000
6.81805976e-001
5.99269103e-001
1.40000118e+000
8.45962029e-001
7.24827258e-001
3.52215201e-001
1.17908644e+000
1.13451662e+000
136
2.35061983e+000
9.68032349e-001
-9.58199136e-003
5.57506608e-001
-1.73308711e-003
3.34131402e-001
3.31251708e-003
4.90949475e-001
3.47682976e-003
0.00000000e+000
0.00000000e+000
0.00000000e+000
0.00000000e+000
6.27620265e-001
7.80772066e-001
9.21011060e-001
0.00000000e+000
0.00000000e+000
0.00000000e+000
0.00000000e+000
-7.51285171e-001
-2.74570521e-001
-8.03190623e-003
2.90789708e-001
5.77697864e-001
9.71498335e-001
1.54452153e+000
0.00000000e+000
-2.44833441e-001
-6.36383487e-001
7.31519681e-001
-4.06658949e-001
7.88759065e-001
-5.16365610e-001
1.58614452e+000
-5.50624938e-001
4.09970009e-001
-4.79228671e-001
5.76258671e-001
-4.04699862e-001
3.52929183e-001
-3.03119853e-001
1.44695352e+000
0.00000000e+000
0.00000000e+000
0.00000000e+000
0.00000000e+000
-3.29708137e+000
2.21287325e-001
-8.69800375e-001
-1.04294562e+000
0.00000000e+000
-5.51589316e-002
5.26796979e-002
2.14780945e-001
-1.14524448e+000
0.00000000e+000
-1.93322177e-001
-1.29947627e-001
2.12379940e-002
-3.45772415e-001
2.99761094e-002
6.59745220e-001
-1.29803697e-002
1.79033415e-001
7.49979070e-002
0.00000000e+000
-2.44506488e+000
-2.96553566e-001
-4.37076690e-001
-3.63349236e-001
0.00000000e+000
1.14060995e+000
-2.05245741e-001
3.07434838e-001
-1.18014159e-001
0.00000000e+000
8.18569713e-001
6.06207987e-002
4.47692297e-001
-4.33656520e-001
0.00000000e+000
1.63914530e+000
1.64383636e-001
5.24991658e-001
-3.17143745e-001
-1.60852317e+000
-1.69375632e+000
-1.89554315e+000
0.00000000e+000
0.00000000e+000
0.00000000e+000
7.35424151e-001
-3.40850506e+000
5.09228153e-001
-9.61546542e-002
-1.17265858e+000
3.73126676e-001
7.30429986e-002
1.53006130e+000
-6.04803569e-001
0.00000000e+000
5.79059256e-001
-9.46903664e-001
-1.42279034e+000
3.69719552e-001
1.45719200e+000
1.11803635e+000
8.28868303e-001
-1.60118560e+000
-4.51692556e-001
2.35392116e-001
-1.87845488e+000
0.00000000e+000
0.00000000e+000
0.00000000e+000
6.38335702e-001
-2.64572523e+000
1.23909055e-001
7.19649088e-001
-1.12710352e+000
4.53779975e-001
8.60220809e-001
6.29641512e-001
-6.51513144e-001
0.00000000e+000
8.40616163e-001
-1.29173660e+000
-1.24902014e+000
7.58277987e-001
-5.66140087e-001
5.41456321e-001
5.60892032e-001
-1.02018397e+000
-3.58661749e-002
5.82055343e-001
19 1
-1.3451e+000 2.3873e-001
8 0
0 1 2 8 7 4 6 14 
217
1.27229011e+000
-8.52345015e-001
-4.18564859e-001
1.66023197e-001
6.03141505e-001
2.64206813e-001
8.07307757e-001
-3.89213802e-001
4.41070732e-001
-4.80590180e-001
-1.18155421e-001
-4.78464110e-001
-4.61074461e-001
-2.17067850e-001
6.52182147e-001
-1.32109427e-002
-5.81965510e-001
2.45829415e-001
-1.51485336e-003
-4.81647556e-001
2.21299733e-001
1.43705803e-003
-4.85397121e-001
1.52978817e-001
-5.68174000e-003
-2.61433827e-001
0.00000000e+000
0.00000000e+000
0.00000000e+000
0.00000000e+000
4.44589934e-001
3.81185498e-001
2.01940268e-001
2.44574411e-001
0.00000000e+000
0.00000000e+000
0.00000000e+000
-4.62152430e-001
-6.41013414e-002
1.82325856e-001
2.65498639e-001
2.18042789e-001
2.76198627e-001
8.56477972e-001
0.00000000e+000
-3.44937161e-001
-2.19576758e-001
2.93351292e-001
-4.26689941e-002
2.74057531e-001
-2.89059199e-001
7.65190539e-001
0.00000000e+000
1.46622966e-001
8.76593433e-002
1.75845878e-001
-3.81509946e-001
-9.68102187e-002
9.14840969e-002
8.45346528e-001
-3.31151597e-001
9.13472804e-001
6.89968905e-001
0.00000000e+000
-7.86377243e-001
-1.62167017e+000
1.28878208e+000
1.07629205e+000
7.69885275e-001
9.39902381e-001
0.00000000e+000
-4.77951609e-001
-1.05897533e+000
8.08935218e-001
-1.90675174e-001
9.41306502e-001
5.75456733e-001
0.00000000e+000
1.06259775e-001
-4.78544245e-001
6.86533599e-001
2.08506109e-002
4.79496738e-001
4.48626179e-001
0.00000000e+000
4.36357249e-001
-7.20854970e-002
4.70183609e-001
1.00541444e-001
3.65749253e-001
-1.71406756e-001
-4.33998468e-001
2.24010381e-001
-5.45378730e-001
9.79835560e-001
4.58433653e-002
5.02442638e-001
-1.11930635e-001
3.60472727e-001
3.65110178e-001
-2.32702391e-001
2.66544260e-001
-1.15064301e-001
2.80162947e-001
-3.52454442e-001
0.00000000e+000
-1.66947957e-001
-2.66480091e-001
8.30880995e-001
-8.87125397e-002
6.08357074e-001
-3.27436363e-001
0.00000000e+000
-1.77003148e-001
-1.64426871e-001
7.73412829e-001
-1.59547614e-001
6.75880431e-001
2.76582209e-001
-1.43186460e+000
-1.70700893e+000
-1.64055649e+000
0.00000000e+000
0.00000000e+000
0.00000000e+000
3.46822054e-001
-1.43414423e+000
7.24516361e-002
-7.06247797e-001
-1.56960419e+000
8.94774683e-002
-2.05792813e-001
1.34682295e+000
-6.19825621e-002
0.00000000e+000
4.79740098e-001
-1.31170003e+000
-1.01061569e+000
6.97909161e-001
7.94628269e-001
6.11165708e-001
9.28377480e-001
-7.88644968e-001
-3.05189702e-002
1.11299926e-001
-8.98391143e-002
0.00000000e+000
0.00000000e+000
0.00000000e+000
2.65121874e-001
-1.59212406e+000
2.62506849e-002
3.76407753e-001
3.67555768e-001
2.88738420e-001
3.97252447e-001
7.53794773e-003
-5.82423429e-001
0.00000000e+000
1.68887182e-001
1.83397604e-001
-8.85004682e-002
6.43450283e-002
-4.59041904e-001
3.38717899e-001
-5.30525494e-002
-1.49189409e-001
6.15539002e-002
2.88726195e-001
-1.49400528e+000
0.00000000e+000
0.00000000e+000
0.00000000e+000
-4.37975893e-001
-2.30833482e-001
7.20505455e-002
3.10506298e-001
-4.63715441e-001
6.39354604e-002
3.46093261e-001
7.08234419e-002
1.72604691e-002
0.00000000e+000
5.89318910e-001
-9.81871101e-001
-1.32540890e+000
1.45552106e+000
-1.26885024e+000
4.73390688e-001
-4.97309373e-001
5.70739003e-002
4.80147300e-001
-2.24162191e-001
-2.65407301e-002
0.00000000e+000
0.00000000e+000
0.00000000e+000
5.24868103e-001
-1.32010875e+000
2.69808751e-001
8.42607668e-002
3.78958830e-002
6.93082532e-001
-5.77886767e-002
2.40690932e-001
-2.88387815e-001
0.00000000e+000
-5.31043043e-002
-1.52080052e-001
-1.14618855e-001
-4.67539358e-001
9.12033840e-001
-1.43773019e-001
3.02869672e-001
-6.20825336e-001
-1.83682460e-001
3.09857421e-001
136
2.14648869e+000
9.97901163e-001
-1.05038747e-002
4.38618010e-001
-1.15764104e-003
2.05131029e-001
3.08446747e-003
5.04838491e-001
4.28382722e-004
0.00000000e+000
0.00000000e+000
0.00000000e+000
0.00000000e+000
3.65429083e-001
5.41436114e-001
6.95911821e-001
5.92407957e-001
0.00000000e+000
0.00000000e+000
0.00000000e+000
-6.45902169e-001
-2.48229826e-001
3.08435333e-002
2.86977357e-001
5.57075790e-001
8.04988937e-001
1.36215107e+000
0.00000000e+000
-3.58796438e-001
-6.61524712e-001
6.79190365e-001
-4.03991869e-001
7.49186101e-001
-4.26621010e-001
1.53578983e+000
-4.90177373e-001
2.95120551e-001
-5.15356072e-001
5.49441050e-001
-3.47914427e-001
2.66379003e-001
-2.04361688e-001
1.48154138e+000
0.00000000e+000
0.00000000e+000
0.00000000e+000
0.00000000e+000
-3.05136315e+000
2.84886107e-001
-8.24560989e-001
-1.21354356e+000
0.00000000e+000
-2.91610449e-001
2.67008081e-002
1.70567935e-001
-1.10315028e+000
0.00000000e+000
-5.03518626e-001
-1.35763381e-001
-4.61018314e-002
-3.73368907e-001
-8.26938908e-002
6.61872540e-001
3.55599780e-002
1.56637065e-001
9.54517143e-002
-4.16372461e-001
-1.24769933e+000
-1.31800712e-001
-1.93720183e-001
-2.44890111e-001
5.24612672e-001
1.25421750e+000
-2.12794941e-001
3.36191279e-001
-1.31763834e-001
0.00000000e+000
5.10948413e-001
6.71675305e-002
3.85219101e-001
-4.70510218e-001
0.00000000e+000
1.64108435e+000
1.90795377e-001
5.20914489e-001
-4.11601957e-001
-1.68954538e+000
-1.81190294e+000
-1.95749583e+000
0.00000000e+000
0.00000000e+000
0.00000000e+000
7.21416125e-001
-3.36595745e+000
5.37996686e-001
-4.95119178e-002
-1.13301240e+000
4.57754075e-001
2.38186796e-002
1.53206103e+000
-5.93951400e-001
0.00000000e+000
5.40288674e-001
-8.54338032e-001
-1.48637023e+000
2.96250209e-001
1.56364403e+000
1.06559986e+000
7.62527434e-001
-1.64222102e+000
-5.40512635e-001
2.07022463e-001
-1.98004258e+000
0.00000000e+000
0.00000000e+000
0.00000000e+000
6.19307904e-001
-2.68801120e+000
8.87919503e-002
7.20771260e-001
-1.13121259e+000
3.93087790e-001
9.33031565e-001
7.00288677e-001
-5.82043796e-001
0.00000000e+000
8.16201030e-001
-1.26169978e+000
-1.24526974e+000
6.74774722e-001
-6.33359916e-001
5.29462461e-001
5.76660999e-001
-1.03166554e+000
-1.71195565e-002
5.57961183e-001
