0 1 5 -1 -1
1 1 2 -1 -1
-0.00336 0.4366
356
3.51054392e-001
-8.69198623e-003
3.59746379e-001
1.11627556e+000
-2.03496264e-001
-8.31257564e-001
9.48798079e-001
-3.37131933e-001
2.17748450e-001
6.12560817e-001
1.46923679e-001
1.02149016e-001
3.61496971e-001
5.12117039e-001
5.16273973e-001
8.78845471e-002
2.16298954e-001
1.34755438e-001
1.06411727e+000
-5.89369905e-001
-7.91865550e-001
-1.30260277e-001
0.00000000e+000
0.00000000e+000
6.12017537e-002
8.97634325e-002
-9.95869700e-002
-4.80852561e-002
3.24893057e-001
4.15163701e-001
3.24060511e-001
0.00000000e+000
0.00000000e+000
0.00000000e+000
0.00000000e+000
0.00000000e+000
0.00000000e+000
0.00000000e+000
0.00000000e+000
0.00000000e+000
0.00000000e+000
0.00000000e+000
0.00000000e+000
0.00000000e+000
0.00000000e+000
0.00000000e+000
0.00000000e+000
0.00000000e+000
0.00000000e+000
0.00000000e+000
0.00000000e+000
-5.82127436e-001
-2.23443570e-001
-3.28626307e-001
0.00000000e+000
0.00000000e+000
0.00000000e+000
0.00000000e+000
2.82659360e-001
-1.58562062e-001
9.76512246e-002
4.74811528e-002
2.81666669e-001
-4.35021277e-002
1.70254437e-001
-8.68542723e-001
-4.81177298e-001
-2.57267252e-001
-5.70635493e-001
1.26701240e-002
-1.47945171e-002
5.71247769e-001
-1.95222560e-003
-5.33467842e-001
5.43759222e-001
-1.74378328e-003
-8.28535271e-001
-1.93317105e-001
-7.36095441e-004
-6.56556701e-001
0.00000000e+000
0.00000000e+000
0.00000000e+000
-3.47204377e-002
1.86401868e-001
-2.19061172e-001
-1.14152055e-002
4.29849340e-001
0.00000000e+000
0.00000000e+000
-1.03451274e-001
-2.93277882e-001
-2.92865331e-001
-3.59642309e-001
8.53110777e-002
8.96625635e-003
-4.71254116e-002
5.58563757e-002
-1.70204846e-003
-5.46955368e-002
1.10988247e+000
2.07725538e-001
0.00000000e+000
0.00000000e+000
3.02247258e+000
1.59763061e+000
0.00000000e+000
0.00000000e+000
0.00000000e+000
0.00000000e+000
0.00000000e+000
0.00000000e+000
5.11891259e-001
3.52333406e-001
1.45288330e-001
-3.74470286e-001
-1.01545681e+000
-2.29100409e+000
0.00000000e+000
0.00000000e+000
0.00000000e+000
0.00000000e+000
0.00000000e+000
0.00000000e+000
1.24937868e+000
-4.56514259e-003
-1.98839030e-001
-3.76307077e-001
-7.82910363e-001
-1.13333328e+000
3.72725490e+000
3.65054439e+000
3.56969330e+000
3.58362944e+000
3.54727348e+000
3.42946533e+000
5.75082302e-001
5.69839340e-001
5.00163255e-001
6.04088699e-001
5.89986205e-001
-7.76762621e-002
2.89189470e-001
1.61105563e-001
-4.86626286e-002
2.31107535e-002
1.07088935e-002
-3.69116395e-001
0.00000000e+000
0.00000000e+000
0.00000000e+000
0.00000000e+000
0.00000000e+000
0.00000000e+000
0.00000000e+000
0.00000000e+000
3.51054392e-001
5.21194110e-001
-2.01074491e+000
0.00000000e+000
-4.17232775e-001
-3.92943304e-001
-2.43440504e-001
-8.47326768e-001
-6.60673279e-001
0.00000000e+000
0.00000000e+000
0.00000000e+000
2.71803782e-001
-1.32059028e-001
-4.88563294e-002
7.98354195e-002
-1.00236099e+000
1.00912089e+000
1.96991095e-001
-1.89829676e-001
4.67114982e-002
0.00000000e+000
5.49124102e-001
7.57642947e-001
-9.39507072e-001
1.57193287e-001
-8.37731971e-001
2.86264941e-001
3.92308656e-001
-1.03570158e+000
-4.83722943e-001
2.62099702e-001
3.36461045e-001
0.00000000e+000
0.00000000e+000
0.00000000e+000
2.19406963e-001
-6.48810331e-001
4.77384347e-002
1.03994188e-001
-1.11633202e-001
-1.69987379e-001
1.13215512e-002
-7.29191983e-002
4.54654497e-002
0.00000000e+000
-5.17407656e-002
-9.95452488e-002
2.68998666e-001
1.70642295e-001
-7.78580405e-002
1.44837433e-001
3.65693156e-002
1.87475348e-001
2.53078545e-001
7.94270218e-002
-4.17065854e-001
-2.19022708e-001
-8.97958422e-001
-1.38838807e-001
4.05510186e-001
6.10606226e-001
-2.45354723e-002
-8.05093461e-001
-1.62404923e-001
0.00000000e+000
0.00000000e+000
0.00000000e+000
9.15421406e-002
2.02816993e-001
-1.90378825e-001
3.95768471e-001
2.47644033e-002
4.31142056e-001
2.81403582e-001
-1.11017452e+000
2.03759889e-001
0.00000000e+000
5.96755325e-001
5.56902596e-001
1.15827043e-001
1.41635376e-001
-2.04208813e+000
-6.71568784e-001
4.16194496e-002
1.78969496e-001
-1.66541085e-002
6.05552624e-001
-1.98043146e-001
-4.82449850e-001
-3.84672713e-001
3.66360215e-001
-2.43607425e-001
-1.98210067e-001
-6.37552234e-001
5.88078611e-001
2.79211705e-001
6.55018508e-001
1.93088061e-002
-8.72537382e-001
-4.53973575e-002
1.89512120e-002
1.17369188e-001
1.18324142e-001
-1.24027007e+000
0.00000000e+000
0.00000000e+000
0.00000000e+000
-9.66904434e-001
-5.67728892e-001
5.11970275e-001
2.18058482e-001
-7.40641583e-001
6.56054478e-001
8.17501275e-001
1.83757859e-001
2.02467070e-001
0.00000000e+000
-7.47925967e-001
1.39805325e-002
-8.44157253e-001
8.88610403e-001
-9.85427257e-001
3.46786461e-001
5.00733061e-001
-5.25974411e-001
3.79090474e-001
-5.80520646e-001
1.96412606e-001
0.00000000e+000
0.00000000e+000
0.00000000e+000
1.63190151e-001
-4.31712251e-001
-1.66612309e-001
7.29835719e-002
-2.22217203e-001
-4.56925768e-002
-1.28699468e-001
-2.06605617e-001
-3.35894179e-003
0.00000000e+000
7.39042388e-002
1.44556935e-001
1.93965307e-001
3.49824744e-002
3.99089834e-001
-5.74751058e-002
-8.59212320e-002
1.70754438e-001
3.76789329e-002
2.53601428e-001
-6.12224836e-001
-8.31166679e-002
0.00000000e+000
-6.37318801e-001
-4.67570923e-001
7.16741389e-001
6.96081151e-002
-8.69466172e-001
-3.28144361e-001
0.00000000e+000
0.00000000e+000
0.00000000e+000
-3.50128167e-001
3.84006728e-001
3.46137799e-001
-6.54806086e-001
4.93188806e-001
-2.12040506e-001
-6.52494436e-002
8.84313081e-001
3.56125318e-002
0.00000000e+000
-6.28828920e-001
-5.59656331e-001
-2.62457820e-001
2.37858370e-002
4.70917511e-001
5.69696663e-001
1.74915670e-001
1.17788383e-001
-1.31813020e-003
-1.09402197e+000
-5.29108168e-001
0.00000000e+000
-3.91773233e-001
-4.02058922e-001
-6.28045236e-001
-3.09826636e-001
0.00000000e+000
-1.32350500e-001
1.58003595e-001
6.59638381e-001
1.33153126e-002
-9.82780330e-001
-3.18218601e-001
0.00000000e+000
0.00000000e+000
-1.88169715e-001
247
-1.27486586e-001
1.18497208e-001
-2.45983794e-001
4.08123495e-001
-2.89626287e-001
2.86313783e-001
-1.24718016e+000
6.42463606e-001
-4.39577007e-001
9.79544252e-002
9.21888684e-001
7.05619601e-002
6.33805739e-001
3.68562642e-001
-1.10089980e-001
0.00000000e+000
2.87850821e-001
-3.97940801e-001
-5.13680044e-001
-1.18382380e+000
0.00000000e+000
0.00000000e+000
0.00000000e+000
1.52516730e-001
1.55409302e-001
0.00000000e+000
0.00000000e+000
0.00000000e+000
0.00000000e+000
0.00000000e+000
0.00000000e+000
0.00000000e+000
0.00000000e+000
0.00000000e+000
0.00000000e+000
0.00000000e+000
0.00000000e+000
0.00000000e+000
0.00000000e+000
0.00000000e+000
0.00000000e+000
-2.55905305e-003
-3.41605256e-003
-3.52320388e-001
3.86605621e-003
4.53822134e-002
-7.91636693e-004
1.82010641e-001
-4.86814731e-003
0.00000000e+000
0.00000000e+000
0.00000000e+000
3.93786782e-001
7.24851214e-003
-2.15844411e-001
3.98112238e-002
-3.52488692e-001
0.00000000e+000
0.00000000e+000
2.85665996e+000
1.39253991e+000
0.00000000e+000
0.00000000e+000
0.00000000e+000
0.00000000e+000
0.00000000e+000
0.00000000e+000
6.49176988e-001
3.09996593e-001
9.45494748e-002
-4.97462813e-001
-1.11988492e+000
-2.42052187e+000
0.00000000e+000
0.00000000e+000
0.00000000e+000
0.00000000e+000
0.00000000e+000
0.00000000e+000
1.20995441e+000
5.10094455e-002
-1.97856919e-001
-4.74404851e-001
-8.41807463e-001
-1.26692112e+000
4.73527090e+000
4.71017282e+000
4.58728880e+000
4.67444141e+000
4.57155202e+000
4.39386885e+000
1.94391969e-001
4.14625804e-001
2.11028724e-001
4.57916292e-001
3.60357864e-001
-4.82585962e-002
-4.63042062e-002
-3.36737569e-002
-2.55313861e-001
-1.60145443e-001
-2.09645994e-001
-3.70655715e-001
0.00000000e+000
0.00000000e+000
0.00000000e+000
0.00000000e+000
-1.27486586e-001
-4.44552414e-001
-2.28688505e+000
0.00000000e+000
-3.01833272e-001
-3.95428226e-001
-7.94664157e-001
-7.25362341e-001
-6.97261497e-001
0.00000000e+000
0.00000000e+000
0.00000000e+000
3.41192711e-001
-1.49108607e-001
2.17798817e-002
-5.69275260e-002
-8.30848606e-001
7.66405043e-001
4.52148984e-001
-2.06034765e-001
-6.81770601e-001
0.00000000e+000
3.72898049e-001
4.94439992e-001
-5.82542151e-001
2.97523943e-001
-1.16319682e+000
3.32911213e-001
3.61974690e-001
-5.13165212e-001
-5.11967222e-002
9.62550013e-002
-5.56027675e-001
-2.58512335e-001
-1.57502810e+000
-8.54084666e-001
-6.01247039e-001
-1.63960783e-001
0.00000000e+000
0.00000000e+000
0.00000000e+000
-2.96030224e-002
0.00000000e+000
2.12262469e-001
-3.13135882e-002
-5.63001662e-001
-3.03142508e-001
-1.40502131e-001
6.55750854e-001
3.11774646e-001
0.00000000e+000
-2.15529667e-001
8.77879517e-002
-2.47210711e-001
-1.90714472e-001
9.55390827e-001
1.71184512e-001
-8.21474460e-003
-6.89421854e-002
1.58766571e-002
-2.14491380e-001
-2.97515341e-001
-5.74295032e-001
-4.03383679e-001
-1.94794210e-001
-1.41233822e-001
-4.33209369e-002
-1.10590302e+000
-7.55238328e-001
-4.02847264e-001
-9.79128852e-002
-5.53394883e-001
-2.35334214e-001
-1.32876139e-001
-1.52002650e+000
0.00000000e+000
0.00000000e+000
0.00000000e+000
-7.80775319e-001
-3.37193027e-001
1.67623978e-002
1.48950938e-001
-9.69124462e-001
9.73824407e-001
6.18847974e-001
-4.20603258e-001
-3.50014188e-001
0.00000000e+000
-4.03307706e-001
3.36919631e-001
-3.62232709e-001
6.48038048e-001
-5.19667214e-001
-4.35273870e-002
2.69203772e-001
-9.10460946e-002
8.14616511e-002
-3.36543953e-001
-8.11286269e-001
-3.66768326e-001
0.00000000e+000
-2.42280130e-001
-1.38866587e-001
5.38159259e-002
0.00000000e+000
0.00000000e+000
0.00000000e+000
-5.46434025e-002
2.15183499e-001
-1.99785432e-001
1.45762612e-001
-6.08218189e-003
1.81529604e-001
-1.01584092e-001
-4.25785196e-001
2.02530262e-001
0.00000000e+000
2.08141214e-001
4.01660196e-001
-1.97038168e-002
8.71979613e-002
-6.32130045e-001
-3.33298552e-001
-8.57544797e-002
4.03692081e-002
6.00285997e-004
4.29608281e-001
-4.44517942e-001
0.00000000e+000
-5.43564452e-002
3.11669515e-002
-7.08740229e-001
-4.27895830e-001
0.00000000e+000
0.00000000e+000
5.43699262e-002
-2.80844399e-001
0.00000000e+000
0.00000000e+000
-1.78120730e-001
1 0 3 0 -1
1 1 2 1 -1
-2.5440e-001 7.8233e-001
356
-3.28475909e-001
-1.33925765e-001
-1.94550144e-001
1.50701719e-002
-1.45395649e-001
-9.31138301e-001
6.19323125e-001
-2.51793035e-001
7.39952579e-002
3.29222003e-001
-1.54185039e-002
2.78750760e-002
-2.91253265e-001
1.89292885e-001
2.18766643e-001
-3.92989356e-001
-5.77984579e-001
2.49508670e-001
1.52214901e+000
-9.04855748e-001
-1.41647966e+000
2.59058740e-001
0.00000000e+000
0.00000000e+000
5.08993988e-001
-2.03713185e-001
1.34142326e-001
3.29535494e-002
5.19581791e-001
5.61036266e-001
4.41530956e-001
-1.33925765e-001
-1.94550144e-001
-1.48995937e-001
-1.45395649e-001
-3.08337011e-001
-2.84647123e-001
1.90385497e-001
1.31774631e-001
-1.75315325e-001
2.79691274e-001
0.00000000e+000
0.00000000e+000
0.00000000e+000
0.00000000e+000
0.00000000e+000
0.00000000e+000
0.00000000e+000
0.00000000e+000
0.00000000e+000
0.00000000e+000
-3.36506799e-001
3.37034782e-001
-3.69954513e-001
0.00000000e+000
0.00000000e+000
0.00000000e+000
0.00000000e+000
-5.16528174e-001
5.94249548e-001
2.71453028e-002
1.58066946e-001
1.96809518e-001
2.01579018e-002
1.48912245e-001
-2.09840461e-001
-1.84814801e-001
-5.44520879e-002
-6.38590721e-001
4.00447398e-003
3.80502286e-001
-3.30520623e-001
1.84897449e-003
3.01746470e-001
2.28426779e-001
8.27971114e-004
4.03130560e-002
4.12208656e-001
2.29021787e-003
-8.61380951e-002
0.00000000e+000
0.00000000e+000
-1.68599175e-001
-4.57359039e-001
-9.45355320e-002
1.19847647e-001
2.72170190e-001
0.00000000e+000
0.00000000e+000
0.00000000e+000
-1.38702320e-001
-1.88260792e-001
-2.59625650e-001
-3.59821361e-001
2.55505666e-002
-4.35088234e-002
-2.95899685e-002
-2.76231184e-002
-4.11998056e-002
1.92040130e-002
2.24655366e-001
8.35212121e-002
0.00000000e+000
0.00000000e+000
1.08819132e+000
2.20798754e+000
0.00000000e+000
0.00000000e+000
0.00000000e+000
0.00000000e+000
0.00000000e+000
0.00000000e+000
6.30886615e-001
3.75169368e-001
3.53930055e-001
1.98461300e-002
-7.28349258e-001
-2.06815014e+000
0.00000000e+000
0.00000000e+000
0.00000000e+000
0.00000000e+000
0.00000000e+000
0.00000000e+000
1.10266312e+000
-8.32795724e-002
-3.18391083e-001
-5.85380413e-001
-1.14223626e+000
-1.50983925e+000
3.80749197e+000
3.71362377e+000
3.57998023e+000
3.69181120e+000
3.60077352e+000
3.47920363e+000
3.34611538e-001
4.02879052e-001
1.61969254e-001
1.48158087e-001
2.30634217e-001
-3.24039219e-001
1.30857823e-001
1.21246704e-002
-1.15987660e-001
-7.95202184e-002
1.90861928e-001
-1.80085396e-001
0.00000000e+000
0.00000000e+000
0.00000000e+000
0.00000000e+000
0.00000000e+000
0.00000000e+000
0.00000000e+000
0.00000000e+000
-3.28475909e-001
-1.31088691e-001
0.00000000e+000
-1.68540155e+000
-3.96099051e-001
-1.75181447e-001
-1.01465384e+000
-6.75880457e-001
-1.41075289e+000
0.00000000e+000
0.00000000e+000
0.00000000e+000
3.30989508e-001
-3.40089037e-001
-7.81499898e-002
3.13646017e-001
-9.53999308e-001
5.52136890e-001
4.02394470e-001
-2.69341887e-001
1.31617456e-001
0.00000000e+000
6.32891000e-001
2.14865525e-001
-8.82021366e-001
4.47052497e-001
-1.64275899e+000
-1.47246206e-002
4.69308939e-002
-8.63923307e-001
3.62704437e-002
5.25460912e-001
-1.01820319e-001
0.00000000e+000
0.00000000e+000
0.00000000e+000
8.90526889e-002
1.11351240e-002
-1.28140366e-001
-3.77298295e-002
-1.46518989e-001
6.91413191e-002
-9.09545266e-002
-1.89239272e-002
-2.83517244e-001
0.00000000e+000
-4.63359951e-002
4.49610295e-002
1.33671601e-001
-7.54246145e-002
3.26861060e-001
3.90675642e-002
-6.07411286e-003
8.86413598e-002
-9.31337670e-002
2.24013062e-002
-8.92429755e-001
-2.53095652e-001
0.00000000e+000
5.52499555e-001
3.67904773e-001
3.36742316e-001
-6.74107514e-003
-5.83096893e-001
6.30681775e-002
0.00000000e+000
0.00000000e+000
0.00000000e+000
3.00365165e-001
2.77276894e-001
-3.33365759e-002
6.25425942e-001
2.76655238e-002
1.99411792e-001
3.38448561e-001
-6.70916660e-001
-2.12358736e-002
0.00000000e+000
6.93169981e-001
-4.96706680e-001
8.77112408e-002
2.40813882e-001
-1.50867930e+000
-6.81337396e-001
-5.60635627e-002
-2.28593234e-001
1.95730948e-001
7.73917533e-001
-6.39334103e-001
0.00000000e+000
3.77664398e-001
2.78511597e-001
-5.18323138e-001
-1.43003399e-001
0.00000000e+000
-2.09586542e-002
3.61685973e-001
5.07995078e-001
6.80887601e-002
-7.19087237e-001
-3.75319739e-001
0.00000000e+000
6.15971252e-002
1.08530086e-001
-8.51061904e-001
0.00000000e+000
0.00000000e+000
0.00000000e+000
-8.15874238e-001
-2.43841974e-001
-4.33578959e-002
-2.66535225e-001
-8.88155717e-001
9.34404898e-001
2.00453194e-001
2.08068721e-001
1.94443907e-001
0.00000000e+000
-6.82699545e-001
8.78474446e-001
-8.20463314e-001
4.65573477e-001
1.04760850e-002
2.44689840e-001
6.14098739e-001
-5.74028291e-001
-7.94927304e-002
-1.87296281e-001
-9.09702886e-002
0.00000000e+000
0.00000000e+000
0.00000000e+000
4.56262926e-002
-2.27755681e-001
-6.38497554e-002
1.55983130e-001
8.12762642e-002
-2.52821965e-002
5.12277593e-002
-2.66065809e-001
-2.23402557e-001
0.00000000e+000
4.41785944e-002
-2.06342502e-001
2.08007958e-001
8.78301862e-002
1.07417794e-001
-2.02551664e-001
-2.41023994e-001
2.33924801e-001
2.11533961e-001
1.38297130e-001
-5.49139954e-001
-1.82008062e-002
3.76710363e-002
3.45711258e-001
2.94564473e-001
3.89358010e-001
8.72250842e-002
-4.94783900e-001
-1.21111318e-001
0.00000000e+000
0.00000000e+000
0.00000000e+000
-3.56772061e-001
-8.53132141e-002
2.20108943e-001
-8.33132855e-001
1.99561459e-001
-1.22930026e-001
-1.39530153e-001
7.83215375e-001
3.59047059e-001
0.00000000e+000
-6.50176443e-001
5.24480187e-001
-3.15968996e-001
-9.89606344e-002
3.97919472e-001
7.51233313e-001
3.01003729e-001
2.90300880e-002
-1.98903843e-001
-8.85022717e-001
-5.30939148e-001
7.96352544e-001
5.62191605e-001
4.88201105e-001
-3.01921950e-001
-1.56980641e-001
-1.54999399e-001
-9.76519667e-002
-1.23108859e-001
4.59152961e-001
3.04921535e-002
-6.46625755e-001
-1.44941310e-001
3.77539771e-001
-3.37785163e-003
-7.68289379e-003
247
-2.70463355e-001
-4.82245195e-001
2.11781840e-001
-1.10188207e+000
6.19636878e-001
6.99524696e-002
-1.33353620e+000
4.13819762e-001
-2.89923033e-001
4.61589424e-001
9.74857197e-001
-2.75526369e-001
5.29096255e-001
2.37220096e-001
-2.67241620e-001
0.00000000e+000
3.23579608e-001
-5.90821228e-001
-6.16900318e-001
-1.23765848e+000
0.00000000e+000
0.00000000e+000
0.00000000e+000
6.83982321e-001
2.64532056e-001
0.00000000e+000
0.00000000e+000
-4.82245195e-001
2.11781840e-001
-1.10188207e+000
6.19636878e-001
6.99524696e-002
3.65936052e-001
6.61108827e-001
0.00000000e+000
0.00000000e+000
0.00000000e+000
0.00000000e+000
0.00000000e+000
0.00000000e+000
0.00000000e+000
-3.22183774e-001
-6.28908965e-003
-3.97469429e-001
3.83425396e-003
7.05124384e-002
1.92965062e-003
3.78677409e-001
1.94500426e-004
0.00000000e+000
0.00000000e+000
-4.40661604e-001
-6.95559759e-001
-5.76393448e-001
3.41801842e-001
1.10034961e+000
0.00000000e+000
0.00000000e+000
0.00000000e+000
9.27000486e-001
1.65919750e+000
0.00000000e+000
0.00000000e+000
0.00000000e+000
0.00000000e+000
0.00000000e+000
0.00000000e+000
3.87777041e-001
3.78306867e-001
2.23568614e-001
1.54059972e-001
-4.93282669e-001
-1.84789367e+000
0.00000000e+000
0.00000000e+000
0.00000000e+000
0.00000000e+000
0.00000000e+000
0.00000000e+000
1.13860293e+000
1.36995081e-001
-1.90821797e-001
-6.86026091e-001
-8.91653683e-001
-1.43675730e+000
3.10899503e+000
3.21095604e+000
3.15831604e+000
3.01803896e+000
3.03801920e+000
2.74225466e+000
2.03572752e-001
2.45974688e-001
1.24072087e-001
1.00398125e-001
1.39144397e-001
-2.76198898e-001
-1.54833754e-001
-2.53740590e-001
-4.28420599e-001
-1.88171924e-001
-1.03319573e-001
-2.07651407e-001
0.00000000e+000
0.00000000e+000
0.00000000e+000
0.00000000e+000
-2.70463355e-001
-9.07759141e-003
0.00000000e+000
-1.31769921e+000
-5.38821668e-001
-6.58642172e-001
-2.51429488e-001
-3.60532157e-001
-1.19746384e+000
0.00000000e+000
0.00000000e+000
0.00000000e+000
4.46980554e-001
-2.99372603e-001
-1.40434632e-001
2.02912845e-002
-1.30736080e+000
4.70044575e-001
1.05356860e-001
-3.55819233e-001
1.15007855e-001
0.00000000e+000
6.54501877e-001
2.90295011e-001
-6.63193994e-001
5.84141180e-001
-8.74386844e-001
1.92033804e-001
2.98154402e-001
-7.30595782e-001
-1.86596103e-001
1.83488748e-001
-6.76973399e-001
-1.00432509e-001
0.00000000e+000
7.72679427e-001
4.88576272e-001
-2.90398583e-001
0.00000000e+000
0.00000000e+000
0.00000000e+000
-8.90854295e-002
5.02460398e-001
-6.51799312e-002
-3.44504731e-001
-4.41340582e-001
-1.17998236e-001
-2.39374775e-001
2.58280646e-001
1.27581739e-001
0.00000000e+000
-1.48383520e-001
3.28459985e-001
-1.48591147e-001
-1.99247149e-001
9.39713477e-001
2.56844691e-003
-9.50900288e-002
6.73418971e-002
-3.29234030e-001
-2.98775613e-001
-5.76540890e-001
0.00000000e+000
8.47395888e-001
3.81114020e-001
-5.20490441e-001
-4.38389159e-001
0.00000000e+000
0.00000000e+000
7.20423965e-001
-8.21012821e-002
0.00000000e+000
0.00000000e+000
1.51730707e-001
-6.11961645e-001
0.00000000e+000
0.00000000e+000
0.00000000e+000
-4.75999756e-001
-9.19776969e-001
1.89064691e-001
5.71121502e-002
-9.65045866e-001
3.78187377e-001
1.88325641e-001
-1.54835285e-001
4.01769111e-001
0.00000000e+000
-2.39146837e-001
2.48193325e-001
-4.13188074e-001
7.24678019e-001
-2.01734149e-001
2.01950157e-001
4.85353000e-001
-3.54091549e-001
1.40211397e-001
9.70119729e-002
-4.05732850e-001
-4.68487986e-002
-3.36287946e-001
-4.53203190e-002
-5.30945938e-002
-2.06467938e-001
0.00000000e+000
0.00000000e+000
0.00000000e+000
9.47345529e-002
0.00000000e+000
-6.06061748e-003
4.98163463e-001
-3.91835999e-001
4.74275007e-002
2.69285187e-001
-2.31033723e-001
-2.32368013e-001
0.00000000e+000
3.23388737e-001
-1.07020044e-001
1.64957453e-001
7.67487828e-002
-6.39482520e-001
-1.40943505e-001
-6.57741840e-002
-1.01162528e-001
2.56669826e-001
4.55680667e-001
-3.58884051e-001
5.03405668e-001
2.59244277e-001
1.37371296e-002
-2.06228795e-001
-2.04580690e-001
-5.15914379e-001
-2.54214167e-001
-5.71614420e-002
-1.64810515e-003
-7.46607628e-002
-7.18223980e-002
-3.31921942e-001
3 2
2.9231e-001 2.0845e-001
2 -1
0 1 
217
-1.41899116e-001
-1.96572140e-001
-2.76360140e-001
-8.14832511e-001
-1.63840228e-001
2.18814392e-002
1.20014775e-002
4.03149899e-001
2.78473884e-001
-3.08687940e-001
-9.84920677e-002
-2.11861306e-002
-1.70042182e-001
1.35552777e-001
-1.16821391e-002
-2.41268151e-003
-4.84119711e-003
-1.76168222e-001
1.83190732e-003
-9.57364586e-002
-3.90149167e-002
-2.57023813e-003
5.02208719e-002
8.49661615e-002
1.54814633e-004
-1.25628856e-001
0.00000000e+000
0.00000000e+000
-7.08695225e-002
-1.93152912e-001
9.07301653e-002
1.16383471e-001
8.63724378e-002
-1.71362755e-001
0.00000000e+000
0.00000000e+000
-1.72520436e-001
7.41724799e-003
2.32040714e-002
0.00000000e+000
0.00000000e+000
0.00000000e+000
0.00000000e+000
0.00000000e+000
-1.72520436e-001
-3.01661481e-002
3.75833961e-002
2.32040714e-002
0.00000000e+000
0.00000000e+000
0.00000000e+000
0.00000000e+000
0.00000000e+000
0.00000000e+000
0.00000000e+000
0.00000000e+000
0.00000000e+000
0.00000000e+000
0.00000000e+000
0.00000000e+000
2.32040714e-002
3.75833961e-002
-3.01661481e-002
1.16983820e-001
-2.51920859e-001
-8.77982523e-001
6.70123123e-003
1.77621276e-001
-1.36633079e-002
2.31796154e-001
3.49286363e-001
-5.51972947e-001
-4.73120797e-001
-4.37350980e-002
-8.34431231e-001
1.04522565e-001
-5.35530947e-001
0.00000000e+000
0.00000000e+000
0.00000000e+000
0.00000000e+000
0.00000000e+000
0.00000000e+000
0.00000000e+000
0.00000000e+000
0.00000000e+000
0.00000000e+000
0.00000000e+000
0.00000000e+000
0.00000000e+000
0.00000000e+000
0.00000000e+000
0.00000000e+000
0.00000000e+000
0.00000000e+000
0.00000000e+000
0.00000000e+000
0.00000000e+000
0.00000000e+000
0.00000000e+000
0.00000000e+000
0.00000000e+000
0.00000000e+000
0.00000000e+000
0.00000000e+000
0.00000000e+000
0.00000000e+000
0.00000000e+000
0.00000000e+000
0.00000000e+000
0.00000000e+000
0.00000000e+000
0.00000000e+000
0.00000000e+000
0.00000000e+000
0.00000000e+000
0.00000000e+000
0.00000000e+000
0.00000000e+000
7.43494748e-001
2.16368592e-001
-1.24109045e-001
0.00000000e+000
0.00000000e+000
0.00000000e+000
5.34393458e-001
-7.14270189e-001
7.06898034e-002
3.01688729e-003
-7.01667006e-001
9.03383650e-002
3.58212371e-001
3.37123027e-001
-2.97434907e-001
0.00000000e+000
7.91482856e-001
-7.11173744e-002
-7.05021691e-001
5.84921599e-002
5.95368444e-001
5.18568103e-001
1.10639936e-001
-7.78493837e-001
-5.73699053e-001
2.49269601e-001
-1.22613602e-001
0.00000000e+000
0.00000000e+000
0.00000000e+000
2.16029954e-001
-9.30899571e-001
-3.92447421e-002
4.69778610e-001
-7.65698877e-001
2.93810863e-001
1.94735433e-001
4.94102839e-002
-1.23588947e-001
0.00000000e+000
2.14425754e-001
-3.62807856e-003
-5.00028103e-002
1.94502095e-001
-4.34155661e-002
3.43149253e-002
1.72028129e-001
-4.66966299e-001
1.29947846e-001
3.31847396e-001
-3.92346378e-001
0.00000000e+000
0.00000000e+000
0.00000000e+000
1.16371531e-001
-5.52743999e-001
-2.20552311e-001
5.37229330e-001
-5.63457676e-001
3.88810645e-001
3.23198965e-001
-4.91885121e-001
1.24205515e-001
0.00000000e+000
1.24012342e+000
2.20388025e-002
-4.97408526e-001
3.30379756e-001
-8.72713936e-001
-1.25801005e-001
2.22640873e-002
-4.49815756e-001
-1.16441163e-001
3.93851063e-001
-1.73224922e-001
0.00000000e+000
0.00000000e+000
0.00000000e+000
8.14570744e-002
-4.45935647e-001
2.46198236e-002
-6.69169166e-002
-6.25606585e-001
8.33143301e-002
5.72179065e-002
2.95170850e-001
-1.20402157e-001
0.00000000e+000
-1.73431597e-001
7.28154869e-002
-1.51562340e-001
1.21578387e-001
6.92305145e-001
1.64436603e-001
7.25296926e-002
-2.60844692e-001
3.62003160e-002
-3.01706013e-002
136
-2.64882052e-001
1.38613929e-002
4.46308864e-003
8.29846834e-002
-6.46427447e-004
6.81022108e-002
-5.02642441e-003
-4.29830339e-001
-5.43259876e-004
0.00000000e+000
0.00000000e+000
-4.30827863e-001
-5.08117840e-002
-8.30054807e-002
-1.95456506e-002
1.72315414e-001
1.46993313e-001
0.00000000e+000
0.00000000e+000
3.31141317e-001
-8.93798409e-002
-5.06643528e-001
0.00000000e+000
0.00000000e+000
0.00000000e+000
0.00000000e+000
0.00000000e+000
3.31141317e-001
3.58294297e-001
-4.47674138e-001
-5.06643528e-001
0.00000000e+000
0.00000000e+000
0.00000000e+000
0.00000000e+000
0.00000000e+000
0.00000000e+000
0.00000000e+000
0.00000000e+000
0.00000000e+000
0.00000000e+000
0.00000000e+000
0.00000000e+000
0.00000000e+000
0.00000000e+000
0.00000000e+000
2.61280888e-001
-3.77813709e-001
2.10996152e-001
1.29483061e-001
-4.78863828e-001
4.48684146e-001
2.40751468e-001
2.02731804e-001
5.75212138e-001
-2.52138428e-001
0.00000000e+000
0.00000000e+000
0.00000000e+000
0.00000000e+000
-5.06643528e-001
-4.47674138e-001
3.58294297e-001
0.00000000e+000
0.00000000e+000
0.00000000e+000
0.00000000e+000
0.00000000e+000
0.00000000e+000
0.00000000e+000
0.00000000e+000
0.00000000e+000
0.00000000e+000
0.00000000e+000
0.00000000e+000
0.00000000e+000
0.00000000e+000
0.00000000e+000
0.00000000e+000
0.00000000e+000
0.00000000e+000
0.00000000e+000
0.00000000e+000
0.00000000e+000
0.00000000e+000
0.00000000e+000
1.77470130e-001
-6.28374362e-001
-7.15892140e-001
0.00000000e+000
0.00000000e+000
0.00000000e+000
1.12228221e+000
-2.43786827e+000
2.21105240e-001
5.23113663e-001
-2.61539426e+000
7.76328715e-001
6.05043198e-001
5.27762269e-001
-4.52084445e-001
0.00000000e+000
1.24703497e+000
3.55879307e-002
-1.01391818e+000
4.50150155e-001
7.44881816e-001
7.89952016e-001
5.34261021e-001
-1.97920067e+000
-5.51816290e-001
7.56886770e-001
-1.23912042e+000
0.00000000e+000
0.00000000e+000
0.00000000e+000
5.62348342e-001
-2.53755656e+000
1.05501367e-001
8.21257273e-001
-2.15053460e+000
9.33301823e-001
9.35726570e-001
-2.83357142e-003
-7.52698120e-001
0.00000000e+000
1.31478843e+000
-2.10504957e-001
-8.32163592e-001
8.03194386e-001
-4.13878701e-001
3.34131418e-001
3.48732099e-001
-1.22692542e+000
2.38700078e-002
7.05123392e-001
5 2
-2.3803e-001 3.8061e-001
3 -1
0 1 3 
217
-2.39809396e-001
-7.65239605e-002
7.36176673e-002
-4.49968006e-001
-2.34377575e-002
-2.15692429e-001
-2.26866844e-001
4.86752235e-002
-8.28782483e-002
2.99222659e-001
2.76074834e-001
-3.80276696e-001
-1.82701380e-001
-2.45650541e-001
-3.53501329e-002
-8.88912123e-003
-3.69553643e-002
5.90553840e-002
-7.39246734e-005
-3.12976830e-001
-2.21848440e-002
4.15241645e-003
-3.12654910e-001
-2.41329803e-001
1.23165098e-003
-1.26339038e-001
0.00000000e+000
0.00000000e+000
-1.84817718e-001
-3.76508238e-001
-2.29809016e-001
-2.48034824e-002
1.45854360e-001
4.30274700e-001
0.00000000e+000
0.00000000e+000
-5.03464531e-001
1.72799047e-002
7.83568491e-002
1.68018382e-001
0.00000000e+000
0.00000000e+000
0.00000000e+000
0.00000000e+000
-5.03464531e-001
3.25936776e-001
4.95559369e-002
2.77475781e-002
-3.58212809e-001
8.23733155e-002
-3.17640446e-002
1.68018382e-001
0.00000000e+000
0.00000000e+000
0.00000000e+000
0.00000000e+000
0.00000000e+000
0.00000000e+000
0.00000000e+000
0.00000000e+000
1.64001915e-001
4.95559369e-002
5.00972833e-002
-1.58964744e-001
-6.84920704e-001
-6.15821386e-001
4.29468038e-001
-2.05952151e-001
1.74608014e-001
1.07034042e+000
-2.18166406e-001
-2.35200842e-001
-4.20159038e-001
2.11060119e-001
-4.73320889e-001
2.49773311e-003
1.93898406e-001
7.49798521e-003
-1.07722225e-001
-5.17134550e-001
-1.47353581e-001
4.82513406e-001
7.76842511e-003
-1.05574054e-001
0.00000000e+000
0.00000000e+000
0.00000000e+000
0.00000000e+000
0.00000000e+000
0.00000000e+000
0.00000000e+000
0.00000000e+000
0.00000000e+000
0.00000000e+000
0.00000000e+000
0.00000000e+000
0.00000000e+000
0.00000000e+000
0.00000000e+000
0.00000000e+000
0.00000000e+000
0.00000000e+000
0.00000000e+000
0.00000000e+000
0.00000000e+000
0.00000000e+000
0.00000000e+000
0.00000000e+000
0.00000000e+000
0.00000000e+000
0.00000000e+000
0.00000000e+000
0.00000000e+000
0.00000000e+000
0.00000000e+000
0.00000000e+000
0.00000000e+000
0.00000000e+000
0.00000000e+000
8.33737929e-002
-7.31994809e-001
-6.63144453e-001
0.00000000e+000
0.00000000e+000
0.00000000e+000
4.90063244e-001
-5.56047788e-001
-3.87525464e-002
-2.22833214e-001
-5.80061934e-001
3.16915609e-001
2.61838255e-001
2.01048770e-001
-3.26017506e-001
0.00000000e+000
4.27583473e-001
-1.20892282e-001
-8.33242406e-001
1.63662755e-001
7.18633780e-001
4.27332853e-001
2.27945561e-001
-7.09027829e-001
-4.46149274e-001
-6.51439739e-002
-3.51123737e-003
0.00000000e+000
0.00000000e+000
0.00000000e+000
2.62676508e-001
-8.90398941e-001
5.89273940e-002
4.59469888e-001
-8.59550878e-001
1.62798105e-001
1.92405679e-001
9.77322568e-002
2.57957758e-002
0.00000000e+000
3.55666624e-001
-2.89496338e-002
-3.13232096e-003
1.86458828e-001
-2.39509105e-001
4.61386637e-002
5.60356104e-002
-3.74414463e-001
3.90385131e-002
4.49300259e-001
-1.20979529e+000
0.00000000e+000
0.00000000e+000
0.00000000e+000
2.43615105e-001
-5.95913988e-001
-4.06669917e-001
4.39552947e-001
-5.15011671e-001
4.86858656e-001
4.30654195e-001
-3.87755049e-001
-3.16735610e-001
0.00000000e+000
9.53747803e-001
-1.83523911e-001
-6.13195030e-001
3.15984907e-001
-7.01472626e-001
-8.10400991e-002
5.76734979e-002
-5.11434392e-001
-1.61719194e-001
3.36589086e-001
4.04287204e-002
0.00000000e+000
0.00000000e+000
0.00000000e+000
1.34810879e-001
-1.05352163e+000
1.77155640e-001
-1.23137109e-002
-6.07420606e-001
1.06617457e-001
9.34147672e-002
2.74297901e-001
-1.80348144e-001
0.00000000e+000
6.19318692e-002
-4.51750784e-002
-2.21012582e-002
1.94223222e-001
5.01585833e-001
2.32138560e-001
1.21622694e-001
-2.06258294e-001
1.51423151e-001
1.18345472e-001
136
9.03533584e-002
4.77907682e-002
4.16748647e-003
2.02116949e-001
-1.59353203e-003
6.60385094e-002
-2.45683161e-004
-2.25592868e-001
1.87954150e-004
0.00000000e+000
0.00000000e+000
-4.13730282e-001
-2.06315554e-001
-7.97481482e-002
3.79691508e-002
3.02444491e-001
4.49733700e-001
0.00000000e+000
0.00000000e+000
0.00000000e+000
-4.50806131e-002
-1.10048504e-001
2.45482475e-001
0.00000000e+000
0.00000000e+000
0.00000000e+000
0.00000000e+000
0.00000000e+000
1.72795863e-001
-4.62182738e-001
-1.60550365e-001
2.44306262e-001
-1.27211185e-001
1.77713046e-001
2.45482475e-001
0.00000000e+000
0.00000000e+000
0.00000000e+000
0.00000000e+000
0.00000000e+000
0.00000000e+000
0.00000000e+000
0.00000000e+000
0.00000000e+000
0.00000000e+000
0.00000000e+000
2.21306617e-001
-2.61470047e-001
-1.30155277e-002
9.55957645e-002
-5.93054584e-001
3.88052387e-001
-9.81614466e-002
1.88198250e-001
3.84502549e-001
-3.74832369e-001
6.24979148e-002
-5.12435155e-001
4.34960260e-001
-1.72390107e-001
-8.56900816e-001
-4.62182738e-001
2.89890940e-001
0.00000000e+000
0.00000000e+000
0.00000000e+000
0.00000000e+000
0.00000000e+000
0.00000000e+000
0.00000000e+000
0.00000000e+000
0.00000000e+000
0.00000000e+000
0.00000000e+000
0.00000000e+000
0.00000000e+000
0.00000000e+000
0.00000000e+000
0.00000000e+000
0.00000000e+000
0.00000000e+000
0.00000000e+000
0.00000000e+000
0.00000000e+000
0.00000000e+000
0.00000000e+000
4.32470323e-001
-2.70394608e-001
-5.87855912e-001
0.00000000e+000
0.00000000e+000
0.00000000e+000
1.03272932e+000
-2.51724069e+000
2.46077258e-001
5.96827236e-001
-2.51742635e+000
7.54777599e-001
6.25806444e-001
6.08717394e-001
-6.61017062e-001
0.00000000e+000
1.16437250e+000
1.40053751e-001
-1.01063055e+000
4.12173365e-001
8.40842280e-001
9.07934309e-001
6.54687816e-001
-2.02273077e+000
-5.19628713e-001
6.75818940e-001
-1.06991387e+000
0.00000000e+000
0.00000000e+000
0.00000000e+000
4.66809069e-001
-1.99821045e+000
6.49957035e-002
7.98690110e-001
-2.13383332e+000
8.26464595e-001
8.36029948e-001
-6.11538211e-002
-3.36057388e-001
0.00000000e+000
1.19650998e+000
-6.82632809e-004
-9.93248697e-001
7.06859335e-001
-2.13932184e-001
2.42193183e-001
2.95768025e-001
-1.25915309e+000
-6.38820432e-002
5.55919804e-001
2 1
-6.3225e-001 4.5060e-001
4 1
0 1 3 5 
217
7.62749777e-002
-2.37752395e-001
-4.64081583e-001
-2.91902611e-001
-2.97106676e-001
5.47297087e-001
3.29075702e-001
1.40506725e-001
3.56889069e-001
-1.62835069e-001
-2.28115278e-001
-9.67071232e-002
-8.44678382e-002
-1.56050049e-001
-1.30230495e-001
2.72992176e-003
1.76260678e-001
1.60673224e-001
-1.63676296e-003
6.38716476e-002
-6.42456432e-002
3.25862497e-003
1.99544121e-002
1.10077892e-001
-5.15914660e-005
3.27614862e-002
0.00000000e+000
0.00000000e+000
-3.74839177e-002
-7.14592510e-003
3.74992155e-002
-6.13560501e-002
1.44761655e-001
0.00000000e+000
0.00000000e+000
0.00000000e+000
0.00000000e+000
1.30433589e-002
-1.16725197e-001
1.37620358e-002
1.66194780e-001
0.00000000e+000
0.00000000e+000
0.00000000e+000
0.00000000e+000
9.79741905e-002
-1.30234178e-001
-2.69193997e-001
1.05005515e-001
-3.36388326e-001
2.44762842e-001
3.36411641e-001
0.00000000e+000
3.59935877e-001
2.22718569e-002
5.02960006e-002
0.00000000e+000
-3.09693340e-001
-6.32522657e-002
1.66194780e-001
3.77348087e-001
-1.67664490e-001
-1.33408620e-001
2.24540083e-001
-2.43801932e-001
-8.34419334e-001
1.64153485e-001
1.22268291e-001
-6.86166581e-002
3.04603570e-001
5.09298713e-002
-3.31911574e-001
-5.51648745e-001
4.60414120e-001
-8.64577956e-001
-1.03157440e-001
6.56783580e-002
9.33882667e-002
-2.20406849e-002
-9.45913643e-001
8.97975531e-002
8.35645758e-001
-8.48701571e-002
4.06301895e-001
0.00000000e+000
8.21520412e-002
-1.19410519e-001
1.54184624e-001
-4.69849037e-002
-1.26247335e-001
-1.07001739e-001
0.00000000e+000
0.00000000e+000
0.00000000e+000
0.00000000e+000
0.00000000e+000
0.00000000e+000
0.00000000e+000
0.00000000e+000
0.00000000e+000
0.00000000e+000
0.00000000e+000
0.00000000e+000
0.00000000e+000
0.00000000e+000
0.00000000e+000
0.00000000e+000
0.00000000e+000
0.00000000e+000
0.00000000e+000
0.00000000e+000
0.00000000e+000
0.00000000e+000
0.00000000e+000
0.00000000e+000
0.00000000e+000
0.00000000e+000
0.00000000e+000
0.00000000e+000
5.00158101e-001
3.47645520e-001
9.52264914e-002
0.00000000e+000
0.00000000e+000
0.00000000e+000
6.02979410e-001
-1.03556231e+000
-8.98492410e-002
3.90972916e-001
-1.05228721e+000
4.89537168e-001
4.77291154e-001
2.21463237e-001
-4.33474158e-001
0.00000000e+000
9.38731854e-001
-2.06742737e-001
-8.65530153e-001
8.53223606e-002
3.56453664e-001
6.49616712e-001
3.82670908e-001
-9.75232895e-001
-4.46228396e-001
6.05094204e-001
-3.86638699e-001
0.00000000e+000
0.00000000e+000
0.00000000e+000
3.66508178e-001
-1.12525258e+000
4.34332817e-002
1.98119938e-001
-1.14704523e+000
1.54512280e-001
9.26884048e-002
1.80845156e-001
-1.00749242e-001
0.00000000e+000
4.06520208e-001
-1.28677177e-001
-1.64716143e-002
2.01178401e-001
-7.86857302e-002
2.07978155e-001
3.84646407e-001
-5.20540549e-001
1.28886437e-001
3.65466575e-001
-2.66755122e-001
0.00000000e+000
0.00000000e+000
0.00000000e+000
2.87044561e-002
-6.68029514e-001
-1.37965268e-001
5.35182455e-001
-7.88669336e-001
7.75921399e-001
5.17690759e-001
-2.25389358e-001
-7.01396670e-002
0.00000000e+000
6.03966106e-001
1.00770255e-001
-6.86763080e-001
3.49880745e-001
-2.10781323e-001
3.65357757e-003
7.60691239e-002
-6.41026381e-001
-1.60796900e-001
3.30966830e-001
-3.14826048e-001
0.00000000e+000
0.00000000e+000
0.00000000e+000
1.76514515e-001
-8.34609163e-001
1.35878198e-001
7.71772233e-003
-7.82383312e-001
1.98912416e-002
2.97165212e-002
2.26193578e-001
-1.45673980e-001
0.00000000e+000
1.18197492e-001
1.42933377e-002
-1.57160148e-001
2.54684032e-001
4.77311657e-001
1.58580852e-001
4.33596819e-002
-2.29698836e-001
1.37699321e-001
3.46612427e-002
136
-1.55527193e-001
-1.18293872e-002
-3.51670302e-003
-8.74606523e-002
-2.84280977e-004
-6.26105797e-002
-9.64412440e-005
6.37342605e-003
-2.63867713e-004
0.00000000e+000
0.00000000e+000
-1.57332936e-001
-5.77282292e-002
-1.83495726e-002
9.50331562e-004
7.69332126e-002
0.00000000e+000
0.00000000e+000
0.00000000e+000
0.00000000e+000
9.64499490e-002
-9.13628450e-002
-5.64624625e-002
-1.04151835e-001
0.00000000e+000
0.00000000e+000
0.00000000e+000
0.00000000e+000
-1.52306342e-001
-1.57854556e-001
-3.44505818e-001
4.09156252e-001
-4.08408334e-001
4.31655244e-001
3.19805836e-001
-2.54540560e-003
7.46135264e-001
-5.27272724e-001
-2.37596666e-001
1.10335236e-002
9.89178052e-002
-2.37589437e-001
-1.04151835e-001
0.00000000e+000
0.00000000e+000
0.00000000e+000
1.46388524e-001
-2.19805628e-001
2.49220252e-001
9.57631684e-002
-6.60140613e-001
4.17493687e-001
2.84489077e-001
1.31854091e-001
3.10310625e-001
-3.74621237e-001
7.38569077e-002
-7.49803155e-001
1.94080133e-001
-1.54419290e-001
-6.17568032e-001
-5.62105737e-001
-1.79583091e-001
6.30709362e-002
6.18506001e-002
-2.26945354e-001
0.00000000e+000
0.00000000e+000
0.00000000e+000
0.00000000e+000
0.00000000e+000
0.00000000e+000
0.00000000e+000
0.00000000e+000
0.00000000e+000
0.00000000e+000
0.00000000e+000
0.00000000e+000
0.00000000e+000
0.00000000e+000
0.00000000e+000
0.00000000e+000
0.00000000e+000
0.00000000e+000
0.00000000e+000
0.00000000e+000
7.24097950e-001
2.94673712e-001
-4.53246913e-001
0.00000000e+000
0.00000000e+000
0.00000000e+000
1.04273971e+000
-2.11227269e+000
1.65046135e-001
6.41668008e-001
-2.39211708e+000
8.08434818e-001
6.50975199e-001
6.33527634e-001
-5.48326546e-001
0.00000000e+000
1.11061929e+000
7.16624589e-002
-1.04799411e+000
4.46617822e-001
7.99812129e-001
6.92797203e-001
4.00734907e-001
-1.96897372e+000
-5.52032561e-001
7.03834482e-001
-8.08523436e-001
0.00000000e+000
0.00000000e+000
0.00000000e+000
5.01646636e-001
-1.93895813e+000
2.79514618e-003
7.57110628e-001
-1.99051292e+000
8.71047409e-001
8.08647752e-001
-4.27981271e-002
-5.12053755e-001
0.00000000e+000
1.18344826e+000
-1.80400916e-003
-8.86861746e-001
7.19642087e-001
-2.35091122e-001
2.43061780e-001
2.97446429e-001
-1.22376656e+000
-2.72444024e-002
6.65721206e-001
8 1
-6.2033e-001 4.4980e-001
5 1
0 1 3 5 2 
217
-1.21100119e-002
-1.24926268e-001
-3.16332104e-001
7.13306155e-003
-1.77714999e-001
3.12788751e-001
2.11420658e-001
-2.00872319e-002
1.31254842e-001
-5.54281845e-002
-6.55878001e-002
-4.12619934e-002
-1.11482712e-001
1.11515026e-001
-1.89180049e-001
2.13189722e-003
1.85434823e-001
-1.69826318e-003
-1.45476947e-003
1.19679000e-001
4.93216963e-002
-2.61638025e-004
-5.11392907e-002
1.29446604e-001
4.64900414e-004
-1.15212074e-001
0.00000000e+000
0.00000000e+000
-6.51353626e-002
-3.80080135e-002
8.07435729e-002
-7.61412346e-002
8.64310258e-002
0.00000000e+000
0.00000000e+000
0.00000000e+000
0.00000000e+000
-2.71773643e-002
-3.67948318e-001
3.36212368e-002
1.73809759e-001
1.75584674e-001
0.00000000e+000
0.00000000e+000
0.00000000e+000
-3.83377885e-001
-1.00053781e-001
-7.31962518e-002
1.15275297e-002
-6.16704122e-001
5.90252619e-001
4.25116096e-001
0.00000000e+000
7.26232319e-001
-1.51664109e-001
6.87697222e-002
0.00000000e+000
-1.74069930e-001
-2.67720618e-001
8.04335522e-002
-7.52088772e-002
-2.90717097e-001
3.53815962e-001
1.81265170e-001
-2.46578683e-001
-9.94331149e-001
5.83404186e-002
2.42017807e-001
-5.13691775e-003
2.24049710e-001
-5.99319143e-002
-5.24115328e-001
-5.99351460e-001
5.42686276e-001
-6.58041766e-001
2.92509545e-002
2.63303188e-001
8.01959184e-002
-3.24851109e-002
-8.07893349e-001
1.30625810e-001
6.51213000e-001
-1.90446630e-001
1.68337308e-001
0.00000000e+000
-1.46386680e-001
-2.70822542e-001
1.77341973e-001
-1.44169818e-001
-4.30161907e-002
-1.62607132e-001
0.00000000e+000
-2.23416436e-001
-2.58118998e-001
1.86412262e-002
-2.75149600e-001
1.92665198e-001
-4.28713425e-002
0.00000000e+000
0.00000000e+000
0.00000000e+000
0.00000000e+000
0.00000000e+000
0.00000000e+000
0.00000000e+000
0.00000000e+000
0.00000000e+000
0.00000000e+000
0.00000000e+000
0.00000000e+000
0.00000000e+000
0.00000000e+000
0.00000000e+000
0.00000000e+000
0.00000000e+000
0.00000000e+000
0.00000000e+000
0.00000000e+000
0.00000000e+000
4.85703338e-001
4.02401639e-001
3.01832169e-002
0.00000000e+000
0.00000000e+000
0.00000000e+000
7.29987347e-001
-1.07516672e+000
-2.49166104e-001
4.00520347e-001
-9.89468624e-001
4.62177617e-001
5.44160431e-001
2.48230689e-001
-3.54536402e-001
0.00000000e+000
9.63842823e-001
-6.94233350e-002
-8.26866235e-001
1.91304894e-001
3.11907132e-002
5.27498089e-001
3.95457358e-001
-9.62265978e-001
-5.38254071e-001
6.00960372e-001
-3.53138831e-001
0.00000000e+000
0.00000000e+000
0.00000000e+000
3.74659254e-001
-1.10952198e+000
2.90659567e-001
1.65286263e-001
-9.69949332e-001
1.47944914e-001
-2.01608850e-002
2.35831991e-001
-2.53875769e-001
0.00000000e+000
3.56322628e-001
-3.30257935e-001
-5.96233435e-002
1.99907332e-001
1.43233339e-001
1.33358729e-001
2.38801683e-001
-4.50106084e-001
1.98753710e-001
3.55597091e-001
-3.14548936e-001
0.00000000e+000
0.00000000e+000
0.00000000e+000
1.42908815e-001
-7.29221633e-001
-9.01524049e-002
5.38285830e-001
-7.58001045e-001
5.57919752e-001
4.76279239e-001
-8.75830599e-002
-3.13424118e-001
0.00000000e+000
7.37758519e-001
2.48651661e-001
-5.73719615e-001
1.92625176e-001
-1.26133982e-001
-2.55812380e-002
-6.31457438e-002
-6.50430525e-001
-9.96177037e-002
3.08033141e-001
-2.72891619e-001
0.00000000e+000
0.00000000e+000
0.00000000e+000
1.22627782e-001
-8.42383915e-001
-9.71076410e-005
-4.93006105e-002
-7.43097767e-001
1.69000798e-001
6.56264033e-002
1.84745477e-001
-2.69692367e-002
0.00000000e+000
9.78510651e-002
-5.30251708e-002
-1.38079647e-001
3.36565851e-001
4.82920192e-001
2.21861082e-001
1.09990185e-001
-2.37122082e-001
5.27701368e-003
2.07180685e-002
136
-1.21401060e-001
-1.21119482e-002
-4.80008177e-003
-9.44524539e-002
1.30149932e-004
-4.22720527e-002
-2.34582626e-004
2.74353946e-002
-2.17061601e-004
0.00000000e+000
0.00000000e+000
-1.12375800e-001
-3.25568909e-002
7.32877518e-003
-1.86808364e-002
3.48836923e-002
0.00000000e+000
0.00000000e+000
0.00000000e+000
0.00000000e+000
2.01776303e-001
-1.19039442e-001
-7.43240955e-002
-4.36323109e-002
-8.61815156e-002
0.00000000e+000
0.00000000e+000
0.00000000e+000
-1.21478788e-001
-2.01244123e-001
-3.33554072e-001
4.57160371e-001
-2.10850128e-001
4.38883962e-001
2.47130567e-001
-1.00059772e-001
7.27525865e-001
-4.61603500e-001
-2.40298441e-001
7.93259091e-002
5.23390665e-002
-2.37560529e-001
-2.17117448e-001
0.00000000e+000
0.00000000e+000
0.00000000e+000
1.66262045e-001
-1.91359727e-001
2.59624321e-001
9.87768020e-002
-5.68057171e-001
4.33853678e-001
4.50108846e-001
1.57088502e-001
3.32386149e-001
-3.74815053e-001
5.49299397e-002
-7.85642771e-001
1.75409675e-001
-1.53849307e-001
-6.02308582e-001
-6.05608878e-001
-2.78816641e-001
2.66931886e-002
5.42071106e-002
-2.55827090e-001
0.00000000e+000
-1.39242616e-001
6.76948088e-002
7.43186027e-002
-2.36324855e-001
0.00000000e+000
0.00000000e+000
0.00000000e+000
0.00000000e+000
0.00000000e+000
0.00000000e+000
0.00000000e+000
0.00000000e+000
0.00000000e+000
0.00000000e+000
0.00000000e+000
0.00000000e+000
0.00000000e+000
0.00000000e+000
0.00000000e+000
7.15951124e-001
2.77243723e-001
-4.68680126e-001
0.00000000e+000
0.00000000e+000
0.00000000e+000
1.04407361e+000
-2.09482943e+000
1.33888964e-001
6.41693710e-001
-2.46571609e+000
7.58825121e-001
6.36297490e-001
6.50124893e-001
-4.96254308e-001
0.00000000e+000
1.14173941e+000
1.04259058e-001
-1.03318182e+000
4.48545698e-001
8.24027018e-001
6.77253360e-001
4.39965654e-001
-1.99835982e+000
-5.70974399e-001
6.89941762e-001
-8.08090333e-001
0.00000000e+000
0.00000000e+000
0.00000000e+000
5.11485381e-001
-1.98282401e+000
1.08601581e-002
7.88898740e-001
-2.04395812e+000
9.11287638e-001
8.23783775e-001
-3.53769003e-002
-5.75798501e-001
0.00000000e+000
1.19328104e+000
-1.74334769e-002
-9.07748009e-001
7.71869429e-001
-2.71228531e-001
2.52969351e-001
3.18440594e-001
-1.20724625e+000
-3.00910737e-002
6.80738435e-001
20 2
-6.6785e-001 4.4858e-001
6 5
0 1 3 5 2 8 
217
-1.54464056e-001
-1.33236692e-002
1.83192202e-001
-1.73848471e-001
-2.21633838e-002
3.07730509e-002
-1.18683576e-001
8.27883605e-002
-2.52101364e-002
3.36173498e-001
1.69668387e-001
-7.66254228e-002
-1.58075347e-001
-1.93848667e-001
-2.45101437e-002
-3.92420935e-004
-3.98164548e-002
-7.19697128e-002
1.98734231e-003
-8.72908237e-003
2.81328982e-001
-1.18003220e-003
-1.51813540e-001
-3.39313181e-001
9.18014160e-004
8.72198219e-002
0.00000000e+000
0.00000000e+000
-3.68074221e-001
-1.85656949e-001
-2.02985605e-002
-1.52679021e-002
2.11585181e-001
2.23248396e-001
0.00000000e+000
0.00000000e+000
0.00000000e+000
-9.25465051e-002
-3.13259361e-001
-1.92360875e-001
-1.01380155e-001
9.33108753e-002
4.51771965e-001
0.00000000e+000
0.00000000e+000
-5.34989037e-001
1.25902645e-001
7.06879939e-002
-2.77224506e-001
-7.46443660e-001
2.64893003e-001
6.03931871e-001
-3.25902608e-001
5.81666214e-001
-2.07680327e-001
3.15992085e-002
-2.61855741e-002
5.51902570e-001
-2.04067351e-001
-6.25544995e-002
-1.33079020e-001
-4.07680291e-001
3.86295255e-001
-3.77451588e-002
-6.12519559e-001
-9.62201542e-001
4.20187785e-001
2.58830203e-001
7.56128771e-002
9.52504839e-001
-2.74457309e-001
-5.02719291e-001
-4.95944437e-001
3.75046761e-001
-4.16452683e-001
2.47665783e-001
2.99664865e-001
9.26681319e-003
-2.67982724e-001
-5.55089956e-001
-5.87717100e-002
4.42041322e-001
1.63023565e-001
1.42929661e-001
0.00000000e+000
-5.13008474e-001
-4.67043366e-001
3.33148440e-001
-9.15454680e-001
5.62919397e-003
-1.45354296e-001
-8.36037319e-002
-1.21283262e-001
-3.16709407e-001
2.17869860e-001
-2.51346547e-002
-1.67446922e-001
-7.55630844e-002
-4.53254002e-002
2.73092852e-002
-8.04884884e-002
5.72134593e-002
-8.14624563e-002
-1.93661400e-001
-1.12570924e-001
0.00000000e+000
0.00000000e+000
0.00000000e+000
0.00000000e+000
0.00000000e+000
0.00000000e+000
0.00000000e+000
0.00000000e+000
0.00000000e+000
0.00000000e+000
0.00000000e+000
0.00000000e+000
0.00000000e+000
0.00000000e+000
-4.16543711e-002
-5.95490949e-001
-7.52843178e-001
0.00000000e+000
0.00000000e+000
0.00000000e+000
5.68928163e-001
-7.34927359e-001
-2.71366076e-001
3.51040890e-001
-6.87752115e-001
3.32785888e-001
2.01072810e-001
1.32110946e-001
-3.67763167e-001
0.00000000e+000
7.02791128e-001
-2.26854084e-001
-6.58010974e-001
3.49927797e-001
4.72647775e-001
1.87225009e-001
-6.21079751e-002
-7.89546729e-001
-3.70857286e-001
1.17812179e-001
-9.78359835e-003
0.00000000e+000
0.00000000e+000
0.00000000e+000
3.39006793e-001
-1.08316369e+000
1.55474256e-001
2.07796078e-001
-1.05059561e+000
1.28708697e-001
1.51998123e-001
1.53739571e-001
-4.10893114e-002
0.00000000e+000
3.45444061e-001
-1.04988482e-001
-1.23203745e-001
9.31349562e-002
-1.58380335e-001
3.72616639e-001
4.58293683e-001
-4.21652160e-001
9.09874970e-002
4.76089382e-001
-1.15702575e+000
0.00000000e+000
0.00000000e+000
0.00000000e+000
3.46404379e-001
-6.77522956e-001
-4.49634124e-001
2.30411128e-001
-6.14165744e-001
5.27477776e-001
1.56046451e-001
-2.99508259e-001
-3.72370037e-001
0.00000000e+000
8.28130896e-001
-1.31140858e-001
-6.54990752e-001
4.01695888e-001
6.40196534e-002
-2.23277416e-002
-6.47662945e-002
-4.77727803e-001
-1.26614051e-001
1.79556697e-001
3.49246162e-002
0.00000000e+000
0.00000000e+000
0.00000000e+000
8.47459175e-002
-1.15975533e+000
2.16460504e-001
5.78374490e-002
-5.71399032e-001
7.35440433e-002
2.42604658e-001
2.12340967e-001
-1.52033152e-001
0.00000000e+000
1.31623444e-001
-2.23915655e-002
-4.99033033e-002
1.66086756e-001
2.65639869e-001
2.30603136e-001
1.47471359e-001
-1.60937819e-001
1.38484097e-001
1.83902622e-001
136
1.99308296e-001
6.55677434e-002
4.70394513e-003
1.56903583e-001
-5.78614519e-004
1.43695434e-001
-1.39904860e-003
-1.66858464e-001
4.03568136e-004
0.00000000e+000
0.00000000e+000
-2.25647603e-001
-2.29117167e-002
3.17253591e-002
-1.02558858e-001
1.12991902e-001
4.05709212e-001
0.00000000e+000
0.00000000e+000
0.00000000e+000
1.70749576e-001
-1.01025516e-001
-5.81592008e-002
6.93498053e-002
1.04248587e-001
1.41450448e-002
0.00000000e+000
0.00000000e+000
-1.54023571e-001
-4.14054141e-002
-1.19560333e-001
1.06066360e-001
-2.60703485e-001
4.01964371e-001
4.23540115e-001
-1.76568819e-001
5.76334277e-001
-3.32432836e-001
-7.36761144e-002
-2.36445382e-002
4.93851839e-001
-2.81146184e-001
-3.39287371e-001
0.00000000e+000
0.00000000e+000
0.00000000e+000
1.69958505e-002
-3.64162911e-001
1.28720304e-001
7.70100952e-002
-5.91687759e-001
2.74454583e-001
2.86857480e-001
9.21688274e-002
2.66124720e-001
-3.57487921e-001
3.22771790e-002
-3.53609990e-001
3.82791426e-001
-1.03248001e-001
-5.99630091e-001
-5.39399205e-001
-2.65458386e-001
8.28719788e-002
3.63196341e-002
-3.77044528e-001
1.95124845e-001
-5.37227667e-002
1.39051081e-002
8.71653947e-002
-2.92409527e-001
1.92486023e-001
-6.44619235e-002
-1.07976657e-001
1.00571646e-001
-4.79138702e-003
0.00000000e+000
0.00000000e+000
0.00000000e+000
0.00000000e+000
0.00000000e+000
0.00000000e+000
0.00000000e+000
0.00000000e+000
0.00000000e+000
0.00000000e+000
4.11625784e-001
-2.86643079e-001
-5.86617757e-001
0.00000000e+000
0.00000000e+000
0.00000000e+000
1.04420341e+000
-2.44180705e+000
2.28096983e-001
6.74894133e-001
-2.49528888e+000
7.66729050e-001
6.53493846e-001
6.06212124e-001
-5.39076050e-001
0.00000000e+000
1.14898796e+000
9.48933676e-002
-1.01428653e+000
4.22205872e-001
8.04047788e-001
7.89579233e-001
5.11603606e-001
-1.97675524e+000
-5.48922410e-001
6.84571031e-001
-1.05449017e+000
0.00000000e+000
0.00000000e+000
0.00000000e+000
4.94869303e-001
-2.06954983e+000
2.09231398e-002
7.73458108e-001
-2.07792645e+000
8.47219426e-001
8.35835891e-001
-3.22834225e-002
-4.28740427e-001
0.00000000e+000
1.16252311e+000
-3.96620175e-002
-9.44397255e-001
7.19301502e-001
-2.16700611e-001
2.67991868e-001
3.29122665e-001
-1.26675975e+000
-3.31120321e-002
6.03396610e-001
17 2
-7.7911e-001 4.7015e-001
7 5
0 1 3 5 2 8 20 
217
-9.72964414e-002
1.05006493e-001
8.02479985e-002
-1.00154229e-001
-4.09092879e-003
-6.49437609e-002
-1.35919273e-001
9.14980872e-002
1.52405987e-002
2.54112878e-001
2.13579191e-001
-2.79640496e-001
-1.86106030e-001
-1.77097756e-001
1.16002801e-002
-2.36648238e-004
1.30103198e-002
1.09926843e-001
1.30387277e-003
-2.08719953e-001
1.66683706e-001
2.11888775e-003
-2.72043166e-001
-3.85507270e-001
6.85527898e-004
8.25571296e-002
0.00000000e+000
0.00000000e+000
-2.38175729e-001
-9.29286766e-002
-4.68154054e-002
-5.33805008e-002
1.24985742e-001
2.09018129e-001
0.00000000e+000
0.00000000e+000
0.00000000e+000
-1.84845733e-002
-2.69666216e-001
-1.31384500e-001
-7.46749246e-002
-4.57333660e-002
8.33492837e-002
3.59297855e-001
0.00000000e+000
-3.74412805e-001
6.88219837e-002
2.85397963e-002
-3.23065670e-001
-4.73841700e-001
2.29473221e-001
4.46104202e-001
-1.80603725e-001
3.75679433e-001
-1.74713339e-001
4.05438187e-002
-2.44442717e-001
6.19047820e-001
-1.36764552e-001
2.33779253e-003
2.73583944e-002
-2.86495080e-001
1.61840244e-001
-8.62353957e-002
-6.75059403e-001
-8.59659419e-001
4.73196993e-001
2.90570351e-001
1.90801365e-001
8.73675024e-001
-1.52056567e-001
-4.49582798e-001
-4.96438888e-001
2.46518878e-001
-3.57140823e-001
2.57824046e-001
2.24850554e-001
3.25018836e-002
-2.48646721e-001
-6.05198728e-001
3.23546254e-002
4.00893402e-001
8.64937705e-002
9.21817276e-002
0.00000000e+000
-4.25286912e-001
-5.53940033e-001
2.74295359e-001
-8.29401341e-001
2.67891717e-002
-1.81029761e-001
-1.18842396e-002
-1.25050504e-001
-3.81708933e-001
2.43687721e-002
7.72482968e-002
1.52695302e-002
7.37363537e-002
-1.67076174e-002
1.64941523e-001
-2.49886359e-002
-3.44056939e-002
1.51758579e-001
-2.11124653e-001
-1.66257455e-001
0.00000000e+000
-2.50757931e-001
-1.55184179e-001
2.21617031e-001
-5.85581000e-001
-6.81555413e-002
-6.40097689e-002
0.00000000e+000
0.00000000e+000
0.00000000e+000
0.00000000e+000
0.00000000e+000
0.00000000e+000
0.00000000e+000
1.01933873e-003
-5.27641492e-001
-6.01657516e-001
0.00000000e+000
0.00000000e+000
0.00000000e+000
6.76313052e-001
-7.34208777e-001
-2.07224656e-001
1.40019716e-001
-6.45734618e-001
4.55763353e-001
2.36287904e-001
8.41540965e-002
-3.85781048e-001
0.00000000e+000
5.69130609e-001
-1.19850195e-001
-6.33552719e-001
3.60803004e-002
4.59197941e-001
4.36118017e-001
-6.82654045e-002
-7.73594616e-001
-4.31892944e-001
3.05382470e-001
-7.86124094e-002
0.00000000e+000
0.00000000e+000
0.00000000e+000
2.84107370e-001
-1.10605583e+000
5.61501705e-002
2.56454607e-001
-9.21407630e-001
1.21570828e-001
1.39315155e-001
1.64065367e-001
-4.72811605e-002
0.00000000e+000
3.93191636e-001
-1.14970350e-001
-1.51424524e-001
2.61681900e-001
-1.27660622e-001
2.37087886e-001
4.22607390e-001
-4.40698104e-001
1.05322202e-001
3.89331300e-001
-1.11004092e+000
0.00000000e+000
0.00000000e+000
0.00000000e+000
1.53597792e-001
-7.66909011e-001
-4.30539089e-001
9.36164288e-002
-5.44506673e-001
4.90514903e-001
3.88220387e-001
-3.04946556e-001
-3.45975679e-001
0.00000000e+000
7.71968288e-001
-9.49112032e-002
-5.90870962e-001
2.87025968e-001
9.29496128e-002
1.81058416e-002
-1.42560037e-001
-4.15554590e-001
-1.36163560e-001
3.66897215e-001
7.41136134e-003
0.00000000e+000
0.00000000e+000
0.00000000e+000
1.77008045e-001
-1.12068297e+000
2.30497172e-001
1.53768405e-001
-5.96128387e-001
6.84828034e-002
1.15658921e-001
1.91641359e-001
-1.31268216e-001
0.00000000e+000
1.75004111e-001
-1.05005277e-001
-4.77176105e-002
2.26104544e-001
2.29929040e-001
2.26154584e-001
2.02837007e-001
-1.98614125e-001
1.11363494e-001
9.83784607e-002
136
1.75765671e-001
-3.23494396e-003
2.60910123e-003
1.28346319e-001
-3.36829362e-004
1.67324337e-001
-2.12896999e-003
-1.16670041e-001
2.94805188e-004
0.00000000e+000
0.00000000e+000
-2.01855619e-001
-3.66522479e-002
3.52495832e-002
-9.65815992e-002
1.00693064e-001
3.74912490e-001
0.00000000e+000
0.00000000e+000
0.00000000e+000
1.22966072e-001
-7.13736613e-002
-1.09946675e-002
7.69358091e-002
9.66284830e-002
-2.13734388e-002
-1.70229257e-002
0.00000000e+000
-8.03952460e-002
-3.77383099e-002
-1.60111132e-001
8.94865051e-002
-2.06803571e-001
3.52145319e-001
3.57760513e-001
-1.44301427e-001
5.03829815e-001
-3.08979674e-001
-4.75862125e-002
-3.88167683e-002
3.82358613e-001
-2.31902772e-001
-2.53179980e-001
0.00000000e+000
0.00000000e+000
0.00000000e+000
3.10925998e-002
-3.51199728e-001
1.48245691e-001
5.83414279e-002
-6.21186576e-001
2.83560884e-001
2.21797036e-001
6.72685183e-002
2.32693136e-001
-3.39230304e-001
3.63670973e-002
-3.11649285e-001
3.73922521e-001
-9.92951221e-002
-5.49006024e-001
-4.76242656e-001
-3.99966666e-001
1.87669124e-002
9.26663966e-003
-3.42421251e-001
1.91118665e-001
-8.03920000e-002
1.80862217e-002
7.01205371e-002
-2.13045753e-001
1.47577058e-001
-2.31441447e-002
-1.52576414e-001
1.07828729e-001
1.68046761e-002
0.00000000e+000
2.68365567e-001
3.88084407e-002
1.14106942e-001
-3.10419559e-002
0.00000000e+000
0.00000000e+000
0.00000000e+000
0.00000000e+000
0.00000000e+000
3.88828592e-001
-3.30528278e-001
-5.81130657e-001
0.00000000e+000
0.00000000e+000
0.00000000e+000
1.04787824e+000
-2.40758646e+000
2.42309569e-001
6.87168445e-001
-2.47203229e+000
7.23779877e-001
6.56331634e-001
5.98100790e-001
-5.34418488e-001
0.00000000e+000
1.15128852e+000
6.62926373e-002
-1.00947664e+000
4.65944895e-001
7.72359276e-001
7.60007965e-001
4.78145271e-001
-1.97417005e+000
-5.35399355e-001
7.02345504e-001
-1.06275083e+000
0.00000000e+000
0.00000000e+000
0.00000000e+000
4.85743752e-001
-2.00415008e+000
2.34914465e-002
7.70456024e-001
-2.05047502e+000
7.88545472e-001
8.18621584e-001
-1.64319537e-002
-3.91733824e-001
0.00000000e+000
1.14954049e+000
-3.91194244e-002
-9.43080847e-001
7.01345079e-001
-2.04359331e-001
2.64412564e-001
2.81507867e-001
-1.27318486e+000
-1.27380745e-002
5.88858301e-001
7 1
-7.5610e-001 4.7865e-001
8 0
0 1 3 5 2 8 20 17 
217
-1.02497149e-001
-1.80747452e-001
2.36081387e-001
-2.07673089e-001
4.11785263e-002
-9.86100698e-002
-1.00164229e-001
-6.78280456e-002
-1.45405534e-001
4.48848374e-002
-2.43875276e-002
8.87643898e-002
1.26281615e-001
7.90992097e-003
-4.19347023e-003
-6.93356186e-003
1.83982162e-001
-1.29073447e-001
-3.35874126e-003
1.25330827e-001
-1.12597106e-001
3.50996830e-003
-1.87061043e-001
1.43366874e-001
7.82521814e-004
-1.06142335e-001
0.00000000e+000
0.00000000e+000
0.00000000e+000
-3.30121660e-001
-1.09306666e-001
6.94054196e-002
1.33483799e-001
1.34041958e-001
0.00000000e+000
0.00000000e+000
0.00000000e+000
-1.27285675e-001
-1.08241351e-001
-1.65939703e-001
1.88900752e-002
1.32085945e-001
-5.46864832e-002
2.02680042e-001
0.00000000e+000
-3.49066585e-001
-1.34298203e-002
8.89280977e-003
3.98719773e-003
-4.79404513e-001
1.87287637e-001
3.51130354e-001
-1.30286051e-001
2.64471375e-001
-1.77408030e-001
1.15552355e-001
0.00000000e+000
3.27109830e-001
-7.48704015e-002
-6.30049387e-002
5.95754997e-003
-3.21123901e-001
2.12669201e-001
-2.85225338e-002
-2.49655303e-001
-5.74459594e-001
1.56618772e-001
4.80398554e-001
1.90619160e-002
1.36152081e-001
-4.62262668e-002
-3.90420848e-001
-3.31661726e-001
3.77109585e-001
-2.66952062e-001
-4.29596192e-002
2.18122085e-001
0.00000000e+000
-2.87319095e-001
-4.88980556e-001
6.53130138e-002
1.86884736e-001
1.13463783e-001
8.27221506e-002
-2.41839547e-002
-2.66418964e-001
-2.54896205e-001
2.31966230e-001
-6.50235475e-001
-4.38604607e-002
2.48169505e-001
-8.92118859e-002
-4.69087417e-002
-2.03811817e-001
-1.14993178e-001
1.28734558e-001
1.48616656e-001
-1.95932417e-002
-6.01908896e-002
-1.15698111e-001
-5.92201066e-003
5.00539253e-002
-1.10026774e-001
2.33379254e-002
2.78752762e-003
0.00000000e+000
-1.85230007e-001
1.55246560e-002
2.22416756e-001
-2.66253456e-001
-1.13337984e-001
-5.59700533e-002
0.00000000e+000
-7.57858491e-002
-2.29755815e-001
1.06147566e-001
-4.08167077e-002
-1.06512951e-001
2.77753513e-002
3.34271300e-002
-7.01697037e-001
-7.78572584e-001
0.00000000e+000
0.00000000e+000
0.00000000e+000
3.12087525e-001
-7.50760618e-001
-8.86663957e-002
2.70813056e-001
-7.48043626e-001
2.19631156e-001
1.70615753e-001
4.54669181e-002
-3.22094966e-001
0.00000000e+000
6.42146803e-001
8.33462776e-002
-5.58523272e-001
1.38644259e-001
1.76537840e-001
1.42986599e-001
1.10545372e-001
-6.56078068e-001
-2.67316332e-001
3.00089135e-001
2.21253090e-002
0.00000000e+000
0.00000000e+000
0.00000000e+000
4.09515491e-001
-1.02793858e+000
5.18139367e-002
3.08057184e-001
-9.25192315e-001
2.53388551e-001
2.50236090e-001
1.42541572e-001
-8.75429087e-002
0.00000000e+000
3.46829537e-001
1.23689967e-001
-1.99436475e-001
2.60909948e-001
-1.97264824e-002
2.78012465e-001
1.86197526e-001
-6.95154461e-001
2.83518889e-002
3.37572375e-001
-7.17325167e-001
0.00000000e+000
0.00000000e+000
0.00000000e+000
-1.10825283e-001
-6.80817779e-001
-1.07530931e-001
1.60450104e-001
-5.76812880e-001
5.63300056e-001
3.70620674e-001
4.91112048e-002
-2.21984309e-001
0.00000000e+000
1.79981697e-001
-3.61655912e-002
-5.38201628e-001
3.16991296e-001
5.52361358e-001
1.36703883e-001
-2.40081630e-002
-5.58322477e-001
-7.31034501e-002
-1.19072949e-001
-2.12197841e-001
0.00000000e+000
0.00000000e+000
0.00000000e+000
2.57830308e-001
-9.33569983e-001
2.74721630e-001
2.39522913e-001
-7.21340605e-001
4.90275592e-001
2.95495037e-001
3.43962865e-002
-9.81877588e-002
0.00000000e+000
3.74886044e-001
-1.24780472e-001
-4.16147965e-001
1.99161763e-001
1.99187713e-003
7.54799799e-002
1.42997424e-001
-5.40903597e-001
-1.54576901e-002
2.51431375e-001
136
1.72190793e-001
-9.41479678e-002
5.17879927e-003
1.70312483e-001
-2.47444424e-003
-5.35171003e-002
1.24285289e-003
1.49543379e-001
3.33713029e-004
0.00000000e+000
0.00000000e+000
0.00000000e+000
-4.34992288e-002
9.06777663e-002
-6.57790530e-002
-1.04437360e-002
2.01235045e-001
0.00000000e+000
0.00000000e+000
0.00000000e+000
4.12491402e-002
-4.40748235e-002
-3.35935277e-002
1.23316204e-001
1.33693445e-001
-5.19016262e-002
3.50198150e-003
0.00000000e+000
-4.73432832e-002
-5.28588358e-002
-6.73463777e-002
-1.29647730e-001
-1.90012582e-001
3.12741287e-001
4.59499793e-001
-1.30875053e-001
4.41186813e-001
-2.76877231e-001
-1.40302584e-002
-9.70974019e-002
4.14216814e-001
-2.51917179e-001
-1.97447982e-001
0.00000000e+000
0.00000000e+000
0.00000000e+000
-7.95237582e-002
-5.47008385e-001
1.20185998e-001
-2.35711089e-002
-5.91258807e-001
1.71924937e-001
8.85026398e-002
1.76602428e-001
1.29717584e-001
-3.43635941e-001
6.32850327e-002
-2.11429260e-001
2.92003385e-001
-3.09969091e-002
-3.65842030e-001
-3.82524352e-001
-2.43161023e-001
1.26848867e-001
2.30288598e-002
-4.98656345e-001
1.92207586e-001
-3.25713677e-002
-6.44162937e-002
5.37978339e-002
-2.36841646e-001
1.76474999e-001
7.88111663e-003
-2.78507770e-001
1.08253705e-001
4.25522445e-003
7.71052878e-002
1.91355407e-001
-2.20515062e-002
1.41281973e-001
-1.69042424e-001
7.80232169e-002
1.54843767e-001
-2.53221692e-002
9.18640908e-002
-9.20371662e-002
2.22175390e-001
-7.04290107e-001
-6.50179451e-001
0.00000000e+000
0.00000000e+000
0.00000000e+000
1.02046436e+000
-2.43082062e+000
2.28911139e-001
5.99933712e-001
-2.34843435e+000
6.35094299e-001
6.09754270e-001
6.21949324e-001
-4.84081426e-001
0.00000000e+000
1.10983764e+000
5.75744744e-004
-1.06015852e+000
4.26559146e-001
8.06840842e-001
8.63562626e-001
6.00583630e-001
-1.92856012e+000
-5.50989147e-001
6.28798000e-001
-1.13293082e+000
0.00000000e+000
0.00000000e+000
0.00000000e+000
5.11749738e-001
-2.06626350e+000
-1.32177983e-002
7.32026413e-001
-2.03240366e+000
6.05915785e-001
7.94274048e-001
-1.61030793e-002
-4.02817385e-001
0.00000000e+000
1.20343981e+000
-4.93747046e-002
-9.11977536e-001
7.19769547e-001
-2.47262298e-001
3.35332659e-001
3.15346977e-001
-1.20621367e+000
-1.62174076e-002
6.11065238e-001
