0 1 -999999999 -1 -1
1 1 0 -1 -1
0.3169 -0.4174
356
8.54135867e-001
8.54135867e-001
0.00000000e+000
6.62658075e-001
-1.35577165e-001
-7.46336460e-001
5.34883700e-001
-1.97416424e-001
2.84506636e-002
1.16753128e-001
-7.83871031e-001
-3.73314249e-001
-2.36931532e-001
3.50157617e-001
3.39489109e-001
-2.69886518e-002
0.00000000e+000
0.00000000e+000
0.00000000e+000
0.00000000e+000
0.00000000e+000
0.00000000e+000
0.00000000e+000
0.00000000e+000
0.00000000e+000
0.00000000e+000
0.00000000e+000
0.00000000e+000
0.00000000e+000
0.00000000e+000
0.00000000e+000
0.00000000e+000
0.00000000e+000
0.00000000e+000
0.00000000e+000
0.00000000e+000
0.00000000e+000
0.00000000e+000
0.00000000e+000
0.00000000e+000
0.00000000e+000
0.00000000e+000
0.00000000e+000
0.00000000e+000
0.00000000e+000
0.00000000e+000
0.00000000e+000
0.00000000e+000
0.00000000e+000
0.00000000e+000
0.00000000e+000
-6.98389577e-001
-9.04618066e-001
-8.40046118e-001
0.00000000e+000
0.00000000e+000
0.00000000e+000
0.00000000e+000
9.94890490e-002
1.52274586e-001
3.58813685e-001
3.18402950e-001
7.22234238e-001
-3.09960571e-001
3.11203451e-001
-1.12929544e+000
-6.37604557e-001
-5.25600678e-001
0.00000000e+000
0.00000000e+000
0.00000000e+000
3.94279193e-003
-1.87684510e-004
-2.87407041e-001
5.66504989e-001
-2.54163219e-003
-5.64368977e-001
2.79994000e-001
-5.76757797e-004
-4.68099316e-001
0.00000000e+000
0.00000000e+000
1.74898445e-001
-2.51547972e-002
3.22365805e-001
-2.16791833e-002
1.80578848e-001
2.23126750e-001
0.00000000e+000
0.00000000e+000
-3.80480059e-001
-1.55141086e-001
-1.36086490e+000
-7.11196597e-001
-1.36728610e-001
-2.89782377e-001
5.26022965e-002
-4.74604154e-002
1.79136139e-001
2.43075888e-002
2.49740435e-001
1.22280064e-001
0.00000000e+000
0.00000000e+000
1.52943503e+000
1.23551172e+000
0.00000000e+000
0.00000000e+000
0.00000000e+000
0.00000000e+000
0.00000000e+000
0.00000000e+000
3.37787394e-001
6.03537697e-001
4.93973364e-001
1.12554362e-001
-3.39242576e-001
-1.88390941e+000
0.00000000e+000
0.00000000e+000
0.00000000e+000
0.00000000e+000
0.00000000e+000
0.00000000e+000
1.52858091e+000
-7.67747188e-005
-2.17828709e-002
-2.17005292e-001
-6.09603159e-001
-1.05701336e+000
1.02052249e+000
9.64461877e-001
8.51831360e-001
8.44235550e-001
8.31114323e-001
7.43784403e-001
2.14605012e-001
3.43508022e-001
1.62533754e-001
2.46859643e-001
2.00607297e-001
-3.52565245e-001
2.24437442e-001
2.46303142e-001
6.55345593e-002
1.58833387e-001
1.76966266e-001
-2.37818380e-001
0.00000000e+000
0.00000000e+000
0.00000000e+000
0.00000000e+000
0.00000000e+000
0.00000000e+000
0.00000000e+000
0.00000000e+000
8.58611169e-001
7.68937108e-002
0.00000000e+000
2.11384361e-001
-2.13481983e-001
-7.88350271e-002
-4.65028405e-001
-5.13925182e-001
-6.78510388e-001
0.00000000e+000
0.00000000e+000
0.00000000e+000
3.03615332e-001
5.32419388e-001
2.45433605e-001
1.79224219e-001
-2.64117337e-001
9.67820373e-001
4.40469046e-001
-1.63739980e-001
-2.74522223e-001
0.00000000e+000
8.26668795e-001
-4.55518826e-001
-1.05392626e+000
1.89437790e-001
-1.68301017e+000
1.20120918e-001
1.21699454e-001
-8.42274601e-001
-1.98593261e-001
3.30283344e-001
5.28170403e-001
0.00000000e+000
0.00000000e+000
0.00000000e+000
8.21525191e-002
-2.46819145e-001
-2.86682575e-002
1.11517831e-001
9.00392974e-002
-1.72460795e-001
-2.59753704e-002
8.05357109e-003
2.06187219e-001
0.00000000e+000
-2.13044842e-001
9.39221899e-002
1.67354761e-001
1.24948326e-001
-1.79470991e-002
1.41711024e-001
1.04537544e-001
1.28117225e-001
1.27990220e-001
-1.53445816e-001
-3.33593352e-001
-2.78823656e-001
0.00000000e+000
-1.88764683e-001
-1.46464398e-001
5.29595178e-001
-1.87884088e-002
-7.89630426e-001
-4.27658983e-001
0.00000000e+000
0.00000000e+000
0.00000000e+000
9.89174246e-002
2.08371734e-001
-3.19938963e-001
4.19222951e-001
-2.09097139e-001
5.01197991e-001
4.94533509e-001
-1.53327427e+000
-3.92742086e-003
0.00000000e+000
9.61195898e-001
4.04506864e-001
2.04793539e-001
1.27822137e-001
-1.83328955e+000
-8.70344696e-001
-2.68779770e-001
9.16349552e-002
1.16201452e-001
9.82594366e-001
-5.47696957e-002
0.00000000e+000
2.11543010e-002
-2.49102253e-002
-3.44917036e-001
6.53416730e-002
-2.18230358e-001
-8.05120192e-001
-6.91795390e-001
8.13838769e-001
1.55843933e-001
-9.04341030e-001
-4.10258709e-001
0.00000000e+000
-1.73915961e-002
-8.98770490e-002
-5.92760210e-001
0.00000000e+000
0.00000000e+000
0.00000000e+000
-1.06669753e+000
-5.70684533e-001
6.35228418e-001
-1.24932416e-001
-4.22894686e-002
9.25607055e-001
4.72690667e-001
9.77775878e-001
8.85288525e-002
0.00000000e+000
-9.42791311e-001
-6.88472343e-001
-9.52115211e-001
5.56121405e-001
2.34554653e-001
7.08316873e-001
3.98170614e-001
-7.67123518e-001
6.06631592e-002
-4.95311448e-001
3.10460234e-001
0.00000000e+000
0.00000000e+000
0.00000000e+000
2.42337882e-002
-1.41327612e-001
-1.41489792e-001
2.29944461e-001
-3.59526061e-002
-6.23077685e-002
4.32142343e-002
-3.46408418e-001
9.60514916e-002
0.00000000e+000
-5.01199739e-002
1.76651703e-001
6.20168476e-002
8.10097587e-002
-1.13225189e-002
-7.46302720e-002
2.75765403e-002
1.28498483e-001
8.88161648e-002
2.16005722e-001
-2.24043734e-001
3.74949255e-002
5.43322562e-001
8.62972355e-002
-4.45374361e-002
6.57677069e-001
9.01720209e-002
-7.10354164e-001
-5.89729007e-001
0.00000000e+000
0.00000000e+000
0.00000000e+000
-4.16048128e-001
7.56641571e-002
4.07082879e-001
-4.79939359e-001
3.38838385e-001
-2.96976948e-001
-5.23861370e-001
1.30908384e+000
2.70302844e-002
0.00000000e+000
-8.51603245e-001
-3.93751110e-001
-1.85620829e-001
-1.09353136e-001
9.17058077e-001
6.29858865e-001
2.75352114e-001
-5.82496436e-003
-5.23821395e-002
-1.25433638e+000
-2.61538659e-001
1.02146863e+000
5.61883259e-001
4.35931273e-001
-3.68716476e-001
-1.16329953e-001
-4.83421128e-001
-5.82545653e-001
-4.20767971e-001
7.52495353e-001
7.43144193e-002
-9.43139724e-001
-2.52386523e-001
1.32269825e+000
-6.66465148e-002
-1.34422869e-001
247
-2.08713496e-001
-2.08713496e-001
0.00000000e+000
-2.08713496e-001
0.00000000e+000
0.00000000e+000
-8.36773177e-001
4.70794727e-001
-7.73639989e-002
3.81840984e-001
1.73825636e-001
2.71315358e-002
-3.52153421e-001
-1.72705159e-001
0.00000000e+000
0.00000000e+000
0.00000000e+000
0.00000000e+000
0.00000000e+000
0.00000000e+000
0.00000000e+000
0.00000000e+000
0.00000000e+000
0.00000000e+000
0.00000000e+000
0.00000000e+000
0.00000000e+000
0.00000000e+000
0.00000000e+000
0.00000000e+000
0.00000000e+000
0.00000000e+000
0.00000000e+000
0.00000000e+000
0.00000000e+000
0.00000000e+000
0.00000000e+000
0.00000000e+000
0.00000000e+000
0.00000000e+000
0.00000000e+000
0.00000000e+000
0.00000000e+000
2.20180790e-001
-3.23665841e-003
-8.54260856e-002
-1.11114498e-003
-3.38913040e-001
2.36012616e-004
0.00000000e+000
0.00000000e+000
-2.98509409e-001
-7.38395653e-001
-4.70660532e-001
6.62232936e-001
3.34411513e-001
3.02207649e-001
0.00000000e+000
0.00000000e+000
1.04955981e+000
1.66004567e+000
0.00000000e+000
0.00000000e+000
0.00000000e+000
0.00000000e+000
0.00000000e+000
0.00000000e+000
4.85178910e-001
3.81730551e-001
3.09843752e-001
-2.56926225e-001
-5.89834787e-001
-1.58826551e+000
0.00000000e+000
0.00000000e+000
0.00000000e+000
0.00000000e+000
0.00000000e+000
0.00000000e+000
1.08614891e+000
-1.31343454e-001
-4.25662586e-001
-6.30248924e-001
-7.38309176e-001
-9.99968592e-001
3.42953029e+000
3.43125686e+000
3.42160891e+000
3.33586657e+000
3.23269007e+000
3.25154543e+000
2.74942528e-001
2.77545718e-001
1.96160417e-001
3.32580187e-001
3.02769671e-001
-2.39039749e-001
1.18085680e-001
-6.42978635e-002
-1.15914025e-001
2.73892096e-002
-1.25367844e-001
-3.06865595e-001
0.00000000e+000
0.00000000e+000
0.00000000e+000
0.00000000e+000
-1.79338157e-001
-1.99077752e-001
0.00000000e+000
-1.02390858e+000
-3.08042108e-001
-8.74679529e-001
-2.10466562e-001
-6.34384017e-001
-1.18272164e+000
0.00000000e+000
0.00000000e+000
0.00000000e+000
1.43913345e-001
-3.82916615e-001
3.40356914e-001
2.05936810e-001
-3.62281396e-001
7.39998585e-001
2.32893523e-001
2.57443618e-001
1.40987156e-001
0.00000000e+000
2.90922581e-001
1.86685718e-001
-4.12591929e-001
3.40059866e-001
-1.35240237e+000
2.55722817e-001
1.88954170e-001
-1.85181654e+000
-9.72888537e-002
-4.72990370e-002
-8.21324283e-001
-6.23586449e-001
0.00000000e+000
-2.18837110e-001
1.77363861e-001
3.01128823e-001
0.00000000e+000
0.00000000e+000
0.00000000e+000
-7.15032101e-002
2.97465923e-001
6.35756073e-003
-1.85877897e-001
-3.87769728e-003
-2.25129655e-001
-2.17685484e-001
3.86940022e-001
2.52616246e-002
0.00000000e+000
-1.51660312e-001
-9.80887294e-002
-2.33964515e-001
-3.85573934e-002
7.68120737e-001
1.04689192e-001
-9.42794995e-002
3.04219937e-001
3.74138860e-002
-3.08715666e-001
-1.97737834e-001
0.00000000e+000
6.56023398e-002
-8.50472996e-002
-3.61397353e-001
3.15544341e-001
0.00000000e+000
-1.53507197e+000
-1.20181562e+000
-6.76941694e-001
0.00000000e+000
0.00000000e+000
-1.20220308e-001
-8.44850579e-001
0.00000000e+000
0.00000000e+000
0.00000000e+000
-5.73438061e-001
-1.44655160e+000
5.07233642e-001
-2.35849433e-001
-2.44748382e-001
1.27772296e+000
5.77236325e-001
2.28159001e-001
-8.40172572e-002
0.00000000e+000
-4.81954633e-001
-2.49942916e-001
-2.89180283e-001
6.94374847e-001
-4.17451346e-001
4.16766272e-001
5.82508475e-001
-1.22728034e+000
1.68865317e-001
-4.73031645e-002
-3.94448667e-001
-2.53146788e-001
3.40336338e-001
2.11271239e-001
-7.97686664e-003
2.00222969e-001
0.00000000e+000
0.00000000e+000
0.00000000e+000
-1.37932070e-001
5.54744049e-001
7.47192189e-002
4.63071626e-001
-2.76424176e-001
1.26154871e-001
1.68171942e-001
-5.12292556e-001
-2.12160170e-002
0.00000000e+000
3.39566938e-001
3.96873913e-001
-2.90608939e-001
-1.23910541e-001
-8.00165841e-001
-2.61425674e-001
-7.88999238e-002
1.78653114e-001
-2.49174890e-002
4.26060525e-001
-1.41301880e-001
6.46744140e-001
2.58916111e-001
1.80184459e-001
-4.50401912e-001
4.26802254e-002
-2.88289343e-001
-3.24909767e-001
-2.73513481e-001
-4.93082137e-001
1.11064743e+000
1.79219050e-001
2.16390171e-002
1 0 3 0 -1
1 1 2 1 -1
9.4107e-004 2.1997e-001
356
-4.09439602e-002
-4.09439602e-002
0.00000000e+000
6.76747833e-001
-1.95081926e-001
-7.94298617e-001
4.57051312e-001
-4.59994463e-001
4.10465536e-001
4.86041597e-001
2.42683986e-001
5.80693769e-002
3.16398795e-001
5.04428778e-001
3.93303704e-001
-2.20984649e-001
-1.22050741e-001
8.11067803e-002
2.03605394e-001
-2.72697249e-001
-3.49693049e-001
-3.61300475e-002
0.00000000e+000
0.00000000e+000
8.69410928e-001
4.27095381e-001
0.00000000e+000
0.00000000e+000
9.21718632e-002
7.16077668e-002
3.98257641e-002
-4.09439602e-002
0.00000000e+000
-7.17691794e-001
-1.95081926e-001
2.76144208e-002
2.36518717e-001
6.90722705e-001
7.93581980e-001
-1.39748719e-002
1.34076316e+000
0.00000000e+000
0.00000000e+000
0.00000000e+000
0.00000000e+000
0.00000000e+000
0.00000000e+000
0.00000000e+000
0.00000000e+000
0.00000000e+000
0.00000000e+000
-5.78575031e-002
-2.50603817e-001
-8.67992762e-001
0.00000000e+000
0.00000000e+000
0.00000000e+000
0.00000000e+000
-3.79917974e-001
2.11840391e-001
-1.96789879e-002
5.54160315e-001
5.58100489e-001
-2.56438265e-001
2.03057861e-001
-5.84202890e-001
-4.02505349e-001
-5.06944029e-001
0.00000000e+000
0.00000000e+000
0.00000000e+000
0.00000000e+000
0.00000000e+000
0.00000000e+000
5.38469749e-001
-3.74949291e-004
-4.63965069e-001
-5.79413709e-001
1.02742078e-003
-2.19452299e-002
0.00000000e+000
0.00000000e+000
-2.23936446e-001
-3.23309553e-001
1.19181941e-001
-6.99551578e-002
1.27752085e-001
3.29323170e-001
0.00000000e+000
0.00000000e+000
-9.80862254e-002
-1.20373873e-001
-5.28761032e-001
-3.83946865e-001
-6.55529345e-002
-6.45708424e-002
7.96537010e-002
1.96084866e-003
-7.54356914e-003
2.80913137e-002
-7.04135022e-002
-8.12881335e-002
0.00000000e+000
0.00000000e+000
1.75018589e+000
7.75794513e-001
0.00000000e+000
0.00000000e+000
0.00000000e+000
0.00000000e+000
0.00000000e+000
0.00000000e+000
1.34109870e-001
4.05948940e-001
1.42746830e-001
-1.57736619e-001
-4.78867506e-001
-1.83733136e+000
0.00000000e+000
0.00000000e+000
0.00000000e+000
0.00000000e+000
0.00000000e+000
0.00000000e+000
1.50587447e+000
-1.70154050e-001
-1.88409033e-001
-2.80000289e-001
-6.34101614e-001
-1.02663747e+000
2.25095986e+000
2.19080378e+000
2.11265879e+000
2.03771748e+000
2.03602029e+000
2.00480542e+000
9.30898926e-002
2.76240322e-001
1.10887259e-001
1.60977423e-001
4.79933864e-002
-5.22262281e-001
2.50313080e-001
1.72057081e-001
1.37095198e-002
7.00343136e-002
-2.18404638e-002
-4.32481140e-001
0.00000000e+000
0.00000000e+000
0.00000000e+000
0.00000000e+000
0.00000000e+000
0.00000000e+000
0.00000000e+000
0.00000000e+000
-1.76334796e-002
-2.85624041e-001
-1.54678617e+000
0.00000000e+000
1.11602893e-001
-8.57698289e-002
-3.55946573e-001
-7.25739565e-001
-2.44343680e-001
0.00000000e+000
0.00000000e+000
0.00000000e+000
4.13712140e-001
3.95497282e-001
1.83302132e-001
3.61761848e-001
-5.54472258e-001
6.24443881e-001
3.35723046e-001
9.47621314e-002
5.45233754e-001
0.00000000e+000
5.09617314e-001
-4.82905504e-001
-9.66023520e-001
3.23991302e-001
-1.27962221e+000
2.00906776e-001
1.59368188e-001
-9.02439527e-001
-8.91204481e-002
-1.18080006e-001
-2.08475118e-001
0.00000000e+000
0.00000000e+000
0.00000000e+000
-5.00933837e-002
-1.00716620e-001
-9.30749481e-002
-1.41410912e-001
6.23019297e-002
-6.55543374e-002
-1.76672916e-001
-1.79876187e-002
-2.26554962e-001
0.00000000e+000
-9.98238840e-002
1.42849611e-001
9.36521280e-002
8.06081275e-002
3.38040657e-001
-6.71377094e-002
-6.51901063e-002
1.07021410e-001
7.57174177e-002
-4.44900052e-003
-2.20248184e-001
4.39950562e-002
-1.41629979e+000
-9.25727143e-001
-4.42137457e-001
2.56744294e-001
1.87400562e-001
-4.00149800e-001
1.81143182e-001
0.00000000e+000
0.00000000e+000
0.00000000e+000
2.81009714e-001
5.77307139e-001
-3.31341538e-001
6.93282606e-001
-1.99608145e-001
1.31359515e-001
5.21398637e-001
-1.22402485e+000
3.04912418e-001
0.00000000e+000
8.02469911e-001
-6.07393848e-002
9.19237799e-002
5.54538852e-002
-1.48800212e+000
-7.76595177e-001
-1.74422278e-001
1.76128850e-001
5.34702491e-002
7.47159965e-001
-2.64243240e-001
-7.19035637e-001
-1.37581220e-001
2.28977343e-001
-2.40954963e-002
6.76078363e-002
-1.95561828e+000
-1.09501648e+000
-8.71808330e-001
5.68647518e-001
1.02974394e-001
-6.04014075e-001
-9.17033327e-002
-1.04423502e+000
-5.89290723e-001
-9.29251985e-001
-8.11509394e-001
0.00000000e+000
0.00000000e+000
0.00000000e+000
-1.17894409e+000
-1.82072314e+000
7.57385924e-001
2.88117149e-001
-2.98037681e-002
1.08643791e+000
5.50673054e-001
6.65826315e-001
-6.78133664e-001
0.00000000e+000
-9.98897124e-001
-7.58731869e-002
-1.06501769e+000
5.89096304e-001
4.48337625e-001
9.81190201e-001
8.04636604e-001
-9.63820994e-001
-1.13690707e-001
-5.83061183e-002
-1.01500931e-001
0.00000000e+000
0.00000000e+000
0.00000000e+000
-3.56689251e-003
3.17192789e-001
-2.96031479e-001
-7.81770918e-003
-1.72233866e-001
-1.55829624e-002
5.44209425e-003
-2.49922485e-001
1.95384894e-001
0.00000000e+000
5.70083520e-002
2.90070285e-002
1.91262395e-001
5.04001519e-002
-5.59214794e-002
-3.45730625e-001
-2.67226970e-001
1.95421795e-001
1.12004465e-001
1.59409575e-001
-2.30939566e-001
-3.30347202e-002
1.81080228e-002
7.72193240e-001
3.09395385e-001
2.47400166e-001
1.52365345e-001
-4.32800232e-001
-3.34658284e-002
0.00000000e+000
0.00000000e+000
0.00000000e+000
-2.17643329e-001
-4.80353777e-001
5.67274494e-001
-7.48521766e-001
3.95894243e-001
2.83586227e-002
-4.91202464e-001
1.26914414e+000
-1.96954038e-001
0.00000000e+000
-7.66998602e-001
8.37159643e-004
-1.38773905e-001
-1.60380991e-002
5.99591156e-001
9.92049629e-001
4.17836245e-001
-1.55471956e-001
-8.48937545e-002
-1.00759982e+000
-1.97904846e-001
0.00000000e+000
-5.17978645e-001
-4.59105426e-001
-5.80569828e-001
-5.27351087e-002
4.61383354e-001
7.13049605e-001
4.48673064e-001
3.63475640e-001
5.98864748e-002
-4.76097224e-001
-5.27834719e-001
3.65353735e-001
8.56490721e-001
-2.82008087e-001
247
-8.75400278e-002
-8.75400278e-002
0.00000000e+000
-8.75400278e-002
0.00000000e+000
0.00000000e+000
-1.72004189e+000
7.65433625e-001
-8.76867978e-003
2.49897454e-001
5.37724007e-001
2.77070873e-001
-1.50741834e-001
4.75303771e-001
-7.61281613e-003
-7.99272117e-002
2.80767505e-002
-3.56895666e-002
-2.47316842e-001
-3.78222322e-001
0.00000000e+000
0.00000000e+000
0.00000000e+000
6.50379136e-001
1.96907779e-001
0.00000000e+000
0.00000000e+000
-8.75400278e-002
0.00000000e+000
-8.75400278e-002
0.00000000e+000
0.00000000e+000
1.88573438e-001
-4.39296256e-001
0.00000000e+000
0.00000000e+000
0.00000000e+000
0.00000000e+000
0.00000000e+000
0.00000000e+000
0.00000000e+000
0.00000000e+000
0.00000000e+000
0.00000000e+000
0.00000000e+000
3.05929862e-001
-4.42183302e-003
-3.93469890e-001
1.01102442e-003
0.00000000e+000
0.00000000e+000
7.06678308e-001
3.91915901e-001
6.38198284e-001
-9.51434705e-001
-4.55326455e-001
-4.17571360e-001
0.00000000e+000
0.00000000e+000
9.04606493e-001
3.35268798e-001
0.00000000e+000
0.00000000e+000
0.00000000e+000
0.00000000e+000
0.00000000e+000
0.00000000e+000
3.06282999e-001
7.51582745e-001
4.09914353e-001
1.45450158e-001
-5.04406241e-001
-2.10097054e+000
0.00000000e+000
0.00000000e+000
0.00000000e+000
0.00000000e+000
0.00000000e+000
0.00000000e+000
1.65710120e+000
1.22292270e-001
-1.55237283e-001
-3.92521853e-001
-5.83840178e-001
-1.06624636e+000
1.23618933e+000
1.15401932e+000
1.05128936e+000
1.05069717e+000
9.35465592e-001
8.78584002e-001
-1.73486578e-001
3.62571105e-002
-8.17484079e-003
-2.76953793e-002
2.12611344e-002
-3.42384446e-001
2.06431892e-001
8.05922450e-002
-2.52690183e-002
-7.58321269e-003
1.54293803e-001
-7.09272919e-002
0.00000000e+000
0.00000000e+000
0.00000000e+000
0.00000000e+000
-8.31834101e-002
-5.20741346e-001
-9.10268246e-001
0.00000000e+000
4.59881123e-002
-1.27866388e-001
-2.63282376e-003
-4.24868710e-001
-8.18782753e-002
0.00000000e+000
0.00000000e+000
0.00000000e+000
3.87354177e-001
-5.54395811e-001
4.63702572e-001
-1.68375190e-001
1.26951627e-001
6.22696903e-001
2.16903454e-001
2.41816688e-001
-4.14025012e-001
0.00000000e+000
3.37385743e-001
1.41539811e-001
-9.22333982e-001
4.77698385e-001
-7.93152718e-001
5.50871333e-001
6.23666588e-001
-7.77997571e-001
-1.30291593e-001
-5.11893679e-001
-2.49904416e-002
1.84510001e-001
-1.64764039e+000
-9.62201926e-001
-3.70803335e-001
-2.52639421e-001
0.00000000e+000
0.00000000e+000
0.00000000e+000
-1.62865620e-001
1.25247323e-001
3.23856053e-002
-1.76346768e-001
-7.72895207e-002
-8.44833389e-002
-2.14577554e-001
2.81361915e-001
-3.31712903e-001
0.00000000e+000
2.77765293e-002
1.44162429e-001
-3.47238027e-001
-2.23379565e-001
8.88464439e-001
9.91071043e-002
-5.13962293e-003
1.12100405e-002
-1.20130500e-001
-1.19191387e-001
-2.09500443e-001
-1.28146560e+000
-4.64234651e-001
-2.20165972e-002
-5.68878337e-002
-1.38521889e-001
-1.27705496e+000
-6.83125935e-001
-4.21633643e-001
8.16340555e-002
-6.97321627e-001
-2.88756875e-001
-4.26312431e-001
-4.27501534e-001
0.00000000e+000
0.00000000e+000
0.00000000e+000
-1.04096573e+000
-1.91060103e+000
7.28978587e-001
3.96634022e-001
2.53600456e-002
9.15599140e-001
5.42355386e-001
4.56638554e-001
1.52011985e-001
0.00000000e+000
-1.24464149e+000
-2.80269817e-001
-5.63680073e-001
1.00289351e+000
-3.46601346e-001
6.22572128e-001
8.35296811e-001
-8.02475158e-001
2.76614401e-001
-1.93221449e-001
1.73763933e-001
3.79866923e-001
0.00000000e+000
5.06663320e-002
1.04943440e-001
-3.39804900e-001
0.00000000e+000
0.00000000e+000
0.00000000e+000
3.96077520e-002
5.87569216e-001
-2.82183121e-001
2.89052916e-001
-3.71481382e-001
3.49890598e-002
9.79975016e-002
-4.36732040e-001
3.50167523e-001
0.00000000e+000
4.53876151e-001
2.11610691e-002
-5.41824988e-002
-8.67184910e-002
-9.21107826e-001
-3.45358839e-001
-2.80312960e-001
1.12639377e-001
1.99296854e-002
4.31282007e-001
-2.06102990e-001
0.00000000e+000
-2.03181934e-001
-6.66934504e-002
-6.01265466e-001
-3.82499747e-001
1.05985104e-001
6.00156377e-001
6.75165991e-001
-2.18765720e-001
2.15977084e-001
5.13482583e-001
2.01044333e-001
2 1
-3.7732e-001 7.2868e-002
2 1
0 1 
217
3.31302707e-001
7.76100698e-002
-4.34647459e-001
-5.30859981e-001
-8.93169821e-002
9.99948223e-002
4.76758882e-002
3.71814588e-001
4.87379899e-001
-2.21458826e-002
2.12976568e-001
-3.11324042e-001
-3.27412667e-001
-2.40102047e-001
0.00000000e+000
0.00000000e+000
0.00000000e+000
-1.21919839e-002
2.46167680e-004
6.07541713e-002
5.07010403e-002
-1.77121146e-003
1.54590532e-001
2.92793650e-001
6.06363276e-004
3.46074586e-002
0.00000000e+000
0.00000000e+000
5.17410693e-002
7.76647237e-003
4.63082333e-001
-5.77260617e-001
-2.12203003e-002
4.07193750e-001
0.00000000e+000
0.00000000e+000
0.00000000e+000
-2.25276239e-001
5.56578946e-001
0.00000000e+000
0.00000000e+000
0.00000000e+000
0.00000000e+000
0.00000000e+000
0.00000000e+000
2.03427035e-002
-2.45618943e-001
5.56578946e-001
0.00000000e+000
0.00000000e+000
0.00000000e+000
0.00000000e+000
0.00000000e+000
0.00000000e+000
0.00000000e+000
0.00000000e+000
0.00000000e+000
0.00000000e+000
0.00000000e+000
0.00000000e+000
5.56578946e-001
-2.45618943e-001
2.03427035e-002
0.00000000e+000
-2.45618943e-001
-9.08448417e-001
6.44975452e-001
1.41149642e+000
-6.80538025e-002
1.69477438e+000
0.00000000e+000
2.03427035e-002
-9.50199833e-001
3.38434449e-001
-1.60732319e+000
-2.74744464e-002
-3.05103201e-001
0.00000000e+000
0.00000000e+000
0.00000000e+000
0.00000000e+000
0.00000000e+000
0.00000000e+000
0.00000000e+000
0.00000000e+000
0.00000000e+000
0.00000000e+000
0.00000000e+000
0.00000000e+000
0.00000000e+000
0.00000000e+000
0.00000000e+000
0.00000000e+000
0.00000000e+000
0.00000000e+000
0.00000000e+000
0.00000000e+000
0.00000000e+000
0.00000000e+000
0.00000000e+000
0.00000000e+000
0.00000000e+000
0.00000000e+000
0.00000000e+000
0.00000000e+000
0.00000000e+000
0.00000000e+000
0.00000000e+000
0.00000000e+000
0.00000000e+000
0.00000000e+000
0.00000000e+000
0.00000000e+000
0.00000000e+000
0.00000000e+000
0.00000000e+000
0.00000000e+000
0.00000000e+000
0.00000000e+000
-4.98364227e-001
-1.11385800e+000
-6.40466110e-001
0.00000000e+000
0.00000000e+000
0.00000000e+000
2.89550876e-001
-8.39353481e-001
2.98361693e-002
2.99014277e-001
-5.18250728e-001
1.29264250e-001
2.62142447e-001
6.07266625e-001
-1.67959655e-001
0.00000000e+000
2.29432842e-001
-3.83151395e-001
-9.90333120e-001
1.29182577e-001
4.57958292e-001
7.29036499e-001
5.31042657e-001
-8.44296491e-001
-3.85220365e-001
-2.05628386e-001
-2.34584816e-001
0.00000000e+000
0.00000000e+000
0.00000000e+000
2.86134611e-001
-1.24894520e+000
1.30929906e-002
1.94768031e-001
-4.45610109e-001
1.90811556e-001
1.73296917e-001
1.72397118e-001
-3.10593711e-002
0.00000000e+000
4.08355393e-001
-4.28960021e-001
-1.87005472e-001
1.52705625e-001
-6.75882777e-002
1.36040242e-001
1.82581411e-001
-2.54011976e-001
1.09437476e-001
4.08974237e-001
-1.16242459e+000
0.00000000e+000
0.00000000e+000
0.00000000e+000
1.03834830e-001
-7.45785709e-001
-6.68283490e-002
6.42806060e-002
-4.35021333e-001
5.05064453e-001
4.23794888e-001
9.44012453e-002
-1.39097946e-001
0.00000000e+000
7.23285476e-001
-2.67718419e-001
-7.58315826e-001
1.48039796e-001
-4.98564213e-001
2.20579487e-001
1.21117522e-001
-6.13112528e-001
-1.04656667e-001
6.22781012e-002
-6.30534450e-002
0.00000000e+000
0.00000000e+000
0.00000000e+000
8.08840469e-002
-9.81108376e-001
1.19977223e-001
1.80789229e-001
-2.57985772e-001
1.36179879e-001
9.90479663e-002
1.15483458e-001
-1.62286048e-001
0.00000000e+000
9.23454884e-002
-8.80712089e-002
-1.75612586e-001
2.03830924e-001
3.90969444e-001
1.40557014e-001
1.16563100e-001
-2.75513235e-001
3.33959627e-002
1.67500045e-001
136
6.55340387e-001
0.00000000e+000
0.00000000e+000
-2.32047815e-002
3.14604854e-003
4.50273948e-001
-2.64287307e-003
2.28271220e-001
1.54578077e-003
0.00000000e+000
0.00000000e+000
2.98212705e-001
1.84768492e-001
5.15594988e-001
-7.39577333e-001
1.48115372e-003
3.94860382e-001
0.00000000e+000
0.00000000e+000
0.00000000e+000
1.10566117e-002
6.44283775e-001
0.00000000e+000
0.00000000e+000
0.00000000e+000
0.00000000e+000
0.00000000e+000
0.00000000e+000
6.37129530e-001
-6.26072918e-001
6.44283775e-001
0.00000000e+000
0.00000000e+000
0.00000000e+000
0.00000000e+000
0.00000000e+000
0.00000000e+000
0.00000000e+000
0.00000000e+000
0.00000000e+000
0.00000000e+000
0.00000000e+000
0.00000000e+000
0.00000000e+000
0.00000000e+000
0.00000000e+000
0.00000000e+000
-6.26072918e-001
3.91582968e-001
-6.69135775e-001
-1.22397580e+000
0.00000000e+000
6.37129530e-001
-3.52265181e-001
4.03883083e-001
-8.40795607e-001
0.00000000e+000
0.00000000e+000
0.00000000e+000
0.00000000e+000
6.44283775e-001
-6.26072918e-001
6.37129530e-001
0.00000000e+000
0.00000000e+000
0.00000000e+000
0.00000000e+000
0.00000000e+000
0.00000000e+000
0.00000000e+000
0.00000000e+000
0.00000000e+000
0.00000000e+000
0.00000000e+000
0.00000000e+000
0.00000000e+000
0.00000000e+000
0.00000000e+000
0.00000000e+000
0.00000000e+000
0.00000000e+000
0.00000000e+000
0.00000000e+000
0.00000000e+000
0.00000000e+000
0.00000000e+000
-5.72557589e-001
-9.89604284e-001
-9.51100644e-001
0.00000000e+000
0.00000000e+000
0.00000000e+000
4.61880980e-001
-2.25818349e+000
5.52475034e-001
5.52156296e-001
-1.16167707e+000
6.37790337e-001
5.40207088e-001
1.05978602e+000
-3.84191735e-001
0.00000000e+000
5.56495915e-001
-6.73630231e-001
-1.28227334e+000
3.47780978e-001
1.20781402e+000
8.63980917e-001
4.25303444e-001
-1.87071749e+000
-5.95492666e-001
6.93943442e-002
-1.16113733e+000
0.00000000e+000
0.00000000e+000
0.00000000e+000
3.29970473e-001
-2.14371717e+000
2.53065788e-001
7.24618156e-001
-1.11313087e+000
9.40444494e-001
9.00274665e-001
7.95453759e-002
-2.30963981e-001
0.00000000e+000
1.09800233e+000
-5.35497830e-001
-1.16728814e+000
5.68925483e-001
-5.00490960e-001
3.33780902e-001
3.75557176e-001
-1.39735862e+000
-1.99862851e-001
5.22988255e-001
8 1
-5.2525e-001 1.3047e-001
3 1
0 1 2 
217
2.15484745e-001
1.51749481e-001
-4.32970972e-001
8.89584824e-003
-5.97043363e-002
6.96778045e-002
2.88048987e-002
2.78843078e-001
2.86461964e-001
1.33889538e-002
1.07481327e-001
-1.46412972e-001
-1.47559109e-001
-9.87612898e-002
0.00000000e+000
0.00000000e+000
0.00000000e+000
-1.10824866e-002
2.21744125e-003
8.17230730e-002
-8.14080014e-002
-1.11528781e-003
3.23676207e-001
3.07975233e-001
3.75105761e-004
4.52726668e-002
0.00000000e+000
0.00000000e+000
-2.42155775e-001
-2.60667299e-002
5.01086246e-001
-4.27563199e-001
-2.70817215e-002
4.37265924e-001
0.00000000e+000
0.00000000e+000
0.00000000e+000
-1.41235796e-001
-2.28082735e-001
5.84803276e-001
0.00000000e+000
0.00000000e+000
0.00000000e+000
0.00000000e+000
0.00000000e+000
-4.94361443e-003
-1.36292182e-001
4.21488541e-001
0.00000000e+000
-4.18220751e-001
-2.31350524e-001
5.84803276e-001
0.00000000e+000
0.00000000e+000
0.00000000e+000
0.00000000e+000
0.00000000e+000
0.00000000e+000
0.00000000e+000
0.00000000e+000
5.88071065e-001
-3.67642706e-001
-4.94361443e-003
0.00000000e+000
-3.67642706e-001
-1.31708650e+000
6.33633839e-001
1.48211516e+000
-5.05063877e-002
1.33926084e+000
0.00000000e+000
-4.23164365e-001
-8.09953059e-001
5.64387884e-001
-1.51870761e+000
7.42612263e-002
-1.43024394e-001
0.00000000e+000
2.80252744e-001
-2.69232001e-001
8.51083980e-002
-9.31806752e-001
-1.49876398e-001
-3.60963638e-001
0.00000000e+000
0.00000000e+000
0.00000000e+000
0.00000000e+000
0.00000000e+000
0.00000000e+000
0.00000000e+000
0.00000000e+000
0.00000000e+000
0.00000000e+000
0.00000000e+000
0.00000000e+000
0.00000000e+000
0.00000000e+000
0.00000000e+000
0.00000000e+000
0.00000000e+000
0.00000000e+000
0.00000000e+000
0.00000000e+000
0.00000000e+000
0.00000000e+000
0.00000000e+000
0.00000000e+000
0.00000000e+000
0.00000000e+000
0.00000000e+000
0.00000000e+000
0.00000000e+000
0.00000000e+000
0.00000000e+000
0.00000000e+000
0.00000000e+000
0.00000000e+000
0.00000000e+000
-5.44068771e-001
-1.04342949e+000
-6.45879604e-001
0.00000000e+000
0.00000000e+000
0.00000000e+000
3.16363434e-001
-6.80345114e-001
2.61539802e-001
1.62634275e-001
-4.97481701e-001
2.87513736e-001
2.57780882e-001
4.08909117e-001
-1.39468716e-001
0.00000000e+000
2.02881366e-001
-4.19174952e-001
-8.03122190e-001
1.03141032e-001
2.36258914e-001
4.48699119e-001
2.92561530e-001
-7.39006298e-001
-2.75541573e-001
-7.00222669e-002
-2.01735754e-001
0.00000000e+000
0.00000000e+000
0.00000000e+000
2.57773101e-001
-1.00918058e+000
1.31764376e-001
2.17470456e-001
-4.82341871e-001
1.37370835e-001
1.65554790e-001
1.99160523e-001
-8.69036760e-002
0.00000000e+000
4.00069979e-001
-5.13884655e-001
-2.62882312e-001
2.18732524e-001
1.42141531e-002
1.52857350e-001
1.82178250e-001
-2.99597343e-001
2.51387624e-002
3.50769585e-001
-1.01606963e+000
0.00000000e+000
0.00000000e+000
0.00000000e+000
3.77650443e-002
-7.14595109e-001
-8.49251659e-002
7.25240814e-002
-3.96896696e-001
4.84552341e-001
4.03256328e-001
6.34148523e-002
-2.07934572e-001
0.00000000e+000
7.20964905e-001
-1.98039107e-001
-6.76400770e-001
1.56344632e-001
-2.60576492e-001
1.38251076e-001
2.73156678e-002
-5.29509410e-001
-1.14838478e-001
6.32572431e-002
-9.95779756e-002
0.00000000e+000
0.00000000e+000
0.00000000e+000
1.11081618e-001
-9.68751149e-001
1.10513152e-001
1.65856751e-001
-2.93495683e-001
1.97165126e-001
8.69154630e-002
1.23744081e-001
-1.17193724e-001
0.00000000e+000
9.13932751e-002
-9.38243827e-002
-2.40723776e-001
1.98717066e-001
3.04578012e-001
1.59580458e-001
1.71431437e-001
-2.97463282e-001
2.74774105e-002
1.63420171e-001
136
7.70425508e-001
0.00000000e+000
0.00000000e+000
-4.21443043e-002
4.32588410e-003
5.03618886e-001
-2.45367159e-003
3.08950926e-001
1.70578649e-003
0.00000000e+000
0.00000000e+000
3.81998844e-001
2.37639535e-001
5.70019745e-001
-8.00489979e-001
7.15236265e-004
3.80542126e-001
0.00000000e+000
0.00000000e+000
0.00000000e+000
-1.33815687e-001
1.75802731e-001
7.28438464e-001
0.00000000e+000
0.00000000e+000
0.00000000e+000
0.00000000e+000
0.00000000e+000
2.00379116e-001
-3.34194803e-001
7.77603848e-001
0.00000000e+000
3.20997644e-001
-9.22798761e-001
7.28438464e-001
0.00000000e+000
0.00000000e+000
0.00000000e+000
0.00000000e+000
0.00000000e+000
0.00000000e+000
0.00000000e+000
0.00000000e+000
0.00000000e+000
0.00000000e+000
0.00000000e+000
0.00000000e+000
-1.25699356e+000
4.74940722e-001
-6.31304504e-001
-1.04990087e+000
0.00000000e+000
5.21376760e-001
-3.50886582e-001
4.57503440e-001
-8.49714827e-001
0.00000000e+000
6.43788161e-001
-7.88540495e-002
2.56601680e-001
-5.07056721e-001
-1.25699356e+000
2.00379116e-001
0.00000000e+000
0.00000000e+000
0.00000000e+000
0.00000000e+000
0.00000000e+000
0.00000000e+000
0.00000000e+000
0.00000000e+000
0.00000000e+000
0.00000000e+000
0.00000000e+000
0.00000000e+000
0.00000000e+000
0.00000000e+000
0.00000000e+000
0.00000000e+000
0.00000000e+000
0.00000000e+000
0.00000000e+000
0.00000000e+000
0.00000000e+000
0.00000000e+000
0.00000000e+000
-5.58438584e-001
-1.02984430e+000
-9.65279733e-001
0.00000000e+000
0.00000000e+000
0.00000000e+000
4.87198079e-001
-2.40309124e+000
4.46251810e-001
5.66604515e-001
-1.17556689e+000
6.19873624e-001
5.54706544e-001
1.09527793e+000
-3.80108141e-001
0.00000000e+000
6.02870986e-001
-6.57131059e-001
-1.35017251e+000
3.22754810e-001
1.20035020e+000
9.50663597e-001
5.18403374e-001
-1.87735517e+000
-5.77719524e-001
9.09093293e-002
-1.20658298e+000
0.00000000e+000
0.00000000e+000
0.00000000e+000
3.43728947e-001
-2.15458507e+000
2.67881778e-001
7.27832030e-001
-1.14213169e+000
9.28752646e-001
9.18053924e-001
9.01536671e-002
-2.42315748e-001
0.00000000e+000
1.10614924e+000
-5.42504484e-001
-1.19001872e+000
5.64295295e-001
-4.96703796e-001
3.39913865e-001
3.67117345e-001
-1.38817779e+000
-2.36144969e-001
5.32120545e-001
4 1
-7.4768e-001 1.9159e-001
4 0
0 1 2 8 
217
-1.40213136e-001
-4.78502335e-001
4.44884220e-001
9.71614172e-003
1.61898902e-002
-7.73035814e-003
-1.10407677e-002
-1.19211861e-001
-1.54012139e-001
9.78209037e-004
-9.93662173e-002
-7.41580026e-002
1.08016097e-001
1.42171984e-001
0.00000000e+000
0.00000000e+000
0.00000000e+000
1.46850398e-002
-6.25173590e-004
-8.42218614e-003
4.51845890e-002
8.46865591e-004
-1.65190256e-001
-1.99699907e-001
9.26446679e-005
-6.86317268e-002
0.00000000e+000
0.00000000e+000
-4.24857409e-001
-3.69732630e-002
3.94053604e-001
-8.00296041e-002
4.25124222e-002
-3.49188865e-002
0.00000000e+000
0.00000000e+000
0.00000000e+000
-2.47719026e-001
-3.79548191e-001
-2.39626329e-002
5.11016713e-001
0.00000000e+000
0.00000000e+000
0.00000000e+000
0.00000000e+000
-7.40891759e-002
-1.73629850e-001
-3.76452011e-002
0.00000000e+000
2.27046263e-001
-2.21547551e-001
3.27360459e-001
0.00000000e+000
-2.62279935e-001
-8.51217668e-002
4.62006015e-001
0.00000000e+000
-7.37713510e-001
-7.56155964e-002
5.11016713e-001
4.89790804e-001
-5.55914765e-001
-7.40891759e-002
0.00000000e+000
-5.55914765e-001
-1.12939970e+000
3.63415668e-001
1.58739873e+000
5.22859608e-002
4.74317890e-001
0.00000000e+000
-8.47036357e-001
-7.90466502e-001
3.51912803e-001
-1.33648874e+000
3.54910418e-001
1.47268458e-001
0.00000000e+000
-1.70759914e-001
-4.83289357e-001
1.49814315e-001
-5.33136734e-001
-1.19267537e-001
2.53540688e-001
0.00000000e+000
4.74949436e-002
-1.53219447e-002
-4.34940180e-003
-5.50086057e-001
-1.83358678e-001
1.88291702e-001
0.00000000e+000
0.00000000e+000
0.00000000e+000
0.00000000e+000
0.00000000e+000
0.00000000e+000
0.00000000e+000
0.00000000e+000
0.00000000e+000
0.00000000e+000
0.00000000e+000
0.00000000e+000
0.00000000e+000
0.00000000e+000
0.00000000e+000
0.00000000e+000
0.00000000e+000
0.00000000e+000
0.00000000e+000
0.00000000e+000
0.00000000e+000
0.00000000e+000
0.00000000e+000
0.00000000e+000
0.00000000e+000
0.00000000e+000
0.00000000e+000
0.00000000e+000
-5.37566538e-001
-9.97200579e-001
-9.19957827e-001
0.00000000e+000
0.00000000e+000
0.00000000e+000
3.41349351e-001
-5.09893581e-001
6.70159076e-002
3.99759394e-002
-4.79675974e-001
1.46175261e-001
1.29905856e-001
3.12382010e-001
-1.11038494e-001
0.00000000e+000
2.63115651e-001
-4.84119429e-001
-6.25501462e-001
9.19747294e-002
3.74852423e-001
2.45379412e-001
3.06127222e-002
-5.94953185e-001
-2.60376233e-001
1.02861270e-001
-1.81161734e-002
0.00000000e+000
0.00000000e+000
0.00000000e+000
1.19813946e-001
-6.49172890e-001
7.00306392e-002
3.49729286e-001
-4.44563281e-001
1.84187141e-001
1.95460636e-001
1.43375167e-001
-4.70609160e-002
0.00000000e+000
2.49920959e-001
1.88076311e-001
-3.51736921e-001
1.46201760e-001
-9.96122353e-002
1.59165106e-001
1.36221058e-001
-5.13067115e-001
-8.00855876e-002
2.25000763e-001
-9.19269783e-001
0.00000000e+000
0.00000000e+000
0.00000000e+000
-1.38395113e-001
-5.97624548e-001
-1.63224370e-001
2.17458870e-001
-3.89656276e-001
7.08022646e-001
7.57619276e-001
-7.04844829e-002
-1.81197181e-001
0.00000000e+000
3.21468090e-001
-1.66352607e-001
-6.08060326e-001
9.30332717e-002
3.37123775e-002
1.90895064e-001
-2.79625197e-002
-5.10222228e-001
-1.65772171e-001
-2.22527555e-001
-1.46047356e-001
0.00000000e+000
0.00000000e+000
0.00000000e+000
1.68141206e-001
-6.75170303e-001
1.23484243e-001
1.11903884e-001
-4.03867996e-001
2.65671777e-001
1.58720712e-001
2.31447897e-001
9.66882517e-002
0.00000000e+000
1.18448616e-001
-3.66608536e-002
-5.25514279e-001
6.39236220e-002
2.80899706e-001
1.44764243e-001
1.52103111e-001
-4.50038987e-001
-1.06579761e-001
1.35587556e-001
136
6.98296734e-001
0.00000000e+000
0.00000000e+000
2.71685001e-002
3.96984096e-003
2.97112623e-001
-1.83867907e-004
3.71328480e-001
-1.02921424e-003
0.00000000e+000
0.00000000e+000
2.07601342e-002
9.42366838e-002
7.88041189e-001
-4.27609943e-001
6.09579545e-002
1.61910715e-001
0.00000000e+000
0.00000000e+000
0.00000000e+000
-1.34883276e-001
7.72623821e-002
1.41734445e-001
6.14183183e-001
0.00000000e+000
0.00000000e+000
0.00000000e+000
0.00000000e+000
-2.67808664e-002
-1.08102410e-001
2.58806157e-001
0.00000000e+000
2.50294658e-001
-4.60542036e-001
6.51180930e-001
0.00000000e+000
1.44472729e-001
-1.15769126e-001
4.60714104e-001
0.00000000e+000
-3.35316148e-001
-6.34844441e-001
6.14183183e-001
0.00000000e+000
0.00000000e+000
0.00000000e+000
0.00000000e+000
-1.31925801e+000
7.08315520e-001
-6.02278943e-001
-1.09409267e+000
0.00000000e+000
3.26703726e-002
-2.24096019e-001
3.89584011e-001
-9.12850929e-001
0.00000000e+000
6.13340588e-001
-1.99749823e-001
2.96158039e-001
-4.09962963e-001
-1.31925801e+000
5.38075566e-001
-1.95178337e-001
2.65994186e-001
-1.82843917e-001
0.00000000e+000
0.00000000e+000
0.00000000e+000
0.00000000e+000
0.00000000e+000
0.00000000e+000
0.00000000e+000
0.00000000e+000
0.00000000e+000
0.00000000e+000
0.00000000e+000
0.00000000e+000
0.00000000e+000
0.00000000e+000
0.00000000e+000
0.00000000e+000
0.00000000e+000
0.00000000e+000
0.00000000e+000
0.00000000e+000
-4.98998216e-001
-9.61228909e-001
-9.85856990e-001
0.00000000e+000
0.00000000e+000
0.00000000e+000
5.87165896e-001
-2.67998313e+000
5.18759369e-001
5.03719777e-001
-1.19879169e+000
6.42865343e-001
5.67475838e-001
1.15258517e+000
-4.17135525e-001
0.00000000e+000
6.91493857e-001
-1.01959391e+000
-1.35710997e+000
3.50354112e-001
1.30523070e+000
1.00089660e+000
6.04719290e-001
-1.80636776e+000
-5.36700959e-001
1.04560007e-001
-1.18137565e+000
0.00000000e+000
0.00000000e+000
0.00000000e+000
3.72001639e-001
-2.34167971e+000
2.57935407e-001
7.59189694e-001
-1.09991475e+000
7.99647244e-001
8.03793354e-001
6.31835910e-002
-3.57199011e-001
0.00000000e+000
1.16618166e+000
-6.02346520e-001
-9.98630375e-001
6.80071440e-001
-5.59522601e-001
3.54927850e-001
3.92355529e-001
-1.31560150e+000
-1.53365529e-001
5.97596940e-001
7 1
-8.0817e-001 2.0095e-001
5 0
0 1 2 8 4 
217
-2.90208933e-002
-5.82911152e-001
4.56145800e-001
-1.79557787e-001
7.78661231e-002
7.64261814e-002
1.12827803e-001
-2.28347740e-001
-1.40611407e-001
2.19844764e-003
-1.10340244e-001
6.50196259e-003
3.12368317e-002
9.00132620e-002
0.00000000e+000
0.00000000e+000
0.00000000e+000
-1.89760822e-002
3.38754225e-003
-1.83053833e-001
1.58969049e-001
1.83674025e-003
-2.59001707e-001
-1.68986922e-001
1.96416321e-004
1.44253718e-002
0.00000000e+000
0.00000000e+000
-2.42807099e-001
5.58894529e-002
4.55233611e-001
-1.28988519e-001
-5.98883400e-002
-1.08459999e-001
0.00000000e+000
0.00000000e+000
0.00000000e+000
-1.68580702e-001
-3.79362314e-001
-1.18874627e-001
1.62846389e-001
4.74950360e-001
0.00000000e+000
0.00000000e+000
0.00000000e+000
-1.95151025e-001
-3.03386937e-001
1.55132684e-001
0.00000000e+000
3.26129806e-001
-4.85991338e-001
4.64607361e-001
0.00000000e+000
-1.20058952e-001
-2.65049807e-001
5.48074122e-001
0.00000000e+000
-7.27270931e-001
-1.50311528e-001
7.24255651e-001
-2.33954576e-001
4.00084708e-001
-1.95151025e-001
0.00000000e+000
-1.20473961e+000
-1.13462943e+000
6.87456564e-001
1.59240162e+000
4.88262153e-001
6.58321393e-001
0.00000000e+000
-7.16351102e-001
-7.64266844e-001
3.58499854e-001
-1.27136606e+000
3.28830355e-001
4.92068764e-002
0.00000000e+000
-1.80439914e-001
-4.15824351e-001
1.71398314e-001
-4.86177609e-001
-1.99792935e-002
2.50048592e-001
0.00000000e+000
-3.86594483e-002
7.06062344e-003
8.15662506e-002
-5.21669515e-001
-7.19276956e-002
2.21983194e-001
0.00000000e+000
2.52877460e-001
-1.56580217e-001
-1.38247491e-001
-4.16575456e-001
-1.43650862e-001
-2.01795597e-001
0.00000000e+000
0.00000000e+000
0.00000000e+000
0.00000000e+000
0.00000000e+000
0.00000000e+000
0.00000000e+000
0.00000000e+000
0.00000000e+000
0.00000000e+000
0.00000000e+000
0.00000000e+000
0.00000000e+000
0.00000000e+000
0.00000000e+000
0.00000000e+000
0.00000000e+000
0.00000000e+000
0.00000000e+000
0.00000000e+000
0.00000000e+000
-5.78928930e-001
-9.48818935e-001
-1.03577688e+000
0.00000000e+000
0.00000000e+000
0.00000000e+000
3.55531526e-001
-5.87823684e-001
1.85886290e-002
8.75345966e-002
-5.25674030e-001
1.12002827e-001
1.77328211e-001
2.15925813e-001
-1.67372620e-001
0.00000000e+000
3.27422950e-001
-4.81522154e-001
-7.94533560e-001
1.24138940e-001
5.18745296e-001
3.78288175e-001
1.04781246e-002
-6.16334509e-001
-2.76277681e-001
8.77762743e-002
6.00387978e-003
0.00000000e+000
0.00000000e+000
0.00000000e+000
1.40322199e-001
-7.48394768e-001
5.95883788e-002
3.01080031e-001
-4.63564657e-001
2.40260629e-001
2.04077939e-001
1.48386468e-001
-2.97031658e-002
0.00000000e+000
2.76529322e-001
1.05330602e-001
-2.33396144e-001
1.51968583e-001
-1.91830140e-001
1.11221391e-001
1.79827892e-001
-4.79774775e-001
-2.55324623e-002
2.59606558e-001
-8.44705509e-001
0.00000000e+000
0.00000000e+000
0.00000000e+000
-2.01376168e-001
-6.31607938e-001
3.23724099e-001
3.53444754e-001
-3.53895506e-001
8.32599015e-001
6.34658119e-001
-2.53796646e-002
-1.14669054e-001
0.00000000e+000
2.02535187e-001
-2.50708278e-001
-7.88069021e-001
6.77373426e-002
1.84296475e-001
2.19943795e-002
-1.49148413e-002
-5.77755678e-001
-2.01894128e-001
-3.05424605e-001
-1.64499250e-001
0.00000000e+000
0.00000000e+000
0.00000000e+000
1.72186984e-001
-4.73873235e-001
8.66372947e-002
5.67105574e-002
-2.14063403e-001
3.72456587e-001
4.68959349e-002
1.43205142e-001
-3.93149533e-002
0.00000000e+000
1.58202368e-001
-1.41291179e-001
-3.96536496e-001
5.52065375e-002
1.08554285e-001
1.80470180e-001
1.32512942e-001
-4.54211550e-001
-1.30295831e-001
1.72048585e-001
136
5.78784737e-001
0.00000000e+000
0.00000000e+000
4.87576598e-002
3.35366158e-003
2.47455482e-001
-4.45342154e-004
2.80181888e-001
-1.02119677e-003
0.00000000e+000
0.00000000e+000
-3.82258900e-002
5.97851822e-002
7.48836616e-001
-3.91853043e-001
4.88586389e-002
1.51383233e-001
0.00000000e+000
0.00000000e+000
0.00000000e+000
9.67257986e-002
-1.69913163e-001
-1.91634114e-002
2.10820398e-001
4.60315114e-001
0.00000000e+000
0.00000000e+000
0.00000000e+000
-1.36761638e-001
-2.98945245e-001
3.56163250e-001
0.00000000e+000
3.30613517e-001
-3.37094924e-001
5.64831688e-001
0.00000000e+000
2.11431775e-001
-2.59812638e-006
3.93165632e-001
0.00000000e+000
-4.36628683e-001
-7.60155744e-001
6.92167707e-001
0.00000000e+000
0.00000000e+000
0.00000000e+000
0.00000000e+000
-1.39619851e+000
7.78237096e-001
-5.71118993e-001
-1.09899129e+000
0.00000000e+000
-3.13450292e-002
-2.24329269e-001
4.06055362e-001
-9.02803748e-001
0.00000000e+000
5.25051176e-001
-1.82728761e-001
2.94220378e-001
-4.65309098e-001
-1.25125924e+000
3.42045010e-001
-2.08863659e-001
2.42092455e-001
-1.93861137e-001
0.00000000e+000
4.73342999e-001
-4.79498842e-001
1.50556164e-001
-9.26249861e-002
0.00000000e+000
0.00000000e+000
0.00000000e+000
0.00000000e+000
0.00000000e+000
0.00000000e+000
0.00000000e+000
0.00000000e+000
0.00000000e+000
0.00000000e+000
0.00000000e+000
0.00000000e+000
0.00000000e+000
0.00000000e+000
0.00000000e+000
-5.05176929e-001
-9.70467098e-001
-9.80476513e-001
0.00000000e+000
0.00000000e+000
0.00000000e+000
5.64186296e-001
-2.54482966e+000
5.51424809e-001
5.08126284e-001
-1.19852836e+000
6.10552472e-001
5.45018707e-001
1.14060964e+000
-4.22347711e-001
0.00000000e+000
6.58730072e-001
-8.91564892e-001
-1.38189690e+000
3.26674389e-001
1.31273734e+000
9.66502483e-001
5.82446052e-001
-1.82853594e+000
-5.69009472e-001
8.92278615e-002
-1.19567124e+000
0.00000000e+000
0.00000000e+000
0.00000000e+000
3.82067878e-001
-2.43215227e+000
1.70030046e-001
7.49862226e-001
-1.19437323e+000
6.20272202e-001
9.25819848e-001
1.01630723e-001
-2.99572501e-001
0.00000000e+000
1.18210028e+000
-4.89507387e-001
-1.02976530e+000
6.70300830e-001
-4.88140144e-001
3.83144280e-001
4.02771910e-001
-1.30950299e+000
-1.38988704e-001
5.98331064e-001
3 2
-1.0702e+000 2.5768e-001
6 -1
0 1 2 8 4 7 
217
3.86004158e-001
1.20724598e-003
-5.96658832e-001
-3.13347676e-001
-4.36415602e-002
5.19415355e-002
-2.93833384e-002
2.76265402e-001
3.09688333e-001
3.54714157e-002
2.19345170e-001
-2.08800004e-001
-7.00044469e-002
1.51841064e-001
2.47472301e-001
6.11944025e-003
3.17298828e-001
2.79105100e-001
2.46354535e-003
2.66595853e-001
1.46495887e-001
-4.04703324e-003
3.33853631e-001
-2.87069130e-001
3.02586361e-003
3.56982153e-001
0.00000000e+000
0.00000000e+000
4.07325357e-001
3.20856251e-001
7.29580076e-001
-7.48267184e-001
-2.32598753e-001
-9.08915892e-002
0.00000000e+000
0.00000000e+000
0.00000000e+000
-1.86283699e-002
-2.18712840e-001
-5.65134198e-002
1.77393905e-001
2.20398727e-001
2.82066156e-001
0.00000000e+000
0.00000000e+000
8.39727133e-002
-6.73393840e-002
3.41684857e-002
0.00000000e+000
1.50453107e-001
-6.21994581e-001
5.54967939e-001
0.00000000e+000
-2.63826875e-001
-2.24164720e-002
2.42823240e-001
0.00000000e+000
-4.54022108e-001
-1.31968920e-001
8.81187011e-001
2.59574554e-001
4.24568902e-002
8.39727133e-002
0.00000000e+000
-8.43719356e-001
-1.35356982e+000
7.05833140e-001
1.06896149e+000
5.23890374e-001
7.93958692e-001
0.00000000e+000
-4.83423162e-001
-9.76911950e-001
5.68263182e-001
-5.35229020e-001
3.01164138e-001
-3.53547923e-002
0.00000000e+000
7.38170792e-003
-5.09403132e-001
3.71867763e-001
-3.89940293e-001
6.75468662e-003
-1.79142398e-001
0.00000000e+000
1.34228281e-001
-1.00444328e-001
3.27214375e-001
-2.72843336e-001
-7.54384974e-002
-2.77659201e-002
0.00000000e+000
4.19096742e-001
-2.50460287e-001
4.70713442e-002
-4.04309312e-001
-8.01639288e-002
-2.26775324e-001
0.00000000e+000
2.04088856e-001
-1.72192542e-001
1.62506012e-001
-3.31324053e-001
1.94092906e-002
-2.62953560e-001
0.00000000e+000
0.00000000e+000
0.00000000e+000
0.00000000e+000
0.00000000e+000
0.00000000e+000
0.00000000e+000
0.00000000e+000
0.00000000e+000
0.00000000e+000
0.00000000e+000
0.00000000e+000
0.00000000e+000
0.00000000e+000
-6.56220947e-001
-1.27367744e+000
-4.64357990e-001
0.00000000e+000
0.00000000e+000
0.00000000e+000
4.82213283e-001
-1.03753622e+000
1.51992436e-001
-1.46158696e-001
-8.86985688e-001
4.19032358e-001
2.98078151e-001
6.35996535e-001
6.58709403e-002
0.00000000e+000
8.28359649e-001
-2.43220616e-001
-1.25617002e+000
2.13307504e-001
7.42806311e-001
5.87606317e-001
2.74438544e-001
-1.21322348e+000
-5.45168155e-001
1.64402849e-001
-3.48772348e-001
0.00000000e+000
0.00000000e+000
0.00000000e+000
5.30032649e-002
-1.13273545e+000
8.99980394e-002
5.47859543e-001
-2.45615879e-001
6.22682076e-002
2.49103867e-001
1.10785301e-001
-3.54377072e-001
0.00000000e+000
5.89053827e-003
-2.39508734e-001
-2.51346719e-002
1.69571056e-001
7.29709361e-002
1.39642806e-001
6.64893746e-002
-2.07351708e-001
1.55522983e-001
1.32845255e-001
-1.11486655e+000
0.00000000e+000
0.00000000e+000
0.00000000e+000
1.03655009e-001
-1.18932165e+000
-7.75132018e-003
4.65201272e-001
-7.04577115e-001
6.99732705e-001
7.67245268e-001
-1.24585404e-001
-3.19155784e-001
0.00000000e+000
8.65740484e-001
-3.80130469e-001
-1.02537441e+000
3.83060751e-001
-4.67761834e-001
2.87898325e-001
1.10132853e-001
-8.39705510e-001
-1.27964919e-001
3.88795203e-001
-1.09744837e-001
0.00000000e+000
0.00000000e+000
0.00000000e+000
5.20027714e-002
-2.93564923e-001
5.08742640e-002
-3.09278772e-002
-1.57571789e-001
-7.52632057e-002
-1.33268534e-001
1.74501166e-001
4.24563767e-001
0.00000000e+000
-1.01525678e-001
1.15866465e-001
-1.57050030e-001
5.75418990e-002
3.91742718e-001
3.98439274e-002
7.72822294e-002
-2.42192033e-001
-1.27889071e-001
-1.74710903e-001
136
6.60189745e-001
6.70153534e-001
-4.91123510e-005
5.62143690e-001
-1.87937462e-004
3.32273188e-001
-1.37741397e-002
-9.04380668e-001
-6.10574296e-004
0.00000000e+000
0.00000000e+000
6.70319029e-001
7.78423264e-001
1.18475059e+000
-8.96027846e-001
-5.65214971e-001
-5.12060318e-001
0.00000000e+000
0.00000000e+000
0.00000000e+000
9.27307868e-002
-1.64266326e-001
-9.52684982e-002
1.15611818e-001
2.81247184e-001
4.30134780e-001
0.00000000e+000
0.00000000e+000
-7.61691884e-002
-3.81880667e-001
5.74256000e-001
0.00000000e+000
4.71585760e-001
-6.15398199e-001
6.52747620e-001
0.00000000e+000
3.60322105e-001
-3.42676694e-001
5.86733892e-001
0.00000000e+000
-4.34583470e-001
-8.94656876e-001
7.59909462e-001
0.00000000e+000
0.00000000e+000
0.00000000e+000
0.00000000e+000
-2.23461244e+000
6.08156745e-001
-7.18442799e-001
-1.03145150e+000
0.00000000e+000
3.21155207e-001
-2.61352660e-001
4.98681680e-001
-8.03482085e-001
0.00000000e+000
7.20585448e-001
-7.89548029e-002
3.37256914e-001
-4.45703335e-001
-9.16093438e-001
5.48972137e-001
-1.21968904e-001
2.74357194e-001
-1.50117978e-001
0.00000000e+000
3.28554595e-001
-4.27382573e-001
1.30506353e-001
-1.06106290e-001
0.00000000e+000
2.72429816e-001
-3.28681625e-001
1.57652565e-001
-1.47424929e-001
0.00000000e+000
0.00000000e+000
0.00000000e+000
0.00000000e+000
0.00000000e+000
0.00000000e+000
0.00000000e+000
0.00000000e+000
0.00000000e+000
0.00000000e+000
-5.00446547e-001
-1.00543647e+000
-9.80495914e-001
0.00000000e+000
0.00000000e+000
0.00000000e+000
5.56120456e-001
-2.37504765e+000
4.79101056e-001
4.91800245e-001
-1.22145593e+000
6.12630956e-001
5.15965119e-001
1.06377058e+000
-3.90872755e-001
0.00000000e+000
7.03649456e-001
-7.37847346e-001
-1.39304542e+000
2.97034272e-001
1.11935475e+000
9.13343018e-001
5.55995947e-001
-1.80690078e+000
-5.59405712e-001
1.95313820e-001
-1.21863410e+000
0.00000000e+000
0.00000000e+000
0.00000000e+000
3.47137821e-001
-2.32996718e+000
2.80337745e-001
7.34664533e-001
-1.12869301e+000
1.02853337e+000
9.27180986e-001
1.00093308e-001
-4.73223245e-001
0.00000000e+000
1.05371582e+000
-5.81365073e-001
-1.13791977e+000
5.70787735e-001
-3.39490876e-001
3.81185540e-001
3.82579901e-001
-1.37667174e+000
-1.99687602e-001
5.42167645e-001
6 1
-1.2788e+000 2.7614e-001
7 1
0 1 2 8 4 7 3 
217
3.68228597e-001
-2.88010943e-001
-3.16900955e-001
-1.60189046e-002
9.99039998e-002
1.67742161e-001
1.91923024e-001
-8.32007110e-002
7.81726638e-002
-1.09456117e-001
-1.46596550e-002
4.90630403e-002
1.28885643e-002
2.26859397e-001
0.00000000e+000
0.00000000e+000
0.00000000e+000
-9.00743090e-002
-1.98568233e-003
3.81817360e-001
1.69316460e-001
-2.00227817e-003
1.99011526e-001
2.88986446e-001
1.11921776e-003
2.60225281e-002
0.00000000e+000
0.00000000e+000
4.01370937e-001
3.41593314e-001
4.96091518e-001
-9.52357290e-001
-2.20315058e-002
1.03561624e-001
0.00000000e+000
0.00000000e+000
0.00000000e+000
2.56398136e-001
-3.55759364e-001
-3.08347642e-001
-1.11940397e-001
7.64108432e-002
4.99592876e-001
3.11874145e-001
0.00000000e+000
1.01841336e-001
-4.29202500e-001
6.50592788e-002
0.00000000e+000
-3.96529156e-002
-2.65282425e-001
6.58317099e-001
0.00000000e+000
-2.05466290e-001
5.25776449e-003
5.24989685e-001
0.00000000e+000
-5.22702384e-001
-3.38100744e-001
8.13170692e-001
4.19620787e-001
-1.53233526e-001
1.01841336e-001
0.00000000e+000
-1.02732790e+000
-1.17134294e+000
7.93062478e-001
1.22203243e+000
6.02494024e-001
1.17852950e+000
0.00000000e+000
-6.65980253e-001
-1.07856701e+000
7.01609586e-001
-5.72929719e-001
3.32599265e-001
-8.32799784e-002
0.00000000e+000
6.24792741e-002
-3.15076858e-001
2.57287516e-001
-5.39369322e-001
4.84618071e-002
-1.68369732e-001
0.00000000e+000
9.10798728e-002
5.81648106e-002
2.15094744e-001
-4.86104190e-001
6.20539800e-002
-9.00532324e-002
0.00000000e+000
2.99412740e-001
-1.91987570e-001
3.38886654e-003
-6.45888314e-001
6.54269905e-002
-1.45963406e-001
0.00000000e+000
4.55119065e-002
-1.30546674e-001
1.34245729e-001
-4.77169386e-001
1.88470962e-001
1.25502309e-001
9.54227335e-002
-5.78035699e-002
-3.47451977e-001
2.60389041e-001
1.54301178e-001
7.02203925e-002
9.57989952e-002
0.00000000e+000
0.00000000e+000
0.00000000e+000
0.00000000e+000
0.00000000e+000
0.00000000e+000
0.00000000e+000
-6.85737720e-001
-1.07710728e+000
-9.88428266e-001
0.00000000e+000
0.00000000e+000
0.00000000e+000
4.10355799e-001
-7.27783932e-001
-4.42331400e-001
-4.24442562e-001
-7.54277779e-001
5.37548199e-002
2.36194702e-001
4.73837842e-001
2.76344330e-001
0.00000000e+000
7.97599559e-001
-7.54081752e-001
-9.32498668e-001
4.98097444e-001
5.88030569e-001
2.93043511e-001
-1.80662834e-001
-7.03291301e-001
-1.87456624e-001
4.91140008e-001
-5.38630744e-002
0.00000000e+000
0.00000000e+000
0.00000000e+000
1.06550458e-001
-9.39006118e-001
2.73434491e-001
2.99914286e-001
-3.01116190e-001
2.06039454e-001
1.07557334e-001
1.73668517e-001
-7.91891392e-002
0.00000000e+000
9.63660853e-002
-4.41467319e-002
-1.97078444e-001
2.73528751e-002
4.08341715e-002
2.35773862e-001
2.71087992e-001
-3.04249211e-001
-2.69983310e-002
-6.58433216e-004
-1.14855477e+000
0.00000000e+000
0.00000000e+000
0.00000000e+000
1.04073175e-001
-7.42570392e-001
-9.03178473e-002
2.50437574e-001
-4.95815207e-001
7.04610781e-001
4.77568877e-001
2.06727704e-001
-2.38657555e-001
0.00000000e+000
5.13276968e-001
-2.33271679e-001
-8.66928871e-001
9.98192255e-002
5.48487389e-002
2.00579118e-001
-1.85808970e-001
-6.69967541e-001
-2.96074881e-001
5.89160078e-002
-4.19346129e-002
0.00000000e+000
0.00000000e+000
0.00000000e+000
1.23322798e-001
-8.96967131e-001
1.63009988e-001
2.03658993e-001
-3.46709636e-001
8.63079071e-002
1.53362544e-001
3.38546866e-002
-5.77829150e-002
0.00000000e+000
2.33594060e-001
-4.26379832e-002
-1.57653176e-001
2.37608689e-001
4.55364997e-002
4.64432450e-002
1.74160706e-001
-2.90666320e-001
9.12030287e-002
1.58419404e-001
136
2.89868476e-001
0.00000000e+000
0.00000000e+000
-7.08441581e-002
1.78288532e-003
2.00528537e-001
-1.81331930e-003
1.60184098e-001
1.37506324e-003
0.00000000e+000
0.00000000e+000
1.54617955e-001
1.11813499e-001
5.33470660e-001
-6.67161761e-001
-5.36153180e-002
2.10743442e-001
0.00000000e+000
0.00000000e+000
0.00000000e+000
9.02742726e-002
-1.38453023e-001
-1.81577696e-001
-3.27847383e-002
1.43127004e-001
2.45123439e-001
1.64159218e-001
0.00000000e+000
-4.90951846e-002
-2.74790964e-001
2.42056705e-001
0.00000000e+000
3.43771830e-001
-4.25096967e-001
4.73998002e-001
0.00000000e+000
1.79559140e-001
-1.39283985e-001
3.75883969e-001
0.00000000e+000
-4.67022714e-001
-6.35282469e-001
6.65171114e-001
0.00000000e+000
0.00000000e+000
0.00000000e+000
0.00000000e+000
-1.47445439e+000
8.52454256e-001
-4.96879379e-001
-1.12134420e+000
0.00000000e+000
7.21307080e-003
-3.15528789e-001
4.75178561e-001
-8.10053768e-001
0.00000000e+000
3.34329681e-001
-1.45453101e-001
2.48405022e-001
-4.72042904e-001
-8.36734066e-001
2.61748237e-001
-1.96962095e-001
2.24940374e-001
-1.78286090e-001
0.00000000e+000
2.02294184e-001
-4.49816575e-001
1.10539732e-001
-1.21619197e-001
0.00000000e+000
1.16762967e-001
-3.36641943e-001
1.21823398e-001
-1.57081274e-001
9.77244688e-002
-4.18948876e-002
2.37371915e-001
-6.52010453e-002
-3.31890194e-001
0.00000000e+000
0.00000000e+000
0.00000000e+000
0.00000000e+000
0.00000000e+000
-4.86866998e-001
-9.80266475e-001
-9.63852286e-001
0.00000000e+000
0.00000000e+000
0.00000000e+000
5.64020385e-001
-2.36408730e+000
4.71636349e-001
5.65870496e-001
-1.20463514e+000
6.27270589e-001
5.52507039e-001
1.08924265e+000
-4.95154938e-001
0.00000000e+000
6.52302438e-001
-6.95918667e-001
-1.36723000e+000
2.98066478e-001
1.16143152e+000
9.45771085e-001
5.51028292e-001
-1.87208069e+000
-5.83955184e-001
1.40062306e-001
-1.17929048e+000
0.00000000e+000
0.00000000e+000
0.00000000e+000
3.21298495e-001
-2.18511357e+000
2.19780027e-001
7.00983121e-001
-1.09937109e+000
9.69165507e-001
9.04813780e-001
7.93446452e-002
-2.99173405e-001
0.00000000e+000
1.04862015e+000
-5.76294472e-001
-1.12340984e+000
5.62795196e-001
-3.76513710e-001
3.72090244e-001
3.72033028e-001
-1.35579078e+000
-2.08299110e-001
4.93751313e-001
