0 1 5 -1 -1
1 1 2 -1 -1
0.2863 -0.6827
356
3.66631081e-001
3.75517548e-001
0.00000000e+000
1.37819971e+000
-1.29750997e-001
-1.12118403e+000
7.79271626e-001
-5.05702221e-001
1.51561866e-001
4.64420353e-001
1.13885730e-002
-1.31073775e-001
-6.01825715e-002
7.28744588e-001
6.22772791e-001
2.66823354e-002
3.66631081e-001
0.00000000e+000
-8.41098546e-001
6.22022663e-001
5.02079539e-001
-1.45962115e-001
0.00000000e+000
0.00000000e+000
-4.39385755e-001
-5.36405055e-001
0.00000000e+000
0.00000000e+000
-2.05935112e-001
-2.98121088e-001
-3.37042346e-001
0.00000000e+000
0.00000000e+000
0.00000000e+000
0.00000000e+000
0.00000000e+000
0.00000000e+000
0.00000000e+000
0.00000000e+000
0.00000000e+000
0.00000000e+000
0.00000000e+000
0.00000000e+000
0.00000000e+000
0.00000000e+000
0.00000000e+000
0.00000000e+000
0.00000000e+000
0.00000000e+000
0.00000000e+000
0.00000000e+000
-5.74769067e-001
-7.01647101e-001
-1.21436780e+000
0.00000000e+000
0.00000000e+000
0.00000000e+000
0.00000000e+000
-2.52426318e-001
7.85147838e-001
5.95398491e-001
2.57557834e-002
5.06804653e-001
-9.10497121e-001
-4.41814006e-001
-1.37856307e-001
-4.13317388e-002
1.01141297e+000
-4.82481556e-002
-1.39170069e-002
-1.90296066e-001
-3.17197005e-001
-3.07157496e-003
-2.81498002e-001
0.00000000e+000
0.00000000e+000
0.00000000e+000
0.00000000e+000
0.00000000e+000
0.00000000e+000
0.00000000e+000
0.00000000e+000
0.00000000e+000
0.00000000e+000
0.00000000e+000
0.00000000e+000
0.00000000e+000
2.21124378e-001
1.45506702e-001
0.00000000e+000
-6.06400224e-001
-1.83917385e-001
-1.07579678e+000
-5.29284234e-001
-2.22194187e-001
-2.81087386e-001
2.42994492e-001
-2.38561945e-003
4.21065364e-001
5.49419755e-002
0.00000000e+000
0.00000000e+000
0.00000000e+000
0.00000000e+000
1.42132236e+000
1.26381128e+000
0.00000000e+000
0.00000000e+000
0.00000000e+000
0.00000000e+000
0.00000000e+000
0.00000000e+000
5.31429467e-002
3.31792572e-001
3.34000744e-001
-5.90611170e-003
-3.48637557e-001
-1.41908387e+000
2.31545670e+000
7.24918984e-002
-3.50407518e-001
-6.76676503e-001
-4.79137249e-001
-1.45807603e+000
7.31627338e-001
1.24772002e-001
3.28073178e-001
-9.24241407e-002
-5.30279988e-001
-8.82599884e-001
2.12170445e+000
1.95752723e+000
1.81345973e+000
1.59889111e+000
1.73570274e+000
1.50241420e+000
6.66478369e-001
7.22938185e-001
5.74334781e-001
5.84230311e-001
1.76484221e-001
-4.38875023e-001
-9.38838947e-001
-1.36464477e+000
-1.34641142e+000
-1.41035512e+000
-1.20460893e+000
-5.35594059e-001
0.00000000e+000
0.00000000e+000
0.00000000e+000
0.00000000e+000
-5.76348703e-001
2.06753298e+000
0.00000000e+000
0.00000000e+000
9.42979784e-001
-2.47537180e-001
0.00000000e+000
-1.96122534e-001
-3.64989188e-001
-1.22290287e+000
-6.89702090e-001
5.21845210e-001
-1.05469128e+000
0.00000000e+000
0.00000000e+000
0.00000000e+000
8.27927893e-001
-3.33140229e-001
2.24420827e-001
-1.74402904e-001
-9.55113604e-001
1.09187506e+000
2.24303110e-001
2.64276137e-001
-4.65032213e-001
0.00000000e+000
1.26976860e+000
8.56030493e-002
-4.02839815e-001
3.43789052e-001
-2.69162425e+000
-1.27841063e-001
2.48262808e-001
-9.30434835e-001
-7.17992555e-002
5.17310361e-001
4.41102553e-001
0.00000000e+000
0.00000000e+000
0.00000000e+000
-1.59329666e-001
3.64463835e-001
-1.77236628e-001
6.01765252e-002
1.16442982e-001
-2.18619103e-001
-7.95818395e-002
-3.40134766e-001
3.73017230e-001
0.00000000e+000
-3.57286342e-001
2.20345462e-001
5.40791822e-002
1.98710367e-001
2.89006110e-001
-2.89867884e-002
-4.40488783e-002
1.91831962e-001
1.37946559e-001
-1.59693652e-001
-3.52794854e-001
-2.94302076e-001
0.00000000e+000
2.81824021e-001
1.73043178e-001
5.39439321e-001
5.17715471e-002
-8.85512945e-001
-7.18402299e-001
0.00000000e+000
0.00000000e+000
0.00000000e+000
7.03208338e-002
-1.15091002e-003
-1.18770370e-001
8.56073171e-001
-4.26143388e-001
5.92598819e-001
9.13395161e-001
-1.04447487e+000
-2.65063801e-001
0.00000000e+000
5.75817369e-001
6.70194069e-001
1.85524502e-001
-1.89140005e-001
-1.96714029e+000
-8.55655382e-001
-3.05397248e-001
-3.52720506e-002
-9.23948561e-002
7.18276955e-001
-5.84927781e-002
0.00000000e+000
2.40910439e-001
1.36231878e-001
-7.01896423e-001
-7.06871113e-002
0.00000000e+000
-3.63222304e-001
2.44051366e-001
9.06835567e-001
1.61155783e-001
-1.13867846e+000
-6.31209312e-001
0.00000000e+000
0.00000000e+000
-9.22565893e-002
-7.01057664e-001
0.00000000e+000
0.00000000e+000
0.00000000e+000
-7.67949679e-001
7.99376880e-001
-2.83914838e-001
-1.86748498e-001
-3.42326013e-001
9.22855318e-001
6.81313861e-002
-3.69647926e-002
-7.88329668e-001
0.00000000e+000
-2.84465060e-001
7.97829570e-001
-1.13447031e+000
8.52490242e-001
-3.45242511e-001
9.64477168e-002
-1.56778238e-001
5.52542772e-001
-1.97756176e-003
-4.61564382e-001
2.38584421e-001
0.00000000e+000
0.00000000e+000
0.00000000e+000
3.99207190e-001
0.00000000e+000
5.50969413e-001
1.29023001e+000
0.00000000e+000
4.74960085e-002
0.00000000e+000
-5.04543560e-001
0.00000000e+000
0.00000000e+000
5.50290558e-001
0.00000000e+000
0.00000000e+000
0.00000000e+000
-1.24454875e+000
-6.56504486e-002
3.00212849e-001
0.00000000e+000
0.00000000e+000
7.09279094e-001
4.94251728e-002
1.78783367e-001
-2.71623163e-001
4.50406530e-001
0.00000000e+000
3.59449553e-001
1.64185869e-001
-3.44852054e-001
-5.98909551e-001
0.00000000e+000
0.00000000e+000
0.00000000e+000
-1.32338025e-001
0.00000000e+000
-2.86335256e-001
-2.16041120e+000
0.00000000e+000
1.93871316e-001
0.00000000e+000
1.46915611e+000
0.00000000e+000
0.00000000e+000
-5.41175943e-001
0.00000000e+000
0.00000000e+000
0.00000000e+000
2.44732199e+000
8.43442592e-001
9.76793482e-002
0.00000000e+000
0.00000000e+000
-9.55438136e-001
-1.29358195e-001
1.93521675e-001
-3.22879869e-001
0.00000000e+000
-7.50482836e-001
0.00000000e+000
0.00000000e+000
0.00000000e+000
0.00000000e+000
0.00000000e+000
0.00000000e+000
0.00000000e+000
6.51203405e-001
6.51203405e-001
0.00000000e+000
0.00000000e+000
247
-2.80352094e+000
-2.80352094e+000
0.00000000e+000
5.94924411e+000
0.00000000e+000
0.00000000e+000
-1.37541907e+000
8.93059424e-001
-5.05200084e-001
2.84264789e-001
3.60034128e-001
3.42879098e-001
-2.77289918e-001
2.47955009e-002
-2.80352094e+000
0.00000000e+000
-1.68214312e+000
-1.12137783e+000
8.38085074e-002
0.00000000e+000
0.00000000e+000
0.00000000e+000
0.00000000e+000
-2.06390641e-001
-2.99996490e-001
0.00000000e+000
0.00000000e+000
0.00000000e+000
0.00000000e+000
0.00000000e+000
0.00000000e+000
0.00000000e+000
0.00000000e+000
0.00000000e+000
0.00000000e+000
0.00000000e+000
0.00000000e+000
0.00000000e+000
0.00000000e+000
0.00000000e+000
0.00000000e+000
2.35780393e-001
-2.16965371e-002
-5.40238703e-001
-7.53303360e-003
0.00000000e+000
0.00000000e+000
0.00000000e+000
0.00000000e+000
0.00000000e+000
0.00000000e+000
0.00000000e+000
0.00000000e+000
0.00000000e+000
0.00000000e+000
0.00000000e+000
4.33266801e+000
4.28351459e+000
0.00000000e+000
8.88039967e-001
1.61325169e+000
0.00000000e+000
0.00000000e+000
0.00000000e+000
0.00000000e+000
0.00000000e+000
0.00000000e+000
-3.27958114e-003
2.34810513e-001
-2.81981490e-002
-4.63051410e-001
-1.04222463e+000
-2.38961765e+000
-1.43820570e+000
8.50608367e-001
3.88157801e-001
0.00000000e+000
0.00000000e+000
2.90796802e-001
7.31009652e-001
1.37483074e-001
1.27202807e-001
-4.57773169e-001
-1.26966988e+000
-5.63629360e-001
4.67112556e+000
4.58869154e+000
4.45977958e+000
4.26135096e+000
4.13731758e+000
4.20719100e+000
-1.15870515e-001
1.55267636e-001
1.16348339e-001
5.73529537e-002
-1.20953094e-001
-3.70960320e-001
-6.72278609e-001
-1.13832845e+000
-1.36117619e+000
-1.64236347e+000
-6.62794841e-001
-1.71162381e-001
0.00000000e+000
-3.12139575e+000
3.39005504e+000
0.00000000e+000
3.17874811e-001
-3.74881911e-001
0.00000000e+000
-2.16587486e+000
-3.94548879e-001
-1.37751969e+000
-2.07189891e+000
-1.78998860e-001
-1.77206857e+000
0.00000000e+000
0.00000000e+000
0.00000000e+000
3.67638877e-001
-2.10657243e-001
3.08993888e-001
-4.64858730e-001
-9.91254133e-001
9.31881780e-001
-6.53602610e-001
3.75952403e-001
3.23086016e-001
0.00000000e+000
5.31446275e-001
-1.64224668e-001
4.71480766e-001
5.50299188e-001
-3.34899602e+000
9.83302441e-002
2.82204825e-001
-7.05985091e-001
4.83550814e-001
4.26448471e-002
-1.21440789e+000
-6.91622578e-001
0.00000000e+000
4.34116159e-001
2.51229811e-001
4.71553136e-001
0.00000000e+000
0.00000000e+000
0.00000000e+000
1.46618291e-003
5.52505121e-001
-9.49494060e-003
-4.32034241e-001
5.49756379e-001
-2.39066305e-001
-3.21870881e-001
3.76565621e-001
-7.35875469e-002
0.00000000e+000
-1.11392261e-001
-2.21490926e-001
-4.51820346e-001
8.46123665e-002
1.13897915e+000
2.60913698e-001
-3.57832611e-004
-6.34647176e-003
-2.49937890e-001
-3.75845745e-001
-5.22785313e-001
0.00000000e+000
9.84192236e-001
6.83392098e-001
-5.57660682e-001
2.97073698e-001
0.00000000e+000
-7.12134954e-001
-1.23067146e-001
-8.54734380e-001
0.00000000e+000
0.00000000e+000
8.64921073e-002
-2.25089777e+000
0.00000000e+000
0.00000000e+000
0.00000000e+000
6.16882560e-001
2.43052176e+000
1.68248307e+000
1.20865460e+000
0.00000000e+000
2.43491213e+000
2.22854756e+000
1.47243877e+000
0.00000000e+000
0.00000000e+000
1.63299058e+000
2.21951903e+000
9.22770726e-001
2.02905422e+000
4.33830589e-002
1.18809676e+000
1.41736650e+000
0.00000000e+000
1.29093763e+000
1.42311856e+000
-6.04113667e-001
9.80875038e-002
6.49677024e-002
3.31198014e-002
0.00000000e+000
3.99209687e-001
0.00000000e+000
0.00000000e+000
0.00000000e+000
3.37530735e-001
0.00000000e+000
0.00000000e+000
0.00000000e+000
0.00000000e+000
0.00000000e+000
0.00000000e+000
-6.58290637e-001
0.00000000e+000
0.00000000e+000
2.75096294e-001
0.00000000e+000
0.00000000e+000
0.00000000e+000
0.00000000e+000
-5.29250118e-001
-3.68278692e-002
0.00000000e+000
0.00000000e+000
7.39527802e-001
-7.02201171e-001
-1.71058227e-001
-5.31142944e-001
0.00000000e+000
-1.64678410e+000
0.00000000e+000
0.00000000e+000
0.00000000e+000
0.00000000e+000
5.23202310e-001
5.23202310e-001
0.00000000e+000
0.00000000e+000
1 0 -999999999 0 -1
1 1 0 1 -1
4.3169e-002 -2.1898e-001
356
2.64167744e-001
-3.67636027e-002
3.00931347e-001
7.59683683e-001
-1.49715981e-001
-7.32067540e-001
5.29182990e-001
1.42921567e-001
-3.99059852e-002
-2.65866595e-001
2.86780748e-001
-3.02556261e-001
1.58642076e-001
5.27102257e-001
4.47820130e-001
-2.15238704e-001
0.00000000e+000
0.00000000e+000
0.00000000e+000
0.00000000e+000
0.00000000e+000
0.00000000e+000
0.00000000e+000
0.00000000e+000
0.00000000e+000
0.00000000e+000
0.00000000e+000
0.00000000e+000
0.00000000e+000
0.00000000e+000
0.00000000e+000
-3.67636027e-002
3.00931347e-001
-7.96447286e-001
-1.49715981e-001
5.44394740e-001
2.15326564e-001
5.60752002e-001
1.37704068e-001
1.98931682e-001
9.60920568e-001
0.00000000e+000
0.00000000e+000
0.00000000e+000
0.00000000e+000
0.00000000e+000
0.00000000e+000
0.00000000e+000
0.00000000e+000
0.00000000e+000
0.00000000e+000
-7.05723074e-001
-3.92662135e-001
-6.85127808e-001
0.00000000e+000
0.00000000e+000
0.00000000e+000
0.00000000e+000
-2.64000492e-001
4.80579578e-001
3.10459352e-001
3.17882602e-001
6.09069661e-001
-5.38868504e-001
2.59900940e-002
-3.15026377e-001
-4.17350872e-001
6.19850613e-001
-5.41403172e-001
-3.46650300e-003
5.35699057e-001
-3.28853856e-002
-1.76520347e-003
2.06707245e-001
4.12289198e-001
-7.04021855e-004
-1.14896548e-001
4.26167105e-001
1.98488186e-004
-1.25926371e-001
0.00000000e+000
0.00000000e+000
0.00000000e+000
0.00000000e+000
0.00000000e+000
0.00000000e+000
0.00000000e+000
-2.54537066e-001
2.37670460e-001
2.81071972e-001
-3.65825196e-001
-2.68560917e-001
-4.74981128e-001
-5.12744863e-001
-8.12254901e-001
-7.67406647e-001
2.28025635e-001
9.41219115e-002
-1.62155964e-001
-4.33795416e-002
-6.75740994e-001
3.25000870e-001
0.00000000e+000
0.00000000e+000
5.84774540e-001
3.87458074e-001
0.00000000e+000
0.00000000e+000
0.00000000e+000
0.00000000e+000
0.00000000e+000
0.00000000e+000
3.75125504e-001
5.22936137e-001
5.77505270e-001
1.12731861e-001
-3.76944393e-001
-1.53196117e+000
1.52370901e+000
7.64996432e-001
-7.80781301e-001
-2.85582560e-001
-3.63771996e-001
-1.10468080e+000
5.98549556e-001
1.61572644e-001
2.99385682e-001
-2.56955300e-001
-1.88542860e-001
-4.91188836e-001
2.10569468e-001
1.61041619e-001
9.37019551e-002
6.94173114e-002
1.66622945e-001
-6.76306567e-002
2.83952401e-001
3.66178192e-001
2.01014709e-001
2.17765685e-001
5.75281553e-002
-8.14846322e-001
1.13106273e-001
-3.32736813e-002
1.36569010e-001
-1.11481123e-001
-5.75028564e-002
-2.10226461e-001
0.00000000e+000
0.00000000e+000
0.00000000e+000
0.00000000e+000
-2.46111215e-001
1.76888545e+000
0.00000000e+000
0.00000000e+000
5.10278960e-001
-5.75433149e-002
0.00000000e+000
0.00000000e+000
7.46767880e-002
-4.22995235e-002
-3.95283583e-001
-8.00260753e-002
-3.20606795e-001
0.00000000e+000
0.00000000e+000
0.00000000e+000
5.72235223e-001
1.13104139e-001
-1.54010013e-001
-8.62324932e-002
-4.41841787e-001
2.93851858e-001
1.58804072e-001
1.90874847e-001
2.36822746e-001
0.00000000e+000
9.88372346e-001
-1.70647454e-001
-4.82952337e-001
4.68886733e-001
-1.75631324e+000
3.27185767e-001
-4.12958725e-002
-6.40366420e-001
-4.71967793e-002
1.50111866e-001
1.09812852e-001
0.00000000e+000
0.00000000e+000
0.00000000e+000
-3.37124468e-002
2.16291839e-001
-1.00248469e-001
-7.75151984e-002
5.80385462e-002
6.72467985e-002
-1.29401601e-001
-7.13777114e-003
1.17913862e-001
0.00000000e+000
-1.96471857e-001
1.48517503e-001
5.11244925e-002
6.64647209e-002
-3.12358751e-001
-1.24377604e-001
4.14303034e-002
1.23717318e-001
1.86287935e-001
1.40032310e-002
-9.27961203e-002
3.48782917e-002
0.00000000e+000
2.55941130e-001
2.38904770e-001
3.08633006e-001
1.59175343e-001
-4.32930057e-001
-6.91459789e-002
0.00000000e+000
0.00000000e+000
0.00000000e+000
2.06593119e-001
3.63941491e-001
-1.38814658e-001
5.51489736e-001
-3.01779900e-001
3.30804296e-001
6.18001603e-001
-9.82936275e-001
1.23440894e-001
0.00000000e+000
7.73175534e-001
4.91897739e-002
1.05455045e-001
-3.71883821e-002
-1.49279618e+000
-7.92509221e-001
-2.62456615e-001
1.60325918e-001
7.45904644e-002
5.82327375e-001
-1.27674412e-001
0.00000000e+000
-1.08384223e-001
-8.99305870e-002
-2.27810675e-001
3.97984964e-002
0.00000000e+000
0.00000000e+000
-5.05813825e-003
4.34290830e-001
6.36270375e-002
-4.58119371e-001
-2.67609171e-001
0.00000000e+000
0.00000000e+000
1.54474036e-002
-1.22325599e-001
0.00000000e+000
0.00000000e+000
0.00000000e+000
-6.42678500e-001
9.25876829e-001
1.61325395e-002
2.43516875e-003
-6.85217510e-001
3.87754519e-001
-1.89381187e-001
1.25688758e-001
7.65682738e-002
0.00000000e+000
-4.30834112e-002
7.69942949e-001
-9.98879856e-001
6.19370780e-001
-3.01867788e-001
1.42150334e-001
2.50462850e-001
-1.38836015e-001
-4.06508996e-002
-3.98113433e-001
1.27254248e-001
0.00000000e+000
0.00000000e+000
0.00000000e+000
1.47812120e-001
-6.73550245e-001
-3.28140893e-001
-7.13231597e-002
3.50988477e-001
2.02319697e-001
4.08476106e-001
-2.62991627e-001
1.10263771e-001
0.00000000e+000
1.47374888e-001
6.23565347e-002
4.17746752e-001
1.31867415e-001
-9.19004784e-001
-2.38874030e-001
-2.39819995e-001
1.19418886e-001
4.51952572e-001
3.10381762e-001
1.11616205e-001
1.78714168e-001
-1.62675662e-001
-3.36047038e-002
-1.28792776e-001
3.89957500e-001
1.97330892e-001
-4.08574224e-001
-5.63686375e-001
0.00000000e+000
0.00000000e+000
0.00000000e+000
-2.63714990e-001
-9.04041552e-002
2.50424632e-001
-3.71139615e-001
-3.51412174e-002
-2.76436817e-001
-6.34738912e-001
1.07549049e+000
-5.16885845e-001
0.00000000e+000
-4.43542246e-001
-7.68600808e-002
-2.95910606e-001
-1.20279016e-001
1.40956777e+000
7.78557712e-001
1.73468123e-001
-9.26158283e-002
-3.33190093e-001
-7.00335682e-001
-6.70979628e-002
-1.03264583e-002
2.47963325e-001
-9.83719692e-002
-2.33941804e-001
-2.21013692e-001
-2.65401438e-001
-4.36316949e-002
2.36552117e-001
3.58359865e-001
-1.50932967e-001
-4.28440589e-001
-1.29281125e-002
-6.25124263e-001
-7.19227648e-003
2.46582252e-001
247
-3.68948880e-001
-3.68948880e-001
0.00000000e+000
-2.58401269e-001
-1.10547612e-001
0.00000000e+000
-8.34711249e-001
6.16649437e-001
-1.24065874e-001
1.37148221e-001
-1.38547693e-001
7.04587300e-003
-1.30749637e-001
2.12303923e-002
0.00000000e+000
0.00000000e+000
0.00000000e+000
0.00000000e+000
0.00000000e+000
0.00000000e+000
0.00000000e+000
0.00000000e+000
0.00000000e+000
0.00000000e+000
0.00000000e+000
0.00000000e+000
0.00000000e+000
-3.68948880e-001
0.00000000e+000
-2.58401269e-001
-1.10547612e-001
0.00000000e+000
6.51634289e-001
-2.09780009e-001
0.00000000e+000
0.00000000e+000
0.00000000e+000
0.00000000e+000
0.00000000e+000
0.00000000e+000
0.00000000e+000
1.79202946e-001
-8.87991349e-003
-1.94442837e-001
8.03207207e-004
-1.69516765e-001
-9.49090269e-004
-1.84192224e-001
-3.17532962e-005
0.00000000e+000
0.00000000e+000
0.00000000e+000
0.00000000e+000
0.00000000e+000
0.00000000e+000
0.00000000e+000
-4.11358132e-001
-5.50794158e-002
9.74886674e-002
-6.33444546e-002
-2.14597593e-002
0.00000000e+000
0.00000000e+000
0.00000000e+000
0.00000000e+000
0.00000000e+000
0.00000000e+000
3.30541044e-001
5.78744060e-001
4.06841457e-001
7.21777107e-002
-2.34970581e-001
-1.45893812e+000
9.37507656e-001
4.55082645e-001
0.00000000e+000
-1.37667010e+000
4.18015884e-001
-1.54752047e+000
4.90208705e-001
3.25172241e-001
5.65381796e-001
-2.69384087e-001
1.35443110e-002
-3.00587210e-001
1.77245305e-001
2.04822327e-001
6.71161267e-002
2.57085981e-001
2.29766593e-001
-1.18289252e-001
2.12795981e-002
1.40587762e-001
2.39352301e-001
3.23681221e-001
-2.94088518e-001
-9.70196105e-001
4.54312353e-001
2.60415833e-001
1.99505622e-002
1.04939349e-001
5.11300379e-002
3.72655102e-001
0.00000000e+000
-1.17182488e+000
1.67465849e+000
0.00000000e+000
8.02875996e-001
-1.10722133e-001
0.00000000e+000
0.00000000e+000
-1.21416328e-002
-2.93462793e-001
-4.72347462e-001
1.28127359e-001
-3.05604425e-001
0.00000000e+000
0.00000000e+000
0.00000000e+000
4.25111946e-001
-4.45946987e-001
2.25012875e-001
-2.02133028e-001
-3.54353452e-001
6.52316501e-001
4.90387352e-002
3.97614832e-001
-7.88538454e-001
0.00000000e+000
7.97403045e-001
3.35224853e-001
-4.05185104e-001
7.69445429e-001
-1.05606553e+000
2.68552930e-001
5.36811135e-001
-1.17520752e+000
-1.12440216e-001
-2.22266425e-001
-8.88484437e-002
4.04360756e-002
0.00000000e+000
-1.17247921e-001
-5.22137635e-002
-1.34904910e-003
0.00000000e+000
0.00000000e+000
0.00000000e+000
-1.40204458e-001
-1.18489361e-001
6.58806208e-002
-1.85428294e-001
-1.40765681e-001
-2.33724814e-001
-1.76780902e-001
4.14275081e-001
-1.73710736e-001
0.00000000e+000
-6.94195670e-002
2.16165879e-002
-2.44427036e-001
-1.31620548e-002
1.09673042e+000
9.54853379e-002
-7.23908975e-002
6.59954228e-002
4.60341726e-002
-2.38862886e-001
-1.29284519e-001
0.00000000e+000
2.12863953e-001
3.26190960e-002
-2.16755982e-001
-5.25777084e-002
0.00000000e+000
0.00000000e+000
3.54802954e-001
-1.64178273e-001
0.00000000e+000
0.00000000e+000
4.77857427e-001
-3.44220103e-001
0.00000000e+000
0.00000000e+000
0.00000000e+000
-4.92468522e-001
-1.35654474e-002
-3.25210687e-001
-1.21862704e-002
8.73703120e-002
4.26303367e-001
7.99100077e-001
-1.76643148e-001
-4.33355432e-001
0.00000000e+000
1.41246748e-001
8.83568629e-001
-6.27812164e-001
4.55146319e-001
-1.29365739e+000
2.79247060e-001
-6.41634409e-002
1.09904680e-001
3.32216784e-001
-4.19261583e-001
-3.40697682e-003
2.43025855e-002
4.45768749e-002
1.92695734e-001
2.32894908e-001
9.24802406e-002
0.00000000e+000
0.00000000e+000
0.00000000e+000
2.39367899e-001
2.92671813e-001
-1.12795714e-001
3.42190189e-001
-5.45397039e-001
-4.47271779e-002
-1.41904291e-001
-5.20775478e-001
5.23506865e-001
0.00000000e+000
4.42359000e-001
-9.08557622e-002
2.62897241e-001
6.30072032e-002
-7.69341838e-001
-3.37739160e-001
-2.80528432e-001
2.93604733e-001
1.02784460e-002
4.66661742e-001
-2.77095623e-002
2.20563325e-001
1.33666010e-001
-2.14725274e-001
-3.40813127e-001
-4.96650047e-001
-1.27763036e-001
-1.99320820e-002
1.85987408e-002
1.55836921e-001
-2.63292019e-001
-1.51462361e-002
-6.68524671e-002
20 2
-1.6496e-001 -1.4354e-001
2 -1
0 1 
217
3.00167170e-001
4.83013721e-001
-4.51406421e-001
8.99584845e-002
-8.85422164e-002
-1.16244634e-001
2.44896882e-001
-2.54844744e-001
-7.64772332e-002
9.31127995e-002
3.79569498e-002
6.16643401e-002
1.82332788e-001
2.32494578e-002
0.00000000e+000
0.00000000e+000
0.00000000e+000
0.00000000e+000
0.00000000e+000
0.00000000e+000
0.00000000e+000
0.00000000e+000
0.00000000e+000
2.58211975e-001
4.35975550e-003
6.53969895e-001
0.00000000e+000
0.00000000e+000
0.00000000e+000
0.00000000e+000
0.00000000e+000
0.00000000e+000
0.00000000e+000
-4.23033508e-002
2.56680087e-001
8.57904338e-002
0.00000000e+000
-1.98772498e-001
4.98939668e-001
0.00000000e+000
0.00000000e+000
0.00000000e+000
0.00000000e+000
0.00000000e+000
0.00000000e+000
-2.16587098e-001
1.78145998e-002
4.98939668e-001
0.00000000e+000
0.00000000e+000
0.00000000e+000
0.00000000e+000
0.00000000e+000
0.00000000e+000
0.00000000e+000
0.00000000e+000
0.00000000e+000
0.00000000e+000
0.00000000e+000
0.00000000e+000
4.98939668e-001
1.78145998e-002
-2.16587098e-001
1.03161229e+000
-1.01379769e+000
-1.13285638e+000
1.23009454e-001
7.42721746e-001
1.59343116e-001
5.57077895e-001
0.00000000e+000
-2.16587098e-001
-5.03373056e-001
2.41053418e-001
-1.99959194e-001
2.75700850e-001
5.48437133e-001
0.00000000e+000
0.00000000e+000
0.00000000e+000
0.00000000e+000
0.00000000e+000
0.00000000e+000
0.00000000e+000
0.00000000e+000
0.00000000e+000
0.00000000e+000
0.00000000e+000
0.00000000e+000
0.00000000e+000
0.00000000e+000
0.00000000e+000
0.00000000e+000
0.00000000e+000
0.00000000e+000
0.00000000e+000
0.00000000e+000
0.00000000e+000
0.00000000e+000
0.00000000e+000
0.00000000e+000
0.00000000e+000
0.00000000e+000
0.00000000e+000
0.00000000e+000
0.00000000e+000
0.00000000e+000
0.00000000e+000
0.00000000e+000
0.00000000e+000
0.00000000e+000
0.00000000e+000
0.00000000e+000
0.00000000e+000
0.00000000e+000
0.00000000e+000
0.00000000e+000
0.00000000e+000
0.00000000e+000
-1.16472120e+000
-2.62948849e+000
-9.51295186e-001
0.00000000e+000
0.00000000e+000
0.00000000e+000
2.08966132e-001
-6.72820226e-001
-7.80680095e-002
-2.30098946e-001
-7.40977794e-001
2.24789104e-001
3.79861079e-002
7.85375664e-001
-2.74260356e-001
0.00000000e+000
2.18870435e-001
1.57645617e-001
-6.31878791e-001
-6.02662361e-002
6.41306638e-001
3.09229520e-001
1.33683097e-001
-6.14275451e-001
-3.28527313e-001
-3.79743776e-002
-1.39951833e-001
0.00000000e+000
0.00000000e+000
0.00000000e+000
1.81133582e-001
-1.76916752e-001
-5.65106195e-002
1.50429548e-002
-2.19284024e-001
3.85247089e-002
-1.11718042e-003
-8.05055250e-002
7.31262211e-002
0.00000000e+000
2.41715336e-001
-2.77985914e-001
-1.01984909e-001
2.68939330e-001
-2.07723445e-001
7.98624127e-002
1.04995053e-001
-2.53274190e-001
3.29493280e-002
1.99061798e-001
-2.15062474e+000
0.00000000e+000
0.00000000e+000
0.00000000e+000
7.18466321e-002
8.61637891e-001
-6.29217352e-001
-8.12966476e-001
-3.17684145e-001
3.18497046e-001
3.25756032e-001
-3.70039152e-001
-8.97644345e-001
0.00000000e+000
4.91171597e-001
1.22035492e+000
-7.78418337e-001
-7.01169143e-002
-4.35778638e-001
-1.89766189e-001
-3.53632923e-001
-3.61826507e-001
-1.42404108e-001
-8.03937736e-002
7.20591092e-003
0.00000000e+000
0.00000000e+000
0.00000000e+000
-2.93465809e-002
9.55003187e-002
7.53416794e-002
1.61514267e-001
-2.97746118e-001
1.44300153e-002
-2.84176983e-001
9.18060276e-002
-5.29353256e-002
0.00000000e+000
3.69238208e-002
2.10579952e-001
-1.68627460e-001
3.60322044e-001
-2.44237171e-001
2.02446290e-002
1.61634277e-001
-2.53920195e-001
5.32845754e-002
5.66141398e-002
136
7.53227613e-001
0.00000000e+000
0.00000000e+000
0.00000000e+000
0.00000000e+000
0.00000000e+000
0.00000000e+000
7.84399840e-001
4.31531543e-003
0.00000000e+000
0.00000000e+000
0.00000000e+000
0.00000000e+000
0.00000000e+000
0.00000000e+000
0.00000000e+000
3.08529641e-001
5.78091326e-001
-1.33393355e-001
-2.60254706e-001
1.99639345e-001
8.13842974e-001
0.00000000e+000
0.00000000e+000
0.00000000e+000
0.00000000e+000
0.00000000e+000
-2.60254706e-001
5.45488346e-001
-3.45849001e-001
8.13842974e-001
0.00000000e+000
0.00000000e+000
0.00000000e+000
0.00000000e+000
0.00000000e+000
0.00000000e+000
0.00000000e+000
0.00000000e+000
0.00000000e+000
0.00000000e+000
0.00000000e+000
0.00000000e+000
0.00000000e+000
0.00000000e+000
0.00000000e+000
1.66691863e-001
-7.72795571e-001
4.46984099e-001
-4.33271535e-001
-1.66445942e+000
0.00000000e+000
2.98242002e-001
6.27289801e-001
9.23557712e-002
-1.12163495e+000
0.00000000e+000
0.00000000e+000
0.00000000e+000
0.00000000e+000
8.13842974e-001
-3.45849001e-001
5.45488346e-001
0.00000000e+000
0.00000000e+000
0.00000000e+000
0.00000000e+000
0.00000000e+000
0.00000000e+000
0.00000000e+000
0.00000000e+000
0.00000000e+000
0.00000000e+000
0.00000000e+000
0.00000000e+000
0.00000000e+000
0.00000000e+000
0.00000000e+000
0.00000000e+000
0.00000000e+000
0.00000000e+000
0.00000000e+000
0.00000000e+000
0.00000000e+000
0.00000000e+000
0.00000000e+000
-9.81916389e-001
-2.50688676e+000
-1.20966468e+000
0.00000000e+000
0.00000000e+000
0.00000000e+000
5.84886700e-001
-2.06026561e+000
2.43512381e-001
-1.67168538e-001
-1.28511485e+000
5.42210103e-001
1.70734725e-001
1.11860792e+000
-5.21626677e-001
0.00000000e+000
7.38697130e-001
-3.60787447e-001
-9.44186985e-001
6.07763665e-001
9.00189769e-001
7.93921837e-001
5.24399444e-001
-1.80001594e+000
-4.00538291e-001
1.05115986e-001
-2.61087395e+000
0.00000000e+000
0.00000000e+000
0.00000000e+000
7.76325923e-002
2.29743227e+000
-2.97540387e-001
-1.08405329e-001
-1.62852436e+000
-2.38083820e-002
-3.01297184e-001
1.67271480e-001
-4.22066322e-001
0.00000000e+000
5.03101638e-001
3.09998422e+000
-1.72826172e+000
1.72939505e-001
-1.41736702e+000
-2.01455352e-001
-2.28527747e-001
-1.83693630e+000
-7.30949442e-001
-4.09611788e-003
8 1
-3.7091e-001 -9.7261e-002
3 1
0 1 20 
217
9.18918444e-001
-6.18583766e-001
-2.48166897e-001
2.24588897e-001
1.94806645e-001
1.74479669e-001
3.63936894e-001
1.19571921e-001
3.04857717e-001
-2.40323596e-001
-9.24727692e-002
-3.49484751e-002
1.47789957e-001
-4.12481889e-002
-9.75346200e-002
2.26144548e-003
5.21961538e-001
1.25521378e-001
7.79273357e-004
4.00217896e-001
4.23698647e-001
9.89484278e-004
2.04663725e-001
4.67233039e-001
1.16650253e-004
1.38082022e-001
0.00000000e+000
0.00000000e+000
0.00000000e+000
0.00000000e+000
0.00000000e+000
0.00000000e+000
0.00000000e+000
6.84689341e-002
7.47268058e-001
1.03181453e-001
0.00000000e+000
1.93968144e-002
4.47672252e-001
4.51849377e-001
0.00000000e+000
0.00000000e+000
0.00000000e+000
0.00000000e+000
0.00000000e+000
2.58797760e-001
-2.39400945e-001
8.38036627e-001
0.00000000e+000
-7.53447697e-001
3.63083323e-001
4.51849377e-001
0.00000000e+000
0.00000000e+000
0.00000000e+000
0.00000000e+000
0.00000000e+000
0.00000000e+000
0.00000000e+000
0.00000000e+000
5.36438307e-001
1.23682377e-001
2.58797760e-001
1.13840418e+000
-1.01472180e+000
-1.79251114e+000
6.05183174e-001
3.49043432e-001
1.90052893e-001
1.31635240e+000
0.00000000e+000
-4.94649937e-001
-8.26395692e-001
1.16456415e+000
-1.60293847e-001
2.49004235e-001
6.97499976e-001
0.00000000e+000
8.57433441e-001
3.29882478e-001
-2.11366605e-002
3.66111659e-002
8.26216635e-002
-4.33815399e-001
0.00000000e+000
0.00000000e+000
0.00000000e+000
0.00000000e+000
0.00000000e+000
0.00000000e+000
0.00000000e+000
0.00000000e+000
0.00000000e+000
0.00000000e+000
0.00000000e+000
0.00000000e+000
0.00000000e+000
0.00000000e+000
0.00000000e+000
0.00000000e+000
0.00000000e+000
0.00000000e+000
0.00000000e+000
0.00000000e+000
0.00000000e+000
0.00000000e+000
0.00000000e+000
0.00000000e+000
0.00000000e+000
0.00000000e+000
0.00000000e+000
0.00000000e+000
0.00000000e+000
0.00000000e+000
0.00000000e+000
0.00000000e+000
0.00000000e+000
0.00000000e+000
0.00000000e+000
-1.02559606e+000
-2.74001247e+000
-9.39189146e-001
0.00000000e+000
0.00000000e+000
0.00000000e+000
5.09410250e-001
-9.65716071e-001
1.99129739e-001
-4.10297569e-001
-5.80909538e-001
5.42764108e-001
-1.01738382e-001
8.05790165e-001
3.05114954e-002
0.00000000e+000
3.42623187e-001
-1.79151833e-001
-7.05021333e-001
2.67298770e-001
1.04560246e-001
6.88162692e-001
6.12818020e-001
-1.37954096e+000
-6.09276737e-001
-1.10605398e-001
-2.41752378e-001
0.00000000e+000
0.00000000e+000
0.00000000e+000
2.01787377e-001
-6.15871225e-001
-8.64694575e-002
3.61515001e-001
-5.60537221e-001
-3.31513337e-002
2.35449096e-001
-2.51982130e-001
-1.89833990e-001
0.00000000e+000
4.60857806e-001
-3.64227047e-001
-1.78837006e-001
2.68805951e-001
-2.77340792e-001
-7.25988961e-002
-1.68726486e-002
5.82195329e-002
3.38440016e-001
4.80894588e-001
-2.43108319e+000
0.00000000e+000
0.00000000e+000
0.00000000e+000
-8.15884651e-002
3.16404985e+000
-3.38795985e-001
-2.88374209e-001
-6.81364681e-001
-3.35654387e-001
-1.26171633e+000
3.27814212e-002
-6.29028417e-001
0.00000000e+000
-1.79169730e-001
3.32731104e+000
-1.40944083e+000
-2.18373301e-002
-1.93931050e+000
-4.98894511e-001
-1.42353766e-001
-5.79661147e-001
-3.97113783e-001
-1.70921426e-001
-7.45400902e-002
0.00000000e+000
0.00000000e+000
0.00000000e+000
9.15108011e-002
-6.55176143e-001
-1.91677874e-001
-8.76756741e-002
-2.83170583e-001
3.45214577e-001
1.56438588e-001
1.43488640e-001
1.49347652e-002
0.00000000e+000
2.91516924e-001
-6.04711358e-001
-1.17113528e-001
4.07010271e-001
6.77891246e-001
2.54481151e-001
-1.03530524e-001
-5.66177394e-001
8.53870485e-002
6.68189761e-002
136
7.98846859e-001
7.16539018e-002
4.77929419e-003
1.58428450e-001
6.31329906e-004
2.47800664e-001
4.53082988e-004
3.20963843e-001
3.69284697e-005
0.00000000e+000
0.00000000e+000
0.00000000e+000
0.00000000e+000
0.00000000e+000
0.00000000e+000
0.00000000e+000
1.93041186e-001
4.80166552e-001
1.26399362e-001
2.04018855e-001
-1.03518609e-001
3.49484289e-001
3.48862324e-001
0.00000000e+000
0.00000000e+000
0.00000000e+000
0.00000000e+000
2.04018855e-001
5.37908402e-002
-1.57309449e-001
5.29970831e-001
0.00000000e+000
-3.18370765e-001
1.37884223e-001
3.48862324e-001
0.00000000e+000
0.00000000e+000
0.00000000e+000
0.00000000e+000
0.00000000e+000
0.00000000e+000
0.00000000e+000
0.00000000e+000
0.00000000e+000
0.00000000e+000
0.00000000e+000
6.21072745e-001
-4.36479117e-001
5.87898991e-001
1.31016764e-002
-1.31995140e+000
0.00000000e+000
-5.87418886e-002
5.35298219e-001
8.79547903e-002
-1.00178821e+000
0.00000000e+000
6.30471077e-001
1.81599652e-001
-1.23300203e-001
1.78292236e-002
-1.94252262e-002
5.37908402e-002
0.00000000e+000
0.00000000e+000
0.00000000e+000
0.00000000e+000
0.00000000e+000
0.00000000e+000
0.00000000e+000
0.00000000e+000
0.00000000e+000
0.00000000e+000
0.00000000e+000
0.00000000e+000
0.00000000e+000
0.00000000e+000
0.00000000e+000
0.00000000e+000
0.00000000e+000
0.00000000e+000
0.00000000e+000
0.00000000e+000
0.00000000e+000
0.00000000e+000
0.00000000e+000
-1.04660771e+000
-2.30484917e+000
-1.17147742e+000
0.00000000e+000
0.00000000e+000
0.00000000e+000
5.63972049e-001
-1.97409679e+000
2.37043713e-001
-6.31730431e-002
-1.33870412e+000
5.62510220e-001
9.75107991e-002
1.21315338e+000
-5.08442120e-001
0.00000000e+000
6.96406361e-001
-2.82045026e-001
-9.56588268e-001
6.07518221e-001
1.03922657e+000
8.05079701e-001
4.60230043e-001
-1.86395639e+000
-4.83835453e-001
1.67127307e-002
-2.39473195e+000
0.00000000e+000
0.00000000e+000
0.00000000e+000
1.19384889e-001
2.13225857e+000
-2.28239884e-001
-8.16616279e-002
-1.62979332e+000
-1.11685654e-001
-6.64286146e-002
6.42775924e-002
-6.94645451e-001
0.00000000e+000
5.90642061e-001
2.91710948e+000
-1.60928911e+000
3.12422268e-001
-1.58274127e+000
-1.71970419e-001
-1.42811953e-001
-1.67512535e+000
-5.57938254e-001
2.15040853e-002
2 1
-4.1513e-001 -8.7920e-002
4 1
0 1 20 8 
217
8.78508949e-001
-5.50584135e-001
-1.90591145e-001
-6.71911203e-001
1.19063258e-001
2.67040581e-001
3.56386036e-001
1.36010144e-001
3.91299035e-001
-2.61953782e-001
8.17427109e-002
-1.62347643e-001
-6.99820901e-002
-1.54859685e-001
-2.48794499e-001
1.37001023e-002
2.86352003e-001
2.04310125e-001
-1.64562120e-003
4.02404351e-001
4.41544552e-001
-1.28868971e-004
1.56933264e-001
4.81448771e-001
1.51485960e-004
8.24838740e-002
0.00000000e+000
0.00000000e+000
0.00000000e+000
0.00000000e+000
0.00000000e+000
0.00000000e+000
0.00000000e+000
1.36439976e-001
7.42076171e-001
1.26744900e-004
0.00000000e+000
-1.74817124e-001
1.47488177e-001
4.96530477e-001
4.09307419e-001
0.00000000e+000
0.00000000e+000
0.00000000e+000
0.00000000e+000
4.36200710e-001
-6.11017834e-001
4.80466396e-001
0.00000000e+000
-9.13580995e-002
5.31989705e-002
8.10249854e-002
0.00000000e+000
-2.32371577e-001
-6.24475131e-002
8.11394768e-001
0.00000000e+000
-9.81931276e-001
5.86042000e-001
4.09307419e-001
4.76532616e-001
-3.42243769e-002
4.36200710e-001
1.11453627e+000
-1.14876065e+000
-1.67500264e+000
5.71308194e-001
3.73580769e-001
3.41425132e-001
1.27531349e+000
0.00000000e+000
-8.69460243e-001
-8.73507818e-001
1.20918956e+000
-3.04708384e-001
5.38779629e-001
1.00538213e+000
0.00000000e+000
8.22224950e-001
3.43034847e-001
-1.04470503e-001
2.38189139e-002
1.60754502e-001
-1.46900496e-001
0.00000000e+000
3.48515129e-001
4.38011080e-002
4.53169957e-001
-6.81122990e-002
7.68238634e-002
-7.44301941e-004
0.00000000e+000
0.00000000e+000
0.00000000e+000
0.00000000e+000
0.00000000e+000
0.00000000e+000
0.00000000e+000
0.00000000e+000
0.00000000e+000
0.00000000e+000
0.00000000e+000
0.00000000e+000
0.00000000e+000
0.00000000e+000
0.00000000e+000
0.00000000e+000
0.00000000e+000
0.00000000e+000
0.00000000e+000
0.00000000e+000
0.00000000e+000
0.00000000e+000
0.00000000e+000
0.00000000e+000
0.00000000e+000
0.00000000e+000
0.00000000e+000
0.00000000e+000
-1.02530180e+000
-2.89284289e+000
-1.08204697e+000
0.00000000e+000
0.00000000e+000
0.00000000e+000
5.14740131e-001
-1.00905938e+000
9.12470623e-002
-5.60136255e-001
-6.14654921e-001
4.20889876e-001
7.00452554e-002
7.15347183e-001
-1.45807461e-001
0.00000000e+000
3.08883414e-001
9.02204473e-002
-7.99852321e-001
3.89487986e-001
2.07618449e-001
7.32437516e-001
4.81456264e-001
-1.37892841e+000
-5.42922293e-001
-5.30595068e-002
-1.46561328e-001
0.00000000e+000
0.00000000e+000
0.00000000e+000
2.03765674e-001
-8.15337270e-001
-2.03986884e-001
4.27252805e-001
-5.73069803e-001
4.04983126e-002
1.34389707e-001
-7.40283704e-002
-5.09621551e-002
0.00000000e+000
5.06796156e-001
-5.08627950e-001
-9.48708496e-002
2.07465459e-001
-3.39961001e-001
2.33736175e-002
1.18945935e-001
9.06432450e-002
2.97226866e-001
4.63925177e-001
-2.50103391e+000
0.00000000e+000
0.00000000e+000
0.00000000e+000
-5.03901838e-004
3.33919310e+000
-5.50984957e-001
-1.84452493e-001
-7.29321997e-001
-3.19139053e-001
-9.30668591e-001
-9.77057422e-002
-5.95739661e-001
0.00000000e+000
-1.73772086e-001
3.51524479e+000
-1.67486985e+000
-8.37062035e-002
-2.15213939e+000
-3.14322308e-001
-1.89621890e-001
-6.21512204e-001
-5.01579863e-001
-2.35431609e-001
-4.99162440e-002
0.00000000e+000
0.00000000e+000
0.00000000e+000
3.99805047e-002
-8.61082940e-001
-4.60479173e-003
-1.12735590e-001
-2.25547876e-001
2.50952824e-001
1.69175178e-001
1.59692996e-001
-3.20002170e-002
0.00000000e+000
2.82858119e-001
-7.57078279e-001
9.66572054e-002
3.87925041e-001
7.74542370e-001
1.12631819e-001
-2.73205225e-002
-4.90046683e-001
9.92503950e-002
8.68342033e-002
136
6.99020666e-001
3.80795992e-002
5.14054628e-003
8.91642569e-002
1.44303159e-003
2.07175121e-001
1.25867121e-003
3.64601689e-001
-1.29396460e-005
0.00000000e+000
0.00000000e+000
0.00000000e+000
0.00000000e+000
0.00000000e+000
0.00000000e+000
0.00000000e+000
1.52467066e-001
4.37071655e-001
1.09481944e-001
1.94227921e-001
-1.90485805e-001
1.36615619e-001
3.90616793e-001
1.68046139e-001
0.00000000e+000
0.00000000e+000
0.00000000e+000
1.94227921e-001
-9.34455017e-002
-9.70403037e-002
4.15085899e-001
0.00000000e+000
-3.11520986e-001
2.49662195e-001
-5.42697084e-002
0.00000000e+000
2.29006224e-001
-4.45617714e-001
3.96493887e-001
0.00000000e+000
-8.87117732e-002
1.37104388e-001
1.68046139e-001
0.00000000e+000
0.00000000e+000
0.00000000e+000
5.08024705e-001
-4.69688219e-001
6.11371094e-001
-1.50955929e-002
-1.60913923e+000
0.00000000e+000
-6.91154991e-002
5.55003844e-001
1.02113812e-001
-9.34371007e-001
0.00000000e+000
5.98710411e-001
2.04659529e-001
-1.32411502e-001
9.83013690e-002
-1.55891435e-001
2.09254014e-001
-3.52756737e-001
2.73819254e-001
-6.23412216e-002
0.00000000e+000
0.00000000e+000
0.00000000e+000
0.00000000e+000
0.00000000e+000
0.00000000e+000
0.00000000e+000
0.00000000e+000
0.00000000e+000
0.00000000e+000
0.00000000e+000
0.00000000e+000
0.00000000e+000
0.00000000e+000
0.00000000e+000
0.00000000e+000
0.00000000e+000
0.00000000e+000
0.00000000e+000
0.00000000e+000
-1.06579702e+000
-2.24970413e+000
-1.17490960e+000
0.00000000e+000
0.00000000e+000
0.00000000e+000
5.38343065e-001
-1.83801584e+000
2.87484327e-001
-6.66716203e-002
-1.30026964e+000
5.18678921e-001
8.70420106e-002
1.19265987e+000
-4.92513547e-001
0.00000000e+000
6.97410618e-001
-3.36090155e-001
-9.72683910e-001
5.94375122e-001
1.06840161e+000
7.26939091e-001
4.11247653e-001
-1.82623606e+000
-4.82529578e-001
1.75184769e-002
-2.35317320e+000
0.00000000e+000
0.00000000e+000
0.00000000e+000
1.20702569e-001
2.14999387e+000
-3.28688018e-001
-1.18582633e-001
-1.62745129e+000
-1.16137329e-001
-2.34820483e-001
1.11310851e-001
-7.03953024e-001
0.00000000e+000
5.63417460e-001
2.93026083e+000
-1.57115111e+000
3.42930939e-001
-1.57449556e+000
-1.65549546e-001
-1.48383550e-001
-1.50778762e+000
-5.02434227e-001
2.76446699e-002
4 1
-2.8514e-001 -7.4194e-002
5 0
0 1 20 8 2 
217
8.63144819e-001
-2.49661600e-001
-1.47159625e-001
-6.67372669e-002
-2.43778754e-004
5.99401456e-001
5.71062125e-001
1.64956268e-001
5.35217461e-001
-3.19797791e-001
2.29243314e-001
-6.92161540e-001
0.00000000e+000
0.00000000e+000
3.25492476e-001
-7.54163287e-003
-3.99995267e-001
4.01210132e-001
-2.60725958e-002
-6.70452632e-001
0.00000000e+000
0.00000000e+000
0.00000000e+000
0.00000000e+000
0.00000000e+000
0.00000000e+000
0.00000000e+000
0.00000000e+000
0.00000000e+000
0.00000000e+000
0.00000000e+000
0.00000000e+000
0.00000000e+000
5.20549850e-001
3.42594968e-001
0.00000000e+000
0.00000000e+000
-5.57637249e-002
-3.48191534e-002
8.49348573e-002
3.50939474e-001
5.17853365e-001
0.00000000e+000
0.00000000e+000
0.00000000e+000
-1.38976014e-002
-1.19449572e-001
2.71050997e-001
0.00000000e+000
-1.69123214e-001
1.77433026e-001
4.89083292e-002
0.00000000e+000
-1.25488701e-001
-6.86807841e-002
7.98957025e-001
0.00000000e+000
-1.94163800e-001
-1.89095535e-001
4.46694649e-001
8.09961370e-001
-1.99792865e-001
2.52976313e-001
0.00000000e+000
-1.99792865e-001
-1.65017286e+000
7.32335386e-001
7.79011265e-001
3.30602297e-001
5.59998954e-001
0.00000000e+000
-4.99530837e-001
-7.14583679e-001
9.40664602e-001
-1.05612038e-001
4.25153533e-001
5.21003440e-001
0.00000000e+000
7.42491363e-001
4.45334527e-001
1.08110190e-002
-9.19029068e-002
1.09842437e-001
6.39709676e-001
0.00000000e+000
1.94921965e-001
-1.42787225e-001
3.87057027e-001
-3.54616780e-001
2.81165827e-001
7.21799559e-002
0.00000000e+000
-4.16503167e-002
-6.52290055e-001
6.01349584e-001
-1.10909756e-001
3.03445551e-001
-9.19590453e-002
0.00000000e+000
0.00000000e+000
0.00000000e+000
0.00000000e+000
0.00000000e+000
0.00000000e+000
0.00000000e+000
0.00000000e+000
0.00000000e+000
0.00000000e+000
0.00000000e+000
0.00000000e+000
0.00000000e+000
0.00000000e+000
0.00000000e+000
0.00000000e+000
0.00000000e+000
0.00000000e+000
0.00000000e+000
0.00000000e+000
0.00000000e+000
-9.61224282e-001
-3.12337809e+000
-1.39440581e+000
0.00000000e+000
0.00000000e+000
0.00000000e+000
6.86040908e-001
-1.67567796e+000
-1.00246067e-001
-4.64448801e-001
-9.09637465e-001
2.86734418e-001
-3.13351593e-001
1.00253871e+000
-3.83387791e-002
0.00000000e+000
5.76601830e-001
-7.81353001e-001
-1.18575732e+000
6.11053470e-001
1.06039860e+000
7.39073010e-001
2.88870648e-001
-1.38935242e+000
-1.07449034e-001
3.19895044e-001
1.73895744e-001
0.00000000e+000
0.00000000e+000
0.00000000e+000
-5.17042944e-002
3.36219848e-001
1.48807754e-001
4.64259569e-001
-2.97410687e-001
1.85147669e-001
2.42520711e-001
-2.29872923e-001
-7.99423349e-002
0.00000000e+000
6.21534904e-002
5.47695886e-001
3.12126782e-002
-8.66613132e-002
-4.52491211e-001
-2.94392637e-001
-2.93079923e-002
-1.79731397e-001
-1.67649728e-001
2.50426558e-002
-2.71279314e+000
0.00000000e+000
0.00000000e+000
0.00000000e+000
-5.46388188e-002
-6.66447358e-001
-4.16202224e-001
4.49463113e-001
-4.75332447e-001
1.66140025e-001
1.49365288e-001
-5.30868292e-001
-9.56521348e-001
0.00000000e+000
4.60629575e-001
3.25061488e-001
-9.75855383e-001
1.15807192e+000
-1.67605304e+000
4.50031299e-001
2.42879038e-001
-7.20543366e-001
2.19022236e-001
1.39005153e-001
4.90365767e-002
0.00000000e+000
0.00000000e+000
0.00000000e+000
-4.77431849e-001
1.18749846e-001
-1.23645017e-001
-3.69643085e-001
-3.13315684e-001
5.35048810e-001
6.61104216e-001
4.95254400e-002
9.51903292e-001
0.00000000e+000
-6.79397666e-002
1.21764479e-001
-1.54894258e-001
-3.88382222e-001
7.41614870e-001
-4.47900492e-001
-3.80710213e-001
9.27872896e-002
-2.53478349e-001
-2.46120732e-001
136
8.89204438e-001
4.20223863e-001
-1.10309449e-004
4.89525365e-001
-5.85409999e-003
0.00000000e+000
0.00000000e+000
0.00000000e+000
0.00000000e+000
0.00000000e+000
0.00000000e+000
0.00000000e+000
0.00000000e+000
0.00000000e+000
0.00000000e+000
0.00000000e+000
1.37663059e+000
1.35929711e+000
0.00000000e+000
0.00000000e+000
1.11302738e+000
5.96381617e-001
4.70987302e-001
6.62416415e-001
7.89361126e-001
0.00000000e+000
0.00000000e+000
0.00000000e+000
8.40486680e-001
-4.17825279e-001
8.94401996e-001
0.00000000e+000
2.54036038e-001
-3.95796085e-001
5.12012463e-001
0.00000000e+000
6.29803008e-001
-1.07387083e-001
1.16324740e+000
0.00000000e+000
2.91330361e-002
-9.64621966e-002
3.26523862e-001
0.00000000e+000
0.00000000e+000
0.00000000e+000
0.00000000e+000
3.90466133e-001
8.36998111e-001
-1.37908470e-001
-1.45909678e+000
0.00000000e+000
-9.89510641e-001
-6.41393861e-002
1.77715354e-001
-1.00012684e+000
0.00000000e+000
2.59757319e-001
-7.87053322e-002
1.27454605e-002
1.54202233e-001
-1.01747064e+000
-7.55686031e-001
-3.74634509e-001
5.05379868e-002
-2.55503174e-001
0.00000000e+000
-3.23354667e-001
-2.47657566e-001
1.22758270e-001
-6.12717377e-001
0.00000000e+000
0.00000000e+000
0.00000000e+000
0.00000000e+000
0.00000000e+000
0.00000000e+000
0.00000000e+000
0.00000000e+000
0.00000000e+000
0.00000000e+000
0.00000000e+000
0.00000000e+000
0.00000000e+000
0.00000000e+000
0.00000000e+000
-7.72943267e-001
-2.43104523e+000
-1.11306811e+000
0.00000000e+000
0.00000000e+000
0.00000000e+000
6.76418435e-001
-2.17565554e+000
2.24895572e-001
-3.11675183e-001
-1.28012633e+000
5.01446691e-001
2.09394554e-003
1.19838337e+000
-3.36797371e-001
0.00000000e+000
7.94505720e-001
-8.18185621e-001
-1.04404907e+000
6.56766487e-001
1.04573916e+000
8.94780192e-001
6.39047013e-001
-1.58198934e+000
-3.61367040e-001
1.62700787e-001
-2.17570651e+000
0.00000000e+000
0.00000000e+000
0.00000000e+000
4.11595220e-001
-5.42771766e-001
-8.09247162e-002
1.72403407e-001
-1.24648411e+000
6.44473899e-001
7.23927225e-002
2.77941837e-001
-1.43278809e+000
0.00000000e+000
8.91582020e-001
5.06516567e-001
-9.47710476e-001
6.73715811e-001
-1.23412580e+000
2.33349779e-001
7.59074429e-002
-7.76365201e-001
-3.13404317e-001
4.38989259e-001
17 2
-2.4672e-001 -1.1701e-001
6 20
0 1 20 8 2 4 
217
4.03023633e-001
3.99078574e-001
-3.08161321e-001
6.10868036e-002
1.64160456e-001
1.52389858e-001
2.68112806e-001
-4.09414482e-001
-1.51828743e-001
7.04902643e-002
-9.61018665e-002
1.48980204e-001
2.18680979e-001
-2.13790551e-001
0.00000000e+000
0.00000000e+000
0.00000000e+000
0.00000000e+000
0.00000000e+000
0.00000000e+000
0.00000000e+000
0.00000000e+000
0.00000000e+000
4.14364401e-001
4.04379783e-003
3.21068280e-001
0.00000000e+000
0.00000000e+000
0.00000000e+000
0.00000000e+000
0.00000000e+000
0.00000000e+000
0.00000000e+000
-3.77816911e-002
2.45703317e-001
1.95102007e-001
0.00000000e+000
-2.49903519e-001
-1.37150313e-001
-8.63561490e-002
5.44051676e-002
2.10615222e-001
6.11413224e-001
0.00000000e+000
0.00000000e+000
7.83305414e-002
-8.09655839e-001
5.84048412e-001
0.00000000e+000
-1.72739565e-001
-3.04996844e-001
4.72265627e-001
0.00000000e+000
-1.64345042e-001
-3.65659488e-001
1.09423749e+000
0.00000000e+000
-5.84354740e-001
1.99259554e-001
3.76633526e-001
5.57450121e-002
7.91674381e-001
-4.44395761e-001
1.39033946e-001
-1.42008656e+000
-1.20137403e+000
7.64847591e-001
7.63549972e-001
9.19228659e-001
5.37388809e-001
0.00000000e+000
-8.43108805e-001
-5.76777798e-001
5.92508939e-001
-2.89176237e-001
6.53623499e-001
4.74067461e-001
0.00000000e+000
4.16956074e-001
8.12960764e-002
-6.31789304e-002
1.14467671e-001
4.92464886e-002
-2.73553255e-001
0.00000000e+000
-1.52747668e-001
-1.30156518e-001
3.65072288e-001
-3.47975949e-001
1.90699013e-001
5.07523089e-002
0.00000000e+000
-1.22958650e-001
-5.02096447e-001
3.10815988e-001
-2.65593114e-001
2.15166294e-001
-1.35659848e-002
3.06813715e-001
-6.16637838e-002
-2.67231394e-001
-1.42481972e-003
-6.73749218e-001
1.59298521e-001
-9.04710140e-002
0.00000000e+000
0.00000000e+000
0.00000000e+000
0.00000000e+000
0.00000000e+000
0.00000000e+000
0.00000000e+000
0.00000000e+000
0.00000000e+000
0.00000000e+000
0.00000000e+000
0.00000000e+000
0.00000000e+000
0.00000000e+000
-1.18358821e+000
-2.61788573e+000
-1.17846048e+000
0.00000000e+000
0.00000000e+000
0.00000000e+000
-2.12997346e-003
-5.59991294e-001
-3.26973415e-001
-1.89168451e-001
-9.17127633e-001
3.99504888e-001
2.19628440e-002
7.75061533e-001
-2.09966335e-001
0.00000000e+000
1.84246371e-001
1.71348333e-002
-7.02415968e-001
-1.00255320e-001
1.21924111e+000
3.76615974e-001
1.82797813e-001
-7.95496160e-001
-4.05512027e-001
-1.45989269e-001
-5.77935304e-002
0.00000000e+000
0.00000000e+000
0.00000000e+000
2.62675316e-001
-2.77440718e-001
6.17643030e-002
-8.20493340e-004
-1.77255454e-001
2.93410223e-003
-5.45797125e-002
-3.40648474e-003
2.91090561e-002
0.00000000e+000
2.75695218e-001
-2.21483528e-001
-1.23866470e-001
2.52038680e-001
-4.15310444e-001
4.21207792e-002
1.00126515e-001
-1.29689794e-001
8.36735639e-002
2.35922035e-001
-2.37702166e+000
0.00000000e+000
0.00000000e+000
0.00000000e+000
1.54958253e-001
6.90325078e-001
-9.93954304e-001
-5.73838383e-001
-3.37020517e-001
4.00901116e-001
2.64424404e-001
-3.21239808e-001
-9.13313161e-001
0.00000000e+000
3.45896813e-001
1.18773235e+000
-8.25060627e-001
4.06344064e-003
-3.52425865e-001
-4.89910222e-003
-3.50070527e-001
-5.01049445e-001
-2.85773725e-001
3.33223485e-002
6.85604432e-002
0.00000000e+000
0.00000000e+000
0.00000000e+000
-6.21147733e-002
2.42594877e-001
2.04504948e-001
1.01122205e-001
-3.57680976e-001
-6.21099089e-002
-2.23591156e-001
9.74473254e-002
-7.86477958e-002
0.00000000e+000
9.69713698e-002
1.60249199e-001
-1.27237447e-001
3.17006965e-001
-2.85597438e-001
-1.95672711e-002
1.51889826e-001
-2.37245869e-001
8.08841372e-002
6.96822263e-002
136
6.03847955e-001
0.00000000e+000
0.00000000e+000
0.00000000e+000
0.00000000e+000
0.00000000e+000
0.00000000e+000
6.15021209e-001
2.34625700e-003
0.00000000e+000
0.00000000e+000
0.00000000e+000
0.00000000e+000
0.00000000e+000
0.00000000e+000
0.00000000e+000
3.06183675e-001
4.90743130e-001
-1.92888299e-001
1.52679533e-001
-5.16579664e-002
-1.64921903e-001
-1.23419141e-001
-3.18824952e-002
3.01543272e-001
5.21506655e-001
0.00000000e+000
1.52679533e-001
2.46577057e-001
-7.48084394e-001
3.41417162e-001
0.00000000e+000
-2.53400536e-001
-3.30923323e-001
3.24050171e-001
0.00000000e+000
1.77440379e-001
-3.22323715e-001
6.87493121e-001
0.00000000e+000
-2.12930295e-001
1.88114205e-001
3.53738589e-001
0.00000000e+000
0.00000000e+000
0.00000000e+000
-3.07072604e-001
-7.53465089e-001
7.40105510e-001
-4.03187315e-002
-1.58412484e+000
0.00000000e+000
1.25137806e-001
6.40876168e-001
1.68159783e-001
-1.02145710e+000
0.00000000e+000
5.35199143e-001
1.17292304e-001
-8.28013088e-002
9.44644230e-002
4.28044958e-001
-4.75477246e-001
-3.77776472e-001
5.80887156e-002
-7.92560294e-002
0.00000000e+000
-1.85444629e-001
-1.84821791e-001
1.52391705e-001
-7.97271375e-001
5.53414631e-001
1.85924965e-001
-5.81408188e-001
1.87956795e-001
-2.37355301e-001
0.00000000e+000
0.00000000e+000
0.00000000e+000
0.00000000e+000
0.00000000e+000
0.00000000e+000
0.00000000e+000
0.00000000e+000
0.00000000e+000
0.00000000e+000
-9.52313704e-001
-2.46085156e+000
-1.19816363e+000
0.00000000e+000
0.00000000e+000
0.00000000e+000
5.79602356e-001
-2.01910167e+000
2.29284612e-001
-9.90963272e-002
-1.27830560e+000
5.09809109e-001
1.42966591e-001
1.15232191e+000
-4.93211026e-001
0.00000000e+000
7.54478110e-001
-3.58685525e-001
-9.83407597e-001
6.00749119e-001
9.73388937e-001
7.84067830e-001
4.62219936e-001
-1.83789626e+000
-4.21810991e-001
1.04462857e-001
-2.56585823e+000
0.00000000e+000
0.00000000e+000
0.00000000e+000
7.71163938e-002
2.22245045e+000
-3.59951104e-001
-4.30041931e-002
-1.57702204e+000
-3.02481323e-002
-3.11546568e-001
1.10787456e-001
-4.53907309e-001
0.00000000e+000
4.86231439e-001
3.06832000e+000
-1.70181693e+000
2.68304336e-001
-1.38454110e+000
-1.84465475e-001
-1.76707496e-001
-1.90034412e+000
-6.46894312e-001
-2.86195304e-002
5 2
-3.5955e-001 -7.7841e-002
7 20
0 1 20 8 2 4 17 
217
1.84856042e-001
7.22310649e-001
-4.89383263e-001
-3.20258121e-002
9.05272530e-002
7.79267928e-002
2.08608153e-001
-2.14468552e-001
-1.11225431e-001
-1.93807090e-001
-3.36946675e-001
4.27690138e-001
3.33892742e-001
6.14234573e-002
0.00000000e+000
0.00000000e+000
0.00000000e+000
0.00000000e+000
0.00000000e+000
0.00000000e+000
0.00000000e+000
0.00000000e+000
0.00000000e+000
1.87291357e-001
5.26135709e-003
4.75136136e-001
0.00000000e+000
0.00000000e+000
0.00000000e+000
0.00000000e+000
0.00000000e+000
0.00000000e+000
0.00000000e+000
-2.43415363e-001
3.20499028e-001
1.07772377e-001
0.00000000e+000
-2.14209371e-001
-6.99862352e-002
-7.81022322e-003
-4.86459080e-002
4.85996931e-002
5.44876809e-003
4.71459318e-001
0.00000000e+000
-1.20072771e-001
-6.36621760e-001
5.62903364e-001
0.00000000e+000
-7.28438051e-002
-9.17789859e-002
2.89301124e-001
0.00000000e+000
-2.25791942e-001
-4.34650458e-001
8.97659712e-001
0.00000000e+000
-1.26844809e-001
1.11132707e-001
3.24636650e-002
-9.85743837e-002
5.60571448e-001
-2.77141023e-001
1.81691531e-001
-1.23361003e+000
-1.19603495e+000
5.72988214e-001
5.70076979e-001
6.63786325e-001
4.29333362e-001
0.00000000e+000
-5.44971016e-001
-4.12073902e-001
5.71766698e-001
-6.80804773e-002
1.58642670e-001
4.16281576e-001
0.00000000e+000
4.34261460e-002
1.76290148e-002
-1.80705515e-001
1.38007434e-001
3.22135410e-001
3.20893901e-001
0.00000000e+000
-6.91128329e-002
-5.35510875e-002
5.52964412e-002
-1.00976778e-001
1.98672433e-001
-7.71372334e-002
0.00000000e+000
-4.50114110e-001
-7.12117739e-001
2.70471657e-001
3.89934025e-002
3.64498495e-001
1.78791186e-001
3.60745474e-001
-1.34698142e-001
-1.38912354e-001
-1.28069067e-001
-6.05675680e-001
8.68777765e-002
-3.20378303e-002
0.00000000e+000
1.37507421e-001
-1.40119316e-001
9.09734337e-002
-4.04725445e-001
-4.36248128e-002
3.21248392e-002
0.00000000e+000
0.00000000e+000
0.00000000e+000
0.00000000e+000
0.00000000e+000
0.00000000e+000
0.00000000e+000
-1.13950786e+000
-2.33962489e+000
-1.02480040e+000
0.00000000e+000
0.00000000e+000
0.00000000e+000
1.98554055e-001
-1.06470776e+000
2.36477287e-001
-5.43915475e-001
-3.03361371e-001
3.64240785e-001
-5.25177419e-001
1.01755574e+000
-1.66060384e-001
0.00000000e+000
-1.06698077e-001
-2.26053410e-001
-7.70407145e-001
3.24358615e-001
1.32170361e+000
7.79732224e-001
6.07380185e-002
-5.94805434e-001
-4.67902610e-001
-5.59071650e-001
-8.99042602e-002
0.00000000e+000
0.00000000e+000
0.00000000e+000
1.42383587e-001
1.15565440e-001
-1.77700028e-001
1.35666267e-001
-4.03972432e-001
2.51092744e-002
1.61104292e-001
-1.47716908e-001
1.87832344e-001
0.00000000e+000
2.71414717e-001
-6.92883494e-002
-4.72359039e-003
9.64610249e-002
-3.94879042e-001
-1.90667895e-001
3.44553796e-002
-2.81577744e-001
8.39701069e-002
3.26659295e-001
-2.22725432e+000
0.00000000e+000
0.00000000e+000
0.00000000e+000
2.15419918e-001
1.05961248e+000
-4.42301478e-001
-9.19091432e-002
-3.54448563e-001
7.46970491e-002
-3.83660368e-001
-1.10942067e-001
-5.93324440e-001
0.00000000e+000
1.86166244e-001
1.02122411e+000
-7.20139945e-001
-1.30394864e-001
-7.12025581e-001
-3.47679829e-001
-5.81283982e-001
-3.77401637e-001
-2.40127083e-001
3.01264865e-001
1.22473224e-001
0.00000000e+000
0.00000000e+000
0.00000000e+000
-8.87916375e-002
-6.82788255e-003
2.21145077e-002
-2.21927692e-002
-3.07268952e-001
3.31131928e-002
-2.39831351e-002
-2.97696752e-002
-3.04871890e-001
0.00000000e+000
1.19512041e-001
3.92158834e-001
-9.45984107e-002
4.26325118e-001
-1.96337588e-001
1.16110138e-001
1.72891697e-001
-2.46538075e-001
2.23662243e-001
-6.22345325e-002
136
6.74101760e-001
0.00000000e+000
0.00000000e+000
0.00000000e+000
0.00000000e+000
0.00000000e+000
0.00000000e+000
6.82535425e-001
2.73497786e-003
0.00000000e+000
0.00000000e+000
0.00000000e+000
0.00000000e+000
0.00000000e+000
0.00000000e+000
0.00000000e+000
3.46262099e-001
5.39408692e-001
-2.11331317e-001
1.18935945e-001
-1.23251575e-001
-2.33890781e-001
-1.65326502e-001
-2.98528694e-002
2.65955055e-001
3.45281720e-001
4.96250768e-001
1.18935945e-001
1.04359851e-001
-8.25087448e-001
3.29301772e-001
0.00000000e+000
-2.17867101e-001
-4.45333391e-001
5.26781609e-001
0.00000000e+000
2.05427191e-001
-3.69197443e-001
7.03865974e-001
0.00000000e+000
-2.43217510e-001
3.50230953e-002
7.51109216e-001
0.00000000e+000
0.00000000e+000
0.00000000e+000
-5.84867942e-001
-9.00791300e-001
8.20401447e-001
-8.75030151e-002
-1.63668627e+000
0.00000000e+000
-1.22591274e-002
7.18307951e-001
1.42518849e-001
-1.11218281e+000
0.00000000e+000
2.67605842e-001
-6.22522486e-002
-4.38404128e-002
1.92593291e-001
5.50496677e-001
-2.75960853e-001
-3.60723822e-001
8.77306852e-002
-1.00275730e-001
0.00000000e+000
-2.43625186e-001
-2.90880222e-001
1.57932129e-001
-7.06408067e-001
5.19378181e-001
1.86495918e-001
-5.92960526e-001
1.91370620e-001
-3.05063993e-001
0.00000000e+000
2.54575427e-001
-4.52445936e-002
-1.99358362e-002
1.53775490e-003
0.00000000e+000
0.00000000e+000
0.00000000e+000
0.00000000e+000
0.00000000e+000
-9.29605397e-001
-2.53093808e+000
-1.20993948e+000
0.00000000e+000
0.00000000e+000
0.00000000e+000
5.85888846e-001
-2.22487797e+000
2.74551240e-001
-1.17297915e-001
-1.23540691e+000
5.03574077e-001
1.23236007e-001
1.22399590e+000
-6.53142417e-001
0.00000000e+000
7.80854269e-001
-3.69415267e-001
-1.01388445e+000
6.12915399e-001
1.05124603e+000
8.46906530e-001
5.26340106e-001
-1.78763482e+000
-4.18814778e-001
8.10266293e-002
-2.69075664e+000
0.00000000e+000
0.00000000e+000
0.00000000e+000
1.22739638e-001
2.31944807e+000
-3.87501093e-001
-6.28307018e-002
-1.60368738e+000
-4.77325280e-002
-2.75905211e-001
1.60205719e-001
-3.05106791e-001
0.00000000e+000
5.16082497e-001
3.13288053e+000
-1.74053243e+000
1.36344171e-001
-1.41061364e+000
-1.77893326e-001
-1.97299299e-001
-2.05555358e+000
-8.16430615e-001
2.62933542e-003
7 1
-5.8202e-001 4.7479e-002
8 0
0 1 20 8 2 4 17 5 
217
4.12185337e-001
-2.43699244e-001
-2.53238284e-002
-1.22921494e-001
4.12817643e-001
1.05138687e-001
5.38655506e-001
-2.43544765e-001
1.30148133e-001
-6.76859881e-001
-5.26975864e-001
5.49398295e-001
-1.42460082e-001
1.12415578e+000
1.44676208e-001
-1.96457870e-004
-2.53753399e-001
2.67509129e-001
-1.64668560e-002
-2.39774627e-001
0.00000000e+000
0.00000000e+000
0.00000000e+000
0.00000000e+000
0.00000000e+000
0.00000000e+000
0.00000000e+000
0.00000000e+000
0.00000000e+000
0.00000000e+000
0.00000000e+000
0.00000000e+000
0.00000000e+000
2.56036677e-001
1.56148660e-001
0.00000000e+000
0.00000000e+000
1.08748112e+000
3.71580696e-001
-6.99131642e-002
-2.49742706e-001
-1.97279577e-001
-2.62104090e-001
-2.67836941e-001
0.00000000e+000
9.03260509e-002
-5.98184527e-001
4.06156301e-001
0.00000000e+000
-1.81716870e-001
-3.31486527e-001
4.24521519e-001
0.00000000e+000
-2.31996077e-001
-3.03203220e-001
8.62577486e-001
0.00000000e+000
-4.96789604e-001
2.23558826e-001
5.48421979e-001
3.26101429e-001
7.82383920e-001
-6.96300012e-001
0.00000000e+000
-1.00931545e+000
-1.60944793e+000
8.09161985e-001
8.17431739e-001
6.12338800e-001
-7.52037329e-002
0.00000000e+000
-8.20176501e-001
-9.15942082e-001
8.66620693e-001
-1.04808701e-001
3.65741144e-001
1.50560336e-001
0.00000000e+000
2.25676014e-001
3.91692308e-001
1.25613879e-002
9.91485772e-003
1.73947935e-001
5.42267155e-001
0.00000000e+000
-1.90384054e-001
-1.88980378e-001
4.26279125e-001
-2.76889873e-001
1.76290266e-001
-9.66748880e-002
0.00000000e+000
-3.51169077e-001
-6.45853175e-001
4.97047889e-001
-1.27120267e-001
2.66306525e-001
-2.04609013e-002
-2.69904262e-001
-1.22306369e-001
4.38677634e-002
5.23388368e-001
-5.50734082e-001
2.81007599e-001
-1.69254597e-001
0.00000000e+000
5.19863582e-001
-1.88519948e-002
2.24986907e-001
7.94331950e-003
-3.32665152e-001
-5.16168736e-001
0.00000000e+000
3.95391151e-001
1.20098696e-001
1.86510832e-001
-3.28698102e-001
-1.69716646e-001
4.70282289e-002
-9.56912048e-001
-2.85400081e+000
-1.08764435e+000
0.00000000e+000
0.00000000e+000
0.00000000e+000
7.61334357e-001
-9.28221028e-001
5.73843508e-002
-3.56547894e-001
-1.10052317e+000
2.03930536e-001
-5.59857640e-002
7.31981499e-001
-1.81862202e-001
0.00000000e+000
6.01330288e-001
-2.28995574e-001
-1.14897784e+000
2.44246296e-001
9.62520254e-001
3.54741270e-001
2.50610759e-001
-1.61245972e+000
-2.35969198e-002
3.81446159e-001
-5.11387445e-002
0.00000000e+000
0.00000000e+000
0.00000000e+000
-4.64612630e-002
-6.01483174e-001
-1.93089521e-001
2.92628469e-001
-3.81873840e-001
2.77314683e-001
1.14887896e-001
-5.93460249e-002
5.94830710e-002
0.00000000e+000
7.67406879e-002
1.16312684e-001
1.71571659e-001
2.73862193e-001
-4.75953658e-001
6.94342238e-002
1.82699487e-001
2.11604984e-001
-2.01586906e-001
6.21156048e-002
-2.34343666e+000
0.00000000e+000
0.00000000e+000
0.00000000e+000
9.56886485e-002
5.53976433e-001
4.15625921e-002
-6.63424778e-002
-9.76504645e-001
4.09759815e-001
4.56427114e-001
-1.44522221e-001
-6.13898663e-001
0.00000000e+000
3.63197038e-001
5.88427672e-001
-1.37875307e+000
2.05269975e-001
-8.16906094e-001
-4.95324623e-002
-3.90371370e-001
-5.16784987e-001
-6.61867805e-001
5.57737844e-001
-8.19956680e-002
0.00000000e+000
0.00000000e+000
0.00000000e+000
-6.29698974e-002
-8.58525222e-001
2.71474756e-001
-1.31966637e-001
1.79642104e-001
7.63846394e-001
-2.64400399e-001
2.47294708e-002
-4.28114288e-002
0.00000000e+000
2.06222183e-001
-4.11048330e-001
9.58555920e-003
2.11768278e-001
1.25059778e-001
-1.30244247e-001
-2.05325928e-001
4.91078838e-001
2.64606685e-001
-5.22717625e-001
136
9.26907140e-001
5.23467665e-001
-3.52721814e-003
3.82632245e-001
-8.47887465e-003
0.00000000e+000
0.00000000e+000
0.00000000e+000
0.00000000e+000
0.00000000e+000
0.00000000e+000
0.00000000e+000
0.00000000e+000
0.00000000e+000
0.00000000e+000
0.00000000e+000
1.85610392e+000
1.83738631e+000
0.00000000e+000
0.00000000e+000
1.12291631e+000
8.50405833e-001
5.13990926e-001
5.02031487e-001
5.27371971e-001
5.07628781e-001
4.35791490e-001
0.00000000e+000
6.95851119e-001
-9.38674685e-001
1.36846373e+000
0.00000000e+000
1.25168649e-002
-1.01889875e+000
1.04687887e+000
0.00000000e+000
8.96200153e-001
-5.51130681e-001
2.10530615e+000
0.00000000e+000
2.23875324e-001
-8.31926781e-001
1.45167548e+000
0.00000000e+000
0.00000000e+000
0.00000000e+000
0.00000000e+000
1.16584204e-001
9.38167023e-001
-1.81022712e-001
-1.42994048e+000
0.00000000e+000
-1.65634526e+000
-6.32266205e-002
-9.53399480e-002
-9.17281261e-001
0.00000000e+000
4.27861332e-002
7.61002623e-002
6.60031175e-003
2.06752752e-001
5.64859310e-001
-3.37028454e-001
-4.47278390e-001
1.00834749e-001
-2.23409231e-001
0.00000000e+000
-1.15787670e+000
-3.26544210e-001
-2.74132382e-002
-5.15157362e-001
-9.53410682e-002
4.10143474e-001
-2.98051967e-001
2.28440281e-001
-3.44511790e-001
0.00000000e+000
1.78379085e-001
-7.03031968e-002
1.27433850e-002
9.21939757e-003
0.00000000e+000
7.05736593e-002
-3.26614614e-001
5.00900403e-002
3.45614244e-002
-8.34821227e-001
-2.35984417e+000
-1.13042206e+000
0.00000000e+000
0.00000000e+000
0.00000000e+000
6.33198609e-001
-1.83533003e+000
2.57275384e-001
-3.10792251e-001
-1.24423601e+000
4.86984499e-001
-6.31492857e-002
1.15019832e+000
-2.46848114e-001
0.00000000e+000
6.91701497e-001
-6.49338182e-001
-1.12032069e+000
5.76906919e-001
1.10448567e+000
8.62305913e-001
5.54750885e-001
-1.70031112e+000
-3.76602978e-001
9.86989215e-002
-2.17716760e+000
0.00000000e+000
0.00000000e+000
0.00000000e+000
2.45868557e-001
-5.97365328e-001
-5.74104611e-001
2.13291025e-001
-1.30811379e+000
3.70477361e-001
5.31713181e-001
1.84126004e-001
-7.01426824e-001
0.00000000e+000
8.84551785e-001
5.84622237e-001
-8.77708961e-001
6.97697259e-001
-1.13561514e+000
2.29747199e-001
3.06971578e-002
-1.09714179e+000
-2.22944163e-001
3.64461246e-001
16 1
-9.3905e-001 1.4940e-001
8 0
0 1 20 8 2 4 17 5 
217
6.55538386e-001
-3.67484813e-001
-2.48162722e-001
3.47543796e-002
2.45099271e-001
1.90849877e-001
5.38743165e-001
-3.01868791e-001
-3.99507310e-002
1.64723361e-001
2.02885807e-002
-3.11903302e-001
0.00000000e+000
0.00000000e+000
3.17365133e-001
-4.39520794e-003
-5.58049620e-002
3.38173253e-001
-8.11832103e-003
-2.99948344e-001
0.00000000e+000
0.00000000e+000
0.00000000e+000
0.00000000e+000
0.00000000e+000
0.00000000e+000
0.00000000e+000
0.00000000e+000
0.00000000e+000
0.00000000e+000
0.00000000e+000
0.00000000e+000
0.00000000e+000
3.25255764e-001
3.30282622e-001
0.00000000e+000
0.00000000e+000
6.50371057e-001
2.06543032e-001
2.79817842e-002
-5.80027994e-002
1.14661742e-002
-7.30784773e-002
-1.09742385e-001
0.00000000e+000
1.46138652e-001
-5.66269635e-001
3.62084783e-001
0.00000000e+000
-3.87657106e-001
-9.47713495e-002
5.12615152e-001
0.00000000e+000
-1.25821419e-001
-9.88491169e-002
8.42871970e-001
0.00000000e+000
-3.49107651e-001
-3.36393726e-001
7.50697834e-001
3.42806289e-001
8.88998352e-001
-5.76266254e-001
0.00000000e+000
-1.09628383e+000
-1.96477750e+000
1.00477635e+000
8.92443091e-001
7.47045860e-001
5.70127724e-001
0.00000000e+000
-7.16447525e-001
-9.83519766e-001
8.97673118e-001
-9.29517683e-003
4.74312793e-001
7.81451974e-002
0.00000000e+000
5.60155233e-001
5.20507278e-001
-1.78321532e-002
7.70755659e-002
1.13215306e-001
-1.66812384e-002
0.00000000e+000
-2.78595040e-002
-2.13980513e-001
4.93769600e-001
-2.06809852e-001
1.89628290e-001
-1.84821585e-002
0.00000000e+000
-2.95615474e-001
-7.79986396e-001
4.96489628e-001
-2.18667082e-001
4.54664233e-001
-2.85926530e-001
0.00000000e+000
-4.15794804e-002
-2.39604345e-001
4.54333848e-001
-7.03799634e-001
2.42784018e-001
-2.14932670e-001
0.00000000e+000
1.88717045e-001
-2.58112356e-002
1.70336830e-001
-8.90810139e-002
2.96484511e-001
1.02055589e-001
0.00000000e+000
5.21530766e-001
1.93913271e-001
2.59986675e-001
-3.33817139e-001
-1.25979055e-001
-8.27321063e-001
-1.08546061e+000
-2.68406221e+000
-1.07971031e+000
0.00000000e+000
0.00000000e+000
0.00000000e+000
7.22888712e-001
-7.97177434e-001
-1.96319482e-001
-4.01385606e-001
-1.17587275e+000
1.27091124e-001
-1.42921728e-001
9.13915617e-001
-1.41383356e-001
0.00000000e+000
3.95088558e-001
-3.33967354e-001
-1.09405415e+000
5.54402065e-001
1.06967936e+000
6.10524911e-001
3.93573708e-001
-1.21774501e+000
-5.77092904e-001
2.11045418e-001
-1.40601534e-001
0.00000000e+000
0.00000000e+000
0.00000000e+000
3.52707621e-002
-7.79172067e-001
2.64724752e-003
2.55563389e-001
-2.53069076e-001
4.25926816e-001
1.81291230e-001
2.35991388e-001
-6.10216451e-002
0.00000000e+000
2.92035711e-001
-5.18410164e-002
7.73366528e-002
-3.45261825e-002
-3.99165625e-001
9.64028224e-002
4.05449966e-002
-4.27691157e-001
1.45608577e-001
7.72656416e-002
-2.42895500e+000
0.00000000e+000
0.00000000e+000
0.00000000e+000
4.38420929e-003
-1.88197001e-001
-2.53354646e-001
-9.21268738e-002
-1.97877974e-001
5.17576429e-001
3.51675975e-001
-2.74234185e-001
-9.13484683e-001
0.00000000e+000
5.65325371e-001
2.41885147e-002
-1.40054756e+000
5.52461327e-001
-1.02480941e+000
-1.42929892e-002
-2.90109087e-001
1.71696837e-001
-3.67351321e-001
4.00122074e-001
8.88096444e-002
0.00000000e+000
0.00000000e+000
0.00000000e+000
-1.46846381e-001
-9.21848248e-001
2.46868664e-001
2.79527794e-001
-4.62340130e-001
4.59780737e-001
-3.80518607e-002
2.29806704e-001
4.32829430e-001
0.00000000e+000
2.82895775e-002
2.79199682e-001
2.22858707e-001
-2.64699152e-001
-1.34370667e-002
1.38730202e-001
1.45130012e-001
-1.61782906e-001
-9.21687885e-002
-2.73037333e-001
136
5.16196887e-001
2.76605128e-001
-3.83265035e-004
2.44059583e-001
-9.52373792e-003
0.00000000e+000
0.00000000e+000
0.00000000e+000
0.00000000e+000
0.00000000e+000
0.00000000e+000
0.00000000e+000
0.00000000e+000
0.00000000e+000
0.00000000e+000
0.00000000e+000
7.07432909e-001
7.57051791e-001
0.00000000e+000
0.00000000e+000
4.15845391e-001
1.97333457e-001
2.80512608e-002
1.10313280e-001
2.76241399e-001
3.71187720e-001
5.30371723e-001
0.00000000e+000
2.12263802e-001
-8.18921357e-001
7.51573121e-001
0.00000000e+000
-1.71494610e-001
-6.02105305e-001
6.28804891e-001
0.00000000e+000
3.63748355e-001
-4.15915770e-001
1.42783818e+000
0.00000000e+000
-1.09156619e-001
-3.25593471e-001
9.88303007e-001
0.00000000e+000
0.00000000e+000
0.00000000e+000
0.00000000e+000
-1.08617159e+000
7.80575728e-001
-2.48117287e-001
-1.36238677e+000
0.00000000e+000
-1.11778641e+000
-4.90593699e-002
5.05421612e-002
-9.34619596e-001
0.00000000e+000
1.07438993e-001
1.96587395e-002
-3.19535754e-002
2.70910308e-001
5.38207504e-001
-3.33284547e-001
-4.47513971e-001
8.70652923e-002
-1.99294398e-001
0.00000000e+000
-2.03207471e-001
-1.86639463e-001
1.19896784e-001
-5.47451224e-001
0.00000000e+000
2.45509679e+000
-1.20434541e-001
6.30208109e-001
-2.59844176e-001
0.00000000e+000
7.65689634e-002
-8.94720198e-002
-4.75447249e-002
-1.19259929e-001
0.00000000e+000
-4.13200315e-001
-4.53439504e-001
-3.94501471e-002
5.55906858e-002
-8.20577336e-001
-2.19648271e+000
-1.13452021e+000
0.00000000e+000
0.00000000e+000
0.00000000e+000
5.64924678e-001
-1.84326477e+000
2.52056663e-001
-2.85191716e-001
-1.21049879e+000
4.87781652e-001
-1.72624209e-002
1.12268230e+000
-3.02235826e-001
0.00000000e+000
6.98993507e-001
-6.07580877e-001
-1.11344809e+000
6.71066065e-001
9.65686863e-001
7.61724585e-001
5.51300078e-001
-1.63564717e+000
-3.67252239e-001
1.71645295e-001
-2.01899028e+000
0.00000000e+000
0.00000000e+000
0.00000000e+000
7.54484147e-002
-5.84504787e-001
-3.25083163e-001
1.61307066e-001
-1.29350952e+000
7.37121732e-001
5.17737222e-001
1.41080268e-002
-6.99211955e-001
0.00000000e+000
9.11022098e-001
3.44472363e-001
-9.76545922e-001
6.70797850e-001
-8.72323126e-001
9.52223234e-002
4.38021222e-003
-9.40217141e-001
-2.05316056e-001
3.46104083e-001
30 2
-1.1750e+000 1.4040e-001
8 20
0 1 20 8 2 4 17 5 
217
5.49717415e-001
8.90799718e-002
-5.15297052e-001
1.57719600e-001
5.98785960e-001
4.92912484e-001
1.23370471e-001
1.00541813e-001
1.05635515e-001
-9.92101508e-002
-1.82271589e-002
-1.71323082e-001
-2.59847372e-001
6.74882585e-001
0.00000000e+000
0.00000000e+000
0.00000000e+000
0.00000000e+000
0.00000000e+000
0.00000000e+000
0.00000000e+000
0.00000000e+000
0.00000000e+000
5.54699310e-001
2.67943823e-003
2.47599699e-001
0.00000000e+000
0.00000000e+000
0.00000000e+000
0.00000000e+000
0.00000000e+000
0.00000000e+000
0.00000000e+000
1.54053323e-001
4.42772004e-001
-4.71079124e-002
0.00000000e+000
3.94530741e-002
-1.30975277e-001
-1.04593150e-001
-4.50498877e-002
-3.74737239e-002
2.00119507e-001
6.28236872e-001
0.00000000e+000
-1.89951214e-001
-7.21859112e-001
8.29930509e-001
0.00000000e+000
-3.77315650e-001
-2.07521011e-001
7.69014677e-001
0.00000000e+000
-3.45961042e-001
-6.39872612e-001
1.25335069e+000
0.00000000e+000
-1.76713981e-001
-1.40671645e-001
4.97287804e-001
-2.20654459e-002
7.69645369e-001
-1.97862508e-001
-1.52986423e-001
-1.55693796e+000
-2.03828321e+000
1.20451350e+000
7.79430296e-001
1.05512829e+000
5.16552453e-001
0.00000000e+000
-1.08954180e+000
-7.41954759e-001
8.10731725e-001
-2.61280202e-001
8.28927578e-001
9.14905223e-001
0.00000000e+000
1.85637221e-001
-7.00864216e-002
1.67664270e-001
-5.49243798e-002
1.96415924e-001
9.36717309e-002
0.00000000e+000
1.02298199e-001
-1.13318996e-001
1.01918935e-001
-3.41165157e-001
3.45500280e-001
-2.58064755e-001
0.00000000e+000
-2.30803863e-001
-8.14550785e-001
3.20927298e-001
4.14570784e-002
4.59593980e-001
4.72134845e-002
6.31809146e-001
1.77017384e-001
-4.84496378e-001
-3.46720094e-001
-4.15544428e-001
8.76109782e-002
-2.23831129e-001
0.00000000e+000
6.06923557e-001
2.14601957e-001
-4.33662496e-002
3.21551455e-002
-1.38398931e-002
-2.72303427e-002
0.00000000e+000
5.53016951e-001
3.07057551e-001
8.02394359e-002
-2.89129839e-001
-8.35389720e-002
-2.43076637e-002
-9.25999858e-001
-2.88610390e+000
-9.68447772e-001
0.00000000e+000
0.00000000e+000
0.00000000e+000
6.64317683e-001
-1.38362734e+000
1.34722650e-001
-1.82739331e-001
-7.26031650e-001
6.08891200e-001
1.80621512e-001
6.29150642e-001
-9.16741304e-002
0.00000000e+000
5.63217899e-001
-8.03318648e-001
-1.38883367e+000
5.59189529e-001
4.23075388e-001
7.17937072e-001
-2.00158214e-001
-9.97063047e-001
-1.96613065e-002
3.43535983e-001
-7.68038346e-002
0.00000000e+000
0.00000000e+000
0.00000000e+000
-2.23629591e-002
-1.04429339e-001
-9.68811803e-002
-4.81843952e-002
-1.60940720e-001
2.72561834e-002
-4.36812993e-002
1.34513003e-001
-8.34862811e-002
0.00000000e+000
5.74393939e-002
2.53518996e-001
1.82794996e-001
9.68298722e-003
4.70298991e-002
3.46335780e-002
1.74092489e-001
-2.58678358e-001
-9.24649141e-002
-8.66559144e-002
-2.30206485e+000
0.00000000e+000
0.00000000e+000
0.00000000e+000
-5.11713801e-001
5.43481145e-001
-3.06900531e-001
-3.03869878e-001
-2.37567458e-001
3.19414965e-001
-4.69680914e-001
-5.79116981e-001
-7.89969575e-001
0.00000000e+000
1.69962425e-001
1.45063301e+000
-9.01328515e-001
6.11456789e-001
-1.15199464e-001
-5.22121069e-001
-2.64868872e-001
-8.16833486e-002
1.89994263e-001
-5.02987034e-001
-5.72600675e-002
0.00000000e+000
0.00000000e+000
0.00000000e+000
2.01132084e-001
5.18946579e-001
2.75646403e-002
1.15791524e-001
-4.03476558e-001
-1.20749500e-001
1.09217206e-001
2.11379014e-001
1.09002020e-002
0.00000000e+000
1.38545291e-001
3.11698866e-001
-2.15123918e-001
8.98651106e-002
-4.43763618e-001
1.80382795e-001
3.74972995e-002
-7.08646597e-001
-2.59608624e-001
1.41188137e-001
136
5.04040149e-001
0.00000000e+000
0.00000000e+000
0.00000000e+000
0.00000000e+000
0.00000000e+000
0.00000000e+000
5.19331976e-001
2.68211104e-003
0.00000000e+000
0.00000000e+000
0.00000000e+000
0.00000000e+000
0.00000000e+000
0.00000000e+000
0.00000000e+000
2.10187452e-001
4.16780346e-001
-1.22774991e-001
1.54676759e-001
-3.63280760e-001
-1.27437429e-001
-3.72208972e-002
2.58583533e-001
3.31645796e-001
3.68466862e-001
-8.13937160e-002
1.54676759e-001
1.23851766e-001
-8.28895299e-001
3.00413661e-001
0.00000000e+000
-2.91525559e-001
-1.84559559e-001
4.99441781e-003
0.00000000e+000
2.49989132e-001
-4.56877796e-001
8.08059386e-001
0.00000000e+000
-2.69881476e-001
3.88635939e-001
5.05158778e-001
0.00000000e+000
0.00000000e+000
0.00000000e+000
-1.90808717e-001
-7.36211240e-001
6.88774178e-001
-3.94184086e-002
-1.48598478e+000
0.00000000e+000
-2.43655168e-002
5.93723394e-001
1.40441441e-001
-9.38290870e-001
0.00000000e+000
3.51217609e-001
1.55166708e-002
-5.71917246e-002
1.30119272e-001
7.09707832e-001
-1.45476544e-001
-2.99104369e-001
5.22153698e-002
-4.10175992e-002
0.00000000e+000
-3.12781335e-001
-2.11632271e-001
9.32458886e-002
-6.99483715e-001
5.36921904e-001
1.32411887e-001
-5.28587305e-001
1.65867248e-001
-2.70155323e-001
0.00000000e+000
3.08652106e-001
4.07608806e-002
-3.96245432e-002
-4.36909310e-002
0.00000000e+000
2.08672206e-001
-7.28248565e-003
-1.30343774e-001
1.93578656e-002
-1.02375555e+000
-2.46532295e+000
-1.23184366e+000
0.00000000e+000
0.00000000e+000
0.00000000e+000
5.95065186e-001
-1.92114231e+000
1.98266621e-001
-1.29848240e-001
-1.33141680e+000
4.95598335e-001
8.73272469e-002
1.08593560e+000
-4.36105754e-001
0.00000000e+000
7.85165511e-001
-3.73958678e-001
-9.99003503e-001
6.01017055e-001
9.28863472e-001
7.12268395e-001
4.75160000e-001
-1.74763096e+000
-4.08678520e-001
1.51273676e-001
-2.50576106e+000
0.00000000e+000
0.00000000e+000
0.00000000e+000
6.91874303e-002
2.07083807e+000
-3.40139012e-001
-8.48508235e-002
-1.59821456e+000
-5.05539751e-002
-3.44098435e-001
8.01540095e-002
-5.94797392e-001
0.00000000e+000
5.52783742e-001
2.85390486e+000
-1.64030701e+000
3.71828535e-001
-1.29763043e+000
-1.70223456e-001
-1.52412899e-001
-1.78775471e+000
-4.96370081e-001
5.28950784e-002
9 1
-1.4265e+000 1.5809e-001
8 1
0 1 20 8 2 4 17 5 
217
7.91890208e-001
-6.25520718e-001
-1.55275299e-001
-1.05223235e-001
2.87132984e-001
-2.97832268e-001
1.82635919e-001
-2.73692147e-001
5.46622650e-002
-3.16078915e-002
7.93987992e-003
-4.72876126e-002
2.59519159e-001
3.19603435e-002
1.02553139e-001
-6.23706938e-004
2.32451382e-001
-1.82464859e-002
1.70135567e-003
2.72259590e-001
2.70707522e-001
1.91654578e-003
1.27661328e-001
4.36876033e-001
1.09931332e-004
1.03024851e-001
0.00000000e+000
0.00000000e+000
0.00000000e+000
0.00000000e+000
0.00000000e+000
0.00000000e+000
0.00000000e+000
5.60756328e-002
4.34214684e-001
3.01599891e-001
0.00000000e+000
-1.73799102e-001
-8.61210743e-002
1.61541763e-002
2.46659814e-001
3.32071985e-001
3.09442385e-001
1.47482024e-001
0.00000000e+000
-1.07865157e-001
-8.72789864e-001
9.35264318e-001
0.00000000e+000
-1.13720499e-001
-3.25387858e-001
4.72170057e-001
0.00000000e+000
6.71876853e-002
-6.32841378e-001
1.17097023e+000
0.00000000e+000
-2.03579215e-001
-1.89671118e-001
5.92153002e-001
-2.08482529e-001
1.34875459e+000
-3.48381849e-001
-4.76206303e-001
-1.54448391e+000
-2.21757617e+000
1.56221562e+000
-8.45719425e-002
1.25036481e+000
7.37160013e-001
0.00000000e+000
-3.57977186e-001
-8.38627802e-001
8.56687288e-001
8.08585244e-001
2.93180105e-001
1.09115267e+000
0.00000000e+000
5.59925838e-001
4.76977316e-002
1.30423483e-001
1.55273595e-001
1.01540886e-001
-1.92913256e-001
0.00000000e+000
-1.23290016e-002
-9.69263634e-003
4.75289028e-001
-1.42954541e-001
3.28930181e-001
-1.51982454e-001
0.00000000e+000
-1.51872471e-001
-8.34627795e-001
5.72254691e-001
-4.37361949e-001
3.71507988e-001
-6.75566860e-002
7.30935757e-001
1.86381228e-001
6.11806261e-002
-1.40483954e-001
2.77054832e-002
1.50571754e-002
-4.73404312e-001
0.00000000e+000
5.19839967e-001
2.07771505e-001
3.53803508e-002
1.27641153e-001
2.36669890e-001
-2.29573825e-002
0.00000000e+000
5.02754193e-001
8.70795921e-002
8.94681926e-002
9.35841220e-002
1.99667822e-001
-7.83148504e-002
-8.97796950e-001
-2.74956367e+000
-1.08544479e+000
0.00000000e+000
0.00000000e+000
0.00000000e+000
5.43305012e-001
-1.19995553e+000
2.12570706e-001
-5.56580970e-001
-1.15069221e+000
4.07359778e-001
-1.35888959e-001
1.02684762e+000
2.34468661e-001
0.00000000e+000
2.89637861e-001
3.03018787e-001
-1.07759732e+000
2.88135107e-001
7.07710491e-001
8.49101559e-001
1.41220417e-001
-1.37531868e+000
-4.83304018e-001
-1.09483094e-001
-7.40487809e-002
0.00000000e+000
0.00000000e+000
0.00000000e+000
8.45607550e-002
1.43029589e-001
-1.40288800e-001
2.39618760e-001
-1.11635680e-001
5.99278417e-002
7.42618679e-002
9.29945638e-002
-2.81245678e-001
0.00000000e+000
1.29814817e-001
-4.29634795e-001
-1.79877613e-002
9.44034441e-002
-2.38891911e-001
4.83852698e-002
1.60009080e-001
-2.01970572e-001
1.10193203e-001
1.10407225e-001
-2.80743438e+000
0.00000000e+000
0.00000000e+000
0.00000000e+000
-1.38729774e-001
3.42841054e+000
-5.30481052e-001
1.70475809e-001
-8.33550435e-001
-9.57743133e-001
-1.82189063e+000
-4.77646755e-001
6.64272515e-001
0.00000000e+000
-1.36935768e-001
3.59607165e+000
-2.39995591e+000
1.11154946e-001
-1.12465012e+000
-2.93211650e-001
-2.67288831e-001
-5.99322761e-001
-5.23144606e-001
-6.73268421e-001
-1.94644325e-001
0.00000000e+000
0.00000000e+000
0.00000000e+000
3.31496932e-001
-4.24556914e-001
1.09593291e-001
-6.13873007e-002
-8.80626486e-001
3.74294007e-001
8.11858740e-001
3.47013024e-001
-7.42739347e-001
0.00000000e+000
4.09325251e-001
-2.26542625e-001
3.60243469e-001
-2.12325407e-001
1.17902860e-001
2.02407032e-002
2.05751177e-001
-6.27819813e-001
-6.32341972e-001
5.25976087e-001
136
4.92171519e-001
-5.45603988e-002
3.67957428e-003
1.22225245e-001
6.43099849e-005
2.17201091e-001
-6.93501379e-004
2.07305581e-001
4.57118695e-005
0.00000000e+000
0.00000000e+000
0.00000000e+000
0.00000000e+000
0.00000000e+000
0.00000000e+000
0.00000000e+000
1.28835148e-001
4.30161089e-001
-6.67588726e-002
2.66677352e-001
-2.53286341e-001
-1.19184838e-001
-5.53770609e-002
1.67612893e-001
2.79832759e-001
2.71274228e-001
-6.53774738e-002
2.66677352e-001
2.17234590e-001
-6.14941912e-001
2.05027550e-001
0.00000000e+000
-1.83514459e-001
2.09819200e-002
-3.86095296e-002
0.00000000e+000
1.48873219e-001
-4.26222226e-001
5.65611421e-001
0.00000000e+000
-2.98532484e-001
3.63340883e-001
2.66245195e-001
0.00000000e+000
0.00000000e+000
0.00000000e+000
1.26968759e-001
-5.17132742e-001
6.78089269e-001
-3.58059179e-002
-1.57416895e+000
0.00000000e+000
1.50738218e-001
5.86402421e-001
2.41184433e-001
-8.93603092e-001
0.00000000e+000
3.62259994e-001
1.75191668e-002
-4.36186950e-002
1.36119677e-001
1.93146043e-001
-2.21803340e-001
-2.81305756e-001
8.40929461e-002
-3.95951275e-002
0.00000000e+000
-4.57049227e-003
-1.65162604e-001
1.56093162e-001
-7.01590985e-001
4.08427674e-001
-1.57275684e-002
-3.01280980e-001
9.12477527e-002
-3.07782405e-001
0.00000000e+000
3.56335156e-001
5.02619877e-002
-4.02212781e-002
-7.58405804e-002
0.00000000e+000
3.60465883e-001
-1.40125299e-002
-9.85624184e-002
-7.34296264e-002
-1.04085097e+000
-2.44627126e+000
-1.22566795e+000
0.00000000e+000
0.00000000e+000
0.00000000e+000
5.95057103e-001
-2.12739150e+000
1.94969539e-001
-1.38259733e-001
-1.26712235e+000
5.13848867e-001
1.21376874e-001
1.08373816e+000
-4.86611886e-001
0.00000000e+000
8.05536533e-001
-4.00809228e-001
-9.65431630e-001
6.18110457e-001
9.76472839e-001
7.02925987e-001
4.86015474e-001
-1.72661112e+000
-3.83398388e-001
1.71916057e-001
-2.36964248e+000
0.00000000e+000
0.00000000e+000
0.00000000e+000
4.82704594e-002
1.86352319e+000
-2.81284560e-001
-6.98525130e-002
-1.61284336e+000
-8.84824247e-002
-3.34104064e-001
7.61239870e-002
-6.95619565e-001
0.00000000e+000
5.62652961e-001
2.63742517e+000
-1.50297673e+000
6.35359452e-001
-1.33733362e+000
-3.04434644e-002
-1.86445526e-001
-1.76902027e+000
-3.03882196e-001
1.92905995e-002
24 1
-1.1730e+000 1.8690e-001
8 0
0 1 20 8 2 4 17 5 
217
1.09407640e+000
-1.27240903e-001
-8.27332158e-001
2.30823271e-001
-5.27472788e-002
7.97335630e-001
6.52735374e-001
2.31573063e-001
7.72390160e-001
-9.94005200e-001
-1.16107169e-001
-7.30856955e-001
0.00000000e+000
0.00000000e+000
6.81503975e-001
-1.47175980e-003
-4.13628480e-001
4.12572422e-001
-1.70607237e-002
-4.95645124e-001
0.00000000e+000
0.00000000e+000
0.00000000e+000
0.00000000e+000
0.00000000e+000
0.00000000e+000
0.00000000e+000
0.00000000e+000
0.00000000e+000
0.00000000e+000
0.00000000e+000
0.00000000e+000
0.00000000e+000
4.46878821e-001
2.82425876e-001
0.00000000e+000
0.00000000e+000
1.44965233e-001
5.65918276e-002
-4.00343845e-003
6.66256010e-003
1.99998277e-001
2.16770986e-001
5.79083286e-001
0.00000000e+000
6.99307400e-001
-4.65193823e-001
6.77772404e-001
0.00000000e+000
-2.99931203e-001
-5.99133609e-001
2.82438734e-001
0.00000000e+000
5.70529215e-001
-5.90764795e-001
1.29299405e+000
0.00000000e+000
1.27787835e-001
-2.54419215e-001
5.25585513e-001
1.46559256e-001
1.21028185e+000
-5.80741714e-001
0.00000000e+000
-7.64814437e-002
-2.20304922e+000
1.87430125e+000
9.00576778e-001
1.47035638e+000
7.30869898e-001
0.00000000e+000
-5.29900001e-001
-7.75948905e-001
1.09004018e+000
9.84491058e-002
7.98739978e-001
-1.20624334e-002
0.00000000e+000
3.89995323e-001
3.12417845e-001
2.79401458e-001
1.05797888e-001
1.03505856e-002
-7.40820979e-001
0.00000000e+000
1.77888396e-001
-8.02300177e-002
4.29760650e-001
-3.89443450e-001
2.27647986e-001
-3.03505652e-001
0.00000000e+000
-2.02629917e-001
-6.27815845e-001
5.77027513e-001
-4.03086126e-001
4.60899437e-001
-7.90984075e-002
0.00000000e+000
4.53832311e-002
-4.75424209e-001
5.14282138e-001
-9.18887010e-001
2.75631663e-001
-2.63452144e-001
0.00000000e+000
5.20647927e-001
-2.11360248e-001
3.20094223e-001
-1.70177516e-001
-5.44511776e-003
-3.79424685e-002
0.00000000e+000
6.12424739e-001
-8.95175902e-004
3.06981537e-001
-2.78082076e-001
-8.41092443e-002
-5.34963652e-001
-1.07557198e+000
-2.72355102e+000
-1.16452808e+000
0.00000000e+000
0.00000000e+000
0.00000000e+000
5.37175162e-001
-8.72518387e-001
5.89739284e-001
-4.53352286e-001
-1.77601398e+000
9.26038768e-001
-3.27337276e-001
9.97979864e-001
-4.59881726e-001
0.00000000e+000
6.43156117e-001
-5.85354203e-001
-1.07341762e+000
4.92534613e-001
8.83563323e-001
1.01417582e+000
2.71420811e-001
-1.74487047e+000
-3.98077583e-001
1.70511700e-001
-1.48765203e-001
0.00000000e+000
0.00000000e+000
0.00000000e+000
1.55183361e-001
-1.08532807e+000
-3.57589238e-001
2.76807382e-001
2.57150420e-001
-1.00959523e-001
2.30229712e-001
1.30988653e-001
1.57506404e-001
0.00000000e+000
1.83675046e-002
3.16260933e-001
-8.15627297e-002
1.60296470e-001
-2.33384876e-001
-4.78972551e-001
1.58057528e-001
8.38629483e-002
2.51667973e-002
2.19153668e-001
-2.51176863e+000
0.00000000e+000
0.00000000e+000
0.00000000e+000
-5.16638615e-001
-1.53197653e-002
-6.92650493e-001
7.06916651e-002
-1.01630662e+000
3.93874939e-001
7.37388439e-001
-4.28415188e-001
4.86763057e-001
0.00000000e+000
3.12759401e-001
4.66241318e-001
-9.89261607e-001
6.00166315e-001
-1.27167949e+000
3.36605282e-003
-1.29640247e-001
-2.66905460e-001
9.51800218e-002
-3.51382361e-001
7.11180568e-003
0.00000000e+000
0.00000000e+000
0.00000000e+000
3.86545613e-001
-8.77515480e-001
2.49737887e-001
1.94046224e-001
1.25401831e-001
7.24171684e-001
2.36900886e-001
2.59585283e-001
-5.19874926e-001
0.00000000e+000
3.38462155e-001
-4.67041687e-001
-1.77108278e-001
-1.21452850e-001
4.16321723e-002
4.39961633e-002
2.57105854e-003
-3.46355101e-001
-1.71874571e-001
8.52837432e-002
136
4.97678004e-001
2.74604214e-001
-9.12723701e-004
2.23073790e-001
-9.47007399e-003
0.00000000e+000
0.00000000e+000
0.00000000e+000
0.00000000e+000
0.00000000e+000
0.00000000e+000
0.00000000e+000
0.00000000e+000
0.00000000e+000
0.00000000e+000
0.00000000e+000
6.41888243e-001
6.92082052e-001
0.00000000e+000
0.00000000e+000
4.97767526e-001
2.00706952e-001
-9.06267762e-004
5.96512659e-002
2.07344724e-001
2.64718816e-001
3.22760994e-001
0.00000000e+000
2.02920698e-001
-7.60701295e-001
7.72720262e-001
0.00000000e+000
-1.33992715e-001
-4.71399672e-001
7.09181848e-001
0.00000000e+000
1.15340213e-001
-4.43305279e-001
1.28813525e+000
0.00000000e+000
-2.80528119e-001
-3.68157375e-001
9.21830191e-001
0.00000000e+000
0.00000000e+000
0.00000000e+000
0.00000000e+000
-9.92514188e-001
8.00616599e-001
-2.20927328e-001
-1.39363093e+000
0.00000000e+000
-1.15062593e+000
-3.57036381e-002
2.79054774e-002
-9.62376090e-001
0.00000000e+000
1.20743845e-001
-5.19352919e-003
-3.07004884e-002
3.03352974e-001
4.66971472e-001
-3.87407518e-001
-3.95530813e-001
1.06076001e-001
-2.43311294e-001
0.00000000e+000
-1.97124570e-001
-1.60194580e-001
1.23874197e-001
-5.93591291e-001
0.00000000e+000
1.80900183e+000
-1.92598248e-001
5.08921822e-001
-3.15322646e-001
0.00000000e+000
1.88705496e-001
-6.15842126e-002
-1.34886190e-002
-4.93525740e-002
0.00000000e+000
-1.36695536e-002
-3.93374331e-001
4.07499430e-002
9.39479793e-002
-8.44293746e-001
-2.11185604e+000
-1.12538843e+000
0.00000000e+000
0.00000000e+000
0.00000000e+000
5.96584369e-001
-1.78729679e+000
1.97934600e-001
-2.49775972e-001
-1.19634301e+000
4.41888745e-001
-1.34428716e-002
1.11996081e+000
-2.79242116e-001
0.00000000e+000
6.86759841e-001
-7.11228283e-001
-1.07384723e+000
6.24043957e-001
9.85979249e-001
8.19349462e-001
5.62870135e-001
-1.59474943e+000
-3.98639700e-001
1.43805813e-001
-1.92341780e+000
0.00000000e+000
0.00000000e+000
0.00000000e+000
6.28210337e-002
-5.57865891e-001
-1.66058137e-001
1.07063874e-001
-1.25985719e+000
7.68635462e-001
3.32483294e-001
2.79697939e-002
-8.21992369e-001
0.00000000e+000
9.53375380e-001
4.57057230e-001
-9.67832656e-001
6.34397050e-001
-8.47310610e-001
7.14507601e-002
-7.11002046e-003
-8.33995166e-001
-2.76702823e-001
4.00053190e-001
12 1
-1.2914e+000 1.4577e-001
8 1
0 1 20 8 2 4 17 5 
217
5.31803187e-001
-5.06569251e-001
-1.49192682e-001
-4.34829522e-001
-3.18570794e-002
4.25126982e-001
3.48167227e-001
-1.16809079e-001
1.51963966e-001
1.06484223e-001
-2.21390494e-001
9.72565346e-002
2.84919567e-001
1.04055016e-001
-3.58505001e-001
5.90073196e-003
6.71805196e-001
7.17337866e-002
8.26311421e-004
4.32742851e-001
1.75758326e-001
1.90490866e-003
3.98968502e-001
6.42816076e-001
-9.19135562e-004
2.40199074e-001
0.00000000e+000
0.00000000e+000
0.00000000e+000
0.00000000e+000
0.00000000e+000
0.00000000e+000
0.00000000e+000
-9.08696181e-002
3.72389905e-001
2.50282901e-001
0.00000000e+000
-8.05025222e-002
-8.89558968e-002
1.96306127e-002
9.91324994e-002
1.39084215e-001
1.32254188e-001
3.11160092e-001
0.00000000e+000
1.42920782e-001
-6.44160499e-001
5.05350976e-001
0.00000000e+000
-3.52902413e-001
-2.02599346e-001
5.09041221e-001
0.00000000e+000
9.32343127e-002
-5.01300663e-001
8.48202898e-001
0.00000000e+000
-1.10407865e-001
4.35835082e-002
2.00840274e-001
1.03380659e-001
6.47743850e-001
-2.19321321e-001
3.22783193e-002
-1.33675532e+000
-1.40477710e+000
1.10544730e+000
4.12259848e-001
7.30832888e-001
8.78452166e-001
0.00000000e+000
-2.27098038e-001
-1.74015851e-001
7.90456864e-001
5.66348334e-001
-3.14984942e-002
9.71019061e-001
0.00000000e+000
4.44247807e-001
3.37567334e-001
-6.01568553e-002
1.54577690e-001
1.47712235e-001
-3.23112968e-001
0.00000000e+000
-4.23492788e-002
6.06931178e-002
3.39795942e-001
-2.61620277e-001
2.34356524e-001
-1.04684637e-001
0.00000000e+000
-2.66999546e-001
-6.08000315e-001
4.77762368e-001
-3.26573882e-001
3.21040366e-001
1.70028496e-001
5.77925540e-001
-2.32446575e-001
-5.78308131e-001
1.43586204e-001
-7.00406197e-001
4.27380187e-002
-2.60343244e-001
0.00000000e+000
3.08848736e-001
-2.47683125e-001
8.24233838e-002
-7.63868989e-002
1.40531067e-001
-5.64500875e-002
0.00000000e+000
5.86889759e-001
2.39362156e-001
-9.64941800e-002
6.65663104e-002
4.14076084e-002
-1.65318933e-001
-7.73750487e-001
-2.37951226e+000
-7.02414392e-001
0.00000000e+000
0.00000000e+000
0.00000000e+000
3.06671325e-001
-1.17170352e+000
5.08840019e-001
-9.61918745e-003
-7.46595315e-001
2.65863877e-001
6.76568016e-002
1.12762505e+000
-5.56390221e-001
0.00000000e+000
3.41798487e-001
-2.49081474e-001
-8.94560791e-001
4.04430488e-001
9.97078064e-001
4.10454545e-001
3.04007996e-001
-1.20860087e+000
-6.21929800e-001
2.16401297e-002
-2.50078890e-001
0.00000000e+000
0.00000000e+000
0.00000000e+000
2.36114911e-001
-4.28410316e-001
-4.75727878e-001
-7.43573592e-002
-2.66685112e-001
1.91371978e-001
5.89171132e-002
-2.13923565e-001
1.38729544e-001
0.00000000e+000
2.75663868e-001
-9.32478360e-002
-3.40159065e-002
2.25498243e-001
-3.88220697e-001
2.35709265e-001
6.83822126e-002
-1.12527148e-001
2.54484265e-001
1.52165530e-001
-2.42070572e+000
0.00000000e+000
0.00000000e+000
0.00000000e+000
8.44938095e-002
3.34644199e+000
-3.22966804e-001
-1.13169226e-001
-6.08909969e-001
-6.62204597e-001
-1.48430215e+000
-2.77207152e-001
-7.65952593e-001
0.00000000e+000
3.23575343e-001
3.09783700e+000
-1.74808829e+000
3.42564462e-001
-1.59948847e+000
-6.26123707e-001
-1.74735006e-001
-7.15475430e-001
-3.89363028e-001
-1.27631894e-001
-1.22221714e-002
0.00000000e+000
0.00000000e+000
0.00000000e+000
5.85298296e-002
-7.75266306e-001
-1.96667324e-002
-7.97222476e-003
-2.65688964e-001
3.82987379e-001
5.92721829e-001
9.85185909e-002
6.41184917e-002
0.00000000e+000
1.19720856e-001
-3.41113957e-001
3.01600881e-003
2.03398812e-001
2.14737988e-001
3.37185000e-001
4.63480660e-002
-7.75492117e-001
-4.00266327e-002
9.17219132e-002
136
3.58885686e-001
2.58918914e-002
-1.51225485e-003
2.33353278e-002
3.89766823e-004
1.44105227e-001
-8.74930125e-005
1.65553240e-001
1.57129031e-004
0.00000000e+000
0.00000000e+000
0.00000000e+000
0.00000000e+000
0.00000000e+000
0.00000000e+000
0.00000000e+000
1.04526162e-001
3.71889305e-001
-1.17482051e-001
3.67581255e-001
-3.83204827e-001
-1.17580686e-001
-7.37132950e-002
2.03108318e-001
2.57241697e-001
2.50163386e-001
-1.44710161e-001
3.67581255e-001
1.15138066e-001
-6.03889248e-001
2.76211586e-001
0.00000000e+000
-2.21137903e-001
2.49991624e-002
-9.45428449e-002
0.00000000e+000
1.19433353e-001
-4.86599262e-001
5.44237007e-001
0.00000000e+000
-3.35365472e-001
4.11062884e-001
2.41757104e-001
0.00000000e+000
0.00000000e+000
0.00000000e+000
1.09491921e-001
-3.96337130e-001
7.21353335e-001
8.97534394e-002
-1.51026700e+000
0.00000000e+000
4.56492983e-002
6.48119663e-001
2.09362542e-001
-2.66661786e-001
0.00000000e+000
3.32112756e-001
1.82539162e-002
-5.98437550e-002
4.51510892e-002
7.83527394e-001
-1.47520506e-001
-2.75833081e-001
9.85619530e-002
-6.98440607e-002
0.00000000e+000
-2.76285499e-002
-1.71089806e-001
1.64017524e-001
-5.50487064e-001
3.98021254e-001
6.15526745e-002
-5.96683822e-001
1.55016943e-001
-2.09860454e-001
0.00000000e+000
3.07678995e-001
4.36203368e-002
-4.39927716e-002
4.63877895e-002
0.00000000e+000
2.35845266e-001
-9.04348306e-003
-1.46707819e-001
1.39500767e-001
-1.05316743e+000
-2.44183724e+000
-1.22660727e+000
0.00000000e+000
0.00000000e+000
0.00000000e+000
5.92327180e-001
-1.93500474e+000
2.50817728e-001
-6.31922738e-002
-1.29170481e+000
4.51234010e-001
7.78285089e-002
1.09432234e+000
-4.73047894e-001
0.00000000e+000
7.81769882e-001
-4.01743307e-001
-9.64641878e-001
5.73647155e-001
9.79111922e-001
6.98178719e-001
4.67856265e-001
-1.76523133e+000
-4.48585152e-001
1.49450403e-001
-2.45365552e+000
0.00000000e+000
0.00000000e+000
0.00000000e+000
2.62778330e-002
2.00062222e+000
-3.20883794e-001
-9.50110410e-002
-1.60535351e+000
-7.78859790e-002
-2.90890774e-001
1.09970367e-001
-6.13069370e-001
0.00000000e+000
5.60319169e-001
2.87933391e+000
-1.65235985e+000
3.12356355e-001
-1.25837306e+000
-1.92370280e-001
-1.72913816e-001
-1.56762162e+000
-5.24607056e-001
2.88047602e-002
25 1
-1.1946e+000 2.0075e-001
8 0
0 1 20 8 2 4 17 5 
217
7.43259200e-001
-3.53771721e-001
-4.93330490e-001
-2.82348014e-001
1.21797288e-001
4.59171126e-001
6.10142052e-001
5.18167554e-001
8.89132921e-001
6.00939070e-001
6.08094494e-001
-5.14270647e-001
0.00000000e+000
0.00000000e+000
3.47981652e-001
-1.38720060e-003
-5.34823851e-001
3.95277547e-001
-4.93971530e-003
-6.06174170e-001
0.00000000e+000
0.00000000e+000
0.00000000e+000
0.00000000e+000
0.00000000e+000
0.00000000e+000
0.00000000e+000
0.00000000e+000
0.00000000e+000
0.00000000e+000
0.00000000e+000
0.00000000e+000
0.00000000e+000
3.50153458e-001
3.93105742e-001
0.00000000e+000
0.00000000e+000
3.30555385e-001
-1.66512289e-002
-7.11267828e-002
-8.41696206e-002
-3.50513087e-003
2.77785893e-001
3.10370685e-001
0.00000000e+000
2.44152089e-001
-6.45684408e-001
4.85413259e-001
0.00000000e+000
-2.28393489e-001
-3.83936661e-001
4.24701718e-001
0.00000000e+000
-1.13427440e-001
-1.66808991e-001
8.41722346e-001
0.00000000e+000
-4.96723623e-001
3.10617352e-001
4.71627049e-001
5.04246022e-001
6.85449473e-001
-4.46436296e-001
0.00000000e+000
-8.85812708e-001
-1.82216868e+000
9.28223882e-001
8.25612539e-001
7.00848025e-001
5.50372532e-001
0.00000000e+000
-5.94392464e-001
-9.74644934e-001
9.41544889e-001
-6.94426985e-002
3.96106775e-001
4.48676757e-002
0.00000000e+000
6.45366854e-001
2.68799832e-001
1.67682343e-001
3.26150262e-002
-6.97899969e-002
-4.68211537e-001
0.00000000e+000
-1.03747493e-001
-1.11329554e-001
4.64222304e-001
-3.52049788e-001
3.82784388e-001
-7.47139928e-002
0.00000000e+000
-1.94525448e-001
-7.38961203e-001
5.25690479e-001
-2.56237922e-001
4.12094169e-001
-1.24470184e-001
0.00000000e+000
-1.13431440e-002
-4.67021349e-001
4.76357693e-001
-4.29977430e-001
2.78244650e-001
-2.57180097e-002
0.00000000e+000
6.52754498e-001
9.17585694e-002
1.17598736e-001
9.87879323e-002
-2.70940343e-002
7.90750090e-001
0.00000000e+000
4.03580819e-001
-2.51767542e-001
-3.71982436e-002
-2.98191200e-001
3.76876624e-001
3.99225901e-001
-7.45273495e-001
-2.19278958e+000
-1.10357095e+000
0.00000000e+000
0.00000000e+000
0.00000000e+000
8.79204326e-001
-9.44594964e-001
-6.96760524e-002
-3.56060979e-001
-1.25097063e+000
2.15662755e-001
-3.61574579e-001
1.36001119e+000
-6.29461152e-001
0.00000000e+000
7.65640918e-001
-4.65727332e-001
-1.45361041e+000
9.67152512e-001
6.85622124e-001
1.00073720e+000
2.04121304e-001
-1.11478313e+000
-4.84808983e-001
-5.04550594e-002
9.24262679e-002
0.00000000e+000
0.00000000e+000
0.00000000e+000
-5.03664315e-002
-7.49995073e-001
1.34638536e-001
8.29132407e-002
-8.23629291e-002
2.44251689e-001
5.52142162e-001
-2.98285232e-001
1.47313397e-001
0.00000000e+000
2.01130303e-002
-5.66614500e-002
4.81320547e-001
-4.33469264e-001
-1.76124144e-001
7.03562382e-002
4.04180378e-001
-4.87319733e-001
1.25409361e-001
1.64371945e-001
-2.14668305e+000
0.00000000e+000
0.00000000e+000
0.00000000e+000
3.58009507e-002
8.25031307e-001
-5.26336895e-001
-1.22974524e-001
-1.92764402e+000
3.50836282e-001
2.51644193e-001
1.52685840e-001
-4.86946522e-001
0.00000000e+000
9.64284461e-001
6.89835780e-001
-1.38064191e+000
6.34131585e-001
-1.36018504e+000
4.83586515e-001
-3.21931018e-001
-1.07221238e+000
2.82496692e-004
6.64069851e-001
5.20337068e-002
0.00000000e+000
0.00000000e+000
0.00000000e+000
2.43985368e-001
-1.30965603e+000
2.36461260e-001
2.19659844e-001
5.79774113e-001
1.81272039e-001
-6.97551035e-002
-4.09258775e-002
2.35868111e-001
0.00000000e+000
-1.26355848e-001
-2.60961661e-001
-2.74758195e-002
7.40263163e-002
3.03402269e-001
-4.74503200e-002
3.30760348e-001
-1.15552338e-001
7.81065609e-002
-4.33149521e-001
136
5.00003875e-001
3.00919774e-001
-4.87203401e-004
1.99325069e-001
-9.36719700e-003
0.00000000e+000
0.00000000e+000
0.00000000e+000
0.00000000e+000
0.00000000e+000
0.00000000e+000
0.00000000e+000
0.00000000e+000
0.00000000e+000
0.00000000e+000
0.00000000e+000
6.85385729e-001
6.92970240e-001
0.00000000e+000
0.00000000e+000
4.07237015e-001
1.41686682e-001
-4.43162226e-002
2.19090883e-002
2.19903233e-001
2.67061440e-001
4.23721895e-001
0.00000000e+000
9.02017161e-002
-7.95097950e-001
7.41359884e-001
0.00000000e+000
-2.56796406e-001
-4.80307177e-001
7.11772311e-001
0.00000000e+000
1.23329350e-001
-4.77714640e-001
1.35435619e+000
0.00000000e+000
-2.14552364e-001
-4.00533194e-001
1.04118541e+000
0.00000000e+000
0.00000000e+000
0.00000000e+000
0.00000000e+000
-9.89107132e-001
8.27000281e-001
-2.03478191e-001
-1.48718871e+000
0.00000000e+000
-1.19501696e+000
-5.27892277e-002
1.82179099e-003
-9.24158478e-001
0.00000000e+000
9.92352971e-002
-5.13843558e-003
-4.52156796e-002
2.92772705e-001
7.06013572e-001
-3.50282794e-001
-4.14723839e-001
8.79574282e-002
-2.06904116e-001
0.00000000e+000
-2.26009935e-001
-1.84189212e-001
1.20511093e-001
-5.46928143e-001
0.00000000e+000
1.94836727e+000
-2.10026881e-001
5.48482351e-001
-2.77096795e-001
0.00000000e+000
2.84970346e-001
-6.53050651e-002
4.57876877e-003
-9.81174900e-002
0.00000000e+000
5.37408150e-002
-3.64634813e-001
3.74419731e-002
9.92093160e-002
-8.36419045e-001
-2.24931889e+000
-1.16061092e+000
0.00000000e+000
0.00000000e+000
0.00000000e+000
5.75189351e-001
-1.81780237e+000
2.21270266e-001
-2.48932289e-001
-1.22751640e+000
4.83062820e-001
-7.30724591e-002
1.13348785e+000
-2.76552591e-001
0.00000000e+000
6.89325924e-001
-5.81670905e-001
-1.08545477e+000
5.98472007e-001
9.69065047e-001
7.57499040e-001
5.44879439e-001
-1.64381800e+000
-3.44429879e-001
1.66387000e-001
-2.03668040e+000
0.00000000e+000
0.00000000e+000
0.00000000e+000
2.58968638e-002
-5.91956816e-001
-2.01546314e-001
1.86784193e-001
-1.30128961e+000
8.02881226e-001
5.17525141e-001
1.37984251e-002
-7.53094351e-001
0.00000000e+000
8.88355986e-001
4.38720757e-001
-1.02897403e+000
6.14749236e-001
-9.18803234e-001
8.68572630e-002
-6.73803508e-002
-7.78272654e-001
-3.05870794e-001
3.34938660e-001
