0.1 1.00728
5
0
0
1 1257.618
1 1690.751
0
0
1 0.000
2 -0.000 0.000
2 0.000 -0.000
1 -0.000
0
0
2
0
127
20
0	0.00000000	OFFSET FROM MEASURED M/Z
5	-1000000000.00000000	-0.75000000	-0.50000000	-0.20001221	0.00000000
6	-3.34955837	-3.34955837	-1.50254472	-2.16572741	0.18290218	-3.34955837
1	0.00000000	OFFSET FROM MEASURED M/Z, NUM PAIRS <=2
5	-1000000000.00000000	-0.75000000	-0.50000000	-0.20001221	0.20001221
6	-1.50965525	-1.50965525	-0.64591017	-1.50965525	-0.86374509	-1.50965525
49	0.00000000	PAIR OFFSET (STRONG 5)
3	-1000000000.00000000	0.00537109	0.00573730
4	0.15249384	0.15249384	0.00000000	0.15249384
56	0.00000000	INTEN STRICT 0
3	-1000000000.00000000	0.01171079	0.02398222
4	-0.07445930	-0.14142802	-0.03331277	0.27000066
57	0.00000000	NUM STRICT 1
2	-1000000000.00000000	1.00000000
3	-0.10525356	-0.10525356	0.14191674
58	0.00000000	INTEN STRICT 1
3	-1000000000.00000000	0.00281023	0.02649496
4	-0.13517592	-0.16706328	0.19868339	0.23653119
60	0.00000000	INTEN STRICT 2
2	-1000000000.00000000	0.00984869
3	-0.03970037	-0.04377435	0.01693961
67	0.00000000	DIFF WITH -2 # PAIRS
5	-1000000000.00000000	-3.00000000	-1.00000000	0.00000000	1.00000000
6	0.06058833	0.06058833	0.04454520	0.00000000	0.03984300	0.06058833
73	0.00000000	DIFF WITH -2 INTEN PAIRS
6	-1000000000.00000000	-0.00957253	-0.00454104	0.00000000	0.00996003	0.02315734
7	0.60721131	0.52646315	0.14006960	0.00000000	0.09046643	0.51785539	0.74456754
77	0.00000000	DIFF WITH -2 INTEN H2O PAIRS
2	-1000000000.00000000	0.00584094
3	0.04930624	0.00000000	0.31781246
79	0.00000000	DIFF WITH -1 # PAIRS
3	-1000000000.00000000	-3.00000000	1.00000000
4	0.10618281	0.10618281	0.00000000	0.13274264
85	0.00000000	DIFF WITH -1 INTEN PAIRS
7	-1000000000.00000000	-0.12504032	-0.02302912	0.00000000	0.00494401	0.00998800	0.02357424
8	0.78296967	0.70608269	0.53069952	0.00000000	0.13991884	0.28662109	0.34557221	0.83907820
89	0.00000000	DIFF WITH -1 INTEN H2O PAIRS
3	-1000000000.00000000	-0.01126401	0.01928552
4	0.15811223	0.15811223	0.00000000	0.15811223
95	0.00000000	DIFF WITH +1 # H2O PAIRS
3	-1000000000.00000000	-1.00000000	1.00000000
4	0.18789793	0.18789793	0.00000000	0.18789793
97	0.00000000	DIFF WITH +1 INTEN PAIRS
3	-1000000000.00000000	-0.01094025	0.02260840
4	0.19967587	0.19967587	0.00000000	0.19967587
101	0.00000000	DIFF WITH +1 INTEN H2O PAIRS
3	-1000000000.00000000	-0.00516144	0.01065198
4	0.08032836	0.08032836	0.00000000	0.08032836
102	0.00000000	DIFF WITH +1 INTEN C2 H2O PAIRS
2	-1000000000.00000000	-0.01027745
3	0.25392949	0.30345318	0.00000000
117	0.00000000	DIFF +1/-1 # C2 PAIRS
2	-1000000000.00000000	0.00000000
3	0.00000000	0.00000000	0.12773272
121	0.00000000	DIFF +1/-1 INTEN PAIRS
3	-1000000000.00000000	-0.00444343	0.00000000
4	0.43745954	0.43745954	0.00000000	0.43745954
126	0.00000000	DIFF +1/-1 INTEN C2 H2O PAIRS
3	-1000000000.00000000	-0.00199179	0.00000000
4	0.10965091	0.10965091	0.00000000	0.10965091
0
127
22
0	0.00000000	OFFSET FROM MEASURED M/Z
4	-1000000000.00000000	-0.75000000	-0.20001221	0.00000000
5	-0.50357072	-0.50357072	0.57156843	2.75114372	-0.50357072
1	0.00000000	OFFSET FROM MEASURED M/Z, NUM PAIRS <=2
5	-1000000000.00000000	-0.75000000	-0.50000000	-0.20001221	0.20001221
6	-1.45509121	-1.45509121	0.05177713	-1.40331408	-1.27147144	-1.45509121
6	0.00000000	OFFSET FROM MEASURED M/Z, NUM C2 PAIRS <=2
3	-1000000000.00000000	-0.75000000	-0.50000000
4	-0.36541238	-0.36541238	0.00000000	-0.36541238
25	0.00000000	AVG OFFSET TOP (STRONG 4)
4	-1000000000.00000000	0.00646973	0.00671387	0.00799561
5	0.13530542	0.13530542	0.05727061	0.00000000	0.13530542
48	0.00000000	PAIR OFFSET (STRONG 4)
5	-1000000000.00000000	0.00537109	0.00573730	0.00695801	0.00732422
6	0.36092611	0.36092611	0.29992956	0.00000000	0.08477455	0.36092611
49	0.00000000	PAIR OFFSET (STRONG 5)
3	-1000000000.00000000	0.00109863	0.00158691
4	0.40973295	0.40973295	0.00000000	0.40973295
55	0.00000000	NUM STRICT 0
2	-1000000000.00000000	1.00000000
3	0.00000000	0.00000000	0.04006515
56	0.00000000	INTEN STRICT 0
2	-1000000000.00000000	0.01713524
3	-0.23506045	-0.23506045	0.28359348
57	0.00000000	NUM STRICT 1
3	-1000000000.00000000	0.00000000	1.00000000
4	-0.25863672	-0.31150585	-0.30729354	0.25272999
58	0.00000000	INTEN STRICT 1
2	-1000000000.00000000	0.00000000
3	0.00151236	0.00000000	0.02001961
73	0.00000000	DIFF WITH -2 INTEN PAIRS
2	-1000000000.00000000	0.01769998
3	0.00000000	0.00000000	0.10146346
77	0.00000000	DIFF WITH -2 INTEN H2O PAIRS
3	-1000000000.00000000	0.00000000	0.01573274
4	0.00923276	0.00000000	0.17366756	0.18898162
83	0.00000000	DIFF WITH -1 # H2O PAIRS
4	-1000000000.00000000	-1.00000000	0.00000000	1.00000000
5	0.13742368	0.13254227	0.00000000	0.30092626	0.31131511
85	0.00000000	DIFF WITH -1 INTEN PAIRS
4	-1000000000.00000000	-0.00504392	0.00846901	0.02758086
5	0.19101895	0.16026535	0.00000000	0.03075361	0.23678771
89	0.00000000	DIFF WITH -1 INTEN H2O PAIRS
2	-1000000000.00000000	0.00000000
3	0.03086798	0.00000000	0.19154537
95	0.00000000	DIFF WITH +1 # H2O PAIRS
2	-1000000000.00000000	1.00000000
3	0.00575643	0.00000000	0.08681495
97	0.00000000	DIFF WITH +1 INTEN PAIRS
4	-1000000000.00000000	-0.03729345	-0.00987328	0.00472276
5	0.84391511	0.84391511	0.62228596	0.00000000	0.84391511
101	0.00000000	DIFF WITH +1 INTEN H2O PAIRS
4	-1000000000.00000000	-0.01946165	-0.00671281	0.01490913
5	0.27266977	0.26582844	0.19883741	0.00000000	0.31355692
103	0.00000000	DIFF WITH +2 # PAIRS
3	-1000000000.00000000	0.00000000	1.00000000
4	0.00688257	0.00688257	0.00000000	0.00688257
105	0.00000000	DIFF WITH +2 # C2 PAIRS
3	-1000000000.00000000	-1.00000000	0.00000000
4	0.00538423	0.00538423	0.00000000	0.00538423
109	0.00000000	DIFF WITH +2 INTEN PAIRS
2	-1000000000.00000000	0.00000000
3	0.03731526	0.00000000	0.09688209
121	0.00000000	DIFF +1/-1 INTEN PAIRS
3	-1000000000.00000000	-0.15491302	0.00000000
4	0.08677721	0.00155488	0.00000000	0.40022864
2
0
127
19
0	0.00000000	OFFSET FROM MEASURED M/Z
5	-1000000000.00000000	-0.49993896	-0.13333130	0.00000000	0.13336182
6	-0.90666424	-0.90666424	-0.18987404	0.70339694	0.56982392	-0.90666424
1	0.00000000	OFFSET FROM MEASURED M/Z, NUM PAIRS <=2
5	-1000000000.00000000	-0.49996948	-0.33331299	-0.13330078	0.13336182
6	-2.88644723	-2.88644723	-1.73515599	-2.88644723	-1.15129124	-2.88644723
6	0.00000000	OFFSET FROM MEASURED M/Z, NUM C2 PAIRS <=2
3	-1000000000.00000000	-0.49996948	0.13336182
4	0.00000000	0.00000000	0.20944516	0.00000000
45	0.00000000	PAIR OFFSET (STRONG 1)
3	-1000000000.00000000	0.00390625	0.00756836
4	0.00000000	0.00000000	0.16066517	0.00000000
50	0.00000000	C2 PAIR OFFSET (STRONG 1)
3	-1000000000.00000000	0.00207520	0.00256348
4	0.16779588	0.16779588	0.00000000	0.16779588
73	0.00000000	DIFF WITH -2 INTEN PAIRS
2	-1000000000.00000000	0.02055135
3	0.00000000	0.00000000	0.27328099
78	0.00000000	DIFF WITH -2 INTEN C2 H2O PAIRS
3	-1000000000.00000000	-0.00290400	0.00219187
4	0.03454627	0.03454627	0.00000000	0.03454627
79	0.00000000	DIFF WITH -1 # PAIRS
4	-1000000000.00000000	-1.00000000	0.00000000	1.00000000
5	0.21892081	0.21892081	0.00000000	0.00372171	0.21892081
95	0.00000000	DIFF WITH +1 # H2O PAIRS
3	-1000000000.00000000	-1.00000000	0.00000000
4	0.06826295	0.06826295	0.00000000	0.06826295
97	0.00000000	DIFF WITH +1 INTEN PAIRS
4	-1000000000.00000000	-0.01905683	0.00000000	0.01962478
5	0.20470228	0.20470228	0.00000000	0.04144020	0.20470228
101	0.00000000	DIFF WITH +1 INTEN H2O PAIRS
5	-1000000000.00000000	-0.04221348	-0.00959165	0.00000000	0.00782955
6	0.62948583	0.62948583	0.32542148	0.00000000	0.57391826	0.62948583
102	0.00000000	DIFF WITH +1 INTEN C2 H2O PAIRS
5	-1000000000.00000000	-0.02038272	-0.00841054	-0.00454304	0.00876455
6	0.29476742	0.29476742	0.24687937	0.05884887	0.00000000	0.29476742
103	0.00000000	DIFF WITH +2 # PAIRS
2	-1000000000.00000000	0.00000000
3	0.00000000	0.00000000	0.03316459
107	0.00000000	DIFF WITH +2 # H2O PAIRS
3	-1000000000.00000000	-1.00000000	0.00000000
4	0.08198910	0.08198910	0.00000000	0.08198910
109	0.00000000	DIFF WITH +2 INTEN PAIRS
3	-1000000000.00000000	0.00000000	0.02052174
4	0.45390404	0.00000000	0.78195679	1.18547920
111	0.00000000	DIFF WITH +2 INTEN C2 PAIRS
5	-1000000000.00000000	-0.01011306	-0.00564921	-0.00311893	0.00000000
6	0.26880967	0.26880967	0.22503845	0.12459373	0.00000000	0.26880967
113	0.00000000	DIFF WITH +2 INTEN H2O PAIRS
4	-1000000000.00000000	-0.01137326	0.00000000	0.00788920
5	0.28664346	0.28276372	0.00000000	0.17441514	0.33247422
114	0.00000000	DIFF WITH +2 INTEN C2 H2O PAIRS
6	-1000000000.00000000	-0.02244241	-0.00906549	0.00000000	0.00051615	0.00844143
7	0.30712028	0.30712028	0.14956136	0.00000000	0.12197659	0.17736833	0.30712028
117	0.00000000	DIFF +1/-1 # C2 PAIRS
3	-1000000000.00000000	-1.00000000	1.00000000
4	0.09892572	0.09892572	0.00000000	0.09892572
0
127
22
0	0.00000000	OFFSET FROM MEASURED M/Z
5	-1000000000.00000000	-0.49993896	-0.33331299	-0.13330078	0.13323975
6	-0.49755219	-0.49755219	0.48715691	-0.14649064	2.07869314	-0.49755219
1	0.00000000	OFFSET FROM MEASURED M/Z, NUM PAIRS <=2
5	-1000000000.00000000	-0.50000000	-0.33331299	-0.13330078	0.13330078
6	-1.80298251	-1.80298251	-0.89020212	-1.80298251	-0.91278040	-1.80298251
6	0.00000000	OFFSET FROM MEASURED M/Z, NUM C2 PAIRS <=2
4	-1000000000.00000000	-0.49993896	0.00000000	0.13323975
5	-0.20057891	-0.20057891	0.81286341	0.28834158	-0.20057891
22	0.00000000	INTEN C2 H2O PAIRS
2	-1000000000.00000000	0.00377912
3	-0.03254905	-0.04253477	0.11173235
45	0.00000000	PAIR OFFSET (STRONG 1)
3	-1000000000.00000000	0.00341797	0.01098633
4	0.00000000	0.00000000	0.02063541	0.00000000
46	0.00000000	PAIR OFFSET (STRONG 2)
5	-1000000000.00000000	0.00073242	0.00134277	0.00195312	0.00366211
6	0.66992721	0.62247664	0.09760155	0.00000000	0.58840628	0.76064086
50	0.00000000	C2 PAIR OFFSET (STRONG 1)
4	-1000000000.00000000	0.00109863	0.00170898	0.01074219
5	0.12711359	0.12711359	0.00000000	0.14815037	0.12711359
56	0.00000000	INTEN STRICT 0
2	-1000000000.00000000	0.01062255
3	-0.12178859	-0.12178859	0.18099349
73	0.00000000	DIFF WITH -2 INTEN PAIRS
2	-1000000000.00000000	0.01384998
3	0.00000000	0.00000000	0.09633775
78	0.00000000	DIFF WITH -2 INTEN C2 H2O PAIRS
3	-1000000000.00000000	-0.01175657	0.00579455
4	0.01193579	0.01193579	0.00000000	0.01193579
79	0.00000000	DIFF WITH -1 # PAIRS
4	-1000000000.00000000	-1.00000000	0.00000000	1.00000000
5	0.29416101	0.29416101	0.00000000	0.11562757	0.38994510
85	0.00000000	DIFF WITH -1 INTEN PAIRS
3	-1000000000.00000000	-0.01104213	0.01161006
4	0.23348551	0.23348551	0.00000000	0.36721732
97	0.00000000	DIFF WITH +1 INTEN PAIRS
5	-1000000000.00000000	-0.17463842	-0.01584727	0.00000000	0.01135249
6	0.36437746	0.36437746	0.39174631	0.00000000	0.27434422	0.36437746
101	0.00000000	DIFF WITH +1 INTEN H2O PAIRS
4	-1000000000.00000000	-0.05215742	-0.00591910	0.00000000
5	0.42367969	0.41590846	0.10054092	0.00000000	0.46171781
102	0.00000000	DIFF WITH +1 INTEN C2 H2O PAIRS
2	-1000000000.00000000	0.00516208
3	0.03327519	0.00000000	0.36690560
103	0.00000000	DIFF WITH +2 # PAIRS
4	-1000000000.00000000	-1.00000000	0.00000000	1.00000000
5	0.10965497	0.10965497	0.00000000	0.08707949	0.10965497
107	0.00000000	DIFF WITH +2 # H2O PAIRS
3	-1000000000.00000000	-1.00000000	0.00000000
4	0.26878627	0.26878627	0.00000000	0.26878627
109	0.00000000	DIFF WITH +2 INTEN PAIRS
2	-1000000000.00000000	0.01317930
3	0.07996861	0.00000000	0.30157887
113	0.00000000	DIFF WITH +2 INTEN H2O PAIRS
2	-1000000000.00000000	0.00000000
3	0.05060901	0.00000000	0.05060901
114	0.00000000	DIFF WITH +2 INTEN C2 H2O PAIRS
3	-1000000000.00000000	-0.00244298	0.00435060
4	0.07989600	0.07989600	0.00000000	0.07989600
115	0.00000000	DIFF +1/-1 # PAIRS
3	-1000000000.00000000	-1.00000000	1.00000000
4	0.18756988	0.18756988	0.00000000	0.18756988
126	0.00000000	DIFF +1/-1 INTEN C2 H2O PAIRS
3	-1000000000.00000000	-0.00449114	0.00170748
4	0.57341617	0.57341617	0.00000000	0.57341617
1
0
127
17
0	0.00000000	OFFSET FROM MEASURED M/Z
4	-1000000000.00000000	-0.37493896	-0.09991455	0.10000610
5	-0.59241497	-0.59241497	0.47445673	2.41339124	-0.59241497
1	0.00000000	OFFSET FROM MEASURED M/Z, NUM PAIRS <=2
5	-1000000000.00000000	-0.37493896	-0.22500610	-0.10000610	0.10000610
6	-0.60776658	-0.60776658	-0.23008565	-0.60776658	-0.37768093	-0.60776658
6	0.00000000	OFFSET FROM MEASURED M/Z, NUM C2 PAIRS <=2
3	-1000000000.00000000	-0.37493896	0.00000000
4	-0.09199676	-0.09199676	0.00000000	-0.09199676
17	0.00000000	INTEN PAIRS
2	-1000000000.00000000	0.01363329
3	-0.30443252	-0.30443252	0.12137203
19	0.00000000	INTEN C2 PAIRS
2	-1000000000.00000000	0.00816803
3	-0.00908086	-0.00908086	0.00441235
56	0.00000000	INTEN STRICT 0
2	-1000000000.00000000	0.00981702
3	-0.11620426	-0.11620426	0.11659588
73	0.00000000	DIFF WITH -2 INTEN PAIRS
3	-1000000000.00000000	0.00000000	0.00977782
4	0.00000000	0.00000000	0.06216778	0.16572694
79	0.00000000	DIFF WITH -1 # PAIRS
3	-1000000000.00000000	-1.00000000	0.00000000
4	0.01273192	0.01273192	0.00000000	0.01273192
83	0.00000000	DIFF WITH -1 # H2O PAIRS
2	-1000000000.00000000	0.00000000
3	0.00000000	0.00000000	0.10149488
85	0.00000000	DIFF WITH -1 INTEN PAIRS
4	-1000000000.00000000	-0.00921317	0.00000000	0.00821739
5	0.28399237	0.28399237	0.00000000	0.14969325	0.58312836
89	0.00000000	DIFF WITH -1 INTEN H2O PAIRS
4	-1000000000.00000000	-0.03033902	-0.00479984	0.00438813
5	0.33863036	0.33863036	0.14241803	0.00000000	0.33863036
97	0.00000000	DIFF WITH +1 INTEN PAIRS
3	-1000000000.00000000	-0.09203116	0.00979799
4	0.14497528	0.14497528	0.00000000	0.14497528
99	0.00000000	DIFF WITH +1 INTEN C2 PAIRS
5	-1000000000.00000000	-0.00678281	-0.00072061	0.00000000	0.00624185
6	0.61304162	0.61304162	0.19896044	0.00000000	0.49333313	0.61304162
101	0.00000000	DIFF WITH +1 INTEN H2O PAIRS
3	-1000000000.00000000	-0.03217679	0.00000000
4	0.45983576	0.45983576	0.00000000	0.45983576
102	0.00000000	DIFF WITH +1 INTEN C2 H2O PAIRS
3	-1000000000.00000000	-0.00522094	0.00000000
4	0.06922466	0.06922466	0.00000000	0.06922466
103	0.00000000	DIFF WITH +2 # PAIRS
3	-1000000000.00000000	-1.00000000	0.00000000
4	0.01663161	0.01663161	0.00000000	0.01663161
109	0.00000000	DIFF WITH +2 INTEN PAIRS
4	-1000000000.00000000	-0.00998879	0.00000000	0.01078848
5	0.24074987	0.24074987	0.00000000	0.21111858	0.24074987
