4
2 800.00 1200.00
0
3 0.0000 1.0000 0.0000 1.0000 0.0000 1.0000
3 0.0000 1.0000 0.0000 1.0000 0.0000 1.0000
3 0.0000 1.0000 0.0000 1.0000 0.0000 1.0000
2 0 0
139
-1.41984799e-01
-1.04324279e+00
1.97250735e-01
2.15017742e-01
-4.26132209e-01
-8.48133574e-01
-9.10803878e-01
-1.52261839e+00
2.29133669e+00
3.57395893e-01
2.26910336e-01
-3.49354514e-01
-3.57071422e-01
-2.41116807e-02
4.84979906e-02
-1.55754059e+00
-2.19532369e-01
-3.81432702e-01
-8.13981454e-01
-3.84377990e-01
-2.65332125e-01
-2.89588560e+00
-3.78513886e-02
3.20773640e-02
3.13829573e-01
4.56909778e-01
1.33834500e+00
3.60266410e-01
-1.81680835e-01
-1.51838678e+00
1.26632988e-01
-5.40963466e+00
1.07474988e+00
-1.21673468e+00
-1.64896975e-01
1.73045422e-01
9.66469016e-01
1.33253427e-02
-7.32559179e-02
7.64242663e-01
-1.22834676e+00
1.00684435e-01
-3.26670326e-01
-4.70856668e-01
-1.59068630e+00
-8.92811327e-02
-3.93134486e-01
1.30662413e+00
3.88111137e-01
7.75142515e-01
-9.17127313e-01
4.46418131e-01
5.17690285e-01
7.33837745e-01
7.10401465e-02
-2.81312497e-02
-5.62188588e-01
-1.32206589e-01
-2.57919417e-01
-1.62284866e-01
-3.49968048e-01
1.84005621e-01
-1.16715204e-01
-4.64588354e-01
-1.87480724e-01
-6.97808655e-02
2.42469496e-01
2.32631390e-01
-5.77162144e-02
-4.51262830e-02
1.32643163e+00
3.58604655e-01
-1.64385887e-01
-1.20888539e-01
2.74338808e-02
7.14538883e-02
1.49410480e+00
-1.13433161e-01
-3.83370278e-01
-3.65193588e-01
8.95499897e-01
-8.76775117e-01
-1.60810681e-01
-3.27117638e-01
-5.34879801e-01
-1.42314910e+00
1.28106277e+00
2.11200882e-01
2.16216731e+00
1.24638264e-01
3.03902906e+00
2.73647417e-01
0.00000000e+00
-5.34293807e-01
0.00000000e+00
9.32262351e-02
0.00000000e+00
-7.14792092e-01
0.00000000e+00
1.22319293e-02
0.00000000e+00
-5.64296292e-01
0.00000000e+00
-2.57141551e-01
0.00000000e+00
1.32740592e+00
0.00000000e+00
-1.21795543e-01
0.00000000e+00
6.45592259e-01
0.00000000e+00
1.35687863e-02
0.00000000e+00
5.78090834e-01
0.00000000e+00
-3.56879260e-01
0.00000000e+00
-1.23997935e-01
0.00000000e+00
8.73372213e-02
0.00000000e+00
-2.36300920e-02
0.00000000e+00
3.95898505e-02
0.00000000e+00
1.05085856e-01
0.00000000e+00
8.09943057e-02
0.00000000e+00
-1.50495800e-01
0.00000000e+00
-1.35364329e-01
0.00000000e+00
6.75014253e-02
0.00000000e+00
4.77473671e-02
0.00000000e+00
-1.28715950e-01
0.00000000e+00
2 0 1
139
-8.72391401e-01
-4.99698035e-01
4.83715899e-01
7.64702575e-01
-5.73971674e-01
-1.62740923e+00
-1.60357426e+00
-2.06754876e+00
2.79328332e+00
-5.05342421e-02
3.75874421e-01
3.17103391e-01
-6.29051791e-01
-2.72993242e-01
-1.37440377e+00
-3.22465213e+00
9.98339011e-01
7.33966147e-01
-1.83052737e+00
-1.51260012e-01
-2.64897145e+00
-5.49728508e+00
4.05757359e-01
-4.16864356e-01
1.27456764e+00
1.20147537e+00
2.27263276e+00
-1.21732689e-01
5.92581405e-01
-1.21191825e+00
8.31162503e-01
-7.92060587e+00
1.11807573e+00
-1.99046713e+00
-1.41555494e-01
6.78373134e-01
3.05805953e+00
-8.26919620e-01
3.15432327e-01
-6.62795785e-01
-3.32716619e+00
-3.36908479e-01
1.83555315e-01
7.91049179e-01
-8.10439207e-01
6.94890221e-01
-7.69930953e-01
-1.29189444e+00
3.80901603e-01
8.83808866e-01
-1.75620027e+00
4.98289927e-01
7.18469716e-01
4.87599919e-03
-2.42052825e-01
1.75392467e-01
-1.49976312e+00
-2.85700825e-01
-1.18991053e+00
1.93738661e-01
7.39073209e-01
-4.02286102e-01
9.10260563e-02
-2.66512835e-01
-1.55881613e-01
6.83718799e-01
2.57125438e-01
3.05318455e+00
-5.84866162e-01
1.40041433e-01
8.36967400e-01
8.53000121e-01
-1.01822772e-02
5.19763167e-02
6.03864813e-01
-5.03418441e-01
-1.13601280e+00
-4.38805863e-01
-5.26085454e-01
1.19342616e-02
1.26391213e+00
-1.50706470e+00
-6.34686733e-01
-3.52058451e-01
-6.00901261e-01
-1.06328379e+00
1.85444870e-01
2.35103716e+00
3.87607135e+00
1.32470931e+00
3.87094241e+00
8.11751223e-01
0.00000000e+00
1.18723404e+00
0.00000000e+00
2.62928668e-01
0.00000000e+00
-5.52233188e-01
0.00000000e+00
1.30200979e-01
0.00000000e+00
-4.11924842e-01
0.00000000e+00
-4.26320513e-01
0.00000000e+00
-1.10024635e+00
0.00000000e+00
-1.39158818e-01
0.00000000e+00
6.56439798e-01
0.00000000e+00
5.95843536e-01
0.00000000e+00
3.74329548e-01
0.00000000e+00
-8.72158986e-01
0.00000000e+00
-2.93795456e-01
0.00000000e+00
9.82722637e-02
0.00000000e+00
-5.87173208e-01
0.00000000e+00
-1.40884363e-01
0.00000000e+00
-3.69007685e-02
0.00000000e+00
1.32727689e-01
0.00000000e+00
-1.40308346e-01
0.00000000e+00
-7.35002354e-01
0.00000000e+00
2.82110250e-01
0.00000000e+00
2.39156625e-01
0.00000000e+00
-5.50272440e-01
0.00000000e+00
2 0 2
139
1.27639119e-01
-3.84701244e-01
1.19621438e+00
2.17967529e-01
-6.72800040e-01
2.56405850e-01
-7.72970334e-01
-1.46800472e+00
2.36945049e+00
-5.63313150e+00
-4.95661563e+00
-1.41539884e+00
-2.13401616e+00
2.21982917e+00
2.19807872e+00
-2.47117130e+00
3.07854291e+00
-5.21118554e-01
-7.71971539e+00
2.28395138e+00
-4.16000238e-01
-5.98146927e+00
2.77446602e+00
-8.94280632e-01
2.61407917e+00
5.58569930e+00
3.51029798e+00
-6.41221301e-02
3.04076917e-01
-3.84863634e+00
-3.01436992e+00
-3.12596784e+00
1.31517496e+00
-1.18753584e+00
1.08681837e+00
-2.27013017e+00
-3.82223077e-01
-2.01217036e+00
-2.26713891e-02
-1.02480875e+00
-3.90789259e-02
8.37260356e-01
1.65979484e+00
-1.30125803e+00
-1.07717625e+00
5.65907436e-01
1.89295635e+00
-4.19768073e-01
-1.18753584e+00
1.46334866e+00
-1.33570955e+00
-2.33354744e+00
1.46313276e+00
-1.08246758e+00
9.75304410e-01
-1.65632590e+00
-9.38977657e-01
3.06483726e+00
1.57074760e+00
-3.10669553e-02
-1.00138989e-01
-1.71238121e+00
-6.43437876e-01
-6.70283570e-01
-1.76756427e-01
3.23666251e+00
-9.05591915e-01
7.00244222e-01
-2.98747653e+00
1.63365497e+00
-8.58313725e-02
-7.33486225e-01
1.69086192e+00
-1.20111894e+00
1.20934489e+00
2.56323998e+00
-2.43011642e-01
3.30697376e+00
-1.07940459e+00
-1.22978381e+00
-3.12930962e+00
-1.82070828e+00
5.07849327e+00
-4.71944752e-01
1.46973152e+00
-4.39890743e-01
5.68366642e-01
3.17381153e+00
3.57253494e+00
4.74013710e+00
5.66253722e+00
1.20533015e+00
0.00000000e+00
-5.88503252e-01
0.00000000e+00
-7.75135919e-01
0.00000000e+00
1.67535907e+00
0.00000000e+00
0.00000000e+00
0.00000000e+00
-3.23249008e+00
0.00000000e+00
1.20533015e+00
0.00000000e+00
-7.42564789e-01
0.00000000e+00
-7.75135919e-01
0.00000000e+00
1.67535907e+00
0.00000000e+00
0.00000000e+00
0.00000000e+00
-5.56220506e-01
0.00000000e+00
-3.92587156e-02
0.00000000e+00
-4.65861048e-02
0.00000000e+00
6.54152369e-02
0.00000000e+00
4.15864567e-02
0.00000000e+00
-1.60160437e-02
0.00000000e+00
4.91526585e-03
0.00000000e+00
-7.75135919e-01
0.00000000e+00
4.90784915e+00
0.00000000e+00
-7.75135919e-01
0.00000000e+00
2.23157957e+00
0.00000000e+00
8.14312806e-02
0.00000000e+00
3.66711867e-02
0.00000000e+00
3 0 0
139
-1.28793493e+00
-6.33739900e+00
1.27082248e+00
4.48757147e-01
-1.44699208e+00
-2.10001668e+00
-6.61331650e+00
-7.18341848e-01
6.04609452e+00
4.17727781e-01
9.54966257e-03
-2.75406049e-01
-2.08535092e-01
-7.61708933e-01
-1.34805220e-01
-2.16241617e+00
-2.94289614e-01
-3.11433422e-01
-6.43548923e-01
-1.19159096e+00
-1.37382179e+00
-3.43765464e+00
-6.86472147e-01
3.60291336e-02
1.23901689e+00
4.35013206e-01
1.27523829e+00
4.29881410e-01
3.92183201e-01
-1.73820363e+00
3.36040664e+00
-6.72401068e+00
7.29668158e-01
-2.01760309e+00
4.75722246e-01
2.33658167e-01
4.56286740e+00
-7.93419948e-01
-1.03456681e+00
-4.98515541e-01
-2.59462336e+00
7.80395781e-01
-8.06512197e-01
9.10949553e-01
-2.39655530e+00
-1.03557251e+00
3.30196172e-01
-2.03569518e+00
8.05980870e-01
6.79354111e-01
-1.96728904e+00
1.96006053e-01
7.11698524e-01
7.25429997e-01
-1.97582864e-01
-1.70197264e+00
1.22481544e+00
-5.72668598e-01
-8.60508601e-02
1.98704443e-02
-2.18891613e+00
5.96421780e-01
-1.38179968e+00
-1.74975850e+00
-6.13332270e-01
-1.31120234e+00
2.93202526e-03
3.83743620e+00
-5.95836585e-01
6.67405237e-01
-1.72333052e+00
8.66447729e-01
-8.26382608e-01
3.09986506e+00
3.46226560e-01
2.07995445e+00
-1.42236297e+00
-2.72184007e-01
-1.36537659e+00
-1.89878219e-01
-3.57591984e+00
2.33092511e+00
-4.05709610e-02
-1.44655807e+00
-3.80870639e-01
-8.44135284e-01
-4.41427939e-01
5.93114331e+00
1.43193697e+00
2.41166419e+00
6.12295615e+00
-1.47820131e+00
0.00000000e+00
7.89176175e-01
0.00000000e+00
-3.09010602e-01
0.00000000e+00
-1.24281275e+00
0.00000000e+00
1.72951740e-02
0.00000000e+00
-8.34587464e-01
0.00000000e+00
2.03854633e+00
0.00000000e+00
-1.42124492e+00
0.00000000e+00
6.62022385e-01
0.00000000e+00
1.12255655e+00
0.00000000e+00
5.04834850e-01
0.00000000e+00
9.86917092e-01
0.00000000e+00
5.60957405e-01
0.00000000e+00
3.43750209e-01
0.00000000e+00
1.46855370e+00
0.00000000e+00
8.67021832e-01
0.00000000e+00
-1.65196877e-02
0.00000000e+00
5.86247577e-02
0.00000000e+00
-3.26305776e-01
0.00000000e+00
-4.08225283e-01
0.00000000e+00
1.57187534e-01
0.00000000e+00
1.35639458e-01
0.00000000e+00
1.48507336e+00
0.00000000e+00
8.08397069e-01
0.00000000e+00
3 0 1
139
-2.05449703e+00
-2.11011246e+00
1.11921282e+00
5.23300217e-01
-7.79766456e-01
-1.58018017e+00
-1.02120674e+01
1.52475423e+00
6.62162232e+00
9.89637577e-01
-1.38611535e+00
-1.05557378e+00
-2.32980813e+00
-2.29814863e+00
6.59965947e-01
-2.07263488e+00
1.94287347e+00
-1.10816495e+00
-1.77225948e+00
-1.27507708e+00
1.81547998e-01
-3.99837875e+00
-8.66077126e-02
5.25901775e-02
4.78417963e-01
-5.57548584e-01
1.92574409e+00
-1.02307157e+00
2.02948124e+00
-1.87913895e+00
-2.59588190e-01
8.95824084e-01
1.58914650e+00
-3.64364353e+00
-1.47930935e-01
1.25679457e+00
4.59857420e+00
-5.78803854e-01
-2.60336412e-01
-4.79075239e+00
-1.92645134e-01
-1.02478222e+00
5.29528440e-01
3.59840535e+00
-4.19261159e-02
-1.63980789e+00
-4.26391362e-01
-9.56491485e-01
-1.40291284e-01
8.54281590e-01
-2.90877862e+00
2.35732392e+00
1.26519700e+00
3.73594927e-01
-6.64629992e-01
6.68999087e-02
-3.16284031e+00
-5.80932781e-01
-1.32885160e+00
-1.14110802e+00
1.87364947e-01
-1.63509064e-01
-2.32214807e+00
-1.84321711e-01
6.79062672e-01
6.85109393e-01
4.25802362e-01
4.22497896e+00
8.58283359e-02
-3.27239486e-01
-1.62791283e+00
3.04071343e-01
1.67063587e+00
3.41104069e+00
6.82339953e-01
-2.42069502e-01
-1.63555427e+00
-1.03268453e+00
-1.14681281e+00
1.46209017e+00
-8.11042481e+00
3.45245479e-01
5.69948563e+00
-5.28230827e-01
-1.89177673e-01
7.24035285e-01
-2.78972486e+00
1.02931433e+01
-2.09919625e+00
-4.35999959e+00
7.72632141e+00
-1.45949685e+00
0.00000000e+00
2.37454065e+00
0.00000000e+00
-3.44549693e-01
0.00000000e+00
-5.96041341e-01
0.00000000e+00
6.40543143e-01
0.00000000e+00
2.71828647e-01
0.00000000e+00
8.71229287e-02
0.00000000e+00
-1.28499090e+00
0.00000000e+00
1.21980007e+00
0.00000000e+00
-3.02634865e-01
0.00000000e+00
5.08475993e-01
0.00000000e+00
-5.69526854e-01
0.00000000e+00
2.51479951e-01
0.00000000e+00
2.23001854e-01
0.00000000e+00
9.00372463e-01
0.00000000e+00
3.03050512e-01
0.00000000e+00
-1.87319053e-01
0.00000000e+00
3.64067103e-02
0.00000000e+00
-9.85092836e-01
0.00000000e+00
-8.67869988e-01
0.00000000e+00
7.11324080e-01
0.00000000e+00
2.66891989e-01
0.00000000e+00
1.08769152e+00
0.00000000e+00
2.66643809e-01
0.00000000e+00
3 0 2
139
-1.31475708e-02
-5.07776196e-02
-7.76140577e-01
-3.26397902e-01
-2.53499887e-01
1.24212010e+00
-2.29311251e-01
-3.79304746e-01
5.95867115e-01
-1.63702276e+00
-2.05839578e+00
7.62253422e-01
-3.19588495e-01
1.75778812e-02
3.02748806e-01
1.36869452e-02
-3.48648434e-02
-1.07768296e-01
-2.60541349e-01
-5.36431857e-02
-1.20087995e-01
-1.91386813e-01
-7.93311878e-03
8.70021653e-01
4.22836802e-01
-5.90471466e-02
2.05073758e-01
7.12210785e-02
-2.69317247e-02
-2.79182006e-01
-1.20056199e-01
-1.40766897e-01
6.57487867e-01
-6.70635438e-01
-1.17349701e+00
-6.54518703e-01
-5.58165437e-02
7.14867137e-02
1.78739069e-01
-2.24793386e-01
-5.72681312e-01
6.79517201e-02
-1.21887362e-01
-2.28667455e-01
-6.48931416e-01
2.41111116e-01
-6.15583864e-02
-1.55216688e-01
-7.22497855e-01
-3.37663929e-01
3.24516358e-01
-4.26249424e-02
5.12172430e-01
-3.85623131e-01
-3.63270413e-01
-3.46966775e-01
-2.05194923e-01
-6.52295476e-01
-5.35154634e-01
-3.06792989e-01
-1.07908662e-01
-2.30324290e-01
-3.06422587e-01
-2.17580644e-01
-5.15224072e-02
6.83183855e-01
1.68304398e+00
3.29806562e-01
4.34757276e-01
5.25705744e-01
-1.95984697e-02
6.03106409e-01
1.84905518e-01
-1.20758793e-01
5.47533692e-01
1.56022265e-01
-1.03694279e-01
-1.81056899e+00
9.23249296e-02
1.60432595e+00
-7.61485762e-01
-5.32898854e-01
1.28163567e+00
-2.25775640e+00
2.14383879e+00
-3.88422956e-01
3.75674103e-01
1.10998211e+00
1.11693585e+00
2.42701940e+00
2.66791385e+00
-1.52107647e-02
0.00000000e+00
-1.29112768e-01
0.00000000e+00
-4.78087206e-01
0.00000000e+00
-2.08513367e-01
0.00000000e+00
0.00000000e+00
0.00000000e+00
-4.88443833e-01
0.00000000e+00
-1.52107647e-02
0.00000000e+00
-1.29112768e-01
0.00000000e+00
-4.78087206e-01
0.00000000e+00
-2.08513367e-01
0.00000000e+00
0.00000000e+00
0.00000000e+00
-3.60947171e-01
0.00000000e+00
-3.53540732e-04
0.00000000e+00
7.40488722e-04
0.00000000e+00
-8.70524777e-03
0.00000000e+00
1.22672659e-04
0.00000000e+00
-7.84877772e-04
0.00000000e+00
-8.31177159e-03
0.00000000e+00
-4.78087206e-01
0.00000000e+00
2.79930466e-01
0.00000000e+00
-4.78087206e-01
0.00000000e+00
1.52433804e-01
0.00000000e+00
-7.92036999e-03
0.00000000e+00
8.43444428e-03
0.00000000e+00
3 2 0
139
-3.17878040e+00
-2.64854210e+01
6.84710393e-01
8.63529795e-01
-3.55738873e-01
-1.15033502e+00
-5.22990272e+00
-1.74928337e+00
3.82833311e+00
-4.63938889e-01
-4.20994738e-02
1.24294452e+00
-2.29204125e-01
-8.72519556e-01
-1.22734932e+00
-1.37628482e+00
4.55071918e-01
1.36958603e+00
-1.57315777e-01
-5.44046148e-01
-1.72392073e+00
-1.55087583e+00
1.52941669e-01
-1.26639178e-01
4.96575924e-01
-7.18896463e-02
1.74591310e-01
-3.28473659e-01
3.02131358e-01
1.00681980e+00
1.42237258e+00
7.21665536e+00
-1.23266660e+00
-1.94611379e+00
3.83581911e-01
4.84512103e-02
1.76615879e+00
-1.01985287e+00
-8.70620778e-01
1.36597820e+00
7.72367950e-01
2.00391134e-01
6.24249957e-03
2.07425809e+00
1.29442923e+00
4.42954936e-01
-2.24399876e+00
1.03437534e+00
4.17838774e-01
-1.15127363e+00
-2.02750676e+00
-1.14414502e-01
2.88873357e-01
2.49379246e-01
-9.13435224e-01
-9.39733182e-01
5.67609139e-01
-2.34766187e-01
-4.15643809e-01
1.05830996e+00
1.18668293e+00
2.97201049e-01
8.09689373e-01
-6.77506062e+00
9.88926042e+00
-1.62102462e+00
-6.79976052e-02
1.51678007e+00
-1.06408873e-01
6.91206184e-02
7.98370598e-01
6.16037536e-01
-1.05206698e+00
8.87573503e-01
-3.66735050e-01
4.53106004e+00
-8.85488436e+00
2.89499875e-02
-9.91830581e-01
1.00499515e+00
-7.92719995e+00
8.52296056e+00
-3.74660896e+00
-1.06905878e+00
1.11120631e+00
-1.11342959e+00
-2.03741645e+00
5.65907552e-01
1.13880065e+00
1.51483545e+00
5.29239612e+00
-1.69472127e+00
0.00000000e+00
1.88346988e+00
0.00000000e+00
6.91838048e-01
0.00000000e+00
-2.76289533e+00
0.00000000e+00
1.09620875e+00
0.00000000e+00
-2.02195143e+00
0.00000000e+00
2.04672304e+00
0.00000000e+00
-2.09258225e+00
0.00000000e+00
-1.17728925e+00
0.00000000e+00
2.60725018e+00
0.00000000e+00
-1.18794363e+00
0.00000000e+00
2.30267373e+00
0.00000000e+00
5.00565785e+00
0.00000000e+00
2.45956136e+00
0.00000000e+00
7.95725789e+00
0.00000000e+00
6.05853789e+00
0.00000000e+00
-7.70925140e-03
0.00000000e+00
-2.66236062e+00
0.00000000e+00
-4.04370698e-01
0.00000000e+00
-7.40943900e-01
0.00000000e+00
1.06543765e-02
0.00000000e+00
3.04576446e-01
0.00000000e+00
7.96496713e+00
0.00000000e+00
8.72089852e+00
0.00000000e+00
3 2 1
139
-2.10341538e+00
-2.59906877e-01
-6.28671340e-01
-3.29876859e-01
4.68090404e-01
9.58439932e-01
-2.06229849e+00
-2.46257225e+00
2.42446417e+00
-2.35734400e+00
1.44492592e+00
5.54496790e-02
-6.81409602e-01
-4.27736999e-01
-9.91117912e-01
-1.01113332e+00
-1.64675897e+00
-7.56909398e-01
-3.29248191e-01
5.74496425e-01
3.53383604e-01
-4.29088784e-01
-2.51166174e+00
8.12358637e-01
-1.34450107e+00
-3.52161441e-01
-5.82044439e-01
-1.00223355e+00
8.64902617e-01
6.38494810e+00
6.66002030e-01
-1.40288460e+00
2.36992938e-01
-2.34040832e+00
7.27346960e-01
8.06476355e-01
4.09554987e+00
1.13795479e+00
-3.12779706e+00
-2.76109183e+00
2.69401781e+00
-2.16174355e+00
1.47435356e+00
2.03388580e+00
-1.54623593e+00
-2.98518330e-01
-1.84719053e+00
-2.71526512e+00
9.48017527e-01
4.45692715e-01
-2.54910810e+00
2.23963895e-01
8.95494353e-01
8.95217224e-01
1.71997501e+00
-3.62581838e+00
-1.15828190e+00
-6.95480268e-01
-2.30332369e+00
-6.23099988e-02
-3.61299669e-01
6.37697895e-02
-2.62910009e+00
-1.28046008e+00
-2.78697419e-01
1.01147227e-01
-4.20434042e-01
3.20033260e+00
-5.82015400e-01
4.98021322e-01
-1.60281022e+00
1.41580996e-01
1.53666442e+00
2.39518568e+00
2.33058129e+00
-5.66730484e-01
-2.43656774e+00
6.11190282e-01
-1.35197382e-01
-8.00153058e-03
-1.13009993e+01
1.05114336e+01
-1.31084165e+00
-1.33122151e+00
1.79922340e+00
3.22362185e+00
-5.32403037e+00
2.51716543e+00
1.56602892e+00
-2.47682142e+00
9.49713685e+00
-8.80794143e-01
0.00000000e+00
-1.59050646e-01
0.00000000e+00
-5.70234844e-02
0.00000000e+00
-8.56357810e-01
0.00000000e+00
5.99679267e-01
0.00000000e+00
-6.71497527e-02
0.00000000e+00
4.57965587e-01
0.00000000e+00
9.42394276e-01
0.00000000e+00
3.28299519e-01
0.00000000e+00
9.79092614e-01
0.00000000e+00
2.21772751e-01
0.00000000e+00
6.00853200e-01
0.00000000e+00
4.11105948e-01
0.00000000e+00
2.64697357e-01
0.00000000e+00
3.69257669e-01
0.00000000e+00
7.79331802e-01
0.00000000e+00
2.51642500e-01
0.00000000e+00
-4.71343558e-01
0.00000000e+00
-6.56702751e-01
0.00000000e+00
-7.89208058e-01
0.00000000e+00
1.06526767e-01
0.00000000e+00
3.78239415e-01
0.00000000e+00
1.17615173e-01
0.00000000e+00
1.25067535e+00
0.00000000e+00
3 2 2
139
1.65671661e-01
-2.97418236e-02
-5.01127022e-01
-2.45254923e-01
6.22508626e-01
1.73166682e+00
-1.80896160e-01
-2.83414823e-01
6.29942723e-01
-1.04058639e+00
-1.93056330e+00
1.04869020e+00
-5.70235374e-01
-4.06274339e-01
1.72769502e-01
-4.08602200e-01
-2.92266144e-01
-1.02636019e-02
4.06892928e-02
9.73528500e-02
5.18487719e-02
3.73806980e-02
-5.96914652e-02
1.05895376e+00
1.20920727e-01
-6.10924673e-01
-4.45982898e-01
-5.03627162e-01
-2.32574688e-01
2.31541034e-01
2.96627183e-01
4.75738413e-02
1.36962388e-01
2.87092725e-02
-7.50290259e-01
8.61278175e-02
2.29357059e-01
-1.00830284e+00
-5.42123976e-01
-1.34561340e-01
0.00000000e+00
-8.60287203e-01
-7.02206285e-01
-6.66354002e-02
0.00000000e+00
-7.54656518e-02
-2.08436759e-01
8.21766133e-02
0.00000000e+00
-4.50796189e-01
6.16467850e-01
-1.40046068e-02
3.72575449e-01
-1.13585178e-02
3.72172164e-01
6.50270784e-01
7.70613018e-02
-3.73959608e-01
-3.52572350e-01
4.70683521e-02
9.58915518e-03
-2.51449499e-01
-2.78380429e-01
-1.23020906e-01
-1.88963825e-02
6.37908559e-01
1.32830103e+00
2.40715538e-01
-1.38047489e+00
-1.19239487e+00
-2.11622674e-01
-5.07714792e-01
-7.49274737e-01
-7.62245645e-02
2.02914803e-01
-8.54158283e-02
1.01072996e-01
-1.57262281e+00
1.97255271e+00
1.20786374e+00
-6.12800462e-01
2.81236159e-01
4.97195923e-01
-2.27403306e+00
3.88182707e+00
-2.20836699e-01
3.86468411e-01
1.34726167e+00
1.27209844e+00
1.53279364e+00
1.63774762e+00
-9.27896935e-02
0.00000000e+00
-1.04916693e-01
0.00000000e+00
-6.09881332e-02
0.00000000e+00
-3.13069731e-01
0.00000000e+00
0.00000000e+00
0.00000000e+00
-5.70875624e-02
0.00000000e+00
-9.27896935e-02
0.00000000e+00
-9.74604518e-02
0.00000000e+00
-6.09881332e-02
0.00000000e+00
-3.13069731e-01
0.00000000e+00
0.00000000e+00
0.00000000e+00
-5.70875624e-02
0.00000000e+00
2.72937921e-03
0.00000000e+00
2.39600881e-03
0.00000000e+00
-5.91350500e-03
0.00000000e+00
-8.02718648e-04
0.00000000e+00
1.41397150e-03
0.00000000e+00
8.83615564e-04
0.00000000e+00
-6.09881332e-02
0.00000000e+00
-2.55982169e-01
0.00000000e+00
-6.09881332e-02
0.00000000e+00
-2.55982169e-01
0.00000000e+00
-7.32747649e-03
0.00000000e+00
-1.68633427e-03
0.00000000e+00
