#MODELS	1	0
86
-7.19205023e-01
4.12587539e-01
7.22432831e-02
1.04812877e-01
-1.26609508e-01
-1.70447160e-01
-2.96264367e-01
-3.32519590e-01
-3.83008097e-01
0.00000000e+00
0.00000000e+00
0.00000000e+00
0.00000000e+00
-7.58369002e-01
-2.68492340e+00
2.90064982e-02
-1.50749444e-01
8.95701429e-02
3.72554992e-01
5.74570206e-01
5.73872387e-01
5.64315738e-01
6.70946859e-01
-2.29171513e+00
-1.55461085e+00
-1.17628644e+00
-8.89222563e-01
-7.41656469e-01
-3.30859537e-01
-1.49025985e-01
-8.33668200e-03
2.64719491e-01
5.47077837e-01
7.55686227e-01
8.90616424e-01
1.02226431e+00
9.09375199e-01
7.83108778e-01
1.24966036e+00
0.00000000e+00
5.07986139e-02
-5.51070432e-01
-2.28896855e-01
-1.99320368e-01
-2.01708186e-01
4.10992204e-01
-7.19205023e-01
0.00000000e+00
1.15623599e-01
0.00000000e+00
-1.14146718e+00
1.74878443e+00
3.37347130e-01
1.11101050e-01
-2.05642566e-01
-2.05642566e-01
3.96770885e-02
1.96250274e-01
8.75497344e-01
4.63183560e-01
6.66367311e-02
4.00809451e-02
-2.75075738e-01
-2.75075738e-01
4.35785245e-03
9.84345736e-02
1.06743480e+00
-8.67407265e-02
6.34199025e-02
5.04327877e-02
5.84680121e-01
9.27291160e-02
4.17546160e-02
3.53095153e-01
-1.38749070e+00
4.52942744e-01
1.18252212e-01
-7.56467439e-02
1.64738314e-01
6.03738390e-02
2.48826623e-02
1.01143863e-01
-6.37887249e-01
1.16924638e-01
3.37622418e-01
-2.92097707e-02
155
-2.62982548e-01
5.49625415e-01
3.34880786e-01
9.18432470e-02
-1.29955646e-01
-9.20394601e-02
-2.94687460e-01
-2.90736348e-01
-4.31913081e-01
0.00000000e+00
0.00000000e+00
0.00000000e+00
0.00000000e+00
-5.39476896e-02
-5.88286450e-01
2.71569173e-02
-1.91221008e-02
9.61599100e-03
-8.41963811e-03
5.05163907e-02
2.00971328e-02
-3.88924191e-02
3.38299318e-01
-7.91612963e-01
-1.19750551e+00
-1.08304376e+00
-8.84441559e-01
-7.79985512e-01
-4.06967840e-01
-1.89250891e-01
-5.57827608e-02
2.21746172e-01
5.26916728e-01
8.06588837e-01
8.81895397e-01
9.44773448e-01
8.96977568e-01
4.14699616e-01
4.32010483e-01
0.00000000e+00
1.56635627e-01
-2.18433623e-01
2.91915458e-02
-2.41369396e-02
-2.23420540e-01
1.71813823e-02
-2.62982548e-01
0.00000000e+00
1.09564935e-01
0.00000000e+00
-1.91126197e-01
1.36029590e+00
2.01605106e-01
1.61653494e-01
-2.62982548e-01
-2.62982548e-01
1.67341378e-01
-5.77763959e-02
1.97118418e-01
7.57199961e-01
4.78131599e-01
1.40359380e-01
-2.62982548e-01
-2.62982548e-01
1.86149935e-01
-7.65851317e-02
3.24783769e-01
2.11265112e-01
5.33144268e-01
1.25936131e-01
-2.62982548e-01
-5.25965095e-01
-1.43604402e-01
2.53169429e-01
-3.24449813e-01
4.68273874e-01
-1.11214780e-01
-3.28277668e-02
1.24359786e-01
2.20159870e-02
9.40877864e-03
1.83746099e-01
-1.68224534e-01
6.20801362e-01
-1.67895596e-01
-8.54650348e-02
0.00000000e+00
0.00000000e+00
0.00000000e+00
-2.57290616e-01
-3.71547218e-01
1.97658279e-01
-1.69597888e-01
-1.06567429e-01
3.37422016e-01
1.65057766e-01
1.88415353e-01
6.98884612e-02
-3.03716469e-01
-1.79297380e-01
-6.33864413e-01
-4.85139279e-02
-7.42623484e-02
-4.48857364e-02
-1.04969447e-01
5.57351301e-02
-8.02795638e-02
-8.99207950e-02
5.07839190e-02
-8.03951422e-02
-5.64727015e-02
-1.41603697e-02
3.07907883e-01
2.08594947e-01
-7.21870878e-02
2.47314528e-01
0.00000000e+00
-1.60633101e-01
1.88671803e-01
3.15235921e-03
-4.66497323e-01
5.73113731e-03
0.00000000e+00
2.28020621e-01
3.77278923e-02
3.73648049e-02
-1.49381473e-02
-7.65048772e-02
-3.02139662e-01
-2.08901534e-01
-8.20082588e-02
1.79808944e-01
2.62692433e-03
-5.27624989e-03
4.43852371e-02
-2.50845755e-01
-1.43349616e-01
-1.41999467e-01
-5.01900901e-02
1.91513001e-01
5.35069345e-03
1.04659463e-02
1.55991424e-02
5.97966801e-03
-3.92138292e-01
-8.96085943e-02
-1.06885161e-01
2.18357191e-01
4.91558709e-04
-2.55839126e-02
4.75725414e-04
3.39622644e-02
-2.10333876e-01
-5.73250136e-02
-1.04454213e-01
208
-1.72894012e-03
4.30908635e-01
3.98499364e-01
1.34705947e-01
-1.16264105e-01
-1.18622778e-01
-2.08514763e-01
-1.99987339e-01
-3.22453901e-01
0.00000000e+00
0.00000000e+00
0.00000000e+00
0.00000000e+00
-1.04000844e-02
-1.32772984e-01
1.02126718e-01
7.17260188e-02
2.32934521e-02
-6.79385520e-02
-7.46301689e-02
-6.83779570e-02
-1.08747716e-01
2.63992333e-01
-1.43839728e-01
-2.96557598e-01
-5.03094634e-01
-5.22425608e-01
-6.32137765e-01
-3.54764875e-01
-1.85216681e-01
-9.16761902e-02
1.11785034e-01
3.78961764e-01
6.18133275e-01
6.26520316e-01
4.88794393e-01
3.78376721e-01
4.72915243e-02
7.81211102e-02
0.00000000e+00
5.76348087e-02
-2.01420497e-01
3.00542990e-02
7.69475349e-02
2.92611862e-02
5.79372859e-03
-1.72894012e-03
0.00000000e+00
7.47601582e-02
0.00000000e+00
1.55283716e-01
1.02873885e+00
2.86047201e-01
1.45811985e-01
-1.72894012e-03
-1.72894012e-03
1.30837014e-01
-5.60768470e-02
1.58744698e-01
7.11772762e-01
3.45852696e-01
1.58127086e-01
-1.72894012e-03
-1.72894012e-03
8.66526141e-02
-1.18924781e-02
1.97572892e-01
4.80417856e-01
4.21291900e-01
1.46582690e-01
-1.72894012e-03
-3.45788023e-03
-9.10242797e-02
1.65784455e-01
4.26176372e-02
4.58270109e-01
3.36755664e-02
6.26088037e-02
-1.72894012e-03
-6.91576047e-03
1.93244630e-01
-1.18484477e-01
-4.83980047e-02
4.41551464e-01
-1.14880777e-01
-2.17495826e-02
0.00000000e+00
0.00000000e+00
0.00000000e+00
-5.82509480e-02
-9.52461088e-02
2.48429385e-01
-1.01031693e-01
-7.90206376e-02
1.89947599e-01
2.17840011e-02
2.46422786e-02
-1.04396599e-01
-5.73556796e-02
8.76946241e-03
-2.14469929e-01
-9.50593673e-02
-3.13506578e-01
-1.71949108e-01
-1.34981636e-01
3.12039537e-02
-2.49299045e-02
-2.61549060e-02
8.92314919e-02
2.76533016e-02
1.75587310e-01
1.99804879e-01
3.01519029e-01
1.04653068e-01
-8.99595376e-03
5.86654099e-02
0.00000000e+00
-6.36533375e-02
2.90044808e-01
1.41316826e-01
-3.70941402e-01
1.50416618e-03
0.00000000e+00
-1.72894012e-03
-1.38315209e-02
3.23506402e-02
4.24094759e-02
-1.00476034e-01
-1.29244810e-01
-1.79016793e-01
-4.97138812e-02
-1.72894012e-03
-2.76630419e-02
-9.76617164e-02
1.72421905e-01
-1.54579154e-01
-4.63257851e-02
-1.07471716e-01
-4.38825065e-02
-1.72894012e-03
-5.53260837e-02
3.87087146e-02
3.60513313e-02
-6.39979809e-02
-1.89341725e-01
-1.40579707e-01
-1.30673501e-01
-2.42494192e-03
-4.31300123e-03
7.21254704e-03
8.65026985e-02
-1.42020608e-02
-1.47830687e-01
-8.24090844e-02
-1.01931454e-01
-8.91164491e-03
3.15774202e-02
-1.03243918e-01
2.26785687e-02
-1.72022361e-02
8.86152031e-02
1.25234684e-01
2.58470111e-01
-3.00252979e-01
-1.02628865e-01
-3.07769196e-02
1.07149237e-03
0.00000000e+00
0.00000000e+00
-1.44177414e-01
-1.56748176e-01
-6.89862458e-03
9.36216857e-02
1.53644831e-01
5.62798996e-02
-2.88747547e-04
3.29447138e-02
-1.53691934e-01
-4.12875517e-02
8.47339492e-02
-1.58561096e-02
1.02879164e-01
-2.42679857e-02
4.19389206e-03
-2.04506767e-02
2.08969169e-02
-1.94884750e-02
-3.83582511e-02
5.02572526e-02
-4.86765265e-02
0.00000000e+00
0.00000000e+00
1.05990786e-01
5.39602851e-04
-4.06065916e-02
2.11924324e-02
3.79759779e-02
-5.99422572e-02
-3.59673594e-02
-1.29720446e-01
8.84074090e-02
-1.67571145e-04
-9.11595169e-03
6.11124220e-03
1.11382126e-02
-1.31230579e-02
-3.75542522e-02
-8.04857731e-02
#MODELS	1	1
86
-1.16256646e+00
4.57980374e-01
6.42583266e-02
1.43959504e-02
-1.97345345e-01
-2.38190971e-01
-2.71825026e-01
-5.20609101e-01
-4.71230667e-01
-1.86429429e+00
-6.85041442e-01
-6.88703222e-01
-2.76195033e-01
-4.98756708e-02
1.47358673e-01
3.19637051e-01
3.31494017e-01
3.89186691e-01
2.74706403e-01
1.94384955e-01
1.98800151e-03
-1.20377482e-01
8.63164887e-01
-5.69332797e-01
-1.25241851e+00
-1.23526923e+00
-1.13379662e+00
-5.47172592e-01
-4.31967785e-01
-2.72232198e-01
-3.01203365e-02
1.17769575e-01
2.55952321e-01
3.26478375e-01
4.54668310e-01
7.38654816e-01
5.56028357e-01
8.23271663e-01
1.03692019e+00
0.00000000e+00
-1.13618213e+00
-9.79336151e-02
5.64887665e-02
8.05473590e-02
-6.54868376e-02
0.00000000e+00
-1.16256646e+00
0.00000000e+00
2.36537301e-01
0.00000000e+00
4.52811925e-01
1.55894586e+00
3.57368646e-01
1.05311277e-02
-1.05371943e-01
-1.05371943e-01
2.28412877e-02
4.82834640e-02
6.93302475e-01
5.71584832e-01
2.63375283e-02
3.93394368e-02
1.03484821e-01
1.03484821e-01
1.29751341e-02
-1.19958030e-01
-7.08763838e-02
2.39482198e-01
2.99832252e-01
2.09048566e-02
1.59247713e-01
1.25811860e-01
2.19015410e-02
-5.31606219e-03
-5.86207080e-02
5.79393814e-02
-9.31194317e-02
-8.52357040e-03
-6.75105992e-02
6.83290496e-02
8.81952979e-03
-2.52605036e-02
4.13574713e-03
-9.12767980e-02
3.52229024e-01
7.43144549e-03
155
-1.97955457e-01
6.40406281e-01
2.29950936e-01
1.87496835e-01
-5.50894858e-02
-1.46943421e-01
-2.17878251e-01
-4.47156348e-01
-3.88742003e-01
-1.25144914e-01
-2.67094375e-01
-2.85591832e-01
6.59180316e-02
5.75654550e-02
9.00282265e-02
1.31696620e-01
7.69102595e-02
1.37673588e-01
8.32870275e-02
9.21078000e-02
-1.35489097e-01
-1.64120747e-01
4.42985009e-02
-8.44763330e-02
-1.41685891e-01
-3.69478394e-01
-5.39183938e-01
-5.08710051e-01
-7.76931012e-01
-4.89877681e-01
-2.44216012e-01
-6.76194433e-02
-2.77384045e-02
3.91680695e-02
1.61906391e-01
6.53893459e-01
4.39579091e-01
7.42915737e-01
1.01449896e+00
0.00000000e+00
-1.66866335e-01
1.43432658e-01
1.93287930e-01
7.56340135e-02
-4.43443724e-01
0.00000000e+00
-1.97955457e-01
0.00000000e+00
1.01644451e-01
0.00000000e+00
1.07805295e-01
1.39231108e+00
4.80044362e-01
3.44266162e-02
-1.97955457e-01
-1.97955457e-01
5.31613526e-02
4.84830977e-02
2.22404133e-01
7.42620699e-01
3.23409954e-01
7.29979503e-02
-1.97955457e-01
-1.97955457e-01
1.71797414e-01
-7.01528637e-02
2.36869141e-01
1.44160830e-01
5.34876188e-01
5.17700765e-02
-1.97955457e-01
-3.95910914e-01
1.02598092e-01
-9.53659058e-04
6.63722504e-02
4.44768126e-01
-2.30644653e-01
2.90627973e-02
-5.44900270e-02
4.94503418e-02
-3.78003083e-02
7.88780832e-02
1.96555292e-01
2.72997458e-01
-1.60376149e-01
-3.17381854e-02
-1.47168976e-01
-1.74464562e-01
-2.58717269e-01
4.68002759e-02
1.95189259e-02
1.79868429e-01
1.80404405e-01
-1.19255221e-02
-2.43352645e-01
-1.39241817e-01
8.08128518e-02
2.99163822e-02
0.00000000e+00
0.00000000e+00
-7.23180319e-02
-8.12877154e-02
-1.08852741e-01
-6.76196405e-01
4.74381709e-02
8.84448178e-02
3.86578324e-01
5.34360750e-02
2.52924998e-02
2.11441282e-01
2.18168404e-01
8.67709508e-03
6.58304545e-02
-9.52579052e-02
-1.19760837e-01
-3.89183008e-01
0.00000000e+00
4.83282994e-02
-1.40006714e-01
-1.04298431e-01
-2.55506173e-01
1.39334981e-02
0.00000000e+00
7.85801817e-02
3.82508512e-02
8.49342340e-03
-6.90244549e-02
3.35609581e-01
-3.42021084e-01
1.46295412e-01
-3.93634991e-02
1.31201885e-01
4.79460398e-03
-2.19972334e-03
-8.79605780e-04
-3.36929259e-02
-4.85606831e-01
1.92411903e-01
-3.74518977e-02
3.13110231e-01
2.09434121e-03
-3.01020039e-03
-2.36958285e-02
2.15663529e-02
-3.54461289e-01
9.16600189e-02
-5.40871048e-02
1.84319244e-01
-1.88910918e-05
-5.14663419e-03
1.34945258e-02
-2.15715507e-04
-2.54284262e-01
-2.00641339e-01
-4.50324705e-02
208
-8.36086887e-04
4.92184287e-01
2.64619000e-01
3.72497953e-01
8.88634182e-04
-8.87036251e-02
-2.06850751e-01
-3.85865074e-01
-4.49606512e-01
-2.64841999e-02
-1.23707692e-01
-1.29918909e-01
1.87619324e-01
4.68043304e-02
5.70364134e-02
2.84444607e-02
-7.43785850e-02
4.22662676e-03
9.14301920e-02
-1.22571203e-02
-3.01708366e-02
-2.81884444e-02
8.70835308e-03
-1.91477179e-02
-2.67379852e-02
-9.60276905e-02
-1.22974690e-01
-2.21175278e-01
-6.03717230e-01
-3.08803833e-01
-1.95906605e-01
-6.85054506e-02
-1.34473450e-01
-1.00996690e-01
-5.54089086e-02
5.11781126e-01
3.22287188e-01
4.38799839e-01
6.80171289e-01
0.00000000e+00
-4.19118436e-02
2.27835112e-02
1.18000272e-01
-1.21605725e-02
-8.75474543e-02
0.00000000e+00
-8.36086887e-04
0.00000000e+00
5.31556812e-02
0.00000000e+00
2.34275004e-01
1.14153526e+00
5.51890890e-01
3.29025009e-02
-8.36086887e-04
-8.36086887e-04
1.92420564e-02
3.39136149e-02
2.12660801e-01
8.26412293e-01
4.55728824e-01
7.66400670e-02
-8.36086887e-04
-8.36086887e-04
1.50713563e-01
-9.75578547e-02
1.85223563e-01
3.88647563e-01
5.00841816e-01
7.38014622e-02
-8.36086887e-04
-1.67217377e-03
1.41523250e-01
-8.83675717e-02
9.70773292e-02
4.44639366e-01
4.32361243e-02
7.66308721e-02
-8.36086887e-04
-3.34434755e-03
-2.84705118e-02
8.16260211e-02
4.07654638e-02
2.51895169e-01
-3.38582278e-02
-2.80263546e-02
-8.13671637e-02
-6.99594179e-02
-1.48331371e-01
8.98507504e-02
1.00761665e-01
2.09374679e-01
1.94383512e-01
-1.06330327e-02
-2.75183015e-01
-7.07468764e-02
5.36653332e-02
7.34885037e-03
0.00000000e+00
0.00000000e+00
-1.91477179e-02
-1.81190081e-02
5.74453518e-03
-3.21679239e-01
-8.52740074e-02
-2.26074197e-01
1.61297348e-01
-2.45847064e-01
-1.23578930e-01
1.72010666e-01
2.88253444e-01
7.41743131e-02
1.67833582e-01
2.24119454e-02
1.70553120e-01
-2.33948774e-02
0.00000000e+00
1.56489625e-02
1.12706617e-01
1.30927260e-01
-2.65502929e-01
5.38400239e-03
0.00000000e+00
-8.36086887e-04
-6.68869510e-03
4.49001119e-02
8.25545626e-03
1.60402838e-01
-1.10703014e-01
1.36728006e-01
-1.99208437e-02
-8.36086887e-04
-1.33773902e-02
-4.28417815e-02
9.59974254e-02
-3.61635167e-03
-2.46208254e-01
9.67164571e-02
-2.61641487e-02
-8.36086887e-04
-2.67547804e-02
1.20596328e-01
-6.74403496e-02
-5.72585079e-02
-2.27790319e-01
-1.59530232e-02
-7.56712386e-02
7.57372032e-03
-1.60831684e-03
1.15038927e-02
6.17470325e-02
-3.16685052e-02
-2.13244673e-01
-1.20509536e-01
-4.84860713e-02
3.83982187e-02
1.78000680e-01
1.14119613e-01
-1.22404201e-02
-1.52718146e-01
-1.55717709e-01
-7.86534555e-02
1.28839273e-02
1.30254776e-03
0.00000000e+00
0.00000000e+00
0.00000000e+00
0.00000000e+00
0.00000000e+00
-1.31078413e-02
-1.64494619e-02
-7.47958687e-02
-1.12731543e-01
-9.28713482e-02
1.80131134e-02
-9.48090822e-02
3.43355800e-01
1.17092309e-01
9.73848349e-02
-1.27407351e-03
7.69687930e-02
6.56314366e-02
-6.17892568e-02
-3.47661635e-02
-2.70476391e-01
0.00000000e+00
-4.35545938e-02
-2.06845968e-02
-1.85806291e-02
2.81950763e-02
0.00000000e+00
0.00000000e+00
6.99898308e-02
-1.02386993e-03
-2.87617288e-02
1.76940738e-02
-2.85804253e-02
-1.44513679e-01
-1.92874708e-01
-6.43067048e-02
-7.29650643e-03
7.02916463e-04
-3.28085807e-02
-1.46688277e-02
-2.15619377e-02
-5.45461780e-02
-9.77825101e-02
-2.33967109e-02
#MODELS	1	2
86
-7.99858312e-01
2.72347908e-01
5.10542350e-01
-3.06849907e-01
3.93988261e-02
-2.35752318e-01
-2.68779490e-01
-4.04536303e-01
-4.06229379e-01
4.36406660e-01
5.47483801e-01
6.59356065e-01
6.51228760e-01
4.89979607e-01
2.25920581e-01
-1.06240253e-01
-3.07467111e-01
-6.14553374e-01
1.99852270e-01
-2.98182532e+00
0.00000000e+00
0.00000000e+00
0.00000000e+00
-8.83466888e-02
-2.67187260e-01
-9.89029110e-01
-1.32148720e+00
-1.81578802e+00
-1.20680662e+00
3.57347156e-03
2.44038283e-01
2.12907519e-01
6.06430633e-01
4.79743096e-01
6.63525841e-01
4.90828296e-01
7.59398415e-01
6.80416925e-01
7.47924113e-01
0.00000000e+00
-7.32372811e-01
-3.40419134e-01
-6.15477386e-02
-2.68865391e-01
6.03346763e-01
0.00000000e+00
-7.99858312e-01
0.00000000e+00
5.17826260e-01
0.00000000e+00
2.80279005e-01
1.57340763e+00
8.90478739e-01
-1.73394465e-02
-5.50536320e-01
-5.50536320e-01
-4.03260345e-02
-7.69455585e-02
1.79715790e+00
7.19454439e-01
1.60841362e-01
4.08044239e-02
-3.75041622e-01
-3.75041622e-01
-1.50755352e-02
-1.97760104e-02
1.24163567e+00
4.70977780e-01
1.41189241e-01
1.73874292e-02
6.81946863e-01
1.23249896e-01
6.71198991e-03
-6.46348839e-02
-7.53387333e-01
3.26984202e-01
1.08192604e-01
-3.00812732e-02
5.13954808e-01
6.49613276e-02
2.10358222e-02
-6.76603859e-02
-4.33380143e-01
-3.56279618e-01
3.16550123e-01
-1.57428494e-02
155
-1.98387031e-01
2.42872316e-01
4.88326787e-01
-7.58779734e-02
1.68735194e-01
-1.03636097e-01
-1.97176903e-01
-3.53963249e-01
-3.67667106e-01
8.12317802e-02
1.63395082e-01
2.59031938e-01
2.37536909e-01
1.97733007e-01
1.14831582e-02
-1.41801682e-01
-3.12215136e-01
-4.07379821e-01
3.37373560e-01
-6.24775826e-01
0.00000000e+00
0.00000000e+00
0.00000000e+00
-1.57663066e-02
-4.95596857e-02
-1.50374130e-01
-2.74689596e-01
-4.41285554e-01
-8.48966720e-01
-3.39444986e-01
-1.71636720e-01
-1.39127761e-02
3.14499618e-01
6.32926879e-02
2.80977792e-01
8.48407468e-02
4.53471931e-01
4.79139953e-01
4.31026716e-01
0.00000000e+00
-1.81507613e-01
-1.52224566e-02
1.08764336e-01
-1.56756139e-01
4.63348416e-02
0.00000000e+00
-1.98387031e-01
0.00000000e+00
1.59299166e-01
0.00000000e+00
3.29209786e-01
1.23338534e+00
6.66594268e-01
2.87734391e-02
-1.98387031e-01
-1.98387031e-01
8.10450338e-02
7.82541009e-02
8.02518093e-01
7.84295034e-01
7.62440033e-01
5.58682749e-02
-1.98387031e-01
-1.98387031e-01
6.96449465e-02
8.96542380e-02
6.29464626e-01
5.01079663e-01
5.36797334e-01
3.51554476e-02
-1.98387031e-01
-3.96774062e-01
1.44551421e-01
1.47476207e-02
2.26319104e-01
1.10489615e-01
-4.49627660e-02
-5.48708255e-02
-4.62084232e-02
4.63470096e-02
3.14085377e-02
7.16026789e-03
1.93726734e-01
-7.87620821e-01
3.72829027e-01
6.00836686e-03
7.09597531e-02
1.38588876e-01
1.98466548e-01
2.39634915e-02
-1.94557447e-01
-2.63643614e-02
-4.51262277e-01
-9.72766115e-02
-1.20072979e-01
0.00000000e+00
0.00000000e+00
0.00000000e+00
0.00000000e+00
0.00000000e+00
-1.08294380e-02
-1.14265272e-02
-1.61613328e-01
-2.32147251e-01
-3.85581815e-01
-7.44670617e-01
2.17729341e-01
3.27666232e-01
-1.69239794e-01
2.07803415e-02
3.34919891e-01
1.63529721e-01
2.47411919e-01
6.37084256e-02
-4.74215713e-02
-7.03705364e-02
0.00000000e+00
-5.22113516e-02
-4.89992233e-02
-9.05038452e-02
-2.65840588e-01
0.00000000e+00
0.00000000e+00
3.67715757e-01
3.06792805e-02
5.12394435e-02
-9.30004561e-02
1.37775298e-01
-3.53230101e-01
2.91940598e-01
-2.04146288e-02
3.03310540e-01
7.55563669e-03
6.47353615e-03
-5.74343532e-02
1.59922029e-01
-4.16979118e-01
5.08102142e-02
-2.25722447e-02
3.17500572e-01
8.47459357e-04
-6.24878250e-03
-2.42098959e-02
5.65346208e-02
-1.88205485e-01
8.85486980e-02
-3.67194461e-02
1.85428755e-01
9.39199054e-04
-3.76532498e-03
-7.83539127e-03
1.35292132e-02
-1.41781550e-01
-1.53168338e-01
-2.26248529e-02
208
-3.81194784e-02
2.05458139e+01
5.28356479e+01
2.80450898e+01
-2.34620807e+01
-8.97719652e+00
-1.79752369e+01
-2.92678617e+01
-2.17822953e+01
4.79035163e+00
-3.52767669e+00
1.40285574e+01
2.90143703e+01
6.39648492e+00
2.39102980e+01
-4.24118342e-01
-3.29382072e+01
-2.55105625e+01
1.65101263e+01
-3.22877434e+01
0.00000000e+00
0.00000000e+00
0.00000000e+00
-1.08005242e+00
-2.37531036e+00
-8.18163293e+00
-1.65292260e+01
-2.57363721e+01
-5.04420906e+01
-1.82039463e+01
-2.09992302e+00
6.10825173e+00
7.87094473e+00
-7.97094322e+00
3.12900057e+00
-6.06457486e+00
3.22440144e+01
4.63735669e+01
4.29201740e+01
0.00000000e+00
-1.12696331e+01
4.63310993e+01
5.35045470e+01
-9.08031286e+01
2.19899600e+00
0.00000000e+00
-3.81194784e-02
0.00000000e+00
3.14549063e+00
0.00000000e+00
2.05640766e+01
8.50326244e+01
6.21341443e+01
2.00521420e+01
-3.81194784e-02
-3.81194784e-02
-5.38826528e+00
8.53375477e+00
4.92322755e+01
6.16077858e+01
7.84961276e+01
9.95878635e-01
-3.81194784e-02
-3.81194784e-02
-1.87574224e+01
2.19029151e+01
3.71460873e+01
3.57359280e+01
6.20999869e+01
3.28961760e+00
-3.81194784e-02
-7.62389567e-02
3.34038457e+00
-1.94901825e-01
1.74306882e+01
3.30730163e+00
1.42482423e+01
1.01631448e+00
-3.81194784e-02
-1.52477913e-01
-8.91790768e+00
1.20633917e+01
5.15041743e+00
-6.15535352e+01
1.94717481e+01
2.68384717e+01
3.83063832e+01
3.45831892e+01
1.49546533e+01
-7.48401307e+00
-2.06823331e+01
-8.47382128e+00
-3.80309202e+01
-5.38337156e+00
-7.82788604e+00
0.00000000e+00
0.00000000e+00
0.00000000e+00
0.00000000e+00
0.00000000e+00
-8.56978028e-01
-9.02746061e-01
-9.97357323e+00
-1.76083314e+01
-2.71899367e+01
-5.55540971e+01
1.05802273e+01
4.45305561e+01
-1.32135514e+01
-1.20407757e+01
4.46135257e+01
3.83213495e+01
2.30562796e+01
1.12873035e+00
-1.06282405e+01
-1.43005580e+01
0.00000000e+00
-6.11400659e+00
1.65564428e+01
3.66589619e+01
-4.71395176e+01
0.00000000e+00
0.00000000e+00
-3.81194784e-02
-3.04955827e-01
1.34924422e+01
-1.03469560e+01
-8.09023117e+00
-2.52201731e+01
2.52183928e+01
7.25514099e+00
-3.81194784e-02
-6.09911654e-01
-5.90121502e+00
9.04669045e+00
2.48927304e+00
-4.38717854e+01
-4.51581294e+00
-3.56585405e+01
-3.81194784e-02
-1.21982331e+00
1.15233187e+01
-8.37781633e+00
-1.43059681e+01
-2.82557217e+01
-1.28871377e+01
1.47114764e+00
1.18091471e+01
-7.56787074e+00
-3.21977278e+00
-2.48860488e+01
-1.35159799e+00
-1.93472680e+01
-2.62350298e+01
-5.63983959e+00
9.20886079e+00
-2.23276860e+01
-1.19649754e+01
-4.65118092e+00
-4.20797348e+00
2.79243708e-02
4.35411042e-02
0.00000000e+00
0.00000000e+00
0.00000000e+00
0.00000000e+00
0.00000000e+00
0.00000000e+00
0.00000000e+00
-3.42251968e+00
-3.11685812e+00
-3.71974541e+00
-9.75793921e+00
-1.69276963e+01
-3.99547408e+01
2.72299259e+01
1.06126926e+01
3.32405376e+01
1.85602855e+01
1.02728111e+01
5.09343129e+00
2.58534132e+00
-7.49767456e+00
-2.02066425e+01
-3.68626984e+01
0.00000000e+00
-8.26390595e+00
-1.58299673e+01
-1.11861435e+01
1.40852724e+00
0.00000000e+00
0.00000000e+00
2.43653537e+01
2.02880648e-01
-1.68623159e+01
-7.91656502e+00
1.00757478e+01
-1.54263955e+00
-8.56037882e+00
-1.51335988e+01
8.71228116e+00
5.49337606e+00
-1.67316230e+00
3.27855769e+01
8.55977873e+00
-1.76471226e+00
-4.69357222e+00
-2.58474683e+01
#MODELS	2	0
86
-1.46115757e+00
-2.63382407e-02
2.34198852e-01
1.03719093e-03
-1.32430200e-01
-2.05573286e-01
-3.99605061e-01
-3.49927378e-01
-5.82519445e-01
0.00000000e+00
0.00000000e+00
0.00000000e+00
0.00000000e+00
0.00000000e+00
0.00000000e+00
0.00000000e+00
-6.57850400e-01
-6.12661419e-01
-3.39617333e-01
-1.36828855e-01
7.13186386e-02
6.52217945e-02
1.49260006e-01
-1.94987857e+00
-1.82593969e+00
-1.31699673e+00
-9.39147233e-01
-8.05793459e-01
-6.93827833e-01
-5.60653888e-01
-1.20784186e-01
2.66397997e-01
6.26323227e-01
7.05751012e-01
1.03139430e+00
7.52436942e-01
9.62071329e-01
1.00137796e+00
1.40611125e+00
0.00000000e+00
-9.75902311e-01
-3.16774838e-01
8.93014755e-03
-1.65612723e-01
-3.15839144e-03
-8.63945260e-03
-1.46115757e+00
0.00000000e+00
2.30773894e-01
0.00000000e+00
2.99210591e-01
1.02933139e+00
5.89422544e-01
4.97848301e-02
-2.53743360e-01
-2.53743360e-01
7.24646676e-03
1.19465856e-01
1.86116806e+00
2.98351191e-01
-4.68425684e-01
-4.62694609e-02
4.26850973e-01
4.26850973e-01
7.47040906e-03
1.66671495e-01
-1.58686830e+00
6.78494437e-01
5.33678057e-01
5.92510776e-03
4.33030773e-03
1.44374073e-01
-3.77321402e-04
1.40760237e-01
-8.13115159e-02
2.86714590e-01
1.32856173e-01
-5.48074148e-02
2.70684958e-01
7.61742118e-02
1.92995083e-02
8.08645088e-02
-5.79065179e-01
3.09364795e-01
8.96617872e-02
-5.85997370e-02
155
-2.42715879e-01
1.29038926e-01
3.87790765e-01
1.18623018e-01
2.01850536e-02
-7.88784651e-02
-2.58207995e-01
-1.81024015e-01
-3.80243168e-01
0.00000000e+00
0.00000000e+00
0.00000000e+00
0.00000000e+00
0.00000000e+00
0.00000000e+00
0.00000000e+00
-9.50522790e-02
3.42045617e-02
-1.14845264e-01
-7.96397259e-02
1.95336045e-02
-4.14812364e-02
3.45644595e-02
-3.96970159e-01
-6.46703986e-01
-1.16537824e+00
-1.01653652e+00
-7.36021904e-01
-6.65093812e-01
-4.68216918e-01
-1.42495597e-02
3.12948955e-01
6.39612470e-01
7.82299310e-01
9.66434159e-01
6.17937746e-01
6.53164598e-01
4.11038914e-01
4.83019065e-01
0.00000000e+00
-2.58877324e-01
-5.17962261e-02
1.79776971e-01
-4.43688777e-02
5.36744219e-02
-1.21124845e-01
-2.42715879e-01
0.00000000e+00
9.61971411e-02
0.00000000e+00
1.00863013e-01
7.63943356e-01
4.40149819e-01
1.12474371e-01
-2.42715879e-01
-2.42715879e-01
1.64094628e-01
-6.78974869e-02
3.72416448e-01
7.21386589e-01
-1.08640027e-01
3.88356591e-03
-2.42715879e-01
-2.42715879e-01
2.88687290e-02
6.73284120e-02
-7.69998458e-01
7.54847644e-01
4.42439724e-01
2.71164334e-02
-2.42715879e-01
-4.85431759e-01
7.88790531e-02
1.73180880e-02
-2.14108771e-01
3.53063398e-01
3.78332016e-01
-3.55340969e-02
1.31040410e-01
1.12265581e-02
-4.66349772e-02
2.96910333e-01
-2.61313977e-01
2.86494052e-01
2.20971656e-01
-4.10885543e-02
0.00000000e+00
0.00000000e+00
0.00000000e+00
0.00000000e+00
0.00000000e+00
0.00000000e+00
-5.77467946e-02
-4.76938710e-01
-2.35219289e-01
-2.92673002e-02
2.51183115e-02
6.56794344e-02
2.39807261e-01
8.33144954e-02
-3.44196140e-01
-6.25854746e-01
-7.53490926e-02
-7.18622996e-03
4.49569056e-02
-8.10144846e-04
-2.63940834e-02
-2.78887757e-02
-8.87381826e-02
-3.35240475e-02
-1.32180366e-01
1.00005779e-01
4.22180018e-01
3.72315729e-01
-4.17570426e-02
7.91678300e-02
0.00000000e+00
-3.43159477e-01
1.35938140e-03
8.19364241e-02
-1.74579817e-01
4.68734873e-02
2.31741043e-03
2.86278003e-01
1.86927823e-02
-1.44364649e-02
-1.51651732e-02
-6.81353032e-02
3.48272145e-01
1.48571690e-01
-8.91777880e-02
3.26689017e-01
1.24759349e-02
4.98003076e-03
-3.31669394e-02
-3.90242330e-01
-1.00495913e-02
1.00259318e-01
-2.74163140e-02
2.31998070e-01
5.86735009e-03
4.23992049e-04
-2.87225232e-02
-1.54096346e-01
-5.43937560e-02
1.47800375e-01
-5.19889785e-02
1.24715379e-01
1.22179491e-03
-1.00773867e-02
-2.03446152e-02
7.33018999e-04
2.36740344e-02
1.59412084e-01
-5.00023662e-02
208
-1.19679626e-03
2.11380504e-01
5.98358805e-01
1.39357877e-01
1.37196697e-02
-6.14143456e-02
-2.64468124e-01
-2.28828531e-01
-4.09302650e-01
0.00000000e+00
0.00000000e+00
0.00000000e+00
0.00000000e+00
0.00000000e+00
0.00000000e+00
0.00000000e+00
-3.82370050e-02
1.16697129e-01
3.16539081e-03
-6.90091390e-02
2.79156300e-02
-8.30830080e-02
4.13542054e-02
-1.60032078e-01
-2.65778691e-01
-6.99152559e-01
-9.83482622e-01
-6.87010785e-01
-5.96574962e-01
-3.93776245e-01
1.02105428e-01
3.73327338e-01
6.18263681e-01
7.03212705e-01
9.52253866e-01
5.05398457e-01
3.00390377e-01
7.45709376e-02
1.55088355e-01
0.00000000e+00
-1.28606961e-01
-2.49942169e-02
1.51047012e-01
-9.25168481e-02
4.99598342e-02
4.39143830e-02
-1.19679626e-03
0.00000000e+00
5.42245906e-02
0.00000000e+00
1.47391246e-01
1.19609096e+00
3.51486440e-01
1.41583291e-01
-1.19679626e-03
-1.19679626e-03
1.73945788e-01
-1.19721198e-01
7.89249285e-02
8.57198357e-01
-2.83324267e-01
9.14953182e-03
-1.19679626e-03
-1.19679626e-03
-1.83675060e-02
7.25920966e-02
-3.37473406e-01
9.87618855e-01
3.25342696e-01
7.55635938e-02
-1.19679626e-03
-2.39359253e-03
1.70497262e-01
-1.16272671e-01
-1.81170889e-01
5.22514114e-01
2.64885921e-01
2.11900714e-02
-1.19679626e-03
-4.78718505e-03
5.42875397e-02
-6.29347587e-05
-2.21321230e-01
3.51149915e-01
3.28677707e-01
2.79043023e-03
0.00000000e+00
0.00000000e+00
0.00000000e+00
0.00000000e+00
0.00000000e+00
0.00000000e+00
-2.50070125e-02
-2.73028172e-01
-4.06498962e-02
7.35810989e-02
2.37154925e-02
3.82343665e-02
1.63413171e-01
3.85441555e-02
-1.74096996e-01
-3.88198653e-01
-2.53968572e-01
-1.83032748e-01
-1.34158695e-02
-3.83689622e-02
-4.52697583e-02
2.22576140e-02
-1.87904437e-02
9.03160163e-02
-6.37789413e-02
3.40620571e-01
4.85472927e-01
2.50102112e-01
-5.61158308e-02
4.50707375e-02
0.00000000e+00
-2.15764564e-01
1.20157724e-01
1.82576739e-01
-1.04041858e-01
1.46620556e-02
1.21310842e-03
-1.19679626e-03
-9.57437011e-03
-1.32975254e-01
1.87199831e-01
-7.92195228e-02
4.31493381e-01
2.57435562e-01
-1.01844630e-01
-1.19679626e-03
-1.91487402e-02
-6.28847693e-02
1.17109397e-01
-4.30910093e-01
-2.07254744e-02
-5.92931057e-02
-3.48729209e-02
-1.19679626e-03
-3.82974804e-02
1.95381031e-01
-1.41156543e-01
-2.36369838e-01
-8.01433198e-02
2.83217337e-02
-8.74175027e-02
6.08223197e-03
-1.04266320e-03
-8.06902023e-02
9.53414093e-02
-8.84638283e-02
-4.37322784e-02
1.06627094e-01
-1.02710035e-01
0.00000000e+00
0.00000000e+00
0.00000000e+00
0.00000000e+00
-7.98652593e-02
-1.16893699e-01
6.86364008e-03
1.20324147e-01
3.08059999e-02
-5.08358412e-02
5.01219975e-02
-3.30974333e-02
1.33228645e-02
-5.54500636e-02
-1.13722182e-01
-1.34005322e-01
-2.57456188e-01
1.50990937e-01
-2.22026163e-02
1.07224850e-01
5.88039988e-02
-3.57294776e-02
-9.10545938e-02
1.04290443e-02
1.11987448e-01
8.18114830e-02
3.92322067e-02
-4.38518356e-02
2.17026095e-02
1.13599012e-03
2.97327181e-02
-6.11337411e-02
-3.41920240e-02
3.30361602e-03
-5.24142173e-02
0.00000000e+00
0.00000000e+00
5.99419266e-02
1.31259577e-04
-9.89238998e-03
4.70169502e-03
-9.30515235e-03
-2.00617339e-02
2.68489631e-01
-6.69205615e-02
3.57026864e-02
-2.77751919e-03
-1.94314060e-02
8.59021677e-03
-9.65191039e-03
-1.71557222e-02
-1.32460515e-02
-9.75396849e-03
#MODELS	2	1
86
-1.36356441e+00
3.50849094e-01
-2.86044048e-02
-1.10155364e-01
-8.60161776e-02
-2.29437945e-01
-3.18829093e-01
-3.75745301e-01
-5.65625214e-01
0.00000000e+00
0.00000000e+00
0.00000000e+00
-4.35767100e-01
1.72586071e-01
-7.36733652e-01
-3.81321975e-01
-1.05882388e-01
1.43222281e-01
1.22554214e-01
2.02989947e-01
6.01183671e-03
-2.59456469e-02
-3.25277994e-01
0.00000000e+00
-1.00455080e+00
-1.82787957e+00
-1.05936472e+00
-7.68911871e-01
-5.28533270e-01
-4.21767346e-01
-1.96822339e-01
-2.30801686e-02
2.19380493e-01
4.48235260e-01
5.38694150e-01
5.27415510e-01
8.51054059e-01
9.70651181e-01
9.11915032e-01
0.00000000e+00
-4.08460286e-01
-7.76373771e-01
-5.43615500e-01
-5.35283091e-01
-2.65834731e-01
1.16600297e+00
-1.36356441e+00
0.00000000e+00
2.24721024e-01
0.00000000e+00
2.01427399e+00
7.41184037e-01
3.42960363e-01
-2.34551511e-02
-8.48573816e-02
-8.48573816e-02
1.89557070e-03
2.06492724e-02
8.49130254e-01
4.23378991e-01
1.51847244e-01
-5.87500299e-03
1.48906583e-01
1.48906583e-01
7.98103106e-03
-8.54845397e-02
-2.96921148e-01
3.15790490e-01
4.01592769e-01
2.01399664e-03
1.93405663e-01
1.47174783e-01
2.46350021e-02
1.70507963e-01
-6.47913397e-01
3.83675691e-01
1.22538195e-01
-5.82901729e-04
-5.17584266e-02
9.94658435e-02
1.68795351e-02
-6.24220734e-02
8.59418990e-02
8.04334571e-02
2.34950230e-01
-1.72593406e-02
155
-2.46652922e-01
4.68238761e-01
2.13125051e-01
8.97398731e-02
4.35435168e-03
-1.32508398e-01
-1.74032884e-01
-2.57925611e-01
-4.57644065e-01
0.00000000e+00
0.00000000e+00
0.00000000e+00
-4.68814927e-02
2.26680602e-01
-2.96675870e-01
-1.91467985e-01
9.40090800e-03
1.59212958e-01
3.70420118e-02
1.14287447e-01
-7.19663292e-02
-9.05215865e-02
-9.57635846e-02
0.00000000e+00
-1.70357419e-01
-5.10772391e-01
-1.03178767e+00
-6.90938588e-01
-4.74970302e-01
-5.85872134e-01
-2.45660457e-01
-1.05366101e-01
1.37780832e-01
3.34031973e-01
4.36764147e-01
4.39157344e-01
7.57410657e-01
8.32300073e-01
6.31627116e-01
0.00000000e+00
-8.71962578e-02
-1.82416272e-01
7.39309131e-02
1.24125845e-01
-2.34564014e-01
5.94668644e-02
-2.46652922e-01
0.00000000e+00
1.10051505e-01
0.00000000e+00
4.03360474e-01
6.13320900e-01
4.06000614e-01
1.90817399e-02
-2.46652922e-01
-2.46652922e-01
9.55376532e-02
1.45137701e-02
6.67044633e-01
4.89530201e-01
2.31856913e-01
2.37910844e-02
-2.46652922e-01
-2.46652922e-01
1.41162477e-01
-3.11110470e-02
2.21665864e-01
1.95705094e-01
3.05558865e-01
8.86356065e-03
-2.46652922e-01
-4.93305844e-01
1.24615759e-02
9.75901640e-02
-2.15328453e-01
2.98875719e-01
2.63503605e-01
2.76804630e-02
6.68198735e-02
5.37244519e-02
1.16377942e-02
2.59358887e-02
-2.00890735e-01
-2.68625255e-02
4.55825512e-01
-2.19079584e-02
0.00000000e+00
-2.61604600e-02
-8.40253810e-02
-1.03314669e-01
-2.83452555e-01
-1.57065224e-01
8.15092661e-03
1.48274783e-01
1.93635231e-01
1.00780749e-01
1.76583426e-01
1.09869466e-01
-3.44004446e-01
-1.07993869e-01
-4.09672772e-02
-1.06018819e-01
-5.83051161e-01
-3.53177882e-01
4.09137803e-02
3.52257511e-02
1.49295235e-01
1.03070316e-02
8.74938535e-02
6.45233121e-02
7.85604085e-02
1.47996827e-01
-1.64835489e-01
1.49176818e-01
4.41767863e-02
7.16588034e-02
0.00000000e+00
-2.41075183e-01
2.98990819e-02
-1.05163067e-01
-1.71702331e-01
1.17884652e-01
1.43482594e-03
1.88889654e-01
4.71050703e-02
-1.06278293e-03
-1.00428620e-01
-2.64756895e-02
-1.27482850e-01
4.28181685e-01
-4.03121124e-02
6.44513265e-02
1.46791414e-02
3.11695718e-02
-5.46835265e-02
8.78430357e-02
-3.42118605e-01
4.33125602e-01
-3.81313330e-02
2.06343943e-01
2.30284099e-03
-1.44394716e-02
-1.07657420e-02
-2.95751292e-02
-2.55136021e-01
2.12183864e-01
-4.21332992e-02
1.99147884e-01
-2.75676657e-04
-2.39597919e-02
2.59292170e-03
3.30930048e-02
-1.02178242e-02
4.40229879e-02
-5.16074556e-02
208
-9.66647188e-04
4.03805692e-01
3.27241360e-01
1.44638418e-01
-1.37885697e-02
-1.47280232e-01
-1.34157128e-01
-2.14555220e-01
-3.66870968e-01
0.00000000e+00
0.00000000e+00
0.00000000e+00
-1.04324056e-02
1.06437563e-01
-1.76471758e-01
-1.21304146e-01
2.18293220e-03
1.76117093e-01
7.99381895e-02
1.28860754e-01
-1.01156100e-02
-9.19667313e-02
-8.42125285e-02
0.00000000e+00
-4.64918074e-02
-5.51741683e-02
-4.92833573e-01
-3.42386930e-01
-2.40530014e-01
-4.59335570e-01
-1.82138765e-01
-7.09666519e-02
8.20745469e-02
1.77859386e-01
2.55199955e-01
2.90623531e-01
4.70922196e-01
4.03213302e-01
2.08997914e-01
0.00000000e+00
-2.74368038e-02
-1.52385636e-01
2.98054847e-02
2.21388449e-01
-8.44050924e-02
1.20669518e-02
-9.66647188e-04
0.00000000e+00
4.76088231e-02
0.00000000e+00
2.40177167e-01
5.90373466e-01
2.70852915e-01
4.22228772e-02
-9.66647188e-04
-9.66647188e-04
6.58425076e-02
-1.82337032e-02
2.90484605e-01
5.19199749e-01
2.45149033e-01
2.13808576e-02
-9.66647188e-04
-9.66647188e-04
4.48732297e-02
2.73556789e-03
1.14433140e-01
1.68556086e-01
1.84715299e-01
1.74598649e-02
-9.66647188e-04
-1.93329438e-03
7.29429186e-02
-2.53340420e-02
1.29093029e-02
2.50435784e-01
2.34235040e-01
7.37438125e-02
-9.66647188e-04
-3.86658875e-03
5.28098318e-02
-5.20096241e-03
-8.81856544e-02
2.98657060e-02
3.13314447e-01
-4.64578794e-03
0.00000000e+00
-5.62899832e-03
-2.04649276e-02
-2.91230927e-02
-7.15592826e-02
1.08382336e-02
6.91161649e-02
1.17985409e-01
5.72673329e-02
-6.25466623e-02
1.71820648e-01
-3.82820662e-02
-2.33299881e-01
3.29104753e-02
-1.37930550e-02
-3.10923596e-02
-2.00468291e-01
-3.73103371e-01
-1.75576493e-01
-1.33265259e-01
1.31785984e-02
-7.48658153e-02
1.64023230e-02
1.11119972e-01
1.10467655e-01
2.60774594e-01
7.74855167e-03
2.87291315e-01
1.82122973e-01
1.20920171e-02
0.00000000e+00
-6.64001692e-02
7.84417765e-02
2.33298754e-02
-6.36647271e-02
2.70575243e-02
2.69072953e-04
-9.66647188e-04
-7.73317751e-03
1.20184425e-01
-7.25755032e-02
3.84295871e-02
-1.16135588e-02
3.41775965e-01
-4.37096678e-02
-9.66647188e-04
-1.54663550e-02
7.26186088e-02
-2.50099914e-02
1.69367955e-01
-1.47859860e-01
3.53825422e-01
-3.84545478e-02
-9.66647188e-04
-3.09327100e-02
4.91269773e-02
-1.51837205e-03
3.05006572e-02
-2.29257933e-01
1.81929027e-01
-5.03128544e-02
-2.41383533e-02
-2.95459358e-03
-1.03344499e-01
1.12552029e-01
7.28655831e-02
-2.37698398e-02
8.08627079e-02
-8.63357045e-02
-6.49072433e-02
-3.56326319e-02
-1.16372050e-01
6.74814380e-02
5.20750137e-02
1.77542132e-01
-1.98880168e-03
-7.41768919e-02
-7.64736268e-02
-1.01268962e-02
-2.45466181e-02
4.85536460e-04
0.00000000e+00
0.00000000e+00
0.00000000e+00
0.00000000e+00
-6.87683138e-02
-2.50425840e-01
-2.79538283e-02
1.75903425e-01
1.89603627e-01
1.17053021e-01
3.02092359e-02
-1.42556438e-02
-1.32251393e-01
-3.01694947e-01
-1.97041976e-01
2.57909717e-01
1.13924770e-01
1.14750685e-03
0.00000000e+00
-2.02837719e-02
-1.78318896e-01
3.47582075e-02
5.72038208e-02
0.00000000e+00
0.00000000e+00
6.86248436e-02
-4.50826537e-04
-1.98614007e-02
6.20422576e-03
2.69649809e-02
-8.64542407e-02
2.53781454e-02
-3.69959432e-02
3.89563750e-02
7.38103767e-04
-1.24752893e-02
2.41588065e-02
2.42167021e-02
-1.09039223e-02
4.38473073e-02
-7.01592571e-02
#MODELS	2	2
86
-1.10703880e+00
-5.62306929e-01
1.03424037e-01
2.97466240e-02
6.57867997e-02
-3.62845341e-02
-1.03112074e-01
-2.63909619e-01
-3.40383108e-01
-1.07749030e+00
1.20431956e-01
6.84526484e-01
5.87217882e-01
5.48239791e-01
6.49077545e-01
5.02398249e-01
3.84586742e-01
2.06805491e-01
-1.70531570e-01
-6.32779755e-01
-1.35016933e+00
-9.30423556e-01
-6.28928434e-01
0.00000000e+00
-8.71616139e-02
-1.47028852e+00
-8.39243265e-01
-8.28434382e-01
-6.21685864e-01
-4.52939587e-01
-1.52607620e-01
-1.25486556e-01
1.29570412e-01
3.51461821e-01
4.72370282e-01
4.69483858e-01
6.44915907e-01
7.17831874e-01
6.85174446e-01
0.00000000e+00
-1.97909551e-01
-5.31389637e-01
-2.25239596e-01
-2.47549304e-01
-1.28235000e-01
2.23284283e-01
-1.10703880e+00
0.00000000e+00
4.10308785e-01
0.00000000e+00
4.29936422e-01
8.48919070e-01
8.58343329e-01
-3.07521730e-02
-5.36592886e-01
-5.36592886e-01
-3.73528663e-02
6.67539443e-02
1.94419566e+00
4.33306908e-01
-3.17817788e-02
2.84027326e-02
3.90411286e-02
3.90411286e-02
2.31682520e-03
-8.73947018e-02
5.73912862e-01
5.68562766e-01
-9.82203696e-02
-3.43224360e-02
-2.86983556e-01
1.67647649e-01
1.44631144e-02
-5.04069595e-02
9.15187615e-01
-1.66070912e-01
-2.27793212e-02
-3.99779706e-02
2.40643914e-01
9.24493436e-02
3.49262832e-02
-3.82300848e-02
-6.41986607e-01
4.09343926e-01
5.08094698e-01
7.17762442e-03
155
-1.83694577e-01
-2.30676283e-01
2.10741139e-01
1.68166727e-01
1.78353542e-01
8.18760009e-02
-3.32550821e-02
-2.15559896e-01
-3.43340724e-01
-1.14029041e-01
-1.73217557e-01
2.04654724e-01
1.18668119e-01
1.48159345e-01
2.53269769e-01
1.30174291e-01
6.87890353e-03
-2.96660277e-02
-1.44387048e-01
-3.19052347e-01
-2.86408140e-01
2.07781798e-02
4.82253164e-04
0.00000000e+00
-1.25898917e-02
-1.98934765e-01
-4.05758877e-01
-6.01240586e-01
-4.65678286e-01
-3.24289526e-01
-3.24308910e-01
-2.56514586e-01
-4.49333460e-02
2.55698333e-01
2.66779122e-01
2.94325991e-01
4.99844666e-01
6.24266052e-01
5.09640031e-01
0.00000000e+00
-3.48733269e-03
-4.66412218e-02
7.65508486e-02
3.20447314e-02
-2.43448714e-01
1.28711115e-03
-1.83694577e-01
0.00000000e+00
1.38091337e-01
0.00000000e+00
-4.88588813e-03
5.28375691e-01
6.95004165e-01
1.44314904e-03
-1.83694577e-01
-1.83694577e-01
5.88172585e-02
7.92741647e-02
4.87189725e-01
5.57086027e-01
4.78496717e-01
5.48951994e-02
-1.83694577e-01
-1.83694577e-01
8.56222631e-02
5.24690774e-02
3.99452473e-01
6.76548714e-01
1.79127690e-01
1.17225283e-02
-1.83694577e-01
-3.67389155e-01
1.40543374e-01
-2.45210889e-03
5.21237671e-01
-1.83547904e-01
1.28647194e-01
-5.14835560e-02
-1.40889566e-01
4.59291087e-02
1.61878112e-02
1.16589624e-02
2.17032610e-01
1.83863553e-01
1.91259055e-01
3.50085372e-03
-1.05803080e-01
-1.51064020e-01
-2.56650016e-02
-3.90783472e-02
-4.82870266e-02
1.26282238e-01
2.22657178e-01
-1.55584614e-02
4.01625628e-03
-2.21011577e-01
-7.62890248e-02
-2.37884270e-02
7.33660146e-04
0.00000000e+00
0.00000000e+00
-1.06744027e-02
-7.53677919e-02
-4.95765357e-01
-4.75261217e-01
-1.68971604e-01
-8.25282835e-02
1.52122906e-01
1.24827846e-01
1.03692877e-01
5.67495208e-02
1.91905303e-01
1.96282414e-01
9.00788206e-02
-4.94527141e-02
8.95060513e-02
0.00000000e+00
-9.54734374e-02
-2.89416440e-01
-3.78733658e-02
1.03666652e-01
-3.37590406e-02
0.00000000e+00
6.98484953e-02
3.96468188e-02
-2.26868203e-02
-4.55834826e-02
1.55617018e-01
1.30845324e-01
1.33923622e-01
-3.48382271e-02
1.75964396e-01
1.66695762e-02
1.23594227e-02
-1.10732388e-01
6.94953791e-02
-5.69569455e-03
4.03518459e-01
-1.45147849e-02
1.72205153e-01
1.07816716e-04
-4.42277202e-03
-1.11884736e-02
1.18799671e-01
-1.95283074e-02
1.27898661e-01
-3.88204858e-02
1.56262215e-01
-8.14035822e-04
-1.70312759e-02
-2.82508360e-03
1.26659700e-01
-3.88364192e-02
8.10549176e-02
-3.51378806e-02
208
-4.59211241e-04
-3.93694862e-02
1.57147917e-01
2.87377787e-01
2.67687556e-01
5.15899125e-02
-7.14425913e-02
-2.44961158e-01
-4.08489149e-01
-6.94872561e-03
-1.06488538e-01
1.62658526e-01
-5.44005476e-02
3.52422493e-02
1.74532286e-01
5.88409581e-02
-6.18458006e-02
-2.04055360e-02
-8.82397165e-02
-8.94340048e-02
-9.03652007e-03
5.00101135e-03
6.51469298e-05
0.00000000e+00
-4.71543850e-03
-6.52342797e-02
-1.27662287e-01
-2.42663226e-01
-1.77661080e-01
-8.01481233e-02
-2.97730403e-01
-2.31671783e-01
-5.69449443e-02
2.33141290e-01
7.10422284e-02
7.49499412e-02
2.70270954e-01
3.56626612e-01
2.77941328e-01
0.00000000e+00
1.80550024e-02
-2.73812119e-02
6.38495916e-02
2.49771738e-02
-8.01974445e-02
2.37677231e-04
-4.59211241e-04
0.00000000e+00
6.74224724e-02
0.00000000e+00
6.25545967e-02
4.69941891e-01
4.79965371e-01
1.31813859e-02
-4.59211241e-04
-4.59211241e-04
4.58759127e-02
2.15465790e-02
2.08858909e-01
4.72021860e-01
4.55716202e-01
5.49105118e-02
-4.59211241e-04
-4.59211241e-04
2.10114348e-02
4.64110326e-02
1.89810662e-01
4.91023082e-01
3.84862320e-01
3.97866217e-02
-4.59211241e-04
-9.18422482e-04
1.22276672e-01
-5.48542094e-02
1.83534950e-01
2.11779221e-02
2.55423133e-01
-1.17847819e-02
-4.59211241e-04
-1.83684496e-03
7.28538315e-02
-5.43139440e-03
1.10951306e-01
1.93933183e-01
2.42591671e-01
3.58832575e-02
-8.87672777e-02
-5.70921053e-02
6.66645668e-02
-3.50632978e-02
-4.69889668e-02
1.21429783e-01
2.72315522e-01
-1.40716966e-01
-3.63839743e-02
-7.79307782e-02
2.10712124e-02
8.51962920e-04
1.51108208e-04
0.00000000e+00
0.00000000e+00
-4.71543850e-03
-3.02194536e-02
-2.10507489e-01
-2.44008633e-01
-2.36370344e-01
-2.19830487e-01
3.13908277e-02
6.54789429e-03
3.48564123e-02
-1.05822331e-02
2.00434072e-01
2.57584036e-01
1.02866111e-01
9.86583673e-02
2.23437147e-01
0.00000000e+00
-2.76963532e-02
-2.38680958e-01
7.66154538e-02
2.04436701e-01
-1.51340553e-02
0.00000000e+00
-4.59211241e-04
-3.67368993e-03
-7.03283037e-02
1.37750783e-01
1.44523240e-01
1.44582707e-01
1.81333935e-01
-4.91250264e-02
-4.59211241e-04
-7.34737985e-03
2.78312209e-01
-2.10889963e-01
1.22965281e-01
1.34873722e-01
4.26087863e-01
-1.30642190e-02
-4.59211241e-04
-1.46947597e-02
-4.41138220e-02
1.11536235e-01
1.47919011e-01
3.82036572e-02
1.95951987e-01
-4.61851694e-02
2.44945482e-02
-2.33525053e-04
-2.15516158e-02
2.24296846e-02
1.64902913e-01
-2.38308045e-02
3.80894298e-02
-7.08671683e-02
-2.84539900e-02
7.07472702e-02
-1.22702153e-01
9.38957062e-02
5.90760359e-02
-4.53285232e-02
-5.49570863e-02
6.36428759e-03
7.61154928e-04
0.00000000e+00
0.00000000e+00
0.00000000e+00
0.00000000e+00
0.00000000e+00
0.00000000e+00
-3.27748448e-03
-2.97873465e-02
-6.85501071e-02
-1.81857163e-01
-1.11577166e-01
1.15276221e-02
-3.60276777e-02
7.52947131e-02
9.07455242e-03
5.85647732e-02
4.14649812e-02
1.77440515e-01
1.15524782e-01
-6.26201805e-05
-7.83496726e-02
0.00000000e+00
-5.37249256e-02
-1.00579245e-02
1.17152260e-01
-7.39667079e-02
0.00000000e+00
0.00000000e+00
7.01037686e-02
-8.66910710e-04
-4.60097248e-02
7.47353905e-03
1.08702805e-01
1.29041723e-02
8.69881876e-02
-6.66680041e-02
7.83073377e-02
-2.01031530e-03
-4.01500463e-02
-1.41926169e-02
9.62126254e-02
1.47722986e-03
3.20757133e-02
-4.80302886e-02
#MODELS	2	3
86
-1.85970061e+00
-7.99508609e-01
1.83394698e-01
-2.27264902e-02
-1.08711190e-01
-2.14538539e-01
-2.67412827e-01
-3.34357418e-01
-2.95840237e-01
-4.27064928e-01
-6.66489463e-01
-8.85537575e-02
4.14398443e-01
5.69904188e-01
5.52803271e-01
4.55260118e-01
3.62157681e-01
-9.67250301e-02
-2.09012539e-01
-1.35061384e-01
-9.00999018e-01
-1.69031819e+00
0.00000000e+00
-3.47620618e-02
-1.15064217e-01
-3.46157465e-01
-1.34512561e+00
-3.04016718e+00
-2.77219978e-01
-6.67299415e-01
-8.78152146e-02
-3.21749492e-02
2.94463539e-01
3.28391807e-01
5.39854329e-01
6.43723569e-01
6.08234915e-01
8.06370629e-01
8.65046690e-01
0.00000000e+00
-3.46729694e-01
-3.63295677e-01
-1.02776294e-01
-3.07146914e-01
-7.39752033e-01
0.00000000e+00
-1.85970061e+00
0.00000000e+00
2.96970040e-01
0.00000000e+00
1.83894439e+00
8.16589330e-01
1.35167437e+00
-8.93688394e-03
-1.22784830e-01
-1.22784830e-01
-2.73831842e-02
4.72238155e-02
1.16490755e+00
4.99285937e-01
-1.29138322e-01
-1.54532104e-02
4.08062470e-02
4.08062470e-02
-1.45395091e-02
-4.21730098e-02
6.78059703e-02
5.16620322e-01
2.09069151e-01
-5.62164756e-05
-3.98480135e-01
1.10509393e-01
1.33236901e-02
9.77299409e-02
5.32886055e-01
1.45161013e-02
2.01363627e-01
-2.42445206e-03
1.05079571e-01
7.84718139e-02
2.34640395e-02
-5.02901809e-02
-1.32614783e-01
2.71997528e-01
2.11336458e-02
8.60658174e-03
155
-3.13068870e-01
-5.58690018e-01
4.16571959e-01
2.19794364e-01
1.83293924e-01
-7.66196418e-03
-7.40423124e-02
-2.37785850e-01
-2.54548973e-01
-2.61347099e-01
-1.95934685e-01
-9.89453767e-02
2.13143524e-01
2.87541881e-01
2.43137627e-01
1.15432476e-01
4.08808584e-02
-4.50766173e-01
-5.30666236e-02
2.90586364e-01
-4.01003991e-01
-4.27276528e-02
0.00000000e+00
-8.60750814e-03
-1.81035102e-02
-6.42474914e-02
-1.75374941e-01
-1.02692275e+00
-2.20087504e-01
-3.92613588e-01
-2.09311578e-01
-2.02425231e-01
1.31739272e-01
1.37865489e-01
3.23712626e-01
3.46203962e-01
2.73315831e-01
3.34540800e-01
4.57247250e-01
0.00000000e+00
-2.71114022e-02
-2.14464773e-02
8.73367627e-02
7.35806796e-02
-4.25428433e-01
0.00000000e+00
-3.13068870e-01
0.00000000e+00
1.26124359e-01
0.00000000e+00
3.67497508e-01
5.56006537e-01
9.99003402e-01
7.99346987e-03
-3.13068870e-01
-3.13068870e-01
1.21494006e-01
4.63033765e-03
3.98257621e-01
5.79873393e-01
2.26919661e-01
1.03804158e-02
-3.13068870e-01
-3.13068870e-01
9.68701798e-02
2.92541111e-02
4.75113226e-01
8.44190108e-01
3.09980825e-01
1.83049958e-02
-3.13068870e-01
-6.26137740e-01
2.53903149e-02
1.00733639e-01
7.70653929e-01
5.18885774e-02
5.74017584e-01
1.56185379e-02
-2.40607765e-01
3.10402576e-02
-3.32995364e-03
6.52192575e-02
4.05509243e-01
-1.02506071e-01
1.07444275e-01
-1.50325706e-03
-2.74372069e-01
-1.31385058e-01
-2.68517281e-02
1.24507721e-01
9.52696611e-02
1.92840844e-01
-4.61155329e-02
2.41911116e-01
-4.41445973e-01
-4.52162139e-01
7.31849861e-02
4.21231391e-03
0.00000000e+00
0.00000000e+00
0.00000000e+00
-7.17067737e-03
6.37945140e-02
-1.85444156e-01
-3.07571252e-01
-1.04588835e+00
-4.89355322e-01
2.77270597e-02
-2.70843283e-02
1.98928454e-02
5.85354566e-02
2.88685596e-01
1.82505026e-01
2.52942265e-01
2.94579032e-01
2.33446436e-01
0.00000000e+00
-2.22130548e-01
2.03787370e-02
-5.62531304e-02
-4.00933918e-01
1.85330022e-02
0.00000000e+00
2.36575531e-02
4.73480533e-02
-6.95839314e-03
-1.31166046e-01
4.62313230e-02
2.81885734e-02
4.28776953e-01
-4.69917737e-03
4.63383926e-02
1.74197851e-02
2.54739825e-03
-7.38480839e-02
2.17755136e-01
-3.88382125e-02
-6.29305016e-02
-1.51425108e-02
1.02029700e-01
3.08312645e-03
2.95753987e-03
-2.26652230e-02
1.27584179e-01
-6.96510168e-02
2.58115143e-02
-2.15008179e-02
2.29651870e-02
1.15127248e-03
-1.06229665e-02
-4.57577345e-03
6.54707296e-02
-1.44767989e-01
1.44721196e-02
-1.51271708e-02
208
-1.60142531e-03
-1.70486972e-01
2.40943020e-01
2.14732289e-01
1.95168051e-01
2.27611501e-02
-1.24533498e-02
-1.87516808e-01
-3.04748805e-01
-4.33894462e-02
-8.87676768e-02
-9.14706532e-02
1.04493928e-01
1.51738244e-01
1.28426161e-01
7.71431486e-02
7.38671021e-02
-3.39882453e-01
-2.39362091e-03
8.04767964e-02
-5.91731661e-02
7.33021051e-03
0.00000000e+00
-2.22615600e-03
-3.73345382e-03
-1.66049792e-02
-2.90679492e-02
-2.89135864e-01
-1.73298512e-01
-2.70863738e-01
-1.08883682e-01
-1.92305043e-01
9.42811126e-02
9.20729891e-02
2.42041783e-01
1.56364310e-01
3.82743022e-02
1.22410996e-01
3.39072458e-01
0.00000000e+00
-2.13361130e-02
-7.27952979e-02
3.53292658e-02
1.37653023e-01
-8.04523037e-02
0.00000000e+00
-1.60142531e-03
0.00000000e+00
4.67549163e-02
0.00000000e+00
2.15072443e-01
4.69796232e-01
5.53891168e-01
-9.04706251e-03
-1.60142531e-03
-1.60142531e-03
9.18705661e-02
-4.51156489e-02
1.99014779e-01
4.33632010e-01
3.62750156e-01
2.05772937e-02
-1.60142531e-03
-1.60142531e-03
4.72622379e-02
-5.07336754e-04
2.49184985e-01
5.14800605e-01
4.15480752e-01
2.46976692e-02
-1.60142531e-03
-3.20285061e-03
3.63363790e-02
1.04184578e-02
3.13351448e-01
2.10427805e-01
5.12244608e-01
1.78820349e-02
-1.60142531e-03
-6.40570123e-03
-5.33014103e-02
1.00056284e-01
1.86406155e-01
1.14006468e-01
2.46210143e-01
2.46978915e-02
-2.33591550e-01
-1.29235426e-02
6.26472942e-02
2.37438336e-01
1.41798734e-01
1.58916534e-01
-8.72768315e-02
-9.80467756e-04
-1.56396864e-01
-1.34860294e-01
2.15921829e-02
2.03504387e-03
0.00000000e+00
0.00000000e+00
0.00000000e+00
-2.22615600e-03
1.01389912e-02
-4.52303774e-02
-1.51549030e-01
-4.70007880e-01
-4.52776884e-01
-1.16450402e-01
-5.65188947e-02
-4.15633746e-02
3.19582619e-02
2.72001180e-01
1.56538560e-01
2.74065716e-01
3.07787019e-01
2.82231845e-01
0.00000000e+00
-8.81984921e-02
1.55413135e-01
1.96468256e-01
-2.69935983e-01
4.65165793e-03
0.00000000e+00
-1.60142531e-03
-1.28114025e-02
1.22826972e-01
-7.60721011e-02
1.65949233e-01
1.74899546e-01
4.66358677e-01
-8.25337640e-03
-1.60142531e-03
-2.56228049e-02
8.41214018e-02
-3.73664011e-02
2.33377834e-01
2.98561069e-02
1.13273758e-01
-5.31175245e-03
-1.60142531e-03
-5.12456098e-02
4.52997062e-02
1.45531234e-03
1.81641527e-01
-1.01709878e-03
2.01391476e-01
1.29673439e-03
1.53342014e-03
-1.41189188e-03
-1.07240021e-02
5.09809789e-02
1.73324297e-01
4.96054431e-04
1.44009954e-01
-2.96251472e-02
-4.95395622e-02
-6.40633641e-02
1.48423321e-01
2.99875834e-03
-5.48532421e-02
-2.54304251e-02
-1.40608724e-02
6.33244393e-03
1.01183880e-03
0.00000000e+00
0.00000000e+00
0.00000000e+00
0.00000000e+00
0.00000000e+00
0.00000000e+00
-1.56196546e-03
9.41875264e-03
-1.03412554e-02
-1.46157389e-01
-2.51915518e-01
-2.03843140e-01
-2.05491021e-02
3.21064499e-03
6.24537685e-04
8.71030319e-02
-2.69963279e-02
2.76921364e-01
2.29764494e-01
8.35535594e-02
-7.84127902e-02
0.00000000e+00
-9.65470922e-02
4.57044400e-02
3.70241517e-02
-3.53626036e-02
0.00000000e+00
0.00000000e+00
-3.11509560e-03
-4.75893969e-04
-2.03185740e-02
2.17320758e-02
9.82716797e-02
-2.54536801e-02
3.33016553e-03
-3.49918881e-02
1.53232448e-02
-1.86315808e-03
-2.67499114e-02
7.91245836e-03
3.42616669e-02
-1.45979699e-02
-1.43621320e-02
-3.22573813e-02
#MODELS	2	4
86
-1.76551826e+00
1.87851307e-02
-3.25203535e-01
-2.06041681e-01
-1.02715516e-01
-1.89320037e-01
-1.71843688e-01
-3.99424301e-01
-3.89754633e-01
-3.62036081e-01
-1.76782190e-01
-2.56055789e-01
2.53416861e-01
4.34041846e-01
5.25977720e-01
3.95380282e-01
1.66431037e-01
6.76464236e-02
-3.58504466e-01
-5.90740055e-01
-3.74326696e-01
-1.02852172e+00
-4.61445434e-01
-9.21535446e-03
-3.76137030e-01
-8.82254807e-01
-1.76901489e+00
-2.13829026e+00
-9.86693239e-01
-4.33141004e-01
-2.71071480e-01
1.92344639e-01
3.13783946e-01
5.36934733e-01
6.12121868e-01
8.03541596e-01
8.70521615e-01
9.37542545e-01
9.09701286e-01
-7.61924157e-02
-1.65478768e+00
-3.43907962e-01
1.17986161e-01
8.13252396e-02
3.38659801e-02
0.00000000e+00
-1.76551826e+00
0.00000000e+00
3.42405099e-01
0.00000000e+00
1.29270180e+00
1.30368284e+00
3.41152494e-01
-1.81733320e-02
-1.45362703e-01
-1.45362703e-01
-7.22960744e-02
4.05763537e-02
1.06416709e+00
7.08792545e-01
3.50254919e-01
-3.57635101e-02
-1.05402948e-02
-1.05402948e-02
-2.19251859e-02
9.32152397e-02
-3.77650283e-01
2.89771544e-01
6.81424459e-01
2.91959930e-02
-4.63814548e-01
1.51442914e-01
-2.88522448e-02
-1.86958925e-02
8.75825779e-01
-6.71245221e-02
1.57610747e-01
-1.43719531e-02
8.31847001e-02
8.86608021e-02
2.24700245e-02
-6.61857215e-02
-4.79759713e-01
4.07336229e-01
1.20789374e-01
3.64239590e-02
155
-3.30630603e-01
1.57509219e-01
7.51708409e-02
-1.36434913e-02
1.02179772e-01
-1.60024617e-02
-4.15013480e-02
-2.94622579e-01
-2.99720555e-01
-2.83995000e-01
-2.96875972e-01
-1.46222986e-01
2.74927166e-01
2.73502343e-01
3.44099782e-01
2.07330506e-01
-3.20420809e-02
2.05123345e-01
-2.94779441e-01
-4.64130876e-01
-1.22623150e-01
8.66060589e-02
-8.15502996e-02
-3.47561608e-03
-6.04148480e-02
-1.72594656e-01
-4.83145739e-01
-9.99332448e-01
-8.75399540e-01
-4.27229366e-01
-2.72686325e-01
6.25321363e-02
1.79728786e-01
2.97256914e-01
3.73354132e-01
4.24515902e-01
4.78884285e-01
5.60410896e-01
6.06864786e-01
-1.98999013e-02
-5.13873568e-01
-3.44389247e-02
1.65640309e-01
4.81586003e-02
3.88298099e-03
0.00000000e+00
-3.30630603e-01
0.00000000e+00
1.15834257e-01
0.00000000e+00
2.26896522e-01
5.69568840e-01
3.14890880e-01
-5.17680948e-02
-3.30630603e-01
-3.30630603e-01
1.10109124e-01
5.72505919e-03
5.26405368e-01
9.10111155e-01
2.97023609e-01
-2.05493492e-02
-3.30630603e-01
-3.30630603e-01
-1.19758793e-03
1.17031751e-01
6.04267827e-01
5.89769820e-01
6.93066498e-01
6.79437664e-02
-3.30630603e-01
-6.61261206e-01
4.06748430e-02
7.51593402e-02
7.47834854e-01
1.29664168e-01
5.12706487e-01
2.46170820e-03
-3.43273435e-01
2.80995406e-02
-3.36116681e-03
-1.92845787e-02
2.64679550e-01
2.06062575e-01
4.56950518e-01
3.03139845e-02
-6.69569002e-02
1.09099743e-01
-6.50032439e-02
-4.18579741e-03
3.70780713e-02
1.48811404e-01
-1.82409558e-02
1.02889886e-01
-3.27692944e-01
-3.04123331e-01
-2.72323032e-01
-1.50852036e-02
2.61816803e-03
0.00000000e+00
-2.61642666e-03
-4.75156642e-02
-1.07270572e-01
-5.12824906e-01
-4.74512524e-01
-1.88511305e-01
-2.55532044e-01
-1.29461982e-01
8.39248344e-03
-1.00076782e-01
1.23650481e-01
2.25659654e-01
1.39253291e-01
2.58735286e-01
2.64282821e-01
1.41984331e-01
-1.67502776e-02
-4.36999638e-01
3.94947504e-02
-3.25913668e-03
-3.10313838e-01
3.79637262e-02
0.00000000e+00
-2.20083385e-01
4.23680059e-02
3.31136790e-02
-1.30054239e-01
1.91566571e-01
2.42685972e-01
3.30081947e-01
3.51953935e-02
2.03127622e-01
1.54336649e-02
2.51786823e-02
-5.63221380e-02
7.59341739e-02
2.26877733e-01
-1.82237987e-02
-1.99820198e-02
-1.27149741e-01
7.74658788e-03
1.83162825e-02
-3.59163878e-02
-1.76762002e-01
7.60175528e-02
2.66795770e-01
4.00641766e-02
-1.04525518e-01
8.48058849e-04
8.39296516e-03
1.11396437e-02
-1.42136049e-01
-6.94936229e-02
1.89035819e-01
1.31161848e-02
208
-2.71376312e-03
3.60703356e-02
1.09930938e-01
1.11832263e-01
1.95989403e-01
4.42619547e-02
-1.85273609e-02
-2.21685250e-01
-2.60586046e-01
-9.00092448e-02
-2.80981841e-01
-1.25590020e-01
2.84570189e-01
1.73209844e-01
2.03876580e-01
9.44473921e-02
-5.00535773e-02
3.15066560e-01
-2.51842207e-01
-2.53807162e-01
-1.41039375e-02
1.41552512e-02
-2.16515902e-02
-1.27700800e-03
-1.53664695e-02
-4.59369001e-02
-1.38262675e-01
-3.95372329e-01
-4.63118861e-01
-2.19223147e-01
-2.08403377e-01
2.37825854e-02
1.81352577e-01
1.38262220e-01
1.71090008e-01
9.04492392e-02
1.98625517e-01
2.89680638e-01
3.96613170e-01
-5.60895059e-03
-1.91650654e-01
1.06710704e-01
1.63925287e-01
-6.90952207e-02
-1.26038797e-02
0.00000000e+00
-2.71376312e-03
0.00000000e+00
3.50038483e-02
0.00000000e+00
2.05264744e-01
4.49462942e-01
4.55072427e-01
-5.83845944e-02
-2.71376312e-03
-2.71376312e-03
9.27985888e-02
-5.77947516e-02
2.67417730e-01
6.30552949e-01
4.08751400e-01
3.19658827e-03
-2.71376312e-03
-2.71376312e-03
-4.62565441e-02
8.12603802e-02
3.23694042e-01
5.16866570e-01
5.89573567e-01
6.43060555e-02
-2.71376312e-03
-5.42752625e-03
-2.69285392e-02
6.19323883e-02
3.32717607e-01
3.73677634e-01
5.83836842e-01
-3.03444931e-02
-2.71376312e-03
-1.08550525e-02
6.26516813e-04
3.43773680e-02
2.48763524e-01
3.52578017e-01
5.16761334e-01
6.80679149e-03
-2.37851340e-01
8.25084753e-02
-2.48614271e-02
1.24550914e-01
1.52129194e-01
2.58979059e-01
4.89441624e-02
1.44769514e-01
-3.57526892e-01
-1.36500192e-01
-4.25661585e-02
-1.55968526e-02
3.07781190e-04
0.00000000e+00
-1.24121572e-03
-1.35591426e-02
-3.58921771e-02
-1.94628093e-01
-3.39338213e-01
-3.10285662e-01
-3.74132756e-01
-1.80682901e-01
-4.79548215e-02
-1.14296335e-01
1.20385540e-01
2.72058533e-01
1.87158131e-01
3.54245779e-01
3.52165490e-01
3.28893032e-01
-5.60895059e-03
-2.49648673e-01
2.33630692e-01
1.95175571e-01
-1.87347653e-01
5.47629977e-03
0.00000000e+00
-2.71376312e-03
-2.17101050e-02
1.18189075e-01
-8.31852371e-02
3.46810754e-01
2.89962226e-01
4.41761298e-01
6.02585267e-02
-2.71376312e-03
-4.34202100e-02
2.12104452e-01
-1.77100557e-01
2.52209489e-01
1.83928900e-01
1.91566110e-01
-3.23971914e-02
-2.71376312e-03
-8.68404200e-02
-8.86055430e-02
1.23609679e-01
2.64247797e-01
8.59589762e-02
3.56258055e-01
4.20019579e-02
-1.02686747e-01
-1.52079538e-04
3.97177905e-02
-5.25261408e-03
2.02316253e-01
1.03882401e-01
2.83601617e-01
7.53933126e-02
4.53698922e-03
-3.53614785e-02
3.62616923e-02
3.60856529e-02
-1.19068852e-01
8.64922362e-02
-5.23617381e-02
-4.98757132e-02
-1.71491088e-02
1.43432322e-03
0.00000000e+00
0.00000000e+00
0.00000000e+00
0.00000000e+00
0.00000000e+00
-6.18899080e-03
-3.21102252e-02
-9.58993514e-02
-8.94573029e-02
-2.01409295e-01
-4.04348565e-01
-1.80765983e-02
1.43915290e-01
-9.87480983e-02
1.10384108e-01
1.62338192e-01
2.97321589e-01
8.02887478e-02
1.50927093e-01
-1.04109334e-01
-3.83325541e-03
-2.09136296e-01
2.83484599e-02
-9.51891310e-03
8.13007522e-02
0.00000000e+00
0.00000000e+00
-7.43549298e-02
4.46842984e-04
6.31310734e-03
2.13506676e-02
2.36815724e-02
-2.98387416e-02
7.01112778e-02
-5.86497906e-03
-2.34592714e-02
7.89228285e-04
-1.75229782e-02
3.73267642e-03
2.84490013e-02
-1.47968768e-02
3.36716537e-02
-2.90871368e-02
#MODELS	2	5
86
-2.85477433e+00
-4.72176676e-01
-4.33390715e-01
-5.81109144e-01
-3.86581736e-01
-3.82972864e-01
-7.88593485e-02
-2.81060221e-01
-2.38623623e-01
0.00000000e+00
0.00000000e+00
0.00000000e+00
0.00000000e+00
-5.56168678e-02
-8.80705148e-01
-6.09159292e-01
-3.51204914e-01
-1.32740180e-01
9.78947969e-02
1.35958456e-01
-7.16541039e-02
-3.08776448e-01
-6.78770626e-01
-1.17679329e-02
-2.49981717e-01
-1.68270795e+00
-2.07989446e+00
-8.82958896e-01
-4.95006638e-01
-1.00926118e-01
2.25990107e-01
2.66211527e-01
4.42595273e-01
2.89072748e-01
5.03972117e-01
3.60196072e-01
2.29576405e-01
1.90894327e-01
1.39960801e-01
-1.53642247e-01
-6.71881630e-01
-6.55077627e-01
-5.25482983e-01
-8.48689840e-01
0.00000000e+00
0.00000000e+00
-2.85477433e+00
0.00000000e+00
5.25125168e-01
0.00000000e+00
2.74735156e+00
1.88962866e+00
9.11961374e-01
1.00193929e-02
-6.93246148e-02
-6.93246148e-02
-8.71750878e-02
-2.35581533e-01
1.08967162e+00
3.38314296e-01
8.25906822e-01
9.21531522e-03
-2.28171695e-02
-2.28171695e-02
-3.89617409e-02
3.20576645e-02
1.81509964e-01
1.72492681e-01
6.08193226e-01
1.66752473e-02
-2.21695413e-01
1.17087826e-01
-1.47094175e-02
-3.29875913e-02
-1.09582452e-01
9.75185002e-01
1.60742492e-01
5.63635215e-02
4.56175735e-03
7.61331877e-02
4.94390466e-02
-1.05236905e-01
-2.80786312e-01
2.62653722e-01
1.47900113e-01
8.90744294e-03
155
-5.50824588e-01
-2.79030338e-01
-3.18137425e-01
-2.86425569e-01
-1.12206189e-01
-2.59728532e-02
2.11085589e-01
7.72013316e-02
1.82660867e-01
0.00000000e+00
0.00000000e+00
0.00000000e+00
0.00000000e+00
-3.77609538e-03
-8.44201580e-02
-1.96447398e-01
-2.36775539e-01
2.32795942e-02
3.61598260e-02
1.30051345e-01
6.03216527e-02
-4.49452281e-02
-2.34272587e-01
-1.25524059e-03
-2.13517983e-02
-2.22627620e-01
-4.69680747e-01
-6.25068779e-01
-4.34825729e-01
-1.96447573e-01
-4.90840776e-02
8.91002576e-02
2.26340653e-01
5.56501597e-02
3.57636277e-01
2.64669973e-01
1.28579463e-01
1.76206941e-01
1.71333252e-01
-1.84066692e-02
-3.28342387e-01
-6.09626378e-02
2.91494435e-02
-1.72262337e-01
0.00000000e+00
0.00000000e+00
-5.50824588e-01
0.00000000e+00
1.56654675e-01
0.00000000e+00
5.64017627e-01
1.15025828e+00
9.25892384e-01
-7.57944138e-03
-5.50824588e-01
-5.50824588e-01
1.43677857e-01
1.29767952e-02
6.53550141e-01
3.30254326e-03
8.77928532e-01
-2.76624858e-03
-5.50824588e-01
-5.50824588e-01
1.09476988e-01
4.71776886e-02
7.14345538e-01
4.59223264e-02
5.53669454e-01
9.21906991e-03
-5.50824588e-01
-1.10164918e+00
4.74995319e-02
1.09155123e-01
5.83770545e-01
8.62391488e-01
3.10721899e-01
1.27789901e-01
-4.46337957e-01
5.96634593e-02
3.00415183e-02
-5.72379423e-02
3.14683366e-01
1.84840304e-01
4.58092806e-01
1.28098533e-02
0.00000000e+00
0.00000000e+00
0.00000000e+00
-8.05640236e-04
-2.63629895e-02
-2.96540963e-01
-6.40015924e-02
1.84727692e-02
1.72589012e-01
1.83639164e-01
-1.71915386e-01
-3.32306329e-01
2.65868905e-02
0.00000000e+00
0.00000000e+00
-2.34052003e-02
-1.78231370e-01
-5.22422742e-01
-3.41040165e-01
-8.31178370e-02
1.17490524e-01
3.05217322e-02
9.56160685e-02
1.37106883e-01
1.73323451e-01
-3.01066281e-02
8.81612823e-02
1.28449221e-01
2.79510692e-02
-1.10941351e-01
-1.79992863e-02
-4.26146712e-01
-1.03662448e-01
-9.99478269e-02
1.57111209e-01
0.00000000e+00
0.00000000e+00
-1.61102938e-01
2.18702946e-02
3.30915134e-03
-1.22868768e-01
1.80066142e-01
-2.08212483e-01
4.32809102e-01
3.41540828e-02
-1.47695656e-01
1.62929800e-02
6.17631060e-02
-6.91755623e-02
2.20927793e-02
-2.53555914e-01
2.94201310e-02
2.70554497e-02
-9.96146162e-02
4.03390201e-03
-2.74936386e-02
-8.22996638e-02
8.36600928e-02
-1.15386900e-01
6.68728105e-02
4.74848990e-02
-9.70186482e-02
1.00353899e-03
8.77876891e-03
-6.78050209e-02
-2.18760260e-03
-1.13877514e-01
7.94081567e-02
5.50198902e-02
208
-4.72240590e-03
-1.43184113e-01
-2.45362026e-01
-2.66885830e-01
-2.45434393e-02
7.33729106e-02
2.59264533e-01
1.20072685e-01
2.22542874e-01
0.00000000e+00
0.00000000e+00
0.00000000e+00
0.00000000e+00
-8.54654617e-04
-2.32064725e-02
8.40314365e-03
-7.76272594e-02
8.09986116e-02
-9.98045590e-03
6.64057573e-02
9.88339954e-02
-1.02386090e-01
-4.53089814e-02
-4.06900583e-04
-7.91931876e-03
-7.13077111e-02
-1.87329211e-01
-2.64041059e-01
-1.89022250e-01
-8.69942594e-02
-2.65103968e-02
1.00445293e-01
1.12434037e-01
-1.36250577e-01
2.40095643e-01
1.74089362e-01
1.60228261e-01
6.60299903e-02
1.11736692e-01
-5.48993530e-03
-1.91682319e-01
-1.79626397e-02
9.97089068e-02
1.10703582e-01
0.00000000e+00
0.00000000e+00
-4.72240590e-03
0.00000000e+00
7.07361432e-02
0.00000000e+00
3.95406558e-01
6.25120216e-01
7.19786417e-01
-6.19110300e-03
-4.72240590e-03
-4.72240590e-03
6.89509275e-02
1.78520983e-03
4.18990851e-01
2.55943417e-01
7.68811140e-01
-1.13732836e-02
-4.72240590e-03
-4.72240590e-03
5.40008304e-02
1.67353096e-02
4.40415838e-01
2.93919490e-01
6.28191420e-01
1.07452449e-02
-4.72240590e-03
-9.44481180e-03
1.27906377e-02
5.79454970e-02
3.79013772e-01
4.64797553e-01
5.23687695e-01
1.40469648e-01
-4.72240590e-03
-1.88896236e-02
7.21877226e-03
6.35173565e-02
3.05382269e-01
1.64314643e-01
5.37446237e-01
-5.91141499e-03
0.00000000e+00
0.00000000e+00
0.00000000e+00
-2.03475985e-04
-8.97878379e-03
-9.60355929e-02
-4.96204162e-02
-3.99354081e-02
2.38289932e-01
2.18365949e-01
-9.35847022e-02
-1.71845453e-01
-1.17445597e-03
0.00000000e+00
0.00000000e+00
-1.06131229e-02
-7.87972464e-02
-2.70946429e-01
-2.81089593e-01
-1.87856637e-01
1.12329532e-01
-4.84252705e-02
7.42004963e-02
1.07470439e-01
2.05312412e-01
-2.92908621e-02
1.21609210e-01
2.03058074e-01
4.67265411e-02
3.15900517e-02
-8.51536074e-03
-3.12934348e-01
2.58199230e-02
4.53306021e-02
2.45576778e-01
0.00000000e+00
0.00000000e+00
-4.72240590e-03
-3.77792472e-02
1.04436465e-01
-3.37003162e-02
3.38373913e-01
8.15404400e-02
5.38307281e-01
6.53628439e-02
-4.72240590e-03
-7.55584944e-02
1.54590485e-01
-8.38542948e-02
3.09196040e-01
-1.41388683e-03
3.19731137e-01
4.08633601e-02
-4.72240590e-03
-1.51116989e-01
2.07661981e-02
4.99700026e-02
3.32276848e-01
-7.71221858e-03
2.44783654e-01
5.14519875e-02
-2.64960540e-02
3.05057272e-03
4.04800887e-02
-5.68661914e-02
2.75191239e-01
1.09536490e-05
1.96332921e-01
-1.04014637e-02
0.00000000e+00
0.00000000e+00
-1.89972892e-03
-1.00378483e-01
-3.11262964e-02
-4.79578450e-02
2.32377078e-02
8.68360802e-02
-1.30830035e-01
-2.05248214e-02
3.27818001e-03
0.00000000e+00
0.00000000e+00
0.00000000e+00
0.00000000e+00
-6.24737937e-03
-5.54500653e-02
-1.54156833e-01
-1.74313974e-01
-6.28508836e-02
-1.04174760e-01
-1.86540318e-02
1.05833773e-02
1.22219936e-01
1.82380613e-01
-1.62403095e-03
-1.80262029e-02
-4.29325722e-02
5.30223017e-03
9.85793345e-02
-9.97083053e-03
-2.31034110e-01
1.09841167e-01
-1.29121747e-01
4.09202787e-02
0.00000000e+00
0.00000000e+00
-8.78607819e-02
9.61793088e-04
-1.90777065e-02
-6.00498680e-02
1.01868400e-01
-3.12972305e-02
-8.07970574e-03
2.65089801e-02
-2.80631390e-02
-2.51664301e-03
-1.33095860e-02
4.29522139e-02
5.92736511e-02
-2.39842369e-02
-8.85479937e-03
-3.48621023e-02
#MODELS	3	0
86
-1.88537383e+00
-6.95785231e-01
5.33779459e-02
-1.92449070e-01
-9.97869631e-02
-2.21631061e-01
-1.99628851e-01
-2.44435934e-01
-2.85034667e-01
0.00000000e+00
-1.01547771e-02
-1.53711395e-01
-1.47935823e+00
2.00410410e-01
-2.05553598e-01
6.30235776e-02
1.80149287e-01
2.49012563e-01
1.41015818e-01
-8.84335884e-02
-2.22929905e-01
-2.01323024e-01
-3.57520972e-01
-1.20615373e-01
-4.02561981e-01
-5.80499409e-01
-2.52712269e+00
-1.33388070e+00
-4.11240385e-01
-2.57785698e-01
4.66305840e-02
1.01232846e-01
2.61685420e-01
3.08674214e-01
4.93294926e-01
5.51657327e-01
6.76695817e-01
6.94603839e-01
7.09494052e-01
-9.56366135e-02
-1.76054597e+00
-1.81169559e-01
2.82306035e-01
-3.97906058e-01
1.71941723e-01
0.00000000e+00
-1.88537383e+00
0.00000000e+00
4.82356630e-01
0.00000000e+00
-8.65512838e-02
2.60003661e+00
8.09321927e-01
-9.91012800e-02
4.68908447e-02
4.68908447e-02
-6.92386318e-02
-8.58664575e-02
5.97469538e-01
9.70708239e-01
5.30076781e-01
-2.51699919e-02
4.46412313e-01
4.46412313e-01
1.62362404e-02
1.70254839e-02
-1.37355137e+00
6.19743689e-01
4.76062025e-01
-2.26183002e-02
1.79212567e-01
1.09359357e-01
4.06838666e-03
-4.34251695e-02
-2.33070404e-01
9.15385742e-01
3.87438925e-02
-1.67623362e-02
-5.22412606e-03
4.49208516e-02
-1.60329758e-02
-5.65933087e-02
9.20853079e-02
2.80414114e-01
2.84135727e-01
-1.23802437e-03
155
-2.50875808e-01
-7.84770484e-01
1.87049864e-01
1.73923548e-01
1.66454444e-01
-8.77836159e-03
6.05858280e-02
-3.28604755e-02
-1.24801704e-02
0.00000000e+00
-1.37936670e-03
-1.80165812e-02
-1.25951467e-01
-2.26351552e-01
-2.07633667e-01
1.37809068e-03
5.45792085e-02
1.60760125e-01
1.76384319e-01
-9.14619572e-04
-4.50501038e-02
7.85518029e-02
-9.72319969e-02
-1.94196863e-02
-5.65209959e-02
-1.54040609e-01
-5.45845045e-01
-8.00381383e-01
-4.25812126e-01
-2.83640639e-01
-1.35520629e-01
-3.14298052e-02
3.55133861e-02
1.51656165e-01
2.51104087e-01
3.37565569e-01
4.14390697e-01
4.99612844e-01
5.27659795e-01
-1.57674318e-02
-3.43902757e-01
-2.62641447e-02
2.94907617e-01
-2.62439956e-01
8.68234335e-02
0.00000000e+00
-2.50875808e-01
0.00000000e+00
1.47226375e-01
0.00000000e+00
7.41575954e-03
2.02015392e+00
6.98071900e-01
1.89947776e-03
-2.50875808e-01
-2.50875808e-01
1.38763613e-01
8.46276756e-03
-2.10724154e-03
8.83812170e-01
5.61568461e-01
-3.93258039e-02
-2.50875808e-01
-2.50875808e-01
5.10112788e-02
9.62150017e-02
-3.88948645e-01
6.27606051e-01
2.30091500e-01
-3.66212234e-02
-2.50875808e-01
-5.01751615e-01
1.05474508e-01
4.17518680e-02
-2.45680651e-01
7.41160156e-01
7.00746668e-02
-3.99778142e-02
-5.83902533e-02
-4.03663796e-02
-6.93509149e-02
1.04036069e-01
1.84741026e-01
8.74250718e-01
4.52326003e-01
-4.29355487e-03
0.00000000e+00
-6.83820855e-03
-1.35784734e-01
5.92977219e-02
-7.43689943e-03
-9.45714035e-02
-1.13470850e-01
-6.59124842e-02
-1.95364754e-01
-1.09860438e-01
2.24367132e-02
-2.68638712e-01
5.74558327e-02
0.00000000e+00
-1.63628967e-02
-1.96676131e-02
-1.18776754e-01
-4.38280141e-01
-5.25920920e-01
-1.44527435e-01
-9.54652730e-02
1.97378301e-01
1.40975607e-01
7.73355063e-02
1.80314539e-01
1.08567539e-01
-3.23773797e-02
7.43503379e-02
-5.86050306e-02
-1.74285683e-01
-1.33409208e-02
-4.20727034e-01
1.79483411e-01
3.47785514e-01
-9.65230108e-01
0.00000000e+00
0.00000000e+00
9.08114110e-02
1.86655612e-02
1.47209333e-02
-1.26993141e-01
1.59299675e-03
2.72680674e-01
3.09488462e-01
-7.71759355e-03
1.26657443e-01
5.77255506e-03
6.46364212e-04
-3.42039798e-02
-2.16333873e-01
2.57167920e-01
4.50228936e-01
4.01616225e-03
3.84636763e-01
6.06359372e-03
3.00689705e-02
-9.53240511e-02
5.56326262e-02
6.62262779e-02
2.81999971e-01
-3.88050875e-02
3.88889449e-01
2.58840886e-03
2.28763026e-02
-5.32953686e-02
1.02018131e-01
9.05586928e-02
2.20175064e-01
-5.17840114e-02
208
-1.94592210e-03
-4.26999547e-01
1.16891296e-01
2.35224322e-01
1.07824915e-01
-3.62987933e-02
1.92639073e-02
-2.53613170e-02
7.50929564e-03
0.00000000e+00
-3.71863736e-04
-4.30407688e-03
1.22605177e-02
-5.89346961e-02
-8.49704203e-02
1.99695777e-03
-2.26886441e-03
7.46925174e-02
7.96986089e-02
2.37180480e-02
-5.48508624e-02
3.23504275e-02
-2.09622155e-02
-1.15846407e-02
-2.97043289e-02
-6.01966538e-02
-1.87701294e-01
-3.24363576e-01
-1.48627049e-01
-1.03822732e-01
-1.05871099e-01
-1.06689764e-01
-8.62017195e-02
7.98962567e-03
8.83506257e-02
1.61745628e-01
2.13897120e-01
3.38849529e-01
3.60209414e-01
-8.22500933e-03
-1.35649035e-01
1.66858361e-01
3.15655984e-01
-3.72526276e-01
2.37150436e-02
0.00000000e+00
-1.94592210e-03
0.00000000e+00
3.57774024e-02
0.00000000e+00
5.99463582e-02
1.12745902e+00
5.69608982e-01
-2.01071334e-02
-1.94592210e-03
-1.94592210e-03
8.47599298e-02
-4.89825288e-02
9.15439384e-02
7.54995159e-01
5.83150732e-01
-3.10904705e-02
-1.94592210e-03
-1.94592210e-03
-2.66662237e-02
6.24436001e-02
-4.48439689e-02
5.94522311e-01
4.40784162e-01
-2.79894812e-03
-1.94592210e-03
-3.89184421e-03
8.24125831e-02
-4.66351753e-02
-1.85344359e-02
4.77051142e-01
3.78950029e-01
1.89265192e-03
-1.94592210e-03
-7.78368841e-03
-8.63716048e-02
1.22148946e-01
6.61353809e-02
5.13629998e-01
4.79141046e-01
9.47029929e-03
0.00000000e+00
-1.97514049e-03
-4.39943933e-02
6.00840151e-02
-4.49723789e-02
-5.19213487e-02
1.92690758e-02
1.05914113e-01
6.91724473e-03
-2.40407249e-02
6.19607251e-02
-1.03708463e-01
1.45213528e-02
0.00000000e+00
-1.15846407e-02
-8.39177989e-03
-6.69890334e-02
-1.99111210e-01
-2.77601384e-01
-1.15144563e-01
-1.89014070e-01
1.27229939e-01
6.53913836e-02
3.70071962e-02
2.40328933e-01
1.15919422e-01
2.09802383e-02
1.84478363e-01
1.19902177e-01
-3.71218847e-02
-8.22500933e-03
-2.02541248e-01
2.06546358e-01
4.33911417e-01
-4.39862449e-01
0.00000000e+00
0.00000000e+00
-1.94592210e-03
-1.55673768e-02
2.73513420e-02
8.42600839e-03
4.41732729e-02
2.16290949e-01
3.53324917e-01
2.14805426e-04
-1.94592210e-03
-3.11347537e-02
-7.04078551e-02
1.06185299e-01
-4.17832801e-02
2.07182760e-01
4.36265153e-01
2.61784672e-02
-1.94592210e-03
-6.22695073e-02
1.34385481e-01
-9.86082205e-02
-3.43107012e-02
8.33376100e-02
3.99725196e-01
-3.04198888e-02
1.73448888e-01
2.89320554e-03
2.38621509e-01
1.06929022e-01
9.30762037e-02
9.50523183e-02
3.35076573e-01
-9.93035837e-02
-1.96411489e-02
7.01946540e-02
-1.29123054e-02
8.04898202e-02
-1.80906601e-02
-1.32688273e-01
-1.10858451e-01
-5.75277974e-02
1.33293674e-01
2.22901237e-02
1.77877526e-02
0.00000000e+00
0.00000000e+00
0.00000000e+00
-8.98789971e-03
-1.82937345e-02
-6.18561803e-02
-1.41656087e-01
-1.59477700e-01
-2.54623316e-01
1.21235125e-02
1.62784823e-01
2.19397822e-01
1.29706646e-01
1.85429166e-01
1.66142285e-01
2.02935061e-01
-5.76493359e-02
-2.52151511e-01
-1.45712636e-01
-5.77352526e-03
-1.31215741e-01
1.00339122e-01
5.56507207e-02
-5.24367125e-02
0.00000000e+00
0.00000000e+00
3.41467066e-01
1.38472827e-03
9.29057684e-02
1.74415695e-03
1.80088359e-01
6.57310723e-02
1.89460034e-01
-7.40986539e-02
1.70400727e-01
-2.16125314e-03
1.39579657e-02
3.12647244e-02
5.79294077e-02
3.91710623e-02
8.96940219e-02
-3.26579738e-02
#MODELS	3	1
86
-1.99941716e+00
-8.97920962e-01
4.16139154e-04
-3.42124087e-01
-1.75186560e-01
-2.58692599e-01
-1.16852951e-01
-9.70875450e-02
-1.11968595e-01
0.00000000e+00
0.00000000e+00
0.00000000e+00
0.00000000e+00
-1.50458522e-01
-1.49631378e+00
-1.33242633e+00
-5.75566990e-01
-3.10831903e-01
-4.91478783e-02
4.04201568e-01
4.05606633e-01
4.40317557e-01
6.65202490e-01
-7.07909558e-01
-4.22912142e-01
-6.92352217e-01
-1.90190633e+00
-3.28089385e+00
-2.24726809e+00
-7.80032326e-01
-1.08663741e-01
1.70275492e-01
7.34518884e-01
8.91290900e-01
1.06729915e+00
1.35851703e+00
1.30801055e+00
1.38524411e+00
1.22736498e+00
-1.91810209e-01
-1.30272670e+00
-4.39040750e-01
-5.38519939e-02
-1.19875090e-02
0.00000000e+00
0.00000000e+00
-1.99941716e+00
0.00000000e+00
2.89452429e-01
0.00000000e+00
-9.61555305e-01
2.09105217e+00
1.53148189e+00
-1.53086194e-01
1.00959119e-01
1.00959119e-01
-7.27208073e-02
-1.34464304e-01
7.00955858e-01
1.56717431e+00
1.16167827e-01
6.86393442e-03
2.80433457e-01
2.80433457e-01
-3.04118115e-04
-2.45497681e-01
-5.67156213e-01
5.95239907e-01
9.71190821e-01
-2.72012979e-02
1.59869314e-01
8.37840209e-02
-2.69491697e-02
2.59115968e-01
-3.07074365e-01
4.36709698e-01
4.19893734e-01
-1.50410885e-02
7.41618798e-02
7.49713963e-02
1.68485137e-03
-4.57820660e-02
4.10796405e-02
8.53366978e-02
3.15109653e-01
-1.87459372e-02
155
-3.70544762e-01
-8.01254504e-01
1.08984026e-01
-4.38199432e-02
4.15062860e-02
2.60381496e-02
1.19924357e-01
9.73113485e-02
8.07655187e-02
0.00000000e+00
0.00000000e+00
0.00000000e+00
0.00000000e+00
-6.62637131e-03
-1.51304184e-01
-2.33575067e-01
-1.20104343e-01
-7.99988426e-02
-2.99375001e-02
2.66051978e-01
8.49790973e-02
-1.62575924e-01
6.25463933e-02
-1.09089767e-01
-8.29966558e-02
-1.02581543e-01
-3.60822626e-01
-8.69125259e-01
-1.42026797e+00
-7.31290392e-01
-4.21602902e-01
-1.17494081e-01
1.65462658e-01
2.53310882e-01
4.58544552e-01
7.88538330e-01
6.96501872e-01
7.00663050e-01
7.81705094e-01
-2.39452548e-02
-3.38838873e-01
-1.76007974e-01
5.83070094e-02
1.09940331e-01
0.00000000e+00
0.00000000e+00
-3.70544762e-01
0.00000000e+00
1.18672618e-01
0.00000000e+00
-1.66068047e-01
1.45437897e+00
1.18551787e+00
-4.92362109e-02
-3.70544762e-01
-3.70544762e-01
1.31552254e-01
-1.28796307e-02
-1.19955287e-01
9.47770967e-01
3.37638750e-01
3.25221100e-02
-3.70544762e-01
-3.70544762e-01
3.10340728e-01
-1.91668085e-01
-1.20647692e-01
9.29628742e-01
8.83946948e-01
4.08842772e-04
-3.70544762e-01
-7.41089524e-01
-1.56865032e-01
2.75537679e-01
-2.36953065e-01
4.55660032e-01
2.85401364e-01
-8.03946561e-02
2.40137030e-02
1.94349840e-02
1.00486896e-02
8.64118233e-03
1.38147685e-01
4.81651603e-01
7.54012229e-01
-3.85877309e-02
0.00000000e+00
0.00000000e+00
0.00000000e+00
-1.14558253e-03
-4.23448806e-02
1.39223317e-01
1.20301579e-01
-3.41835289e-01
-1.09481700e-01
-8.31696322e-02
-1.41112260e-01
1.28498528e-01
5.31013158e-02
-5.78052641e-01
-8.97517048e-02
-7.04236926e-02
-9.32169310e-02
-2.55050028e-01
-5.56776150e-01
-1.02176440e+00
-4.39775553e-01
1.96704146e-01
1.23228470e-01
3.60737023e-01
2.31175279e-01
3.58839060e-01
2.34453820e-01
2.60945982e-01
1.14515495e-01
-2.09858060e-01
-2.04619977e-02
-3.75145698e-01
-9.69633016e-02
5.84035208e-02
-4.21849770e-01
0.00000000e+00
0.00000000e+00
1.24196178e-01
4.73966253e-02
7.97342217e-04
-9.82332808e-02
-8.30494059e-02
2.65802633e-01
3.63661794e-01
-2.11495181e-02
2.73834536e-01
8.95510341e-03
-4.02453981e-02
-3.43859709e-02
7.12745474e-02
9.54559448e-03
3.27618312e-01
-3.20556008e-02
3.55743916e-01
4.82946943e-03
-9.76062397e-03
-3.90801997e-02
1.31122158e-01
2.73396383e-01
4.85357127e-01
-6.10599440e-02
2.65502642e-01
2.14771514e-03
-9.43043760e-03
-4.36429243e-02
7.68312698e-02
2.77425388e-02
2.24347535e-01
-4.26028136e-02
208
-2.67485364e-03
-3.45700264e-01
-1.87005915e-02
-5.59259531e-02
8.27140294e-02
5.70085207e-02
1.18156390e-01
6.46484252e-02
9.51245895e-02
0.00000000e+00
0.00000000e+00
0.00000000e+00
0.00000000e+00
-1.10887117e-03
-2.98250991e-02
5.03072690e-03
7.75094652e-03
-1.17830689e-01
-3.69765628e-02
2.39899961e-01
7.06741169e-02
-1.40711093e-01
4.21709354e-04
-3.86852512e-02
-3.69593096e-02
-3.83140524e-02
-1.19692725e-01
-2.72585491e-01
-5.91520362e-01
-4.51440123e-01
-1.66787174e-01
1.72007783e-02
8.64210615e-02
-3.84004289e-03
1.84160178e-01
4.14189267e-01
3.25917689e-01
2.81350375e-01
4.07910328e-01
-4.10368551e-03
-1.56302613e-01
-2.00273250e-02
8.31032525e-02
9.46555177e-02
0.00000000e+00
0.00000000e+00
-2.67485364e-03
0.00000000e+00
3.51314089e-02
0.00000000e+00
1.39524311e-01
9.05481557e-01
9.64223302e-01
-5.74337686e-02
-2.67485364e-03
-2.67485364e-03
1.07329817e-01
-7.21984064e-02
1.15371489e-01
6.80162321e-01
6.71464678e-01
6.11444185e-02
-2.67485364e-03
-2.67485364e-03
1.56652082e-01
-1.21520669e-01
1.41210909e-01
7.13594775e-01
8.17708201e-01
2.94828767e-02
-2.67485364e-03
-5.34970728e-03
-1.37888782e-01
1.73020198e-01
7.85196757e-02
4.67949805e-01
5.33589859e-01
-1.35565084e-02
-2.67485364e-03
-1.06994146e-02
7.57735486e-02
-4.06421401e-02
1.37060345e-01
3.93251354e-01
7.00270066e-01
-5.52259985e-02
0.00000000e+00
0.00000000e+00
0.00000000e+00
-2.11904686e-04
-9.98978194e-03
7.28091857e-02
1.67322979e-02
-2.52732003e-01
4.79784751e-02
6.86954146e-02
-3.05185010e-02
2.43593792e-01
9.90361470e-02
-2.58067976e-01
-3.83282752e-02
-3.65723428e-02
-4.13234918e-02
-1.04851241e-01
-2.68865913e-01
-5.78234042e-01
-4.33912443e-01
1.03215750e-01
-4.46138305e-02
2.30623092e-01
2.26256316e-01
2.77678935e-01
2.47397676e-01
3.22409602e-01
2.54634026e-01
-1.18188671e-01
-4.10368551e-03
-2.22170898e-01
1.22962002e-01
1.99090737e-01
-9.84530079e-02
0.00000000e+00
0.00000000e+00
-2.67485364e-03
-2.13988291e-02
7.04675553e-02
-3.53361529e-02
1.08931440e-01
3.51943056e-01
5.59162094e-01
1.76623971e-02
-2.67485364e-03
-4.27976583e-02
-1.47231285e-02
4.98545670e-02
1.20143687e-01
1.06150612e-01
3.10508985e-01
-2.29895396e-02
-2.67485364e-03
-8.55953165e-02
-4.18384461e-02
7.69698231e-02
1.32761818e-01
2.80452851e-01
4.72274943e-01
-8.25293452e-02
2.49651368e-02
1.77052797e-03
8.67074878e-02
6.25080612e-04
2.69883568e-01
6.11902291e-02
5.08532907e-01
-1.07841683e-01
0.00000000e+00
-1.47352119e-04
-1.25291749e-02
2.68715231e-02
-8.37563191e-02
-5.15462137e-03
-5.01429495e-02
-5.14418299e-02
1.40296037e-01
1.00293868e-01
-3.80476285e-02
-1.92497573e-01
-1.90971012e-02
0.00000000e+00
-3.80128008e-02
-1.06755362e-02
-2.44942644e-02
-7.45720764e-02
-1.82513280e-01
-3.43037319e-01
-1.58618288e-01
-6.52117016e-02
2.54184161e-01
6.85178601e-03
1.35974073e-01
2.57267424e-01
8.13625002e-02
5.55496857e-02
1.19859061e-01
-1.99266545e-01
-1.03242683e-02
-2.81384169e-01
2.63062586e-02
2.96535295e-02
5.03955281e-02
0.00000000e+00
0.00000000e+00
1.34393416e-01
-1.35996032e-04
1.94788082e-02
-5.04735758e-03
1.19834647e-01
2.72236459e-03
1.33875515e-01
-4.22978025e-02
5.79958026e-02
-4.19171700e-04
-1.68286643e-02
1.26301812e-02
6.40898998e-02
2.21181730e-02
9.10630899e-02
-1.96018576e-02
#MODELS	3	2
86
-2.06083914e+00
-2.16006976e-01
-1.25416703e-01
-2.65275129e-01
-2.91413608e-01
-2.05353122e-01
-1.77374808e-01
-3.72750666e-01
-4.07248124e-01
0.00000000e+00
-2.08267498e-02
-8.41043703e-01
-3.00592957e+00
3.75279910e-01
-1.12411144e-02
5.11062889e-01
4.28531093e-01
5.25888889e-01
3.19557311e-01
4.40295913e-01
-1.50654159e-01
-6.31759841e-01
0.00000000e+00
-9.15171665e-02
-5.38019123e-01
-1.29130473e+00
-1.68115785e+00
-3.42555272e+00
-1.58975515e+00
-8.93923945e-01
-6.97725763e-02
3.95000821e-01
6.76538600e-01
7.88459335e-01
9.15971990e-01
9.98263178e-01
1.01644725e+00
1.17142948e+00
1.56888944e+00
-1.02353127e-01
-2.53493096e+00
-1.16977614e-01
2.63596048e-01
-1.62077649e-01
5.81068206e-01
0.00000000e+00
-2.06083914e+00
0.00000000e+00
4.23001426e-01
0.00000000e+00
-4.51629607e-01
2.54633416e+00
1.19381622e+00
-6.32028648e-02
-5.57347968e-01
-5.57347968e-01
-9.28694856e-02
-2.49205954e-02
2.53556060e+00
1.59436260e-01
3.28258365e-01
3.73605542e-02
1.33282822e-01
1.33282822e-01
1.85168089e-03
4.07076793e-02
-4.22806204e-01
2.31044443e-01
5.88354532e-01
1.16821381e-02
2.91796919e-01
1.42335057e-01
4.03079872e-02
3.94466240e-02
-8.33983559e-01
7.79276919e-01
3.64977139e-01
-5.52880102e-03
-2.62826624e-01
8.68276760e-02
3.65667188e-03
-1.33693643e-01
8.06056798e-01
1.98981326e-01
8.63218517e-03
-1.05662981e-02
155
-4.66013496e-01
1.25951737e-01
-9.74735302e-03
-1.03670039e-01
-9.68026436e-02
-2.12512478e-02
4.61630444e-02
-1.58715719e-01
-2.47941276e-01
0.00000000e+00
-1.59363211e-03
-9.66903271e-02
-7.10468124e-01
2.00522830e-01
-3.01435163e-02
2.35238701e-01
-6.33247710e-02
9.07482284e-02
-8.82865705e-02
2.06133518e-01
-2.28541629e-01
2.03917958e-02
0.00000000e+00
-6.92497514e-03
-8.34752341e-02
-2.51573914e-01
-3.32666406e-01
-1.10191535e+00
-1.06217674e+00
-8.01734968e-01
-4.31702786e-01
-2.73726240e-02
2.62029436e-01
2.05075009e-01
3.03770821e-01
4.71956375e-01
5.96910043e-01
8.14689687e-01
9.81633879e-01
-9.46072511e-03
-8.50460335e-01
1.59198309e-01
2.93547955e-01
-8.91481373e-02
2.77736877e-02
0.00000000e+00
-4.66013496e-01
0.00000000e+00
1.75493217e-01
0.00000000e+00
2.36922830e-01
1.63979471e+00
6.81586750e-01
-4.54799661e-02
-4.66013496e-01
-4.66013496e-01
1.57746617e-01
1.77466092e-02
6.60148115e-01
5.59612372e-01
9.17378579e-01
5.18970284e-02
-4.66013496e-01
-4.66013496e-01
4.78573422e-02
1.27635886e-01
5.00087152e-01
4.61104261e-01
7.32910727e-01
7.56998487e-02
-4.66013496e-01
-9.32026992e-01
1.01480535e-01
7.40127058e-02
2.22689510e-01
7.80406816e-01
1.73961267e-01
4.18771625e-02
-2.17840374e-01
1.89096822e-02
-1.05390641e-02
-2.02649076e-02
5.20352359e-01
1.64736362e-01
3.91606658e-01
3.41170897e-03
0.00000000e+00
-3.63350682e-02
-5.08059268e-01
-8.79132584e-02
9.38912622e-02
3.80712575e-02
1.40193129e-01
-6.97070487e-02
-9.51862701e-02
-1.68182412e-01
-4.14941536e-02
0.00000000e+00
0.00000000e+00
0.00000000e+00
-2.10178773e-02
-8.42442281e-02
-1.57513918e-01
-2.76165550e-01
-6.80644532e-01
-6.53357881e-01
-1.50889803e-01
2.47328942e-01
2.46833732e-01
1.57368775e-01
2.98879440e-01
2.96166621e-01
2.20545396e-01
-2.06130881e-01
-2.00955803e-02
5.02306227e-02
-7.78602332e-03
-3.54040839e-01
-5.30076181e-02
-5.37042905e-02
-2.68198167e-01
0.00000000e+00
0.00000000e+00
1.15985603e-01
2.53317697e-02
6.34375890e-03
-8.75314360e-02
4.46448795e-01
4.02112078e-01
6.02024238e-01
-6.22390609e-02
2.35324923e-01
1.20101388e-02
2.02547949e-02
-1.28805889e-01
2.93625393e-01
2.06885651e-01
4.42271526e-01
-3.05265448e-02
-6.88787785e-02
6.42822018e-03
1.79206612e-02
-8.62542242e-02
1.24892300e-01
2.70761645e-01
4.21682548e-01
1.95610637e-02
5.79074068e-02
1.91365402e-03
-1.58388285e-02
-4.50494653e-02
1.30337903e-01
6.73968136e-02
2.69297211e-01
-1.77741676e-02
208
-3.37474921e-03
1.11344052e-02
2.67022871e-02
2.91343470e-02
-1.87862529e-02
7.54972337e-02
1.57931279e-01
-1.26828229e-01
-1.58159819e-01
0.00000000e+00
-3.43018213e-04
-2.47858206e-02
-1.54501395e-01
1.64324762e-01
-9.68284565e-03
1.66965472e-01
-1.74731513e-01
-5.44188429e-02
-7.93884584e-02
2.10751147e-01
-6.40903763e-02
1.65261400e-02
0.00000000e+00
-8.16264720e-04
-2.83362599e-02
-8.23197483e-02
-1.00794653e-01
-3.67110243e-01
-4.99281674e-01
-4.06525480e-01
-2.90310829e-01
-2.38903943e-02
1.09436278e-01
3.71956504e-03
1.04158218e-01
2.29404737e-01
2.99558772e-01
5.46603299e-01
5.04182701e-01
-1.86903708e-03
-3.60138703e-01
1.19683388e-01
2.10836683e-01
1.89490262e-02
8.11112062e-03
0.00000000e+00
-3.37474921e-03
0.00000000e+00
7.06225464e-02
0.00000000e+00
3.16139817e-01
1.00091496e+00
8.26769495e-01
-2.68053927e-02
-3.37474921e-03
-3.37474921e-03
1.14675253e-01
-4.40527061e-02
3.85010915e-01
6.82942097e-01
9.00977194e-01
5.74513569e-02
-3.37474921e-03
-3.37474921e-03
-2.16682866e-02
9.22908322e-02
3.44620345e-01
5.66848666e-01
7.93816278e-01
8.13380390e-02
-3.37474921e-03
-6.74949841e-03
8.11606843e-02
-1.05381290e-02
2.78613833e-01
5.90886228e-01
6.34477815e-01
7.67149393e-02
-3.37474921e-03
-1.34989968e-02
4.69471809e-02
2.36753886e-02
3.23499969e-01
3.47041557e-01
6.39608935e-01
9.98510984e-03
0.00000000e+00
-9.85563652e-03
-1.31665664e-01
-7.63518855e-02
1.54301574e-01
3.50005776e-02
1.91411657e-01
3.14091387e-02
-3.76026754e-02
-1.28904665e-01
-3.11171700e-02
0.00000000e+00
0.00000000e+00
0.00000000e+00
-8.03374218e-03
-3.53984512e-02
-7.14705219e-02
-1.04016750e-01
-3.34329887e-01
-5.03665562e-01
-4.66979347e-01
7.31126260e-02
1.63032638e-01
1.31850765e-01
2.93445307e-01
3.08368167e-01
3.14493962e-01
-1.93595966e-01
1.91507067e-01
2.39357717e-01
-1.86903708e-03
-3.34075867e-01
2.16431612e-01
1.75613810e-01
-6.05280403e-02
0.00000000e+00
0.00000000e+00
-3.37474921e-03
-2.69979937e-02
-6.32368665e-02
1.33859437e-01
3.61974750e-01
3.67562295e-01
7.20677116e-01
-8.32144557e-02
-3.37474921e-03
-5.39959873e-02
1.34162783e-01
-6.35402706e-02
3.13279064e-01
1.94656303e-01
5.03132860e-01
-4.78929101e-02
-3.37474921e-03
-1.07991975e-01
2.12370380e-01
-1.41747654e-01
3.36163341e-01
3.01722635e-01
5.40054927e-01
3.24022974e-02
-3.60340423e-02
-2.67940970e-03
-2.53177087e-02
2.39465097e-02
2.93434441e-01
1.65871993e-01
4.91102325e-01
1.41407602e-02
-5.59141045e-02
-1.59747079e-01
-1.36089788e-02
1.13398732e-01
2.13040348e-02
-9.05389819e-02
7.51177412e-02
-1.35428258e-01
1.45393534e-02
0.00000000e+00
0.00000000e+00
0.00000000e+00
0.00000000e+00
0.00000000e+00
-3.35685966e-03
-2.06007882e-02
-4.59247088e-02
-9.05984759e-02
-2.13144246e-01
-3.57405758e-01
-1.76398105e-01
2.11855200e-01
7.21253820e-02
1.64390273e-01
1.35683689e-01
2.02216262e-02
2.02181825e-02
-1.35287277e-01
2.51590283e-01
-6.35694862e-02
-4.87703862e-03
-3.21651565e-01
1.12535511e-02
6.15855807e-02
2.21354578e-02
0.00000000e+00
0.00000000e+00
-5.47346067e-02
9.25949568e-04
-6.50657680e-03
5.50243501e-03
9.63068808e-02
2.43397206e-02
1.56430142e-01
-2.11027212e-02
-3.15655948e-02
-3.19065686e-03
-5.80560331e-02
2.29477097e-02
7.26102817e-02
1.32441075e-02
8.16740439e-02
-6.77452472e-02
