0 1 -999999999 -1 -1
1 1 0 -1 -1
0.3363 -0.7327
356
8.36734340e-001
8.36901548e-001
0.00000000e+000
8.32224811e-001
-1.95096924e-001
-6.72729419e-001
4.42827178e-001
-1.22810613e-001
1.04636811e-001
6.26625857e-002
-7.60328179e-001
-3.66877870e-001
-2.86005890e-001
3.99820989e-001
3.97803510e-001
3.46003130e-002
0.00000000e+000
0.00000000e+000
0.00000000e+000
0.00000000e+000
0.00000000e+000
0.00000000e+000
0.00000000e+000
0.00000000e+000
0.00000000e+000
0.00000000e+000
0.00000000e+000
0.00000000e+000
0.00000000e+000
0.00000000e+000
0.00000000e+000
0.00000000e+000
0.00000000e+000
0.00000000e+000
0.00000000e+000
0.00000000e+000
0.00000000e+000
0.00000000e+000
0.00000000e+000
0.00000000e+000
0.00000000e+000
0.00000000e+000
0.00000000e+000
0.00000000e+000
0.00000000e+000
0.00000000e+000
0.00000000e+000
0.00000000e+000
0.00000000e+000
0.00000000e+000
0.00000000e+000
-6.05346147e-001
-1.04527178e+000
-8.34369062e-001
0.00000000e+000
0.00000000e+000
0.00000000e+000
0.00000000e+000
1.79333124e-001
1.49876883e-001
3.48741162e-001
3.38636020e-001
7.07112789e-001
-3.17375978e-001
3.46016810e-001
-1.13273863e+000
-7.44469545e-001
-5.30616906e-001
0.00000000e+000
0.00000000e+000
0.00000000e+000
2.67160385e-001
1.48034936e-003
-6.28778706e-001
4.79326776e-001
-1.32259004e-003
-5.89225459e-001
9.58354490e-002
-1.78179868e-004
-4.35910364e-001
0.00000000e+000
0.00000000e+000
4.06296494e-002
-9.91997146e-002
2.44937714e-001
-2.96847535e-002
2.29986076e-001
4.50232775e-001
0.00000000e+000
0.00000000e+000
-4.14817947e-001
-1.67519621e-001
-1.43170758e+000
-6.05677242e-001
-2.15177721e-001
-3.05620559e-001
2.03082237e-002
-8.00128192e-002
1.97680275e-001
-2.12985430e-002
2.95002085e-001
9.13829207e-002
0.00000000e+000
0.00000000e+000
1.48253447e+000
8.70219412e-001
0.00000000e+000
0.00000000e+000
0.00000000e+000
0.00000000e+000
0.00000000e+000
0.00000000e+000
3.40160557e-001
5.86282148e-001
5.43848390e-001
7.53360029e-002
-4.58702081e-001
-1.75846713e+000
0.00000000e+000
0.00000000e+000
0.00000000e+000
0.00000000e+000
0.00000000e+000
-2.27868254e-001
1.46404661e+000
5.99706801e-002
1.53936534e-001
-7.98254334e-002
-5.13767788e-001
-8.84517635e-001
5.25249994e-001
4.74967254e-001
4.10926027e-001
3.88430942e-001
3.82959270e-001
2.79792315e-001
3.16203918e-001
2.29075429e-001
1.23054340e-001
1.58904377e-001
1.35735580e-001
-5.46388028e-001
2.56731685e-001
5.22983346e-002
-2.23675995e-001
-7.11502058e-002
-1.38209433e-001
-4.64737994e-001
0.00000000e+000
0.00000000e+000
0.00000000e+000
0.00000000e+000
-2.33328042e-001
0.00000000e+000
0.00000000e+000
0.00000000e+000
1.04432039e+000
1.88853052e-001
0.00000000e+000
5.59551023e-001
-2.81333720e-001
-1.60582727e-001
-3.63614983e-001
-4.32453368e-001
-6.44948703e-001
0.00000000e+000
0.00000000e+000
0.00000000e+000
4.16417220e-001
6.11885924e-001
1.31220720e-001
1.04004965e-001
-4.33285988e-001
8.32989727e-001
4.86435621e-001
-1.56636331e-001
-2.10421189e-001
0.00000000e+000
9.68331574e-001
-4.23032873e-001
-9.60570465e-001
1.32803371e-001
-1.50369080e+000
-4.07484371e-002
-8.81265555e-002
-7.69732085e-001
-1.86831606e-001
4.44038508e-001
6.09326473e-001
0.00000000e+000
0.00000000e+000
0.00000000e+000
5.23488103e-002
-2.14073368e-001
-1.44851440e-002
1.58559164e-001
1.08736882e-001
-1.22133120e-001
-3.00923739e-002
-1.36757823e-002
2.26800495e-001
0.00000000e+000
-2.33313928e-001
7.90301160e-002
1.59399075e-001
1.49421212e-001
-1.25323188e-001
1.51919548e-001
1.46526520e-001
1.58972316e-001
1.36508506e-001
-1.65799268e-001
-2.65002020e-001
-2.99688561e-001
-4.92564708e-003
-1.02514477e-001
-1.38543094e-001
6.44106175e-001
-4.04026698e-002
-9.03392066e-001
-4.88095374e-001
0.00000000e+000
0.00000000e+000
0.00000000e+000
1.31425118e-001
3.27543591e-001
-3.47196651e-001
2.94336242e-001
-1.77319637e-001
3.96818269e-001
3.95225316e-001
-1.42188436e+000
4.11165690e-002
0.00000000e+000
9.49579091e-001
4.03296076e-001
2.27486226e-001
6.74136161e-002
-1.66416447e+000
-8.34579623e-001
-3.23027490e-001
6.87424044e-002
5.13669316e-002
9.25727412e-001
3.46865408e-002
0.00000000e+000
-3.02966959e-002
-6.01971587e-002
-3.79946683e-001
1.83548405e-002
-3.04234656e-001
-8.82543481e-001
-8.46721560e-001
9.82078884e-001
2.10587692e-001
-1.17431174e+000
-3.98301524e-001
0.00000000e+000
3.72722317e-002
-5.56368927e-003
-5.93036095e-001
0.00000000e+000
0.00000000e+000
0.00000000e+000
-8.35365417e-001
-2.61195160e-001
3.17489781e-001
-3.04431011e-001
-4.54569863e-001
7.13647285e-001
2.13835808e-001
9.10343045e-001
-1.02157093e-002
0.00000000e+000
-5.33015868e-001
-3.27273561e-001
-8.09118928e-001
6.75455901e-001
2.08941002e-001
5.03352766e-001
1.90620119e-001
-6.66932079e-001
9.34630292e-002
-2.18067234e-001
3.30201423e-001
0.00000000e+000
0.00000000e+000
0.00000000e+000
-1.86647239e-002
-1.37060408e-001
-7.45146062e-002
3.20323636e-001
2.51903000e-002
1.69769301e-002
1.47872278e-001
-3.47203014e-001
1.36917521e-001
0.00000000e+000
-1.07528421e-001
6.68510841e-002
3.54510290e-002
2.29245304e-002
-6.46693432e-002
-5.37200291e-002
4.35442303e-002
1.21777392e-001
3.75765830e-002
1.58156455e-001
-2.68466740e-001
-3.59511144e-002
3.32784012e-002
9.42784367e-002
9.72867018e-002
7.37426578e-001
4.92716357e-002
-8.22649328e-001
-4.80541437e-001
0.00000000e+000
0.00000000e+000
0.00000000e+000
-2.95515953e-001
-4.19971889e-002
3.55610722e-001
-5.19285044e-001
3.17083012e-001
-2.93143231e-001
-5.29452602e-001
1.22103415e+000
-3.27363528e-002
0.00000000e+000
-7.76800704e-001
-4.01946093e-001
-2.13328576e-001
-1.05161305e-002
8.00043997e-001
6.74343612e-001
2.88170805e-001
-2.20336552e-002
3.95817651e-002
-1.03965397e+000
-2.32515625e-001
8.22501917e-001
5.71719319e-001
4.54747440e-001
-3.24569355e-001
-1.24631613e-001
-8.04110746e-001
-4.75134380e-001
-4.09886974e-001
9.18054380e-001
6.52757394e-002
-1.10796173e+000
-1.99937742e-001
1.19053944e+000
2.22521569e-002
-2.65603052e-001
247
-5.18869638e-001
-5.18869638e-001
0.00000000e+000
-4.98660533e-001
0.00000000e+000
0.00000000e+000
-9.03869224e-001
3.86020272e-001
-9.85948614e-002
3.66212978e-001
5.22556891e-002
5.06267228e-002
-2.38095593e-001
-1.64475730e-001
0.00000000e+000
0.00000000e+000
0.00000000e+000
0.00000000e+000
0.00000000e+000
0.00000000e+000
0.00000000e+000
0.00000000e+000
0.00000000e+000
0.00000000e+000
0.00000000e+000
0.00000000e+000
0.00000000e+000
0.00000000e+000
0.00000000e+000
0.00000000e+000
0.00000000e+000
0.00000000e+000
0.00000000e+000
0.00000000e+000
0.00000000e+000
0.00000000e+000
0.00000000e+000
0.00000000e+000
0.00000000e+000
0.00000000e+000
0.00000000e+000
0.00000000e+000
0.00000000e+000
1.46803106e-001
-4.85016974e-003
-1.35940088e-001
-4.67182702e-003
-5.03651971e-001
9.92691813e-004
0.00000000e+000
0.00000000e+000
-4.44929447e-001
-9.39232261e-001
-7.32471557e-001
7.21651540e-001
3.70978146e-001
5.47730094e-001
0.00000000e+000
0.00000000e+000
7.42041535e-001
1.59591647e+000
0.00000000e+000
0.00000000e+000
0.00000000e+000
0.00000000e+000
0.00000000e+000
0.00000000e+000
3.84546230e-001
3.18558942e-001
3.67889329e-001
-1.03215015e-001
-6.61110149e-001
-1.56387632e+000
0.00000000e+000
0.00000000e+000
0.00000000e+000
0.00000000e+000
0.00000000e+000
0.00000000e+000
1.03943695e+000
1.54201247e-001
1.78722654e-002
-2.11815398e-001
-7.50254454e-001
-6.85458107e-001
3.24561621e+000
3.24534730e+000
3.20143520e+000
3.24401208e+000
3.09803239e+000
3.12357426e+000
7.02794597e-002
-2.52542047e-002
-1.14403119e-001
-7.08311009e-003
-1.69147802e-002
-7.07763187e-001
1.27182213e-001
-3.40278709e-001
-3.15745693e-001
-2.85905383e-001
-4.14456884e-001
-6.56870093e-001
0.00000000e+000
0.00000000e+000
0.00000000e+000
0.00000000e+000
1.16360316e+000
-1.12435264e-001
0.00000000e+000
-1.17923471e+000
-2.95145492e-001
-9.58353182e-001
-2.93632992e-001
-6.41918403e-001
-1.25349867e+000
0.00000000e+000
0.00000000e+000
0.00000000e+000
5.18998222e-001
-1.42766173e-001
3.43342223e-001
3.66190752e-001
-1.17641242e+000
4.47022368e-001
2.66620963e-001
3.50774731e-001
9.91348751e-003
0.00000000e+000
4.27296119e-001
3.22086177e-002
-4.65257061e-001
2.31482810e-001
-1.72166640e+000
3.67672350e-001
1.77407967e-001
-1.25691256e+000
-1.01265535e-001
7.18508718e-002
-8.89050772e-001
-7.07567352e-001
0.00000000e+000
-3.74345182e-001
-1.16909895e-002
3.02019259e-001
0.00000000e+000
0.00000000e+000
0.00000000e+000
-8.06175215e-002
2.09702388e-001
-8.64766296e-002
-1.46191019e-001
1.91815532e-001
-1.32713208e-001
-1.90614369e-001
3.88299209e-001
2.65254423e-002
0.00000000e+000
-1.55938914e-001
6.75721600e-003
-3.39811650e-001
-4.61280407e-003
8.27178220e-001
8.17203470e-002
-8.70190326e-002
5.67949877e-002
-2.70875584e-002
-2.35691377e-001
-1.81483420e-001
0.00000000e+000
6.62282814e-001
1.65845197e-001
-3.64447903e-001
4.12421860e-001
0.00000000e+000
-2.07894325e+000
-1.09464811e+000
-7.76869763e-001
0.00000000e+000
0.00000000e+000
-2.76078068e-001
-9.35551395e-001
0.00000000e+000
0.00000000e+000
0.00000000e+000
-1.94320167e-001
-1.04027435e+000
3.01115261e-001
-1.52777304e-001
-8.96601481e-001
8.78130833e-001
3.07386017e-001
3.22927898e-001
-1.42715066e-001
0.00000000e+000
8.27798197e-002
-3.93925361e-002
-5.13160057e-001
4.33438449e-001
-4.81219035e-001
2.79741154e-001
5.16071384e-001
-8.51659000e-001
8.45390709e-002
1.70437712e-001
-4.43951877e-001
-2.89450156e-001
8.96016309e-002
1.85454347e-001
1.36280970e-001
1.57850586e-001
0.00000000e+000
0.00000000e+000
0.00000000e+000
-6.13954526e-002
4.17816456e-001
1.60562823e-001
4.02452805e-001
-1.31628952e-002
1.90446287e-001
3.12998216e-001
-4.71922722e-001
-2.61360557e-002
0.00000000e+000
3.05833734e-001
2.06245198e-001
-2.61348101e-001
-5.03510701e-002
-1.16935818e+000
-1.83191107e-001
-8.76258563e-002
1.66983295e-001
-7.89367485e-002
3.97939964e-001
-1.54501721e-001
1.38498514e-001
1.61949800e-002
1.59721961e-001
-4.91599517e-001
-4.18283607e-003
-1.31088885e-001
-1.12276234e-001
-2.70919452e-002
-4.87416681e-001
6.90441977e-001
-2.55456055e-001
-1.78309691e-001
1 0 3 0 -1
1 1 2 1 -1
8.0019e-002 -6.7419e-003
356
-1.81408211e-001
-1.80929102e-001
0.00000000e+000
6.94092498e-001
-9.91727126e-002
-9.61063688e-001
5.88776127e-001
-2.57119896e-001
2.49472300e-001
3.83340502e-001
2.34894603e-001
-3.09640485e-002
3.46397362e-001
5.68514846e-001
4.32887389e-001
-3.07309737e-001
-1.72489530e-001
-8.91868049e-003
1.80046849e-001
-2.08337058e-001
-2.76378177e-001
-8.42109904e-002
0.00000000e+000
0.00000000e+000
4.74199790e-001
3.97041975e-001
6.06518126e-003
1.79023220e-004
4.78071757e-002
7.06568722e-002
6.15828015e-002
-1.80929102e-001
0.00000000e+000
-8.75021600e-001
-9.91727126e-002
1.51946852e-001
1.15780388e-001
7.37736602e-001
9.03717777e-001
-4.36441046e-002
1.43998878e+000
0.00000000e+000
0.00000000e+000
0.00000000e+000
0.00000000e+000
0.00000000e+000
0.00000000e+000
0.00000000e+000
0.00000000e+000
0.00000000e+000
0.00000000e+000
-5.08467429e-002
-2.30497586e-001
-9.65295580e-001
0.00000000e+000
0.00000000e+000
0.00000000e+000
0.00000000e+000
-2.87499138e-001
-3.64103830e-002
-3.26224113e-001
8.08010770e-001
5.23282199e-001
-1.22372028e-001
3.05904687e-001
-7.02075968e-001
-3.96871846e-001
-1.94600073e-001
0.00000000e+000
0.00000000e+000
0.00000000e+000
0.00000000e+000
0.00000000e+000
0.00000000e+000
1.32898826e-001
-3.31508688e-004
-2.00573867e-001
-3.28512500e-001
1.47906819e-003
-3.65866412e-002
0.00000000e+000
0.00000000e+000
-4.85388489e-001
-3.60014232e-001
1.80044030e-001
-1.61212757e-001
1.96846235e-001
4.49179248e-001
0.00000000e+000
0.00000000e+000
-4.00380110e-002
-9.89434651e-002
-5.58257870e-001
-3.99885460e-001
-1.52140762e-001
-9.71985282e-002
8.45522059e-002
3.14515870e-002
-4.45262900e-003
4.52006089e-002
-1.27100319e-001
-1.13507887e-001
0.00000000e+000
0.00000000e+000
1.03266003e+000
3.45541399e-001
0.00000000e+000
0.00000000e+000
0.00000000e+000
0.00000000e+000
0.00000000e+000
0.00000000e+000
2.20219320e-001
5.14564021e-001
3.12771649e-001
-9.10007604e-002
-5.02486499e-001
-1.68876271e+000
0.00000000e+000
0.00000000e+000
0.00000000e+000
0.00000000e+000
0.00000000e+000
-3.26205084e-001
1.46512809e+000
-1.58946632e-002
1.50426212e-002
-1.50448681e-001
-5.14790383e-001
-9.93944588e-001
8.69393290e-001
8.10862595e-001
7.37272292e-001
6.71218043e-001
6.88938560e-001
6.23687684e-001
9.29265864e-002
8.90964342e-002
-6.92300392e-002
3.71783396e-002
-4.38130011e-002
-7.10000573e-001
2.24071318e-001
1.43117090e-001
-7.88820457e-002
-2.67535396e-002
-4.39937209e-002
-3.72259456e-001
0.00000000e+000
0.00000000e+000
0.00000000e+000
0.00000000e+000
-3.32042010e-001
0.00000000e+000
0.00000000e+000
0.00000000e+000
1.30007059e-001
-5.41940608e-002
-1.07950292e+000
0.00000000e+000
1.48293630e-001
1.00977788e-001
-2.82858948e-001
-6.27249640e-001
-1.34565318e-001
0.00000000e+000
0.00000000e+000
0.00000000e+000
5.58984973e-001
3.60249197e-001
9.10358464e-002
4.84791934e-001
-6.95623778e-001
5.86917572e-001
3.64975226e-001
1.53205047e-001
7.22423491e-001
0.00000000e+000
6.20445159e-001
-3.72178989e-001
-9.50093565e-001
3.73981630e-001
-1.69827341e+000
2.20369668e-001
1.29272905e-001
-9.10682855e-001
-9.44408888e-002
-7.99244802e-002
-1.28505614e-001
0.00000000e+000
0.00000000e+000
0.00000000e+000
-5.91607608e-002
-9.58410365e-002
-6.40945473e-002
-1.39825007e-001
9.32141455e-002
-9.77737671e-002
-1.64236222e-001
1.66711052e-002
-2.48114711e-001
0.00000000e+000
-1.24048908e-001
3.61385336e-003
8.95701777e-002
7.54744749e-002
4.36126876e-001
-6.45902041e-002
-3.96148102e-002
1.64387340e-001
8.96291321e-002
1.07255381e-004
-1.68669366e-001
6.44739601e-002
-5.27217590e-001
-4.63135877e-001
-3.38653158e-001
2.98124201e-001
2.15209494e-001
-4.48859734e-001
1.46024483e-001
0.00000000e+000
0.00000000e+000
0.00000000e+000
2.99556465e-001
5.23662873e-001
-2.12624841e-001
5.92500006e-001
-2.14759333e-001
2.28699682e-001
4.49498056e-001
-1.07590921e+000
3.47624890e-001
0.00000000e+000
8.24305691e-001
2.10839278e-002
4.30304213e-002
2.77354306e-002
-1.56059117e+000
-7.42057501e-001
-1.57954731e-001
1.09490692e-001
-1.53152781e-002
6.58048410e-001
-2.33143326e-001
6.10403709e-002
1.14656905e-001
1.46402941e-001
3.41040482e-002
8.38196697e-002
-1.52626855e+000
-1.17561748e+000
-1.04332919e+000
6.94508937e-001
2.20367128e-001
-8.31056395e-001
-4.97156215e-002
-5.22597331e-001
-7.85377097e-001
-7.95440413e-001
-5.26271851e-001
0.00000000e+000
0.00000000e+000
0.00000000e+000
-9.57666571e-001
-1.12641259e+000
6.47803603e-001
2.42541027e-001
-3.74986946e-001
9.38931006e-001
3.68401233e-001
6.78176793e-001
-7.48306554e-001
0.00000000e+000
-7.71432862e-001
6.05844768e-003
-1.10524924e+000
5.51924182e-001
3.64108334e-001
8.56250030e-001
6.91898923e-001
-6.92494574e-001
-7.41755510e-002
-2.16405359e-002
-1.21892116e-001
0.00000000e+000
0.00000000e+000
0.00000000e+000
-2.04952643e-002
1.65362554e-001
-2.80250084e-001
-2.00378056e-002
-7.98562543e-002
-8.98474216e-003
5.15259348e-002
-2.57916986e-001
2.15251397e-001
0.00000000e+000
4.86685243e-002
1.36204366e-002
2.12059250e-001
5.16894679e-002
-5.59038189e-002
-3.09325842e-001
-2.36601995e-001
1.19924865e-001
1.02131229e-001
1.67247017e-001
-5.20132952e-002
5.94627789e-002
3.57773232e-001
2.92433092e-001
2.28340356e-001
2.97189977e-001
1.95054373e-001
-4.32781571e-001
-5.82665716e-003
0.00000000e+000
0.00000000e+000
0.00000000e+000
-1.53838390e-001
-5.41330605e-001
5.31664286e-001
-5.73330385e-001
3.30495983e-001
-2.51224073e-002
-4.88018101e-001
1.14077328e+000
-2.42188003e-001
0.00000000e+000
-7.51013346e-001
-1.12448548e-002
-1.15281642e-001
-3.36349660e-002
5.33222865e-001
9.67442167e-001
3.90979037e-001
-7.06750034e-002
-3.12250837e-002
-8.63501491e-001
-1.11476074e-001
8.62527788e-002
-5.33685208e-001
-4.39470553e-001
-4.74258556e-001
4.15150094e-002
5.31360107e-001
4.09368134e-001
1.62546856e-001
5.00107124e-001
1.12371809e-001
-5.70963924e-001
-5.15773566e-001
3.41578802e-001
7.47488543e-001
-5.94946054e-002
247
-1.43825390e-001
-1.43825390e-001
0.00000000e+000
-1.36851159e-001
0.00000000e+000
0.00000000e+000
-1.51408910e+000
5.39964260e-001
-3.49224346e-002
4.16015886e-001
3.81117631e-001
2.23823088e-001
-2.37694100e-001
5.09553915e-001
-1.77641964e-002
-1.26061194e-001
7.76766857e-002
-9.54408821e-002
-3.56143936e-001
-3.12712818e-001
0.00000000e+000
0.00000000e+000
0.00000000e+000
5.75428682e-001
5.27944266e-001
0.00000000e+000
0.00000000e+000
-1.43825390e-001
0.00000000e+000
-1.36851159e-001
0.00000000e+000
0.00000000e+000
1.47875889e-001
-5.31156905e-001
0.00000000e+000
0.00000000e+000
0.00000000e+000
0.00000000e+000
0.00000000e+000
0.00000000e+000
0.00000000e+000
0.00000000e+000
0.00000000e+000
0.00000000e+000
0.00000000e+000
-6.88675463e-002
1.18528521e-003
-6.88087709e-002
1.19033943e-003
0.00000000e+000
0.00000000e+000
6.25069772e-001
4.17605053e-001
7.17493353e-001
-9.44441442e-001
-5.17824445e-001
-4.33944459e-001
0.00000000e+000
0.00000000e+000
7.73818587e-001
1.67640212e-001
0.00000000e+000
0.00000000e+000
0.00000000e+000
0.00000000e+000
0.00000000e+000
0.00000000e+000
3.10000673e-001
7.06369738e-001
4.46526928e-001
1.38187621e-001
-5.63579787e-001
-1.95848297e+000
0.00000000e+000
0.00000000e+000
0.00000000e+000
0.00000000e+000
0.00000000e+000
0.00000000e+000
1.52906493e+000
2.47145104e-001
-6.00190888e-002
-3.24026523e-001
-4.53412637e-001
-8.63548610e-001
5.62396027e-001
5.82039978e-001
5.58433447e-001
5.50968643e-001
4.40888618e-001
4.00405502e-001
-6.85366898e-002
-1.49869107e-002
-4.24469562e-002
-1.31895657e-001
-5.66756680e-002
-4.38789695e-001
2.05307460e-001
5.77897687e-002
-1.76738470e-001
-7.07480011e-002
2.23242549e-002
-2.37348686e-001
0.00000000e+000
0.00000000e+000
0.00000000e+000
0.00000000e+000
2.39509565e-001
-4.02378480e-001
-9.67908017e-001
0.00000000e+000
1.20999426e-001
-7.07353858e-002
1.25347351e-001
-4.35179744e-001
5.02640405e-002
0.00000000e+000
0.00000000e+000
0.00000000e+000
4.27834354e-001
-4.91024166e-001
3.76701047e-001
-1.06581271e-002
-1.88183812e-001
4.99694146e-001
3.48650097e-001
2.90478292e-001
-3.97495017e-001
0.00000000e+000
5.27674525e-001
1.49714326e-001
-8.72525049e-001
4.93930370e-001
-9.54591410e-001
4.90602700e-001
5.76749287e-001
-6.64406404e-001
-1.64762140e-001
-3.88118980e-001
9.01889870e-002
2.76634947e-001
-8.61945967e-001
-5.30319033e-001
-2.24551306e-001
-2.35443796e-001
0.00000000e+000
0.00000000e+000
0.00000000e+000
-6.79859923e-002
-7.35171780e-002
6.87828428e-002
-1.40346073e-001
-9.35223771e-002
-6.29681618e-002
-2.34198220e-001
3.15654066e-001
-3.97445760e-001
0.00000000e+000
1.70054751e-002
1.22785778e-001
-3.87235124e-001
-2.33278750e-001
9.19374317e-001
1.48099042e-001
-1.24890972e-002
4.92410460e-002
-9.73341166e-002
-7.60655122e-002
-1.86445960e-001
-5.49738601e-001
-3.35130555e-001
-2.19145318e-001
-3.99249465e-002
-1.55635520e-001
-9.18508994e-001
-7.45179208e-001
-5.99869755e-001
1.15710574e-001
-2.89476832e-001
-6.69435202e-001
-9.61764980e-001
-3.09832393e-001
0.00000000e+000
0.00000000e+000
0.00000000e+000
-8.66608342e-001
-1.52842788e+000
6.66239248e-001
3.39182862e-001
-3.20960159e-001
7.84540061e-001
5.48211617e-001
3.45939726e-001
8.67636726e-002
0.00000000e+000
-8.66893154e-001
-3.41285135e-002
-4.23776076e-001
1.00852020e+000
-5.57284361e-001
4.46527691e-001
7.55071548e-001
-7.88449273e-001
2.37134684e-001
-1.41435942e-001
2.35773903e-001
4.40391792e-001
8.18238838e-002
2.17071029e-003
1.09891681e-001
-3.71943975e-001
0.00000000e+000
0.00000000e+000
0.00000000e+000
1.08488273e-001
5.04596068e-001
-2.92963951e-001
3.20301585e-001
-4.90421710e-001
1.15425329e-001
7.65459498e-002
-3.93989427e-001
3.83304166e-001
0.00000000e+000
4.29886572e-001
-5.10835454e-002
-6.23677861e-002
-5.59826312e-002
-8.57171409e-001
-3.10451308e-001
-2.59095966e-001
7.39842902e-002
-4.46822011e-002
4.33733727e-001
-2.04617889e-001
6.41875125e-002
7.42068873e-002
-1.19802416e-001
-5.45606295e-001
-3.15044441e-001
3.18733387e-001
6.42891303e-001
3.60360999e-001
-2.30561855e-001
1.54467760e-001
8.99856649e-001
1.90413108e-001
2 1
-3.4453e-001 -1.2538e-002
2 1
0 1 
217
3.84224749e-001
4.49161164e-002
-4.27291032e-001
-6.26466292e-001
-8.49451457e-002
9.83911120e-002
5.78236504e-002
2.67489857e-001
4.17283363e-001
2.65808828e-002
2.78527896e-001
-3.44388803e-001
-2.84465014e-001
-9.83620308e-002
0.00000000e+000
0.00000000e+000
0.00000000e+000
3.13379409e-003
-3.78613796e-003
3.53797634e-001
-1.72835403e-001
2.45590612e-003
1.87261877e-001
5.53968013e-001
9.27618420e-004
-1.19241191e-003
0.00000000e+000
0.00000000e+000
1.82590658e-002
-5.83018859e-002
5.43102405e-001
-7.39476473e-001
5.97410710e-002
5.60942221e-001
0.00000000e+000
0.00000000e+000
0.00000000e+000
-2.28914206e-001
6.13138956e-001
0.00000000e+000
0.00000000e+000
0.00000000e+000
0.00000000e+000
0.00000000e+000
0.00000000e+000
-1.38361752e-002
-2.15078031e-001
6.13138956e-001
0.00000000e+000
0.00000000e+000
0.00000000e+000
0.00000000e+000
0.00000000e+000
0.00000000e+000
0.00000000e+000
0.00000000e+000
0.00000000e+000
0.00000000e+000
0.00000000e+000
0.00000000e+000
6.13138956e-001
-2.15078031e-001
-1.38361752e-002
0.00000000e+000
-2.15078031e-001
-9.72964135e-001
7.02243848e-001
1.43931495e+000
-1.02941068e-001
1.59948432e+000
0.00000000e+000
-1.38361752e-002
-1.05789026e+000
3.80535121e-001
-1.65441605e+000
1.75258033e-002
-2.56531746e-001
0.00000000e+000
0.00000000e+000
0.00000000e+000
0.00000000e+000
0.00000000e+000
0.00000000e+000
0.00000000e+000
0.00000000e+000
0.00000000e+000
0.00000000e+000
0.00000000e+000
0.00000000e+000
0.00000000e+000
0.00000000e+000
0.00000000e+000
0.00000000e+000
0.00000000e+000
0.00000000e+000
0.00000000e+000
0.00000000e+000
0.00000000e+000
0.00000000e+000
0.00000000e+000
0.00000000e+000
0.00000000e+000
0.00000000e+000
0.00000000e+000
0.00000000e+000
0.00000000e+000
0.00000000e+000
0.00000000e+000
0.00000000e+000
0.00000000e+000
0.00000000e+000
0.00000000e+000
0.00000000e+000
0.00000000e+000
0.00000000e+000
0.00000000e+000
0.00000000e+000
0.00000000e+000
0.00000000e+000
-8.03240426e-001
-1.25397609e+000
-8.02995833e-001
0.00000000e+000
0.00000000e+000
0.00000000e+000
2.69672254e-001
-7.12326080e-001
1.18457846e-002
3.65177403e-001
-5.54467077e-001
1.83283303e-001
2.68805678e-001
5.36101789e-001
-1.08942258e-001
0.00000000e+000
-5.05148413e-002
-4.03075186e-001
-1.02935505e+000
6.05486842e-002
3.89318993e-001
8.17845880e-001
4.82066407e-001
-8.26932792e-001
-3.48177047e-001
-1.53871675e-001
-2.44152399e-001
0.00000000e+000
0.00000000e+000
0.00000000e+000
2.76121078e-001
-1.12071598e+000
-2.40556552e-002
1.72284710e-001
-5.75819113e-001
1.45935396e-001
1.48268713e-001
1.75516747e-001
-9.49514642e-003
0.00000000e+000
4.94198588e-001
-4.43560603e-001
-1.45057869e-001
2.07558362e-001
-7.02320092e-002
7.02944407e-002
1.74659678e-001
-2.00263537e-001
9.08415356e-002
3.89368269e-001
-1.31155945e+000
0.00000000e+000
0.00000000e+000
0.00000000e+000
-7.62625604e-002
-6.01070658e-001
-8.53283677e-003
-3.86883760e-002
-4.71234297e-001
4.63408053e-001
4.53353881e-001
-1.41692405e-002
-2.20491228e-001
0.00000000e+000
6.98687031e-001
-2.72925849e-001
-7.20856220e-001
1.94639056e-001
-4.19362153e-001
1.45098737e-001
1.37791541e-001
-5.18102670e-001
-1.76901947e-001
1.34060289e-001
-3.63954985e-002
0.00000000e+000
0.00000000e+000
0.00000000e+000
1.75736878e-001
-8.33243477e-001
6.45417947e-002
2.08391020e-001
-3.52996824e-001
1.44349992e-001
5.05492484e-002
1.29153843e-001
-1.29147891e-001
0.00000000e+000
1.03820031e-001
-5.30249773e-002
-1.94301945e-001
2.08330733e-001
3.00990696e-001
1.31079005e-001
7.50062091e-002
-2.50833607e-001
4.92783892e-002
1.35925384e-001
136
7.29219924e-001
0.00000000e+000
0.00000000e+000
-5.06758562e-003
2.36148923e-003
2.08483769e-001
2.89943189e-003
5.28110739e-001
1.62918076e-003
0.00000000e+000
0.00000000e+000
2.97713803e-001
8.72920088e-002
5.26807129e-001
-6.49592249e-001
1.96796386e-002
4.53333039e-001
0.00000000e+000
0.00000000e+000
0.00000000e+000
9.47567049e-003
7.22485936e-001
0.00000000e+000
0.00000000e+000
0.00000000e+000
0.00000000e+000
0.00000000e+000
0.00000000e+000
9.01536756e-001
-8.92061085e-001
7.22485936e-001
0.00000000e+000
0.00000000e+000
0.00000000e+000
0.00000000e+000
0.00000000e+000
0.00000000e+000
0.00000000e+000
0.00000000e+000
0.00000000e+000
0.00000000e+000
0.00000000e+000
0.00000000e+000
0.00000000e+000
0.00000000e+000
0.00000000e+000
0.00000000e+000
-8.93568603e-001
2.77489518e-001
-8.92800907e-001
-1.24774791e+000
0.00000000e+000
8.99974565e-001
-2.69817849e-001
5.94774435e-001
-9.54615572e-001
0.00000000e+000
0.00000000e+000
0.00000000e+000
0.00000000e+000
7.22485936e-001
-8.92061085e-001
9.01536756e-001
0.00000000e+000
0.00000000e+000
0.00000000e+000
0.00000000e+000
0.00000000e+000
0.00000000e+000
0.00000000e+000
0.00000000e+000
0.00000000e+000
0.00000000e+000
0.00000000e+000
0.00000000e+000
0.00000000e+000
0.00000000e+000
0.00000000e+000
0.00000000e+000
0.00000000e+000
0.00000000e+000
0.00000000e+000
0.00000000e+000
0.00000000e+000
0.00000000e+000
0.00000000e+000
-8.13151525e-001
-9.88634841e-001
-1.15786132e+000
0.00000000e+000
0.00000000e+000
0.00000000e+000
5.05315689e-001
-1.96009906e+000
4.66016962e-001
5.82366606e-001
-1.43016118e+000
5.23624391e-001
4.82743403e-001
1.07912994e+000
-3.83724522e-001
0.00000000e+000
5.32549487e-001
-6.22549312e-001
-1.29518717e+000
4.02700751e-001
1.18308111e+000
7.59503184e-001
3.06128993e-001
-1.78262876e+000
-5.97136149e-001
9.04643277e-002
-1.18872232e+000
0.00000000e+000
0.00000000e+000
0.00000000e+000
3.61787325e-001
-1.79407734e+000
1.39529170e-001
6.74172024e-001
-1.46148974e+000
8.53642018e-001
8.59907709e-001
1.25617931e-002
-2.26778901e-001
0.00000000e+000
1.17527257e+000
-4.61292649e-001
-1.04350017e+000
5.84956917e-001
-5.10249650e-001
2.13533643e-001
3.18910794e-001
-1.30761034e+000
-1.96297340e-001
6.18299850e-001
8 1
-5.4202e-001 7.4603e-002
3 1
0 1 2 
217
3.37021350e-001
1.66764322e-001
-5.78232027e-001
6.38288530e-002
-4.73230720e-002
8.71957314e-002
1.04563302e-001
2.39054306e-001
3.58969129e-001
-5.29271627e-002
1.02651408e-001
-1.73645751e-001
-1.81839416e-001
-9.35001485e-002
0.00000000e+000
0.00000000e+000
0.00000000e+000
-2.04943966e-003
1.37271054e-003
1.35194384e-001
-2.31078300e-001
3.13786324e-003
2.45364785e-001
5.70149090e-001
9.35521955e-004
2.87159246e-002
0.00000000e+000
0.00000000e+000
-1.52732144e-001
-1.02873565e-001
4.83543894e-001
-4.85524243e-001
7.30680214e-002
5.21539387e-001
0.00000000e+000
0.00000000e+000
0.00000000e+000
-1.67876980e-001
-1.48321038e-001
6.53219368e-001
0.00000000e+000
0.00000000e+000
0.00000000e+000
0.00000000e+000
0.00000000e+000
5.89522948e-002
-2.26829275e-001
4.94019359e-001
0.00000000e+000
-5.68026798e-001
-7.43135986e-002
6.53219368e-001
0.00000000e+000
0.00000000e+000
0.00000000e+000
0.00000000e+000
0.00000000e+000
0.00000000e+000
0.00000000e+000
0.00000000e+000
5.79211929e-001
-3.01142873e-001
5.89522948e-002
0.00000000e+000
-3.01142873e-001
-1.37201321e+000
6.88120322e-001
1.52913453e+000
-4.99560987e-002
1.23039317e+000
0.00000000e+000
-5.09074504e-001
-8.97457871e-001
7.06315408e-001
-1.56877866e+000
1.39780445e-001
-1.66035531e-001
0.00000000e+000
3.26142379e-001
-2.45924581e-001
1.57864817e-001
-9.74300033e-001
-1.46985845e-001
-4.20831521e-001
0.00000000e+000
0.00000000e+000
0.00000000e+000
0.00000000e+000
0.00000000e+000
0.00000000e+000
0.00000000e+000
0.00000000e+000
0.00000000e+000
0.00000000e+000
0.00000000e+000
0.00000000e+000
0.00000000e+000
0.00000000e+000
0.00000000e+000
0.00000000e+000
0.00000000e+000
0.00000000e+000
0.00000000e+000
0.00000000e+000
0.00000000e+000
0.00000000e+000
0.00000000e+000
0.00000000e+000
0.00000000e+000
0.00000000e+000
0.00000000e+000
0.00000000e+000
0.00000000e+000
0.00000000e+000
0.00000000e+000
0.00000000e+000
0.00000000e+000
0.00000000e+000
0.00000000e+000
-7.74237879e-001
-1.12208660e+000
-6.88983817e-001
0.00000000e+000
0.00000000e+000
0.00000000e+000
2.22645495e-001
-6.05639202e-001
2.42335961e-001
2.75551871e-001
-5.60181186e-001
3.35555442e-001
2.89680676e-001
3.84783613e-001
1.51699699e-002
0.00000000e+000
6.90785427e-002
-3.23099804e-001
-8.37719564e-001
4.57538229e-002
1.13465769e-001
4.87487801e-001
3.86724933e-001
-7.74052947e-001
-3.09158059e-001
-1.47366952e-001
-2.56649933e-001
0.00000000e+000
0.00000000e+000
0.00000000e+000
2.81891909e-001
-8.06531055e-001
1.15300330e-001
1.61231602e-001
-5.42141057e-001
5.04639547e-002
1.35809658e-001
1.82515080e-001
-1.33951546e-001
0.00000000e+000
4.18574473e-001
-5.70323519e-001
-2.14891129e-001
2.39442246e-001
6.03978487e-002
9.14123698e-002
9.81413987e-002
-2.54049936e-001
5.91009196e-002
3.70956519e-001
-1.06179761e+000
0.00000000e+000
0.00000000e+000
0.00000000e+000
1.22863522e-002
-5.78388256e-001
-6.27036587e-002
-1.50805679e-002
-4.55358111e-001
4.56515525e-001
2.68931118e-001
1.45681616e-002
-2.76827982e-001
0.00000000e+000
7.26268128e-001
-2.11821173e-001
-7.07253934e-001
2.20335404e-001
-2.56458753e-001
9.92760594e-002
8.90110928e-002
-4.54466675e-001
-1.21979591e-001
1.91349247e-001
-1.04231248e-001
0.00000000e+000
0.00000000e+000
0.00000000e+000
1.41168331e-001
-8.55596173e-001
6.89838747e-002
1.89837432e-001
-4.01874958e-001
1.60551494e-001
1.24645299e-001
1.03173309e-001
-5.88827628e-002
0.00000000e+000
9.92612016e-002
-6.27897748e-002
-1.64981251e-001
2.25722412e-001
2.25185672e-001
1.30707784e-001
8.97851438e-002
-2.84110077e-001
4.91900865e-002
1.15791708e-001
136
8.01987083e-001
0.00000000e+000
0.00000000e+000
-2.63491321e-002
3.74099619e-003
2.61779610e-001
3.00513172e-003
5.69294182e-001
1.73675695e-003
0.00000000e+000
0.00000000e+000
3.33339088e-001
1.33406424e-001
6.13464083e-001
-7.11735454e-001
7.78245108e-003
4.32763010e-001
0.00000000e+000
0.00000000e+000
0.00000000e+000
-1.29308926e-001
2.01106846e-001
7.30908417e-001
0.00000000e+000
0.00000000e+000
0.00000000e+000
0.00000000e+000
0.00000000e+000
3.12298050e-001
-4.41606976e-001
8.90876338e-001
0.00000000e+000
4.54507255e-001
-1.14427675e+000
7.30908417e-001
0.00000000e+000
0.00000000e+000
0.00000000e+000
0.00000000e+000
0.00000000e+000
0.00000000e+000
0.00000000e+000
0.00000000e+000
0.00000000e+000
0.00000000e+000
0.00000000e+000
0.00000000e+000
-1.58297839e+000
4.15269989e-001
-8.11790740e-001
-1.06085733e+000
0.00000000e+000
7.67335663e-001
-3.01586619e-001
6.31443869e-001
-9.51768651e-001
0.00000000e+000
7.62097770e-001
-1.17398994e-001
3.62281248e-001
-6.02696525e-001
-1.58588372e+000
3.12298050e-001
0.00000000e+000
0.00000000e+000
0.00000000e+000
0.00000000e+000
0.00000000e+000
0.00000000e+000
0.00000000e+000
0.00000000e+000
0.00000000e+000
0.00000000e+000
0.00000000e+000
0.00000000e+000
0.00000000e+000
0.00000000e+000
0.00000000e+000
0.00000000e+000
0.00000000e+000
0.00000000e+000
0.00000000e+000
0.00000000e+000
0.00000000e+000
0.00000000e+000
0.00000000e+000
-7.80732065e-001
-9.94239818e-001
-1.16157464e+000
0.00000000e+000
0.00000000e+000
0.00000000e+000
5.52557205e-001
-2.13272190e+000
3.08937397e-001
5.91239522e-001
-1.45067744e+000
5.33253065e-001
4.92651359e-001
1.10563367e+000
-3.40409356e-001
0.00000000e+000
5.79796207e-001
-6.12871498e-001
-1.36366251e+000
3.83098154e-001
1.15545329e+000
8.54608663e-001
4.34127615e-001
-1.78684448e+000
-5.84990650e-001
1.19247032e-001
-1.22139902e+000
0.00000000e+000
0.00000000e+000
0.00000000e+000
3.68573875e-001
-1.81502200e+000
1.56973271e-001
6.80582847e-001
-1.42442161e+000
8.46767003e-001
8.53668525e-001
3.01459179e-002
-2.44052463e-001
0.00000000e+000
1.16532875e+000
-4.43377129e-001
-1.08351024e+000
5.89639971e-001
-5.07746791e-001
2.26712084e-001
3.07714322e-001
-1.31689902e+000
-2.33767740e-001
6.21291405e-001
4 1
-7.3052e-001 1.3707e-001
4 0
0 1 2 8 
217
-3.08327501e-001
-5.03396077e-001
6.43884138e-001
1.12534712e-001
-3.12310753e-002
-7.93426914e-002
-9.00074942e-002
-1.14108074e-001
-1.89892659e-001
1.39695260e-001
-3.28084845e-002
-7.24710589e-002
3.56122114e-002
3.23367480e-001
0.00000000e+000
0.00000000e+000
0.00000000e+000
-1.62046967e-001
3.83118977e-003
-2.21779867e-001
2.92691464e-001
-2.16961863e-003
-1.19595619e-001
-4.44111483e-001
4.65480464e-004
9.76745329e-002
0.00000000e+000
0.00000000e+000
-5.83530210e-001
-1.57076984e-001
3.99262499e-001
-1.46515150e-001
1.20351524e-001
6.19092088e-002
0.00000000e+000
0.00000000e+000
0.00000000e+000
-3.47695976e-001
-4.43451279e-001
-2.29227320e-002
5.05742486e-001
0.00000000e+000
0.00000000e+000
0.00000000e+000
0.00000000e+000
-9.26190254e-002
-2.55076951e-001
4.53085811e-002
0.00000000e+000
2.29191700e-001
-3.27530707e-001
3.66582712e-001
0.00000000e+000
-2.69297622e-001
-1.21123231e-001
4.24201037e-001
0.00000000e+000
-8.93455544e-001
7.97490626e-002
5.05742486e-001
4.08273350e-001
-6.23981826e-001
-9.26190254e-002
0.00000000e+000
-6.23981826e-001
-1.30846753e+000
2.80367731e-001
1.67448508e+000
3.52865941e-002
4.79121822e-001
0.00000000e+000
-1.02345210e+000
-8.73170341e-001
3.59170644e-001
-1.38537509e+000
3.58682346e-001
1.24838623e-001
0.00000000e+000
-2.65878823e-001
-4.99744637e-001
1.03021310e-001
-6.00736566e-001
-1.42741600e-001
2.52690112e-001
0.00000000e+000
-3.14153014e-002
2.50180075e-002
-2.09682633e-002
-5.85572665e-001
-2.53215548e-001
1.70729674e-001
0.00000000e+000
0.00000000e+000
0.00000000e+000
0.00000000e+000
0.00000000e+000
0.00000000e+000
0.00000000e+000
0.00000000e+000
0.00000000e+000
0.00000000e+000
0.00000000e+000
0.00000000e+000
0.00000000e+000
0.00000000e+000
0.00000000e+000
0.00000000e+000
0.00000000e+000
0.00000000e+000
0.00000000e+000
0.00000000e+000
0.00000000e+000
0.00000000e+000
0.00000000e+000
0.00000000e+000
0.00000000e+000
0.00000000e+000
0.00000000e+000
0.00000000e+000
-8.25330857e-001
-1.08534407e+000
-1.30406476e+000
0.00000000e+000
0.00000000e+000
0.00000000e+000
3.96926548e-001
-5.70428847e-001
1.77279977e-002
9.29610454e-002
-5.43334218e-001
2.53000888e-001
1.07216850e-001
4.08334476e-001
4.65887933e-002
0.00000000e+000
1.98727511e-001
-8.86779477e-001
-1.09490801e+000
1.21091949e-001
8.90544156e-001
2.77434144e-001
2.50334728e-002
-7.53433793e-001
-2.56225004e-001
-3.45432466e-002
6.18854040e-002
0.00000000e+000
0.00000000e+000
0.00000000e+000
1.22503835e-001
-4.54785979e-001
6.13726014e-002
2.89358666e-001
-5.65411724e-001
1.04406764e-001
1.68768461e-001
5.63743313e-002
-8.51082300e-002
0.00000000e+000
2.66747688e-001
3.51702585e-001
-8.86938548e-002
1.86295232e-001
-3.90581767e-001
8.88303860e-002
1.10406969e-001
-3.56158414e-001
-6.64740728e-002
2.62331927e-001
-8.40292816e-001
0.00000000e+000
0.00000000e+000
0.00000000e+000
-1.59622634e-001
-7.56620231e-001
-3.88044804e-001
3.42225403e-001
-5.25186775e-001
8.77728439e-001
6.99017509e-001
-1.86803259e-001
-1.54030546e-001
0.00000000e+000
6.21214209e-001
-5.60139286e-002
-7.63057938e-001
2.47138209e-001
1.75175720e-002
2.30942777e-001
2.51569161e-002
-6.09736563e-001
-1.89639474e-001
-1.12477697e-001
-2.05911757e-001
0.00000000e+000
0.00000000e+000
0.00000000e+000
1.87477632e-001
-4.37720880e-001
1.89459811e-001
1.15911172e-002
-5.00303113e-001
1.83193563e-001
1.80062932e-001
2.62370962e-001
1.10950906e-001
0.00000000e+000
1.86353003e-003
-5.42000953e-002
-3.77714945e-001
1.24993415e-002
2.53144152e-001
7.27733302e-002
7.78329100e-002
-3.93496692e-001
-7.22271163e-002
8.65308987e-002
136
8.21485040e-001
0.00000000e+000
0.00000000e+000
2.29271938e-001
-1.64280296e-004
2.43170956e-001
5.49729625e-004
3.54170883e-001
-4.18228836e-004
0.00000000e+000
0.00000000e+000
-1.66373322e-001
-5.24022134e-002
7.20730959e-001
-3.84986564e-001
2.09965050e-001
4.97903420e-001
0.00000000e+000
0.00000000e+000
0.00000000e+000
-1.64938147e-001
1.15845390e-001
1.98373150e-001
6.72926608e-001
0.00000000e+000
0.00000000e+000
0.00000000e+000
0.00000000e+000
-1.80159664e-002
-1.46922180e-001
2.77120321e-001
0.00000000e+000
3.05152887e-001
-5.23650489e-001
6.89076308e-001
0.00000000e+000
3.04376556e-001
-2.47153885e-001
5.62221181e-001
0.00000000e+000
-3.23798557e-001
-7.29125782e-001
6.72926608e-001
0.00000000e+000
0.00000000e+000
0.00000000e+000
0.00000000e+000
-1.64667340e+000
6.09836841e-001
-7.52853203e-001
-1.16139140e+000
0.00000000e+000
2.67464981e-001
-2.02793834e-001
5.46714330e-001
-1.03025629e+000
0.00000000e+000
7.31376088e-001
-2.37315251e-001
3.63393055e-001
-4.72268063e-001
-1.64732436e+000
5.64494975e-001
-2.60259093e-001
3.02332694e-001
-1.17831277e-001
0.00000000e+000
0.00000000e+000
0.00000000e+000
0.00000000e+000
0.00000000e+000
0.00000000e+000
0.00000000e+000
0.00000000e+000
0.00000000e+000
0.00000000e+000
0.00000000e+000
0.00000000e+000
0.00000000e+000
0.00000000e+000
0.00000000e+000
0.00000000e+000
0.00000000e+000
0.00000000e+000
0.00000000e+000
0.00000000e+000
-7.42554572e-001
-9.94481243e-001
-1.19111370e+000
0.00000000e+000
0.00000000e+000
0.00000000e+000
6.06030700e-001
-2.38341557e+000
4.39616173e-001
5.58520527e-001
-1.48152244e+000
5.16993836e-001
5.18510896e-001
1.17930729e+000
-4.59965470e-001
0.00000000e+000
6.97599391e-001
-9.09496210e-001
-1.43551646e+000
3.95162951e-001
1.28758768e+000
9.21053575e-001
5.35214543e-001
-1.75678379e+000
-5.72625168e-001
1.52613853e-001
-1.22214291e+000
0.00000000e+000
0.00000000e+000
0.00000000e+000
4.17625533e-001
-1.94975577e+000
1.91364224e-001
6.96905363e-001
-1.39590363e+000
7.43013502e-001
7.25549716e-001
1.52310508e-002
-3.93979796e-001
0.00000000e+000
1.21400225e+000
-5.24777103e-001
-9.58963962e-001
7.16413834e-001
-6.18965544e-001
2.45969186e-001
3.66395972e-001
-1.22419763e+000
-1.96236106e-001
7.08166008e-001
7 1
-8.7261e-001 1.6980e-001
5 0
0 1 2 8 4 
217
-5.02081478e-002
-5.94138296e-001
5.71789540e-001
-1.63656878e-001
1.10588654e-001
-3.04209223e-002
-5.02900204e-004
-1.57616080e-001
-1.62395561e-001
1.20558550e-001
-8.11651501e-003
-1.43954794e-002
1.02181735e-002
1.26660777e-001
0.00000000e+000
0.00000000e+000
0.00000000e+000
-1.16365069e-002
5.54438787e-004
-1.85220587e-001
2.88366889e-001
-1.72610865e-003
-1.71096308e-001
-3.29379401e-001
3.54797395e-004
8.79295418e-002
0.00000000e+000
0.00000000e+000
-3.43597678e-001
-5.36593289e-002
3.65784640e-001
-1.73569393e-001
5.53559423e-002
9.94776698e-002
0.00000000e+000
0.00000000e+000
0.00000000e+000
-2.60094974e-001
-3.67624124e-001
-7.47659233e-002
1.97286782e-001
4.54990092e-001
0.00000000e+000
0.00000000e+000
0.00000000e+000
-1.69549019e-001
-3.51970143e-001
1.90826828e-001
0.00000000e+000
2.67226136e-001
-4.81295421e-001
4.82312613e-001
0.00000000e+000
-2.02787849e-001
-2.70009491e-001
5.62231920e-001
0.00000000e+000
-7.40079219e-001
-9.01935740e-002
7.53079070e-001
-2.88260120e-001
4.07600992e-001
-1.69549019e-001
0.00000000e+000
-1.19346863e+000
-1.23408727e+000
6.18524796e-001
1.60340785e+000
5.24735685e-001
5.30278890e-001
0.00000000e+000
-8.45189951e-001
-7.49133662e-001
4.62001995e-001
-1.25567017e+000
3.32979809e-001
-4.32380502e-002
0.00000000e+000
-2.41257753e-001
-4.94786959e-001
2.10851112e-001
-5.91786131e-001
-1.98015067e-002
2.62081411e-001
0.00000000e+000
-6.24490056e-002
4.74318545e-002
1.30453234e-001
-5.49897588e-001
-1.18212376e-001
1.71717508e-001
0.00000000e+000
2.46868005e-001
-8.94714404e-002
-1.05182171e-001
-3.93860834e-001
-1.91893981e-001
-1.51821827e-001
0.00000000e+000
0.00000000e+000
0.00000000e+000
0.00000000e+000
0.00000000e+000
0.00000000e+000
0.00000000e+000
0.00000000e+000
0.00000000e+000
0.00000000e+000
0.00000000e+000
0.00000000e+000
0.00000000e+000
0.00000000e+000
0.00000000e+000
0.00000000e+000
0.00000000e+000
0.00000000e+000
0.00000000e+000
0.00000000e+000
0.00000000e+000
-7.87472624e-001
-1.04964522e+000
-1.17078148e+000
0.00000000e+000
0.00000000e+000
0.00000000e+000
2.39149301e-001
-4.99978836e-001
-1.02623843e-002
1.57309529e-001
-5.05780176e-001
1.34466267e-001
2.40840653e-001
1.89350080e-001
-1.98405257e-002
0.00000000e+000
2.68643533e-001
-4.74688306e-001
-8.92190471e-001
1.75252318e-001
4.78270524e-001
2.27287577e-001
-6.57713428e-003
-7.20089641e-001
-2.58779052e-001
1.06835259e-001
-1.46964638e-002
0.00000000e+000
0.00000000e+000
0.00000000e+000
2.32144301e-001
-6.40855964e-001
-4.40460038e-003
2.31575420e-001
-5.70881380e-001
1.99057310e-001
1.67062379e-001
1.84646234e-001
-8.51759860e-002
0.00000000e+000
2.84254694e-001
7.22307262e-002
-2.06075539e-001
1.61018689e-001
-2.49215900e-001
1.52086310e-001
1.57414722e-001
-3.05584073e-001
-3.78366084e-002
2.43842803e-001
-9.55010891e-001
0.00000000e+000
0.00000000e+000
0.00000000e+000
-2.84758624e-001
-5.32074089e-001
3.60310207e-001
1.72412917e-001
-4.16157809e-001
8.33986091e-001
5.27794362e-001
-1.79274847e-001
-2.32968605e-001
0.00000000e+000
3.22620305e-001
-1.85431152e-001
-6.96118034e-001
1.54990886e-001
5.91468328e-003
-6.26885170e-002
-1.25476704e-001
-4.03358164e-001
-1.78358245e-001
-3.63755513e-002
-1.32516784e-001
0.00000000e+000
0.00000000e+000
0.00000000e+000
2.38503454e-001
-2.90353688e-001
4.35378779e-002
1.13686778e-001
-3.25882360e-001
3.30180290e-001
7.67991221e-002
1.78754973e-001
-4.74194633e-002
0.00000000e+000
1.31544753e-001
-1.93673696e-001
-4.28959530e-001
5.18758073e-002
1.23156234e-001
1.66203500e-001
1.35619529e-001
-4.20416850e-001
-9.03739713e-002
7.47004559e-002
136
7.37269371e-001
0.00000000e+000
0.00000000e+000
1.70882909e-001
3.92019906e-004
3.02009135e-001
-4.12255212e-004
2.72157776e-001
-3.16976923e-004
0.00000000e+000
0.00000000e+000
-1.97345133e-001
-6.17972022e-002
7.15656905e-001
-3.69961560e-001
2.16640853e-001
4.40950354e-001
0.00000000e+000
0.00000000e+000
0.00000000e+000
1.72249596e-002
-1.38878973e-001
1.84975649e-002
2.65133134e-001
5.76601057e-001
0.00000000e+000
0.00000000e+000
0.00000000e+000
-1.45054865e-001
-4.00078882e-001
4.97889611e-001
0.00000000e+000
3.96881888e-001
-5.11833346e-001
7.14084835e-001
0.00000000e+000
3.97847336e-001
-2.71375428e-001
5.82790387e-001
0.00000000e+000
-4.28267738e-001
-9.16220647e-001
8.21914591e-001
0.00000000e+000
0.00000000e+000
0.00000000e+000
0.00000000e+000
-2.09627014e+000
6.27144927e-001
-7.75446297e-001
-1.12419962e+000
0.00000000e+000
2.20208116e-001
-2.44012570e-001
5.52749937e-001
-1.02061737e+000
0.00000000e+000
6.60819655e-001
-2.11796368e-001
3.69345601e-001
-5.39557497e-001
-1.30623426e+000
4.05635871e-001
-2.52442150e-001
2.73971575e-001
-1.17092136e-001
0.00000000e+000
6.21823626e-001
-4.17128913e-001
1.73066298e-001
-2.37616614e-002
0.00000000e+000
0.00000000e+000
0.00000000e+000
0.00000000e+000
0.00000000e+000
0.00000000e+000
0.00000000e+000
0.00000000e+000
0.00000000e+000
0.00000000e+000
0.00000000e+000
0.00000000e+000
0.00000000e+000
0.00000000e+000
0.00000000e+000
-7.53264725e-001
-9.92495587e-001
-1.17486370e+000
0.00000000e+000
0.00000000e+000
0.00000000e+000
5.84986641e-001
-2.23870968e+000
4.37130777e-001
5.50737351e-001
-1.48985775e+000
4.87375793e-001
4.82400641e-001
1.14358317e+000
-4.06455589e-001
0.00000000e+000
6.56369149e-001
-7.91465264e-001
-1.40224190e+000
3.97380778e-001
1.24148839e+000
8.73420948e-001
4.79058173e-001
-1.75337133e+000
-5.54712636e-001
1.28018648e-001
-1.22925643e+000
0.00000000e+000
0.00000000e+000
0.00000000e+000
4.03733230e-001
-2.08930472e+000
5.60375464e-002
6.78808082e-001
-1.48807633e+000
5.94208574e-001
8.61651531e-001
3.87216565e-002
-2.52600216e-001
0.00000000e+000
1.20371342e+000
-3.86589285e-001
-9.59676321e-001
6.97455945e-001
-4.47979834e-001
2.63779228e-001
3.42789663e-001
-1.25994789e+000
-1.59889720e-001
6.73909011e-001
6 1
-1.2079e+000 2.1650e-001
6 1
0 1 2 8 4 7 
217
2.32573169e-001
-3.56979937e-001
-1.17551361e-001
-9.42166402e-002
-1.61735311e-002
6.12348484e-002
7.45035845e-002
-9.94277475e-002
2.63314248e-002
-1.45916644e-001
-3.08711019e-002
6.80604531e-002
1.78782793e-001
1.23573113e-001
0.00000000e+000
0.00000000e+000
0.00000000e+000
-5.58169468e-002
-2.87743968e-003
3.34909699e-001
-2.42519571e-001
4.90009674e-003
3.12787623e-001
5.30982771e-001
1.42783284e-003
1.09630415e-001
0.00000000e+000
0.00000000e+000
4.52459403e-001
2.47355936e-001
5.77457011e-001
-1.11804088e+000
-1.80298319e-001
2.53713102e-001
0.00000000e+000
0.00000000e+000
0.00000000e+000
1.26500480e-001
-4.33181356e-001
-2.74835227e-001
-3.05329093e-002
2.26859313e-001
6.17762868e-001
0.00000000e+000
0.00000000e+000
5.22856406e-002
-3.66620557e-001
1.60847999e-001
0.00000000e+000
-6.95318522e-002
-3.62973864e-001
6.44598612e-001
0.00000000e+000
-1.87846438e-001
-3.36837353e-001
6.37976124e-001
0.00000000e+000
-6.44809139e-001
-1.30346366e-001
8.35830362e-001
3.53014352e-001
-1.72726824e-001
5.22856406e-002
0.00000000e+000
-1.19677814e+000
-1.09979290e+000
7.54804464e-001
1.29222247e+000
6.74546844e-001
1.28941366e+000
0.00000000e+000
-8.49901788e-001
-1.14233533e+000
7.49035729e-001
-6.33010940e-001
3.33439227e-001
-1.13433778e-001
0.00000000e+000
-4.01945836e-002
-3.43024190e-001
2.45301390e-001
-6.32782901e-001
2.74663628e-002
-1.33963281e-001
0.00000000e+000
5.86059788e-002
9.15255225e-002
2.02719153e-001
-5.65434555e-001
-2.87519628e-002
-1.60115847e-001
0.00000000e+000
2.53281864e-001
-1.37324886e-001
-4.05925420e-002
-5.36036133e-001
1.98838466e-002
-8.99223317e-002
0.00000000e+000
1.60514577e-002
-1.60135367e-001
9.94814333e-002
-4.70284581e-001
1.17040278e-001
1.16657755e-001
0.00000000e+000
0.00000000e+000
0.00000000e+000
0.00000000e+000
0.00000000e+000
0.00000000e+000
0.00000000e+000
0.00000000e+000
0.00000000e+000
0.00000000e+000
0.00000000e+000
0.00000000e+000
0.00000000e+000
0.00000000e+000
-9.26087264e-001
-1.15652151e+000
-1.04970338e+000
0.00000000e+000
0.00000000e+000
0.00000000e+000
4.56661998e-001
-6.83888155e-001
-3.43978340e-001
-2.94800534e-001
-5.43181440e-001
-6.96702728e-002
1.67826058e-001
4.66281473e-001
3.42438912e-001
0.00000000e+000
6.27916350e-001
-6.84684705e-001
-9.19592073e-001
5.30198199e-001
5.17787861e-001
1.89934802e-002
-2.84407423e-001
-7.14646675e-001
-5.71340909e-002
4.18176003e-001
-1.30512617e-001
0.00000000e+000
0.00000000e+000
0.00000000e+000
1.06520455e-001
-7.73614460e-001
1.52666114e-001
2.42964047e-001
-4.89853195e-001
2.10064277e-001
1.23707528e-001
1.72368786e-001
-8.84756492e-002
0.00000000e+000
1.54428164e-001
-1.23411178e-001
-1.90840994e-001
1.20713967e-002
3.38368820e-002
2.96291909e-001
2.73671040e-001
-2.50171358e-001
-4.93233708e-002
5.65869894e-002
-1.26154011e+000
0.00000000e+000
0.00000000e+000
0.00000000e+000
2.13789299e-001
-5.31464358e-001
-7.23804721e-002
-1.03667033e-001
-5.58340614e-001
5.12231519e-001
4.87773736e-001
-5.88924481e-002
-2.42960554e-001
0.00000000e+000
6.57716198e-001
-3.27989163e-001
-6.09441559e-001
1.91661454e-001
-1.36500641e-001
-6.36801021e-002
-8.31176101e-002
-5.79622142e-001
-9.03442165e-002
1.33688596e-001
-2.88206063e-002
0.00000000e+000
0.00000000e+000
0.00000000e+000
6.65879634e-002
-7.19062284e-001
8.11478821e-002
3.10256432e-001
-3.06196403e-001
1.19597267e-001
1.22466104e-001
1.40262129e-001
-2.08874942e-002
0.00000000e+000
1.59820139e-001
4.03198243e-002
-2.49194994e-001
1.85769962e-001
9.98734073e-002
9.52502182e-002
6.47545154e-002
-3.01397497e-001
-5.63744540e-002
1.38186677e-001
136
4.38054198e-001
0.00000000e+000
0.00000000e+000
-3.16453983e-003
5.57834580e-004
-2.70279798e-004
3.98902753e-003
4.42464457e-001
1.37437416e-003
0.00000000e+000
0.00000000e+000
1.62407847e-001
-2.77994498e-002
5.66008655e-001
-5.92531945e-001
-4.64108371e-002
3.77576750e-001
0.00000000e+000
0.00000000e+000
0.00000000e+000
3.89942836e-002
-1.21582803e-001
-1.42624446e-001
5.80664179e-002
2.00883420e-001
4.04501703e-001
0.00000000e+000
0.00000000e+000
-6.26378564e-002
-4.12693101e-001
4.02463191e-001
0.00000000e+000
4.29840583e-001
-5.90783196e-001
6.32089584e-001
0.00000000e+000
3.40384150e-001
-3.26208230e-001
5.49304486e-001
0.00000000e+000
-4.71995846e-001
-8.07000685e-001
7.55475495e-001
0.00000000e+000
0.00000000e+000
0.00000000e+000
0.00000000e+000
-2.13683258e+000
7.01497883e-001
-7.31404830e-001
-1.16351960e+000
0.00000000e+000
2.35815705e-001
-3.29625105e-001
6.04455894e-001
-8.94185566e-001
0.00000000e+000
4.90837316e-001
-1.59525220e-001
3.20612888e-001
-5.51541762e-001
-1.01259485e+000
3.35866023e-001
-2.30526619e-001
2.67754386e-001
-1.51616424e-001
0.00000000e+000
3.52937101e-001
-3.70261138e-001
1.26420509e-001
-3.23108355e-002
0.00000000e+000
2.56753613e-001
-2.57088989e-001
1.09677889e-001
-1.73293320e-001
0.00000000e+000
0.00000000e+000
0.00000000e+000
0.00000000e+000
0.00000000e+000
0.00000000e+000
0.00000000e+000
0.00000000e+000
0.00000000e+000
0.00000000e+000
-7.21021770e-001
-9.69283361e-001
-1.15441304e+000
0.00000000e+000
0.00000000e+000
0.00000000e+000
5.89743446e-001
-2.07737663e+000
4.13715991e-001
6.33531983e-001
-1.46825021e+000
5.11374316e-001
5.09936913e-001
1.07482840e+000
-5.13527381e-001
0.00000000e+000
6.26671315e-001
-6.57251494e-001
-1.39602093e+000
3.57269591e-001
1.14665393e+000
8.40238541e-001
4.90268588e-001
-1.79159464e+000
-6.05428066e-001
1.60803298e-001
-1.19643461e+000
0.00000000e+000
0.00000000e+000
0.00000000e+000
3.45774058e-001
-1.82547312e+000
1.28044343e-001
6.36924939e-001
-1.42438035e+000
9.31121444e-001
8.36446560e-001
3.54463783e-002
-2.89809388e-001
0.00000000e+000
1.10457051e+000
-4.63536950e-001
-1.05161195e+000
6.04863189e-001
-4.27763757e-001
2.57323849e-001
3.25758783e-001
-1.27601836e+000
-2.19723303e-001
5.75608525e-001
3 2
-1.1379e+000 2.1437e-001
7 -1
0 1 2 8 4 7 6 
217
7.87114167e-001
4.15759668e-002
-7.67126840e-001
-2.48447382e-001
2.07610297e-001
-4.49982372e-002
1.81936451e-001
5.15087767e-002
3.10299499e-001
1.25793283e-002
2.20975720e-001
-3.25647244e-001
-1.33707799e-001
3.92829925e-001
5.41669535e-001
1.37797592e-003
2.15294382e-001
6.05578236e-001
-3.98309773e-003
2.88893480e-001
2.12678003e-001
-1.87386964e-003
1.22121236e-001
-5.72811607e-001
1.73456261e-003
3.90594862e-001
0.00000000e+000
0.00000000e+000
6.34843215e-001
5.77089991e-001
7.87166600e-001
-7.30106498e-001
-3.48992339e-001
-1.29895022e-001
0.00000000e+000
0.00000000e+000
0.00000000e+000
1.49290458e-001
-2.48398168e-001
-1.76118682e-001
-1.19361724e-002
9.42855873e-002
2.05916546e-001
7.74074597e-001
0.00000000e+000
-4.51788528e-001
5.47005101e-002
1.84262532e-001
0.00000000e+000
3.17506139e-001
-5.34474957e-001
6.54035667e-001
0.00000000e+000
-9.19068941e-002
-1.62108779e-001
4.69530343e-001
0.00000000e+000
-3.94660485e-001
-1.57263657e-001
8.99282276e-001
7.07868858e-002
-6.92721589e-002
7.85599440e-001
0.00000000e+000
-7.99146883e-001
-1.37380063e+000
9.42842662e-001
1.14671831e+000
6.43418388e-001
7.19745496e-001
0.00000000e+000
-6.18608197e-001
-8.55508689e-001
9.27039812e-001
-7.40627739e-001
4.80924123e-001
-4.64855527e-002
0.00000000e+000
4.93075413e-003
-7.03238603e-001
5.47330595e-001
-4.85712859e-001
2.37094389e-001
-9.23462112e-002
0.00000000e+000
2.26482934e-001
3.61319189e-003
5.00908480e-001
-3.33072974e-001
6.19643239e-002
-8.31672699e-003
0.00000000e+000
4.87294173e-001
-2.34017959e-001
1.81137483e-001
-3.32151788e-001
1.18682511e-001
-1.71738444e-001
0.00000000e+000
3.11379474e-001
-1.73665445e-001
2.62291149e-001
-2.53140307e-001
2.13443544e-001
-1.61553560e-001
0.00000000e+000
-2.94659374e-001
-1.47929775e-001
5.87892526e-001
-4.42701530e-001
4.96872796e-001
-3.73835199e-002
0.00000000e+000
0.00000000e+000
0.00000000e+000
0.00000000e+000
0.00000000e+000
0.00000000e+000
0.00000000e+000
-9.15333796e-001
-1.33474084e+000
-9.21309403e-001
0.00000000e+000
0.00000000e+000
0.00000000e+000
5.77768146e-001
-1.28225264e+000
2.73399059e-001
7.56641994e-002
-1.30609061e+000
4.89645966e-001
2.77402312e-001
6.27996551e-001
1.21213287e-001
0.00000000e+000
8.48625803e-001
-1.05946085e-001
-1.41124332e+000
2.85258172e-001
7.79254562e-001
4.31576895e-001
2.62717370e-001
-1.58002416e+000
-6.78412662e-001
3.92137753e-001
-2.35297318e-001
0.00000000e+000
0.00000000e+000
0.00000000e+000
-1.00712047e-002
-6.39924038e-001
-1.91714832e-002
4.29207146e-001
-1.60172594e-001
-7.12028482e-003
2.42119004e-001
1.07138025e-001
-3.48908183e-001
0.00000000e+000
-5.73717421e-002
-3.02909375e-001
-4.13957037e-002
1.13458961e-001
1.01329348e-002
1.64352839e-001
9.70996717e-002
-3.35018771e-002
2.44229301e-001
-2.24887140e-002
-1.24984340e+000
0.00000000e+000
0.00000000e+000
0.00000000e+000
2.03237401e-001
-1.98216994e+000
1.47618351e-001
4.86895922e-001
-1.18828494e+000
9.66790048e-001
7.32735898e-001
7.32818704e-002
-4.21303706e-001
0.00000000e+000
1.08326395e+000
-6.96173805e-001
-1.06739927e+000
8.71745127e-001
-1.11386326e-001
1.50485436e-001
1.91352229e-001
-1.15697874e+000
7.71986943e-002
3.89248404e-001
-6.63951690e-002
0.00000000e+000
0.00000000e+000
0.00000000e+000
2.85791556e-002
2.26127878e-001
-4.41622950e-002
-3.55855121e-002
-4.88364765e-002
-1.52860406e-001
-1.32353972e-001
3.82900630e-002
5.35423798e-001
0.00000000e+000
-1.84501308e-001
2.95897420e-001
-8.83072072e-002
-1.66374478e-001
1.57905377e-001
7.20012876e-002
1.40082558e-002
-1.36526474e-001
-2.80170511e-001
-1.64949763e-001
136
7.38247917e-001
9.27647442e-001
-2.54911096e-003
8.99983229e-001
-6.25914794e-003
-1.08484133e-001
-7.84521180e-003
-9.80898621e-001
-1.30712749e-003
0.00000000e+000
0.00000000e+000
6.58818294e-001
7.71234897e-001
1.12739713e+000
-7.77175015e-001
-6.03063747e-001
-4.37648378e-001
0.00000000e+000
0.00000000e+000
0.00000000e+000
3.21549358e-001
5.60884368e-003
-2.46395313e-001
-1.75095757e-001
-9.50561927e-002
7.16834157e-002
8.55953563e-001
0.00000000e+000
3.66025262e-001
-6.64493578e-001
7.24427852e-001
0.00000000e+000
4.16734906e-001
-9.48626478e-001
8.90174507e-001
0.00000000e+000
4.30887426e-001
-6.88294210e-001
8.47832550e-001
0.00000000e+000
-3.64704665e-001
-1.10903298e+000
8.37317327e-001
0.00000000e+000
0.00000000e+000
0.00000000e+000
0.00000000e+000
-3.41044725e+000
3.91198690e-001
-1.00801430e+000
-1.05113818e+000
0.00000000e+000
8.49328888e-001
-1.99436060e-001
7.06697929e-001
-9.04671450e-001
0.00000000e+000
1.01677126e+000
-7.03019851e-002
4.80302472e-001
-4.99656655e-001
-9.19157114e-001
1.88093424e-001
-2.16347053e-001
2.77480949e-001
-9.48550522e-002
0.00000000e+000
3.49851317e-001
-3.25214420e-001
1.51797644e-001
-1.08293641e-002
0.00000000e+000
3.39169752e-001
-2.27123908e-001
1.64795693e-001
-1.81175077e-001
0.00000000e+000
4.01122066e-001
-1.35314538e-001
3.41914018e-001
-1.75038137e-001
0.00000000e+000
0.00000000e+000
0.00000000e+000
0.00000000e+000
0.00000000e+000
-7.34238070e-001
-1.03901459e+000
-1.17344504e+000
0.00000000e+000
0.00000000e+000
0.00000000e+000
5.87755326e-001
-2.10451859e+000
4.04974567e-001
5.65099563e-001
-1.48392114e+000
5.35139592e-001
4.57422405e-001
1.05975209e+000
-4.16390551e-001
0.00000000e+000
6.78063241e-001
-7.07178426e-001
-1.39818061e+000
3.47616589e-001
1.08341983e+000
8.29698834e-001
4.77991178e-001
-1.70385649e+000
-5.89357518e-001
2.03025088e-001
-1.27550206e+000
0.00000000e+000
0.00000000e+000
0.00000000e+000
3.79455139e-001
-1.97764614e+000
1.84889679e-001
7.04495470e-001
-1.46659414e+000
9.55746579e-001
8.92545199e-001
3.37322117e-002
-4.87635507e-001
0.00000000e+000
1.13546517e+000
-4.94097139e-001
-1.05779701e+000
6.02268987e-001
-3.35242207e-001
2.61741249e-001
3.18591410e-001
-1.32502663e+000
-2.10943115e-001
6.10548739e-001
