0 1 -999999999 -1 -1
1 1 0 -1 -1
0.1673 -0.4996
356
9.01501682e-001
9.01501682e-001
0.00000000e+000
1.52295830e+000
-2.71478381e-001
-7.77236564e-001
8.57311274e-001
1.10228644e-001
6.36349143e-002
3.47630564e-001
1.56742796e-001
-3.11024679e-001
1.15915112e-001
7.20655578e-001
7.12211175e-001
9.00915450e-002
0.00000000e+000
0.00000000e+000
0.00000000e+000
0.00000000e+000
0.00000000e+000
0.00000000e+000
0.00000000e+000
0.00000000e+000
0.00000000e+000
0.00000000e+000
0.00000000e+000
0.00000000e+000
0.00000000e+000
0.00000000e+000
0.00000000e+000
0.00000000e+000
0.00000000e+000
0.00000000e+000
0.00000000e+000
0.00000000e+000
0.00000000e+000
0.00000000e+000
0.00000000e+000
0.00000000e+000
0.00000000e+000
0.00000000e+000
0.00000000e+000
0.00000000e+000
0.00000000e+000
0.00000000e+000
0.00000000e+000
0.00000000e+000
0.00000000e+000
0.00000000e+000
0.00000000e+000
-1.13075644e+000
-8.76899038e-001
-8.21572675e-001
0.00000000e+000
0.00000000e+000
0.00000000e+000
0.00000000e+000
8.68564248e-001
-3.27730365e-001
5.02724866e-001
-4.69887549e-001
3.52820331e-002
-5.96630244e-001
-5.70399376e-001
6.26924875e-001
6.53299112e-002
7.20160577e-001
3.48378442e-001
1.58214921e-003
2.68526830e-002
7.47326462e-001
-1.36279675e-002
-1.82672036e-001
-4.51476974e-001
1.23566060e-003
-3.72639659e-001
2.57273751e-001
3.40359337e-003
-3.95293245e-001
0.00000000e+000
0.00000000e+000
0.00000000e+000
-7.50715702e-002
1.88310914e-001
1.22061465e-001
2.76661083e-001
3.89539790e-001
0.00000000e+000
0.00000000e+000
-8.63800483e-001
-3.93795899e-001
-1.49609421e+000
-7.25376474e-001
-4.27581350e-001
-4.95668987e-001
2.23822388e-002
-2.35750626e-001
2.51717455e-001
3.05739652e-002
-2.49156169e-001
-5.72860864e-002
0.00000000e+000
0.00000000e+000
1.56975615e+000
1.39494912e+000
0.00000000e+000
0.00000000e+000
0.00000000e+000
0.00000000e+000
0.00000000e+000
0.00000000e+000
8.59874259e-001
7.02113474e-001
2.99960610e-001
-1.58009867e-001
-5.88117645e-001
-1.78407530e+000
0.00000000e+000
0.00000000e+000
0.00000000e+000
0.00000000e+000
0.00000000e+000
0.00000000e+000
8.89683976e-001
1.25782092e-001
1.21597371e-001
-2.62247322e-002
-5.09441066e-001
-1.09484508e+000
1.33431638e+000
1.29995077e+000
1.14504493e+000
1.06228519e+000
1.13699134e+000
1.02185886e+000
-2.95121885e-001
-3.84660002e-002
-1.50292787e-001
-9.53140356e-002
7.55376061e-002
-6.04335344e-001
-1.06478982e-001
-2.29329570e-001
-3.93103514e-001
-2.45558498e-001
-1.89368650e-001
-6.58279607e-001
0.00000000e+000
0.00000000e+000
0.00000000e+000
0.00000000e+000
0.00000000e+000
0.00000000e+000
0.00000000e+000
0.00000000e+000
9.01501682e-001
-2.44026150e-001
0.00000000e+000
-1.82621841e-001
1.57467164e-001
7.02482871e-002
-8.25721635e-001
-3.81073885e-001
-6.68254472e-001
0.00000000e+000
0.00000000e+000
0.00000000e+000
4.64000083e-001
1.45860903e-001
3.63810752e-001
-3.35508667e-001
-6.68740456e-001
1.55755506e+000
1.46507005e-001
-9.25397574e-003
-3.69358518e-001
0.00000000e+000
8.01631317e-001
-3.89887052e-001
-1.22125479e+000
2.88075608e-001
-1.84639702e+000
4.54575474e-001
9.25926961e-001
-1.43462596e+000
-2.99626051e-001
7.58454857e-001
4.95943897e-001
0.00000000e+000
0.00000000e+000
0.00000000e+000
-5.56338805e-002
-5.04277743e-001
1.93144058e-001
-2.22349083e-002
2.82205020e-001
-4.34789524e-001
-7.03871507e-003
2.53113773e-001
1.61293651e-001
0.00000000e+000
-3.71061799e-001
1.82608182e-001
1.71581523e-001
4.27523857e-002
4.16482023e-001
1.48480184e-001
-3.16805523e-003
1.84850179e-001
1.38479670e-001
-2.80842126e-001
-3.42606567e-001
-1.57510281e-001
0.00000000e+000
-4.99796967e-002
-3.05033667e-002
2.93533261e-001
8.47570595e-002
-5.35800601e-001
-9.08519420e-001
0.00000000e+000
0.00000000e+000
0.00000000e+000
-2.96810141e-001
2.21632662e-001
-2.08702440e-001
1.34639498e+000
-7.01989610e-003
7.47633513e-001
9.98887585e-001
-1.85051369e+000
-1.09389454e-001
0.00000000e+000
3.95986033e-001
2.25813642e-001
4.35265927e-002
4.24352453e-002
-1.94656783e+000
-6.82569670e-001
-1.36420234e-001
-2.91057893e-001
1.50846527e-001
4.47375038e-001
-1.85096286e-001
0.00000000e+000
8.03396984e-001
5.45690358e-001
-3.25647905e-001
3.14977444e-001
0.00000000e+000
2.50313171e-002
3.22553084e-001
4.62889039e-001
3.47944238e-001
-4.95855833e-001
-6.40625349e-001
0.00000000e+000
0.00000000e+000
-3.02661379e-003
-3.10825598e-001
0.00000000e+000
0.00000000e+000
0.00000000e+000
-8.21381120e-001
-7.24797968e-001
2.73273281e-001
-3.90573296e-001
-1.12525986e-001
9.69716256e-001
3.26909871e-001
2.51597662e-002
1.55958855e-001
0.00000000e+000
-6.56528779e-002
-5.94508823e-001
-4.84001989e-001
8.71838100e-001
-4.50951708e-001
-2.51646225e-002
2.57219911e-001
1.85927427e-002
4.67284684e-001
-7.22067460e-003
4.29496330e-001
0.00000000e+000
0.00000000e+000
0.00000000e+000
9.59193028e-002
-2.08990988e-001
4.27572765e-002
2.59802811e-001
9.55981403e-002
-2.68611995e-002
2.18707259e-001
-1.74006841e-001
1.83495343e-001
0.00000000e+000
-1.05220415e-001
5.86726598e-002
-1.32948625e-001
-1.23907911e-002
-1.18552779e-001
8.10491682e-002
5.48255934e-002
-1.63062060e-003
6.23287454e-002
5.69422898e-002
-2.15013002e-001
1.08657472e-001
-5.93815439e-001
-5.18451425e-001
-1.89914436e-001
3.42002517e-001
1.17504602e-001
-3.50849646e-001
-7.42837137e-001
0.00000000e+000
0.00000000e+000
0.00000000e+000
-1.97468422e-001
4.80147433e-001
1.43754015e-003
-1.36790890e+000
5.95304220e-002
-2.96257120e-001
-9.91072471e-001
9.25925538e-001
4.06701123e-001
0.00000000e+000
-3.60371754e-001
-1.34617079e-002
-1.74276279e-001
1.02206840e-001
6.27736912e-001
1.95061880e-001
1.09542357e-002
2.50002702e-001
1.73842386e-001
-5.75567492e-001
-3.23670474e-001
5.58378987e-001
4.29975035e-001
4.33477459e-001
-9.58125961e-002
-3.84091853e-002
-8.12533995e-001
-3.65024984e-001
-4.77159439e-003
3.17417887e-001
5.16839822e-002
-4.07511054e-001
-5.74034108e-002
4.17411309e-001
5.66086231e-002
3.41276846e-002
247
-3.56879964e-001
-3.56879964e-001
0.00000000e+000
6.19809126e-001
-9.76689089e-001
-9.72447344e-002
-1.49458254e+000
1.17542953e+000
2.61986166e-002
1.26315619e-001
3.80837338e-001
8.57293517e-001
-4.37810055e-001
1.89630049e-001
0.00000000e+000
0.00000000e+000
0.00000000e+000
0.00000000e+000
0.00000000e+000
0.00000000e+000
0.00000000e+000
0.00000000e+000
0.00000000e+000
0.00000000e+000
0.00000000e+000
0.00000000e+000
0.00000000e+000
0.00000000e+000
0.00000000e+000
0.00000000e+000
0.00000000e+000
0.00000000e+000
0.00000000e+000
0.00000000e+000
0.00000000e+000
0.00000000e+000
0.00000000e+000
0.00000000e+000
0.00000000e+000
0.00000000e+000
0.00000000e+000
1.18761990e+000
-1.55835429e-002
2.78192829e-001
-1.06596267e-002
-1.07661550e+000
-1.77403415e-003
-7.46077192e-001
7.49796837e-004
0.00000000e+000
0.00000000e+000
0.00000000e+000
-2.43903292e-001
1.00817118e-001
8.82013385e-003
4.34099399e-002
-2.66023864e-001
0.00000000e+000
0.00000000e+000
1.09423917e+000
1.86425427e+000
0.00000000e+000
0.00000000e+000
0.00000000e+000
0.00000000e+000
0.00000000e+000
0.00000000e+000
4.30594370e-001
6.53824539e-001
2.91944490e-001
-1.08537183e-001
-5.49185093e-001
-2.16976026e+000
0.00000000e+000
0.00000000e+000
0.00000000e+000
0.00000000e+000
0.00000000e+000
0.00000000e+000
7.48900747e-001
2.16548762e-001
1.03989858e-001
-3.74866404e-001
-1.08666696e+000
-1.82904024e+000
3.91414387e+000
3.96096409e+000
3.82269172e+000
3.85081656e+000
3.84209651e+000
3.77418782e+000
-9.86934718e-001
-5.37288464e-001
-4.74999921e-001
-5.46064633e-001
-5.62201095e-001
-7.52755083e-001
-1.06142126e+000
-1.18053750e+000
-1.07221480e+000
-7.71595131e-001
-7.22853779e-001
-8.21200816e-001
0.00000000e+000
0.00000000e+000
0.00000000e+000
0.00000000e+000
-3.56879964e-001
-3.84110976e-001
0.00000000e+000
-1.35368999e+000
-3.76222693e-001
-1.07489644e+000
-3.38483736e-001
-5.28960511e-001
-1.45111913e+000
0.00000000e+000
0.00000000e+000
0.00000000e+000
6.78955409e-001
5.31008070e-002
2.72399368e-001
-3.53754437e-001
-1.12655751e+000
8.46787014e-001
7.29926710e-002
6.24847260e-001
-3.62927027e-001
0.00000000e+000
9.39939678e-001
-4.37211783e-001
-8.51282891e-001
2.51656934e-001
-2.15477017e+000
3.99275489e-001
7.75154437e-001
-1.32805047e+000
-3.08568196e-001
5.56894286e-001
-1.00604444e+000
-6.42987928e-001
0.00000000e+000
5.16054910e-001
2.39940102e-001
5.33049905e-001
0.00000000e+000
0.00000000e+000
0.00000000e+000
6.40957301e-002
7.47405601e-002
-2.40055652e-002
-6.33277876e-001
1.04530205e-001
-5.99014931e-002
-4.79491424e-001
3.14870887e-001
2.67982246e-001
0.00000000e+000
-7.23869906e-002
3.05559143e-001
-9.09565885e-002
-1.09799283e-001
1.23755655e+000
8.94010186e-002
-1.30888174e-001
1.22715315e-001
-1.27551895e-001
-3.20142465e-001
-3.63056514e-001
0.00000000e+000
7.35623030e-001
5.66082114e-001
-4.45074693e-001
2.66765235e-001
0.00000000e+000
0.00000000e+000
1.72891007e-001
-7.11839928e-001
0.00000000e+000
0.00000000e+000
6.53181318e-001
-8.67444248e-001
0.00000000e+000
0.00000000e+000
0.00000000e+000
-5.71687603e-001
-1.13445133e+000
-9.15581427e-002
-1.68894020e-001
2.58127023e-001
9.20152906e-001
5.12092946e-001
-4.17550176e-003
-6.01889835e-001
0.00000000e+000
1.29676929e-001
-5.41217290e-001
-3.47462994e-001
8.68345677e-001
-1.31293601e+000
-2.52958288e-003
3.86836703e-001
2.22168308e-002
4.88921108e-001
3.22987945e-001
-6.14765430e-001
-2.86472954e-001
-4.50598949e-001
-4.48311420e-001
-8.92742111e-002
9.07486432e-002
0.00000000e+000
0.00000000e+000
0.00000000e+000
1.08090521e-001
1.00807726e+000
3.30498230e-001
9.30607980e-001
-1.33951190e-001
4.89217882e-001
7.27496091e-001
-7.30124581e-001
3.88568892e-001
0.00000000e+000
3.87703251e-001
3.88446365e-001
-7.40877739e-002
1.05474500e-001
-9.87346137e-001
3.56754038e-002
-1.56920528e-002
0.00000000e+000
-1.37622895e-001
3.93353959e-001
-3.28292476e-001
4.81279466e-001
3.81300690e-001
3.27757090e-001
-2.52678818e-001
-5.20107826e-002
-7.15136722e-001
-5.05118766e-001
2.27561414e-001
-2.00668036e-001
3.62797918e-001
5.04052274e-001
2.89346302e-001
1 0 -999999999 0 -1
1 1 0 1 -1
-7.6562e-003 2.4813e-001
356
2.49148516e-001
5.42614075e-002
1.94887109e-001
5.11323737e-001
-1.15274966e-001
-9.71947643e-001
1.06681965e+000
-1.48808106e-001
-8.63760892e-003
3.63053252e-001
6.82665400e-003
-3.35112011e-001
1.84780625e-001
4.12530647e-001
3.47420406e-001
-2.48627315e-001
0.00000000e+000
0.00000000e+000
0.00000000e+000
0.00000000e+000
0.00000000e+000
0.00000000e+000
0.00000000e+000
0.00000000e+000
0.00000000e+000
0.00000000e+000
0.00000000e+000
0.00000000e+000
0.00000000e+000
0.00000000e+000
0.00000000e+000
5.42614075e-002
1.94887109e-001
-4.57062330e-001
-1.15274966e-001
2.15938121e-001
8.78498249e-002
5.07705155e-001
9.24654683e-001
3.61858186e-003
6.20388481e-001
0.00000000e+000
0.00000000e+000
0.00000000e+000
0.00000000e+000
0.00000000e+000
0.00000000e+000
0.00000000e+000
0.00000000e+000
0.00000000e+000
0.00000000e+000
-2.96020899e-001
-2.95335910e-001
-4.28652730e-001
0.00000000e+000
0.00000000e+000
0.00000000e+000
0.00000000e+000
2.21092068e-001
-3.79501995e-001
-1.14309012e-001
1.62509552e-001
8.09966452e-002
3.41820053e-002
1.32981861e-001
-3.71869219e-001
-7.16130464e-002
-8.13527307e-001
0.00000000e+000
0.00000000e+000
0.00000000e+000
0.00000000e+000
0.00000000e+000
0.00000000e+000
3.64965590e-001
-2.59910788e-003
-7.33304868e-001
-1.15817074e-001
7.90051003e-004
-4.74724418e-001
0.00000000e+000
0.00000000e+000
0.00000000e+000
-3.62247439e-001
-1.55059211e-001
-2.34781299e-002
2.03910353e-001
5.86022942e-001
0.00000000e+000
0.00000000e+000
-3.48485890e-001
-1.99114930e-001
-9.92363448e-001
-5.69233470e-001
-3.74138883e-001
-3.39517611e-001
-3.23541809e-002
8.79348673e-002
-1.00247034e-001
7.18670626e-002
-4.09209476e-002
-5.66946623e-002
0.00000000e+000
0.00000000e+000
1.73912849e+000
1.16666827e+000
0.00000000e+000
0.00000000e+000
0.00000000e+000
0.00000000e+000
0.00000000e+000
0.00000000e+000
3.17786685e-001
4.49039650e-001
3.59504136e-001
-2.69897560e-002
-6.68664424e-001
-1.92065626e+000
0.00000000e+000
0.00000000e+000
0.00000000e+000
0.00000000e+000
0.00000000e+000
0.00000000e+000
9.59277850e-001
-3.70974419e-002
-7.58346766e-002
-1.73645021e-001
-4.26144038e-001
-8.70738623e-001
2.16088375e+000
2.03297997e+000
1.95499693e+000
1.84594497e+000
1.93504379e+000
1.78246230e+000
-6.45753490e-002
2.59639998e-002
-2.17652523e-001
-5.46981830e-002
-1.05197310e-001
-5.89478682e-001
3.11695745e-001
1.80438530e-001
1.39252414e-001
1.40898400e-001
6.03502672e-002
-4.01137333e-001
0.00000000e+000
0.00000000e+000
0.00000000e+000
0.00000000e+000
0.00000000e+000
0.00000000e+000
0.00000000e+000
0.00000000e+000
5.42486322e-001
-2.16880883e-001
-1.12750810e+000
0.00000000e+000
-2.47568628e-001
-4.59766480e-001
-1.14903246e-001
-4.57753278e-001
-3.62471874e-001
0.00000000e+000
0.00000000e+000
0.00000000e+000
4.81990376e-001
2.28282930e-001
-3.70422044e-002
-3.88191776e-001
-3.94251947e-001
5.64572487e-001
4.10616743e-002
1.64700047e-001
5.13892286e-001
0.00000000e+000
6.78169775e-001
-5.17508452e-001
-1.12018591e+000
3.03576890e-001
-7.45663138e-001
-1.05283451e-001
1.07609423e-001
-3.51728421e-001
-7.89477218e-002
2.92475260e-001
3.37913504e-001
0.00000000e+000
0.00000000e+000
0.00000000e+000
-5.84685972e-002
-3.20416356e-001
-2.05113712e-002
4.69946333e-004
1.96142480e-001
-4.71346036e-002
-5.76794778e-002
8.90332981e-002
-2.83143953e-001
0.00000000e+000
-1.46930042e-001
2.87168813e-001
2.27386397e-001
5.64663540e-002
6.59979240e-002
1.61900743e-001
7.85393916e-002
6.67565962e-003
1.55521708e-001
-5.31048091e-002
-2.84845906e-001
-1.59796282e-001
-1.59312396e+000
-4.88564044e-001
-4.92767681e-001
8.19106333e-002
3.29731891e-002
-2.74680104e-001
-1.69396525e-002
0.00000000e+000
0.00000000e+000
0.00000000e+000
1.46536517e-001
1.21295071e+000
-8.83266096e-002
1.04634881e+000
-4.83457158e-001
-5.52010457e-002
6.30449545e-001
-1.25518156e+000
6.91038732e-001
0.00000000e+000
5.91358784e-001
-3.11153499e-001
-1.89278006e-001
1.31693373e-003
-1.18323046e+000
-1.12795291e+000
-3.18975417e-001
2.74552414e-001
-2.10780891e-001
6.12045454e-001
-1.25049624e-001
-5.06950548e-001
1.76705000e-001
1.02027088e-001
-7.76259684e-002
-8.77723458e-002
-1.54289401e+000
-1.02027168e+000
-4.95205288e-001
1.41951444e-002
1.43511023e-001
-2.45478513e-001
1.01463774e-002
-3.90334215e-001
-3.24155010e-001
-1.09069912e-001
-9.17519758e-001
0.00000000e+000
0.00000000e+000
0.00000000e+000
-6.46013944e-001
-1.42491895e+000
6.73414002e-001
3.53470659e-001
-5.00671305e-002
1.02403930e+000
6.54507048e-001
5.54874083e-001
-2.11257732e+000
0.00000000e+000
-2.90223861e-001
-8.06433716e-001
-1.23888882e+000
4.93638168e-001
5.66582101e-001
8.38030791e-001
9.26204702e-001
-4.41537733e-001
5.59151702e-002
-4.75343020e-002
5.80291484e-001
0.00000000e+000
0.00000000e+000
0.00000000e+000
1.79233788e-002
-7.55607156e-002
-1.85327455e-001
-7.02267224e-002
1.23549121e-003
-1.91417370e-002
-3.76371603e-002
-1.16589192e-001
6.15288595e-001
0.00000000e+000
-4.64563307e-002
2.42040325e-001
3.18914423e-001
2.12835197e-001
-1.60723036e-001
-2.53767542e-001
-2.28704928e-001
5.40976177e-002
1.44806424e-001
1.67284852e-001
-3.56919367e-001
-1.56293616e-001
0.00000000e+000
0.00000000e+000
-4.18766227e-002
1.50631964e-001
5.63724141e-002
-3.63297993e-001
-4.28358685e-001
0.00000000e+000
0.00000000e+000
0.00000000e+000
-9.75244854e-002
-5.54719900e-001
2.70561240e-001
-1.13868614e+000
3.69321782e-001
3.97949033e-002
-6.33940108e-001
1.24100787e+000
-9.87041123e-001
0.00000000e+000
-3.09918645e-001
2.25692604e-001
-4.76543218e-002
-6.93596068e-002
6.19245268e-001
9.37331620e-001
6.06292948e-001
-1.51699876e-001
-4.82871830e-002
-6.98775531e-001
-2.00625751e-001
0.00000000e+000
0.00000000e+000
8.21128050e-001
-5.60600391e-001
-3.03472864e-001
0.00000000e+000
2.97355497e-001
3.59012358e-001
6.45639088e-002
-5.65000829e-002
-3.11536690e-001
-2.57127526e-001
0.00000000e+000
0.00000000e+000
9.00072454e-001
247
-1.40831426e-001
2.30810232e-001
-3.71641658e-001
1.55481640e+000
-1.32400617e+000
-4.07998630e-001
-1.50067953e+000
7.43123351e-001
-1.79316959e-001
5.11045812e-001
6.18352068e-001
1.46049079e-001
-5.87733844e-001
6.31151168e-001
0.00000000e+000
0.00000000e+000
0.00000000e+000
0.00000000e+000
0.00000000e+000
0.00000000e+000
0.00000000e+000
0.00000000e+000
0.00000000e+000
0.00000000e+000
0.00000000e+000
0.00000000e+000
0.00000000e+000
2.30810232e-001
-3.71641658e-001
1.55481640e+000
-1.32400617e+000
-4.07998630e-001
-1.41834587e-001
-1.16030855e+000
0.00000000e+000
0.00000000e+000
0.00000000e+000
0.00000000e+000
0.00000000e+000
0.00000000e+000
0.00000000e+000
0.00000000e+000
0.00000000e+000
0.00000000e+000
0.00000000e+000
-1.76552315e-003
2.83119831e-004
-1.39065903e-001
1.44847442e-003
0.00000000e+000
0.00000000e+000
0.00000000e+000
5.11069206e-001
3.26949596e-001
3.83789579e-002
-3.60484815e-001
-6.56744371e-001
0.00000000e+000
0.00000000e+000
2.10908043e+000
1.19293694e+000
0.00000000e+000
0.00000000e+000
0.00000000e+000
0.00000000e+000
0.00000000e+000
0.00000000e+000
4.86902221e-001
6.14502592e-001
2.91080895e-001
-4.57689508e-001
-9.41075847e-001
-2.24363221e+000
0.00000000e+000
0.00000000e+000
0.00000000e+000
0.00000000e+000
0.00000000e+000
0.00000000e+000
5.50793021e-001
5.37614555e-002
-1.90075054e-001
-4.80681115e-001
-5.82667573e-001
-6.83526542e-001
4.10776928e+000
4.06925949e+000
3.99333522e+000
3.92108985e+000
3.85582325e+000
3.76279766e+000
-3.85299465e-001
-1.29235391e-001
-3.00749278e-001
1.75319848e-002
1.26932504e-001
-5.57735011e-001
2.74005810e-001
5.81178274e-002
-5.74154225e-002
1.03839599e-001
1.06848464e-001
-4.90552579e-001
0.00000000e+000
0.00000000e+000
0.00000000e+000
0.00000000e+000
-1.39458868e-001
-1.11809088e+000
-1.63217806e+000
0.00000000e+000
-2.51945602e-001
-3.65788196e-001
-4.90420698e-001
-8.43347668e-001
-6.17733798e-001
0.00000000e+000
0.00000000e+000
0.00000000e+000
1.03058919e-001
-9.06614433e-001
3.53942292e-001
-8.23042838e-001
3.14520098e-001
4.90579501e-001
-2.42942534e-001
4.38818179e-001
-7.66288250e-001
0.00000000e+000
5.82997565e-002
4.79174049e-001
-7.35259188e-001
3.73596613e-001
-3.55591990e-001
3.98008292e-001
6.58487063e-001
-2.43913116e-001
2.16934969e-001
-4.29501180e-001
-3.81643058e-001
6.09486287e-002
-1.59491252e+000
-7.07446106e-001
-3.82876600e-001
-3.70669316e-001
0.00000000e+000
0.00000000e+000
0.00000000e+000
-1.08912934e-001
0.00000000e+000
6.68656772e-002
-3.63164842e-002
-5.99616136e-003
-9.27473958e-002
-7.68999514e-002
7.97106106e-002
-4.15155959e-001
0.00000000e+000
3.04814150e-002
1.95303432e-001
-2.06564483e-001
-1.99606827e-001
6.92728559e-001
1.53761214e-001
-1.43270711e-002
1.01089362e-001
-1.16185622e-001
-1.13271181e-001
-4.42591686e-001
-3.73449916e-001
1.52596043e-001
5.62547731e-003
-2.36090740e-001
-3.12894230e-001
-1.43885352e+000
-9.26659578e-001
-6.84635795e-001
7.68034906e-002
-3.71525597e-001
-2.95694186e-001
2.49528756e-002
-1.33376837e+000
0.00000000e+000
0.00000000e+000
0.00000000e+000
-1.50062052e-001
-3.53353228e+000
6.41759997e-001
7.20915211e-001
-8.43650787e-002
7.10704671e-001
5.53515267e-001
6.00686338e-001
-9.33379643e-001
0.00000000e+000
-1.37822299e-001
-8.24231742e-001
-8.47044854e-001
8.57521611e-001
-1.33409113e-001
5.96599592e-001
8.82343609e-001
-5.31077237e-001
4.37931286e-001
-1.60821646e-001
-3.69386540e-001
7.13205030e-002
0.00000000e+000
0.00000000e+000
-2.93795438e-001
-1.30235241e-001
0.00000000e+000
0.00000000e+000
0.00000000e+000
3.93048078e-002
8.11450920e-001
-2.48837455e-001
1.81737491e-001
-3.77910075e-001
1.16582961e-001
1.07342015e-001
-4.89685034e-001
8.33886711e-001
0.00000000e+000
2.67979655e-001
1.00338716e-001
1.24342230e-001
-8.37655359e-002
-9.24759398e-001
-5.03099436e-001
-3.59350753e-001
3.06492157e-002
-7.52775699e-002
3.18835293e-001
-4.40707043e-001
0.00000000e+000
0.00000000e+000
4.55905804e-001
-9.64381827e-001
-5.61741201e-001
0.00000000e+000
0.00000000e+000
0.00000000e+000
-4.02640625e-001
0.00000000e+000
0.00000000e+000
0.00000000e+000
2 1
3.1550e-001 -1.2195e-001
2 1
0 1 
217
1.25590453e-001
-1.39131411e-001
-1.94206263e-001
-7.28179205e-001
-7.16669108e-002
2.55410236e-002
-4.56345504e-002
3.26265204e-001
3.02299270e-001
1.53495966e-002
1.41911296e-001
-1.20621487e-001
-2.01318652e-001
-9.27746346e-002
0.00000000e+000
0.00000000e+000
0.00000000e+000
-2.60157365e-002
1.22480523e-003
-8.70918923e-003
8.99744291e-002
3.75811341e-003
3.50919437e-002
6.16317602e-002
1.32082402e-003
3.06800218e-001
0.00000000e+000
0.00000000e+000
0.00000000e+000
-3.80669298e-001
-3.87039957e-001
-1.53141721e-001
3.45551256e-001
7.00890173e-001
0.00000000e+000
0.00000000e+000
-3.60636594e-001
7.50641194e-002
4.11162927e-001
0.00000000e+000
0.00000000e+000
0.00000000e+000
0.00000000e+000
0.00000000e+000
-3.60636594e-001
1.71145217e-001
-9.60810976e-002
4.11162927e-001
0.00000000e+000
0.00000000e+000
0.00000000e+000
0.00000000e+000
0.00000000e+000
0.00000000e+000
0.00000000e+000
0.00000000e+000
0.00000000e+000
0.00000000e+000
0.00000000e+000
0.00000000e+000
4.11162927e-001
-9.60810976e-002
1.71145217e-001
-1.60394221e-001
-2.96323471e-001
-1.19271659e+000
4.21464781e-001
9.73349308e-001
1.60843363e-001
7.73855581e-001
0.00000000e+000
-1.89491377e-001
-8.11896576e-001
1.05376173e-001
-4.64964458e-001
2.09705656e-001
3.89067212e-001
0.00000000e+000
0.00000000e+000
0.00000000e+000
0.00000000e+000
0.00000000e+000
0.00000000e+000
0.00000000e+000
0.00000000e+000
0.00000000e+000
0.00000000e+000
0.00000000e+000
0.00000000e+000
0.00000000e+000
0.00000000e+000
0.00000000e+000
0.00000000e+000
0.00000000e+000
0.00000000e+000
0.00000000e+000
0.00000000e+000
0.00000000e+000
0.00000000e+000
0.00000000e+000
0.00000000e+000
0.00000000e+000
0.00000000e+000
0.00000000e+000
0.00000000e+000
0.00000000e+000
0.00000000e+000
0.00000000e+000
0.00000000e+000
0.00000000e+000
0.00000000e+000
0.00000000e+000
0.00000000e+000
0.00000000e+000
0.00000000e+000
0.00000000e+000
0.00000000e+000
0.00000000e+000
0.00000000e+000
-9.66849921e-001
-1.05452810e+000
-5.86998022e-001
0.00000000e+000
0.00000000e+000
0.00000000e+000
3.59086886e-001
-7.95932176e-001
1.25801454e-001
-3.07698995e-001
-4.86576315e-001
3.65290706e-001
1.40951325e-001
4.84528425e-001
-8.16701469e-002
0.00000000e+000
5.02094530e-001
-2.32894324e-001
-7.73506840e-001
1.00622067e-001
3.41386558e-001
3.78291203e-001
2.12926953e-001
-6.49737532e-001
-3.57646525e-001
8.76847260e-002
-3.60608928e-001
0.00000000e+000
0.00000000e+000
0.00000000e+000
2.96327492e-001
-1.25438256e+000
-4.27981442e-002
3.37355288e-001
-5.17373575e-001
1.02889835e-001
2.08608374e-001
1.20924832e-001
1.30077499e-001
0.00000000e+000
3.84822573e-001
-5.15692575e-001
-2.61461381e-001
1.91847182e-001
-1.55682918e-001
1.23963605e-001
2.63705567e-001
-3.21475544e-001
1.54386439e-001
3.93349078e-001
-8.92843610e-001
0.00000000e+000
0.00000000e+000
0.00000000e+000
-3.72074404e-002
-7.21794425e-001
3.92688256e-002
5.54681221e-001
-2.78125400e-001
3.47564747e-001
5.47713433e-001
2.14841485e-002
-1.41655190e-001
0.00000000e+000
4.48400510e-001
-4.14182720e-001
-5.96025582e-001
2.31939321e-001
-5.89499060e-001
6.41609282e-002
1.27376648e-001
-4.42420446e-001
-1.16442339e-001
6.19192096e-002
-1.20480109e-001
0.00000000e+000
0.00000000e+000
0.00000000e+000
2.32356891e-001
-1.16617418e+000
6.25927215e-002
-8.96327355e-002
-3.39398056e-001
1.38809418e-001
5.00507706e-002
1.84458001e-001
-1.34734717e-001
0.00000000e+000
2.08437642e-001
-2.44212605e-001
-1.97386545e-001
2.67376668e-001
3.72895411e-001
2.01779316e-001
1.46085171e-001
-2.05090755e-001
1.56562807e-001
2.34744668e-001
136
1.44267403e+000
0.00000000e+000
0.00000000e+000
1.68762424e-002
8.03163307e-003
7.19157799e-001
-3.39614443e-005
7.06639992e-001
1.05607430e-003
0.00000000e+000
0.00000000e+000
0.00000000e+000
4.93789201e-001
3.93188677e-001
1.56797273e-001
1.82968871e-001
2.15930011e-001
0.00000000e+000
0.00000000e+000
-9.67137777e-001
7.19780996e-001
1.69003081e+000
0.00000000e+000
0.00000000e+000
0.00000000e+000
0.00000000e+000
0.00000000e+000
-9.67137777e-001
1.39108985e+000
-6.71308859e-001
1.69003081e+000
0.00000000e+000
0.00000000e+000
0.00000000e+000
0.00000000e+000
0.00000000e+000
0.00000000e+000
0.00000000e+000
0.00000000e+000
0.00000000e+000
0.00000000e+000
0.00000000e+000
0.00000000e+000
0.00000000e+000
0.00000000e+000
0.00000000e+000
-7.16023016e-001
-9.22423619e-001
-1.39892960e-001
-1.19702422e+000
-1.28242613e+000
0.00000000e+000
4.23952078e-001
7.66397365e-002
-1.40622579e-001
-6.33407707e-001
0.00000000e+000
0.00000000e+000
0.00000000e+000
0.00000000e+000
1.69003081e+000
-6.71308859e-001
1.39108985e+000
0.00000000e+000
0.00000000e+000
0.00000000e+000
0.00000000e+000
0.00000000e+000
0.00000000e+000
0.00000000e+000
0.00000000e+000
0.00000000e+000
0.00000000e+000
0.00000000e+000
0.00000000e+000
0.00000000e+000
0.00000000e+000
0.00000000e+000
0.00000000e+000
0.00000000e+000
0.00000000e+000
0.00000000e+000
0.00000000e+000
0.00000000e+000
0.00000000e+000
0.00000000e+000
-7.18363000e-001
-8.58457477e-001
-1.01575835e+000
0.00000000e+000
0.00000000e+000
0.00000000e+000
6.34130549e-001
-2.32495661e+000
5.65957622e-001
-1.19778025e-001
-1.06104920e+000
7.16144822e-001
2.99784618e-001
1.23000007e+000
-5.91572009e-001
0.00000000e+000
7.05234323e-001
-7.23425244e-001
-1.46803456e+000
4.17266521e-001
1.27131985e+000
8.85811521e-001
5.70938361e-001
-1.75451365e+000
-4.99630975e-001
2.30613676e-001
-1.07886770e+000
0.00000000e+000
0.00000000e+000
0.00000000e+000
3.78316067e-001
-2.33447288e+000
3.12102489e-001
1.01351958e+000
-1.07972165e+000
8.76462308e-001
1.05175293e+000
2.34912000e-001
-2.78511895e-001
0.00000000e+000
9.31392547e-001
-1.05369488e+000
-1.39252087e+000
6.41250164e-001
-4.98490989e-001
3.10883649e-001
5.55829347e-001
-1.18929626e+000
-8.18784280e-002
5.23299064e-001
8 1
1.2847e-001 -1.1786e-002
3 1
0 1 2 
217
5.63587260e-002
-1.10933168e-001
-9.23262689e-002
3.85546207e-002
-6.97885733e-002
8.94233636e-003
-7.24327450e-002
2.02312348e-001
1.67566823e-001
5.89008732e-002
1.04822564e-001
-3.29583355e-001
-7.38093432e-002
1.49693389e-001
0.00000000e+000
0.00000000e+000
0.00000000e+000
-3.85760415e-002
5.18714902e-004
9.75924972e-002
-7.54235804e-002
4.49077284e-003
1.03871085e-001
1.70358348e-001
7.10038556e-004
1.70733230e-001
0.00000000e+000
0.00000000e+000
0.00000000e+000
-5.10930606e-001
-4.80674262e-001
-1.54564613e-001
3.85511688e-001
8.17016518e-001
0.00000000e+000
0.00000000e+000
-4.12742637e-001
2.05169500e-002
-2.93583203e-002
4.77942734e-001
0.00000000e+000
0.00000000e+000
0.00000000e+000
0.00000000e+000
-4.12742637e-001
3.13890677e-001
-2.56864523e-001
1.63746844e-001
-3.65092036e-002
-3.24001557e-001
1.30896393e-001
4.77942734e-001
0.00000000e+000
0.00000000e+000
0.00000000e+000
0.00000000e+000
0.00000000e+000
0.00000000e+000
0.00000000e+000
0.00000000e+000
3.17688021e-001
-1.62477334e-001
3.13890677e-001
-8.32001823e-002
-4.92019790e-001
-1.42567387e+000
4.32634638e-001
1.02882863e+000
1.98944060e-001
7.98819456e-001
0.00000000e+000
-4.59362721e-001
-7.76051527e-001
3.10764385e-001
-3.86640521e-001
2.04957062e-001
4.65102244e-001
0.00000000e+000
-1.91969640e-001
-4.66811391e-001
1.90751703e-001
-5.99356477e-001
5.75766627e-002
1.55492268e-001
0.00000000e+000
0.00000000e+000
0.00000000e+000
0.00000000e+000
0.00000000e+000
0.00000000e+000
0.00000000e+000
0.00000000e+000
0.00000000e+000
0.00000000e+000
0.00000000e+000
0.00000000e+000
0.00000000e+000
0.00000000e+000
0.00000000e+000
0.00000000e+000
0.00000000e+000
0.00000000e+000
0.00000000e+000
0.00000000e+000
0.00000000e+000
0.00000000e+000
0.00000000e+000
0.00000000e+000
0.00000000e+000
0.00000000e+000
0.00000000e+000
0.00000000e+000
0.00000000e+000
0.00000000e+000
0.00000000e+000
0.00000000e+000
0.00000000e+000
0.00000000e+000
0.00000000e+000
-9.12965493e-001
-9.69002993e-001
-7.45874636e-001
0.00000000e+000
0.00000000e+000
0.00000000e+000
5.12000494e-001
-7.52589886e-001
3.64201858e-001
-8.67627174e-001
-6.33223420e-001
7.78367740e-001
1.77370379e-001
5.14436771e-001
-5.16106412e-002
0.00000000e+000
7.57873050e-001
-2.52046856e-001
-1.15736430e+000
2.10025118e-001
3.46972619e-001
2.01474213e-001
3.99266862e-001
-9.44409236e-001
-5.03490377e-001
1.54498155e-001
-2.33549655e-001
0.00000000e+000
0.00000000e+000
0.00000000e+000
2.52099170e-001
-1.06875006e+000
1.12333225e-002
5.93365317e-001
-4.63746074e-001
-1.21279733e-001
2.08228803e-001
1.74347418e-002
8.38526786e-002
0.00000000e+000
2.54263234e-001
-6.51758058e-001
-8.90732815e-002
1.87404853e-001
-1.69636544e-001
1.38773051e-001
5.86382825e-002
-5.70795964e-002
1.86377249e-001
3.96102992e-001
-1.01085389e+000
0.00000000e+000
0.00000000e+000
0.00000000e+000
2.89033810e-002
-8.22027132e-001
1.90938203e-001
7.63653144e-001
-4.18859357e-001
4.14610918e-001
7.43862950e-001
9.36569105e-002
-1.19420528e-001
0.00000000e+000
6.50179501e-001
-4.43155346e-001
-1.01693940e+000
3.37925152e-001
-8.15559334e-001
1.01443675e-002
2.94518210e-001
-7.00092336e-001
-3.22999421e-001
1.19806232e-001
-3.48156482e-002
0.00000000e+000
0.00000000e+000
0.00000000e+000
2.16103471e-001
-1.23420673e+000
-1.57896769e-002
-2.41156144e-001
-2.65405310e-001
1.59685665e-001
-5.86327639e-002
1.47878118e-001
-1.69725837e-001
0.00000000e+000
1.70536187e-001
-1.80900044e-001
-3.87083262e-002
1.92459592e-001
4.87383824e-001
2.36146003e-001
5.97520517e-002
-8.13666250e-003
2.93625254e-001
2.14275684e-001
136
2.01694727e+000
0.00000000e+000
0.00000000e+000
-2.24974306e-002
1.09213690e-002
1.00514174e+000
1.62859434e-004
1.03430297e+000
1.06299393e-003
0.00000000e+000
0.00000000e+000
0.00000000e+000
5.75814276e-001
4.81763032e-001
2.85146140e-001
3.13288243e-001
3.60935584e-001
0.00000000e+000
0.00000000e+000
-1.17735478e+000
-2.22624875e-002
1.34570626e+000
1.87085829e+000
0.00000000e+000
0.00000000e+000
0.00000000e+000
0.00000000e+000
-1.17735478e+000
6.88601842e-001
-3.50085240e-001
1.22669467e+000
-3.60779089e-001
1.07112084e+000
-9.52109247e-001
1.87085829e+000
0.00000000e+000
0.00000000e+000
0.00000000e+000
0.00000000e+000
0.00000000e+000
0.00000000e+000
0.00000000e+000
0.00000000e+000
0.00000000e+000
0.00000000e+000
0.00000000e+000
-1.24556262e+000
-1.59476574e+000
1.18812257e-002
-1.02931998e+000
-1.11341188e+000
0.00000000e+000
2.21588806e-001
1.12121015e-001
-2.61303018e-002
-7.19129989e-001
0.00000000e+000
3.87856484e-001
3.59251678e-002
6.40633488e-002
-5.18636154e-001
-1.66297358e+000
6.88601842e-001
0.00000000e+000
0.00000000e+000
0.00000000e+000
0.00000000e+000
0.00000000e+000
0.00000000e+000
0.00000000e+000
0.00000000e+000
0.00000000e+000
0.00000000e+000
0.00000000e+000
0.00000000e+000
0.00000000e+000
0.00000000e+000
0.00000000e+000
0.00000000e+000
0.00000000e+000
0.00000000e+000
0.00000000e+000
0.00000000e+000
0.00000000e+000
0.00000000e+000
0.00000000e+000
-7.42264678e-001
-8.72683763e-001
-1.06910818e+000
0.00000000e+000
0.00000000e+000
0.00000000e+000
6.81007437e-001
-2.74725228e+000
3.73808303e-001
-6.31816855e-002
-1.09549081e+000
6.71018138e-001
3.30056261e-001
1.27359366e+000
-5.38810535e-001
0.00000000e+000
7.37427489e-001
-6.51300433e-001
-1.44537646e+000
3.81997645e-001
1.28906725e+000
9.84201788e-001
7.28757354e-001
-1.77317455e+000
-4.71055608e-001
2.65598851e-001
-1.14153796e+000
0.00000000e+000
0.00000000e+000
0.00000000e+000
4.11970514e-001
-2.37844490e+000
2.81792562e-001
1.02677280e+000
-1.02020520e+000
8.03207225e-001
1.03891967e+000
2.58811909e-001
-3.00507135e-001
0.00000000e+000
9.01237618e-001
-1.12445320e+000
-1.34285404e+000
6.32061918e-001
-5.07896393e-001
3.62692666e-001
5.66723143e-001
-1.20284552e+000
-1.06973003e-001
5.58451400e-001
7 1
-6.7371e-002 3.3619e-002
4 0
0 1 2 8 
217
7.13471854e-001
-8.71856431e-001
-2.27017123e-001
-3.69744602e-001
2.88881289e-001
1.07733707e-001
3.99192312e-001
-8.70744086e-003
3.68971303e-001
-2.45158258e-001
1.00236495e-001
-2.26482482e-001
-4.43809546e-001
-2.12079469e-001
1.08985834e-001
9.79477435e-003
-2.79809469e-001
3.17693315e-001
-1.91951004e-003
-2.81505450e-001
1.44118795e-001
8.35304689e-004
-1.97765643e-001
1.42673910e-001
1.37597310e-003
-1.63007162e-001
0.00000000e+000
0.00000000e+000
0.00000000e+000
-8.06765769e-002
4.13611694e-002
1.40003455e-001
2.26269354e-001
3.86514452e-001
0.00000000e+000
0.00000000e+000
-7.86951344e-002
1.07560224e-001
2.98675325e-002
1.54653358e-001
5.00085874e-001
0.00000000e+000
0.00000000e+000
0.00000000e+000
-7.86951344e-002
2.27181632e-001
-3.50119187e-001
-1.32261142e-001
1.44864666e-001
6.33661837e-002
-1.09700286e-002
4.00157198e-001
8.56331133e-002
6.64594127e-002
-2.78663852e-002
2.21100349e-001
7.11394915e-002
-4.54346425e-001
-1.22577649e-002
5.00085874e-001
6.64561452e-001
-9.95760953e-002
2.27181632e-001
0.00000000e+000
-1.78271230e-001
-1.62856026e+000
5.33958981e-001
1.20972654e+000
3.57784102e-001
1.31547896e+000
0.00000000e+000
1.25602940e-001
-5.65231708e-001
3.26402672e-001
-2.21578344e-001
2.61466242e-001
1.19465005e-001
0.00000000e+000
1.14326585e-002
-4.97187690e-001
4.18672415e-001
-1.52880395e-001
2.83366780e-001
2.55375218e-001
0.00000000e+000
2.63524188e-001
-7.66044519e-002
2.50565527e-001
-9.97542313e-002
1.99382140e-001
8.54794147e-002
0.00000000e+000
0.00000000e+000
0.00000000e+000
0.00000000e+000
0.00000000e+000
0.00000000e+000
0.00000000e+000
0.00000000e+000
0.00000000e+000
0.00000000e+000
0.00000000e+000
0.00000000e+000
0.00000000e+000
0.00000000e+000
0.00000000e+000
0.00000000e+000
0.00000000e+000
0.00000000e+000
0.00000000e+000
0.00000000e+000
0.00000000e+000
0.00000000e+000
0.00000000e+000
0.00000000e+000
0.00000000e+000
0.00000000e+000
0.00000000e+000
0.00000000e+000
-7.68273171e-001
-1.22516781e+000
-6.39802559e-001
0.00000000e+000
0.00000000e+000
0.00000000e+000
5.47121114e-001
-8.76177716e-001
-3.96306501e-002
-1.36718856e+000
-8.60467989e-001
5.27490662e-001
-4.12651734e-002
8.46482594e-001
-9.39356871e-002
0.00000000e+000
7.76837497e-001
-5.31103054e-001
-1.27899885e+000
4.11393173e-001
7.59486345e-001
5.65512549e-001
7.27788311e-001
-9.20778445e-001
-3.94715774e-001
6.02347093e-001
-3.00921198e-001
0.00000000e+000
0.00000000e+000
0.00000000e+000
2.24576480e-001
-1.41878921e+000
1.36354070e-001
1.08881730e+000
-2.77646590e-001
3.71132257e-002
4.20577276e-001
-6.47209368e-002
-2.31407570e-001
0.00000000e+000
1.11426331e-001
-5.65229451e-002
-1.54261195e-001
6.11865065e-002
-2.27565256e-001
1.21227451e-001
-2.57628665e-002
-2.56508551e-001
9.06622953e-002
1.20322991e-001
-1.08885675e+000
0.00000000e+000
0.00000000e+000
0.00000000e+000
2.15324649e-001
-8.72818002e-001
-1.33840887e-001
1.11704223e+000
-7.65827667e-001
-9.54107403e-002
5.94718677e-001
3.65914891e-002
-1.41211992e-001
0.00000000e+000
7.86040879e-001
-6.11229698e-001
-1.00493315e+000
6.03943017e-001
-1.02677914e+000
3.34070347e-001
5.08220704e-001
-7.69229399e-001
-7.73757354e-002
2.13847665e-001
-9.20619714e-002
0.00000000e+000
0.00000000e+000
0.00000000e+000
-4.25703214e-002
-8.85755292e-001
5.26618551e-001
-7.45098089e-002
8.47554150e-002
8.85450495e-001
4.33860003e-002
2.06737021e-001
-2.66398096e-002
0.00000000e+000
-2.78466853e-001
-2.07697768e-001
-4.40589063e-001
-2.52133688e-001
9.88789793e-001
6.38023034e-002
-7.91341819e-002
-3.02022450e-001
-1.39423238e-001
-1.62659077e-001
136
1.57324433e+000
8.16825798e-001
-7.01903892e-003
4.98730199e-001
-3.11424630e-003
2.64037402e-001
-2.09674896e-003
-6.34907404e-003
1.09246943e-003
0.00000000e+000
0.00000000e+000
0.00000000e+000
9.97469088e-002
2.20376344e-001
3.82122690e-001
4.52788427e-001
4.18209956e-001
0.00000000e+000
0.00000000e+000
0.00000000e+000
-3.32440756e-001
3.52959487e-001
6.15863363e-001
9.36862231e-001
0.00000000e+000
0.00000000e+000
0.00000000e+000
0.00000000e+000
-6.62901407e-002
-5.12038018e-002
4.36753858e-001
-9.94532503e-002
5.07337565e-001
-6.08654528e-001
8.37659993e-001
-1.15493563e-001
4.49431205e-001
-3.37964413e-001
6.76686527e-001
-9.39441995e-002
-2.32345827e-001
-6.66137329e-001
9.36862231e-001
0.00000000e+000
0.00000000e+000
0.00000000e+000
0.00000000e+000
-1.97285109e+000
1.52108816e-001
-8.95927956e-001
-1.12502692e+000
0.00000000e+000
3.49241790e-001
3.10980809e-001
1.38237054e-001
-7.23360764e-001
0.00000000e+000
9.91919671e-001
1.13367310e-001
3.05889895e-001
-2.78269209e-001
-1.97285109e+000
8.89859554e-001
1.24087390e-002
2.54677638e-001
-1.40368423e-002
0.00000000e+000
0.00000000e+000
0.00000000e+000
0.00000000e+000
0.00000000e+000
0.00000000e+000
0.00000000e+000
0.00000000e+000
0.00000000e+000
0.00000000e+000
0.00000000e+000
0.00000000e+000
0.00000000e+000
0.00000000e+000
0.00000000e+000
0.00000000e+000
0.00000000e+000
0.00000000e+000
0.00000000e+000
0.00000000e+000
-8.11715133e-001
-9.94312753e-001
-1.17872513e+000
0.00000000e+000
0.00000000e+000
0.00000000e+000
7.80259354e-001
-2.62552944e+000
5.19843281e-001
-4.49625554e-001
-1.09857431e+000
5.96410363e-001
1.94713808e-001
1.28868420e+000
-2.87129242e-001
0.00000000e+000
8.23371964e-001
-1.01694067e+000
-1.39810191e+000
2.86413735e-001
1.31908978e+000
9.59706199e-001
7.81388881e-001
-1.65507587e+000
-5.20997218e-001
3.23367533e-001
-1.31512187e+000
0.00000000e+000
0.00000000e+000
0.00000000e+000
6.14607021e-001
-2.74780868e+000
-1.75276112e-001
8.25279234e-001
-1.31931530e+000
2.64765942e-001
1.06688155e+000
4.29120733e-001
-3.40397967e-001
0.00000000e+000
1.15966012e+000
-9.56012023e-001
-1.02181840e+000
6.65957390e-001
-6.28916325e-001
4.82495123e-001
6.72306699e-001
-1.13403413e+000
3.03223579e-002
7.97060910e-001
4 1
-9.8101e-002 4.7614e-002
5 0
0 1 2 8 7 
217
1.00497715e-001
-6.17704871e-001
1.95210263e-001
-1.60594519e-001
1.26033469e-001
-1.02803524e-001
-7.37026391e-002
1.56600580e-001
1.25034233e-001
1.25445337e-001
1.27581095e-001
-7.94533703e-002
-2.04448444e-001
-8.01779995e-002
1.43898013e-001
-3.56162591e-003
-1.76976028e-003
1.36404573e-001
-5.15618049e-004
-1.35853800e-001
-1.27222888e-001
-1.10218375e-003
-5.20806690e-003
-5.25819829e-002
1.14293095e-003
-9.62420103e-002
0.00000000e+000
0.00000000e+000
0.00000000e+000
-9.85407611e-002
-4.14765064e-002
1.27251095e-001
1.18730097e-001
-5.46620879e-003
0.00000000e+000
0.00000000e+000
0.00000000e+000
-4.90109802e-001
-2.16881196e-002
1.95975385e-001
2.97002310e-001
1.19317942e-001
0.00000000e+000
0.00000000e+000
0.00000000e+000
-7.66812074e-002
-8.04268233e-002
-9.55231488e-002
7.64098362e-002
2.18478782e-001
-3.46455238e-001
3.67852311e-001
2.78423177e-002
6.45586300e-002
-2.83600760e-001
2.76694523e-001
0.00000000e+000
-5.15972264e-001
-3.52261726e-001
8.14099460e-001
-3.62660812e-001
5.54483833e-001
-9.13253064e-002
0.00000000e+000
-9.53009370e-001
-1.29228811e+000
6.26700586e-001
1.23531626e+000
4.26806500e-001
1.24614222e+000
0.00000000e+000
-1.99880882e-001
-3.15845610e-001
1.45838501e-001
-2.57903889e-001
1.54540096e-001
1.54270857e-001
0.00000000e+000
-1.81780568e-001
-3.44284325e-001
1.65227135e-001
-4.99475623e-002
1.17051148e-001
1.53262044e-001
0.00000000e+000
4.90104118e-002
-3.33520988e-003
9.44197842e-002
-1.26014841e-001
-4.29324807e-002
1.56142555e-001
0.00000000e+000
-5.08900784e-002
-1.43591782e-001
1.19248544e-001
2.31735085e-001
3.21392492e-002
2.71627461e-001
0.00000000e+000
0.00000000e+000
0.00000000e+000
0.00000000e+000
0.00000000e+000
0.00000000e+000
0.00000000e+000
0.00000000e+000
0.00000000e+000
0.00000000e+000
0.00000000e+000
0.00000000e+000
0.00000000e+000
0.00000000e+000
0.00000000e+000
0.00000000e+000
0.00000000e+000
0.00000000e+000
0.00000000e+000
0.00000000e+000
0.00000000e+000
-6.25634899e-001
-1.12770899e+000
-7.27703278e-001
0.00000000e+000
0.00000000e+000
0.00000000e+000
4.18918815e-001
-8.19078245e-001
2.02668023e-001
-1.16051685e+000
-7.28304712e-001
3.14448788e-001
1.33682204e-001
9.11917367e-001
2.90231394e-002
0.00000000e+000
7.00796371e-001
-1.15819468e+000
-1.17644537e+000
2.66004601e-001
7.06846236e-001
5.80975911e-001
6.27846914e-001
-7.88485499e-001
-2.24086246e-001
4.34279960e-001
-1.61730809e-001
0.00000000e+000
0.00000000e+000
0.00000000e+000
1.95353611e-001
-1.05021837e+000
7.36248225e-002
1.10082283e+000
-3.28321234e-001
1.61496437e-001
3.27499604e-001
-6.90889977e-002
-2.10955673e-001
0.00000000e+000
1.48326636e-002
4.06140825e-001
-2.36706814e-001
7.94670132e-002
-2.05833068e-001
6.99146489e-002
-2.07881731e-002
-4.47981111e-001
-1.52655447e-001
1.31665624e-001
-1.11647999e+000
0.00000000e+000
0.00000000e+000
0.00000000e+000
5.55322116e-003
-9.74443293e-001
-4.81233883e-001
1.18988628e+000
-7.10840990e-001
4.82799236e-001
8.63570728e-001
-1.30095255e-001
-4.55138863e-001
0.00000000e+000
6.36096943e-001
-7.29601084e-001
-8.94658263e-001
2.34861345e-001
-7.90208266e-001
6.71064666e-001
8.70830641e-001
-7.09002634e-001
-3.73692500e-001
1.77771978e-001
-7.17849413e-002
0.00000000e+000
0.00000000e+000
0.00000000e+000
1.02980551e-001
-9.21399351e-001
2.54636010e-001
-2.34825723e-001
-2.99678829e-001
4.59185448e-001
1.61464910e-001
3.32456353e-001
3.51794743e-001
0.00000000e+000
-1.90370829e-001
1.37569929e-001
-5.06968242e-001
-7.20771168e-002
9.17631653e-001
9.69999502e-002
-1.53622002e-001
-3.54920478e-001
7.85725610e-003
-1.60499175e-001
136
1.70737192e+000
7.22627596e-001
-1.93733502e-003
5.33974392e-001
-2.57371250e-003
3.18561086e-001
-9.98126926e-004
1.32208844e-001
1.03175233e-003
0.00000000e+000
0.00000000e+000
0.00000000e+000
1.54340659e-001
2.70744740e-001
3.73290592e-001
4.40826287e-001
4.68169640e-001
0.00000000e+000
0.00000000e+000
0.00000000e+000
-7.77849012e-001
-5.02784570e-002
5.68170202e-001
9.92415463e-001
9.74913722e-001
0.00000000e+000
0.00000000e+000
-3.67758843e-001
1.32667178e-001
-2.40723600e-001
6.10477665e-001
-2.76427976e-001
6.84724134e-001
-5.76251227e-001
9.21165895e-001
-2.54588725e-001
6.92343815e-001
-4.14248373e-001
6.68509517e-001
-1.97359701e-001
-6.44698925e-002
-8.11873790e-001
1.20118584e+000
0.00000000e+000
0.00000000e+000
0.00000000e+000
0.00000000e+000
-3.13923224e+000
3.08500557e-001
-8.04761889e-001
-1.06722237e+000
0.00000000e+000
3.49129989e-001
3.30108712e-001
9.26369522e-002
-9.06291279e-001
0.00000000e+000
8.26678634e-001
-1.05123370e-002
2.58730885e-001
-3.13168480e-001
1.90934035e-001
6.52781561e-001
-5.87182045e-002
1.96410987e-001
-3.78770722e-002
0.00000000e+000
-5.05779166e-002
-3.33230425e-001
6.61399984e-002
-1.69034015e-001
0.00000000e+000
0.00000000e+000
0.00000000e+000
0.00000000e+000
0.00000000e+000
0.00000000e+000
0.00000000e+000
0.00000000e+000
0.00000000e+000
0.00000000e+000
0.00000000e+000
0.00000000e+000
0.00000000e+000
0.00000000e+000
0.00000000e+000
-8.69413064e-001
-1.02730021e+000
-1.21598574e+000
0.00000000e+000
0.00000000e+000
0.00000000e+000
8.47228787e-001
-2.86595613e+000
4.59180153e-001
-6.87524383e-001
-1.15468449e+000
6.70153477e-001
1.64369608e-001
1.28951401e+000
-3.56685081e-001
0.00000000e+000
9.42168011e-001
-1.14989242e+000
-1.40558984e+000
4.06154529e-001
1.32784673e+000
1.01158589e+000
8.28090067e-001
-1.57050978e+000
-4.11815668e-001
4.40380790e-001
-1.27292320e+000
0.00000000e+000
0.00000000e+000
0.00000000e+000
5.50027863e-001
-2.50174348e+000
3.22203331e-001
8.28483464e-001
-9.81799715e-001
4.95033366e-001
8.30572837e-001
3.83366147e-001
-5.22945571e-001
0.00000000e+000
1.11185283e+000
-1.21889201e+000
-1.08456060e+000
7.39528396e-001
-6.81042516e-001
2.73123258e-001
5.19157303e-001
-1.11511510e+000
3.36615550e-002
7.46165447e-001
15 1
-6.3571e-001 2.4336e-001
6 1
0 1 2 8 7 4 
217
9.75346775e-002
-1.33163937e-002
-1.91469443e-001
2.32301041e-003
3.77276162e-002
-2.15401289e-001
-9.44589084e-002
5.02974151e-003
-1.65386897e-002
-6.14095846e-002
-2.16374760e-001
1.88465765e-001
3.87179419e-001
2.18560854e-001
0.00000000e+000
0.00000000e+000
0.00000000e+000
-7.41590840e-002
9.65174643e-004
2.61884544e-001
-1.55201971e-002
-4.70220909e-004
3.53266941e-001
1.87213959e-001
1.25056084e-003
2.92151113e-001
0.00000000e+000
0.00000000e+000
0.00000000e+000
-2.95259136e-001
-2.34816364e-001
-9.26376392e-002
2.22510782e-001
4.97737035e-001
0.00000000e+000
0.00000000e+000
0.00000000e+000
-4.80187189e-001
-1.33660155e-001
1.54281006e-001
2.83208368e-001
2.71307328e-001
2.58532086e-003
0.00000000e+000
1.16369285e-001
4.45947262e-002
-2.77456482e-001
-6.05102498e-002
-1.01003035e-001
6.95683723e-002
-3.73529017e-001
4.36333419e-001
0.00000000e+000
1.44155118e-002
-2.61052821e-001
1.78917787e-001
-2.47187169e-001
-4.13064755e-001
5.18045772e-002
9.38105634e-001
-3.19186261e-001
2.55756927e-001
1.60964012e-001
-4.40426678e-001
-6.70399091e-001
-1.44088375e+000
6.79797225e-001
1.34084939e+000
5.28563222e-001
9.28795382e-001
0.00000000e+000
-5.35078171e-001
-7.77991176e-001
4.51797398e-001
-2.31384365e-001
1.80815450e-001
4.61709942e-001
0.00000000e+000
-2.63493350e-001
-3.97584982e-001
2.22978837e-001
-3.77360559e-001
1.38049191e-001
-1.98901668e-002
0.00000000e+000
-1.45632980e-001
-1.87544597e-002
2.13232057e-001
-4.25103628e-001
2.99356007e-002
1.91401840e-001
1.63408824e-001
-8.62575342e-002
-7.74973836e-002
1.35583020e-002
1.45074032e-001
6.82508564e-003
1.87718488e-002
1.32221154e-001
2.10648338e-001
-3.48932165e-001
-1.05855441e-001
-8.21600725e-001
-1.39479373e-001
-4.12767330e-001
0.00000000e+000
0.00000000e+000
0.00000000e+000
0.00000000e+000
0.00000000e+000
0.00000000e+000
0.00000000e+000
0.00000000e+000
0.00000000e+000
0.00000000e+000
0.00000000e+000
0.00000000e+000
0.00000000e+000
0.00000000e+000
-8.84817372e-001
-8.42770584e-001
-9.43690329e-001
0.00000000e+000
0.00000000e+000
0.00000000e+000
4.92794648e-001
-9.63840599e-001
3.09693187e-001
-3.63007435e-001
-7.43045032e-001
7.47214710e-001
2.17557698e-001
4.97261309e-001
-1.31099880e-001
0.00000000e+000
7.13345962e-001
-5.18955430e-001
-1.32426330e+000
2.63289786e-002
2.50941229e-001
3.25340043e-001
7.42602557e-001
-8.62222297e-001
-6.47897508e-001
2.87560835e-001
-1.59320107e-001
0.00000000e+000
0.00000000e+000
0.00000000e+000
2.20594735e-001
-1.36286209e+000
1.68063231e-001
2.94649134e-001
-3.69506327e-001
-2.10857214e-002
2.10386894e-001
2.15153166e-001
-2.39680944e-001
0.00000000e+000
2.82360478e-001
-6.21975374e-001
-5.85878931e-002
2.27214729e-001
3.05018790e-002
2.97287100e-001
1.37388051e-001
-1.43104152e-001
2.25767220e-001
3.48115778e-001
-7.10790409e-001
0.00000000e+000
0.00000000e+000
0.00000000e+000
1.82524604e-001
-8.01375510e-001
1.17943734e-001
1.04824503e-001
-4.58504001e-001
5.25149314e-001
3.80496846e-001
-5.38882997e-002
1.07387366e-001
0.00000000e+000
7.40734492e-001
-5.72996503e-001
-8.04069472e-001
5.51802723e-001
-6.61585840e-001
1.52905725e-001
3.34490481e-001
-6.70323055e-001
-4.23731613e-003
1.17929798e-001
-1.77017678e-001
0.00000000e+000
0.00000000e+000
0.00000000e+000
1.27335754e-001
-1.31134593e+000
-4.63566115e-003
2.62732449e-001
-3.04667998e-001
5.99067595e-002
1.31668035e-001
2.26428202e-001
-3.05392279e-001
0.00000000e+000
1.70493134e-001
-2.52143962e-001
-1.04441607e-001
1.45782617e-001
4.05850129e-001
1.65703941e-001
3.19857161e-002
-1.20827677e-002
1.19236428e-001
2.70569361e-001
136
1.76744713e+000
0.00000000e+000
0.00000000e+000
1.54030842e-001
7.22216466e-003
7.92309959e-001
7.86712125e-004
8.21106326e-001
9.47974867e-004
0.00000000e+000
0.00000000e+000
0.00000000e+000
4.87861310e-001
3.45494967e-001
2.52350727e-001
3.24400812e-001
3.57339312e-001
0.00000000e+000
0.00000000e+000
0.00000000e+000
-1.11063569e+000
-3.18979310e-001
3.88815191e-001
8.35454223e-001
1.01259878e+000
9.60193931e-001
0.00000000e+000
-7.36081566e-001
2.65120487e-001
-5.04338849e-001
8.09860568e-001
-3.60686818e-001
9.24722901e-001
-6.57933145e-001
1.15512574e+000
-5.21438769e-001
8.65986696e-001
-5.75386189e-001
8.85806676e-001
-3.81010883e-001
2.26652392e-003
-6.90310658e-001
1.28574441e+000
0.00000000e+000
0.00000000e+000
0.00000000e+000
-2.06743663e+000
-2.35975025e+000
3.64336877e-001
-7.36703606e-001
-1.00522144e+000
0.00000000e+000
5.88785726e-002
1.59659181e-001
2.20233553e-002
-6.69358508e-001
0.00000000e+000
4.89529055e-001
4.82952033e-002
1.34270866e-001
-5.21168830e-001
5.90220334e-002
4.24828237e-001
-4.94044292e-002
1.09746553e-001
6.05676794e-002
-2.03069198e-001
-6.63187353e-001
-2.61935907e-001
-1.17661046e-001
-7.42061245e-002
2.58634346e-001
6.11469252e-001
-5.59462597e-001
1.70548563e-001
-2.18988672e-001
0.00000000e+000
0.00000000e+000
0.00000000e+000
0.00000000e+000
0.00000000e+000
0.00000000e+000
0.00000000e+000
0.00000000e+000
0.00000000e+000
0.00000000e+000
-7.52055239e-001
-8.87870053e-001
-1.07475062e+000
0.00000000e+000
0.00000000e+000
0.00000000e+000
7.36723048e-001
-2.52053063e+000
2.88737362e-001
-1.11978945e-002
-1.16630195e+000
5.95432469e-001
3.28281265e-001
1.17780171e+000
-2.97852162e-001
0.00000000e+000
7.85028893e-001
-7.63313309e-001
-1.42706555e+000
3.85210688e-001
1.12666694e+000
8.62660713e-001
5.83672343e-001
-1.66235097e+000
-4.53458677e-001
3.57105090e-001
-1.12164397e+000
0.00000000e+000
0.00000000e+000
0.00000000e+000
4.30911833e-001
-2.37704528e+000
2.07017049e-001
8.32035987e-001
-9.95897698e-001
7.93643333e-001
1.02261824e+000
2.89325289e-001
-3.07345398e-001
0.00000000e+000
8.55475064e-001
-1.01138669e+000
-1.27429501e+000
6.02771460e-001
-3.27796609e-001
3.69331369e-001
5.32343630e-001
-1.20158507e+000
-9.39424511e-002
5.32176978e-001
10 1
-7.9359e-001 2.7814e-001
7 1
0 1 2 8 7 4 15 
217
2.39281025e-001
-9.24543257e-002
-3.05513756e-001
-2.72941617e-001
-5.72341764e-003
3.40958855e-002
7.29752936e-002
-2.01063758e-002
5.83556578e-002
-1.78232446e-001
-1.70673157e-001
-1.41207970e-001
2.84346649e-001
3.71671038e-001
0.00000000e+000
0.00000000e+000
0.00000000e+000
-8.50364827e-002
1.77769713e-003
1.96569501e-001
-3.05139312e-002
1.85653921e-003
4.01565428e-001
3.54831439e-001
1.33150474e-003
2.83138936e-001
0.00000000e+000
0.00000000e+000
0.00000000e+000
-2.52275248e-001
-2.38495326e-001
-1.22145096e-001
2.31389958e-001
6.20806738e-001
0.00000000e+000
0.00000000e+000
0.00000000e+000
-3.86328142e-001
-1.48870099e-001
5.76691410e-002
2.39233604e-001
2.00780881e-001
2.07158953e-001
6.96366866e-002
0.00000000e+000
6.20240646e-002
-3.84079018e-001
1.41359090e-002
0.00000000e+000
1.22706461e-001
-3.00924246e-001
6.51484356e-001
-2.58534343e-002
3.96866265e-001
-2.49222676e-001
1.05496680e-001
0.00000000e+000
-8.49706774e-001
6.46634251e-002
8.14173699e-001
-2.49086808e-001
2.05822035e-001
2.82545798e-001
-4.10749300e-001
-6.67150334e-001
-9.65781881e-001
7.33026250e-001
1.27436236e+000
5.84154410e-001
9.27037634e-001
0.00000000e+000
-4.76447103e-001
-7.67018128e-001
5.56069191e-001
-2.10755441e-001
1.59658937e-001
5.43161477e-001
0.00000000e+000
-2.23710714e-001
-5.27770169e-001
2.54792193e-001
-4.16572938e-001
2.08199546e-001
-5.88246445e-002
0.00000000e+000
-1.47997052e-002
7.12148396e-002
1.90439734e-001
-1.07300667e-001
6.36409965e-002
-1.17973189e-001
-1.78521429e-002
-3.75287825e-002
-1.74293720e-001
1.44570905e-001
1.86131646e-001
1.50091046e-001
1.77137413e-002
2.03861481e-001
1.29151622e-001
-1.20477273e-001
-1.14721199e-002
-8.21316677e-001
-8.22599574e-002
-4.17829419e-001
0.00000000e+000
1.00037253e-002
-7.48262323e-002
1.65022358e-001
-4.81737515e-001
6.42549420e-002
1.37585536e-001
0.00000000e+000
0.00000000e+000
0.00000000e+000
0.00000000e+000
0.00000000e+000
0.00000000e+000
0.00000000e+000
-8.39117979e-001
-1.02722345e+000
-8.22380084e-001
0.00000000e+000
0.00000000e+000
0.00000000e+000
7.12564887e-001
-1.33870517e+000
2.03836354e-002
-2.51335997e-001
-7.93507144e-001
3.67726828e-001
3.08319933e-001
4.43697569e-001
-6.89713892e-002
0.00000000e+000
8.87015969e-001
-7.12544810e-001
-1.25189837e+000
1.47710232e-001
2.53068754e-001
6.74753006e-001
1.11525734e+000
-9.31289886e-001
-6.92784545e-001
2.88159075e-001
-2.41639111e-001
0.00000000e+000
0.00000000e+000
0.00000000e+000
1.84088929e-001
-1.80897590e+000
-3.96255271e-002
2.66557186e-001
-2.62752571e-001
1.85797102e-001
2.36796294e-001
2.93010698e-001
-1.55909242e-001
0.00000000e+000
2.05363570e-001
-3.82106954e-001
-8.13619367e-002
1.76248340e-001
7.38756946e-002
3.11612267e-001
8.15595844e-002
-1.65010942e-001
3.62960388e-001
2.76233903e-001
-9.02729333e-001
0.00000000e+000
0.00000000e+000
0.00000000e+000
2.62731953e-001
-8.67987892e-001
-3.91843498e-003
1.61455212e-001
-3.59755599e-001
2.08544975e-001
6.87281835e-001
1.27860834e-001
-3.24993991e-002
0.00000000e+000
6.82357322e-001
-5.90171762e-001
-9.89567226e-001
3.44663002e-001
-6.76669832e-001
3.53433775e-001
2.79741230e-001
-6.91753857e-001
5.66401694e-003
1.95860512e-001
-1.65430943e-001
0.00000000e+000
0.00000000e+000
0.00000000e+000
1.37372518e-001
-1.53052995e+000
1.29148649e-001
2.51279373e-001
-2.93931637e-001
1.48101136e-001
4.46388431e-002
1.31031916e-001
-1.98352242e-001
0.00000000e+000
1.99865650e-001
-2.89116988e-001
-6.45590468e-002
2.01785252e-001
4.31696517e-001
1.28798966e-001
9.03481751e-002
-2.10568447e-002
9.91814943e-002
2.38867277e-001
136
1.09347957e+000
0.00000000e+000
0.00000000e+000
1.21158838e-001
3.64041514e-003
4.85650992e-001
1.36295035e-004
4.86669739e-001
8.64590733e-004
0.00000000e+000
0.00000000e+000
0.00000000e+000
2.81969473e-001
2.11398958e-001
1.19413198e-001
2.13202251e-001
2.67495688e-001
0.00000000e+000
0.00000000e+000
0.00000000e+000
-8.18221032e-001
-2.16515822e-001
2.42361938e-001
5.25930907e-001
5.58869957e-001
5.40470197e-001
2.60583424e-001
-2.99732294e-001
3.84932052e-001
-4.63675812e-001
4.98139663e-001
-2.99484945e-001
5.15814791e-001
-6.52162257e-001
8.39725159e-001
-3.50316158e-001
3.84977465e-001
-4.50924126e-001
7.04316043e-001
-3.40879454e-001
-5.98313196e-002
-4.77676103e-001
1.16025687e+000
0.00000000e+000
0.00000000e+000
0.00000000e+000
-1.51191204e+000
-1.82293911e+000
5.31746946e-001
-5.60498190e-001
-1.10703487e+000
0.00000000e+000
-6.45198627e-002
1.43069148e-001
3.24173894e-002
-6.65583099e-001
0.00000000e+000
4.07716832e-001
1.01928588e-001
1.33436593e-001
-4.15406811e-001
1.87854553e-002
-1.11303051e-002
-9.64922023e-002
4.80704170e-002
2.12540975e-002
-1.42558302e-001
-5.97821291e-001
-2.16287203e-001
-6.39382639e-002
-5.05788253e-002
7.66990976e-002
3.86901835e-001
-5.18915086e-001
1.46627608e-001
-2.36091734e-001
0.00000000e+000
9.58421766e-001
-7.93673248e-002
2.32029000e-001
-3.46892557e-002
0.00000000e+000
0.00000000e+000
0.00000000e+000
0.00000000e+000
0.00000000e+000
-7.66529196e-001
-8.74161507e-001
-1.08831099e+000
0.00000000e+000
0.00000000e+000
0.00000000e+000
7.20632561e-001
-2.43505020e+000
4.27675932e-001
-4.21849174e-002
-1.20025645e+000
6.34324996e-001
3.18838018e-001
1.16391103e+000
-3.49396330e-001
0.00000000e+000
7.88800972e-001
-8.16837838e-001
-1.41431272e+000
3.76831371e-001
1.10678288e+000
7.91174907e-001
5.59273389e-001
-1.61171992e+000
-5.05121684e-001
3.98323014e-001
-1.10569028e+000
0.00000000e+000
0.00000000e+000
0.00000000e+000
4.22988121e-001
-2.40297771e+000
1.82891967e-001
8.21238643e-001
-1.01329577e+000
8.22357918e-001
9.52453049e-001
2.91560545e-001
-3.41421964e-001
0.00000000e+000
8.89611838e-001
-9.87959413e-001
-1.26377431e+000
6.02843331e-001
-3.35367873e-001
3.63633776e-001
5.66848619e-001
-1.14679258e+000
-8.16641198e-002
5.51135647e-001
16 1
-9.6701e-001 2.7804e-001
8 0
0 1 2 8 7 4 15 10 
217
2.69795510e-001
-4.74071547e-001
-3.21419047e-003
-2.82020167e-001
3.70080415e-001
-2.57523527e-001
1.15411998e-002
4.30357769e-002
5.09207980e-002
3.57073085e-001
-2.98532065e-002
-3.20030379e-002
-1.32893696e-001
-8.07646491e-002
-1.78826896e-001
7.99730464e-003
5.12833810e-002
2.13987718e-001
-1.26100724e-003
-1.49417157e-001
1.68949564e-001
-9.91398347e-004
-2.10697415e-001
6.56851234e-002
6.63682842e-004
-1.69102770e-001
0.00000000e+000
0.00000000e+000
0.00000000e+000
1.88181306e-002
9.52971112e-002
9.79253960e-002
8.94513883e-002
-3.16965157e-002
0.00000000e+000
0.00000000e+000
0.00000000e+000
-2.88707108e-001
-9.75303709e-003
1.19384874e-001
1.65619623e-001
9.18863167e-003
1.62801095e-003
2.72434515e-001
0.00000000e+000
9.17684391e-003
-1.49458815e-001
-8.28094541e-002
5.65568426e-002
1.14568362e-001
-3.02630614e-001
3.60681249e-001
0.00000000e+000
4.45187210e-002
-1.16212335e-001
2.96062425e-001
0.00000000e+000
-3.33641701e-001
-2.26456712e-001
6.63087125e-001
-1.61455293e-001
5.74279766e-001
-1.43028964e-001
0.00000000e+000
-8.01848060e-001
-1.57038546e+000
7.22933596e-001
1.52390853e+000
3.48709974e-001
6.33541433e-001
0.00000000e+000
-1.72467359e-001
-4.04543812e-001
1.86316000e-001
-1.84675404e-001
2.55946869e-001
5.18921787e-001
0.00000000e+000
-2.17352190e-001
-3.38077109e-001
3.20740069e-001
-3.98782150e-002
1.66407630e-001
3.73595102e-002
0.00000000e+000
9.35789325e-003
7.52419378e-003
1.90589954e-001
-3.90354243e-002
6.98476627e-002
1.71738385e-001
0.00000000e+000
8.23179994e-002
-2.19310981e-001
1.21424378e-001
-3.32706911e-002
6.60531329e-002
-2.61376314e-001
0.00000000e+000
2.29920856e-001
-4.67538348e-002
5.66170080e-002
-5.40383377e-001
-1.67423538e-002
-4.35205777e-001
0.00000000e+000
2.08662529e-002
-2.24893857e-001
2.10748872e-001
-3.45563176e-001
3.81803849e-002
2.83483711e-002
0.00000000e+000
3.84900702e-002
-1.12295619e-001
2.17484772e-001
-1.79123498e-001
1.38206683e-002
-1.16141210e-001
-6.48698561e-001
-1.14270617e+000
-8.19307891e-001
0.00000000e+000
0.00000000e+000
0.00000000e+000
5.10416728e-001
-1.03151660e+000
5.10001546e-002
-5.65460034e-001
-6.43030028e-001
4.64688511e-001
7.90779595e-002
7.30501156e-001
-2.45905449e-001
0.00000000e+000
6.22778668e-001
-5.15908504e-001
-1.30951738e+000
4.48515405e-001
5.70328012e-001
6.54750798e-001
3.86619820e-001
-9.93244887e-001
-4.75737756e-001
4.42335535e-001
-1.80526244e-001
0.00000000e+000
0.00000000e+000
0.00000000e+000
2.39324964e-001
-1.42385138e+000
2.14588347e-001
4.83924262e-001
-4.84556332e-001
2.86403145e-001
3.54266630e-001
2.49534187e-001
-1.26200920e-001
0.00000000e+000
1.56668435e-001
-2.67025731e-001
-3.58876476e-002
4.72483711e-003
7.21075506e-002
7.22649984e-002
2.24970296e-001
-3.34773451e-001
-2.20812130e-002
1.55072780e-001
-1.17960760e+000
0.00000000e+000
0.00000000e+000
0.00000000e+000
1.54658541e-001
-8.18424133e-001
-2.26975515e-002
9.15912549e-001
-7.44135755e-001
6.09111943e-001
1.04476310e+000
-8.08093265e-002
-1.19035277e-001
0.00000000e+000
5.92546082e-001
-8.16309403e-001
-1.28593825e+000
3.32940349e-001
-2.38855975e-001
3.30137102e-001
3.15271414e-001
-9.99672113e-001
-2.87776504e-001
-6.12943897e-002
-5.84479349e-002
0.00000000e+000
0.00000000e+000
0.00000000e+000
1.25035410e-001
-1.10371786e+000
1.85227873e-001
-1.34929292e-002
-3.21295902e-001
4.09852556e-001
-6.61834756e-002
3.92933323e-001
-4.84873142e-002
0.00000000e+000
9.95401318e-002
-6.27671722e-002
-2.60475486e-001
-2.31310988e-002
2.36492170e-001
2.84267936e-001
8.55079184e-002
-1.71692360e-001
2.61851291e-003
1.91319832e-001
136
1.31173185e+000
6.51395026e-001
-4.65752694e-003
3.88231892e-001
-2.23974992e-003
2.22263805e-001
-1.23263480e-003
4.98411318e-002
1.08191163e-003
0.00000000e+000
0.00000000e+000
0.00000000e+000
7.14970305e-002
1.70772253e-001
3.49251922e-001
4.10484270e-001
3.09726380e-001
0.00000000e+000
0.00000000e+000
0.00000000e+000
-5.27967115e-001
-1.31370028e-001
1.43663070e-001
2.96585726e-001
3.60719193e-001
5.04260426e-001
6.65840584e-001
-3.48349552e-001
5.47786163e-001
-4.23524439e-001
5.05483517e-001
-4.42005853e-001
5.96263687e-001
-5.51425346e-001
9.35132201e-001
-4.25437445e-001
5.11121803e-001
-4.41055941e-001
6.45705781e-001
-2.04908519e-001
1.00363821e-002
-7.22734735e-001
1.11964415e+000
0.00000000e+000
0.00000000e+000
0.00000000e+000
0.00000000e+000
-3.55944183e+000
2.49746200e-001
-8.90840655e-001
-1.01699722e+000
0.00000000e+000
2.44506666e-001
2.14469201e-001
1.64445957e-001
-7.23907619e-001
0.00000000e+000
5.71729887e-001
1.26972838e-002
2.22015770e-001
-2.66964678e-001
3.04403108e-002
-3.25019710e-002
-1.02872837e-001
8.42612910e-002
-1.95276731e-002
0.00000000e+000
-1.08332530e+000
-2.15061553e-001
-1.45757677e-001
-1.01177063e-001
0.00000000e+000
6.54603061e-001
-4.45306830e-001
2.34047528e-001
-2.58407704e-001
0.00000000e+000
1.23533976e+000
3.64514877e-002
2.58306564e-001
-1.25744377e-001
0.00000000e+000
1.07416542e+000
2.65221568e-002
2.46466060e-001
-1.14291895e-001
-8.61988691e-001
-1.10215759e+000
-1.19451766e+000
0.00000000e+000
0.00000000e+000
0.00000000e+000
7.86125266e-001
-2.66310117e+000
4.08175195e-001
-3.08897971e-001
-1.15857557e+000
5.55731806e-001
2.31291407e-001
1.18940873e+000
-3.23933300e-001
0.00000000e+000
8.58343566e-001
-9.03568644e-001
-1.44469524e+000
3.56225476e-001
1.18412095e+000
9.35470279e-001
7.78168295e-001
-1.62058819e+000
-4.64711159e-001
4.10492595e-001
-1.30746394e+000
0.00000000e+000
0.00000000e+000
0.00000000e+000
4.71307156e-001
-2.72093045e+000
1.50582663e-001
8.28777143e-001
-1.04457147e+000
6.86696606e-001
9.66203932e-001
3.44931054e-001
-3.24926717e-001
0.00000000e+000
9.24907422e-001
-1.02065149e+000
-1.17049998e+000
6.07684669e-001
-3.34058508e-001
3.86171031e-001
5.86374935e-001
-1.21545844e+000
-6.13384753e-002
6.31334989e-001
19 1
-9.3213e-001 2.7988e-001
8 0
0 1 2 8 7 4 15 10 
217
3.17194505e-001
-7.97306212e-001
3.54571025e-002
3.44628297e-002
3.64018299e-001
-2.13474435e-001
9.03156373e-002
5.71210259e-002
1.74749842e-001
3.02218808e-002
-9.00449430e-002
-7.04624280e-002
0.00000000e+000
0.00000000e+000
9.06508598e-002
-3.61901334e-003
-2.99571862e-001
1.77363149e-001
-1.60794266e-003
-3.59417284e-001
-5.20383357e-002
1.50724393e-003
-2.08389679e-001
1.01218831e-001
1.38645573e-003
-2.17024637e-001
0.00000000e+000
0.00000000e+000
0.00000000e+000
-6.74757085e-002
1.90786815e-002
8.23234992e-002
8.90179632e-002
1.94250069e-001
0.00000000e+000
0.00000000e+000
0.00000000e+000
-4.07616785e-001
-1.19991958e-001
1.69090736e-001
2.72656113e-001
1.16184333e-001
2.79666327e-002
2.58905432e-001
0.00000000e+000
4.63771556e-002
-1.50977350e-001
-1.36063928e-001
-2.06740179e-002
1.63814928e-001
-2.51633186e-001
3.96660084e-001
0.00000000e+000
1.33345093e-001
5.46713521e-003
2.22108047e-001
0.00000000e+000
-2.95073066e-001
-1.53840325e-001
6.19062605e-001
-2.36512597e-001
5.71718948e-001
-1.80118460e-002
0.00000000e+000
-8.33036414e-001
-1.36985035e+000
7.30420569e-001
1.34919270e+000
4.19810350e-001
1.36902695e+000
0.00000000e+000
-2.33588577e-001
-4.96220848e-001
2.72355779e-001
-6.84583667e-002
2.78427303e-001
3.90340132e-001
0.00000000e+000
-1.23555846e-001
-3.59866473e-001
2.86824752e-001
-9.96840724e-002
1.53925599e-001
2.55984966e-001
0.00000000e+000
-1.96364617e-003
-7.14957429e-002
1.75244943e-001
-3.85896921e-002
1.43913208e-001
9.64029129e-002
-2.86614625e-001
1.02868265e-001
-1.83296311e-001
3.61684495e-001
4.12647359e-003
1.39256369e-001
-1.73994505e-003
7.05722333e-002
1.51372521e-001
-4.72737753e-001
8.80811274e-002
-3.88479916e-001
7.16862250e-003
-3.83838021e-001
0.00000000e+000
5.94871219e-002
-2.92848236e-002
1.87265348e-001
-2.59604468e-001
7.04420344e-002
-1.95095427e-001
0.00000000e+000
7.07567830e-002
-4.28403276e-002
1.72626139e-001
-8.88557705e-002
7.38115826e-002
-1.58417897e-001
-6.88962568e-001
-9.98700178e-001
-6.74172052e-001
0.00000000e+000
0.00000000e+000
0.00000000e+000
6.78489652e-001
-1.27048898e+000
9.58186512e-002
-9.21587735e-001
-8.13440805e-001
4.91497044e-001
-8.46503839e-003
5.11140889e-001
-2.04440046e-001
0.00000000e+000
7.22821434e-001
-5.85084454e-001
-1.10377928e+000
4.03679280e-001
5.30062486e-001
5.56971538e-001
6.41360559e-001
-8.82087441e-001
-1.37734418e-001
6.21094611e-001
-2.65260134e-001
0.00000000e+000
0.00000000e+000
0.00000000e+000
1.70814803e-001
-1.56359929e+000
5.00224572e-002
7.42683303e-001
-1.69103565e-001
1.61245189e-001
4.42905987e-001
2.16589957e-001
-1.09216282e-001
0.00000000e+000
1.78165325e-001
-1.10058859e-001
-3.61833258e-001
9.06376624e-002
-1.37291420e-001
2.70627255e-001
5.19244589e-002
-2.75918671e-001
1.77895327e-002
6.83552759e-002
-1.07551772e+000
0.00000000e+000
0.00000000e+000
0.00000000e+000
8.42024743e-002
-8.07353105e-001
2.90210752e-001
9.78183871e-001
-6.90895702e-001
5.63481080e-001
6.27714447e-001
-3.21374222e-001
-3.56036033e-001
0.00000000e+000
5.91043182e-001
-6.93066986e-001
-1.01144904e+000
5.18142620e-001
-3.64262631e-001
8.65474919e-002
8.21288216e-002
-6.40110759e-001
-4.61012973e-002
3.34773191e-002
-2.93825364e-002
0.00000000e+000
0.00000000e+000
0.00000000e+000
1.86888345e-001
-1.05312266e+000
2.83714356e-001
-1.49718306e-001
9.36141569e-002
6.05364147e-001
-2.47388445e-001
4.41463094e-001
-3.16386467e-002
0.00000000e+000
-8.84273743e-002
-1.34872041e-001
-3.26722691e-001
6.05044977e-003
5.63512914e-001
8.60650582e-002
1.99143581e-001
-3.45411954e-001
-1.46249769e-001
2.83532427e-002
136
1.19146930e+000
6.26783678e-001
-5.39784285e-003
4.29078643e-001
-3.68122126e-003
1.78674297e-001
-1.90691211e-003
-4.30673147e-002
7.68229907e-004
0.00000000e+000
0.00000000e+000
0.00000000e+000
4.44475028e-002
1.56965518e-001
2.97009359e-001
3.99295382e-001
2.93751542e-001
0.00000000e+000
0.00000000e+000
0.00000000e+000
-4.84069702e-001
-1.06494914e-001
1.60047620e-001
2.90483985e-001
3.30604906e-001
4.07134403e-001
5.93763007e-001
-2.88093735e-001
5.02291938e-001
-3.77104871e-001
4.81934711e-001
-3.78386111e-001
5.36761757e-001
-5.47210416e-001
8.86277978e-001
-4.20872635e-001
4.38251001e-001
-4.32365139e-001
6.26826004e-001
-2.04218104e-001
-6.39030050e-002
-6.96719377e-001
1.12799931e+000
0.00000000e+000
0.00000000e+000
0.00000000e+000
0.00000000e+000
-3.34497039e+000
3.13279254e-001
-8.38098920e-001
-1.03732193e+000
0.00000000e+000
1.21831106e-001
1.91725513e-001
1.31909760e-001
-6.96998832e-001
0.00000000e+000
5.30867274e-001
6.13777971e-002
2.00913328e-001
-2.75106354e-001
3.92661846e-002
-5.06992742e-002
-8.22859864e-002
7.48044967e-002
-3.42263155e-003
-6.54689508e-002
-6.09328049e-001
-1.95815872e-001
-3.98217923e-002
-1.09194286e-001
8.40151019e-002
6.02552625e-001
-4.31504809e-001
2.04200383e-001
-2.06939098e-001
0.00000000e+000
1.11034771e+000
2.48857354e-002
2.39081203e-001
-1.36607939e-001
0.00000000e+000
9.57738225e-001
2.79648586e-002
2.23813295e-001
-1.36120795e-001
-8.55071975e-001
-1.11481834e+000
-1.18331285e+000
0.00000000e+000
0.00000000e+000
0.00000000e+000
7.86819164e-001
-2.57171415e+000
4.03995476e-001
-2.78174816e-001
-1.20634812e+000
6.08764061e-001
2.41380547e-001
1.21322572e+000
-3.32371563e-001
0.00000000e+000
8.08962845e-001
-9.21774172e-001
-1.47744922e+000
3.41459125e-001
1.22897490e+000
9.47572280e-001
7.51863495e-001
-1.65729123e+000
-4.74225730e-001
4.03018526e-001
-1.32168574e+000
0.00000000e+000
0.00000000e+000
0.00000000e+000
4.80524048e-001
-2.64924806e+000
7.16624292e-002
8.57507049e-001
-1.10734570e+000
5.94747117e-001
1.05885216e+000
3.45051945e-001
-3.04400885e-001
0.00000000e+000
9.68414537e-001
-1.00157898e+000
-1.24631366e+000
6.15149594e-001
-4.15323146e-001
4.78690175e-001
5.74991552e-001
-1.22927101e+000
-4.12393527e-002
6.27444445e-001
6 1
-1.0459e+000 3.1283e-001
8 1
0 1 2 8 7 4 15 10 
217
5.27759090e-001
-3.85636376e-001
-5.12260096e-001
-1.91391766e-001
7.09956086e-002
2.40964169e-001
2.38056174e-001
9.09211944e-002
3.36483491e-001
-4.00267502e-001
-1.80442080e-001
-2.68271153e-002
6.26658968e-002
-6.07809039e-002
0.00000000e+000
0.00000000e+000
0.00000000e+000
-4.49246462e-002
-1.85608009e-003
2.85044632e-001
-3.23402764e-003
2.18442588e-003
2.03476554e-001
5.75917764e-001
9.54497045e-004
-2.41508414e-002
0.00000000e+000
0.00000000e+000
0.00000000e+000
4.47954926e-002
-7.75677403e-002
-3.99708552e-002
2.36396733e-001
3.64105460e-001
0.00000000e+000
0.00000000e+000
0.00000000e+000
-4.65449347e-001
-5.31404303e-002
2.01876598e-001
2.98484416e-001
1.19942547e-001
1.99638001e-001
2.26407305e-001
2.76472047e-003
3.26617416e-002
-1.70906916e-001
-7.83467805e-002
-4.45300388e-001
3.46611909e-001
-1.87035893e-001
5.16326160e-001
-3.05659491e-001
1.83649390e-001
4.96555080e-002
2.60340423e-001
3.63657971e-002
-4.44884813e-001
-2.44413663e-002
7.55959087e-001
-8.99326393e-002
3.63311527e-001
2.54380203e-001
-4.58030326e-001
-5.86527702e-001
-1.07486125e+000
8.31757709e-001
1.34765396e+000
7.40559410e-001
6.74302689e-001
0.00000000e+000
-5.93791133e-001
-9.59857495e-001
7.61586821e-001
5.60073858e-001
3.59963402e-001
5.11826743e-001
0.00000000e+000
-2.58414042e-002
-7.35871463e-001
3.14883411e-001
-3.18604364e-002
2.38717083e-001
-1.30707837e-001
0.00000000e+000
1.67745545e-002
8.29730089e-002
3.52454637e-001
-2.94252158e-001
1.58529899e-001
-1.12477390e-001
2.59035809e-001
1.22001614e-001
-5.57501190e-002
1.45597035e-001
-2.84579033e-001
1.12463197e-003
-1.16907532e-001
1.49035217e-001
2.39687871e-001
8.74955806e-002
6.97677841e-002
-8.10256413e-001
6.92682180e-002
-1.93183577e-001
0.00000000e+000
1.19604184e-001
-1.25538815e-002
1.18908601e-001
-2.03272588e-001
2.89246305e-001
-2.77599813e-001
0.00000000e+000
4.92884249e-002
4.35820779e-003
2.87402265e-001
-5.22138399e-001
1.91068401e-001
-4.30025079e-002
-8.24040826e-001
-9.14156634e-001
-1.06557658e+000
0.00000000e+000
0.00000000e+000
0.00000000e+000
5.84205053e-001
-5.20785440e-001
-1.25336242e-001
-1.23539310e+000
-9.63193876e-001
2.99340097e-001
-5.25407764e-002
4.85623651e-001
2.00800803e-001
0.00000000e+000
1.03841894e+000
-5.39063550e-001
-1.46720853e+000
3.59991379e-001
7.05357211e-001
4.11888256e-001
7.47729747e-001
-1.16461632e+000
-6.99925675e-001
8.69131786e-001
-7.08035668e-002
0.00000000e+000
0.00000000e+000
0.00000000e+000
1.61434239e-001
-9.72461559e-001
7.01084951e-002
5.71281166e-001
-3.98159425e-001
1.59750125e-002
2.81565549e-001
1.70798872e-001
3.14698587e-001
0.00000000e+000
4.44215918e-002
-6.54154582e-001
6.88044842e-002
1.59863273e-001
-5.38574651e-002
9.48121459e-002
-1.32687009e-001
-9.82595979e-002
3.37179370e-001
-5.21667159e-002
-8.13943536e-001
0.00000000e+000
0.00000000e+000
0.00000000e+000
1.55947699e-003
-1.02216211e+000
-1.14250643e-001
7.04194244e-001
-5.56652693e-001
5.36984074e-001
1.04336554e+000
1.96618219e-001
-5.23938502e-001
0.00000000e+000
5.27958890e-001
-5.09911477e-001
-1.21099965e+000
4.94006055e-001
-3.47069697e-001
3.76476536e-001
4.07816782e-001
-6.73759314e-001
-2.44736442e-001
1.00557184e-001
-2.27561286e-001
0.00000000e+000
0.00000000e+000
0.00000000e+000
2.81512840e-001
-1.26599681e+000
1.95320933e-001
-1.06324054e-002
-2.37806821e-001
8.72037264e-002
-9.67116607e-002
1.87793091e-001
4.43952881e-003
0.00000000e+000
2.01393595e-001
-1.18701429e-001
5.74094499e-002
8.27154299e-002
3.23604848e-001
-4.64790112e-002
-6.71295093e-002
-1.71990827e-001
1.18357867e-001
2.48135883e-001
136
7.36192209e-001
0.00000000e+000
0.00000000e+000
1.24574188e-003
4.38817905e-003
3.56862056e-001
9.78419885e-004
3.78084411e-001
1.04961266e-003
0.00000000e+000
0.00000000e+000
0.00000000e+000
1.79042912e-001
1.19867130e-001
6.22087451e-002
1.54651221e-001
2.20422200e-001
0.00000000e+000
0.00000000e+000
0.00000000e+000
-6.60405337e-001
-1.82848898e-001
1.34289971e-001
3.14081775e-001
3.79349527e-001
3.46207325e-001
4.05517846e-001
-2.62552158e-001
3.76163147e-001
-5.07996904e-001
4.10379488e-001
-2.00598045e-001
4.27077642e-001
-5.80748640e-001
7.70422723e-001
-2.74258707e-001
4.03032966e-001
-4.58378211e-001
5.08818279e-001
-2.77501948e-001
-2.60299667e-001
-3.16480740e-001
9.79112982e-001
0.00000000e+000
0.00000000e+000
0.00000000e+000
-1.27379981e+000
-1.60471555e+000
5.87705706e-001
-4.95823299e-001
-1.02230075e+000
0.00000000e+000
-6.89367686e-002
4.91187200e-002
1.01070707e-001
-6.10258681e-001
0.00000000e+000
1.95207901e-001
5.23754703e-002
1.19242991e-001
-3.77376909e-001
-6.38765225e-002
-1.96699359e-002
-2.63321051e-002
4.38001356e-002
-6.29740136e-004
-2.19172749e-001
-5.85979691e-001
-1.55137186e-001
-5.45116357e-002
-1.02727729e-001
2.86818283e-002
2.40950147e-001
-4.63735904e-001
1.38467153e-001
-3.03151517e-001
0.00000000e+000
7.11230336e-001
1.15546001e-002
1.60720755e-001
-4.22067319e-002
0.00000000e+000
5.55208934e-001
-3.93991683e-002
1.51817969e-001
-1.48847325e-001
-7.58113546e-001
-8.75736484e-001
-1.09047484e+000
0.00000000e+000
0.00000000e+000
0.00000000e+000
8.06529823e-001
-2.78163586e+000
4.42679500e-001
5.67695217e-002
-1.13454742e+000
7.03851373e-001
3.63659455e-001
1.20329886e+000
-8.07358513e-001
0.00000000e+000
8.04306414e-001
-7.48121449e-001
-1.42534133e+000
3.43392103e-001
1.12463530e+000
9.34809405e-001
7.54543415e-001
-1.62086092e+000
-5.18612212e-001
4.07527691e-001
-1.09417875e+000
0.00000000e+000
0.00000000e+000
0.00000000e+000
4.23733477e-001
-2.34594764e+000
1.86328105e-001
8.00667806e-001
-1.02038060e+000
7.68125790e-001
9.58205709e-001
2.90614323e-001
-3.14011781e-001
0.00000000e+000
8.90628918e-001
-1.10129200e+000
-1.22438794e+000
6.15923137e-001
-4.17840679e-001
3.98025543e-001
5.56295269e-001
-1.09211567e+000
-3.82774197e-002
5.71526909e-001
22 1
-1.0434e+000 3.2499e-001
8 1
0 1 2 8 7 4 15 10 
217
1.67868017e-001
-2.96451384e-002
-2.48989490e-001
-6.97244145e-002
1.11587896e-001
-3.31396362e-001
-2.73412834e-001
3.41460573e-001
2.79778605e-002
-1.92033339e-001
-1.01019401e-003
1.14188741e-001
3.02725289e-001
3.15205355e-001
0.00000000e+000
0.00000000e+000
0.00000000e+000
-1.23219887e-001
-3.07146139e-003
5.44983502e-001
-8.41778761e-002
9.41772026e-004
4.80894319e-001
3.75265781e-001
6.49892660e-004
2.11960610e-001
0.00000000e+000
0.00000000e+000
0.00000000e+000
-1.28434066e-002
-2.42263206e-001
-6.38894005e-002
1.90722008e-001
2.96142022e-001
0.00000000e+000
0.00000000e+000
0.00000000e+000
-4.63735499e-001
-9.11813253e-002
4.80852986e-003
1.66775844e-001
2.09612927e-001
1.94127733e-001
1.47459807e-001
-2.49726392e-002
1.12613438e-001
-2.71247479e-001
2.29183736e-002
-1.55613379e-001
1.55541259e-001
-2.20726137e-001
2.73451233e-001
-1.75412475e-001
-2.04380686e-002
-1.64427354e-001
2.28711798e-001
-2.12572370e-001
-2.34328162e-001
1.58015260e-001
6.96354719e-001
-1.92204266e-001
2.17775242e-001
1.42297041e-001
-4.00777489e-001
-6.66179084e-001
-1.54440455e+000
7.40107074e-001
1.32719137e+000
4.94717517e-001
6.35136356e-001
0.00000000e+000
-5.55182396e-001
-8.47808916e-001
5.71020313e-001
-3.00593381e-001
1.52030101e-001
1.17529838e-001
0.00000000e+000
-2.92254405e-001
-4.27222814e-001
3.31854378e-001
-2.08505147e-001
1.28268045e-001
-1.02280863e-001
0.00000000e+000
-1.08035330e-001
5.17443456e-002
3.00195390e-001
-3.34075431e-001
-2.42920420e-002
5.44677341e-002
1.02345249e-001
-1.13599712e-001
-1.08544308e-001
1.15982616e-001
9.43048077e-002
6.31398633e-002
-7.47389942e-002
1.79389963e-001
1.18735901e-001
-3.88554043e-001
-1.21342094e-001
-8.57988737e-001
-8.91575303e-003
-2.76289433e-001
0.00000000e+000
3.12121682e-002
-6.11165599e-002
6.78762750e-002
-5.75961902e-001
6.87795741e-002
2.49545467e-002
0.00000000e+000
4.19647768e-003
1.46506129e-003
1.05238331e-001
-5.82323938e-003
5.84332086e-002
-8.97688974e-002
-7.84792148e-001
-8.07106255e-001
-8.82578702e-001
0.00000000e+000
0.00000000e+000
0.00000000e+000
4.52978685e-001
-8.20586363e-001
2.83538550e-001
-5.77255155e-001
-8.51543007e-001
6.04413392e-001
1.61871919e-001
7.35601180e-001
-1.30687654e-001
0.00000000e+000
6.28353640e-001
-3.73073129e-001
-1.38535945e+000
4.06635626e-001
3.49225312e-001
5.68377580e-001
5.84175934e-001
-9.34846725e-001
-7.90013606e-001
2.05614570e-001
-1.33611258e-001
0.00000000e+000
0.00000000e+000
0.00000000e+000
2.49944809e-001
-1.08824216e+000
2.39343591e-001
3.52690766e-001
-1.79614419e-001
8.71600581e-002
1.89394021e-001
2.89781626e-002
-1.99829433e-001
0.00000000e+000
1.99495886e-001
-6.30902228e-001
-1.01939959e-001
-9.29769317e-003
1.30633743e-001
8.47180057e-002
1.22016970e-001
-8.47141031e-002
1.99687261e-001
2.76865464e-001
-6.31744682e-001
0.00000000e+000
0.00000000e+000
0.00000000e+000
-3.78873169e-002
-8.69842564e-001
-3.42772584e-002
2.68652807e-001
-4.29974569e-001
4.19680068e-001
4.09562394e-001
2.15581203e-001
9.75025156e-002
0.00000000e+000
8.25743130e-001
-3.45633359e-001
-8.87289005e-001
4.99676856e-001
-5.23858831e-001
2.15983755e-001
2.03354313e-001
-7.03107841e-001
-2.55579821e-001
2.99968843e-001
-2.05536979e-001
0.00000000e+000
0.00000000e+000
0.00000000e+000
2.53926239e-001
-1.38373281e+000
6.21806868e-002
2.05812034e-001
-2.04740595e-001
2.25914831e-001
2.07834759e-001
4.94567349e-002
-3.43594070e-001
0.00000000e+000
1.07729231e-001
-3.20559582e-001
-1.63043511e-001
1.32181801e-001
2.39925241e-001
1.48875649e-001
2.19178933e-001
-4.88381798e-002
2.33714274e-001
1.72241351e-001
136
1.20835689e+000
0.00000000e+000
0.00000000e+000
6.94403924e-002
5.43403047e-003
5.51599920e-001
4.43451510e-004
5.87316576e-001
1.03796045e-003
0.00000000e+000
0.00000000e+000
0.00000000e+000
3.20371922e-001
2.41492729e-001
1.46771336e-001
2.32578749e-001
2.67142152e-001
0.00000000e+000
0.00000000e+000
0.00000000e+000
-8.40240692e-001
-3.01532424e-001
1.19800349e-001
3.98261311e-001
5.25656929e-001
5.71695951e-001
7.34715465e-001
-4.69294783e-001
5.47570641e-001
-6.32455195e-001
6.29413923e-001
-3.95546740e-001
5.87950709e-001
-6.73944406e-001
1.05525724e+000
-5.43103359e-001
6.08089318e-001
-5.64971637e-001
7.70209827e-001
-3.21328808e-001
-1.07660739e-001
-4.97560020e-001
1.21573092e+000
0.00000000e+000
0.00000000e+000
0.00000000e+000
-1.91132152e+000
-2.18688343e+000
3.94150632e-001
-6.78729638e-001
-9.11445080e-001
0.00000000e+000
-9.33237611e-002
1.61009645e-001
1.14735852e-002
-6.33974953e-001
0.00000000e+000
3.45458735e-001
5.43641662e-002
1.17967447e-001
-3.86830833e-001
-4.99557558e-002
-1.32048623e-001
-5.21409155e-002
1.64020689e-003
3.02558070e-002
-3.23526431e-001
-7.88984511e-001
-2.39363663e-001
-1.08235708e-001
-8.85103829e-002
-1.27780463e-002
3.54822148e-001
-4.62987091e-001
1.44057182e-001
-1.75355046e-001
0.00000000e+000
9.13056773e-001
8.23885250e-002
1.62850942e-001
-5.04597084e-002
0.00000000e+000
8.36635341e-001
-8.11038850e-002
2.16981306e-001
-1.80332055e-001
-7.54543973e-001
-8.89373246e-001
-1.10057294e+000
0.00000000e+000
0.00000000e+000
0.00000000e+000
7.27732871e-001
-2.64523006e+000
2.96506954e-001
-2.12150448e-003
-1.20798817e+000
5.92835215e-001
3.62687722e-001
1.13766739e+000
-3.20515802e-001
0.00000000e+000
8.18753787e-001
-8.35313817e-001
-1.37599461e+000
3.63547973e-001
1.08176213e+000
8.60088999e-001
6.71451971e-001
-1.63714963e+000
-4.16794097e-001
4.27499727e-001
-1.12041224e+000
0.00000000e+000
0.00000000e+000
0.00000000e+000
4.30179034e-001
-2.39887020e+000
1.91398743e-001
8.03251410e-001
-1.04181816e+000
7.37254023e-001
9.46232654e-001
2.76460119e-001
-2.96868666e-001
0.00000000e+000
8.63301921e-001
-1.06285449e+000
-1.19712285e+000
6.12426104e-001
-2.63706790e-001
3.64239549e-001
5.21907537e-001
-1.11446853e+000
-4.30241513e-002
5.51670505e-001
23 1
-1.1655e+000 3.1363e-001
8 0
0 1 2 8 7 4 15 10 
217
2.51297689e-001
-5.66234450e-001
2.40123395e-002
-1.57055608e-001
2.40900891e-001
-2.75075048e-001
-1.84672471e-001
1.39399259e-002
-1.20072849e-001
-2.69834530e-002
9.94198868e-002
-1.92772489e-001
2.15722233e-001
-1.14844037e-001
-2.75328483e-001
7.13801338e-003
2.01806970e-001
8.72223409e-002
3.89490684e-004
-1.49556646e-002
1.96474219e-001
5.42192257e-004
-1.14839702e-002
2.42929613e-001
7.81901738e-004
-3.47720150e-002
0.00000000e+000
0.00000000e+000
0.00000000e+000
-4.47396008e-002
3.00537848e-002
3.99923851e-002
1.44595057e-001
8.13960630e-002
0.00000000e+000
0.00000000e+000
0.00000000e+000
-3.43581204e-001
-9.78580918e-002
1.30167987e-001
1.72121197e-001
1.20847422e-001
-2.65339284e-002
2.96134307e-001
0.00000000e+000
-3.78912656e-002
-8.89148325e-002
-5.37704680e-002
1.60334943e-001
4.33764446e-002
-2.40380741e-001
3.31387583e-001
0.00000000e+000
1.91113647e-001
-7.74312465e-002
2.21020998e-001
0.00000000e+000
-2.39018437e-001
-1.74906989e-001
5.46151094e-001
-9.96807121e-002
4.48759269e-001
-9.77808678e-002
0.00000000e+000
-7.51071906e-001
-1.30882799e+000
6.55736642e-001
1.55868458e+000
3.46632953e-001
7.06273802e-001
0.00000000e+000
-2.11857708e-001
-5.92333841e-001
2.28952458e-001
-1.15226984e-001
2.34202939e-001
4.29436601e-001
0.00000000e+000
-2.18495454e-001
-4.29525596e-001
3.58991675e-001
-8.41768117e-002
1.10801469e-001
1.37922711e-001
0.00000000e+000
1.14141664e-001
6.08276305e-002
1.00367135e-001
-2.94794703e-002
3.67888909e-002
5.87538244e-002
0.00000000e+000
-7.59903986e-002
-1.77042656e-001
2.06765890e-001
-1.37439452e-001
1.20522198e-001
-1.35210559e-001
0.00000000e+000
1.54117744e-001
-3.55816916e-001
2.64092207e-002
-5.58852325e-001
7.07707251e-002
-1.42936772e-001
0.00000000e+000
-3.74839622e-003
-1.23696092e-001
1.39434262e-001
-2.61699619e-001
1.15611824e-001
-5.12655974e-002
0.00000000e+000
6.36917345e-002
-1.24284212e-001
1.03484794e-001
1.37461000e-001
8.41211607e-002
1.99723895e-002
-5.55462513e-001
-1.21039452e+000
-6.73604085e-001
0.00000000e+000
0.00000000e+000
0.00000000e+000
8.21110185e-001
-1.21467931e+000
-1.36143835e-001
-8.38197017e-001
-7.15341458e-001
4.82306391e-001
-9.69666645e-002
1.00819206e+000
-4.07843576e-001
0.00000000e+000
8.47105533e-001
-8.60787476e-001
-1.56466192e+000
4.43300272e-001
5.57893464e-001
5.71399232e-001
6.24978786e-001
-9.48680853e-001
1.60090575e-001
5.93321526e-001
-2.20205731e-001
0.00000000e+000
0.00000000e+000
0.00000000e+000
2.04394219e-001
-1.28864648e+000
2.21247177e-001
4.84114477e-001
-2.01827017e-001
2.29640585e-001
3.94947459e-001
4.64823174e-002
-7.95232486e-002
0.00000000e+000
4.56814396e-002
1.33336713e-001
-2.52999472e-002
-1.83971666e-002
-1.90142244e-002
2.22631749e-001
1.36618692e-001
-3.97958672e-001
-3.32538648e-001
2.39048430e-002
-1.11616531e+000
0.00000000e+000
0.00000000e+000
0.00000000e+000
-4.13353014e-001
-7.18865995e-001
5.08212353e-001
8.14331217e-001
-6.47739053e-001
6.93172320e-001
8.13803477e-001
-5.03072724e-002
-4.96159724e-001
0.00000000e+000
7.55221544e-001
-7.21710382e-001
-1.13185213e+000
2.54757533e-001
-3.31011907e-001
1.16973129e-001
2.13075616e-001
-6.69153094e-001
-8.03626413e-002
-2.51972935e-002
-8.05388142e-002
0.00000000e+000
0.00000000e+000
0.00000000e+000
5.30881348e-001
-1.01085295e+000
7.33344542e-002
-1.71843670e-001
-3.50933688e-001
2.87220673e-001
-7.91817487e-002
3.21778642e-001
-1.34856351e-002
0.00000000e+000
-1.52438488e-002
5.59384471e-002
-3.66873239e-001
-2.22544545e-002
2.99829863e-001
2.62452289e-001
1.88891199e-001
-1.63242203e-001
-1.46378182e-001
2.39423893e-001
136
1.25129981e+000
6.55194996e-001
-5.30956306e-003
4.02280069e-001
-2.91409306e-003
1.80725490e-001
-1.53036904e-003
1.30992589e-002
9.40555981e-004
0.00000000e+000
0.00000000e+000
0.00000000e+000
1.02222910e-001
1.95733811e-001
3.65733956e-001
4.13270760e-001
1.74338376e-001
0.00000000e+000
0.00000000e+000
0.00000000e+000
-5.36891687e-001
-1.28598640e-001
1.79959046e-001
3.18546629e-001
3.73227944e-001
4.66431646e-001
5.78624875e-001
-3.62784783e-001
5.33679870e-001
-3.41944500e-001
5.06169535e-001
-3.37547437e-001
5.11463391e-001
-5.64796412e-001
8.94257890e-001
-3.82019835e-001
4.62960809e-001
-4.35219631e-001
6.25153355e-001
-1.17510608e-001
-4.86788735e-002
-7.74731021e-001
1.08284807e+000
0.00000000e+000
0.00000000e+000
0.00000000e+000
0.00000000e+000
-3.31655423e+000
2.97100970e-001
-8.50160211e-001
-1.04413751e+000
0.00000000e+000
2.59562532e-001
2.09930960e-001
1.56749254e-001
-6.37282361e-001
0.00000000e+000
6.05994818e-001
4.42432701e-002
2.29777388e-001
-2.51664708e-001
2.50574044e-002
-4.27253404e-002
-8.72256355e-002
8.13241869e-002
-2.48731283e-002
0.00000000e+000
-9.79685863e-001
-1.76226347e-001
-1.42630741e-001
-1.10474187e-001
0.00000000e+000
5.31162019e-001
-4.15658975e-001
1.98648986e-001
-2.50650471e-001
0.00000000e+000
1.10503882e+000
-5.40759103e-003
2.42682284e-001
-9.31903066e-002
0.00000000e+000
1.02611725e+000
6.70836178e-003
2.40162983e-001
-9.68411666e-002
-8.65781596e-001
-1.10660918e+000
-1.19583401e+000
0.00000000e+000
0.00000000e+000
0.00000000e+000
7.83824268e-001
-2.62338431e+000
4.30320897e-001
-2.44895748e-001
-1.20380721e+000
6.20336475e-001
2.69693330e-001
1.17568680e+000
-3.28827265e-001
0.00000000e+000
8.37472639e-001
-9.41094583e-001
-1.51360681e+000
3.56645783e-001
1.23183267e+000
9.38593513e-001
7.75584560e-001
-1.65998361e+000
-5.20775773e-001
4.20550375e-001
-1.31655831e+000
0.00000000e+000
0.00000000e+000
0.00000000e+000
4.75127203e-001
-2.63797201e+000
8.35993637e-002
8.82308070e-001
-1.07699422e+000
7.38665552e-001
9.71471010e-001
3.44576309e-001
-3.14351766e-001
0.00000000e+000
9.35148252e-001
-1.06866467e+000
-1.24873623e+000
6.30221682e-001
-3.34742156e-001
4.47465226e-001
5.71437783e-001
-1.26855433e+000
-7.71707661e-002
6.30607389e-001
14 1
-1.2130e+000 3.4305e-001
8 1
0 1 2 8 7 4 15 10 
217
2.22704552e-001
-2.32964041e-001
-2.14127032e-001
-1.85860899e-001
-1.94145244e-001
6.24478787e-002
-6.91834881e-003
1.57582302e-001
2.37369887e-001
-4.45344548e-001
-1.83844102e-001
-1.07651158e-001
3.70242359e-001
3.18483390e-001
0.00000000e+000
0.00000000e+000
0.00000000e+000
-2.29297966e-001
1.22805379e-003
5.57174620e-001
-8.89087772e-003
1.74743978e-003
5.40879591e-001
4.60893395e-001
5.91496358e-004
2.84722209e-001
0.00000000e+000
0.00000000e+000
0.00000000e+000
-9.41695022e-002
-1.34261229e-001
-4.64908549e-002
1.55678955e-001
3.41947182e-001
0.00000000e+000
0.00000000e+000
0.00000000e+000
-4.66085215e-001
-1.54079444e-001
1.01418215e-001
2.14996932e-001
2.09910460e-001
1.31359092e-001
1.85184513e-001
0.00000000e+000
1.49787214e-001
-1.60945982e-001
-1.14384094e-001
-4.03793247e-001
2.76811947e-001
-2.06883289e-001
5.00853959e-001
-4.69913726e-002
8.37211197e-002
-5.14872107e-002
1.62912215e-001
0.00000000e+000
-2.91073012e-001
9.41639753e-002
5.54152113e-001
-8.84624382e-002
2.61513659e-001
4.96533308e-002
-4.63063881e-001
-6.37013027e-001
-1.28598106e+000
8.28834237e-001
1.27677924e+000
4.93947223e-001
7.00706963e-001
0.00000000e+000
-5.55677133e-001
-8.22349070e-001
5.57836987e-001
1.81483370e-001
2.20544698e-001
9.35012713e-002
0.00000000e+000
-1.86590343e-001
-7.27068942e-001
3.11411371e-001
-1.03717364e-001
9.78835243e-002
3.75163822e-002
0.00000000e+000
-1.67755725e-001
-3.17582850e-002
3.21087396e-001
-3.04552146e-001
6.93728808e-002
1.34126502e-001
1.87365356e-001
8.20626966e-004
-1.00694703e-001
6.37987060e-002
5.55693517e-002
-2.92801369e-002
-1.58352546e-001
-3.64820047e-002
2.26321775e-001
-1.85973350e-001
3.68560444e-002
-8.75858325e-001
-3.99126252e-003
-2.53187975e-001
0.00000000e+000
1.24568591e-002
-3.68059945e-003
1.74209925e-001
-5.12168300e-001
3.60377674e-002
-2.53779340e-002
0.00000000e+000
-5.10451070e-002
-1.76457888e-001
1.96349815e-001
-4.49398630e-001
7.73998433e-002
-4.26318723e-002
-9.48887887e-001
-9.09670770e-001
-8.98371001e-001
0.00000000e+000
0.00000000e+000
0.00000000e+000
5.60880706e-001
-9.67914947e-001
4.76169242e-001
-8.51363573e-001
-9.12918758e-001
1.99578258e-001
1.53791301e-002
6.93947919e-001
4.02125265e-001
0.00000000e+000
1.01932435e+000
-4.72339673e-001
-1.46081531e+000
4.38771804e-001
2.57343411e-001
1.83446619e-001
6.36559974e-001
-1.15361317e+000
-5.54717292e-001
5.91785047e-001
-2.18547368e-001
0.00000000e+000
0.00000000e+000
0.00000000e+000
1.38771371e-001
-1.19199988e+000
-2.10477846e-002
4.47943093e-001
-4.69198848e-001
1.53344251e-001
2.60831508e-001
1.57060052e-001
-1.37300180e-001
0.00000000e+000
9.55802193e-002
-4.87893230e-001
6.01044009e-002
9.60636308e-002
2.55504092e-001
2.51189944e-001
-4.48524907e-002
-1.01264174e-001
2.75911078e-001
4.27055735e-002
-9.49886973e-001
0.00000000e+000
0.00000000e+000
0.00000000e+000
2.12675560e-001
-6.80004271e-001
-1.08886850e-001
2.88812525e-001
-6.09850517e-001
3.74626560e-001
6.95636137e-001
8.55366809e-002
-1.81341704e-001
0.00000000e+000
8.82462754e-001
-4.28926243e-001
-1.33173608e+000
1.79616315e-001
-3.69498778e-001
2.84972536e-001
2.99654160e-001
-7.43657652e-001
-1.16038250e-001
3.16060139e-001
-1.50353890e-001
0.00000000e+000
0.00000000e+000
0.00000000e+000
1.77027173e-001
-1.20103256e+000
1.57062524e-001
2.07196684e-001
-1.56667865e-001
2.21007032e-001
1.22715782e-002
1.65606402e-001
-2.45130252e-001
0.00000000e+000
5.95993267e-002
-2.55287223e-001
1.12557534e-001
2.45668440e-001
3.07052685e-001
2.89456092e-002
-6.14030465e-003
-1.88815929e-001
6.74618575e-002
1.41263396e-001
136
1.24502908e+000
0.00000000e+000
0.00000000e+000
1.29577305e-001
4.51117498e-003
5.31526284e-001
3.53879990e-004
5.83925490e-001
1.01499510e-003
0.00000000e+000
0.00000000e+000
0.00000000e+000
3.22778059e-001
2.24892964e-001
1.58439956e-001
2.62686258e-001
2.76231841e-001
0.00000000e+000
0.00000000e+000
0.00000000e+000
-8.72817489e-001
-2.94940270e-001
1.20655779e-001
3.98076502e-001
5.42673572e-001
5.90586106e-001
7.60794880e-001
-4.25446256e-001
5.14685066e-001
-6.54648320e-001
6.55147347e-001
-3.94412931e-001
5.88068108e-001
-6.53921042e-001
1.05687619e+000
-5.73120982e-001
5.48631170e-001
-5.48045340e-001
8.00615823e-001
-4.40502790e-001
-3.50409760e-002
-4.69233527e-001
1.27537754e+000
0.00000000e+000
0.00000000e+000
0.00000000e+000
-1.92962109e+000
-2.22971009e+000
3.85874653e-001
-6.94343006e-001
-9.99510801e-001
0.00000000e+000
-2.17139591e-001
1.00040757e-001
-1.12999017e-003
-6.59381806e-001
0.00000000e+000
3.17818509e-001
3.30191052e-002
1.21206511e-001
-4.02233708e-001
-4.88799638e-002
-8.01492874e-002
-8.82520209e-002
2.13553666e-002
3.85367637e-002
-3.92657221e-001
-8.42025905e-001
-2.27849823e-001
-1.16395076e-001
-7.72637798e-002
4.91899806e-002
3.62948526e-001
-4.48208636e-001
1.37394138e-001
-2.24352378e-001
0.00000000e+000
1.05009722e+000
6.89944409e-002
1.95883096e-001
-8.32922650e-003
0.00000000e+000
8.57583607e-001
-1.98433385e-002
1.92224745e-001
-1.37353830e-001
-7.50736870e-001
-8.89044599e-001
-1.08837165e+000
0.00000000e+000
0.00000000e+000
0.00000000e+000
7.68425631e-001
-2.65449633e+000
3.52516293e-001
9.92945857e-003
-1.14663613e+000
6.64765030e-001
3.66448094e-001
1.12559290e+000
-4.54641063e-001
0.00000000e+000
8.31425351e-001
-8.10876561e-001
-1.45019893e+000
3.70819946e-001
1.06377283e+000
8.89377749e-001
6.83595510e-001
-1.61503403e+000
-4.85001035e-001
4.01843650e-001
-1.10810792e+000
0.00000000e+000
0.00000000e+000
0.00000000e+000
4.27032037e-001
-2.49773396e+000
2.03403650e-001
8.07914526e-001
-9.84810782e-001
7.63663070e-001
9.77516045e-001
2.65301891e-001
-3.06055716e-001
0.00000000e+000
8.93451789e-001
-1.07549660e+000
-1.25139544e+000
6.44404152e-001
-2.95629975e-001
3.80462170e-001
5.43678042e-001
-1.10079531e+000
-4.13642230e-002
5.38346713e-001
