1 -999999999 -999999999 -1 -1
1 0 0 -1 -1
0.2548 -2.087
356
5.38199438e-002
0.00000000e+000
0.00000000e+000
0.00000000e+000
0.00000000e+000
0.00000000e+000
0.00000000e+000
0.00000000e+000
0.00000000e+000
0.00000000e+000
0.00000000e+000
0.00000000e+000
0.00000000e+000
0.00000000e+000
0.00000000e+000
0.00000000e+000
0.00000000e+000
0.00000000e+000
0.00000000e+000
0.00000000e+000
0.00000000e+000
0.00000000e+000
0.00000000e+000
0.00000000e+000
0.00000000e+000
0.00000000e+000
0.00000000e+000
0.00000000e+000
0.00000000e+000
0.00000000e+000
0.00000000e+000
0.00000000e+000
0.00000000e+000
0.00000000e+000
0.00000000e+000
0.00000000e+000
0.00000000e+000
0.00000000e+000
0.00000000e+000
0.00000000e+000
0.00000000e+000
0.00000000e+000
0.00000000e+000
0.00000000e+000
0.00000000e+000
0.00000000e+000
0.00000000e+000
0.00000000e+000
0.00000000e+000
0.00000000e+000
0.00000000e+000
-6.37163233e-001
-1.03791508e-002
-1.00199783e+000
0.00000000e+000
0.00000000e+000
0.00000000e+000
0.00000000e+000
1.23977386e-001
1.63237285e-001
1.46872571e-001
-5.53124603e-001
-3.86764021e-001
1.31187772e-001
-1.50280126e-001
2.95146351e-001
3.20014133e-001
-4.22044187e-001
0.00000000e+000
0.00000000e+000
0.00000000e+000
-2.14916141e-002
-1.40520805e-004
4.27723891e-002
1.42046435e-001
1.80855815e-002
-2.04781121e-001
-6.67348775e-002
2.34259219e-003
-2.10279642e-002
0.00000000e+000
0.00000000e+000
0.00000000e+000
0.00000000e+000
0.00000000e+000
0.00000000e+000
0.00000000e+000
-1.02712367e-001
-1.05101570e-001
2.89622822e-001
-7.55648206e-001
-5.38989835e-001
-6.42596149e-001
-6.95640363e-001
-2.82212704e+000
-2.18119986e+000
1.69210792e-001
1.63780854e-001
-7.12955573e-001
3.49329814e-001
1.26261719e-001
4.64875676e-003
0.00000000e+000
0.00000000e+000
6.19122945e-001
8.02192310e-001
0.00000000e+000
0.00000000e+000
0.00000000e+000
0.00000000e+000
0.00000000e+000
0.00000000e+000
5.36386153e-001
6.55747452e-001
5.89861160e-001
-1.34205168e-001
-3.62587084e-001
-1.85050552e+000
1.84850002e+000
9.90854659e-001
2.71849364e-001
3.18132981e-001
-1.59951705e+000
-1.18647361e+000
-8.62821609e-001
7.85872356e-002
-3.85182429e-001
-3.35700092e-001
0.00000000e+000
1.37760017e-001
1.02268456e-001
5.34723417e-002
-1.70801091e-001
-1.12775871e-001
-3.34336917e-001
-8.89095858e-001
-5.47609603e-003
1.00172648e-002
3.01605436e-001
8.73671082e-002
-2.76067693e-001
-8.10893371e-001
0.00000000e+000
0.00000000e+000
0.00000000e+000
0.00000000e+000
0.00000000e+000
-1.18419701e+000
0.00000000e+000
0.00000000e+000
0.00000000e+000
0.00000000e+000
6.43346365e-001
1.92868406e+000
0.00000000e+000
0.00000000e+000
-5.89526421e-001
-4.88796982e-001
0.00000000e+000
0.00000000e+000
-5.49750559e-001
4.13593301e-001
-1.53547766e-002
-1.16196567e+000
-5.65105335e-001
0.00000000e+000
0.00000000e+000
0.00000000e+000
3.96645044e-001
-5.41149763e-001
-3.06447319e-001
-1.22016656e-001
-1.86946385e-002
-4.81674422e-002
-4.51817411e-002
2.12171612e-001
-4.98217802e-001
0.00000000e+000
4.54907485e-001
5.23527813e-002
-6.13152522e-001
2.52247442e-001
-8.30126977e-001
9.00841832e-001
5.61506131e-001
-6.09749154e-001
2.13636268e-001
2.34900849e-002
8.04833501e-001
0.00000000e+000
0.00000000e+000
0.00000000e+000
-3.40865426e-002
1.78806931e-001
1.64264805e-001
-1.02185065e-001
2.37985441e-002
4.81654487e-002
-2.01745984e-001
2.97314993e-001
4.05981409e-002
0.00000000e+000
-8.42287290e-002
2.17620980e-001
2.07050189e-001
2.70034429e-002
8.67454718e-002
-2.98749094e-004
8.58674319e-002
-1.06541628e-001
-8.28611038e-002
3.95449254e-002
-1.54578903e-001
-2.17839561e-001
0.00000000e+000
0.00000000e+000
-2.27191307e-001
5.03112440e-001
1.19488180e-001
-8.40440181e-001
-2.67285582e-001
0.00000000e+000
0.00000000e+000
0.00000000e+000
3.46843717e-001
9.06553235e-001
-2.06503615e-001
8.05506031e-001
-1.87080474e-001
-2.45068192e-002
4.75319699e-001
-9.78496737e-001
3.43338934e-001
0.00000000e+000
7.77708404e-002
-4.24205603e-001
-2.61840374e-001
2.23185857e-001
-9.99529935e-001
-6.17057428e-001
-1.71878831e-001
2.90450709e-001
5.67593140e-002
7.80858972e-002
6.32606582e-002
0.00000000e+000
0.00000000e+000
-1.25732176e-001
-4.10526432e-001
-3.31910997e-001
0.00000000e+000
0.00000000e+000
-6.23216247e-001
2.48895658e-001
-2.29140927e-001
-3.51665728e-001
-7.86154348e-002
0.00000000e+000
0.00000000e+000
0.00000000e+000
-7.48372366e-001
0.00000000e+000
0.00000000e+000
0.00000000e+000
2.67704725e-001
7.25047586e-001
-2.42153653e-001
2.79197485e-001
4.39537541e-001
8.00099258e-002
-1.12331808e+000
1.26947157e+000
2.37650204e-001
0.00000000e+000
-2.01258663e-001
1.22943666e+000
-1.03942834e+000
-1.03754727e-001
-1.24790583e+000
-3.74609425e-001
3.64676796e-001
-5.69053751e-002
-8.70527344e-001
-3.81243417e-001
-1.42004544e-001
0.00000000e+000
0.00000000e+000
0.00000000e+000
4.33311620e-001
1.46061309e-001
6.23424636e-002
-5.31369018e-001
0.00000000e+000
1.05075221e-001
-8.20924687e-002
-7.16783280e-002
-2.08053867e-001
0.00000000e+000
-1.69485710e-002
-1.26184656e-001
-3.11221392e-002
1.58423158e-001
-3.29484930e-001
2.53663399e-001
1.36958946e-001
0.00000000e+000
0.00000000e+000
2.28511251e-002
5.22694859e-001
5.17458688e-001
0.00000000e+000
1.37277217e-002
-6.99416927e-002
6.02697648e-001
1.47223229e-001
-2.32462189e-001
1.03235812e-001
0.00000000e+000
0.00000000e+000
0.00000000e+000
-3.53511444e-001
-3.75957022e-001
2.08470316e-001
-4.47954923e-001
0.00000000e+000
4.87542506e-002
-1.76653198e-001
4.59479460e-001
8.46847853e-003
0.00000000e+000
-2.19016916e-001
1.61025709e-001
8.33761734e-002
2.62621303e-002
5.08832591e-001
1.57579275e-001
2.72713415e-001
0.00000000e+000
0.00000000e+000
-3.19206229e-001
5.23617145e-003
-7.30379214e-003
-5.36609252e-002
2.80823914e-001
-1.27106723e+000
0.00000000e+000
0.00000000e+000
0.00000000e+000
0.00000000e+000
0.00000000e+000
0.00000000e+000
0.00000000e+000
-1.16720184e+000
0.00000000e+000
0.00000000e+000
0.00000000e+000
247
-1.69707904e+000
0.00000000e+000
0.00000000e+000
0.00000000e+000
0.00000000e+000
0.00000000e+000
0.00000000e+000
0.00000000e+000
0.00000000e+000
0.00000000e+000
0.00000000e+000
0.00000000e+000
0.00000000e+000
0.00000000e+000
0.00000000e+000
0.00000000e+000
0.00000000e+000
0.00000000e+000
0.00000000e+000
0.00000000e+000
0.00000000e+000
0.00000000e+000
0.00000000e+000
0.00000000e+000
0.00000000e+000
0.00000000e+000
0.00000000e+000
0.00000000e+000
0.00000000e+000
0.00000000e+000
0.00000000e+000
0.00000000e+000
0.00000000e+000
0.00000000e+000
0.00000000e+000
0.00000000e+000
0.00000000e+000
0.00000000e+000
0.00000000e+000
0.00000000e+000
0.00000000e+000
0.00000000e+000
0.00000000e+000
3.97050108e-003
1.45689932e-003
-9.62732713e-002
-3.99676542e-003
-1.60477627e+000
5.52527295e-003
0.00000000e+000
0.00000000e+000
0.00000000e+000
0.00000000e+000
0.00000000e+000
0.00000000e+000
0.00000000e+000
1.49113180e+000
1.15712885e+000
0.00000000e+000
-8.12559686e-001
4.54220877e-002
0.00000000e+000
0.00000000e+000
0.00000000e+000
0.00000000e+000
0.00000000e+000
0.00000000e+000
5.72256949e-001
4.18966503e-001
3.06818149e-001
-2.11812294e-001
-3.85174883e-001
-1.58557378e+000
1.24373461e+000
1.68964114e+000
0.00000000e+000
1.32187387e+000
0.00000000e+000
0.00000000e+000
-1.10304028e+000
-8.90082483e-001
3.95425785e-001
0.00000000e+000
0.00000000e+000
0.00000000e+000
1.04321381e+000
4.71557016e-001
-2.00384086e-001
-3.06921954e-001
-5.95351982e-001
-1.34205425e+000
2.13995238e-001
1.89912566e-001
5.04868483e-001
4.75390424e-001
-1.02604811e-001
-2.23056267e-001
0.00000000e+000
0.00000000e+000
0.00000000e+000
0.00000000e+000
0.00000000e+000
0.00000000e+000
0.00000000e+000
-1.37752222e+000
3.17609786e+000
0.00000000e+000
-3.19556822e-001
3.80900263e-001
0.00000000e+000
0.00000000e+000
-1.15220583e-002
-8.65267495e-001
-4.00160196e-001
-1.34234093e+000
-8.76789553e-001
0.00000000e+000
0.00000000e+000
0.00000000e+000
9.57881532e-001
5.43796361e-001
1.72620223e+000
1.74372382e+000
1.57338455e+000
1.79979899e+000
9.28083535e-001
1.91157720e+000
0.00000000e+000
0.00000000e+000
6.75192032e-001
-1.62846766e-001
9.00463672e-001
1.97238128e+000
6.74059339e-001
1.79926455e+000
2.25964398e+000
3.02944547e-001
1.42740526e+000
7.76733342e-001
-3.07076637e-002
6.55845042e-001
0.00000000e+000
0.00000000e+000
-1.13151269e+000
-1.23660356e+000
0.00000000e+000
0.00000000e+000
0.00000000e+000
4.75018937e-001
0.00000000e+000
6.11409296e-001
1.68033960e-001
3.77618888e-001
5.00307611e-001
5.39134431e-001
9.78342579e-001
0.00000000e+000
0.00000000e+000
8.26232821e-001
1.25574389e+000
8.38223181e-001
6.89514526e-001
1.67782346e+000
5.09307624e-001
2.41780886e-001
3.62241767e-001
5.45294210e-001
5.95937165e-001
-6.86552705e-001
0.00000000e+000
0.00000000e+000
0.00000000e+000
-8.46081890e-001
-6.67367100e-001
0.00000000e+000
0.00000000e+000
0.00000000e+000
-1.78714790e-001
0.00000000e+000
0.00000000e+000
-8.16108034e-001
-1.74250113e+000
0.00000000e+000
0.00000000e+000
0.00000000e+000
1.89493940e+000
8.01170667e-001
0.00000000e+000
0.00000000e+000
0.00000000e+000
0.00000000e+000
0.00000000e+000
3.31522249e+000
0.00000000e+000
0.00000000e+000
1.25179995e+000
1.12955109e+000
0.00000000e+000
0.00000000e+000
0.00000000e+000
2.40812614e+000
1.43841068e+000
0.00000000e+000
0.00000000e+000
1.48265580e+000
6.69189689e-001
1.10088663e+000
0.00000000e+000
0.00000000e+000
0.00000000e+000
-4.27098378e-001
0.00000000e+000
0.00000000e+000
0.00000000e+000
4.73883942e-001
0.00000000e+000
0.00000000e+000
0.00000000e+000
0.00000000e+000
0.00000000e+000
0.00000000e+000
-8.48622173e-002
0.00000000e+000
0.00000000e+000
0.00000000e+000
0.00000000e+000
0.00000000e+000
0.00000000e+000
0.00000000e+000
1.01964714e-001
-1.85157730e-001
0.00000000e+000
0.00000000e+000
1.54469759e-001
-4.31696946e-001
5.90130446e-001
1.25368184e+000
1.78792831e+000
-2.41169082e+000
0.00000000e+000
0.00000000e+000
0.00000000e+000
0.00000000e+000
-9.10643989e-001
0.00000000e+000
0.00000000e+000
0.00000000e+000
8 -999999999 -999999999 1 -1
1 0 0 1 -1
4.7298e-002 -8.0674e-001
356
-1.50626986e-001
0.00000000e+000
0.00000000e+000
0.00000000e+000
0.00000000e+000
0.00000000e+000
0.00000000e+000
0.00000000e+000
0.00000000e+000
0.00000000e+000
0.00000000e+000
0.00000000e+000
0.00000000e+000
0.00000000e+000
0.00000000e+000
0.00000000e+000
0.00000000e+000
0.00000000e+000
0.00000000e+000
0.00000000e+000
0.00000000e+000
0.00000000e+000
0.00000000e+000
0.00000000e+000
0.00000000e+000
0.00000000e+000
0.00000000e+000
0.00000000e+000
0.00000000e+000
0.00000000e+000
0.00000000e+000
-1.50626986e-001
0.00000000e+000
-1.67261052e+000
-2.37147287e+000
0.00000000e+000
-4.47984213e-001
9.32720795e-001
9.41018343e-001
5.89262740e-001
1.32093917e+000
0.00000000e+000
0.00000000e+000
0.00000000e+000
0.00000000e+000
0.00000000e+000
0.00000000e+000
0.00000000e+000
0.00000000e+000
0.00000000e+000
0.00000000e+000
-7.78603981e-001
2.14547344e-002
1.16473228e+000
0.00000000e+000
0.00000000e+000
0.00000000e+000
0.00000000e+000
1.99444621e-002
6.31061696e-002
1.47477506e-001
-3.44614641e-001
-1.99702325e-001
1.27504632e-001
-5.80717006e-003
5.70149171e-002
-1.12539460e-001
1.68414409e-001
0.00000000e+000
0.00000000e+000
0.00000000e+000
-1.18819535e-002
3.04391062e-004
-7.12739959e-002
-2.97447382e-002
5.21078190e-004
-3.63446100e-001
-1.09000294e-001
3.93167403e-004
-2.13360908e-001
0.00000000e+000
0.00000000e+000
0.00000000e+000
0.00000000e+000
0.00000000e+000
0.00000000e+000
0.00000000e+000
-3.15200939e-001
-1.85395356e-001
3.85300737e-001
6.85383044e-001
-8.31914823e-002
4.37115232e-001
-5.30839123e-001
-2.94365508e+000
-9.73581953e-001
1.20415232e-001
-3.42802622e-001
-4.11680887e-001
2.71811596e-001
-9.59247464e-002
-5.53460373e-002
0.00000000e+000
0.00000000e+000
2.59676219e-001
3.93360507e-001
0.00000000e+000
0.00000000e+000
0.00000000e+000
0.00000000e+000
0.00000000e+000
0.00000000e+000
3.94304228e-001
6.23996980e-001
6.97206917e-001
-1.93351435e-001
-5.62299317e-001
-1.37016058e+000
1.43138722e+000
6.88888985e-001
7.68379916e-001
3.38808411e-001
-2.24051728e+000
-1.15641449e+000
-3.70425433e-001
2.88379451e-001
-1.06138116e-001
-2.90929494e-001
0.00000000e+000
0.00000000e+000
2.73905445e-001
1.46709637e-001
-5.20962472e-002
1.65962272e-002
-2.74394179e-001
-9.14384595e-001
1.51333531e-001
2.40704549e-001
2.33996285e-001
3.96555477e-001
-4.60000968e-001
-1.05013048e+000
0.00000000e+000
0.00000000e+000
0.00000000e+000
0.00000000e+000
0.00000000e+000
-1.16149404e+000
0.00000000e+000
0.00000000e+000
0.00000000e+000
0.00000000e+000
-1.69467238e-001
1.57713046e+000
0.00000000e+000
0.00000000e+000
1.88402522e-002
-2.80337011e-002
0.00000000e+000
0.00000000e+000
-2.53262629e-001
4.69164478e-002
-1.54907621e-001
-5.90903941e-001
-4.08170250e-001
0.00000000e+000
0.00000000e+000
0.00000000e+000
4.88512555e-001
-8.65928211e-003
4.67423650e-001
-2.15863615e-001
-8.48314460e-002
-2.37561727e-002
-1.93387107e-001
4.17846752e-001
-3.28150614e-001
0.00000000e+000
3.18129431e-001
-1.75838317e-002
-5.23087376e-001
3.39456905e-002
-6.66328362e-001
4.99651169e-001
4.35136023e-001
-7.41771100e-001
-1.23328409e-001
-1.42068207e-001
5.76072538e-001
0.00000000e+000
0.00000000e+000
0.00000000e+000
-1.18070662e-001
1.76334306e-001
-1.60692110e-001
-5.67338109e-002
2.87504378e-001
-6.73723678e-002
-1.85477924e-001
4.70243276e-002
1.95970134e-001
0.00000000e+000
-2.40377883e-002
-6.36978479e-002
1.14756892e-001
8.52977410e-002
5.73810886e-002
1.29635220e-001
-1.59380000e-002
3.23334181e-002
7.64401321e-002
6.54154124e-002
8.81995910e-003
-1.25362154e-001
0.00000000e+000
0.00000000e+000
-4.23093707e-001
1.98465811e-001
-1.63664778e-002
-3.07461487e-001
-2.55848949e-001
0.00000000e+000
0.00000000e+000
0.00000000e+000
2.68169743e-001
4.22868859e-001
3.99776806e-001
1.31941895e-001
-1.21278568e-001
-1.45323735e-001
3.77899866e-001
-9.34499137e-001
2.58201987e-001
0.00000000e+000
2.17673170e-001
-5.78621033e-001
9.54234596e-002
1.82683800e-001
-1.19262559e+000
-6.28129126e-001
1.79288159e-001
5.89702180e-001
1.96937879e-001
2.40604346e-002
1.34182113e-001
0.00000000e+000
0.00000000e+000
-2.36706211e-001
-4.16990209e-001
-1.27900476e-001
0.00000000e+000
0.00000000e+000
-6.22308191e-001
1.09001487e-001
2.29744894e-002
-2.59876452e-001
-2.89089733e-001
0.00000000e+000
0.00000000e+000
-5.20591332e-001
-5.43987493e-001
0.00000000e+000
0.00000000e+000
0.00000000e+000
5.08188306e-002
2.72434593e-001
-9.18804168e-002
-7.89289753e-002
6.27885872e-001
6.10862575e-002
-2.26033988e+000
1.79254857e+000
4.96374524e-002
0.00000000e+000
-2.73213861e-001
1.22789444e+000
-9.15852408e-001
2.20921810e-001
-1.48205398e+000
6.03992942e-001
-2.94409111e-002
3.25820543e-002
-4.58597788e-001
1.06517908e-001
-2.49260125e-001
0.00000000e+000
0.00000000e+000
0.00000000e+000
4.00021743e-001
0.00000000e+000
7.34976163e-002
-6.52809168e-001
0.00000000e+000
1.06881704e-001
2.75293413e-001
-3.53063984e-001
0.00000000e+000
0.00000000e+000
-1.47337423e-001
0.00000000e+000
2.94138729e-001
2.72795871e-001
-4.88241123e-001
-1.96908237e-002
4.14772712e-001
0.00000000e+000
0.00000000e+000
-2.45392557e-002
6.59849435e-001
1.37085465e-001
0.00000000e+000
-4.56917180e-002
1.00238379e-001
2.58245044e-001
-2.04318006e-002
-1.00727778e-001
1.28886966e-001
0.00000000e+000
0.00000000e+000
0.00000000e+000
-2.12541732e-001
0.00000000e+000
-1.22337439e-001
2.47923915e-001
0.00000000e+000
-2.50691148e-002
-8.99993582e-002
4.02327625e-001
0.00000000e+000
0.00000000e+000
-5.63914317e-001
0.00000000e+000
-2.36043228e-002
-4.43625951e-003
8.51153409e-001
1.03230852e-001
-9.76277455e-002
0.00000000e+000
0.00000000e+000
-2.30282185e-001
5.22763970e-001
-2.31273989e-002
6.25393684e-002
2.38523556e-001
-1.20383693e+000
0.00000000e+000
0.00000000e+000
0.00000000e+000
0.00000000e+000
0.00000000e+000
0.00000000e+000
0.00000000e+000
-1.11366791e+000
0.00000000e+000
0.00000000e+000
0.00000000e+000
247
-4.58834919e-001
0.00000000e+000
0.00000000e+000
0.00000000e+000
0.00000000e+000
0.00000000e+000
0.00000000e+000
0.00000000e+000
0.00000000e+000
0.00000000e+000
0.00000000e+000
0.00000000e+000
0.00000000e+000
0.00000000e+000
0.00000000e+000
0.00000000e+000
0.00000000e+000
0.00000000e+000
0.00000000e+000
0.00000000e+000
0.00000000e+000
0.00000000e+000
0.00000000e+000
0.00000000e+000
0.00000000e+000
0.00000000e+000
0.00000000e+000
-4.58834919e-001
0.00000000e+000
1.96780671e+000
-2.42664162e+000
-2.91688868e-001
2.86611572e-001
-8.73638890e-001
0.00000000e+000
0.00000000e+000
0.00000000e+000
0.00000000e+000
0.00000000e+000
0.00000000e+000
0.00000000e+000
0.00000000e+000
0.00000000e+000
-7.97184125e-002
1.71207827e-003
4.96909716e-002
4.94875104e-003
-4.28807478e-001
1.78544028e-003
0.00000000e+000
0.00000000e+000
0.00000000e+000
0.00000000e+000
0.00000000e+000
0.00000000e+000
0.00000000e+000
3.06252294e-001
4.19046349e-003
-7.07694819e-001
-2.35353571e-001
-2.20366178e-002
0.00000000e+000
0.00000000e+000
0.00000000e+000
0.00000000e+000
0.00000000e+000
0.00000000e+000
8.41585631e-001
8.55295381e-001
2.90629501e-001
1.11340087e-001
-4.02699296e-001
-1.91963265e+000
1.24019981e+000
7.55894590e-001
-1.07752164e-001
-2.84020956e-002
-1.15820194e+000
-1.28689148e+000
-9.89931740e-002
4.14767916e-001
-1.03331103e-001
-3.94085421e-001
0.00000000e+000
0.00000000e+000
6.36940418e-001
2.59496305e-001
-1.47553140e-001
-1.39668789e-001
-2.93326983e-001
-4.91236736e-001
-4.26976216e-001
-1.62663656e-001
3.10908846e-001
2.52259475e-001
-1.03084157e-001
-1.89169350e-001
0.00000000e+000
0.00000000e+000
0.00000000e+000
0.00000000e+000
0.00000000e+000
-1.23337176e+000
0.00000000e+000
-5.85153275e-001
1.80224567e+000
0.00000000e+000
1.26318357e-001
-4.66356520e-001
0.00000000e+000
0.00000000e+000
2.68750714e-001
-4.83596637e-001
4.88264249e-001
-9.25062550e-001
-2.14845922e-001
0.00000000e+000
0.00000000e+000
0.00000000e+000
-2.28782445e-001
-1.11035257e+000
1.73023889e-001
5.35268825e-002
8.15133400e-002
4.32902617e-001
-2.17912762e-001
8.34365052e-001
-1.14299420e+000
0.00000000e+000
-1.12730406e-001
6.45572704e-001
-6.38642614e-001
7.12966986e-001
1.58663129e-001
7.13654780e-001
1.01900234e+000
-1.26977185e+000
-7.54827937e-002
-2.43367991e-001
2.15523192e-001
5.36527963e-001
0.00000000e+000
0.00000000e+000
-7.28020213e-001
-5.91920472e-001
0.00000000e+000
0.00000000e+000
0.00000000e+000
-1.46336708e-001
0.00000000e+000
9.99873461e-002
-9.88021097e-002
-6.04878164e-002
7.54570052e-003
-2.89973124e-001
2.69974201e-001
-4.36355160e-002
0.00000000e+000
3.14000436e-002
3.39556021e-001
1.98303535e-001
9.81670851e-002
8.60372962e-001
-1.61496708e-001
-4.63150513e-001
5.24435843e-002
-1.01845315e-001
-1.15687224e-001
-3.21004771e-001
0.00000000e+000
0.00000000e+000
-9.26892066e-001
-4.30369114e-001
-2.67777249e-001
0.00000000e+000
0.00000000e+000
-9.78139135e-001
-1.62591865e-001
0.00000000e+000
0.00000000e+000
-9.61323477e-001
-4.36798301e-001
0.00000000e+000
0.00000000e+000
0.00000000e+000
8.71312535e-001
5.46904806e-001
-6.02885105e-001
-2.14303264e-001
8.66939367e-001
5.90660224e-002
-3.51926842e-001
1.46286488e+000
1.51686089e-001
0.00000000e+000
-3.80374440e-001
1.06035682e+000
-1.29723994e+000
7.27747872e-001
-2.70442283e+000
3.16895131e-001
1.00578456e+000
0.00000000e+000
-1.29392624e+000
-5.32930192e-001
6.64239843e-001
7.88445725e-001
0.00000000e+000
1.36750614e-001
1.96725211e-002
-1.15825851e+000
0.00000000e+000
0.00000000e+000
0.00000000e+000
1.73997234e-001
0.00000000e+000
4.23915921e-001
0.00000000e+000
0.00000000e+000
0.00000000e+000
0.00000000e+000
-1.51712932e-001
0.00000000e+000
0.00000000e+000
1.59991886e-001
0.00000000e+000
0.00000000e+000
0.00000000e+000
0.00000000e+000
-1.06379545e-001
1.91732066e-001
0.00000000e+000
0.00000000e+000
4.11524389e-001
-1.24205881e-001
1.09202018e-001
-4.55974151e-001
4.11720805e-001
-1.10103814e+000
0.00000000e+000
0.00000000e+000
0.00000000e+000
0.00000000e+000
-8.00856669e-001
0.00000000e+000
0.00000000e+000
0.00000000e+000
2 -999999999 -999999999 1 8
1 0 0 1 1
4.3562e-002 -7.8355e-001
356
-3.29877594e-001
0.00000000e+000
0.00000000e+000
0.00000000e+000
0.00000000e+000
0.00000000e+000
0.00000000e+000
0.00000000e+000
0.00000000e+000
0.00000000e+000
0.00000000e+000
0.00000000e+000
0.00000000e+000
0.00000000e+000
0.00000000e+000
0.00000000e+000
0.00000000e+000
0.00000000e+000
0.00000000e+000
0.00000000e+000
0.00000000e+000
0.00000000e+000
0.00000000e+000
0.00000000e+000
0.00000000e+000
0.00000000e+000
0.00000000e+000
0.00000000e+000
0.00000000e+000
0.00000000e+000
0.00000000e+000
-3.29877594e-001
0.00000000e+000
-1.20101293e+000
-1.25044097e+000
0.00000000e+000
-6.44864283e-001
4.19550549e-001
1.23257776e+000
4.51584784e-001
2.21762323e+000
-3.29877594e-001
0.00000000e+000
-5.85684296e-001
3.87735337e-003
0.00000000e+000
1.61879222e-003
1.48914577e-001
2.42024244e-001
1.06892125e-001
5.03832426e-001
-9.12235566e-001
2.73236157e-001
-1.44521200e+000
0.00000000e+000
0.00000000e+000
0.00000000e+000
0.00000000e+000
-2.95467383e-001
-7.96123195e-002
-1.29235355e-001
-1.54417104e-001
-4.06384617e-001
5.47848178e-001
2.22497386e-001
7.12987293e-002
2.78712375e-001
-6.84666453e-001
0.00000000e+000
0.00000000e+000
0.00000000e+000
-7.67081065e-002
8.97824519e-003
2.35792561e-001
1.35495461e-001
-7.37693748e-003
1.33835195e-001
-3.88664949e-001
1.22417600e-003
1.71160346e-001
0.00000000e+000
0.00000000e+000
0.00000000e+000
0.00000000e+000
0.00000000e+000
0.00000000e+000
0.00000000e+000
5.55363991e-001
1.94004200e-001
-9.45706922e-001
-1.19058075e+000
-5.02611182e-001
1.71869058e+000
-6.74335464e-001
-2.25683016e+000
-1.83480144e+000
-1.89136364e-001
-2.67522194e-001
4.95691851e-002
-4.09168550e-001
8.12304517e-003
-5.22281486e-002
0.00000000e+000
0.00000000e+000
1.46436705e-001
5.87608140e-001
0.00000000e+000
0.00000000e+000
0.00000000e+000
0.00000000e+000
0.00000000e+000
0.00000000e+000
6.61715184e-001
8.57550758e-001
3.40786948e-001
8.05642664e-002
-5.55855316e-001
-1.86107614e+000
1.74217263e+000
1.13127338e+000
1.54659814e+000
7.50303003e-001
-3.33963732e+000
-1.28456713e+000
-7.13355922e-001
1.84929393e-002
-2.41360466e-001
-6.25162396e-001
0.00000000e+000
0.00000000e+000
3.89809970e-001
2.92323189e-001
-1.95308942e-001
-1.49396976e-001
-4.11212488e-001
-9.58879111e-001
-3.09496996e-001
-2.61943825e-001
1.88561525e-001
6.39584291e-001
-3.09269587e-002
-4.52259085e-001
0.00000000e+000
0.00000000e+000
0.00000000e+000
0.00000000e+000
0.00000000e+000
-1.58942452e+000
0.00000000e+000
0.00000000e+000
0.00000000e+000
0.00000000e+000
5.46142698e-001
1.96264817e+000
0.00000000e+000
0.00000000e+000
-8.76020291e-001
-2.86290933e-001
0.00000000e+000
0.00000000e+000
-6.59284981e-002
2.96523944e-001
-4.09917921e-001
-1.21400968e+000
-4.75846419e-001
0.00000000e+000
0.00000000e+000
0.00000000e+000
2.41851758e-001
-4.09112056e-001
1.01986448e-001
3.46579634e-001
3.45084514e-002
3.14571339e-001
-1.93734073e-001
5.28235177e-001
-5.76766210e-001
0.00000000e+000
1.09714656e-001
1.22900700e-001
-1.07237001e+000
6.51857071e-001
-1.08358850e+000
4.12462280e-001
1.26459916e+000
-8.91462906e-001
-1.50784705e-001
-2.27294627e-001
2.59181331e-001
0.00000000e+000
0.00000000e+000
0.00000000e+000
-4.80969659e-002
-3.52780549e-002
1.04935811e-001
-2.75223574e-001
4.79623536e-002
-1.49474106e-001
-1.10721721e-001
4.45740191e-002
1.89827404e-001
0.00000000e+000
-2.03135591e-002
-9.74812902e-002
2.89257145e-001
8.09082147e-002
2.27448260e-001
1.38194988e-001
-1.47550194e-001
5.27420699e-003
-5.80242530e-002
7.29626466e-002
4.77398099e-002
1.27846530e-001
0.00000000e+000
0.00000000e+000
-7.74877686e-001
3.63564350e-001
1.04213931e-001
-3.39931751e-001
-7.60099973e-002
0.00000000e+000
0.00000000e+000
0.00000000e+000
6.16442818e-001
1.27002507e-001
-4.56146124e-001
-7.00182549e-002
-3.62837352e-001
2.02784165e-001
2.44169018e-001
-7.54131937e-001
9.89742662e-002
0.00000000e+000
6.01690593e-002
-6.54525102e-001
-2.32618607e-001
6.60271596e-002
-7.27766420e-001
-1.40205272e-001
1.12490381e+000
3.47850506e-001
3.53232327e-001
8.06834298e-002
-8.01067201e-002
0.00000000e+000
0.00000000e+000
-2.76430042e-002
-5.23586229e-001
-1.93775028e-001
0.00000000e+000
0.00000000e+000
-1.47490675e+000
4.04466013e-001
-1.95786491e-001
-4.02454550e-001
-3.29811201e-001
0.00000000e+000
0.00000000e+000
-9.35357456e-001
-9.17485734e-001
0.00000000e+000
0.00000000e+000
0.00000000e+000
6.21709892e-001
8.50181904e-001
4.57910191e-002
-4.89652815e-001
2.34931911e+000
-3.19535802e-001
-2.74394703e+000
2.10655375e+000
-1.34558334e-001
0.00000000e+000
-4.30089035e-001
8.72851005e-001
-1.52776403e+000
8.30406751e-002
-5.64516367e-001
6.88185798e-002
-7.01803561e-001
7.91428894e-002
-8.48848364e-001
-2.34179222e-001
-1.78793026e-001
0.00000000e+000
0.00000000e+000
0.00000000e+000
3.99778680e-001
0.00000000e+000
-3.21929413e-002
-6.02981159e-001
0.00000000e+000
1.10057678e-001
4.63126902e-001
-1.41558966e-001
0.00000000e+000
0.00000000e+000
-4.94781376e-002
0.00000000e+000
2.60580700e-001
4.43138633e-001
-9.13353315e-001
4.74034049e-001
7.37284030e-001
0.00000000e+000
0.00000000e+000
1.01635013e-001
6.55327821e-001
5.19989087e-001
0.00000000e+000
3.04313443e-001
1.34851465e-001
4.47598001e-001
3.04235478e-001
-2.31844391e-001
1.10993885e-001
0.00000000e+000
0.00000000e+000
0.00000000e+000
-9.67521398e-001
0.00000000e+000
1.73672860e-001
9.23939729e-001
0.00000000e+000
3.44879759e-001
1.58243801e-002
2.55677430e-001
0.00000000e+000
0.00000000e+000
-7.81460288e-001
0.00000000e+000
-6.86404656e-002
2.59837343e-001
1.14357542e+000
-5.75450018e-001
-8.39962437e-001
0.00000000e+000
0.00000000e+000
-6.78278581e-001
1.35338734e-001
-3.20965537e-001
-5.08442924e-001
3.95691042e-001
-1.57281355e+000
0.00000000e+000
0.00000000e+000
0.00000000e+000
0.00000000e+000
0.00000000e+000
0.00000000e+000
0.00000000e+000
-1.34934841e+000
0.00000000e+000
0.00000000e+000
0.00000000e+000
247
1.97176641e-001
0.00000000e+000
0.00000000e+000
0.00000000e+000
0.00000000e+000
0.00000000e+000
0.00000000e+000
0.00000000e+000
0.00000000e+000
0.00000000e+000
0.00000000e+000
0.00000000e+000
0.00000000e+000
0.00000000e+000
0.00000000e+000
0.00000000e+000
0.00000000e+000
0.00000000e+000
0.00000000e+000
0.00000000e+000
0.00000000e+000
0.00000000e+000
0.00000000e+000
0.00000000e+000
0.00000000e+000
0.00000000e+000
0.00000000e+000
1.97176641e-001
0.00000000e+000
2.92204136e+000
-2.72486472e+000
-9.89357027e-001
-3.79423261e-002
-1.16981127e+000
1.97176641e-001
0.00000000e+000
2.41973675e+000
-2.22256011e+000
0.00000000e+000
-7.23415663e-001
-6.70677893e-001
0.00000000e+000
0.00000000e+000
-8.82845952e-002
9.98377882e-003
4.69948202e-001
2.46271129e-003
-1.84486966e-001
2.23363970e-003
0.00000000e+000
0.00000000e+000
0.00000000e+000
0.00000000e+000
0.00000000e+000
0.00000000e+000
0.00000000e+000
8.27363948e-002
-1.48798940e-001
3.27982367e-001
1.42566117e-001
7.27008486e-001
0.00000000e+000
0.00000000e+000
0.00000000e+000
0.00000000e+000
0.00000000e+000
0.00000000e+000
5.65542374e-001
5.61042674e-001
3.25913184e-001
2.21869986e-002
4.20051479e-002
-1.46207985e+000
1.23232928e+000
7.66363402e-001
2.06672484e-002
6.11676081e-001
-1.27327202e+000
-1.26203544e+000
1.22758393e-001
1.65969994e-001
-8.06812761e-001
0.00000000e+000
0.00000000e+000
0.00000000e+000
7.39952257e-002
3.25214229e-001
5.39821437e-002
-9.19249985e-002
-5.00820389e-001
-5.32844173e-001
-4.25443768e-001
1.56313548e-001
2.64359552e-001
1.85522736e-001
-4.03322135e-001
-5.80967344e-001
0.00000000e+000
0.00000000e+000
0.00000000e+000
0.00000000e+000
0.00000000e+000
-1.14151976e+000
0.00000000e+000
9.57285519e-002
1.55441754e+000
0.00000000e+000
1.01448089e-001
8.05891230e-002
0.00000000e+000
0.00000000e+000
4.85192246e-001
-3.57052757e-001
1.06221184e-001
-6.36053029e-001
1.28139489e-001
0.00000000e+000
0.00000000e+000
0.00000000e+000
-1.85434188e-001
1.73020108e-001
7.85576589e-001
3.92600180e-001
1.23964225e-001
5.91679817e-001
-3.28347344e-001
5.22531226e-001
-1.50928444e+000
0.00000000e+000
3.69003011e-001
-5.98071017e-002
-4.61106495e-001
5.93851018e-001
2.18511928e-001
2.85265806e-001
2.46478054e-001
-1.25317783e+000
-1.45171404e-001
-2.32013670e-001
4.04558982e-001
9.66218653e-001
0.00000000e+000
0.00000000e+000
-1.70377094e+000
-7.65155463e-001
0.00000000e+000
0.00000000e+000
0.00000000e+000
-2.69587332e-001
-1.93205298e-001
-4.65772532e-002
-4.02366247e-001
-1.15571973e-001
-1.52453057e-001
-1.27685384e-001
3.92758686e-001
9.26812446e-003
0.00000000e+000
1.33091653e-001
2.61931026e-001
1.61887321e-001
-9.75944262e-002
8.49016126e-001
-3.27307645e-002
-5.30404072e-001
-3.94438421e-001
-3.83769915e-002
-1.72117179e-001
-5.61659671e-001
0.00000000e+000
0.00000000e+000
-1.39316857e+000
-2.76419493e-001
-4.81026407e-001
0.00000000e+000
0.00000000e+000
-1.51849039e+000
2.04606914e-001
0.00000000e+000
0.00000000e+000
-9.57301850e-001
-5.29831845e-001
0.00000000e+000
0.00000000e+000
0.00000000e+000
2.48315909e-001
6.87505333e-001
-4.47367893e-001
-4.59245181e-001
0.00000000e+000
-5.46498009e-001
-1.07271706e+000
1.55517580e+000
5.85924228e-001
0.00000000e+000
3.76243923e-002
1.16252958e+000
-1.76290081e+000
3.58214785e-001
-1.22302706e+000
-2.56734052e-002
9.13405377e-001
0.00000000e+000
-6.72600788e-001
-5.82374325e-001
3.70316690e-001
3.54576067e-001
0.00000000e+000
0.00000000e+000
0.00000000e+000
-2.42961517e-001
0.00000000e+000
0.00000000e+000
0.00000000e+000
4.67982161e-001
0.00000000e+000
0.00000000e+000
0.00000000e+000
0.00000000e+000
0.00000000e+000
0.00000000e+000
2.54596322e-002
0.00000000e+000
0.00000000e+000
-3.53146261e-001
0.00000000e+000
0.00000000e+000
0.00000000e+000
0.00000000e+000
7.02552745e-001
6.77343399e-001
0.00000000e+000
0.00000000e+000
5.09062803e-001
1.57406228e-002
2.46159313e-001
2.39464341e-002
7.93065903e-001
-9.00148536e-001
0.00000000e+000
0.00000000e+000
0.00000000e+000
0.00000000e+000
-6.51793652e-001
0.00000000e+000
0.00000000e+000
0.00000000e+000
12 1
-7.2286e-001 -2.5952e-001
3 1
1 8 2 
217
2.60461650e-001
-1.19372840e+000
8.84623003e-001
8.49111967e-002
5.80748464e-002
1.04227199e-001
-1.94966433e-001
6.90316686e-001
4.73167922e-001
2.96632206e-001
2.69637900e-001
3.28276702e-002
-3.45452585e-001
8.87169496e-001
0.00000000e+000
0.00000000e+000
0.00000000e+000
-2.65729469e-002
-1.26261096e-003
9.27981003e-002
6.51378964e-001
-5.31621715e-002
1.17593402e+000
-3.64344367e-001
-8.68204202e-005
9.20913906e-001
0.00000000e+000
0.00000000e+000
0.00000000e+000
0.00000000e+000
0.00000000e+000
0.00000000e+000
0.00000000e+000
1.10248304e-002
1.07557209e-001
1.41879611e-001
0.00000000e+000
-5.13895175e-001
1.79259474e-001
5.95097351e-001
0.00000000e+000
0.00000000e+000
0.00000000e+000
0.00000000e+000
0.00000000e+000
-2.95222163e-001
-2.60684598e-001
2.33009674e-001
4.20115861e-002
3.47980511e-001
-4.01730711e-001
5.95097351e-001
0.00000000e+000
0.00000000e+000
0.00000000e+000
0.00000000e+000
0.00000000e+000
0.00000000e+000
0.00000000e+000
0.00000000e+000
0.00000000e+000
2.60461650e-001
0.00000000e+000
0.00000000e+000
-6.20403723e-001
-5.36107720e-001
5.38442422e-001
1.28789446e+000
3.42422951e-001
1.83008934e+000
0.00000000e+000
9.47699347e-002
1.44419282e-001
2.14808306e-001
1.43184490e-002
-4.91165905e-002
3.91121090e-001
0.00000000e+000
-3.22897087e-001
-7.54822373e-001
4.70337182e-001
4.76139069e-001
1.13021556e-001
2.14132180e-001
0.00000000e+000
0.00000000e+000
0.00000000e+000
0.00000000e+000
0.00000000e+000
0.00000000e+000
0.00000000e+000
0.00000000e+000
0.00000000e+000
0.00000000e+000
0.00000000e+000
0.00000000e+000
0.00000000e+000
0.00000000e+000
0.00000000e+000
0.00000000e+000
0.00000000e+000
0.00000000e+000
0.00000000e+000
0.00000000e+000
0.00000000e+000
0.00000000e+000
0.00000000e+000
0.00000000e+000
0.00000000e+000
0.00000000e+000
0.00000000e+000
0.00000000e+000
0.00000000e+000
0.00000000e+000
0.00000000e+000
0.00000000e+000
0.00000000e+000
0.00000000e+000
0.00000000e+000
-1.50132115e+000
-3.81880566e+000
-1.33265681e+000
0.00000000e+000
0.00000000e+000
0.00000000e+000
2.60946546e-001
-7.63622372e-001
2.20946461e-001
-3.34500412e-003
-8.81678368e-001
-1.12861590e-001
-3.44525335e-001
1.37744135e+000
-7.24496113e-001
0.00000000e+000
-6.15056651e-001
5.59479306e-001
-1.05739215e+000
-4.51588724e-001
2.21352844e+000
2.55434514e-001
2.42937802e-001
-1.05488768e+000
-7.72102260e-001
3.18185024e-001
-2.79954397e-001
0.00000000e+000
0.00000000e+000
0.00000000e+000
3.73650948e-002
-9.55813642e-001
9.28175148e-002
1.16479918e-001
-6.02390951e-002
8.64883736e-002
1.22178724e-001
-1.64218056e-001
-1.07321935e-001
0.00000000e+000
4.94823200e-001
-2.43874125e-001
6.74615944e-003
3.93119811e-001
-4.04907198e-001
4.21075638e-001
2.87863831e-001
-3.66300351e-001
4.87871119e-002
-8.50253709e-002
-3.43714408e+000
0.00000000e+000
0.00000000e+000
0.00000000e+000
-1.31100445e+000
4.72147114e+000
-3.08340052e-001
-5.09265170e-001
0.00000000e+000
-2.91079528e-001
-2.34757271e+000
-6.77469006e-001
9.53296084e-002
0.00000000e+000
-7.78922126e-001
3.33765534e+000
-8.39479814e-001
-2.02562060e-001
-1.27979517e+000
-7.70796808e-001
-1.45824235e-001
0.00000000e+000
-2.08806414e-001
-9.56889631e-001
-6.89881525e-001
0.00000000e+000
0.00000000e+000
0.00000000e+000
9.35544735e-001
-3.51890038e-001
-2.19744224e-001
2.32387964e-001
0.00000000e+000
-1.65617299e-001
3.96082595e-001
7.49763672e-001
-4.57638654e-001
0.00000000e+000
5.65898248e-001
3.65272283e-001
-2.47028530e-001
3.77899754e-001
-7.26545524e-001
3.15063191e-001
2.61458391e-001
0.00000000e+000
-9.35997783e-001
4.75620314e-001
136
2.41458297e+000
0.00000000e+000
0.00000000e+000
-1.50795770e-001
2.43958231e-002
1.53649727e+000
1.15362566e-002
1.02888147e+000
3.31469046e-003
0.00000000e+000
0.00000000e+000
0.00000000e+000
0.00000000e+000
0.00000000e+000
0.00000000e+000
0.00000000e+000
1.43816275e+000
9.43547097e-001
1.51717353e-001
-4.45475356e-001
-6.87525625e-001
1.14680692e+000
2.40077703e+000
0.00000000e+000
0.00000000e+000
0.00000000e+000
0.00000000e+000
-4.45475356e-001
3.37730298e-001
-5.20349316e-001
1.34953794e+000
-5.04906606e-001
8.72094918e-001
-1.07482594e+000
2.40077703e+000
0.00000000e+000
0.00000000e+000
0.00000000e+000
0.00000000e+000
0.00000000e+000
0.00000000e+000
0.00000000e+000
0.00000000e+000
0.00000000e+000
0.00000000e+000
0.00000000e+000
0.00000000e+000
-2.54555722e+000
-1.95610106e-001
-1.12166332e+000
0.00000000e+000
0.00000000e+000
2.59443253e-001
-2.95685164e-001
-3.18880279e-001
1.41928938e-001
0.00000000e+000
7.21443567e-001
3.16228992e-001
-1.18584572e-002
-1.21094046e+000
2.86005832e+000
0.00000000e+000
0.00000000e+000
0.00000000e+000
0.00000000e+000
0.00000000e+000
0.00000000e+000
0.00000000e+000
0.00000000e+000
0.00000000e+000
0.00000000e+000
0.00000000e+000
0.00000000e+000
0.00000000e+000
0.00000000e+000
0.00000000e+000
0.00000000e+000
0.00000000e+000
0.00000000e+000
0.00000000e+000
0.00000000e+000
0.00000000e+000
0.00000000e+000
0.00000000e+000
0.00000000e+000
-1.44632230e+000
-4.30291136e+000
-1.70510233e+000
0.00000000e+000
0.00000000e+000
0.00000000e+000
3.36042327e-001
-2.33714646e+000
6.20920412e-001
3.25184601e-001
-1.02955974e+000
3.15517428e-001
1.66319257e-001
1.39916751e+000
-1.40954511e+000
0.00000000e+000
8.24301813e-001
-5.62175963e-001
-1.20026013e+000
4.32400328e-001
1.82402671e+000
9.68622105e-001
4.70961864e-001
-2.33935330e+000
-7.66893004e-001
2.56367020e-001
-5.30495115e+000
0.00000000e+000
0.00000000e+000
0.00000000e+000
5.83595231e-001
3.03138945e+000
-2.91603670e-001
-9.30228538e-001
-1.23909973e+000
-8.46669585e-001
-2.08160782e+000
1.54269447e+000
-1.79222390e-001
0.00000000e+000
-4.10983786e-001
3.67870514e+000
-1.85234451e+000
4.09095404e-002
-3.52296070e+000
4.41480300e-001
2.65340655e-002
-2.18723712e+000
-7.29804369e-001
-3.78497129e-001
15 1
-1.1285e+000 -7.8699e-002
4 1
1 8 2 12 
217
3.68387463e-001
-8.59242538e-001
7.18964211e-001
2.74522987e-001
-7.22682015e-002
9.53876921e-002
-4.15286805e-001
6.67211110e-001
2.95416614e-001
2.03898043e-001
7.05020018e-001
1.41701323e-001
-1.44494163e-001
2.47646925e-001
0.00000000e+000
0.00000000e+000
0.00000000e+000
0.00000000e+000
0.00000000e+000
0.00000000e+000
9.57623102e-002
-2.19929004e-003
1.26389526e+000
5.83799422e-002
1.49278506e-003
1.16130113e+000
0.00000000e+000
0.00000000e+000
0.00000000e+000
0.00000000e+000
0.00000000e+000
0.00000000e+000
0.00000000e+000
-4.26863553e-002
-1.81765290e-002
5.55542300e-001
0.00000000e+000
-4.58827891e-001
-3.82638190e-001
4.34224317e-001
7.77933973e-001
0.00000000e+000
0.00000000e+000
0.00000000e+000
0.00000000e+000
-6.82571039e-001
-2.88853269e-001
2.46636906e-001
5.12596417e-001
6.58280058e-001
-1.24811509e-001
4.09100242e-001
0.00000000e+000
-1.20243402e-001
0.00000000e+000
5.07812293e-001
0.00000000e+000
1.03471702e-001
-5.86159919e-001
7.77933973e-001
0.00000000e+000
3.70692209e-001
0.00000000e+000
0.00000000e+000
-1.53203327e+000
-1.27653967e+000
1.25429147e+000
4.91661486e-001
6.46129258e-001
1.16149872e+000
0.00000000e+000
5.00874655e-002
2.34378054e-001
8.42390991e-002
1.97647213e-001
2.34060898e-001
9.52517047e-001
0.00000000e+000
-9.62881975e-001
-1.73294245e+000
8.47366046e-001
-1.08883024e-001
4.83903392e-001
2.14417226e-001
0.00000000e+000
7.28073060e-001
-5.08190413e-001
-2.47909492e-001
-1.05428520e+000
-1.11776105e-001
-2.85003565e-001
0.00000000e+000
0.00000000e+000
0.00000000e+000
0.00000000e+000
0.00000000e+000
0.00000000e+000
0.00000000e+000
0.00000000e+000
0.00000000e+000
0.00000000e+000
0.00000000e+000
0.00000000e+000
0.00000000e+000
0.00000000e+000
0.00000000e+000
0.00000000e+000
0.00000000e+000
0.00000000e+000
0.00000000e+000
0.00000000e+000
0.00000000e+000
0.00000000e+000
0.00000000e+000
0.00000000e+000
0.00000000e+000
0.00000000e+000
0.00000000e+000
0.00000000e+000
-1.95972629e+000
-5.78980122e+000
-1.21781388e+000
0.00000000e+000
0.00000000e+000
0.00000000e+000
-2.02147242e-001
-1.00981282e+000
8.66249064e-001
2.38341518e-001
-6.40111990e-001
8.26952411e-002
4.97532144e-001
2.08816025e-001
-2.27542663e-001
0.00000000e+000
-6.90873983e-002
4.25124978e-001
-1.97995181e+000
-3.68417970e-002
-5.18928333e-002
9.38810003e-001
8.98847669e-001
-1.36095481e+000
-4.80951745e-001
6.85064595e-001
-3.58113412e-001
0.00000000e+000
0.00000000e+000
0.00000000e+000
3.57414816e-001
-6.03746318e-001
-3.65258726e-002
-1.66376933e-001
-2.75023038e-001
1.06330317e-001
-1.39379485e-001
5.28199813e-001
-5.25758422e-001
0.00000000e+000
3.55457186e-001
-6.92983694e-001
2.75318542e-001
3.47710725e-001
1.97148647e-001
7.56359680e-002
1.41915842e-001
-2.44036785e-001
-1.75041581e-001
1.15626860e-001
-4.64241991e+000
0.00000000e+000
0.00000000e+000
0.00000000e+000
-2.63677300e-001
6.97590878e+000
-2.73962241e-001
-2.02705155e+000
-2.00626823e-001
-1.31769932e-001
-2.38319701e+000
1.51078264e+000
-1.07589010e+000
0.00000000e+000
-5.07799871e-001
3.29177630e+000
-1.01839741e+000
4.29602835e-002
-5.71926611e+000
-1.53133676e+000
3.12721807e-001
-4.41960976e-001
-2.16156209e-001
-9.85477443e-001
-5.08886993e-001
0.00000000e+000
0.00000000e+000
0.00000000e+000
2.72068134e-001
-2.04071240e+000
-3.26541971e-001
5.89438662e-001
-4.66210494e-001
-1.99870406e-001
-1.57602976e-001
-5.37352970e-002
2.66431716e-001
0.00000000e+000
-1.63959629e-001
4.34953793e-001
-2.15255225e-001
8.58722128e-002
1.17442976e+000
7.39213506e-001
-2.24728033e-001
-3.89946459e-001
-1.75161738e-001
3.42429842e-001
136
1.81613059e+000
0.00000000e+000
0.00000000e+000
0.00000000e+000
0.00000000e+000
1.23470902e+000
2.25610621e-003
8.48148545e-001
3.02063571e-003
0.00000000e+000
0.00000000e+000
0.00000000e+000
0.00000000e+000
0.00000000e+000
0.00000000e+000
0.00000000e+000
1.21395918e+000
7.93933569e-001
-3.18140531e-002
-1.89886991e-001
-5.30511022e-001
9.18033935e-002
1.17090414e+000
1.27382106e+000
0.00000000e+000
0.00000000e+000
0.00000000e+000
-1.89886991e-001
-3.21628891e-001
-3.17334127e-001
7.41314677e-001
1.08451996e-001
8.46764312e-001
-4.58035194e-001
1.13859078e+000
0.00000000e+000
-4.03356735e-001
-2.34801573e-001
8.50025301e-001
-4.00082092e-001
7.26998280e-002
-8.90411762e-001
1.27382106e+000
0.00000000e+000
0.00000000e+000
0.00000000e+000
0.00000000e+000
-2.38209974e+000
1.87168348e-001
-7.69811828e-001
-8.65593235e-001
0.00000000e+000
-2.87038573e-001
-2.51217917e-001
-2.08701092e-001
2.48410619e-001
0.00000000e+000
1.24331661e-001
2.98702648e-001
-3.30462924e-002
-9.24776857e-001
2.00601758e+000
1.54823656e+000
-5.71786410e-001
5.46978360e-001
-1.51285660e-001
0.00000000e+000
0.00000000e+000
0.00000000e+000
0.00000000e+000
0.00000000e+000
0.00000000e+000
0.00000000e+000
0.00000000e+000
0.00000000e+000
0.00000000e+000
0.00000000e+000
0.00000000e+000
0.00000000e+000
0.00000000e+000
0.00000000e+000
0.00000000e+000
0.00000000e+000
0.00000000e+000
0.00000000e+000
0.00000000e+000
-1.44467985e+000
-3.92186701e+000
-1.65736150e+000
0.00000000e+000
0.00000000e+000
0.00000000e+000
3.82505637e-001
-2.45423188e+000
5.74303660e-001
4.13906870e-001
-1.02371444e+000
2.14582878e-001
1.00321342e-001
1.39485818e+000
-1.38944520e+000
0.00000000e+000
8.38819311e-001
-2.77331751e-001
-1.07883957e+000
3.82926330e-001
1.93019389e+000
9.38129466e-001
2.76230479e-001
-2.34913537e+000
-7.53936469e-001
2.22495117e-001
-5.13322959e+000
0.00000000e+000
0.00000000e+000
0.00000000e+000
6.50160204e-001
3.01622850e+000
-4.01280560e-001
-8.87467920e-001
-1.13181061e+000
-9.02235828e-001
-1.75639306e+000
1.50128686e+000
-2.79994977e-001
0.00000000e+000
-1.13927916e-001
3.58282386e+000
-1.91544863e+000
6.62647629e-002
-3.69820868e+000
3.78452134e-001
8.36735925e-002
-1.91247247e+000
-1.05238820e+000
-3.60490643e-001
6 1
-1.1186e+000 -7.4550e-002
5 1
1 8 2 12 15 
217
8.38656657e-002
-5.60411021e-001
5.88032464e-001
-6.70847132e-001
2.40116838e-001
2.11178342e-001
-4.94004971e-001
8.14728308e-001
8.40271171e-002
4.73544853e-001
7.81364232e-001
-4.96717848e-002
-5.27637550e-001
1.54175028e+000
0.00000000e+000
0.00000000e+000
0.00000000e+000
0.00000000e+000
0.00000000e+000
0.00000000e+000
5.93642410e-001
3.23124384e-003
5.44972724e-001
-9.09263457e-001
1.22746804e-003
1.42210070e+000
0.00000000e+000
0.00000000e+000
0.00000000e+000
0.00000000e+000
0.00000000e+000
0.00000000e+000
0.00000000e+000
1.95918571e-001
1.10764552e-001
-7.68580044e-002
0.00000000e+000
-1.38272128e-001
-4.73697162e-001
-1.54249590e-001
4.08757582e-001
4.52369975e-001
0.00000000e+000
0.00000000e+000
0.00000000e+000
-7.52743388e-001
-6.74884134e-001
5.81997173e-001
-2.85133935e-002
6.43014717e-001
2.19112380e-001
4.47584713e-001
0.00000000e+000
4.29447259e-002
0.00000000e+000
6.74662809e-001
1.23297380e-001
-6.32986700e-002
0.00000000e+000
-5.95737016e-002
0.00000000e+000
9.49086764e-002
0.00000000e+000
0.00000000e+000
-1.43072271e+000
-1.24780244e+000
1.55818012e+000
9.28041703e-001
-4.35917365e-002
5.40525044e-001
0.00000000e+000
-4.63416382e-002
3.64955206e-001
1.43753592e-001
3.07622928e-001
-1.35462883e-002
1.22622289e-001
0.00000000e+000
-6.57606755e-001
-7.07291169e-001
4.98702879e-001
4.16806608e-001
2.42769541e-001
-1.71403276e-001
0.00000000e+000
4.24525057e-001
1.66787465e-001
-1.41399644e-002
-2.07997230e+000
-3.26519427e-001
-3.38018203e-001
0.00000000e+000
-2.18990600e-001
9.98366576e-002
-5.36655724e-003
-5.77809957e-001
3.08222823e-001
-2.93049200e-001
0.00000000e+000
0.00000000e+000
0.00000000e+000
0.00000000e+000
0.00000000e+000
0.00000000e+000
0.00000000e+000
0.00000000e+000
0.00000000e+000
0.00000000e+000
0.00000000e+000
0.00000000e+000
0.00000000e+000
0.00000000e+000
0.00000000e+000
0.00000000e+000
0.00000000e+000
0.00000000e+000
0.00000000e+000
0.00000000e+000
0.00000000e+000
-2.27280522e+000
-4.88850317e+000
-1.92568653e+000
0.00000000e+000
0.00000000e+000
0.00000000e+000
-2.84950935e-001
-7.38265396e-001
2.75596359e-001
3.66894330e-001
-4.00038788e-001
2.82814192e-001
-6.57902821e-001
1.76731695e+000
-1.51750775e+000
0.00000000e+000
2.38258819e-002
-2.73825501e-001
-5.28632324e-001
-1.07947633e+000
1.81124327e+000
1.02724936e+000
5.23512879e-001
-1.15499756e+000
-1.45014054e+000
8.15981995e-002
-1.68272615e-001
0.00000000e+000
0.00000000e+000
0.00000000e+000
4.20865426e-001
-4.47562584e-001
2.49892596e-002
-2.80326198e-001
-3.02097048e-001
5.77392925e-002
4.10985468e-001
-2.01894773e-001
4.72570354e-001
0.00000000e+000
3.63914625e-001
-8.24096722e-001
-3.68635234e-001
7.10013653e-001
-3.17445572e-001
-1.03875721e-001
-1.34702143e-001
-2.29217069e-001
3.95111866e-001
1.85390506e-001
-3.57738692e+000
0.00000000e+000
0.00000000e+000
0.00000000e+000
2.59105140e-001
4.85233227e+000
-1.97041939e-001
-9.36078156e-001
-2.96735931e-001
-1.27422073e+000
-1.48251238e+000
1.19210189e+000
-2.02806014e-001
0.00000000e+000
-5.43293989e-001
2.16866588e+000
-1.94624594e+000
-7.73490835e-002
-2.93472781e+000
-6.80549793e-001
-1.43082456e-001
-4.83411494e-001
-7.63377458e-001
-8.81589404e-002
-6.89707136e-001
0.00000000e+000
0.00000000e+000
0.00000000e+000
2.66599927e-001
-9.22605069e-001
-1.41363807e-001
2.99819924e-001
-1.50979353e-001
-4.14430221e-001
-1.58168792e-001
3.80267150e-002
-2.75759907e-002
0.00000000e+000
3.33911790e-001
5.60237893e-003
-2.66733260e-001
4.23281838e-001
3.88268945e-001
2.66604130e-001
6.79541054e-002
-4.42777174e-001
2.60725657e-002
-2.81215788e-001
136
1.18805912e+000
0.00000000e+000
0.00000000e+000
0.00000000e+000
0.00000000e+000
9.64420673e-001
2.50134102e-003
4.04608054e-001
2.77766590e-003
0.00000000e+000
0.00000000e+000
0.00000000e+000
0.00000000e+000
0.00000000e+000
0.00000000e+000
0.00000000e+000
9.55195774e-001
5.19207647e-001
-1.66905234e-001
-3.30044134e-002
2.08199032e-002
-1.73342465e-001
-8.78342317e-003
5.87557998e-001
7.94811518e-001
0.00000000e+000
0.00000000e+000
-3.58533090e-002
-4.38288647e-001
-5.04090828e-001
4.73257669e-001
1.14208562e-003
7.25840103e-001
-4.56375225e-001
1.26905648e+000
0.00000000e+000
-1.22755936e-001
-9.02999947e-002
8.81579358e-001
-5.10279523e-001
2.83676211e-001
-7.01137053e-001
4.12587726e-001
0.00000000e+000
0.00000000e+000
0.00000000e+000
0.00000000e+000
-2.29689385e+000
1.50898530e-001
-5.01782517e-001
-8.94597303e-001
0.00000000e+000
-9.65190156e-002
-1.42029069e-001
1.84214899e-002
1.92192289e-001
0.00000000e+000
1.63548312e-001
3.28990954e-001
1.88871218e-001
-1.07503410e+000
1.22106353e+000
1.03468833e+000
-4.09390811e-001
5.04178612e-001
-3.33468251e-001
0.00000000e+000
1.16339752e+000
1.89005993e-001
3.63672281e-001
5.17195783e-002
0.00000000e+000
0.00000000e+000
0.00000000e+000
0.00000000e+000
0.00000000e+000
0.00000000e+000
0.00000000e+000
0.00000000e+000
0.00000000e+000
0.00000000e+000
0.00000000e+000
0.00000000e+000
0.00000000e+000
0.00000000e+000
0.00000000e+000
-1.36024030e+000
-3.90526741e+000
-1.78191389e+000
0.00000000e+000
0.00000000e+000
0.00000000e+000
4.16165496e-001
-2.97512261e+000
7.16721920e-001
5.48136488e-001
-9.61797514e-001
4.84526714e-001
2.27770290e-001
1.52044321e+000
-2.41667015e+000
0.00000000e+000
8.54287855e-001
-4.25645280e-002
-1.16215209e+000
4.51014782e-001
1.95147981e+000
1.07982126e+000
5.75844011e-001
-2.41112913e+000
-8.15030047e-001
1.76340349e-001
-5.01106668e+000
0.00000000e+000
0.00000000e+000
0.00000000e+000
6.46242545e-001
3.19552521e+000
-4.95348185e-001
-9.20998577e-001
-9.63122380e-001
-5.57701257e-001
-2.37625577e+000
1.58470364e+000
-3.47240822e-001
0.00000000e+000
-4.00575619e-001
3.90426899e+000
-1.76042796e+000
5.04877732e-004
-3.52386261e+000
4.31239541e-001
-2.95216117e-002
-2.02132622e+000
-1.22973616e+000
-1.47434303e-001
10 1
-1.3428e+000 -3.3084e-002
6 1
1 8 2 12 15 6 
217
3.21804530e-001
-1.70872615e+000
1.35913688e+000
-4.89665337e-001
-4.43616066e-001
-2.81603225e-001
-1.42501530e-001
7.05073135e-001
1.30800044e-001
4.71999215e-001
4.66078303e-001
-7.30596725e-001
3.11043779e-001
-3.87352472e-001
0.00000000e+000
0.00000000e+000
0.00000000e+000
0.00000000e+000
0.00000000e+000
0.00000000e+000
-4.05337579e-001
7.10281150e-003
9.74024425e-001
5.64650433e-001
7.37556022e-004
9.83335203e-001
0.00000000e+000
0.00000000e+000
0.00000000e+000
0.00000000e+000
0.00000000e+000
0.00000000e+000
0.00000000e+000
2.54763569e-001
2.75776034e-001
-2.86933567e-002
0.00000000e+000
1.53811807e-001
-4.53434481e-001
-6.65365298e-001
-1.68796770e-001
4.52832692e-001
1.00495361e+000
0.00000000e+000
0.00000000e+000
-7.88238129e-001
4.53569576e-002
-4.03768256e-001
-1.54904654e-002
6.16623092e-001
-5.37323513e-001
1.31172560e+000
0.00000000e+000
-4.13487401e-001
0.00000000e+000
0.00000000e+000
2.49943815e-001
3.65904379e-001
-9.92132518e-001
4.40228440e-001
0.00000000e+000
3.24001559e-001
0.00000000e+000
0.00000000e+000
-1.37951095e+000
-1.24637501e+000
1.19170115e+000
4.21327729e-001
5.09614329e-001
8.85412503e-001
0.00000000e+000
1.18611929e-002
7.64684356e-002
2.56248664e-001
1.95488329e-001
5.36946733e-002
9.90544767e-002
0.00000000e+000
-1.11767430e+000
-1.61116417e+000
8.76042014e-001
-2.14355126e-001
5.63436815e-001
4.11466497e-001
0.00000000e+000
2.25491189e-001
-3.74708711e-001
-3.04406062e-001
-1.00915761e+000
4.00719403e-001
1.49912842e-001
0.00000000e+000
1.02387356e-001
2.89857592e-002
1.46494598e-001
4.78450029e-001
7.29225760e-002
-1.21320449e-001
0.00000000e+000
-7.81272296e-001
-8.44339346e-001
7.60489445e-001
4.17175640e-001
3.42587381e-001
-2.86644200e-001
0.00000000e+000
0.00000000e+000
0.00000000e+000
0.00000000e+000
0.00000000e+000
0.00000000e+000
0.00000000e+000
0.00000000e+000
0.00000000e+000
0.00000000e+000
0.00000000e+000
0.00000000e+000
0.00000000e+000
0.00000000e+000
-1.29615906e+000
-4.77761266e+000
-1.72558069e+000
0.00000000e+000
0.00000000e+000
0.00000000e+000
7.50332961e-002
-6.66155784e-002
-5.40884995e-001
5.04964932e-001
-3.68488732e-001
-4.52189202e-001
1.21803562e+000
1.43194490e+000
-1.45363422e+000
0.00000000e+000
1.34627741e+000
1.18395136e+000
-1.66743596e+000
5.84437454e-001
1.83254173e+000
3.24052966e+000
1.53534471e+000
-6.51314273e-001
-1.60795072e-001
9.70494666e-001
-1.39964706e+000
0.00000000e+000
0.00000000e+000
0.00000000e+000
1.53030346e+000
-1.42884751e-001
1.54926145e+000
1.15944204e+000
9.58217180e-001
1.78297266e+000
9.73427224e-001
1.32037874e+000
9.79992353e-001
0.00000000e+000
1.08712959e+000
4.98738604e-001
1.45051343e+000
1.15988898e+000
6.03325191e-001
7.45240153e-001
1.32506844e+000
6.42743898e-001
9.25114740e-001
1.11784136e+000
-5.23016355e+000
0.00000000e+000
0.00000000e+000
0.00000000e+000
3.13673290e-001
6.02803108e+000
-1.03186452e+000
-2.16670544e+000
-4.11497026e-001
-1.10035174e+000
-2.81373780e+000
1.46944910e+000
-1.71230533e+000
0.00000000e+000
-3.45023112e-001
3.56524016e+000
-8.21654385e-001
-8.94486977e-002
-4.24008640e+000
-9.00881368e-001
8.88817879e-001
-5.13787543e-001
-1.31043846e-001
-1.21698784e+000
-1.01078546e-001
0.00000000e+000
0.00000000e+000
0.00000000e+000
1.99873278e-001
-1.17166065e+000
1.46269319e-001
7.07489974e-001
-2.59871764e-001
1.34775073e-001
1.98790569e-001
5.99827126e-002
3.05461389e-001
0.00000000e+000
-3.16071549e-001
1.83768105e-001
-2.69359101e-001
2.47742930e-001
4.37233858e-001
4.43745547e-001
-5.65060533e-001
-6.72208452e-001
-3.04959323e-001
3.92980066e-001
136
1.24257446e+000
0.00000000e+000
0.00000000e+000
0.00000000e+000
0.00000000e+000
8.91377449e-001
1.01240549e-003
5.30000507e-001
2.69745471e-003
0.00000000e+000
0.00000000e+000
0.00000000e+000
0.00000000e+000
0.00000000e+000
0.00000000e+000
0.00000000e+000
9.37394074e-001
5.33073305e-001
-9.90987373e-002
-6.43178973e-002
2.15354309e-002
-3.75970968e-001
-9.00069918e-002
4.61416232e-001
1.04916168e+000
2.40756970e-001
0.00000000e+000
-6.99931363e-002
-6.17986671e-001
-6.53004789e-001
7.76780801e-001
-3.18608274e-001
7.89274177e-001
-1.77929956e-001
1.28259070e+000
0.00000000e+000
-1.95630947e-001
-1.78358955e-001
1.00480309e+000
-3.24532408e-001
1.90324741e-001
-7.41997535e-001
4.76843617e-001
0.00000000e+000
0.00000000e+000
0.00000000e+000
0.00000000e+000
-2.46442505e+000
1.79455889e-001
-6.18964080e-001
-8.68848586e-001
0.00000000e+000
-5.47152519e-001
-1.54930772e-001
-1.70518751e-001
2.43771906e-001
0.00000000e+000
6.66093975e-002
2.91063334e-001
9.94006487e-002
-7.85483035e-001
1.30689236e+000
1.01112285e+000
-4.72953319e-001
4.96186047e-001
-2.12738364e-001
0.00000000e+000
1.23001655e+000
1.26184304e-001
4.02304574e-001
0.00000000e+000
0.00000000e+000
6.23687840e-001
3.06353650e-001
4.44495648e-001
-1.11971282e+000
0.00000000e+000
0.00000000e+000
0.00000000e+000
0.00000000e+000
0.00000000e+000
0.00000000e+000
0.00000000e+000
0.00000000e+000
0.00000000e+000
0.00000000e+000
-1.42208699e+000
-3.81305817e+000
-1.69394682e+000
0.00000000e+000
0.00000000e+000
0.00000000e+000
3.39793995e-001
-2.42432696e+000
7.28630524e-001
5.19749922e-001
-1.05018233e+000
3.74175515e-001
1.21250970e-001
1.46697571e+000
-1.68861617e+000
0.00000000e+000
8.16832832e-001
-3.49123633e-001
-1.21612759e+000
4.63936104e-001
1.89533336e+000
9.16595880e-001
3.00671511e-001
-2.37152528e+000
-7.63693638e-001
2.25702449e-001
-4.97952057e+000
0.00000000e+000
0.00000000e+000
0.00000000e+000
6.34983184e-001
3.01718658e+000
-4.25201137e-001
-9.02853762e-001
-1.07523741e+000
-1.38930642e+000
-2.11560816e+000
1.53223729e+000
-6.35318610e-002
0.00000000e+000
-3.71597459e-002
3.56178609e+000
-1.76745815e+000
1.06525351e-001
-3.38030430e+000
4.05218254e-001
5.95822364e-002
-1.86605362e+000
-1.07410548e+000
-2.00219510e-001
9 1
-1.3983e+000 -2.6230e-002
7 1
1 8 2 12 15 6 10 
217
7.11923594e-001
-8.40886193e-001
2.89422631e-001
-4.43476926e-001
1.99215314e-001
3.02399837e-001
2.33135002e-001
-7.00661014e-002
2.54167883e-002
2.76440139e-001
1.11940111e-001
5.33191198e-002
1.42216379e-001
7.57219037e-001
0.00000000e+000
0.00000000e+000
0.00000000e+000
1.68548583e-001
2.21610496e-002
4.72831707e-001
2.48875342e-001
1.51425800e-002
1.08272824e+000
2.94499668e-001
2.13134434e-003
9.52406511e-001
0.00000000e+000
0.00000000e+000
0.00000000e+000
0.00000000e+000
0.00000000e+000
0.00000000e+000
0.00000000e+000
-8.62358780e-001
-5.33765971e-001
2.10804835e+000
0.00000000e+000
1.91323615e-002
-6.48865407e-001
-1.47035167e-001
1.36949768e-001
3.83967253e-001
8.79007294e-001
0.00000000e+000
0.00000000e+000
-6.59901614e-001
-6.00249126e-001
5.46137296e-001
4.64504147e-001
4.75282253e-001
-1.57537376e-001
4.30571874e-001
0.00000000e+000
-1.17210659e-001
0.00000000e+000
3.94113045e-001
-1.87127855e-001
1.62968033e-001
0.00000000e+000
3.61465018e-001
0.00000000e+000
7.11923594e-001
0.00000000e+000
0.00000000e+000
-8.81501651e-001
-1.02747908e+000
9.20617409e-001
1.04499671e+000
6.72807836e-001
1.68971933e+000
0.00000000e+000
1.38514304e-001
9.03259936e-002
5.01358407e-001
-1.39282250e-001
7.20508827e-002
-3.29023172e-001
0.00000000e+000
-8.46557487e-001
-1.66555234e+000
8.58117977e-001
8.89268427e-002
7.00363104e-001
7.98875647e-001
0.00000000e+000
4.98807454e-001
2.61994748e-001
1.51765934e-001
-1.51986123e+000
6.13502053e-002
-2.42206370e-001
0.00000000e+000
4.85717760e-002
1.19102419e-001
2.82806901e-001
1.19437511e-001
3.80544917e-001
1.28650442e-001
0.00000000e+000
-6.24787659e-001
-1.43841157e+000
7.39542952e-001
-4.82622016e-001
5.97168300e-001
9.37807149e-002
0.00000000e+000
7.07082649e-003
1.22812761e-001
3.93349781e-001
5.50920497e-002
3.11502986e-001
-2.80391479e-001
0.00000000e+000
0.00000000e+000
0.00000000e+000
0.00000000e+000
0.00000000e+000
0.00000000e+000
0.00000000e+000
-2.48938862e+000
-3.70918387e+000
-2.38285880e+000
0.00000000e+000
0.00000000e+000
0.00000000e+000
-1.53396436e-001
-2.64205407e+000
1.18227866e-001
4.29345448e-001
-3.75799329e-001
-9.96201941e-002
-2.29574440e-001
9.69461261e-001
-2.47936488e-002
0.00000000e+000
1.80674373e-002
3.12130715e-002
-1.55524009e-001
-7.42296621e-002
2.17098580e+000
-2.11987496e-001
1.47724265e-001
-1.23871848e+000
-6.06980573e-001
-4.55205623e-001
2.74432423e-002
0.00000000e+000
0.00000000e+000
0.00000000e+000
1.65857842e-001
4.69322463e-001
1.04438854e-001
-1.27061773e-001
-2.15717729e-001
3.33125355e-002
-5.77328845e-002
2.83649302e-001
-2.83232911e-001
0.00000000e+000
2.74171968e-002
1.74123242e-001
-5.30684784e-001
-2.32994557e-002
-1.55679107e-001
4.36066249e-001
1.38970866e-001
-4.14642106e-001
-7.07209625e-002
7.30564046e-002
-2.41362263e+000
0.00000000e+000
0.00000000e+000
0.00000000e+000
-1.95176002e+000
3.33040983e+000
1.96888035e-001
1.95980805e-001
0.00000000e+000
-2.76524336e-001
-1.79599722e+000
2.16727365e-001
-2.25431513e-001
0.00000000e+000
-1.31240768e+000
3.36154833e+000
2.91270927e-001
2.77141142e-001
-1.42756931e+000
-8.68062585e-001
1.99947531e-001
-7.50751020e-002
-3.03153912e-001
-8.35930084e-001
-9.78387119e-001
0.00000000e+000
0.00000000e+000
0.00000000e+000
6.36486834e-001
4.46718477e-001
6.95808539e-002
2.36176908e-002
0.00000000e+000
-5.50767272e-001
2.50398854e-001
2.74979742e-001
6.20301153e-001
0.00000000e+000
9.17311469e-001
6.55395887e-001
-8.53958752e-001
-3.71151855e-002
2.18437020e-001
2.52480270e-001
4.61592049e-001
-5.57727440e-002
-3.55569984e-001
6.84476122e-001
136
1.19683376e+000
0.00000000e+000
0.00000000e+000
1.35386292e-001
1.19751770e-002
5.03512417e-001
1.40905659e-002
5.51546561e-001
2.60289419e-003
0.00000000e+000
0.00000000e+000
0.00000000e+000
0.00000000e+000
0.00000000e+000
0.00000000e+000
0.00000000e+000
1.10609062e+000
6.28164967e-001
-2.65343866e-001
6.29046122e-003
-9.64399327e-002
-3.00205116e-001
-2.45588780e-001
1.62260830e-001
7.35091729e-001
7.57004650e-001
1.78419915e-001
-1.20084674e-002
-4.75993077e-001
-6.05408242e-001
5.42004592e-001
-2.49966090e-001
7.80780263e-001
-4.59876462e-001
1.51750678e+000
0.00000000e+000
-2.94764855e-001
-3.41239967e-001
1.10323093e+000
-8.41961061e-001
5.60201109e-001
-1.04082948e+000
1.01515778e+000
0.00000000e+000
0.00000000e+000
0.00000000e+000
0.00000000e+000
-3.55128976e+000
-3.19618984e-002
-7.48007917e-001
-1.04297949e+000
0.00000000e+000
-5.33712178e-001
-1.72686531e-001
-1.30801494e-001
1.53685870e-001
0.00000000e+000
-8.41790871e-002
1.95106757e-001
1.58673781e-001
-1.00473205e+000
1.19054330e+000
1.03703929e+000
-4.40632978e-001
4.72859194e-001
-5.55927290e-001
0.00000000e+000
1.32293832e+000
1.70252104e-001
4.29670467e-001
-3.20513524e-001
0.00000000e+000
5.61725518e-001
2.65497227e-001
4.29135839e-001
-9.91722862e-001
0.00000000e+000
9.43461430e-001
1.35702630e-001
4.38025501e-001
-5.91049196e-001
0.00000000e+000
0.00000000e+000
0.00000000e+000
0.00000000e+000
0.00000000e+000
-1.38164906e+000
-3.88565933e+000
-1.74033868e+000
0.00000000e+000
0.00000000e+000
0.00000000e+000
4.73858697e-001
-3.28422886e+000
7.38585620e-001
5.44846434e-001
-9.63253216e-001
5.20638344e-001
2.88916792e-001
1.56581692e+000
-2.04926973e+000
0.00000000e+000
9.85295661e-001
-8.68972691e-001
-1.07836756e+000
5.56710482e-001
1.91606647e+000
1.01013024e+000
5.11246490e-001
-2.22398404e+000
-7.25425789e-001
3.41051045e-001
-4.94268214e+000
0.00000000e+000
0.00000000e+000
0.00000000e+000
7.87212722e-001
2.87023462e+000
-4.01583154e-001
-6.44120248e-001
-9.68212413e-001
-1.22550118e+000
-2.51164751e+000
1.61101220e+000
-1.00488805e+000
0.00000000e+000
-5.17968085e-001
3.42117122e+000
-1.01605974e+000
2.78001069e-001
-3.43258193e+000
5.49057718e-001
-1.85993007e-001
-2.42779157e+000
2.24422371e-001
-3.47447173e-001
14 1
-1.7366e+000 3.2989e-002
8 1
1 8 2 12 15 6 10 9 
217
1.38287170e-001
-4.08204069e-001
9.55712178e-001
-1.07056901e+000
-6.07517868e-001
-5.84551081e-001
-7.97191068e-002
-1.18013897e-001
2.01718863e-002
2.87606271e-001
-3.28328531e-001
5.81085649e-003
1.13368079e+000
8.87259182e-001
0.00000000e+000
0.00000000e+000
0.00000000e+000
0.00000000e+000
0.00000000e+000
0.00000000e+000
6.36908134e-001
-3.70721061e-002
2.05697070e+000
-4.96678983e-001
-3.45724673e-004
1.93602503e+000
0.00000000e+000
0.00000000e+000
0.00000000e+000
0.00000000e+000
0.00000000e+000
0.00000000e+000
0.00000000e+000
4.98217183e-001
-8.45565142e-002
2.67180618e-001
0.00000000e+000
4.56642446e-001
-6.58862025e-001
-4.91277793e-001
-2.40696908e-001
-3.37262064e-001
5.05629443e-001
9.12730193e-001
0.00000000e+000
-1.18193447e+000
-7.11730702e-001
4.68135433e-001
8.71165909e-001
4.41668174e-001
3.86289773e-001
3.80273304e-001
0.00000000e+000
-7.37469941e-002
0.00000000e+000
1.34610387e+000
0.00000000e+000
1.39294766e-001
0.00000000e+000
5.56745840e-001
0.00000000e+000
1.46903291e-001
0.00000000e+000
0.00000000e+000
-1.93825275e+000
-7.32234363e-001
1.14513346e+000
9.42055306e-001
9.31406458e-001
1.30627770e+000
0.00000000e+000
-2.93873900e-001
3.97686957e-001
3.96894847e-001
-4.15193686e-002
3.52662231e-002
-7.81540818e-002
0.00000000e+000
-6.73208868e-001
-5.68017986e-001
5.77340613e-001
2.39109205e-001
2.34155425e-001
3.95049314e-001
0.00000000e+000
6.44288909e-001
-2.31315291e-001
-3.19772547e-001
-9.84491626e-001
-1.86229191e-001
-4.64144602e-001
0.00000000e+000
9.81744194e-002
-3.14924557e-001
4.06880654e-001
-6.25043594e-001
-3.66767903e-001
-2.01471916e+000
0.00000000e+000
-7.26589089e-001
-8.03901028e-001
6.63883436e-001
2.94001644e-002
2.00992824e-001
-5.18641298e-001
0.00000000e+000
-4.50216226e-001
-7.07560073e-001
7.07127570e-001
-4.96884546e-001
-1.18624173e-001
-8.56049095e-001
0.00000000e+000
-7.58782148e-002
-7.05129553e-001
3.08446537e-001
-6.07595868e-001
-9.42811524e-002
-1.28291532e+000
-2.26503702e+000
-6.35409430e+000
-1.69465829e+000
0.00000000e+000
0.00000000e+000
0.00000000e+000
-4.04791950e-001
-1.24925132e+000
2.72815660e-001
-1.39382211e+000
-7.63700069e-001
-3.32902884e-001
9.75512691e-001
1.45924002e+000
-5.45808317e-002
0.00000000e+000
-6.97787079e-002
-2.61376662e-001
-1.34383386e+000
3.70357046e-001
1.48411116e+000
6.40513888e-001
3.15929053e-001
-9.78592018e-001
3.62113144e-001
-7.22620545e-001
-3.02012658e-001
0.00000000e+000
0.00000000e+000
0.00000000e+000
7.31787392e-001
-6.46071311e-001
7.37447493e-002
5.55736834e-001
-2.26564017e-001
-1.59214514e-002
-3.20757727e-001
-1.51902048e-001
-4.28874519e-001
0.00000000e+000
5.58381529e-001
-8.35309423e-001
1.64212182e-001
2.90112255e-001
-3.80275567e-001
-6.43994638e-002
2.05966820e-001
-1.66342125e-001
-1.89153562e-001
5.43616796e-001
-3.71474109e+000
0.00000000e+000
0.00000000e+000
0.00000000e+000
-1.38701681e+000
6.78011129e+000
-8.79814309e-002
-2.96749052e-001
-4.62571250e-002
-1.14146190e+000
-1.66104635e+000
1.62764263e+000
-9.36846037e-001
0.00000000e+000
-2.52491404e-001
1.13186113e+000
-5.98534711e-001
-7.02632887e-002
-1.96319196e+000
-1.70193493e+000
6.98090943e-001
-2.63852951e-001
1.76327527e-001
-1.33168805e+000
-1.54794082e+000
0.00000000e+000
0.00000000e+000
0.00000000e+000
1.04727408e+000
-1.27271200e+000
3.05738108e-001
5.53622836e-001
-6.72152784e-002
-5.04835743e-002
-2.20683127e-002
3.08673691e-001
8.10356952e-001
0.00000000e+000
3.26866041e-002
1.21309685e+000
-2.29475266e-001
7.17148007e-001
4.30922796e-001
1.16674990e+000
-4.24800899e-001
-9.51663030e-001
1.62343183e-001
2.41282999e-001
136
1.16291501e+000
0.00000000e+000
0.00000000e+000
0.00000000e+000
0.00000000e+000
7.13599953e-001
6.77674046e-003
6.05267132e-001
2.90131203e-003
0.00000000e+000
0.00000000e+000
0.00000000e+000
0.00000000e+000
0.00000000e+000
0.00000000e+000
0.00000000e+000
8.26218764e-001
4.84715194e-001
-1.95234833e-002
-1.15087496e-001
-1.59907459e-001
-1.97792369e-001
-9.86241798e-002
2.20937361e-001
5.34773377e-001
5.14425211e-001
4.64190561e-001
-1.21256562e-001
-4.39751770e-001
-5.02606747e-001
4.95943783e-001
-1.75544129e-001
6.68147201e-001
-4.70107164e-001
1.44739368e+000
0.00000000e+000
-3.14192168e-001
-2.38505611e-001
1.02674874e+000
-6.14774770e-001
2.95620042e-001
-8.49603430e-001
9.55403903e-001
0.00000000e+000
0.00000000e+000
0.00000000e+000
0.00000000e+000
-2.97239841e+000
5.75874323e-002
-6.91473894e-001
-9.59614138e-001
0.00000000e+000
-7.01752156e-001
-2.18899437e-001
-1.98000055e-001
2.37366224e-001
0.00000000e+000
-9.36203306e-002
2.06632198e-001
1.16784155e-001
-1.08246020e+000
1.27800250e+000
9.02218296e-001
-4.77599340e-001
4.91117449e-001
-3.22652070e-001
0.00000000e+000
1.20660064e+000
1.84499582e-001
3.69227945e-001
-1.55108837e-001
0.00000000e+000
4.23128117e-001
2.53931021e-001
4.46066713e-001
-1.12398394e+000
0.00000000e+000
9.72443426e-001
1.20254643e-001
4.35649501e-001
-4.78666006e-001
0.00000000e+000
5.16918155e-001
-1.15870607e-001
3.47402488e-001
-7.39249596e-001
-1.41463880e+000
-4.23033356e+000
-1.72754651e+000
0.00000000e+000
0.00000000e+000
0.00000000e+000
3.77284585e-001
-2.51376845e+000
7.39642473e-001
5.34876342e-001
-1.00345395e+000
4.34117994e-001
1.64624580e-001
1.54184180e+000
-1.87767191e+000
0.00000000e+000
7.65869483e-001
-2.25095570e-001
-1.21512775e+000
3.05988438e-001
1.96722207e+000
1.04852864e+000
4.75229265e-001
-2.50225284e+000
-9.17423034e-001
1.72021328e-001
-5.33973835e+000
0.00000000e+000
0.00000000e+000
0.00000000e+000
6.34721914e-001
3.05374294e+000
-4.35105188e-001
-7.91981866e-001
-1.11027798e+000
-9.55870146e-001
-2.20468620e+000
1.53249133e+000
-4.07053768e-001
0.00000000e+000
-3.13539393e-001
3.72808114e+000
-1.73093823e+000
3.37029706e-002
-3.56409131e+000
2.74284462e-001
1.80790929e-001
-1.91591458e+000
-1.11140675e+000
-2.36688612e-001
22 1
-1.7761e+000 3.8724e-002
8 1
1 8 2 12 15 6 10 9 
217
5.16868102e-001
-4.30498511e-001
1.84573953e-001
1.45965042e-001
-3.44295250e-001
-1.76118145e-001
-2.65863132e-002
5.65920823e-001
3.11415010e-001
1.48702375e-001
5.93548577e-001
-2.16617863e-001
-1.72139209e-002
-7.82227940e-001
0.00000000e+000
0.00000000e+000
0.00000000e+000
0.00000000e+000
0.00000000e+000
0.00000000e+000
6.34922892e-001
1.84347398e-002
7.76798243e-001
-6.64528216e-002
2.34950167e-003
1.14817181e+000
0.00000000e+000
0.00000000e+000
0.00000000e+000
0.00000000e+000
0.00000000e+000
0.00000000e+000
0.00000000e+000
2.52686225e-001
1.74788596e-001
8.93932814e-002
0.00000000e+000
2.61676064e-001
-5.90398581e-001
-4.51345062e-001
-3.61455065e-001
3.98577085e-002
6.09890151e-001
1.00864289e+000
0.00000000e+000
-8.09226954e-001
-3.95697371e-001
5.01430956e-001
2.39840238e-001
-2.66030637e-001
-2.03202613e-002
7.66796301e-001
0.00000000e+000
0.00000000e+000
0.00000000e+000
1.10506190e+000
0.00000000e+000
4.75758445e-001
0.00000000e+000
4.37447627e-001
0.00000000e+000
5.16868102e-001
0.00000000e+000
0.00000000e+000
-1.62626627e+000
-8.60702376e-001
1.46156610e+000
3.71154705e-001
6.81568273e-001
9.83985119e-001
0.00000000e+000
1.53722536e-001
2.38491709e-002
2.78307684e-001
1.81680459e-001
8.48378825e-002
1.20047585e+000
0.00000000e+000
-7.88984086e-001
-8.25387442e-001
1.14353142e+000
-1.73477983e-002
1.62320765e-001
-1.24373791e-001
0.00000000e+000
1.67922712e-002
-1.04853553e+000
6.03205893e-001
-1.96737682e+000
-1.03130062e-001
1.41260926e-001
0.00000000e+000
4.85966739e-002
1.81957614e-001
3.32358089e-001
-9.33862807e-001
1.35913339e-001
-1.74498874e-001
0.00000000e+000
-1.12188820e+000
-2.84068300e-001
5.70732720e-001
2.37046378e-001
1.06802358e+000
1.19803749e+000
0.00000000e+000
-1.34595767e-001
-8.87532168e-001
8.25641950e-001
-1.21517526e-001
-1.74178081e-001
-7.37715594e-001
0.00000000e+000
3.77147665e-001
-7.37471232e-001
3.32875991e-001
2.49332693e-001
-1.93155554e-001
-9.59147779e-001
-1.83854468e+000
-3.99183936e+000
-9.17079809e-001
0.00000000e+000
0.00000000e+000
0.00000000e+000
-5.03762298e-001
-1.12908782e+000
1.03848142e+000
1.04549577e+000
-1.47756667e+000
4.31504143e-001
3.28894647e-001
3.15097855e-001
-4.24643803e-001
0.00000000e+000
-4.75868659e-001
5.80327601e-001
-1.84177077e+000
-4.06227728e-001
1.98639070e+000
9.12168472e-001
5.99819824e-001
-1.34798721e+000
-7.73723208e-001
2.25377928e-001
-3.85053977e-001
0.00000000e+000
0.00000000e+000
0.00000000e+000
5.66000692e-001
-3.11684607e-001
-3.06552790e-002
-6.39835209e-001
1.99503669e-001
1.57684916e-003
-3.50916608e-002
4.92016811e-001
-6.02724854e-001
0.00000000e+000
5.04360780e-001
-6.96431172e-001
1.82973272e-001
3.37260174e-001
-3.29979338e-001
-8.78366932e-003
3.18517041e-001
-1.53376780e-001
-1.45281232e-001
-3.34194668e-002
-3.86928088e+000
0.00000000e+000
0.00000000e+000
0.00000000e+000
9.84163629e-002
6.17873020e+000
-3.37126816e-001
-1.83796565e+000
1.40872363e-001
-5.77279942e-001
-2.55364740e+000
1.91974864e+000
-5.50897057e-001
0.00000000e+000
-3.25663292e-001
1.41812597e+000
-2.03292571e+000
-3.79195093e-001
-4.15153909e+000
-3.42558202e-001
1.01677815e-001
-2.95102564e-001
-1.88913584e-001
-1.54037823e-001
-2.29650023e-001
0.00000000e+000
0.00000000e+000
0.00000000e+000
1.57557636e-001
-1.67250042e+000
-1.15803035e-001
6.56233684e-001
-1.82811655e-001
-6.60765545e-001
8.20697381e-002
-2.04783075e-001
-6.73904863e-002
0.00000000e+000
-1.94028985e-001
1.47107216e+000
2.05989321e-001
1.60444165e-001
8.70109051e-001
3.25990162e-001
-1.10042919e-002
-7.48595355e-001
-4.25555815e-001
1.24122727e-001
136
1.51004560e+000
0.00000000e+000
0.00000000e+000
0.00000000e+000
0.00000000e+000
1.10334594e+000
3.72662182e-004
6.36088957e-001
2.83531565e-003
0.00000000e+000
0.00000000e+000
0.00000000e+000
0.00000000e+000
0.00000000e+000
0.00000000e+000
0.00000000e+000
1.06045146e+000
6.41927053e-001
-9.90841610e-003
-1.01894033e-001
-2.65982419e-001
-2.74698589e-001
-1.66135941e-001
2.66194257e-001
6.19622807e-001
8.03640544e-001
6.29298971e-001
-1.16863981e-001
-6.46406372e-001
-6.16978594e-001
5.53059759e-001
-1.92095251e-001
8.31646077e-001
-3.28699398e-001
1.60791663e+000
0.00000000e+000
-3.97668830e-001
-4.35863149e-001
1.21079566e+000
-7.50651173e-001
5.51389724e-001
-1.00165068e+000
1.24211517e+000
0.00000000e+000
0.00000000e+000
0.00000000e+000
0.00000000e+000
-3.44280222e+000
9.60318601e-003
-8.26365882e-001
-8.49032843e-001
0.00000000e+000
-7.20649806e-001
-2.73558661e-001
-1.93332959e-001
2.47688978e-001
0.00000000e+000
-4.49925504e-001
8.78947579e-002
-4.51253137e-003
-1.03628505e+000
1.61193963e+000
1.09157887e+000
-4.94820131e-001
4.89788525e-001
-2.58035210e-001
0.00000000e+000
1.27828199e+000
1.66865262e-001
4.11950356e-001
-2.94332604e-001
0.00000000e+000
4.38205827e-001
2.96790721e-001
3.57862545e-001
-1.07831814e+000
0.00000000e+000
1.20826248e+000
1.84194962e-001
4.59958851e-001
-4.21242659e-001
0.00000000e+000
5.85988700e-001
-1.55850150e-001
3.92113981e-001
-8.35886946e-001
-1.49682526e+000
-4.53769856e+000
-1.79159504e+000
0.00000000e+000
0.00000000e+000
0.00000000e+000
3.73759473e-001
-2.59820389e+000
5.14094124e-001
4.60803294e-001
-9.67011346e-001
3.50576756e-001
1.89143139e-001
1.47570638e+000
-1.74770148e+000
0.00000000e+000
8.34723794e-001
-3.40151837e-001
-1.10399147e+000
3.87596039e-001
1.94864608e+000
1.02725075e+000
4.33204931e-001
-2.42755064e+000
-8.17606882e-001
2.15117747e-001
-5.66512163e+000
0.00000000e+000
0.00000000e+000
0.00000000e+000
6.87836977e-001
3.04227033e+000
-3.70019017e-001
-7.40736503e-001
-1.15991884e+000
-1.14005264e+000
-2.14117517e+000
1.57501934e+000
-3.34919138e-001
0.00000000e+000
-1.79909369e-001
3.62831772e+000
-1.79331615e+000
1.33724281e-002
-3.57776704e+000
3.32301681e-001
-5.26226488e-002
-2.19240423e+000
-9.65635859e-001
-2.95763501e-001
