0 1 5 -1 -1
1 1 2 -1 -1
0.286 -1.386
356
-3.88941476e-001
-3.31124640e-001
0.00000000e+000
1.57238912e+000
-1.36323710e-001
-1.20290025e+000
5.14716178e-001
-3.69359358e-001
1.38330432e-001
5.04492233e-001
-6.11981894e-002
-8.68123092e-002
-1.53669841e-001
1.00682317e+000
8.50494936e-001
-2.84928986e-001
-3.88941476e-001
0.00000000e+000
-8.80573285e-001
5.27896298e-001
4.15808044e-001
-5.17919307e-001
0.00000000e+000
0.00000000e+000
1.51678648e-002
-5.93109082e-001
0.00000000e+000
0.00000000e+000
-3.49972122e-001
-4.00932963e-001
-1.29668200e-001
0.00000000e+000
0.00000000e+000
0.00000000e+000
0.00000000e+000
0.00000000e+000
0.00000000e+000
0.00000000e+000
0.00000000e+000
0.00000000e+000
0.00000000e+000
0.00000000e+000
0.00000000e+000
0.00000000e+000
0.00000000e+000
0.00000000e+000
0.00000000e+000
0.00000000e+000
0.00000000e+000
0.00000000e+000
0.00000000e+000
-4.68435713e-001
-4.75719805e-001
-1.50854212e+000
0.00000000e+000
0.00000000e+000
0.00000000e+000
0.00000000e+000
2.81850365e-001
4.65485824e-001
8.34045399e-001
-1.13412431e-001
6.68531155e-001
-1.11016523e+000
-6.17063984e-001
-7.75767512e-001
-1.55630441e+000
2.82642269e+000
7.96852728e-001
-1.85652164e-002
5.25232052e-001
6.21895661e-001
-3.05240801e-004
1.27177105e-001
0.00000000e+000
0.00000000e+000
0.00000000e+000
0.00000000e+000
0.00000000e+000
0.00000000e+000
0.00000000e+000
0.00000000e+000
0.00000000e+000
0.00000000e+000
0.00000000e+000
0.00000000e+000
0.00000000e+000
4.57167106e-001
2.93491984e-001
0.00000000e+000
-3.47890091e-001
-1.85882849e-001
-9.07011013e-001
-3.32890721e-001
-5.00194339e-001
-3.80770933e-001
3.17392073e-001
4.77291775e-002
3.16133644e-001
1.06971179e-001
0.00000000e+000
0.00000000e+000
0.00000000e+000
0.00000000e+000
5.47539652e-001
3.79085280e-001
0.00000000e+000
0.00000000e+000
0.00000000e+000
0.00000000e+000
0.00000000e+000
0.00000000e+000
6.84002282e-002
3.46827343e-001
2.28364537e-001
-6.94899220e-002
-4.51196852e-001
-1.05938646e+000
1.15661995e-001
1.45513200e+000
1.00625064e+000
-4.72357834e-001
-8.21341003e-001
-1.97120648e+000
1.33400468e+000
6.85025409e-001
7.28992340e-001
3.30586478e-001
0.00000000e+000
-1.95853496e-001
9.59982700e-001
8.57573303e-001
6.55410967e-001
3.46382481e-001
5.86056195e-001
1.68187083e-001
1.16628617e+000
6.95547511e-001
6.53980096e-001
8.19986312e-001
3.06288419e-001
-7.64378739e-001
-1.47751688e+000
-1.40590875e+000
-1.39686956e+000
-1.49867014e+000
-9.11649216e-001
-1.48315875e-001
0.00000000e+000
0.00000000e+000
0.00000000e+000
0.00000000e+000
-6.87860681e-001
6.48129251e-001
0.00000000e+000
0.00000000e+000
2.98919205e-001
-2.84848434e-001
0.00000000e+000
-5.48321631e-001
-3.16916256e-001
-3.23366949e-001
-6.19564872e-001
1.03661824e-001
-9.36481128e-001
0.00000000e+000
0.00000000e+000
0.00000000e+000
4.27336468e-001
-4.72448817e-001
5.95205430e-001
-3.58517250e-001
-9.25295090e-001
1.03315361e+000
5.64428330e-002
6.59875100e-001
-3.44615046e-001
0.00000000e+000
9.64803408e-001
1.87600383e-001
-4.64010946e-001
6.06786051e-001
-2.49758510e+000
-6.44433771e-002
3.41668328e-001
-8.99517692e-001
-1.63127569e-001
3.80208152e-001
3.67622449e-001
0.00000000e+000
0.00000000e+000
0.00000000e+000
-9.95668311e-002
4.30996512e-001
-3.07777773e-001
1.52112016e-002
2.14297582e-001
-1.62729979e-001
-7.41264008e-002
-6.50552924e-001
4.13044847e-001
0.00000000e+000
-2.36129332e-001
2.51675445e-001
1.23578444e-001
7.89871640e-002
3.99787368e-001
-3.27931006e-002
-6.62499361e-002
1.12638321e-001
9.65447754e-002
-1.39212934e-001
-2.25985009e-001
-8.28223630e-002
0.00000000e+000
1.03091153e-001
-5.20851857e-002
6.72802143e-001
1.76756476e-001
-9.32380982e-001
-5.52759951e-001
0.00000000e+000
0.00000000e+000
0.00000000e+000
1.54196830e-001
5.22512675e-002
-1.62142682e-001
7.07603137e-001
-4.48693485e-001
4.69940687e-001
4.94289264e-001
-8.94809675e-001
-1.60540824e-002
0.00000000e+000
5.56113723e-001
5.40374081e-001
8.02600443e-002
-2.36833761e-002
-1.74446987e+000
-5.87666515e-001
-1.80640983e-001
-1.18059004e-001
-2.35159244e-001
8.03589932e-001
-1.43162646e-001
0.00000000e+000
1.54780033e-001
2.15844806e-001
-7.10496119e-001
-2.34093893e-001
0.00000000e+000
1.64234970e-001
3.64601164e-001
1.15880679e+000
2.45204074e-001
-1.63810476e+000
-4.76402226e-001
0.00000000e+000
0.00000000e+000
-4.28863394e-001
-2.19705125e-001
0.00000000e+000
0.00000000e+000
0.00000000e+000
-1.22638207e+000
2.66510250e+000
-4.43920405e-001
-1.86874403e-001
6.43294673e-001
5.85821969e-001
-4.85819747e-001
-3.19007102e-002
-8.20458721e-001
0.00000000e+000
-6.77016033e-001
1.28450096e+000
-6.81372951e-001
-1.70557285e-002
-3.76319990e-001
-8.34182092e-002
-3.88502785e-001
7.18145455e-001
-1.56872826e-003
-6.95960202e-001
6.91314948e-001
0.00000000e+000
0.00000000e+000
0.00000000e+000
-2.61005188e-001
0.00000000e+000
0.00000000e+000
0.00000000e+000
0.00000000e+000
0.00000000e+000
0.00000000e+000
-1.14126396e+000
0.00000000e+000
0.00000000e+000
-2.62924912e-001
0.00000000e+000
0.00000000e+000
0.00000000e+000
-1.28850395e+000
-6.80329655e-001
4.66007056e-002
0.00000000e+000
0.00000000e+000
1.96014961e-001
-2.55025710e-001
-3.72896047e-001
2.82584893e-001
0.00000000e+000
0.00000000e+000
2.55477359e-001
-3.66858350e-002
-5.91687571e-001
1.12390892e-003
0.00000000e+000
0.00000000e+000
0.00000000e+000
-2.64189380e-001
0.00000000e+000
0.00000000e+000
0.00000000e+000
0.00000000e+000
0.00000000e+000
0.00000000e+000
9.21579949e-001
0.00000000e+000
0.00000000e+000
1.41493862e-002
0.00000000e+000
0.00000000e+000
0.00000000e+000
1.00300302e+000
1.29887264e-001
-5.35174171e-001
0.00000000e+000
0.00000000e+000
-3.87677787e-001
1.17870337e-001
1.06749482e-001
0.00000000e+000
0.00000000e+000
3.53205847e-002
0.00000000e+000
0.00000000e+000
0.00000000e+000
0.00000000e+000
0.00000000e+000
0.00000000e+000
0.00000000e+000
-1.42085134e-002
-1.42085134e-002
0.00000000e+000
0.00000000e+000
247
-7.22870772e-001
-7.22870772e-001
0.00000000e+000
5.65509050e-001
-1.28837982e+000
0.00000000e+000
-1.32807168e+000
7.60455275e-001
-3.31994802e-001
3.27979105e-001
2.53836898e-001
1.36029966e-001
-6.55071804e-001
3.71448251e-001
-7.22870772e-001
0.00000000e+000
-7.07699810e-001
-1.51709629e-002
-5.18563322e-002
0.00000000e+000
0.00000000e+000
0.00000000e+000
0.00000000e+000
9.65948731e-002
-5.10445727e-002
0.00000000e+000
0.00000000e+000
0.00000000e+000
0.00000000e+000
0.00000000e+000
0.00000000e+000
0.00000000e+000
0.00000000e+000
0.00000000e+000
0.00000000e+000
0.00000000e+000
0.00000000e+000
0.00000000e+000
0.00000000e+000
0.00000000e+000
0.00000000e+000
-1.88051650e+000
3.07345908e-003
-2.13861206e+000
1.20389368e-002
0.00000000e+000
0.00000000e+000
0.00000000e+000
0.00000000e+000
0.00000000e+000
0.00000000e+000
0.00000000e+000
0.00000000e+000
0.00000000e+000
0.00000000e+000
0.00000000e+000
1.16928760e+000
1.28277943e+000
0.00000000e+000
7.95136345e-001
3.14251159e+000
0.00000000e+000
0.00000000e+000
0.00000000e+000
0.00000000e+000
0.00000000e+000
0.00000000e+000
-1.10286131e-001
1.95313569e-001
2.09876392e-001
-8.86397862e-002
-3.08651142e-001
-1.41562002e+000
4.10806895e-001
1.54654106e+000
0.00000000e+000
0.00000000e+000
0.00000000e+000
-2.41754623e-001
4.20766046e+000
3.57472354e+000
3.50267983e+000
3.01495470e+000
0.00000000e+000
0.00000000e+000
2.13013527e+000
2.24086560e+000
1.99474084e+000
1.82327805e+000
1.86472151e+000
1.90953284e+000
-2.62676711e-002
3.58790076e-001
3.78793333e-001
2.28096988e-001
-9.45258908e-002
-5.33247880e-001
0.00000000e+000
0.00000000e+000
0.00000000e+000
0.00000000e+000
0.00000000e+000
-2.10999909e-001
0.00000000e+000
-1.29682763e-001
1.50150861e+000
0.00000000e+000
-5.93188009e-001
-1.60168339e-001
0.00000000e+000
-2.07549024e+000
-1.85213627e-001
-7.59730195e-001
-1.15973498e+000
-6.30157146e-001
-9.44943821e-001
0.00000000e+000
0.00000000e+000
0.00000000e+000
3.20003576e-001
-1.90626501e-001
8.18918188e-001
-2.86853770e-001
-5.37953930e-001
1.09087837e+000
-2.55624523e-001
7.27351962e-001
-4.91293553e-001
0.00000000e+000
9.51617763e-001
3.04581614e-002
-7.49104432e-001
5.68256094e-001
-1.22306697e+000
3.47552273e-001
5.26446980e-001
-2.74858998e+000
8.68083958e-002
6.98780634e-002
-4.38141676e-001
-2.81625806e-001
0.00000000e+000
3.76435581e-001
-4.86412054e-002
3.39982862e-001
0.00000000e+000
0.00000000e+000
0.00000000e+000
4.21654075e-002
7.22142206e-002
-1.48607930e-001
-1.71395234e-001
1.51109124e-001
-2.90893052e-001
-1.94611553e-001
2.54145473e-001
2.14529906e-001
0.00000000e+000
-2.58010678e-001
-3.11961578e-001
-6.99753614e-002
5.30048680e-002
5.26420751e-001
2.63913705e-001
-2.51303429e-002
6.44182651e-001
-1.95676628e-002
-3.91549852e-001
-1.56515870e-001
0.00000000e+000
5.82192214e-002
-3.75180744e-001
-5.06802145e-001
9.64121793e-002
0.00000000e+000
1.38951905e-001
6.60260003e-001
-6.03214324e-001
0.00000000e+000
0.00000000e+000
1.96881410e-001
-1.78989212e+000
0.00000000e+000
0.00000000e+000
0.00000000e+000
-1.36797737e-001
5.14660590e+000
3.86400152e-001
0.00000000e+000
0.00000000e+000
0.00000000e+000
1.21169139e+000
6.98062109e-001
1.05036100e+000
0.00000000e+000
5.56146649e-001
0.00000000e+000
0.00000000e+000
1.98923457e+000
-1.64681056e-001
6.54355797e-002
5.52676953e-001
0.00000000e+000
1.77919401e+000
3.94854199e-001
7.76082300e-002
1.49456980e+000
-1.25917962e+000
0.00000000e+000
0.00000000e+000
-7.23549587e-001
0.00000000e+000
0.00000000e+000
0.00000000e+000
6.30421870e-001
0.00000000e+000
0.00000000e+000
0.00000000e+000
0.00000000e+000
0.00000000e+000
0.00000000e+000
1.39660365e-001
0.00000000e+000
0.00000000e+000
0.00000000e+000
0.00000000e+000
0.00000000e+000
0.00000000e+000
0.00000000e+000
6.38182711e-001
0.00000000e+000
0.00000000e+000
0.00000000e+000
1.42582380e+000
-1.41696157e+000
6.84810417e-001
0.00000000e+000
0.00000000e+000
-1.86750035e+000
0.00000000e+000
0.00000000e+000
0.00000000e+000
0.00000000e+000
7.86804429e-001
7.86804429e-001
0.00000000e+000
0.00000000e+000
1 0 -999999999 0 -1
1 1 0 1 -1
-2.7580e-003 -3.2860e-001
356
2.13105374e-001
-8.16121329e-002
2.94717507e-001
8.29437581e-001
-2.62730051e-001
-5.83700641e-001
3.86066946e-001
1.70906945e-001
1.09992282e-002
-1.13781493e-001
-3.85778281e-003
-3.66091840e-001
1.98179461e-001
7.26640121e-001
5.57376185e-001
-4.54578726e-001
0.00000000e+000
0.00000000e+000
0.00000000e+000
0.00000000e+000
0.00000000e+000
0.00000000e+000
0.00000000e+000
0.00000000e+000
0.00000000e+000
0.00000000e+000
0.00000000e+000
0.00000000e+000
0.00000000e+000
0.00000000e+000
0.00000000e+000
-8.16121329e-002
2.94717507e-001
-9.11049714e-001
-2.62730051e-001
4.82654697e-001
3.48026024e-001
5.25419456e-001
2.11850074e-001
3.04018124e-001
1.19665448e+000
0.00000000e+000
0.00000000e+000
0.00000000e+000
0.00000000e+000
0.00000000e+000
0.00000000e+000
0.00000000e+000
0.00000000e+000
0.00000000e+000
0.00000000e+000
-5.51980999e-001
-5.00491688e-001
-7.88051918e-001
0.00000000e+000
0.00000000e+000
0.00000000e+000
0.00000000e+000
-5.76955440e-001
6.46505233e-001
1.57630148e-001
5.80872748e-001
7.06693191e-001
-3.01876283e-001
3.49731516e-001
-7.03801509e-001
-4.23994041e-001
-1.15504130e-001
-7.49395117e-001
4.19121014e-003
6.97108611e-001
3.25759895e-002
-1.78765362e-003
2.80581270e-001
6.05344873e-001
-4.34550094e-004
-5.41837868e-002
3.24579628e-001
1.87658577e-004
1.06924879e-001
0.00000000e+000
0.00000000e+000
0.00000000e+000
0.00000000e+000
0.00000000e+000
0.00000000e+000
0.00000000e+000
-3.22541910e-001
3.40977507e-002
5.03321173e-001
-1.48873121e-001
-1.51126509e-001
-3.27224836e-001
-4.68559099e-001
-1.38065160e+000
-9.56813202e-001
2.48041305e-001
-1.91010501e-003
6.86161877e-002
4.35160357e-003
-5.57418957e-001
3.23756363e-001
0.00000000e+000
0.00000000e+000
4.93614331e-001
3.90109702e-001
0.00000000e+000
0.00000000e+000
0.00000000e+000
0.00000000e+000
0.00000000e+000
0.00000000e+000
3.67925477e-001
4.92012236e-001
5.19816672e-001
4.30879737e-002
-2.94313839e-001
-1.40903748e+000
1.44933270e+000
6.91507953e-001
-1.63045464e-001
-7.12589516e-002
-5.16989258e-001
-1.55788649e+000
7.38949460e-001
1.61738026e-001
-5.04210699e-002
-4.55073232e-001
0.00000000e+000
-2.29928256e-001
1.12075611e-001
3.58905165e-002
-1.07706182e-001
-4.37964068e-002
4.87306956e-002
-3.27446506e-001
3.54815841e-001
2.98582953e-001
2.03624550e-001
1.40909414e-001
5.71965637e-002
-1.01602817e+000
2.68497983e-001
-3.58431214e-002
-1.57308685e-001
-2.14436808e-001
-2.74218650e-001
6.36053617e-002
0.00000000e+000
0.00000000e+000
0.00000000e+000
0.00000000e+000
-1.68339513e-001
1.54072017e+000
0.00000000e+000
0.00000000e+000
3.81444887e-001
-1.51114604e-001
0.00000000e+000
0.00000000e+000
9.07764397e-002
-1.46023151e-001
-3.71285397e-001
-4.53658843e-002
-2.80508957e-001
0.00000000e+000
0.00000000e+000
0.00000000e+000
4.02629282e-001
2.47367146e-001
-2.85144546e-001
6.90588036e-002
-2.19390806e-001
4.34907888e-001
1.28232050e-001
2.06027094e-001
3.24124255e-001
0.00000000e+000
7.48314679e-001
-3.98481749e-001
-5.33141221e-001
3.59475643e-001
-1.64503203e+000
3.11749012e-001
1.41223588e-001
-6.41424329e-001
-4.32513343e-003
7.33214211e-002
7.63857799e-002
0.00000000e+000
0.00000000e+000
0.00000000e+000
-4.28586091e-002
2.95786359e-001
-4.70774340e-002
-2.22982282e-001
-9.31065016e-002
-1.89846248e-002
-1.63140726e-001
-4.58416398e-003
1.31737831e-001
0.00000000e+000
-1.67995354e-001
3.45775450e-001
2.88299848e-002
7.25482870e-002
-2.06472361e-001
-2.07770687e-002
1.15223188e-002
1.00206741e-001
8.19812244e-002
-4.02328932e-003
2.13130985e-002
5.42173685e-002
0.00000000e+000
1.93000980e-001
1.78892951e-001
3.97950277e-001
1.20720395e-001
-4.64453303e-001
8.26971039e-003
0.00000000e+000
0.00000000e+000
0.00000000e+000
1.44003171e-001
3.71855659e-001
-2.11695463e-001
4.94055276e-001
-1.38311532e-001
3.31163916e-001
5.45628707e-001
-8.21978726e-001
2.63406598e-001
0.00000000e+000
5.96387791e-001
-1.31350776e-001
1.34189828e-001
7.64763797e-002
-1.35671643e+000
-5.63408868e-001
-1.63264977e-001
-9.74058875e-002
-5.81297590e-002
5.93364803e-001
-3.29042700e-002
0.00000000e+000
-2.40587019e-001
-2.03142239e-001
-3.01822056e-001
3.65590712e-002
0.00000000e+000
9.98903574e-002
5.47025155e-002
6.69655872e-001
4.26728182e-001
-1.05982498e+000
-3.38381127e-001
0.00000000e+000
0.00000000e+000
1.57255232e-001
-1.91389035e-001
0.00000000e+000
0.00000000e+000
0.00000000e+000
-6.75254081e-001
1.13001041e+000
-1.96953951e-001
2.04917251e-001
-5.53400973e-002
8.90319119e-002
-1.04780159e+000
3.25082504e-001
4.45519720e-001
0.00000000e+000
-6.90447437e-001
1.05439007e+000
-1.17489249e+000
4.19940955e-001
3.93984020e-002
3.91473758e-001
3.91443130e-001
-5.64769720e-001
3.13527129e-001
-5.90664908e-001
4.30572967e-002
0.00000000e+000
0.00000000e+000
0.00000000e+000
1.58253320e-001
-4.23297544e-001
1.63098858e-001
-1.80612717e-001
0.00000000e+000
3.62820546e-001
6.18992440e-001
-3.31572044e-001
-7.84248069e-002
0.00000000e+000
3.58109117e-001
2.27050999e-001
4.08150290e-001
-4.75277824e-003
-1.38173653e+000
-2.27850059e-001
1.21085895e-002
0.00000000e+000
1.82745171e-001
5.08751226e-001
3.34010065e-001
2.03798642e-001
7.40206012e-003
1.05337152e-001
1.20014246e-001
5.37600472e-001
1.80365387e-001
-5.14167217e-001
-6.56919408e-001
0.00000000e+000
0.00000000e+000
0.00000000e+000
-2.44141819e-001
-2.96065075e-001
-1.79715778e-001
-2.92725191e-001
0.00000000e+000
-4.05471162e-001
-6.01185417e-001
1.17050945e+000
-3.61853870e-001
0.00000000e+000
-4.13105707e-001
-2.98727980e-001
-2.81375739e-001
-6.81990550e-002
1.96544164e+000
4.59128374e-001
-1.33785565e-001
0.00000000e+000
1.26083247e-001
-6.16714204e-001
1.30211423e-001
-2.80900414e-001
-2.93313590e-002
-2.14482388e-001
-5.25399101e-001
-3.49821793e-001
-4.58371170e-002
-2.83880510e-001
0.00000000e+000
7.07508903e-002
-1.22962286e-001
0.00000000e+000
-1.75577307e-001
-7.53084949e-001
1.79109259e-001
5.17429216e-001
247
-4.35287360e-001
-4.35287360e-001
0.00000000e+000
-1.63528442e-001
-2.71758918e-001
0.00000000e+000
-6.90280691e-001
4.34541270e-001
-2.41930109e-001
6.61150798e-001
3.98297974e-002
-1.45603337e-001
-2.50322775e-001
-1.05444153e-001
0.00000000e+000
0.00000000e+000
0.00000000e+000
0.00000000e+000
0.00000000e+000
0.00000000e+000
0.00000000e+000
0.00000000e+000
0.00000000e+000
0.00000000e+000
0.00000000e+000
0.00000000e+000
0.00000000e+000
-4.35287360e-001
0.00000000e+000
-1.63528442e-001
-2.71758918e-001
0.00000000e+000
7.71493375e-001
-8.23113717e-002
0.00000000e+000
0.00000000e+000
0.00000000e+000
0.00000000e+000
0.00000000e+000
0.00000000e+000
0.00000000e+000
4.17209035e-001
-1.28004344e-002
-1.45332328e-001
-8.11694654e-004
-2.83095823e-001
-1.34972205e-003
-4.24068244e-001
-3.21577499e-004
0.00000000e+000
0.00000000e+000
0.00000000e+000
0.00000000e+000
0.00000000e+000
0.00000000e+000
0.00000000e+000
-2.56790875e-001
-1.70230240e-001
0.00000000e+000
-1.22705386e-001
1.81026551e-001
0.00000000e+000
0.00000000e+000
0.00000000e+000
0.00000000e+000
0.00000000e+000
0.00000000e+000
4.50907944e-001
6.96010459e-001
5.16115551e-001
7.89155990e-002
-5.76119558e-001
-1.47841197e+000
1.22766027e+000
2.89796951e-001
0.00000000e+000
-1.07473612e+000
2.03901161e-001
-1.33184814e+000
2.84399620e-001
3.38701139e-001
7.59439577e-002
-6.39164030e-001
0.00000000e+000
0.00000000e+000
8.07324466e-002
1.04375920e-001
-1.54139747e-001
1.21312691e-001
8.97131068e-002
-4.97297792e-001
2.73600556e-001
3.13186636e-001
2.43597563e-001
4.25679460e-001
-5.25291535e-002
-1.15213225e+000
0.00000000e+000
0.00000000e+000
0.00000000e+000
2.71161492e-001
0.00000000e+000
-5.99738376e-001
0.00000000e+000
-6.15763915e-001
1.45240278e+000
0.00000000e+000
1.80476555e-001
-2.01551912e-002
0.00000000e+000
0.00000000e+000
2.38144651e-002
-3.36396439e-001
-6.95564667e-001
1.13277669e-001
-3.12581974e-001
0.00000000e+000
0.00000000e+000
0.00000000e+000
1.88595095e-001
-3.27197296e-001
2.06185534e-001
-2.77254345e-001
1.00312168e-001
4.00263763e-001
1.62823971e-002
5.70425336e-001
-1.11438681e+000
0.00000000e+000
5.02186242e-001
3.07042105e-001
-4.00421037e-001
7.15598703e-001
-9.28002996e-001
3.19623695e-001
4.71989729e-001
-6.77157694e-001
-4.66323409e-002
-3.40034218e-001
-3.15156134e-002
9.84837297e-002
0.00000000e+000
-4.30425939e-003
-4.22275201e-002
-5.23249119e-002
0.00000000e+000
0.00000000e+000
0.00000000e+000
-9.65325372e-002
-1.41050958e-001
7.19503948e-002
-1.00636923e-001
-1.26828865e-001
-2.27054498e-001
-1.98809221e-001
3.13550493e-001
-1.78426728e-001
0.00000000e+000
-2.60565508e-002
5.36640456e-002
-1.22951266e-001
-1.07900050e-001
1.01626181e+000
5.76414557e-002
-1.06649046e-001
4.61465434e-002
6.60678862e-002
-2.44710894e-001
-1.29999343e-001
0.00000000e+000
4.93878360e-001
1.77154275e-001
-2.81066361e-001
-7.46692646e-002
0.00000000e+000
0.00000000e+000
2.14529652e-001
-2.06397096e-001
0.00000000e+000
0.00000000e+000
2.40067742e-001
-5.82286998e-001
0.00000000e+000
0.00000000e+000
0.00000000e+000
5.83520447e-002
9.52716785e-003
-7.29987078e-002
2.83466958e-001
0.00000000e+000
-4.28274132e-001
2.10263017e-001
2.87690804e-001
-1.93072741e-001
0.00000000e+000
3.21583648e-001
9.50724646e-001
-1.38237213e-001
-3.16585159e-001
-1.22962144e+000
4.38146911e-001
4.82454743e-001
0.00000000e+000
-2.32006716e-001
-2.39760761e-001
1.40778508e-001
1.52047055e-001
2.84460376e-002
2.22774968e-001
2.83097903e-001
1.68297289e-001
0.00000000e+000
0.00000000e+000
0.00000000e+000
1.69320307e-001
0.00000000e+000
-1.20918649e-001
-1.60042032e-001
0.00000000e+000
7.52500793e-001
1.30574898e-001
-5.43425976e-001
4.08073511e-001
0.00000000e+000
4.36318584e-001
-1.63038227e-001
3.87361379e-001
0.00000000e+000
-6.30297356e-001
-5.45750478e-001
-3.41457792e-001
0.00000000e+000
0.00000000e+000
5.23469863e-001
-1.12685476e-002
7.91048013e-002
1.32607969e-001
-1.15352171e-001
-7.23065506e-001
0.00000000e+000
0.00000000e+000
0.00000000e+000
0.00000000e+000
1.24546217e-001
-7.17951097e-001
4.22043438e-001
0.00000000e+000
4 1
-1.8765e-001 -2.4969e-001
2 0
0 1 
217
9.66952463e-001
-2.97099516e-001
-8.38511260e-002
1.61012355e-001
9.78249453e-004
9.40187606e-001
9.38408662e-001
3.24460511e-001
1.22867643e+000
-4.47052163e-001
6.02232444e-001
6.75512812e-002
0.00000000e+000
0.00000000e+000
1.11695432e+000
-2.13108589e-002
-3.77143046e-001
2.19276633e-001
1.43159602e-003
-5.04975331e-001
0.00000000e+000
0.00000000e+000
0.00000000e+000
0.00000000e+000
0.00000000e+000
0.00000000e+000
0.00000000e+000
0.00000000e+000
0.00000000e+000
0.00000000e+000
0.00000000e+000
0.00000000e+000
0.00000000e+000
7.82402514e-001
5.51105526e-001
0.00000000e+000
0.00000000e+000
1.27416589e-001
8.39535873e-001
0.00000000e+000
0.00000000e+000
0.00000000e+000
0.00000000e+000
0.00000000e+000
0.00000000e+000
6.63202715e-002
6.10963179e-002
8.39535873e-001
0.00000000e+000
0.00000000e+000
0.00000000e+000
0.00000000e+000
0.00000000e+000
0.00000000e+000
0.00000000e+000
0.00000000e+000
0.00000000e+000
0.00000000e+000
0.00000000e+000
0.00000000e+000
8.39535873e-001
6.10963179e-002
6.63202715e-002
0.00000000e+000
6.10963179e-002
-2.02029061e+000
8.64999604e-001
7.20961031e-001
4.08565404e-002
2.53620766e-001
0.00000000e+000
6.63202715e-002
-1.11884963e+000
7.92098465e-001
-2.72053150e-001
1.08533726e-001
4.64077778e-001
0.00000000e+000
0.00000000e+000
0.00000000e+000
0.00000000e+000
0.00000000e+000
0.00000000e+000
0.00000000e+000
0.00000000e+000
0.00000000e+000
0.00000000e+000
0.00000000e+000
0.00000000e+000
0.00000000e+000
0.00000000e+000
0.00000000e+000
0.00000000e+000
0.00000000e+000
0.00000000e+000
0.00000000e+000
0.00000000e+000
0.00000000e+000
0.00000000e+000
0.00000000e+000
0.00000000e+000
0.00000000e+000
0.00000000e+000
0.00000000e+000
0.00000000e+000
0.00000000e+000
0.00000000e+000
0.00000000e+000
0.00000000e+000
0.00000000e+000
0.00000000e+000
0.00000000e+000
0.00000000e+000
0.00000000e+000
0.00000000e+000
0.00000000e+000
0.00000000e+000
0.00000000e+000
0.00000000e+000
-1.12762732e+000
-4.27238817e+000
-1.59607257e+000
0.00000000e+000
0.00000000e+000
0.00000000e+000
7.71002083e-001
-1.99960894e+000
1.58292048e-001
-6.56227006e-001
-1.24758320e+000
4.54994091e-001
-1.29742898e-001
4.61624392e-001
-1.20408697e-002
0.00000000e+000
8.52524190e-001
-1.43472654e+000
-9.52229544e-001
2.89857572e-001
1.43097002e+000
9.59615737e-001
6.81044732e-001
-1.60512433e+000
9.07627007e-003
3.72209629e-001
1.93768471e-001
0.00000000e+000
0.00000000e+000
0.00000000e+000
-1.23202457e-001
6.38184588e-001
-1.83014478e-001
5.13233197e-001
-4.35894760e-002
-3.67642410e-002
1.09829206e-001
1.63010445e-001
2.44137132e-002
0.00000000e+000
-1.04479054e-001
7.50974574e-001
-2.83824654e-001
2.89260605e-001
-6.22421995e-001
-2.38900521e-001
-2.08226444e-001
-1.33603965e-001
-3.45664164e-001
2.85535933e-002
-4.36001924e+000
0.00000000e+000
0.00000000e+000
0.00000000e+000
4.63452481e-001
2.19842277e+000
3.95638943e-001
1.19262279e+000
-5.96717828e-005
4.52439955e-001
8.64530340e-001
1.36907905e+000
-5.37872442e-001
0.00000000e+000
1.26083232e+000
1.89227998e+000
3.99704699e-002
8.47224313e-001
-8.11848460e-001
1.40469850e+000
1.16285185e+000
0.00000000e+000
7.04275023e-001
8.08842096e-001
-1.20670148e+000
0.00000000e+000
0.00000000e+000
0.00000000e+000
1.41724771e+000
-4.98996932e-002
1.23410474e+000
8.76007325e-001
-1.02785469e-004
1.71657050e+000
1.64870439e+000
7.23856881e-001
2.33077498e+000
0.00000000e+000
1.11128950e+000
9.34714028e-001
7.23577708e-001
1.03582228e+000
1.89926210e+000
9.92813522e-001
1.12607424e+000
0.00000000e+000
1.04457476e+000
1.35179610e+000
136
2.47494982e-002
3.31157448e-001
-5.86669337e-003
-1.26164270e-001
1.00248506e-002
0.00000000e+000
0.00000000e+000
0.00000000e+000
0.00000000e+000
0.00000000e+000
0.00000000e+000
0.00000000e+000
0.00000000e+000
0.00000000e+000
0.00000000e+000
0.00000000e+000
1.83776363e-001
-6.06235635e-002
0.00000000e+000
-1.49416374e+000
1.82210097e-001
1.33670314e+000
0.00000000e+000
0.00000000e+000
0.00000000e+000
0.00000000e+000
0.00000000e+000
-1.49416374e+000
1.48217237e+000
-1.29996227e+000
1.33670314e+000
0.00000000e+000
0.00000000e+000
0.00000000e+000
0.00000000e+000
0.00000000e+000
0.00000000e+000
0.00000000e+000
0.00000000e+000
0.00000000e+000
0.00000000e+000
0.00000000e+000
0.00000000e+000
0.00000000e+000
0.00000000e+000
0.00000000e+000
0.00000000e+000
4.15459627e+000
6.06583016e-001
-1.45333844e-001
-1.53135134e+000
0.00000000e+000
6.37413100e-002
6.97323569e-002
3.91401055e-001
-1.04996426e+000
0.00000000e+000
0.00000000e+000
0.00000000e+000
0.00000000e+000
1.33670314e+000
-1.29996227e+000
1.48217237e+000
0.00000000e+000
0.00000000e+000
0.00000000e+000
0.00000000e+000
0.00000000e+000
0.00000000e+000
0.00000000e+000
0.00000000e+000
0.00000000e+000
0.00000000e+000
0.00000000e+000
0.00000000e+000
0.00000000e+000
0.00000000e+000
0.00000000e+000
0.00000000e+000
0.00000000e+000
0.00000000e+000
0.00000000e+000
0.00000000e+000
0.00000000e+000
0.00000000e+000
0.00000000e+000
-1.09243060e+000
-3.50120350e+000
-1.18894249e+000
0.00000000e+000
0.00000000e+000
0.00000000e+000
4.25016091e-001
-1.48054754e+000
3.64554877e-001
-5.93025055e-001
-1.23910284e+000
4.35439059e-001
-9.64217142e-002
1.16586260e+000
-3.10801055e-001
0.00000000e+000
6.74587966e-001
-5.12207384e-001
-1.04366549e+000
4.47260145e-001
1.02572053e+000
9.34887808e-001
6.41198805e-001
-1.64857988e+000
-4.03775934e-001
2.46565243e-002
-3.07932085e+000
0.00000000e+000
0.00000000e+000
0.00000000e+000
6.34689086e-001
2.07169125e+000
-1.73499222e-001
-1.48612536e-001
-2.14333755e+000
1.22808657e-001
-6.34268088e-001
7.01998328e-001
-1.41845293e+000
0.00000000e+000
7.44213568e-001
8.63461030e-001
-1.10122974e+000
2.72297227e-001
-1.22192971e+000
2.52207021e-001
-1.13977403e-001
-1.93863257e+000
-3.21153689e-001
4.72406421e-001
5 2
-1.3149e-001 -2.9056e-001
3 -1
0 1 4 
217
5.95361133e-001
6.01364515e-001
-4.84499595e-001
5.25371301e-002
8.73214492e-002
1.45531104e-001
4.44900798e-001
-5.44506370e-001
-1.28376755e-001
-9.10765241e-002
-1.71586979e-001
2.91825261e-002
3.63102619e-001
8.64702469e-002
0.00000000e+000
0.00000000e+000
0.00000000e+000
0.00000000e+000
0.00000000e+000
0.00000000e+000
8.73129175e-002
2.24361969e-002
3.86200916e-001
5.08048215e-001
7.44431507e-003
3.65196895e-001
0.00000000e+000
0.00000000e+000
0.00000000e+000
0.00000000e+000
0.00000000e+000
0.00000000e+000
0.00000000e+000
2.07426449e-001
9.27924732e-002
2.95385559e-001
0.00000000e+000
-5.59682412e-002
4.76367694e-002
6.03692605e-001
0.00000000e+000
0.00000000e+000
0.00000000e+000
0.00000000e+000
0.00000000e+000
-1.64962604e-001
1.08994363e-001
5.06019795e-001
0.00000000e+000
1.19494515e-001
-5.77877540e-001
6.03692605e-001
0.00000000e+000
0.00000000e+000
0.00000000e+000
0.00000000e+000
0.00000000e+000
0.00000000e+000
0.00000000e+000
0.00000000e+000
5.31834859e-001
1.08994363e-001
-4.54680891e-002
5.88794369e-001
-1.05767755e+000
-1.10621587e+000
4.59454878e-001
3.32364496e-001
6.04789432e-001
5.08888423e-001
0.00000000e+000
-3.15658701e-002
-2.99165192e-001
6.55711623e-001
2.07896736e-002
-1.48824010e-002
3.69951691e-001
5.79123902e-001
-1.29072349e-001
7.77945332e-002
4.98467183e-002
-5.67795736e-001
9.54628611e-002
1.58944704e-001
0.00000000e+000
0.00000000e+000
0.00000000e+000
0.00000000e+000
0.00000000e+000
0.00000000e+000
0.00000000e+000
0.00000000e+000
0.00000000e+000
0.00000000e+000
0.00000000e+000
0.00000000e+000
0.00000000e+000
0.00000000e+000
0.00000000e+000
0.00000000e+000
0.00000000e+000
0.00000000e+000
0.00000000e+000
0.00000000e+000
0.00000000e+000
0.00000000e+000
0.00000000e+000
0.00000000e+000
0.00000000e+000
0.00000000e+000
0.00000000e+000
0.00000000e+000
0.00000000e+000
0.00000000e+000
0.00000000e+000
0.00000000e+000
0.00000000e+000
0.00000000e+000
0.00000000e+000
-1.49908140e+000
-3.06066678e+000
-1.54163038e+000
0.00000000e+000
0.00000000e+000
0.00000000e+000
1.50251857e-001
-1.55111860e+000
-1.56830647e-001
-4.09331796e-001
-4.53851655e-001
1.15460818e-001
-1.10865234e-001
1.29146585e+000
2.23940566e-001
0.00000000e+000
6.13064073e-002
-6.47269245e-001
-8.93451432e-001
2.08669013e-001
2.11040595e+000
5.52622183e-001
6.30230002e-001
-9.68796757e-001
-1.18073822e+000
-5.13729446e-001
-4.27094086e-003
0.00000000e+000
0.00000000e+000
0.00000000e+000
1.41355593e-001
3.51087421e-001
4.08534664e-002
4.53367398e-002
-3.89732297e-001
9.30063939e-002
2.99018626e-002
-2.64491358e-001
6.59389619e-002
0.00000000e+000
1.72901464e-001
1.37355000e-001
-3.15140258e-002
8.93635708e-002
-6.42953444e-001
-7.65614302e-002
-1.19398764e-001
-1.63084467e-001
2.30966129e-001
2.85398242e-001
-2.79557090e+000
0.00000000e+000
0.00000000e+000
0.00000000e+000
-3.87932026e-002
1.30561063e+000
-2.05101884e-001
-1.13392257e+000
-3.19682806e-001
2.27119148e-002
-1.42171319e+000
-6.68686177e-002
2.18434047e-001
0.00000000e+000
-1.36297297e-001
2.34203344e+000
-6.52888766e-001
-5.28275969e-001
-1.01986110e+000
-1.64694628e-001
2.87210233e-002
-3.90721527e-001
-1.11522381e+000
4.80963408e-001
1.19353829e-001
0.00000000e+000
0.00000000e+000
0.00000000e+000
1.97363259e-002
4.16282319e-002
-1.24877504e-001
2.05282008e-001
6.76710727e-002
-4.71617941e-002
1.60153361e-001
4.14028860e-002
-6.03004008e-001
0.00000000e+000
4.63980540e-002
1.39831883e-002
-1.75937186e-001
5.28774418e-001
-9.86050650e-002
8.10063474e-002
-6.05735450e-002
-4.62281976e-001
6.82719773e-001
-1.96960758e-001
136
6.32253819e-001
0.00000000e+000
0.00000000e+000
0.00000000e+000
0.00000000e+000
1.08494185e-001
7.71492517e-003
5.23759634e-001
6.07747361e-003
0.00000000e+000
0.00000000e+000
0.00000000e+000
0.00000000e+000
0.00000000e+000
0.00000000e+000
0.00000000e+000
1.21167965e+000
1.00702588e+000
-1.76213100e+000
-4.77847790e-002
-5.78130374e-002
1.06852278e-001
6.30999357e-001
0.00000000e+000
0.00000000e+000
0.00000000e+000
0.00000000e+000
-4.77847790e-002
7.78147143e-002
-1.35627752e-001
6.77434054e-001
0.00000000e+000
1.17608404e-001
-6.88190180e-001
6.30999357e-001
0.00000000e+000
0.00000000e+000
0.00000000e+000
0.00000000e+000
0.00000000e+000
0.00000000e+000
0.00000000e+000
0.00000000e+000
0.00000000e+000
0.00000000e+000
0.00000000e+000
-1.20267947e-002
-8.59575916e-001
6.15131674e-001
-1.16368766e-001
-1.89088154e+000
0.00000000e+000
6.74892228e-002
7.56151659e-001
2.24156393e-001
-1.26113812e+000
1.22303592e-001
4.49532646e-001
-3.93451148e-001
2.15122395e-001
8.80024152e-002
-1.35627752e-001
1.95423119e-001
0.00000000e+000
0.00000000e+000
0.00000000e+000
0.00000000e+000
0.00000000e+000
0.00000000e+000
0.00000000e+000
0.00000000e+000
0.00000000e+000
0.00000000e+000
0.00000000e+000
0.00000000e+000
0.00000000e+000
0.00000000e+000
0.00000000e+000
0.00000000e+000
0.00000000e+000
0.00000000e+000
0.00000000e+000
0.00000000e+000
0.00000000e+000
0.00000000e+000
0.00000000e+000
-1.14518815e+000
-3.25707379e+000
-1.34235260e+000
0.00000000e+000
0.00000000e+000
0.00000000e+000
4.30868150e-001
-2.23486514e+000
3.16436650e-001
-2.79149791e-001
-1.25410149e+000
5.05234375e-001
1.05528017e-001
1.36870457e+000
-7.50388973e-001
0.00000000e+000
6.92786689e-001
-2.23680994e-001
-1.01328581e+000
6.11448458e-001
1.04177325e+000
8.77900896e-001
5.11669951e-001
-1.70460669e+000
-3.75719082e-001
3.10943715e-002
-3.96572673e+000
0.00000000e+000
0.00000000e+000
0.00000000e+000
3.98414030e-001
2.78661854e+000
-3.68977969e-001
-2.65507717e-001
-1.78351641e+000
-3.82830732e-001
-9.82394495e-001
5.05610684e-001
4.29302671e-001
0.00000000e+000
2.83430676e-001
3.74109110e+000
-1.96742389e+000
-7.31794548e-001
-1.10858902e+000
1.42501413e-001
-4.31305537e-002
-3.28761373e+000
-1.55686991e+000
2.25953136e-001
20 2
-1.9056e-001 -2.7382e-001
4 5
0 1 4 5 
217
9.69618499e-001
4.86728641e-001
-7.38528022e-001
4.08973789e-004
6.07600945e-001
4.20589137e-001
3.05516840e-001
-3.23498781e-001
-3.52071792e-002
1.30410307e-001
2.25987293e-002
4.07916237e-001
6.91091648e-002
3.68381844e-001
0.00000000e+000
0.00000000e+000
0.00000000e+000
0.00000000e+000
0.00000000e+000
0.00000000e+000
0.00000000e+000
0.00000000e+000
0.00000000e+000
3.30853948e-001
3.54599068e-003
2.72259589e-001
0.00000000e+000
0.00000000e+000
0.00000000e+000
0.00000000e+000
0.00000000e+000
0.00000000e+000
0.00000000e+000
3.68249902e-001
2.42328829e-001
3.59699837e-001
0.00000000e+000
-3.87823934e-001
6.15801237e-001
1.82815939e-001
5.58825257e-001
0.00000000e+000
0.00000000e+000
0.00000000e+000
0.00000000e+000
-8.94501269e-002
-2.98373807e-001
1.39367217e-001
0.00000000e+000
-4.01040913e-001
-6.18019888e-002
1.58618558e+000
0.00000000e+000
-1.28288936e-001
1.06756586e+000
1.75464498e-002
0.00000000e+000
3.95226552e-001
0.00000000e+000
5.58825257e-001
6.90917489e-001
7.69192050e-001
-4.90491040e-001
3.04299149e-001
-1.41305173e+000
-8.57527997e-001
9.00087363e-001
4.25107098e-001
1.17828371e+000
4.33126268e-001
0.00000000e+000
-2.23553424e-001
-7.22156289e-001
7.14708066e-001
-2.67177288e-002
4.78463856e-001
4.88169200e-001
6.64037079e-001
4.43295748e-002
1.64489330e-002
2.86324867e-001
-9.45200832e-001
-2.50730221e-002
8.73626064e-002
0.00000000e+000
8.74885957e-001
-4.51153607e-001
6.51344768e-002
-1.94631896e-001
2.95980655e-002
7.27000338e-001
0.00000000e+000
0.00000000e+000
0.00000000e+000
0.00000000e+000
0.00000000e+000
0.00000000e+000
0.00000000e+000
0.00000000e+000
0.00000000e+000
0.00000000e+000
0.00000000e+000
0.00000000e+000
0.00000000e+000
0.00000000e+000
0.00000000e+000
0.00000000e+000
0.00000000e+000
0.00000000e+000
0.00000000e+000
0.00000000e+000
0.00000000e+000
0.00000000e+000
0.00000000e+000
0.00000000e+000
0.00000000e+000
0.00000000e+000
0.00000000e+000
0.00000000e+000
-1.24562525e+000
-3.64327250e+000
-1.20007362e+000
0.00000000e+000
0.00000000e+000
0.00000000e+000
5.31422270e-001
-1.14753951e+000
-2.81466236e-001
-9.78510734e-002
-4.48982305e-001
-1.29759952e-001
4.72070835e-001
7.21452936e-001
6.49203409e-002
0.00000000e+000
1.55485742e-001
-2.51783123e-001
-1.15035683e+000
1.46274807e-001
5.52593624e-001
5.17176401e-001
3.95016490e-001
-1.34018973e+000
-8.56298276e-002
1.77071525e-001
-3.01404885e-002
0.00000000e+000
0.00000000e+000
0.00000000e+000
6.20925744e-002
6.84036619e-002
1.09385127e-001
-5.68781962e-002
-3.12750179e-001
1.27958143e-001
-1.72113294e-001
-1.03783638e-001
-3.82818405e-002
0.00000000e+000
2.34013364e-001
-3.86510358e-002
8.50559266e-002
1.43358258e-001
-7.30390737e-002
-1.66316233e-002
2.00757608e-002
-5.50126235e-002
-1.12640934e-001
9.92991327e-002
-2.61082728e+000
0.00000000e+000
0.00000000e+000
0.00000000e+000
8.61544829e-002
1.78060493e+000
-9.99646510e-001
-8.58682837e-001
-2.73356781e-001
3.57222537e-001
-1.12695839e+000
2.67335849e-001
-1.30039212e+000
0.00000000e+000
-2.58280834e-001
1.82569787e+000
-4.34034669e-001
6.42334152e-002
-1.31101892e+000
-2.62281214e-002
1.01248155e-001
-1.14362387e-001
-1.69812561e-001
-2.20550395e-001
-1.07453616e-001
0.00000000e+000
0.00000000e+000
0.00000000e+000
-3.55129898e-002
-9.57972547e-002
5.48366785e-002
2.12743602e-001
-1.80754576e-001
-3.71564054e-001
1.83402814e-002
-7.69134553e-002
2.74887930e-001
0.00000000e+000
1.62711421e-001
1.92128915e-001
-2.54048399e-001
3.77101945e-001
2.60217609e-002
-1.75573697e-002
-3.44603231e-002
-6.57062549e-001
2.08874859e-001
8.85699630e-002
136
5.33458946e-001
0.00000000e+000
0.00000000e+000
0.00000000e+000
0.00000000e+000
1.11875926e-001
7.55808748e-003
4.21583020e-001
5.92013821e-003
0.00000000e+000
0.00000000e+000
0.00000000e+000
0.00000000e+000
0.00000000e+000
0.00000000e+000
0.00000000e+000
7.82891393e-001
5.81897800e-001
-8.70840512e-001
1.50798399e-001
-1.40581389e-001
1.74951646e-001
2.08150859e-001
1.40139431e-001
0.00000000e+000
0.00000000e+000
0.00000000e+000
1.50798399e-001
-7.91698140e-002
-6.14115749e-002
4.52380124e-001
0.00000000e+000
-3.30374139e-001
-3.89105534e-001
7.72330378e-001
0.00000000e+000
4.07971738e-002
4.01254022e-001
-3.19384991e-001
0.00000000e+000
3.46214841e-001
-5.91009368e-001
1.40139431e-001
0.00000000e+000
0.00000000e+000
0.00000000e+000
2.53147799e-001
-7.42621855e-001
6.15971072e-001
7.59118400e-002
-2.00713364e+000
0.00000000e+000
1.08311156e-001
7.25668115e-001
1.68644517e-001
-1.10773664e+000
1.64248413e-001
4.21014925e-001
-3.97755066e-001
2.53084222e-001
1.84298089e-001
3.39842447e-001
1.05903884e-001
-6.49416978e-002
-8.43855513e-002
-5.34708722e-002
0.00000000e+000
0.00000000e+000
0.00000000e+000
0.00000000e+000
0.00000000e+000
0.00000000e+000
0.00000000e+000
0.00000000e+000
0.00000000e+000
0.00000000e+000
0.00000000e+000
0.00000000e+000
0.00000000e+000
0.00000000e+000
0.00000000e+000
0.00000000e+000
0.00000000e+000
0.00000000e+000
0.00000000e+000
0.00000000e+000
-1.19270702e+000
-3.12744888e+000
-1.35086468e+000
0.00000000e+000
0.00000000e+000
0.00000000e+000
4.40758457e-001
-1.82605423e+000
2.79861296e-001
-2.92347099e-001
-1.27053614e+000
4.81537952e-001
5.33313788e-002
1.27826839e+000
-5.56884038e-001
0.00000000e+000
6.35410174e-001
-2.03976845e-001
-1.05680783e+000
5.91846770e-001
9.65340235e-001
8.34873544e-001
4.43463533e-001
-1.75209994e+000
-3.91649315e-001
-5.20097239e-003
-3.66716995e+000
0.00000000e+000
0.00000000e+000
0.00000000e+000
3.19799851e-001
2.59010504e+000
-4.18090425e-001
-3.64719616e-001
-1.54587210e+000
-4.41383833e-001
-9.99427495e-001
3.72110025e-001
6.34790276e-002
0.00000000e+000
1.51509310e-001
3.52440429e+000
-1.99905060e+000
-3.47325159e-001
-1.09315355e+000
1.32206185e-001
-7.46341591e-002
-2.74134294e+000
-9.36092294e-001
1.40308472e-001
17 2
-2.7265e-001 -2.1693e-001
5 5
0 1 4 5 20 
217
1.13867358e+000
5.32739661e-001
-8.54064633e-001
1.76478495e-001
6.31444420e-001
6.29831911e-001
4.19787861e-001
-1.69686849e-001
1.15356081e-001
-4.57027555e-002
4.50692636e-002
1.09944858e-001
-7.29840470e-002
6.73153456e-002
0.00000000e+000
0.00000000e+000
0.00000000e+000
0.00000000e+000
0.00000000e+000
0.00000000e+000
3.62413530e-001
-2.57279639e-002
9.99607800e-001
7.76260048e-001
4.80220822e-003
8.58663355e-002
0.00000000e+000
0.00000000e+000
0.00000000e+000
0.00000000e+000
0.00000000e+000
0.00000000e+000
0.00000000e+000
2.95522313e-001
1.71204046e-001
2.60038116e-001
0.00000000e+000
-2.87376573e-001
2.15355878e-003
5.43769000e-001
5.32443844e-001
3.47683748e-001
0.00000000e+000
0.00000000e+000
0.00000000e+000
-9.32208604e-001
-4.09569358e-001
6.91685611e-001
0.00000000e+000
-5.81785128e-001
5.14918022e-001
1.40775554e+000
0.00000000e+000
5.75185079e-001
1.00790946e+000
-2.31227828e-001
0.00000000e+000
5.84168645e-001
0.00000000e+000
8.11176339e-001
1.04633182e-001
5.98340103e-001
4.35700293e-001
2.64944987e-001
-1.45102106e+000
-7.33227361e-001
1.03473422e+000
4.88262036e-001
1.29001544e+000
5.15907091e-001
0.00000000e+000
-3.54640007e-001
-6.34284903e-001
8.98092749e-001
-1.24067934e-001
5.95220837e-001
5.58281693e-001
6.76221178e-001
2.55531837e-002
-1.72519235e-001
3.67610065e-001
-7.87840068e-001
6.92891510e-002
9.81608098e-002
0.00000000e+000
6.90796084e-001
-3.33391284e-001
2.85308607e-001
-1.66704965e-001
1.62568887e-001
5.73035897e-001
0.00000000e+000
6.25081866e-001
-8.86187592e-002
2.32673152e-001
2.09535709e-001
2.80918559e-001
-3.55648184e-001
0.00000000e+000
0.00000000e+000
0.00000000e+000
0.00000000e+000
0.00000000e+000
0.00000000e+000
0.00000000e+000
0.00000000e+000
0.00000000e+000
0.00000000e+000
0.00000000e+000
0.00000000e+000
0.00000000e+000
0.00000000e+000
0.00000000e+000
0.00000000e+000
0.00000000e+000
0.00000000e+000
0.00000000e+000
0.00000000e+000
0.00000000e+000
-1.38196825e+000
-3.64876360e+000
-1.49538804e+000
0.00000000e+000
0.00000000e+000
0.00000000e+000
5.30400588e-001
-1.70333448e+000
-4.06383160e-001
4.93894766e-001
-8.49360020e-002
2.48930905e-001
1.82220651e-001
8.52159577e-001
2.29980546e-001
0.00000000e+000
-1.01854635e-001
-5.86430285e-001
-1.41304135e+000
3.90669295e-001
1.02313165e+000
5.48909882e-001
3.24097235e-002
-1.61905657e+000
-1.57272830e-001
4.42136862e-002
6.11800320e-002
0.00000000e+000
0.00000000e+000
0.00000000e+000
7.75778911e-002
2.36710045e-001
6.61886389e-002
-2.98267389e-001
-4.87796366e-001
2.36563936e-002
-6.75032116e-002
-1.34150291e-001
-7.39541780e-002
0.00000000e+000
3.11938182e-001
1.02479755e-001
1.28841845e-001
3.38320689e-002
-2.02198150e-001
-1.44962349e-002
1.50084630e-001
9.36201575e-003
-2.84923322e-002
2.27366719e-001
-3.05093579e+000
0.00000000e+000
0.00000000e+000
0.00000000e+000
1.87065265e-001
1.41609054e+000
-6.15029469e-001
-1.34378356e+000
-3.33726595e-001
6.04202449e-001
-4.77371592e-001
-2.03463735e-001
-5.64817224e-001
0.00000000e+000
-8.01638201e-001
2.21723151e+000
-6.96305752e-001
4.45030690e-001
-9.01968088e-001
-6.53610113e-001
-4.42416415e-001
-2.11382446e-001
-6.96318282e-001
2.12752239e-002
2.04522500e-002
0.00000000e+000
0.00000000e+000
0.00000000e+000
-6.82268342e-002
3.68838088e-002
-1.08976445e-002
3.45765612e-001
-1.10256754e-001
-3.44101562e-001
-1.47842464e-001
1.22131881e-001
-9.85157545e-002
0.00000000e+000
3.82649795e-001
-2.39576761e-002
-2.04023376e-001
1.16941882e-001
-1.16557414e-001
2.04383990e-001
1.94568791e-001
-6.60143413e-001
3.37847253e-001
6.38021309e-002
136
3.98936773e-001
0.00000000e+000
0.00000000e+000
0.00000000e+000
0.00000000e+000
6.45240286e-002
8.64401929e-003
3.34412745e-001
5.71876921e-003
0.00000000e+000
0.00000000e+000
0.00000000e+000
0.00000000e+000
0.00000000e+000
0.00000000e+000
0.00000000e+000
7.07447653e-001
5.23191979e-001
-8.50454148e-001
1.22903834e-001
-1.35172196e-001
-3.70990847e-002
2.21873520e-001
2.67263624e-001
-4.08329238e-002
0.00000000e+000
0.00000000e+000
1.22903834e-001
-3.72027794e-001
-2.12510374e-001
5.31278248e-001
0.00000000e+000
-3.04696167e-001
-1.75801044e-001
7.70713995e-001
0.00000000e+000
3.09011952e-001
5.03639313e-001
-4.12776710e-001
0.00000000e+000
2.52302422e-001
-6.23171954e-001
1.00710531e-002
0.00000000e+000
0.00000000e+000
0.00000000e+000
2.95850014e-001
-6.80790239e-001
6.20981167e-001
8.90822552e-002
-1.73403422e+000
0.00000000e+000
1.12940533e-002
7.29730850e-001
1.78823188e-001
-1.13892087e+000
1.08398195e-001
3.61120274e-001
-4.04749190e-001
1.99981807e-001
1.25749697e-001
2.91128939e-001
3.36284967e-001
-3.92488307e-003
-6.34449856e-002
-6.58820401e-002
0.00000000e+000
2.21610608e-001
1.52508984e-001
-1.13373117e-001
1.07420993e-001
0.00000000e+000
0.00000000e+000
0.00000000e+000
0.00000000e+000
0.00000000e+000
0.00000000e+000
0.00000000e+000
0.00000000e+000
0.00000000e+000
0.00000000e+000
0.00000000e+000
0.00000000e+000
0.00000000e+000
0.00000000e+000
0.00000000e+000
-1.24469771e+000
-3.06488240e+000
-1.37262693e+000
0.00000000e+000
0.00000000e+000
0.00000000e+000
4.13779664e-001
-1.81839117e+000
2.69294784e-001
-2.62013708e-001
-1.24189167e+000
4.95515040e-001
8.68149217e-002
1.22705281e+000
-5.85791794e-001
0.00000000e+000
6.31487642e-001
-2.11182900e-001
-1.06277521e+000
5.75445644e-001
9.39037559e-001
8.24880220e-001
4.81221734e-001
-1.69842535e+000
-4.27312893e-001
-9.37224644e-003
-3.62421712e+000
0.00000000e+000
0.00000000e+000
0.00000000e+000
2.84183244e-001
2.57737717e+000
-4.54716363e-001
-3.51344596e-001
-1.54638099e+000
-4.90252098e-001
-1.04505404e+000
3.79313340e-001
1.01864017e-001
0.00000000e+000
1.54454182e-001
3.53500560e+000
-1.96514476e+000
-3.32331126e-001
-1.14049648e+000
1.20503097e-001
-9.42449053e-002
-2.57011429e+000
-9.15485548e-001
1.28647426e-001
2 1
-5.4746e-001 -1.2786e-001
6 1
0 1 4 5 20 17 
217
1.07511072e+000
-4.99777296e-001
-3.86728964e-001
-7.75938730e-001
-3.86013438e-002
6.02470815e-001
5.68418500e-001
2.65549650e-002
5.59829566e-001
-4.32244475e-001
2.12527924e-001
-2.90299252e-001
-2.27063923e-001
-3.58800299e-001
-2.63333316e-003
-3.72431993e-003
4.79618404e-001
6.50707938e-002
-1.98144429e-003
3.96951814e-001
3.96910692e-001
1.15463403e-003
1.23413951e-001
6.15762569e-001
3.98756360e-004
-3.48967053e-002
0.00000000e+000
0.00000000e+000
0.00000000e+000
0.00000000e+000
0.00000000e+000
0.00000000e+000
0.00000000e+000
1.87189195e-001
4.99957339e-001
3.95196301e-001
0.00000000e+000
-5.47971249e-002
-1.21893860e-001
3.28737907e-001
5.41176241e-001
2.97052433e-001
8.48351269e-002
0.00000000e+000
0.00000000e+000
-4.57773216e-001
-5.03518727e-001
8.75068897e-001
0.00000000e+000
-3.43832208e-001
-1.19054617e-001
1.23389539e+000
0.00000000e+000
3.78107001e-001
6.82392334e-001
-3.29205874e-001
0.00000000e+000
-2.21882266e-001
-5.68648274e-001
4.49562286e-001
3.17183143e-001
1.78873607e-001
5.79053972e-001
7.52082696e-001
-1.26091198e+000
-1.42844059e+000
8.99246390e-001
2.04595788e-003
6.84693616e-001
1.15591939e+000
0.00000000e+000
-6.54495411e-001
-8.78039199e-001
1.17039351e+000
-6.16392049e-002
5.50097906e-001
6.74423437e-001
3.86875650e-001
2.58194765e-001
2.21624983e-001
3.20468170e-001
-4.99070242e-001
1.09572137e-001
-1.33822197e-001
0.00000000e+000
6.84785517e-001
4.85548480e-002
2.27671750e-001
-6.25778875e-003
1.62653455e-001
-7.23175156e-001
0.00000000e+000
6.61469999e-001
4.39543743e-001
7.68986776e-002
1.32948771e-001
3.36742045e-001
4.64773311e-002
0.00000000e+000
7.66941612e-001
1.33299743e-002
1.64160256e-001
-6.81864475e-003
1.44008855e-001
2.81536402e-003
0.00000000e+000
0.00000000e+000
0.00000000e+000
0.00000000e+000
0.00000000e+000
0.00000000e+000
0.00000000e+000
0.00000000e+000
0.00000000e+000
0.00000000e+000
0.00000000e+000
0.00000000e+000
0.00000000e+000
0.00000000e+000
-1.46691987e+000
-3.39832103e+000
-1.31552850e+000
0.00000000e+000
0.00000000e+000
0.00000000e+000
3.02793816e-001
-8.44618027e-001
2.19188779e-002
-5.92139185e-001
-6.40611569e-001
6.92620465e-001
2.47305164e-001
9.52761404e-001
-2.06815086e-001
0.00000000e+000
3.25414652e-001
7.99607989e-002
-9.32995544e-001
1.36206859e-001
4.16453796e-001
6.73551734e-001
6.50710824e-001
-1.53370178e+000
-9.26874127e-001
-1.37471572e-001
-1.63035533e-001
0.00000000e+000
0.00000000e+000
0.00000000e+000
2.54869813e-001
-8.31160882e-001
-2.35185477e-001
3.41471734e-001
-5.35695068e-001
-6.39467796e-002
-3.81856623e-002
-2.10541422e-001
-2.74088479e-002
0.00000000e+000
4.71090031e-001
-3.39185763e-001
-1.27047306e-001
1.72967416e-001
-2.94564783e-001
-3.09883016e-002
7.04423617e-002
2.10459438e-001
5.03733711e-001
5.45840254e-001
-3.00053668e+000
0.00000000e+000
0.00000000e+000
0.00000000e+000
-3.85929909e-002
2.62938371e+000
-8.61218927e-001
-4.79123798e-001
-4.99993874e-001
-3.88047030e-001
-1.65450922e+000
3.00473071e-001
-2.09697071e-001
0.00000000e+000
-9.45751103e-001
3.64513704e+000
-1.37015282e+000
-4.59063265e-002
-1.78336414e+000
-7.18676594e-005
4.05543965e-001
-8.31791969e-001
-1.84491391e-001
-6.88361927e-001
-1.35691344e-001
0.00000000e+000
0.00000000e+000
0.00000000e+000
8.11367412e-002
-4.73542750e-002
1.98093629e-001
-6.19425156e-002
-3.92274975e-001
7.55364845e-002
2.42085805e-001
-7.11096122e-002
-6.26993995e-002
0.00000000e+000
4.76173737e-001
-4.66927459e-001
-9.11090110e-002
2.90368457e-001
5.14196419e-001
3.97761743e-002
-3.47058932e-001
-8.73049523e-001
-1.39981859e-001
5.00448771e-001
136
5.20784066e-001
-2.64833204e-001
1.20473576e-002
2.86914938e-001
-1.20571395e-003
1.88816818e-001
6.96704688e-004
3.09885515e-001
5.45065579e-006
0.00000000e+000
0.00000000e+000
0.00000000e+000
0.00000000e+000
0.00000000e+000
0.00000000e+000
0.00000000e+000
5.55077789e-001
3.13110593e-001
-4.09451643e-001
3.24494856e-001
-1.08198897e-001
-1.76791997e-001
1.24970741e-001
6.77844120e-001
-2.01221764e-001
-1.20312993e-001
0.00000000e+000
3.24494856e-001
-4.79607416e-001
-2.88571710e-001
5.51298747e-001
0.00000000e+000
-2.39365305e-001
5.02086146e-002
6.95258723e-001
0.00000000e+000
3.44081479e-001
7.18911998e-001
-5.00191211e-001
0.00000000e+000
2.61177149e-001
-5.51208541e-001
-3.65703316e-001
0.00000000e+000
0.00000000e+000
0.00000000e+000
5.69319091e-001
-3.15483874e-001
6.32749012e-001
2.15828432e-001
-1.92631702e+000
0.00000000e+000
1.97891513e-001
6.84429311e-001
1.93535919e-001
-1.14767600e+000
3.08087156e-001
3.62329585e-001
-3.90765413e-001
1.96475236e-001
8.12437830e-002
4.30340287e-001
2.01599011e-001
1.10626293e-001
-2.05052901e-001
-1.51392403e-001
0.00000000e+000
2.02620127e-001
1.01542456e-001
-1.02737808e-001
-3.25289584e-001
0.00000000e+000
2.76816006e-001
1.02773491e-001
-3.75239088e-002
1.91303302e-001
0.00000000e+000
0.00000000e+000
0.00000000e+000
0.00000000e+000
0.00000000e+000
0.00000000e+000
0.00000000e+000
0.00000000e+000
0.00000000e+000
0.00000000e+000
-1.24685004e+000
-3.02108240e+000
-1.31679790e+000
0.00000000e+000
0.00000000e+000
0.00000000e+000
4.33202808e-001
-1.57962924e+000
3.95768708e-001
-2.23105320e-001
-1.20228846e+000
5.01616111e-001
3.47313829e-002
1.27991026e+000
-5.77719383e-001
0.00000000e+000
5.68930403e-001
-1.73178826e-001
-1.04387962e+000
5.60693782e-001
1.12190457e+000
7.64130979e-001
2.90383454e-001
-1.87904112e+000
-4.85928744e-001
-1.03299646e-001
-3.50627212e+000
0.00000000e+000
0.00000000e+000
0.00000000e+000
2.42719093e-001
2.40040743e+000
-5.36440450e-001
-3.46158659e-001
-1.27218408e+000
-7.31363670e-001
-9.86819698e-001
3.11149363e-001
-9.30850487e-002
0.00000000e+000
1.98842210e-001
3.36977475e+000
-1.93394433e+000
-1.46020701e-001
-1.36696806e+000
5.41598155e-002
-6.58898077e-002
-2.27181387e+000
-3.64837050e-001
3.22006535e-002
8 1
-5.7332e-001 -1.2785e-001
7 1
0 1 4 5 20 17 2 
217
9.70248357e-001
-4.23579025e-001
-2.97355451e-001
4.41479685e-002
1.69358118e-001
2.73018210e-001
4.49827863e-001
6.45008933e-002
4.15534721e-001
-2.25943400e-001
-1.30007884e-001
2.15290580e-002
6.55355398e-002
3.14198377e-001
-7.44911272e-002
-1.84507863e-002
8.99669935e-001
1.35283261e-001
-2.10091074e-003
4.51430490e-001
3.61067478e-001
2.28836497e-003
1.37013207e-001
5.48388745e-001
2.34708175e-004
1.12205318e-001
0.00000000e+000
0.00000000e+000
0.00000000e+000
0.00000000e+000
0.00000000e+000
0.00000000e+000
0.00000000e+000
1.93086609e-001
3.11841795e-001
5.19039241e-001
0.00000000e+000
-3.99829172e-001
4.79315951e-002
1.91187435e-001
5.13020107e-001
4.95171164e-001
5.35505402e-002
6.92166881e-002
0.00000000e+000
-2.63045947e-001
-4.09423370e-001
8.14648890e-001
0.00000000e+000
-5.97330950e-001
-2.36634108e-001
1.35199973e+000
0.00000000e+000
2.74679276e-001
4.60683920e-001
-2.73060291e-001
0.00000000e+000
-5.85856401e-002
-5.91481439e-001
4.97798287e-001
-8.28612501e-002
5.12605500e-002
1.00184906e+000
4.60695956e-001
-1.23755095e+000
-1.77668441e+000
1.00959788e+000
-5.86903428e-002
7.37505477e-001
1.21552186e+000
0.00000000e+000
-6.44096302e-001
-9.03900914e-001
1.21201891e+000
-1.90437888e-002
4.02512708e-001
5.62234282e-001
4.88920836e-001
1.15561642e-001
-1.49948351e-001
2.94292346e-001
-4.87671525e-001
7.14735334e-002
-8.41599155e-002
0.00000000e+000
6.60214244e-001
1.10542763e-001
3.60676801e-002
7.51193096e-002
2.73966433e-001
-3.00154831e-001
0.00000000e+000
6.17918660e-001
4.06371761e-001
1.18965469e-001
1.35009251e-001
2.33364228e-001
-2.77733111e-001
0.00000000e+000
6.47382791e-001
-4.20710996e-002
1.09012496e-001
1.66947374e-002
2.13853069e-001
7.62331044e-002
0.00000000e+000
7.95259557e-002
-6.60124145e-001
4.95495868e-001
-1.89317489e-001
3.95226533e-001
-1.45026922e-001
0.00000000e+000
0.00000000e+000
0.00000000e+000
0.00000000e+000
0.00000000e+000
0.00000000e+000
0.00000000e+000
-1.43876169e+000
-3.49358262e+000
-1.19145083e+000
0.00000000e+000
0.00000000e+000
0.00000000e+000
3.71601070e-001
-7.16539149e-001
2.24213402e-001
-9.33489147e-002
-6.43111794e-001
5.04722832e-001
5.05827919e-002
6.17157123e-001
8.12165202e-003
0.00000000e+000
2.11600577e-001
1.16784011e-001
-9.22114384e-001
2.25481068e-001
3.72890943e-001
5.43679710e-001
1.54342662e-001
-1.50043399e+000
-7.00188751e-001
-1.68916849e-002
-2.05058396e-001
0.00000000e+000
0.00000000e+000
0.00000000e+000
2.24690579e-001
-6.72272511e-001
-5.98653038e-002
4.61889925e-002
-3.35136527e-001
-8.37851925e-002
7.88476204e-002
-5.86355231e-002
-1.63696845e-001
0.00000000e+000
4.61489445e-001
-3.99874807e-001
-1.62610300e-001
1.93250222e-001
-3.71806139e-001
-3.66910945e-002
1.90116835e-001
1.57852330e-001
3.43772127e-001
4.43107698e-001
-3.01860374e+000
0.00000000e+000
0.00000000e+000
0.00000000e+000
-4.29601772e-001
2.86650339e+000
-6.73207700e-001
-4.11600713e-001
-4.29157748e-001
-1.70812362e-001
-1.69571605e+000
2.85446181e-001
-2.39034778e-001
0.00000000e+000
-1.29804825e+000
3.31435188e+000
-1.66175966e+000
3.36608306e-002
-1.49673489e+000
-7.55410286e-002
2.42923324e-001
-7.56017335e-001
-6.32471896e-002
-3.61009865e-001
-1.65846347e-001
0.00000000e+000
0.00000000e+000
0.00000000e+000
2.74760713e-001
-2.32089703e-001
-2.65031902e-002
-1.62894448e-001
-3.62201570e-001
-5.94800660e-002
-5.13672416e-002
-1.87782117e-002
-1.06087683e-002
0.00000000e+000
6.86175525e-001
-2.43974250e-001
5.09994058e-002
3.23081537e-001
3.50999006e-001
1.16657802e-001
-2.72141920e-001
-7.68606554e-001
-9.76112008e-002
3.37736787e-001
136
3.95750681e-001
-2.11740687e-001
9.91669609e-003
1.99481435e-001
-9.71239466e-004
1.28320023e-001
8.94136627e-004
2.79689909e-001
-9.52720374e-006
0.00000000e+000
0.00000000e+000
0.00000000e+000
0.00000000e+000
0.00000000e+000
0.00000000e+000
0.00000000e+000
5.01743506e-001
3.00667601e-001
-4.66567352e-001
4.04702343e-001
-2.27632671e-001
-1.94277558e-001
-1.46337844e-002
5.15191074e-001
2.26959854e-001
-9.79464206e-002
-2.16612156e-001
4.04702343e-001
-3.02184297e-001
-2.19215125e-001
3.33980391e-001
0.00000000e+000
-2.45327992e-001
-2.64200725e-002
5.98771906e-001
0.00000000e+000
2.80321106e-001
7.15381558e-001
-6.26283857e-001
0.00000000e+000
1.79835668e-001
-4.21534205e-001
-2.76276743e-001
0.00000000e+000
0.00000000e+000
0.00000000e+000
6.35848655e-001
-1.82934155e-001
5.87083172e-001
2.95785300e-001
-1.60015962e+000
0.00000000e+000
2.76530721e-001
6.54014070e-001
2.47940251e-001
-1.07027113e+000
2.65096821e-001
3.21605298e-001
-4.54485014e-001
2.05325553e-001
1.99091555e-001
4.96166433e-001
-3.65210991e-003
6.60618182e-002
-2.42119426e-001
-1.70663090e-001
0.00000000e+000
2.07070784e-001
1.00373071e-001
-1.10412497e-001
-2.63119491e-001
0.00000000e+000
2.56355078e-001
6.85101385e-002
-4.63548497e-002
9.11911494e-002
0.00000000e+000
-2.59525049e-002
-4.91669181e-002
2.16880492e-001
-8.34738099e-001
0.00000000e+000
0.00000000e+000
0.00000000e+000
0.00000000e+000
0.00000000e+000
-1.20012001e+000
-3.03473692e+000
-1.28979235e+000
0.00000000e+000
0.00000000e+000
0.00000000e+000
4.38098756e-001
-1.72641037e+000
2.99486303e-001
-2.09884772e-001
-1.32068671e+000
4.71522212e-001
4.78403195e-002
1.31196647e+000
-5.58911643e-001
0.00000000e+000
6.11651912e-001
-9.85758250e-002
-1.02119244e+000
5.25989773e-001
1.18135842e+000
8.07972416e-001
3.85449843e-001
-1.88326358e+000
-4.90076645e-001
-6.21267881e-002
-3.49430955e+000
0.00000000e+000
0.00000000e+000
0.00000000e+000
3.08412256e-001
2.41940372e+000
-5.38178431e-001
-2.59105357e-001
-1.29120459e+000
-7.55911878e-001
-7.80107680e-001
2.92767372e-001
-1.67894522e-001
0.00000000e+000
1.48622664e-001
3.39600456e+000
-1.89688674e+000
-2.28588628e-001
-1.49558014e+000
9.16663266e-002
-3.59273221e-002
-2.20471029e+000
-5.34388947e-001
3.72980765e-002
7 1
-5.1675e-001 -9.9252e-002
8 0
0 1 4 5 20 17 2 8 
217
6.74329690e-001
-2.52531174e-001
-5.11594696e-002
-1.84427355e-002
7.40777505e-001
-2.27534354e-001
6.09000507e-001
-5.55409909e-001
8.31285969e-002
-5.11942944e-001
-6.49036252e-001
7.13804997e-001
0.00000000e+000
0.00000000e+000
1.21144929e+000
-2.36560696e-002
-2.12692804e-001
2.26974196e-001
9.80377379e-003
-4.98522960e-001
0.00000000e+000
0.00000000e+000
0.00000000e+000
0.00000000e+000
0.00000000e+000
0.00000000e+000
0.00000000e+000
0.00000000e+000
0.00000000e+000
0.00000000e+000
0.00000000e+000
0.00000000e+000
0.00000000e+000
7.04489508e-001
5.70545009e-001
0.00000000e+000
0.00000000e+000
2.81445123e-001
-5.03652641e-002
-8.26526008e-002
1.37028288e-002
2.84281291e-001
2.21319306e-001
6.59900625e-003
0.00000000e+000
-4.53331467e-001
1.59021753e-002
4.91285447e-001
0.00000000e+000
-2.19360288e-001
-5.89759188e-001
9.31145816e-001
0.00000000e+000
1.38454050e-001
1.28592788e-001
4.70757826e-002
0.00000000e+000
-7.46421687e-002
-4.40768712e-001
6.99735454e-001
6.91386069e-001
1.44494963e-001
-1.61551342e-001
0.00000000e+000
-8.86032937e-001
-1.60779479e+000
7.71132771e-001
8.05307992e-001
7.89229856e-001
2.41221705e-001
0.00000000e+000
-6.08879873e-001
-1.09824260e+000
8.09731146e-001
-2.54784723e-001
4.73478418e-001
4.50067745e-002
1.23085919e-001
2.44892857e-001
-5.34083146e-002
3.44466938e-001
-4.55778050e-001
-3.81160238e-002
-1.67510518e-001
0.00000000e+000
1.75882497e-001
2.18751877e-003
3.25907269e-002
-2.82462695e-001
4.65856467e-001
6.36284652e-001
0.00000000e+000
5.18379926e-001
4.52300819e-001
1.98064879e-001
3.86603563e-003
-4.21151152e-002
-3.73227599e-001
0.00000000e+000
3.79907967e-001
-3.90268912e-004
2.08423515e-002
-1.59257749e-002
2.73579372e-001
1.65521731e-002
0.00000000e+000
-1.62931575e-001
-5.96055964e-001
5.50650437e-001
2.52477452e-002
2.86610827e-001
-2.58246372e-001
0.00000000e+000
-1.62016759e-001
-3.06424605e-001
6.87306605e-001
-4.28358441e-001
1.49039845e-001
-2.59470690e-001
-1.30088357e+000
-4.01722677e+000
-1.48567116e+000
0.00000000e+000
0.00000000e+000
0.00000000e+000
2.58285767e-001
-7.80235848e-001
2.24113091e-001
-3.85569655e-001
-1.83609824e+000
4.93320702e-001
4.44788796e-002
8.40618867e-001
2.04794716e-001
0.00000000e+000
6.81775853e-001
-2.60701880e-001
-6.02989187e-001
4.14295928e-001
1.03869713e+000
7.86836910e-001
2.96404034e-001
-1.72133499e+000
-9.73922786e-001
-2.08440454e-001
1.48071133e-001
0.00000000e+000
0.00000000e+000
0.00000000e+000
2.33070087e-001
-2.63269375e-001
-1.93782465e-001
1.93918762e-001
3.37174309e-001
-1.93106723e-003
2.22014456e-002
-1.34268146e-001
-2.64829415e-001
0.00000000e+000
1.34545866e-001
4.06349392e-002
-4.73629941e-001
7.81536827e-002
-3.45821515e-001
-1.92184395e-001
4.45525931e-002
1.83468371e-001
4.22372244e-001
3.27695154e-001
-4.11867859e+000
0.00000000e+000
0.00000000e+000
0.00000000e+000
7.70197350e-001
1.74700329e+000
9.04455824e-001
3.18666911e-001
0.00000000e+000
6.75448533e-001
1.84382476e+000
8.07579944e-001
-7.58396470e-002
0.00000000e+000
1.08128638e+000
1.69703498e+000
-7.58990204e-001
0.00000000e+000
-1.33416190e-001
7.22159241e-001
5.41571233e-001
-2.22406018e+000
1.03256949e+000
3.89756805e-001
-8.31193837e-001
0.00000000e+000
0.00000000e+000
0.00000000e+000
1.17514876e+000
5.48698339e-001
9.14195697e-001
8.99224553e-001
0.00000000e+000
1.51827200e+000
-1.21807853e-001
1.07753553e+000
9.09048406e-001
0.00000000e+000
1.02282032e+000
2.58497474e-001
6.29583149e-001
0.00000000e+000
9.91651937e-001
9.90411679e-001
6.70359581e-001
2.33560203e+000
6.65061057e-002
1.54361348e+000
136
1.19456723e+000
7.44645463e-001
-4.51144806e-003
5.24227253e-001
1.80854337e-003
0.00000000e+000
0.00000000e+000
0.00000000e+000
0.00000000e+000
0.00000000e+000
0.00000000e+000
0.00000000e+000
0.00000000e+000
0.00000000e+000
0.00000000e+000
0.00000000e+000
7.81110998e-001
6.15823099e-001
0.00000000e+000
-1.02976266e+000
2.03838987e-001
1.26714676e-001
1.23000359e-001
2.50884970e-001
5.45762930e-001
5.49808029e-001
4.24319937e-001
-1.02976266e+000
3.66763068e-001
-2.63061574e-001
1.75757435e+000
0.00000000e+000
1.62988921e-001
-1.40113772e+000
2.02627973e+000
0.00000000e+000
2.74977806e-001
-4.98409670e-001
7.10124014e-001
0.00000000e+000
2.31188390e-002
-1.93919898e+000
1.00431111e+000
0.00000000e+000
0.00000000e+000
0.00000000e+000
0.00000000e+000
2.08114028e+000
8.02047837e-001
1.41949607e-001
-1.60972839e+000
0.00000000e+000
4.28086511e-002
1.14053878e-001
1.82952598e-001
-1.00344016e+000
4.29835727e-001
8.88369605e-001
-8.20233602e-002
2.91947835e-001
9.60566594e-002
-7.61471244e-001
-3.15165925e-001
-2.76503363e-001
7.99928177e-002
-2.16550793e-001
0.00000000e+000
2.19520855e-001
-1.07416562e-001
3.44022094e-002
-5.83729714e-002
0.00000000e+000
7.69376522e-002
-8.61803287e-002
-6.43976771e-002
1.71232132e-001
0.00000000e+000
-7.45524699e-001
-1.40469568e-001
1.99866637e-002
-6.37240320e-001
0.00000000e+000
-1.23536122e+000
-4.32690392e-001
-2.44004151e-003
-2.03880677e-001
-1.05545065e+000
-3.52170538e+000
-1.24186568e+000
0.00000000e+000
0.00000000e+000
0.00000000e+000
4.82467099e-001
-1.11793084e+000
2.56326720e-001
-6.00578724e-001
-1.14521215e+000
4.49489302e-001
-2.29840544e-001
1.17757844e+000
-1.50863079e-001
0.00000000e+000
5.85233889e-001
-6.02820750e-001
-1.21045536e+000
4.85357958e-001
1.18561872e+000
9.02442228e-001
6.34342079e-001
-1.96589150e+000
-4.56679637e-001
7.95504774e-002
-4.57062715e+000
0.00000000e+000
0.00000000e+000
0.00000000e+000
2.03763948e+000
3.65031225e+000
8.44572639e-001
1.57091070e+000
-4.38581878e-004
1.13139172e+000
1.70409413e+000
2.11864908e+000
9.80302744e-001
0.00000000e+000
2.23491142e+000
2.18189682e+000
5.74739657e-001
1.87535767e+000
5.05964509e-001
1.82897908e+000
1.62007105e+000
-1.02676077e-003
1.04783570e+000
1.99581198e+000
16 1
-8.3990e-001 2.7916e-002
8 0
0 1 4 5 20 17 2 8 
217
1.14882371e+000
-2.16596768e-001
-7.17797268e-001
-3.17546610e-001
4.90049547e-001
-3.60740351e-001
2.69808293e-001
-4.90462808e-001
-2.49961618e-001
9.47253148e-002
1.90958503e-001
-2.05125709e+000
0.00000000e+000
0.00000000e+000
1.11514621e+000
-1.29334746e-002
2.41066430e-001
6.55538780e-001
2.74219995e-003
1.67263757e-001
0.00000000e+000
0.00000000e+000
0.00000000e+000
0.00000000e+000
0.00000000e+000
0.00000000e+000
0.00000000e+000
0.00000000e+000
0.00000000e+000
0.00000000e+000
0.00000000e+000
0.00000000e+000
0.00000000e+000
9.24692785e-001
8.45992202e-001
0.00000000e+000
0.00000000e+000
1.17964492e-001
-1.51851793e-001
-9.97139597e-002
5.95149849e-002
2.29732460e-001
4.95547383e-001
4.97630141e-001
0.00000000e+000
-3.76870350e-001
7.98459943e-002
6.08531676e-001
0.00000000e+000
-2.67420575e-001
-6.33386495e-001
9.64949250e-001
0.00000000e+000
-8.00968062e-002
3.08699496e-001
-1.98442158e-002
0.00000000e+000
3.02967091e-001
-5.39938831e-001
8.01387472e-001
7.77613476e-001
3.88545491e-001
-1.73352587e-002
0.00000000e+000
-7.84779835e-001
-1.43578943e+000
9.62688505e-001
1.03337102e+000
9.70915038e-001
5.13700475e-001
0.00000000e+000
-4.21420639e-001
-1.22276507e+000
9.61019053e-001
-3.02861004e-001
6.09225294e-001
3.06317630e-001
0.00000000e+000
5.20265795e-001
3.63418697e-003
4.68318841e-001
-4.68392155e-001
1.60239072e-001
-5.39106414e-001
0.00000000e+000
3.75649501e-001
-2.64418230e-001
3.96247748e-001
-4.55230918e-001
3.76926459e-001
1.76332302e+000
0.00000000e+000
6.61264486e-001
4.84132372e-001
6.45451542e-001
-6.69922752e-002
-1.57892320e-001
-6.51199325e-001
0.00000000e+000
2.71847760e-001
1.15178430e-001
-2.81221272e-001
-1.69961006e-001
1.15819722e+000
3.30143255e-001
0.00000000e+000
-8.30076859e-002
-6.52745685e-001
6.35239166e-001
-3.47973712e-002
5.96592227e-001
1.20516864e-001
0.00000000e+000
1.10710572e-001
-1.73089285e-001
6.03836577e-001
-3.58038275e-001
4.34276558e-001
-1.11365054e-001
-1.00300422e+000
-4.01564863e+000
-1.24762005e+000
0.00000000e+000
0.00000000e+000
0.00000000e+000
7.16951619e-001
-7.48285253e-001
1.38666623e-001
-8.88989450e-002
-1.53021863e+000
2.90382125e-001
-3.75085823e-001
4.19099578e-001
-1.51509359e-001
0.00000000e+000
4.23635878e-001
-2.86887051e-001
-1.95198308e+000
3.48951522e-001
1.31228444e+000
7.99347234e-001
8.32934943e-001
-1.49299018e+000
-2.47859951e-001
3.43844264e-001
4.17341887e-002
0.00000000e+000
0.00000000e+000
0.00000000e+000
2.18836810e-002
-5.79855549e-001
-1.87378459e-001
-1.30920045e-001
3.36266457e-001
1.79206363e-001
2.66345184e-001
4.69334235e-001
-2.40827780e-001
0.00000000e+000
3.74435340e-001
9.25597530e-002
4.60794805e-001
-2.07749630e-002
-6.61698298e-001
-1.88127923e-001
-1.97029576e-001
-4.63104093e-003
5.00692595e-002
2.08274381e-003
-3.65109642e+000
0.00000000e+000
0.00000000e+000
0.00000000e+000
6.35076095e-001
0.00000000e+000
8.39947140e-001
4.36000759e-001
0.00000000e+000
1.40397123e+000
1.06667133e+000
1.60587368e+000
-3.07750244e-001
0.00000000e+000
1.09357293e+000
1.83415308e+000
-7.17984969e-001
0.00000000e+000
4.43461160e-002
9.39612226e-001
4.81415777e-001
0.00000000e+000
0.00000000e+000
9.40222265e-001
-1.30243300e+000
0.00000000e+000
0.00000000e+000
0.00000000e+000
1.26689424e+000
0.00000000e+000
9.53257145e-001
1.16252645e+000
0.00000000e+000
8.66526637e-001
4.78062620e-001
2.45181235e-001
8.72527666e-001
0.00000000e+000
9.49480848e-001
1.09656564e-001
1.12035469e+000
0.00000000e+000
4.38622874e-001
1.15097785e+000
1.18029710e+000
0.00000000e+000
0.00000000e+000
9.09111919e-001
136
9.72689114e-001
5.65265078e-001
-4.39902828e-003
4.22285714e-001
5.18226985e-003
0.00000000e+000
0.00000000e+000
0.00000000e+000
0.00000000e+000
0.00000000e+000
0.00000000e+000
0.00000000e+000
0.00000000e+000
0.00000000e+000
0.00000000e+000
0.00000000e+000
4.50010896e-001
2.22865546e-001
0.00000000e+000
0.00000000e+000
8.06592219e-001
5.20789930e-001
3.52847463e-001
4.36827213e-001
4.51790872e-001
3.34313641e-001
1.09136648e-001
0.00000000e+000
3.80438594e-001
1.10046405e-001
9.64880938e-001
0.00000000e+000
4.92491093e-001
-2.24162626e-003
1.45657178e+000
0.00000000e+000
1.93816711e-001
-2.59280222e-001
-8.24437496e-002
0.00000000e+000
1.57385272e-001
-7.82005475e-001
3.82638269e-001
0.00000000e+000
0.00000000e+000
0.00000000e+000
0.00000000e+000
-6.23043744e-001
6.90173134e-001
2.85831525e-002
-1.79524554e+000
0.00000000e+000
-6.67478601e-001
1.08187742e-001
2.63750671e-001
-9.99831591e-001
0.00000000e+000
2.71229377e+000
1.05157991e-001
6.49738903e-001
9.07088360e-002
-1.49233817e-001
-3.93225978e-001
-2.26871521e-001
1.11424427e-001
-1.60993210e-001
0.00000000e+000
1.49794495e-001
-7.04624662e-002
5.69496211e-003
6.60932248e-003
0.00000000e+000
-6.08430298e-003
-5.48560649e-002
-3.84987297e-002
5.59942600e-002
0.00000000e+000
-1.52266235e+000
-2.58727484e-001
-9.54408446e-002
-6.21172413e-001
0.00000000e+000
-6.62731239e-001
-2.93076657e-001
1.23361599e-001
-3.10239779e-001
-1.02454550e+000
-3.53095314e+000
-1.22915519e+000
0.00000000e+000
0.00000000e+000
0.00000000e+000
4.81009149e-001
-1.11269313e+000
1.94480442e-001
-5.13632703e-001
-1.27568506e+000
4.39892348e-001
-2.17774230e-001
1.10781370e+000
-1.65936498e-001
0.00000000e+000
6.03471567e-001
-5.41992809e-001
-1.22011028e+000
5.97415407e-001
1.10434362e+000
8.06744509e-001
6.04444054e-001
-1.73317224e+000
-4.73107282e-001
8.53342346e-002
-3.57197887e+000
0.00000000e+000
0.00000000e+000
0.00000000e+000
1.11991138e+000
1.10532087e+000
-8.58161689e-002
4.22502063e-001
-1.92468004e-003
8.18766793e-001
5.97814674e-001
1.00955570e+000
1.76556849e-002
0.00000000e+000
1.24948599e+000
1.14542197e+000
-7.17648921e-001
8.26691972e-001
-3.09739706e-001
8.13980654e-001
5.35373517e-001
-1.44766020e+000
-3.61110777e-003
1.05991779e+000
30 2
-1.0782e+000 3.5255e-002
8 5
0 1 4 5 20 17 2 8 
217
8.99598768e-001
3.76674555e-001
-6.67475135e-001
7.03726204e-002
1.96559868e-002
-8.45584687e-002
1.12557812e-001
6.89920920e-002
2.46502871e-001
1.05207926e-001
3.15693239e-001
-7.52952981e-003
2.05188859e-001
6.97790737e-001
0.00000000e+000
0.00000000e+000
0.00000000e+000
0.00000000e+000
0.00000000e+000
0.00000000e+000
0.00000000e+000
0.00000000e+000
0.00000000e+000
-1.11629790e-001
4.33250950e-003
2.20022322e-001
0.00000000e+000
0.00000000e+000
0.00000000e+000
0.00000000e+000
0.00000000e+000
0.00000000e+000
0.00000000e+000
5.95928604e-001
3.42953250e-001
-3.66622856e-002
0.00000000e+000
-3.06502981e-001
-1.39136476e-001
1.96545607e-001
1.23766782e-001
5.06568411e-001
3.23212605e-001
1.95144820e-001
0.00000000e+000
-3.12823220e-001
-6.60716415e-002
5.40005582e-001
0.00000000e+000
-6.22882206e-001
3.67832937e-001
8.62217103e-001
0.00000000e+000
-2.38568246e-001
3.36754087e-001
5.54762962e-001
0.00000000e+000
2.12754698e-001
0.00000000e+000
1.21839810e+000
3.92286218e-001
2.70682446e-001
2.36630104e-001
3.21722687e-001
-1.63598869e+000
-1.81530219e+000
1.17243310e+000
7.88832851e-001
1.04143168e+000
5.08552898e-001
0.00000000e+000
-9.58703845e-001
-6.06410819e-001
1.08760967e+000
-5.61755532e-001
7.73508071e-001
9.76677594e-001
4.52816265e-001
3.61243259e-001
3.07685095e-001
9.20096736e-002
-3.62335454e-001
-6.47042963e-003
-2.33012574e-001
0.00000000e+000
7.68278555e-001
2.02726649e-001
-6.80718320e-002
3.79490207e-003
1.99392045e-001
1.47598706e-001
0.00000000e+000
4.35341618e-001
6.61516712e-002
2.13342910e-001
-2.89049431e-001
2.50914240e-001
2.28200371e-001
0.00000000e+000
7.35623237e-001
-2.96946130e-001
1.61870879e-001
4.26301272e-001
2.10465183e-003
-2.38449839e-001
0.00000000e+000
-1.40639605e-001
-7.49162735e-001
6.22689602e-001
-2.12033445e-001
4.20363900e-001
-1.98135436e-001
0.00000000e+000
-5.12924959e-002
-1.82295915e-001
3.40173255e-001
-4.67510264e-002
6.13533138e-001
-1.12594350e-001
-1.38178450e+000
-3.67681523e+000
-1.29108908e+000
0.00000000e+000
0.00000000e+000
0.00000000e+000
6.87503961e-001
-1.47793634e+000
4.56598205e-001
-1.05712032e+000
-1.36609606e-001
3.46762754e-001
-1.54767296e-001
2.16880064e-001
-8.38034808e-001
0.00000000e+000
8.36750554e-001
-1.50516372e-001
-1.64477032e+000
7.02707171e-001
6.67854713e-001
1.22157873e+000
6.31280688e-001
-6.80746175e-001
-6.03139046e-001
-3.15365636e-001
-4.13755173e-002
0.00000000e+000
0.00000000e+000
0.00000000e+000
-6.82261199e-002
4.15598921e-002
-1.80903641e-001
2.45758845e-001
-2.22069875e-001
-1.53032736e-002
-6.15362465e-002
2.16854888e-001
2.25649773e-001
0.00000000e+000
-4.88771511e-002
4.61595338e-002
1.14357976e-001
-1.04267421e-002
-1.67257277e-002
-2.13204194e-001
-3.19655816e-002
-3.27906222e-001
1.07820398e-001
1.57607952e-001
-3.56390461e+000
0.00000000e+000
0.00000000e+000
0.00000000e+000
1.21713756e-001
1.89587373e+000
-4.20978065e-001
-3.21183358e-001
0.00000000e+000
-1.23366037e+000
-7.40036547e-002
-5.32551874e-001
-6.78485664e-001
0.00000000e+000
4.74738501e-001
3.41373369e+000
-1.47021528e+000
-4.26801461e-001
7.20580129e-002
-1.04632042e-001
1.15964121e-002
0.00000000e+000
-2.49226284e-001
6.97921105e-001
-6.87296183e-001
0.00000000e+000
0.00000000e+000
0.00000000e+000
7.59271697e-001
9.81611538e-001
7.48529890e-001
7.74468729e-001
0.00000000e+000
1.09488917e+000
4.06236757e-001
1.06723248e+000
6.15404540e-001
0.00000000e+000
5.66028520e-001
5.04396999e-001
6.88151444e-001
9.64135170e-001
2.31750138e-001
8.57592193e-001
6.64658615e-001
0.00000000e+000
5.31812329e-001
5.19453048e-001
136
6.73872319e-001
0.00000000e+000
0.00000000e+000
0.00000000e+000
0.00000000e+000
1.07525762e-001
1.15311233e-002
5.66346556e-001
5.23257357e-003
0.00000000e+000
0.00000000e+000
0.00000000e+000
0.00000000e+000
0.00000000e+000
0.00000000e+000
0.00000000e+000
5.85445939e-001
3.72781462e-001
-3.84229151e-001
2.89823852e-001
-3.41476839e-001
-2.11537886e-001
2.08206946e-002
3.16330665e-001
4.74026021e-001
3.06460511e-001
-1.80574700e-001
2.89823852e-001
-2.17575728e-002
-2.61351113e-001
3.78896150e-001
0.00000000e+000
-5.50149424e-002
-1.39765932e-001
6.61290128e-001
0.00000000e+000
3.73749693e-001
8.28117959e-001
-7.73455534e-001
0.00000000e+000
2.46717333e-001
-6.11885478e-001
-2.41492223e-001
0.00000000e+000
0.00000000e+000
0.00000000e+000
4.32722425e-001
-3.27783138e-001
5.85175651e-001
2.39490014e-001
-1.79384321e+000
0.00000000e+000
7.82119031e-001
7.18688523e-001
3.63032089e-001
-1.01673806e+000
3.57217678e-001
4.56805755e-001
-3.03771519e-001
2.09079631e-001
2.02161429e-001
5.66766845e-001
-1.23794427e-001
-1.24406057e-002
-2.03560044e-001
-2.17133234e-002
0.00000000e+000
8.99268307e-002
2.39140709e-002
-1.11374139e-001
4.21395640e-002
0.00000000e+000
1.76320476e-001
-2.03469556e-002
-1.31398231e-002
4.80034183e-002
0.00000000e+000
-8.98710017e-001
-1.88937593e-001
6.43347555e-003
-7.53769111e-001
0.00000000e+000
-6.28148734e-001
-2.59918005e-001
6.50877775e-002
-1.38925485e-001
-1.22306615e+000
-3.09506361e+000
-1.36667587e+000
0.00000000e+000
0.00000000e+000
0.00000000e+000
4.50506831e-001
-1.67066190e+000
2.42969423e-001
-2.30697178e-001
-1.33545165e+000
4.67221222e-001
4.58189158e-002
1.21722541e+000
-5.35244008e-001
0.00000000e+000
6.53776540e-001
-2.20990031e-001
-1.09692844e+000
5.08282084e-001
1.00206778e+000
7.72979602e-001
4.11793903e-001
-1.70863532e+000
-4.46934702e-001
1.06225652e-001
-3.47119891e+000
0.00000000e+000
0.00000000e+000
0.00000000e+000
2.71648445e-001
2.46971470e+000
-5.36769683e-001
-3.13648680e-001
-1.58002428e+000
-5.74072024e-001
-1.07274163e+000
3.18902750e-001
-9.56773744e-002
0.00000000e+000
1.13060681e-001
3.40936460e+000
-1.81981219e+000
1.07479688e-001
-1.12541816e+000
9.09346854e-002
-9.64726073e-002
-2.71252852e+000
-4.34594431e-001
1.09455115e-001
9 1
-1.3171e+000 6.5757e-002
8 1
0 1 4 5 20 17 2 8 
217
5.60604244e-001
-6.78838664e-001
2.31936189e-001
-8.39103346e-003
3.49273289e-001
-5.12592683e-001
-8.25871184e-002
4.83505649e-002
-5.52952663e-002
8.53423059e-002
9.16581644e-002
1.69757806e-001
2.57555175e-001
4.34474349e-001
-4.58773950e-001
1.41273903e-002
4.06885779e-001
2.00631135e-001
-3.14161977e-003
4.18997442e-001
4.36624362e-001
9.39043410e-004
2.32750547e-001
3.82122696e-001
3.67195336e-005
2.78716119e-001
0.00000000e+000
0.00000000e+000
0.00000000e+000
0.00000000e+000
0.00000000e+000
0.00000000e+000
0.00000000e+000
6.73757131e-001
5.40986265e-001
-6.54139153e-001
0.00000000e+000
-3.87376562e-001
-4.30165056e-001
3.09381330e-003
4.26774738e-001
7.02415828e-001
4.45782632e-001
-1.99921150e-001
0.00000000e+000
-4.04761948e-001
-1.78387176e-001
6.77827964e-001
0.00000000e+000
-1.01832348e-001
-6.45024673e-001
1.25369335e+000
0.00000000e+000
9.26442266e-002
5.56818754e-001
-1.11010139e-001
0.00000000e+000
-4.83096824e-002
-1.44317303e+000
9.12118945e-001
1.73547152e-001
3.78431578e-001
8.62551388e-003
1.81006685e-001
-1.89077281e+000
-2.35528693e+000
1.43319337e+000
-5.78845650e-001
8.37176996e-001
6.11188347e-001
0.00000000e+000
-4.62259752e-001
-7.76439641e-001
8.57522910e-001
7.91762770e-001
1.65341086e-001
9.33234951e-001
1.84612053e-001
4.48519627e-001
-2.78435750e-001
-6.51915958e-002
-2.14751053e-001
-7.33584133e-003
-1.23837176e-001
0.00000000e+000
6.01515169e-001
1.91266552e-001
-5.24396919e-001
3.47406717e-001
4.83485994e-001
1.85190941e-001
0.00000000e+000
6.67358266e-001
5.16560152e-002
-8.72854007e-002
3.48074779e-001
-1.94686214e-002
-1.62904682e-001
0.00000000e+000
3.64158501e-001
1.94973283e-001
-2.80706630e-002
-9.59640226e-002
2.24516405e-001
3.00649040e-002
0.00000000e+000
-2.29684194e-001
-8.51373938e-001
5.86288279e-001
-1.32067728e-001
2.04000159e-001
-1.54089463e-001
0.00000000e+000
-2.39844920e-001
-8.79162697e-002
4.14823841e-001
-1.12312975e-001
3.85625323e-001
-1.24580932e-001
-1.31398107e+000
-3.29552040e+000
-1.45793754e+000
0.00000000e+000
0.00000000e+000
0.00000000e+000
2.29918117e-001
-1.46918511e+000
2.75153296e-001
-3.33079953e-001
-1.07077452e+000
3.73620136e-002
-1.59489707e-001
1.41688440e+000
-8.93279811e-002
0.00000000e+000
1.96850015e-001
1.01609113e+000
-1.30748945e+000
-1.29105009e-001
1.59718592e+000
6.61448779e-001
4.92393465e-001
-1.99578826e+000
-4.21241408e-001
-4.05743289e-001
-2.75449151e-002
0.00000000e+000
0.00000000e+000
0.00000000e+000
2.00197472e-001
1.92395977e-001
-8.69753883e-002
1.57804664e-001
9.23596847e-002
8.23548944e-002
1.67728337e-002
-1.23966942e-001
-9.41538210e-002
0.00000000e+000
5.38155724e-002
-5.47558598e-001
5.39765213e-002
2.66850548e-001
-4.70794372e-001
4.89895589e-002
-7.39472414e-002
1.03170370e-001
-8.86464294e-002
1.89809780e-001
-3.77252774e+000
0.00000000e+000
0.00000000e+000
0.00000000e+000
-4.29945762e-001
3.05170599e+000
-1.09747673e+000
-3.23995553e-001
0.00000000e+000
-1.26658085e+000
-2.81504890e+000
2.20595796e-001
1.31982846e+000
0.00000000e+000
-7.74836949e-001
3.84529068e+000
-1.17682862e+000
1.02162890e-001
-1.65689146e+000
-1.48723588e-001
2.77937621e-001
-5.27268187e-001
-1.50951954e-001
-1.00355383e+000
-2.33471631e-001
0.00000000e+000
0.00000000e+000
0.00000000e+000
5.89460351e-001
-1.13143606e-001
2.07084640e-001
1.57343490e-001
0.00000000e+000
2.92099352e-001
8.57118341e-001
2.88759040e-001
-5.18232226e-001
0.00000000e+000
5.34067925e-001
2.17296117e-002
-4.32504453e-001
-3.74952300e-001
4.53221987e-001
2.69149522e-001
1.76352744e-001
-9.26366412e-001
-6.19862232e-001
7.19398515e-001
136
4.07698903e-001
-6.16736299e-003
5.57842532e-003
1.27196834e-001
-9.39512361e-004
1.11671999e-001
-1.01943505e-004
1.74997433e-001
8.65473501e-005
0.00000000e+000
0.00000000e+000
0.00000000e+000
0.00000000e+000
0.00000000e+000
0.00000000e+000
0.00000000e+000
3.63244426e-001
2.52259679e-001
-2.42634581e-001
3.23991461e-001
-1.78355372e-001
-1.00891051e-001
1.82821295e-002
2.22454067e-001
3.18146441e-001
1.48914991e-001
-3.44843762e-001
3.23991461e-001
-3.56788994e-002
-4.29485896e-001
2.36839610e-001
0.00000000e+000
-1.09565249e-001
-4.97365815e-002
5.66156443e-001
0.00000000e+000
3.57216213e-001
6.55475955e-001
-7.51977519e-001
0.00000000e+000
1.10056110e-001
-1.68864420e-001
-2.96728325e-001
0.00000000e+000
0.00000000e+000
0.00000000e+000
5.17589591e-001
-1.86209073e-001
5.51924535e-001
1.89623637e-001
-1.64077288e+000
0.00000000e+000
6.46019636e-001
6.63601427e-001
4.00398474e-001
-1.00508043e+000
2.06702482e-001
1.49678442e-001
-1.15925930e-001
9.52801261e-002
1.99820715e-001
2.25990059e-001
-1.44303392e-001
-3.99551050e-002
-1.79769164e-001
-1.44132068e-001
0.00000000e+000
2.84043585e-001
4.05501242e-002
-4.08448256e-002
-1.81886727e-002
0.00000000e+000
2.95067377e-001
1.76844391e-002
-1.31677797e-002
7.46009984e-002
0.00000000e+000
-3.65816580e-002
-2.86902233e-002
1.83632823e-001
-7.42965887e-001
0.00000000e+000
-1.91304564e-002
-1.59841144e-001
1.96944018e-001
-1.31381147e-001
-1.23566644e+000
-3.11075343e+000
-1.36414951e+000
0.00000000e+000
0.00000000e+000
0.00000000e+000
4.42351513e-001
-1.77695362e+000
2.30001684e-001
-2.53014025e-001
-1.31431516e+000
4.77217674e-001
5.79420889e-002
1.21202028e+000
-5.79694842e-001
0.00000000e+000
7.27634617e-001
-3.22715089e-001
-1.05869836e+000
5.55141681e-001
1.04491257e+000
8.14635095e-001
4.01739869e-001
-1.71697413e+000
-4.31322251e-001
1.25940893e-001
-3.34276231e+000
0.00000000e+000
0.00000000e+000
0.00000000e+000
1.95815706e-001
2.24263603e+000
-4.78214753e-001
-3.32202661e-001
-1.20476013e+000
-6.55423872e-001
-1.08738360e+000
2.56779310e-001
-3.06194628e-001
0.00000000e+000
1.35639311e-001
3.10801056e+000
-1.79159356e+000
1.94368290e-001
-1.22661100e+000
5.25963196e-002
-1.79050160e-001
-2.00508568e+000
-3.06504202e-001
4.44164021e-002
25 1
-9.9016e-001 7.4974e-002
8 0
0 1 4 5 20 17 2 8 
217
1.21523261e+000
-4.85431130e-001
-8.44938601e-001
-2.84116922e-001
5.29607894e-001
-1.90644458e-001
4.84192062e-001
-1.77804199e-001
2.58472783e-001
-5.75219021e-001
-4.68192443e-001
-6.80117469e-001
0.00000000e+000
0.00000000e+000
9.78910952e-001
-6.74484990e-003
-2.01569678e-001
2.36321661e-001
3.82708696e-003
-6.25657793e-002
0.00000000e+000
0.00000000e+000
0.00000000e+000
0.00000000e+000
0.00000000e+000
0.00000000e+000
0.00000000e+000
0.00000000e+000
0.00000000e+000
0.00000000e+000
0.00000000e+000
0.00000000e+000
0.00000000e+000
8.88335915e-001
7.01353121e-001
0.00000000e+000
0.00000000e+000
4.09314195e-001
-1.63865038e-002
7.13235157e-002
2.94282289e-001
1.82441847e-001
1.02185773e-001
1.72071498e-001
0.00000000e+000
-5.32564552e-002
-2.75556097e-001
3.65431326e-001
0.00000000e+000
5.69664184e-001
-6.18007241e-001
9.85840917e-001
0.00000000e+000
6.08215314e-001
1.89226392e-001
-1.86324303e-001
0.00000000e+000
0.00000000e+000
1.64111894e-001
1.29139467e+000
9.07010806e-001
-8.63297043e-002
3.94551512e-001
0.00000000e+000
-5.40225051e-001
-2.80308202e+000
1.11598445e+000
6.96772291e-001
6.39473210e-001
3.84764409e-001
0.00000000e+000
-7.00884947e-001
-9.15786397e-001
1.16110769e+000
-6.27293046e-002
7.55009867e-001
2.17670789e-001
0.00000000e+000
6.47736177e-001
1.27737571e-002
4.31253714e-001
-4.30491306e-001
1.36242722e-001
-3.85403713e-001
0.00000000e+000
9.74116635e-001
2.24588862e-001
4.59837122e-001
-2.32511804e-001
-2.18721144e-001
-4.57639341e-001
0.00000000e+000
6.46294536e-001
3.32565555e-001
6.63582317e-001
-1.48085803e-001
-9.46442402e-002
-7.26281407e-001
0.00000000e+000
7.17907512e-001
-9.80953002e-002
8.47265368e-002
-7.69874375e-002
4.12598565e-001
6.77403722e-001
0.00000000e+000
-1.03638153e-001
-9.98541084e-001
7.80285054e-001
-1.21336081e-001
5.38585712e-001
2.27067944e-001
0.00000000e+000
-1.68074101e-001
-3.36499425e-001
6.94805595e-001
-2.78057399e-001
6.88501119e-001
-3.66767862e-001
-1.25657391e+000
-3.40459343e+000
-1.45751721e+000
0.00000000e+000
0.00000000e+000
0.00000000e+000
5.51948041e-001
-2.08744335e+000
2.35103333e-001
-6.63296469e-001
-7.84610358e-001
4.47128835e-001
4.97966253e-002
6.86878312e-001
-2.22115511e-001
0.00000000e+000
6.82046928e-001
-1.41769821e+000
-1.16167482e-001
7.99730533e-001
7.78944513e-001
1.06764656e+000
5.93751261e-001
-1.78356779e+000
-2.25400986e-001
-5.01919893e-002
4.94202316e-002
0.00000000e+000
0.00000000e+000
0.00000000e+000
7.47590894e-002
1.12598862e-001
-1.72170166e-001
3.74959730e-001
-2.22249765e-001
-1.61757796e-001
7.22311309e-002
2.66024983e-001
-2.77801784e-001
0.00000000e+000
1.32994434e-001
3.54476755e-001
-7.07857400e-001
-5.33793733e-002
-5.09791763e-002
1.84809229e-003
5.19460287e-002
2.52752642e-001
-1.07839255e-001
1.08863199e-001
-3.74322924e+000
0.00000000e+000
0.00000000e+000
0.00000000e+000
9.40445310e-001
5.78623336e-001
-8.28737240e-001
5.87460283e-001
0.00000000e+000
-5.34813939e-001
-3.43433199e-001
7.99840658e-001
2.12660968e-001
0.00000000e+000
1.26496061e+000
5.94162062e-001
-2.18535794e-001
1.25078567e+000
-7.03833049e-001
6.00652432e-001
1.95220439e-002
0.00000000e+000
0.00000000e+000
3.12062103e-001
-2.12304074e-001
0.00000000e+000
0.00000000e+000
0.00000000e+000
2.70265424e-001
7.90473698e-001
7.11324665e-001
7.62299285e-002
0.00000000e+000
9.10948163e-001
7.47782061e-001
1.07925120e-001
-1.55400623e-001
0.00000000e+000
1.03345705e-001
2.57478052e-001
-4.42223468e-001
-5.90821700e-001
4.61879851e-001
5.07166866e-001
7.56228349e-001
0.00000000e+000
0.00000000e+000
6.85446796e-001
136
1.00155117e+000
7.62537324e-001
-8.51130691e-003
3.99129126e-001
4.82183845e-003
0.00000000e+000
0.00000000e+000
0.00000000e+000
0.00000000e+000
0.00000000e+000
0.00000000e+000
0.00000000e+000
0.00000000e+000
0.00000000e+000
0.00000000e+000
0.00000000e+000
6.46646418e-001
3.98571963e-001
0.00000000e+000
0.00000000e+000
1.12579411e+000
7.97990362e-001
5.34844800e-001
5.67988573e-001
6.47211386e-001
4.87262589e-001
9.65062735e-002
0.00000000e+000
7.41516344e-001
1.58330111e-001
1.19644004e+000
0.00000000e+000
7.94584659e-001
-2.39247119e-001
1.73914293e+000
0.00000000e+000
3.52054286e-001
-4.20962643e-001
5.53290443e-003
0.00000000e+000
4.82251636e-001
-1.09184139e+000
5.39796335e-001
0.00000000e+000
0.00000000e+000
0.00000000e+000
0.00000000e+000
-1.11359645e+000
6.00146217e-001
-1.36705763e-001
-1.74809182e+000
0.00000000e+000
-7.45127314e-001
1.10843387e-001
2.74306854e-001
-1.08546280e+000
0.00000000e+000
3.44273792e+000
1.84758602e-001
8.22741156e-001
2.50401204e-002
-2.62632532e-001
-5.26688910e-001
-2.32699038e-001
1.38318978e-001
-2.09054076e-001
0.00000000e+000
2.31373265e-001
-4.62806940e-002
2.76679185e-002
1.49764185e-001
0.00000000e+000
5.48010613e-001
2.81196204e-002
7.90477999e-002
9.33373899e-002
0.00000000e+000
-1.97620031e+000
-3.14219987e-001
-1.75363570e-001
-5.43974322e-001
0.00000000e+000
-1.40353585e+000
-4.07282043e-001
-2.51095967e-002
-2.77542695e-001
-9.35541104e-001
-3.48243011e+000
-1.18102002e+000
0.00000000e+000
0.00000000e+000
0.00000000e+000
5.01760177e-001
-9.97992754e-001
1.84612338e-001
-5.20624900e-001
-1.21229095e+000
4.70369449e-001
-1.98191563e-001
1.17147496e+000
-1.75090608e-001
0.00000000e+000
5.78945810e-001
-5.78573743e-001
-1.25946572e+000
4.69567224e-001
1.06094800e+000
7.51117394e-001
6.30187334e-001
-1.78232762e+000
-3.89184656e-001
1.13739804e-001
-3.86831553e+000
0.00000000e+000
0.00000000e+000
0.00000000e+000
1.34129793e+000
9.81335959e-001
5.42139784e-001
6.89535954e-001
-2.33105928e-004
1.23842381e+000
8.76910998e-001
1.27762353e+000
2.24283623e-001
0.00000000e+000
1.46209467e+000
1.41095748e+000
-4.81478485e-001
9.89759673e-001
-5.16830520e-002
1.03995233e+000
7.61192349e-001
-1.44929517e+000
9.71104231e-002
1.29059961e+000
26 1
-1.2859e+000 6.8524e-002
8 0
0 1 4 5 20 17 2 8 
217
7.58409371e-001
-2.73766216e-001
-3.61867570e-001
4.36083149e-002
1.91817872e-001
-7.57588123e-004
3.28536971e-001
3.09152300e-001
7.31391223e-001
-2.25923439e-001
3.14506198e-001
1.02458303e+000
0.00000000e+000
0.00000000e+000
-5.36086028e-002
1.80458990e-002
5.09235918e-001
1.10405157e+000
-1.27303050e-003
1.20662840e-001
0.00000000e+000
0.00000000e+000
0.00000000e+000
0.00000000e+000
0.00000000e+000
0.00000000e+000
0.00000000e+000
0.00000000e+000
0.00000000e+000
0.00000000e+000
0.00000000e+000
0.00000000e+000
0.00000000e+000
3.00732036e-001
4.57677335e-001
0.00000000e+000
0.00000000e+000
6.72971692e-002
7.31398670e-002
7.70530377e-003
2.95361248e-001
1.33748678e-001
2.94175296e-001
-1.13018192e-001
0.00000000e+000
-1.60365380e-001
2.26746031e-001
6.30538152e-001
0.00000000e+000
-4.14403297e-001
-8.84680167e-001
1.04329767e+000
0.00000000e+000
-2.17957621e-001
9.10322472e-002
-4.88495444e-002
0.00000000e+000
1.64317836e-001
9.20348347e-002
2.36698608e-001
4.61877869e-001
3.17778278e-001
-2.12467755e-002
7.52547093e-001
-1.22741415e+000
-2.01056666e+000
7.72524878e-001
2.36921496e-001
4.60751548e-001
6.31440837e-001
0.00000000e+000
-4.61558316e-001
-9.70842919e-001
7.72166795e-001
2.56548069e-001
6.14651038e-001
2.99461413e-001
5.04086225e-001
1.70576599e-002
1.03521019e+000
2.92114460e-001
-1.98494947e-001
-5.48489742e-002
-7.96790342e-002
0.00000000e+000
4.41133011e-001
-1.13710711e-001
2.23470110e-001
-1.08232979e-001
9.38062505e-002
-3.48546021e-001
0.00000000e+000
4.68526456e-001
2.35884494e-001
-3.71398179e-002
1.17217955e-003
3.27022733e-001
1.28733236e-001
0.00000000e+000
8.44321866e-001
4.51074428e-001
6.43979272e-001
-1.95980605e-001
-7.29891767e-001
2.69426878e-002
0.00000000e+000
-1.96502571e-001
-5.70004241e-001
6.17568935e-001
-1.18298107e-001
5.04193151e-001
-1.68242648e-001
0.00000000e+000
-1.98903797e-001
-3.02068172e-001
6.78071966e-001
-1.89204025e-001
4.46091347e-001
-7.14365883e-002
-1.31459746e+000
-3.92085263e+000
-1.26031521e+000
0.00000000e+000
0.00000000e+000
0.00000000e+000
3.42113568e-002
-1.98463266e+000
5.19401302e-001
3.19933971e-002
-6.91684095e-001
6.55749304e-001
2.80428329e-001
1.11435045e+000
-7.62686661e-001
0.00000000e+000
7.52337536e-001
2.66012133e-001
-1.43090487e+000
3.07085889e-001
1.01243910e+000
7.78869193e-001
-6.27846149e-002
-1.42219977e+000
-7.96675322e-001
1.38374778e-001
-3.85991360e-002
0.00000000e+000
0.00000000e+000
0.00000000e+000
2.64247645e-001
3.21733731e-001
-5.97050838e-002
-8.48484254e-002
-6.82320102e-001
-8.89324318e-002
-8.79886411e-002
3.99396699e-002
1.30897604e-001
0.00000000e+000
-6.92425278e-003
-7.08529427e-001
3.23508079e-001
2.77334938e-001
-1.55139339e-001
6.74224360e-002
2.78884991e-001
-1.94237190e-001
3.31478874e-001
-5.42221103e-003
-4.50956102e+000
0.00000000e+000
0.00000000e+000
0.00000000e+000
9.59014667e-001
4.35901545e+000
-2.39038969e-001
1.94061393e-001
0.00000000e+000
-1.15563266e+000
-1.47212957e+000
1.36255674e+000
6.62760448e-001
0.00000000e+000
1.87331440e+000
3.49488337e+000
-1.87501097e+000
4.28107051e-001
2.27608839e-001
1.46299408e+000
9.68719920e-001
0.00000000e+000
-2.12345825e+000
1.59207085e+000
-1.05368397e+000
0.00000000e+000
0.00000000e+000
0.00000000e+000
1.15369484e+000
1.33578671e-001
1.35869912e+000
1.29832855e+000
0.00000000e+000
1.71796966e+000
2.46561177e+000
8.26748478e-001
1.16632969e+000
0.00000000e+000
6.84864511e-001
-1.87078944e-001
1.39296502e+000
-3.04836124e-002
9.37081387e-001
7.42373518e-001
9.35851850e-001
0.00000000e+000
2.50785498e+000
7.57380640e-001
136
7.57989097e-001
-3.75985772e-001
4.57939185e-002
1.10343956e+000
5.56052305e-004
0.00000000e+000
0.00000000e+000
0.00000000e+000
0.00000000e+000
0.00000000e+000
0.00000000e+000
0.00000000e+000
0.00000000e+000
0.00000000e+000
0.00000000e+000
0.00000000e+000
7.73690496e-001
6.82926739e-001
0.00000000e+000
7.75530066e-001
-2.70535196e-001
-2.41407871e-001
-1.74240952e-001
2.91624384e-002
2.76023131e-001
2.55946849e-001
1.07510632e-001
7.75530066e-001
-1.68836580e-001
-1.97626667e-001
4.94377781e-001
0.00000000e+000
-4.73691125e-001
-4.11696802e-001
6.23734276e-001
0.00000000e+000
4.83428487e-001
3.40865472e-001
4.29196021e-002
0.00000000e+000
-1.24770684e-001
-7.25505469e-001
9.92607403e-002
0.00000000e+000
0.00000000e+000
0.00000000e+000
5.11639208e-001
-7.30072609e-001
6.26582259e-001
7.56709610e-002
-1.74702800e+000
0.00000000e+000
5.46316550e-001
3.91754547e-001
3.59392225e-001
-9.90700658e-001
1.48385705e+000
2.86801112e-001
-2.53062331e-001
2.28177670e-001
-7.49461175e-002
1.43238805e-001
-4.68488135e-001
-3.09637352e-001
-1.31754466e-001
-9.71376350e-002
0.00000000e+000
3.55042544e-001
-1.20875306e-002
4.79842418e-003
5.90268636e-002
0.00000000e+000
3.89281265e-001
-6.43953288e-002
1.78768744e-002
3.72979396e-002
0.00000000e+000
-4.02932155e-001
-5.22295016e-002
9.26910396e-002
-7.19218977e-001
0.00000000e+000
-3.18489957e-001
-2.30280947e-001
1.56833227e-001
-2.43791323e-001
-1.25277041e+000
-3.38023835e+000
-1.34301966e+000
0.00000000e+000
0.00000000e+000
0.00000000e+000
4.22686395e-001
-1.71377283e+000
2.26235958e-001
-3.63299692e-001
-1.27203324e+000
4.98247883e-001
-2.11094216e-002
1.22223874e+000
-3.14980066e-001
0.00000000e+000
6.53619343e-001
-2.62087451e-001
-1.20164962e+000
4.70570744e-001
1.06102397e+000
7.56427525e-001
5.20996955e-001
-1.73669699e+000
-4.78932111e-001
1.89494251e-001
-3.21796302e+000
0.00000000e+000
0.00000000e+000
0.00000000e+000
2.11629713e-001
2.75583869e+000
-4.37235247e-001
-1.71056273e-001
-1.59971221e+000
-2.83797674e-001
-2.44818707e-001
3.02291716e-001
-5.55934729e-001
0.00000000e+000
5.27923663e-001
1.30578441e+000
-1.53382457e+000
2.77011446e-001
-1.14197686e+000
-3.28409485e-002
-1.36260504e-001
-2.46284175e+000
-2.84611883e-001
2.86468690e-001
12 1
-1.4630e+000 1.0191e-001
8 1
0 1 4 5 20 17 2 8 
217
4.05974620e-001
-4.57595545e-001
2.39433311e-001
-3.65543741e-001
-4.85589093e-002
2.08641424e-001
2.57481749e-002
1.21305181e-001
9.12054722e-002
5.29381080e-002
1.41654950e-001
1.40461761e-001
1.95924933e-001
-2.33840002e-001
-5.91713403e-001
1.38380985e-002
5.14804728e-001
1.98033780e-001
-2.05033823e-003
5.17688686e-001
3.23820588e-001
-2.78188369e-003
3.95451680e-001
4.75833655e-001
-3.58314132e-004
2.78385078e-001
0.00000000e+000
0.00000000e+000
0.00000000e+000
0.00000000e+000
0.00000000e+000
0.00000000e+000
0.00000000e+000
3.82557150e-001
3.83915976e-001
-3.58838343e-001
0.00000000e+000
-2.56684747e-001
-1.44783466e-001
1.83894867e-002
1.68785103e-001
4.74695702e-001
2.60080650e-001
-1.14508109e-001
0.00000000e+000
-3.33988792e-001
-3.42879204e-001
3.77860690e-001
0.00000000e+000
2.37438841e-002
-4.64409924e-002
8.05041835e-001
0.00000000e+000
5.24756563e-002
4.28432033e-001
1.66670843e-001
0.00000000e+000
-1.16173380e-001
0.00000000e+000
3.21908461e-001
2.16902161e-001
8.55528290e-002
1.03519631e-001
5.94438534e-001
-1.48600311e+000
-2.25203438e+000
8.07272464e-001
2.43498658e-001
4.90266735e-001
6.46593542e-001
0.00000000e+000
-3.73942631e-001
-1.06717235e-001
6.70745316e-001
4.71123780e-001
1.09171936e-001
1.10868732e+000
2.46036193e-001
1.02535034e-001
-1.48920197e-001
2.54078763e-001
-5.85634141e-001
-1.96675370e-001
-2.61203418e-001
0.00000000e+000
4.83337422e-001
5.38975065e-003
-1.88597930e-001
5.13354443e-002
1.11235129e-001
-1.36461124e-001
0.00000000e+000
7.59961254e-001
2.15462594e-001
1.62771934e-001
1.56205052e-001
-5.16758568e-001
-6.53669907e-001
0.00000000e+000
2.32272820e-001
2.77864318e-002
-2.31621886e-001
6.75281540e-002
4.05323686e-001
1.04561753e-001
0.00000000e+000
-3.63330566e-001
-6.24840390e-001
6.22630050e-001
-2.14111402e-001
1.46675137e-001
-2.00900853e-001
0.00000000e+000
-3.47900138e-001
-2.51306490e-001
5.65124920e-001
-4.06913247e-001
1.88749839e-001
-7.10486959e-002
-9.95331829e-001
-3.22544403e+000
-8.92146172e-001
0.00000000e+000
0.00000000e+000
0.00000000e+000
2.68616331e-001
-1.30353889e+000
2.39324955e-001
-5.51222344e-002
-1.04059850e+000
4.98845893e-001
-1.15582453e-001
8.13284708e-001
-2.68141428e-001
0.00000000e+000
3.77329900e-001
7.81921685e-001
-1.13027771e+000
9.74644837e-002
1.44143898e+000
4.43729066e-001
2.05358132e-002
-9.33261291e-001
-7.35759545e-001
-2.92355941e-001
-2.10418075e-001
0.00000000e+000
0.00000000e+000
0.00000000e+000
1.11996748e-001
-3.00156595e-001
-1.99794208e-001
-3.08854107e-002
-7.76290162e-002
9.44094263e-002
8.50930468e-002
4.33412873e-002
1.51493934e-001
0.00000000e+000
2.13563035e-001
-5.15926813e-001
6.10586689e-002
3.09238116e-001
-4.87749624e-001
7.11698129e-002
8.78099786e-002
-3.75057673e-001
2.80046358e-001
2.67560853e-001
-3.65828429e+000
0.00000000e+000
0.00000000e+000
0.00000000e+000
-7.25601979e-002
2.81715330e+000
-6.61030695e-001
-6.36005531e-001
0.00000000e+000
-9.31475246e-001
-2.30050965e+000
4.88676136e-001
-1.21167231e-001
0.00000000e+000
1.44323542e-001
3.79949169e+000
-1.44953880e+000
-7.53060905e-002
-1.54326840e+000
3.63747017e-001
8.71057211e-002
0.00000000e+000
-2.41176851e-001
-5.76241957e-002
-2.17646808e-001
0.00000000e+000
0.00000000e+000
0.00000000e+000
5.23741432e-001
2.40302736e-001
3.75585788e-001
4.65778191e-001
0.00000000e+000
5.56006767e-001
8.31739973e-001
1.55420700e-001
-2.29928586e-001
0.00000000e+000
3.40865863e-001
-2.71695793e-001
5.94873720e-003
2.42629743e-001
5.25449483e-001
2.33245939e-001
2.05292184e-001
0.00000000e+000
3.34320213e-001
4.26668147e-001
136
3.86227683e-001
-1.20829941e-002
1.66527136e-003
1.54728210e-001
-1.63886565e-003
5.77390476e-002
8.52096443e-004
1.85843419e-001
4.61453527e-005
0.00000000e+000
0.00000000e+000
0.00000000e+000
0.00000000e+000
0.00000000e+000
0.00000000e+000
0.00000000e+000
4.23608234e-001
2.69353113e-001
-3.27123146e-001
3.66485399e-001
-2.79753826e-001
-1.78148557e-001
3.34798037e-002
3.02330757e-001
3.80083297e-001
1.74984604e-001
-4.13233795e-001
3.66485399e-001
-1.74381707e-001
-2.62932521e-001
3.11600150e-001
0.00000000e+000
-2.37465138e-001
-5.93176759e-002
6.05121270e-001
0.00000000e+000
3.37202700e-001
8.92683116e-001
-8.79102087e-001
0.00000000e+000
2.71796376e-001
-5.47480200e-001
-2.37981999e-001
0.00000000e+000
0.00000000e+000
0.00000000e+000
5.61864169e-001
-1.72426050e-001
5.79078751e-001
3.12806865e-001
-1.59536881e+000
0.00000000e+000
5.63637629e-001
6.96990689e-001
3.41229249e-001
0.00000000e+000
2.32435174e-001
3.59119877e-001
-3.87934439e-001
2.10870452e-001
1.40998306e-001
6.29750595e-001
-1.90966298e-001
-3.24079336e-002
-2.37238690e-001
1.13172682e-001
0.00000000e+000
2.58927205e-001
7.72422857e-002
-1.00384885e-001
1.64912489e-002
0.00000000e+000
2.67842428e-001
-1.99835798e-002
4.46304022e-002
1.07897608e-001
0.00000000e+000
-1.44496091e-001
-4.24858008e-002
1.62542261e-001
-6.88684237e-001
0.00000000e+000
-1.48858815e-001
-2.03547093e-001
1.63484215e-001
-1.28885195e-001
-1.29760981e+000
-3.08115911e+000
-1.39139393e+000
0.00000000e+000
0.00000000e+000
0.00000000e+000
4.35322931e-001
-1.71466858e+000
3.12081297e-001
-2.08980965e-001
-1.30586166e+000
4.24505085e-001
4.04157196e-002
1.20172340e+000
-5.43777807e-001
0.00000000e+000
6.50474476e-001
-2.41012517e-001
-1.09441560e+000
5.39495209e-001
1.00487943e+000
7.74497608e-001
4.30663689e-001
-1.73744399e+000
-4.61276603e-001
1.01984951e-001
-3.41841492e+000
0.00000000e+000
0.00000000e+000
0.00000000e+000
1.60155494e-001
2.39358469e+000
-5.33307225e-001
-3.65963926e-001
-1.25481483e+000
-5.84372857e-001
-1.05701307e+000
2.75905690e-001
-1.11391652e-001
0.00000000e+000
5.64384701e-002
3.37562721e+000
-1.86917399e+000
5.61204348e-002
-1.13410910e+000
3.04835515e-002
-1.70805655e-001
-2.16960166e+000
-5.61561128e-001
4.53846234e-002
