0 1 -999999999 -1 -1
1 1 0 -1 -1
0.001678 0.09425
356
7.43280219e-001
-1.39888595e-001
8.83168815e-001
3.78870244e-001
-1.61836401e-001
-2.42667155e-002
1.95817555e-003
1.97937335e-002
2.99956973e-002
1.69226387e-001
-5.82249294e-001
5.71731305e-002
-1.75399280e-001
1.29257747e-001
2.71381870e-001
-2.17693721e-002
0.00000000e+000
0.00000000e+000
0.00000000e+000
0.00000000e+000
0.00000000e+000
0.00000000e+000
0.00000000e+000
0.00000000e+000
0.00000000e+000
0.00000000e+000
0.00000000e+000
0.00000000e+000
0.00000000e+000
0.00000000e+000
0.00000000e+000
0.00000000e+000
0.00000000e+000
0.00000000e+000
0.00000000e+000
0.00000000e+000
0.00000000e+000
0.00000000e+000
0.00000000e+000
0.00000000e+000
0.00000000e+000
0.00000000e+000
0.00000000e+000
0.00000000e+000
0.00000000e+000
0.00000000e+000
0.00000000e+000
0.00000000e+000
0.00000000e+000
0.00000000e+000
0.00000000e+000
-8.03118397e-001
-5.39619609e-001
-1.41299503e+000
0.00000000e+000
0.00000000e+000
0.00000000e+000
0.00000000e+000
1.55936450e-001
-1.09539562e-002
2.42499502e-001
4.08288441e-001
6.77500286e-001
-5.80642422e-001
-5.25280663e-002
-4.30883516e-001
-2.80127952e-001
1.48338383e-001
0.00000000e+000
0.00000000e+000
0.00000000e+000
3.77630913e-001
-2.89436427e-003
-1.34451124e-001
5.43944529e-002
3.97251997e-003
-3.52346682e-002
3.09936151e-001
-4.27670117e-004
1.94212194e-002
-4.49104304e-001
3.41645647e-001
5.72998530e-002
4.68966112e-001
3.24472910e-001
0.00000000e+000
0.00000000e+000
0.00000000e+000
0.00000000e+000
0.00000000e+000
-1.03320406e+000
-2.07738626e-001
-2.07659373e+000
-7.22788383e-001
-2.76217471e-001
-3.40451691e-001
2.48205188e-001
1.12348859e-001
2.65992970e-001
8.77094534e-002
9.54031540e-002
9.21033194e-002
0.00000000e+000
0.00000000e+000
1.13860321e+000
1.16818830e+000
1.12069270e+000
9.35649656e-001
1.15173022e-001
1.76219523e-001
-3.13390405e-001
-8.49131519e-001
8.13383916e-001
3.57098026e-001
5.96266182e-001
-6.05620948e-001
-9.56167679e-001
-1.78549547e+000
0.00000000e+000
0.00000000e+000
0.00000000e+000
0.00000000e+000
0.00000000e+000
0.00000000e+000
8.02414633e-001
4.56431848e-002
1.42792421e-001
-5.72187207e-002
-4.75651575e-001
-8.82888027e-001
4.84591115e-001
6.12957106e-001
4.41498093e-001
5.23725429e-001
4.33987499e-001
4.59307207e-001
4.16173368e-001
-3.06712913e-003
-5.28950983e-002
1.38302259e-001
3.41031636e-002
-4.95090534e-001
5.42990816e-001
1.48402579e-001
-5.00488359e-002
-1.86936286e-002
-5.16308084e-002
-6.03778959e-001
1.18521298e+000
0.00000000e+000
0.00000000e+000
0.00000000e+000
0.00000000e+000
0.00000000e+000
0.00000000e+000
0.00000000e+000
-4.41932760e-001
-3.77953117e-001
0.00000000e+000
0.00000000e+000
3.49681439e-001
4.82776845e-001
-7.45004431e-001
-9.14287400e-001
-3.95322992e-001
0.00000000e+000
0.00000000e+000
0.00000000e+000
-1.77585860e-001
-6.69759951e-001
4.47920718e-001
3.91112809e-001
-4.68114300e-001
4.60122899e-001
5.99340954e-001
-5.97168180e-001
7.08258223e-001
0.00000000e+000
4.39964218e-001
2.91806834e-001
-5.50360808e-001
4.99759779e-001
-4.73590208e-001
-1.42522178e+000
3.14590140e-001
-7.96140028e-001
2.16773003e-001
3.92968542e-001
2.02577758e-001
0.00000000e+000
0.00000000e+000
0.00000000e+000
1.02729398e-001
-2.50347438e-002
-1.43522178e-001
-2.60690325e-001
1.23681595e-001
-1.68206777e-001
-1.32543192e-001
2.77730970e-001
9.89239716e-002
0.00000000e+000
-1.86186203e-001
1.88187988e-001
-1.64356584e-001
-2.71516138e-001
7.20006057e-002
7.71122846e-001
-1.23854001e-001
-2.52049272e-002
1.34029645e-001
-6.47141925e-002
-2.63919449e-001
8.64114274e-002
0.00000000e+000
2.69854112e-001
1.65014581e-001
3.68537496e-001
9.61726543e-002
-3.78298723e-001
-4.51743085e-001
0.00000000e+000
0.00000000e+000
0.00000000e+000
-3.88186444e-001
-8.58693542e-003
-3.96968643e-002
1.25079103e+000
9.60687373e-002
5.14079318e-001
9.00476785e-001
-1.55136854e+000
-9.22646019e-002
0.00000000e+000
1.79254697e-001
3.44878558e-001
-1.70838618e-002
1.55290350e-001
-1.05185972e+000
-1.00108196e+000
-1.49619315e-001
-6.56443042e-002
7.64703512e-002
3.96339623e-001
-3.50330877e-001
2.31936409e-001
1.59511056e-001
-5.16001360e-002
-1.31403543e-001
2.63270012e-001
0.00000000e+000
-1.79021816e-001
-1.51913036e-001
6.12752495e-001
3.17968467e-001
-6.67450951e-001
-3.94673554e-001
2.71515730e-001
1.82205437e-001
7.37124846e-002
-4.31510555e-001
0.00000000e+000
0.00000000e+000
0.00000000e+000
-2.45992642e-001
-3.37183660e-001
-2.85714452e-002
-1.95801088e+000
-1.06283383e-001
6.66932080e-001
-6.27420999e-001
4.69897024e-001
6.95244293e-001
0.00000000e+000
4.36376293e-001
-4.82562865e-001
-7.21103579e-001
5.87854180e-001
-1.02114778e-001
4.20486548e-001
4.94715239e-001
-2.54450121e-001
1.98539552e-001
4.62138588e-001
1.63302021e-001
0.00000000e+000
0.00000000e+000
0.00000000e+000
-8.80179916e-002
-3.28267906e-001
1.88705307e-001
4.48413512e-001
2.60550968e-002
-6.80850407e-004
4.23697348e-001
-1.56326819e-001
-3.37202651e-002
0.00000000e+000
-2.14834794e-001
9.68672570e-002
-1.08310077e-001
-9.22002923e-003
8.00233783e-002
-6.28908943e-002
-7.21025946e-002
-3.18686405e-002
1.15348504e-001
-1.09567520e-001
-7.37622608e-002
3.30619041e-001
0.00000000e+000
0.00000000e+000
4.86976065e-001
5.21180235e-001
2.24545499e-001
-4.15106693e-001
-5.11320595e-001
0.00000000e+000
0.00000000e+000
0.00000000e+000
1.11307915e-001
3.14660864e-001
-4.73374312e-002
-1.44756958e+000
5.10845547e-002
-4.58678819e-001
-1.22269356e+000
1.09708355e+000
1.56574130e-001
0.00000000e+000
-8.24175797e-002
-1.74764068e-001
8.63991795e-002
-8.02542773e-002
4.27189248e-001
6.09532079e-001
2.49671916e-001
3.21485787e-001
-8.30930450e-002
-3.39501463e-001
-4.04381302e-001
0.00000000e+000
0.00000000e+000
1.91327307e-001
-3.57748294e-001
1.52157803e-001
0.00000000e+000
0.00000000e+000
-1.60020559e-001
4.24058120e-001
1.22916869e-001
-3.94817186e-001
-5.09906098e-001
0.00000000e+000
0.00000000e+000
0.00000000e+000
247
4.23926271e-002
-4.77128245e-001
5.19520872e-001
2.05046029e-004
-4.77333291e-001
0.00000000e+000
-6.31151246e-001
1.25508952e+000
0.00000000e+000
0.00000000e+000
4.62834366e-001
8.02566523e-001
-8.31047366e-001
2.43094892e-001
0.00000000e+000
0.00000000e+000
0.00000000e+000
0.00000000e+000
0.00000000e+000
0.00000000e+000
0.00000000e+000
0.00000000e+000
0.00000000e+000
0.00000000e+000
0.00000000e+000
0.00000000e+000
0.00000000e+000
0.00000000e+000
0.00000000e+000
0.00000000e+000
0.00000000e+000
0.00000000e+000
0.00000000e+000
0.00000000e+000
0.00000000e+000
0.00000000e+000
0.00000000e+000
0.00000000e+000
0.00000000e+000
0.00000000e+000
0.00000000e+000
0.00000000e+000
0.00000000e+000
1.39164615e-001
-4.51587607e-003
-6.66142258e-001
8.31052330e-003
3.57856165e-001
-2.21771095e-003
-6.85738592e-001
-3.47921967e-001
-1.65237332e-001
2.99124618e-001
9.42165901e-001
0.00000000e+000
0.00000000e+000
0.00000000e+000
0.00000000e+000
0.00000000e+000
1.36585852e+000
1.25472092e+000
1.63361986e+000
9.80227470e-001
1.02302429e-001
-1.52581438e-001
-1.92635458e-001
-1.57248918e+000
9.17861902e-001
5.78899612e-001
3.72724673e-001
-5.88758368e-001
-1.27008801e+000
-2.13254938e+000
0.00000000e+000
0.00000000e+000
0.00000000e+000
0.00000000e+000
0.00000000e+000
0.00000000e+000
8.93610097e-001
1.68434764e-001
-2.08151065e-001
-2.38299007e-001
-6.88414102e-001
-1.13950898e+000
3.37281516e+000
3.06288027e+000
2.98709403e+000
3.05804920e+000
2.82263340e+000
3.22365206e+000
1.07739146e-004
6.60446515e-002
2.79794751e-001
4.25464819e-001
4.93187752e-001
-1.17760195e-001
1.41052186e-001
-2.58084302e-001
-1.87378620e-001
-1.56997181e-001
-3.69810523e-002
-5.76214048e-001
7.98443683e-001
0.00000000e+000
0.00000000e+000
0.00000000e+000
-7.56051055e-001
-6.57642946e-001
0.00000000e+000
0.00000000e+000
3.49958825e-002
-1.35846177e+000
-9.27704613e-002
-1.11955783e+000
-1.32346589e+000
0.00000000e+000
0.00000000e+000
0.00000000e+000
-2.17872415e-001
-1.11085623e+000
5.53461883e-001
-1.04279481e+000
-5.66157592e-001
2.99228945e-001
-9.61864756e-001
4.55851802e-002
7.60758361e-001
0.00000000e+000
3.63282199e-001
4.53213280e-001
-7.59221029e-001
9.80323220e-001
-7.73201985e-001
2.21069053e-001
5.23751204e-001
-1.22998607e+000
6.27303235e-001
5.10512425e-001
-7.63507737e-001
-6.05786913e-001
0.00000000e+000
2.84732162e-001
5.23441268e-001
4.06190842e-001
0.00000000e+000
0.00000000e+000
0.00000000e+000
3.32666132e-001
0.00000000e+000
-5.58589830e-002
-6.81627033e-001
5.61594583e-002
-6.44988180e-002
-4.49991999e-002
6.52372152e-001
8.15197445e-002
0.00000000e+000
1.11137488e-001
3.19627394e-001
-7.21322392e-002
-2.37968956e-001
8.55467119e-001
2.70971999e-001
-4.53076850e-002
4.66924917e-001
-1.81779377e-001
-1.21940109e-001
-1.57720824e-001
-2.34740429e-001
8.80636348e-003
-2.66105753e-001
-5.59958154e-001
6.40782796e-001
0.00000000e+000
0.00000000e+000
-6.53997104e-001
-1.20074095e+000
5.50654151e-001
-1.72248783e-001
-1.22544221e-001
-1.21232829e+000
0.00000000e+000
0.00000000e+000
0.00000000e+000
-7.43226032e-001
-7.66184218e-001
7.32019691e-001
-1.52566554e+000
4.12539768e-002
2.06213019e+000
1.06509499e-001
-2.53196207e-001
-5.29292811e-002
0.00000000e+000
1.98946054e-001
-6.63467060e-001
-7.97455971e-001
1.21169075e+000
-1.67756822e+000
7.20032193e-003
9.47106666e-001
-5.58030267e-001
1.91184378e-001
3.27352976e-001
-7.49888047e-001
-2.18490572e-001
0.00000000e+000
0.00000000e+000
9.88873332e-001
4.15479694e-001
0.00000000e+000
0.00000000e+000
0.00000000e+000
-6.22060440e-002
-7.18374923e-002
2.97735258e-001
9.21446615e-001
-3.38274602e-002
3.22702001e-001
4.23302797e-001
-2.19179999e-001
-2.83149222e-002
0.00000000e+000
-4.67723590e-002
1.50814406e-001
-2.49899527e-001
-4.56288569e-001
3.10402650e-002
-1.13763223e-001
-2.73858302e-001
-4.14981913e-002
-2.27938913e-001
9.38233533e-002
-5.31397476e-001
0.00000000e+000
0.00000000e+000
0.00000000e+000
-4.62440244e-001
1.25720110e-001
0.00000000e+000
0.00000000e+000
0.00000000e+000
-5.88160355e-001
0.00000000e+000
0.00000000e+000
0.00000000e+000
7 -999999999 -999999999 0 -1
1 0 0 1 -1
-1.6989e-001 6.0673e-001
356
2.07884429e-001
0.00000000e+000
0.00000000e+000
0.00000000e+000
0.00000000e+000
0.00000000e+000
0.00000000e+000
0.00000000e+000
0.00000000e+000
0.00000000e+000
0.00000000e+000
0.00000000e+000
0.00000000e+000
0.00000000e+000
0.00000000e+000
0.00000000e+000
0.00000000e+000
0.00000000e+000
0.00000000e+000
0.00000000e+000
0.00000000e+000
0.00000000e+000
0.00000000e+000
0.00000000e+000
0.00000000e+000
0.00000000e+000
0.00000000e+000
0.00000000e+000
0.00000000e+000
0.00000000e+000
0.00000000e+000
2.07884429e-001
0.00000000e+000
-1.13542475e+000
-2.17621710e+000
-6.76191135e-002
-2.68753034e-001
8.49963039e-001
7.29494306e-001
4.93346137e-001
2.80950865e-001
0.00000000e+000
0.00000000e+000
0.00000000e+000
0.00000000e+000
0.00000000e+000
0.00000000e+000
0.00000000e+000
0.00000000e+000
0.00000000e+000
0.00000000e+000
-3.31809624e-001
-1.03941138e-001
-3.74412119e-001
0.00000000e+000
0.00000000e+000
0.00000000e+000
0.00000000e+000
-2.24976431e-001
2.45596494e-001
8.27107950e-002
1.52255711e-001
2.07086314e-001
-1.02692153e-001
6.57644279e-002
-1.28873229e-001
7.72993230e-002
-1.04624932e+000
0.00000000e+000
0.00000000e+000
0.00000000e+000
8.46425445e-001
-1.48103353e-002
4.03686596e-002
-8.13713564e-001
5.18142422e-003
1.20613113e-001
1.75172548e-001
-3.96220465e-004
-3.75702730e-002
-2.64449837e-001
1.27667379e-001
8.41621854e-002
8.72095681e-002
1.73295133e-001
0.00000000e+000
0.00000000e+000
0.00000000e+000
0.00000000e+000
0.00000000e+000
4.31116963e-001
-1.48705913e-001
5.83808924e-001
8.09477470e-002
2.69431505e-001
-2.41064155e-002
-1.35851723e+000
-6.48841922e-001
-4.92764177e-001
-1.20417182e-001
-8.93731998e-002
4.37103334e-002
0.00000000e+000
0.00000000e+000
7.41806401e-001
6.08303495e-001
1.65440431e+000
5.00317523e-001
1.45051244e-001
-5.63477624e-002
-6.59218881e-001
-1.18109569e+000
6.46729949e-001
6.48626551e-001
1.29808439e-001
-2.20648880e-001
-6.89955077e-001
-1.45159370e+000
0.00000000e+000
0.00000000e+000
0.00000000e+000
0.00000000e+000
0.00000000e+000
0.00000000e+000
3.45643068e-001
-9.38936462e-002
7.79905166e-002
-6.04963998e-002
-2.15019457e-001
-4.54643147e-001
1.75114544e+000
1.75752127e+000
1.62748306e+000
1.66803000e+000
1.62760581e+000
1.55187658e+000
-2.19153852e-001
-1.12288990e-001
-7.85932410e-002
1.92807477e-002
1.82473779e-002
-5.29885318e-001
2.98790915e-001
1.28433402e-001
-1.59869587e-001
-1.88681990e-001
-4.87876267e-001
-1.01837369e+000
4.03110743e-001
0.00000000e+000
0.00000000e+000
0.00000000e+000
0.00000000e+000
0.00000000e+000
0.00000000e+000
0.00000000e+000
-1.95226314e-001
-2.19229981e-001
0.00000000e+000
0.00000000e+000
-2.22467499e-001
1.17272385e-001
-3.11454473e-001
-5.17081601e-001
-5.33921972e-001
0.00000000e+000
0.00000000e+000
0.00000000e+000
-2.81449929e-002
-4.79513396e-001
-4.62559406e-001
7.65714522e-002
-6.28847626e-001
-3.66172310e-001
9.85445263e-002
-3.22519266e-001
6.69112682e-001
0.00000000e+000
4.15250196e-001
2.60283415e-001
-6.65973023e-001
9.19003095e-001
-6.40975672e-001
-8.88780149e-001
4.09379598e-001
7.60884700e-002
6.76467100e-001
3.48863335e-001
-2.35889402e-001
0.00000000e+000
0.00000000e+000
0.00000000e+000
-1.35986671e-001
1.21765861e-001
2.48575956e-001
2.42798883e-003
3.87490171e-001
4.82545550e-001
-3.63806299e-002
8.52565516e-002
-8.34050266e-002
0.00000000e+000
-3.42084192e-001
-5.06173890e-002
-2.00271633e-001
-2.82454700e-001
2.27261056e-001
3.50205531e-001
-1.38710825e-001
-2.24735201e-001
-2.55345012e-001
-3.91426787e-001
-2.73081528e-001
-8.87015952e-002
0.00000000e+000
8.75377112e-001
1.27589849e-001
-5.46497196e-002
-1.46977669e-002
-1.93541087e-002
9.39550258e-002
0.00000000e+000
0.00000000e+000
0.00000000e+000
1.82470192e-001
-2.30530253e-001
-7.59777799e-001
6.38016113e-001
-4.45049862e-001
-7.25899958e-001
2.64839605e-001
-3.38298683e-001
-8.27152361e-002
0.00000000e+000
2.87223505e-001
2.17404074e-001
4.37260686e-001
2.71623218e-001
-6.89081222e-001
-2.34711227e-001
5.99183058e-002
2.90505779e-001
5.61910461e-001
3.88847329e-001
-1.84379933e-001
4.58953452e-001
2.63906066e-001
2.06106378e-001
-2.60840444e-001
-1.33765904e-001
0.00000000e+000
-6.67054727e-001
-3.28506620e-001
7.31991698e-002
-5.33233155e-002
-1.53641758e-001
-1.27074540e-001
6.49031757e-001
4.70181707e-002
5.56214356e-002
-3.99809216e-001
0.00000000e+000
0.00000000e+000
0.00000000e+000
-3.09070788e-001
-1.59134777e+000
8.01082364e-001
-1.58521069e-001
-2.82699887e-001
1.87486082e+000
5.25081547e-001
6.13456416e-001
9.63597615e-002
0.00000000e+000
-3.43844561e-002
-1.01231742e+000
-1.58036945e+000
4.64171394e-002
7.23426695e-001
6.63086603e-001
4.97468463e-001
-8.87889917e-001
-3.37105209e-001
-4.73430699e-002
-4.30567337e-001
0.00000000e+000
0.00000000e+000
0.00000000e+000
-1.28590711e-001
-3.31048727e-003
-2.94329651e-001
5.13138582e-001
1.26203239e-001
-1.23997443e-001
1.27400084e-001
-3.06244956e-001
-5.43516548e-002
0.00000000e+000
-1.10695565e-001
3.68854029e-001
3.63363307e-002
-2.66550163e-002
-1.20091887e-001
-2.08029481e-001
-2.03348099e-001
2.08418931e-002
1.04083187e-001
-1.47779732e-001
-2.98728257e-002
1.54444419e-001
0.00000000e+000
0.00000000e+000
4.40344076e-001
4.18892346e-002
7.19217130e-002
4.06334710e-002
5.27871798e-002
0.00000000e+000
0.00000000e+000
0.00000000e+000
-9.99248773e-002
2.11195765e-001
7.51511871e-001
-1.00020522e+000
2.79294425e-001
5.01894191e-001
-4.21563455e-001
3.67850611e-001
1.76476797e-001
0.00000000e+000
-1.35149082e-001
-5.51409425e-001
-2.01726354e-001
-9.66790713e-002
5.61568721e-001
1.50466285e-001
1.08564667e-001
-2.00866236e-001
-2.30669112e-001
-1.17843325e-001
-1.84317244e-001
0.00000000e+000
0.00000000e+000
4.31530766e-001
-3.69936390e-001
-3.71720331e-002
0.00000000e+000
0.00000000e+000
8.47208703e-002
3.01543135e-003
1.61998183e-002
-5.63872827e-002
-3.32764357e-001
0.00000000e+000
0.00000000e+000
-8.00034532e-001
247
-4.00948390e-001
0.00000000e+000
0.00000000e+000
0.00000000e+000
0.00000000e+000
0.00000000e+000
0.00000000e+000
0.00000000e+000
0.00000000e+000
0.00000000e+000
0.00000000e+000
0.00000000e+000
0.00000000e+000
0.00000000e+000
0.00000000e+000
0.00000000e+000
0.00000000e+000
0.00000000e+000
0.00000000e+000
0.00000000e+000
0.00000000e+000
0.00000000e+000
0.00000000e+000
0.00000000e+000
0.00000000e+000
0.00000000e+000
0.00000000e+000
-4.00948390e-001
0.00000000e+000
1.12209560e+000
-1.52304399e+000
-7.82246931e-001
4.03493293e-001
-4.43566102e-001
0.00000000e+000
0.00000000e+000
0.00000000e+000
0.00000000e+000
0.00000000e+000
0.00000000e+000
0.00000000e+000
0.00000000e+000
0.00000000e+000
1.12766630e-001
-5.13091182e-003
-3.42626392e-001
3.33482989e-003
-1.71088627e-001
3.61686048e-004
-1.87997023e-001
-7.11052060e-002
-1.04405334e-001
-1.11994681e-001
7.45538535e-002
0.00000000e+000
0.00000000e+000
0.00000000e+000
0.00000000e+000
0.00000000e+000
1.83726520e-002
9.52903918e-003
9.16533415e-001
5.19627238e-001
5.44986460e-003
3.38091585e-002
-5.22201023e-001
-1.10838202e+000
9.53966982e-001
7.45080328e-001
2.21315100e-001
-6.98468843e-002
-7.32745356e-001
-1.38192784e+000
0.00000000e+000
0.00000000e+000
0.00000000e+000
0.00000000e+000
0.00000000e+000
0.00000000e+000
1.30196126e+000
3.39415182e-001
9.00362515e-002
-2.50517648e-001
-6.76404829e-001
-1.21496764e+000
6.34104115e-001
6.50383583e-001
5.54460641e-001
5.40583288e-001
4.49009481e-001
5.43533688e-001
5.56368224e-001
1.15519897e-001
-4.56678016e-003
1.11977208e-001
-5.30595862e-002
-5.15864426e-001
-8.98666522e-003
-7.65646823e-002
-2.76079277e-002
3.96380024e-002
1.19389165e-001
-4.26999252e-001
-1.55163372e-001
0.00000000e+000
0.00000000e+000
0.00000000e+000
-2.45785018e-001
-5.22264845e-001
0.00000000e+000
0.00000000e+000
-3.15466498e-001
-1.03854544e-001
-1.43136387e-001
-2.70076642e-001
-4.19321042e-001
0.00000000e+000
0.00000000e+000
0.00000000e+000
1.73391373e-002
-8.35217118e-001
2.22919555e-001
-5.63015787e-001
-3.82564094e-001
1.23477402e-002
3.71468009e-002
-9.27199703e-002
5.51693651e-001
0.00000000e+000
2.51490228e-001
3.12952273e-001
-6.92827164e-001
6.82121788e-001
-6.24409400e-001
-2.68564239e-001
6.19943868e-001
-1.70083810e-001
2.52419583e-001
2.49705916e-001
-1.44729234e-001
2.07909589e-002
0.00000000e+000
-7.84722970e-002
1.33047644e-001
-9.41123357e-002
0.00000000e+000
0.00000000e+000
0.00000000e+000
-1.33338114e-001
5.36842991e-002
3.19923451e-001
-3.11635328e-001
2.74397969e-001
5.24058891e-001
-1.94971598e-001
3.29398446e-001
-2.16367437e-002
0.00000000e+000
-2.32744531e-001
-1.20102404e-001
-3.57518153e-001
-2.96930229e-001
4.55312760e-001
1.88854230e-001
-3.05020322e-002
1.00467262e-001
-2.82308210e-001
-3.58522299e-001
-1.65520193e-001
2.18411623e-001
3.31913632e-001
1.90078225e-001
-2.74591808e-001
-3.36257457e-001
0.00000000e+000
-1.62296372e-001
-2.86273514e-001
6.16656485e-002
-1.22781969e-001
-3.85406871e-002
-1.37630469e-002
-4.13213030e-001
0.00000000e+000
0.00000000e+000
0.00000000e+000
-3.03924260e-001
-1.15164498e+000
-5.64929033e-003
-2.15074026e-001
-5.90163408e-001
-7.93724401e-001
1.96113128e-001
4.17893147e-001
6.11057935e-001
0.00000000e+000
-5.62947011e-002
-4.38029386e-001
-5.59736186e-001
9.62024770e-001
-3.02764993e-001
3.17917635e-001
6.98445770e-001
-3.35055324e-001
7.30152687e-001
4.05242855e-001
5.14157819e-002
2.79790600e-001
0.00000000e+000
0.00000000e+000
5.28777643e-003
-3.04368412e-001
0.00000000e+000
0.00000000e+000
0.00000000e+000
-1.04871647e-001
-1.63938925e-001
-3.04392250e-001
5.15917096e-001
-2.31153869e-001
-4.68261273e-002
3.52732204e-001
-1.96762779e-001
-9.47769339e-002
0.00000000e+000
1.83811495e-002
4.29831122e-001
-1.06234765e-002
3.37919930e-002
-2.80168592e-001
-1.17332162e-001
-1.91752542e-001
1.11090872e-002
-4.27174269e-003
8.07399825e-002
-2.28374818e-001
0.00000000e+000
0.00000000e+000
3.81472351e-001
-4.64628812e-001
-4.22926988e-001
0.00000000e+000
0.00000000e+000
0.00000000e+000
-4.17018240e-002
0.00000000e+000
0.00000000e+000
-1.48625525e-001
1 -999999999 -999999999 0 7
1 0 0 1 1
-6.2593e-001 7.3806e-001
356
1.20588917e-001
0.00000000e+000
0.00000000e+000
0.00000000e+000
0.00000000e+000
0.00000000e+000
0.00000000e+000
0.00000000e+000
0.00000000e+000
0.00000000e+000
0.00000000e+000
0.00000000e+000
0.00000000e+000
0.00000000e+000
0.00000000e+000
0.00000000e+000
0.00000000e+000
0.00000000e+000
0.00000000e+000
0.00000000e+000
0.00000000e+000
0.00000000e+000
0.00000000e+000
0.00000000e+000
0.00000000e+000
0.00000000e+000
0.00000000e+000
0.00000000e+000
0.00000000e+000
0.00000000e+000
0.00000000e+000
1.20588917e-001
0.00000000e+000
-1.31945641e+000
-1.26940252e+000
0.00000000e+000
0.00000000e+000
8.47966262e-001
6.19689851e-001
5.92079060e-001
4.93484938e-001
1.20588917e-001
0.00000000e+000
1.35109832e-001
-5.41266078e-001
0.00000000e+000
0.00000000e+000
1.05240313e-001
-4.56880260e-001
-1.19761229e-001
6.72758122e-002
-1.35901064e-002
-1.89009767e-001
-2.84787360e-001
0.00000000e+000
0.00000000e+000
0.00000000e+000
0.00000000e+000
-1.96037468e-001
1.60239279e-002
-6.98290555e-002
1.81151702e-001
1.67718919e-001
-6.94769823e-001
-7.75905547e-002
-7.17713091e-002
2.96327076e-001
-1.65211667e+000
-2.26449808e-001
1.77952492e-003
-2.62177195e-001
-1.17006692e-001
3.25750841e-003
-3.00147136e-001
4.64045416e-001
-1.41719533e-001
-4.41012416e-001
0.00000000e+000
0.00000000e+000
0.00000000e+000
0.00000000e+000
0.00000000e+000
-1.10953536e-001
-4.70993942e-002
2.78641846e-001
0.00000000e+000
0.00000000e+000
0.00000000e+000
0.00000000e+000
0.00000000e+000
-1.35996943e-001
-7.15885855e-002
-2.47593252e-001
-1.02673502e-001
-6.98206649e-002
-1.88333158e-001
-1.39429053e-002
5.50375663e-002
-1.15618729e-001
1.04561244e-001
0.00000000e+000
0.00000000e+000
0.00000000e+000
0.00000000e+000
3.30261821e+000
1.40090596e+000
0.00000000e+000
0.00000000e+000
0.00000000e+000
0.00000000e+000
0.00000000e+000
0.00000000e+000
2.28734872e-001
-4.43470639e-002
-1.14285817e-001
-5.42876547e-001
-1.11155374e+000
-1.59770100e+000
0.00000000e+000
0.00000000e+000
0.00000000e+000
0.00000000e+000
0.00000000e+000
0.00000000e+000
7.07616379e-001
-8.52491348e-002
1.04757900e-001
-1.83737672e-001
-5.54736154e-001
-1.26896836e+000
4.41988552e+000
4.45354754e+000
4.38488283e+000
4.20372580e+000
4.28204475e+000
4.02600419e+000
7.82834630e-001
2.88742086e-001
1.58271021e-001
2.71738427e-001
2.85976448e-001
-7.56121824e-001
9.57626966e-002
-3.30528489e-001
-2.32917244e-001
-4.68742542e-002
-2.11489444e-001
-1.03744607e+000
0.00000000e+000
0.00000000e+000
0.00000000e+000
0.00000000e+000
0.00000000e+000
0.00000000e+000
0.00000000e+000
0.00000000e+000
1.20588917e-001
-1.73161677e-001
-7.25905022e-001
0.00000000e+000
-1.05824093e+000
-6.35419488e-001
-1.39788335e+000
-6.44897553e-001
-2.45612427e+000
0.00000000e+000
0.00000000e+000
0.00000000e+000
-1.66980883e-001
0.00000000e+000
2.29609260e-002
-4.76575183e-001
0.00000000e+000
-1.13076009e-003
-5.69739751e-001
1.50224090e-001
5.12167498e-001
0.00000000e+000
-1.03849735e-001
7.07322766e-002
-9.34799296e-001
-8.42822212e-001
9.93065338e-002
-1.81324026e-001
-9.32070652e-002
0.00000000e+000
0.00000000e+000
5.89133129e-002
1.18126386e-001
0.00000000e+000
0.00000000e+000
0.00000000e+000
-3.45533096e-002
0.00000000e+000
-6.38813181e-001
-1.18659057e+000
0.00000000e+000
-5.77864531e-002
2.68513306e-001
1.24185416e-001
-5.19735897e-001
0.00000000e+000
2.40175216e-001
8.33049175e-001
1.81726206e-001
4.42869145e-001
-3.17782460e-001
3.69521336e-001
2.22146930e-001
0.00000000e+000
0.00000000e+000
1.91201528e-001
1.52000415e+000
4.58062139e-001
1.83787900e-001
2.74274239e-001
0.00000000e+000
3.61668336e-001
1.33848645e-001
-3.74548420e-002
-5.40773131e-002
0.00000000e+000
0.00000000e+000
0.00000000e+000
2.82154428e-001
0.00000000e+000
2.48548862e-001
2.39667646e+000
0.00000000e+000
-6.70186078e-001
-1.09739878e-001
-8.14842139e-001
7.56284615e-001
0.00000000e+000
-6.86038976e-002
-6.84690320e-001
9.95479675e-002
1.75370693e-002
-6.70722462e-001
-9.45537594e-001
1.69522660e-002
0.00000000e+000
0.00000000e+000
9.25433827e-002
1.06194201e+000
6.65134935e-001
3.96807079e-001
0.00000000e+000
0.00000000e+000
0.00000000e+000
0.00000000e+000
0.00000000e+000
0.00000000e+000
0.00000000e+000
0.00000000e+000
0.00000000e+000
0.00000000e+000
0.00000000e+000
0.00000000e+000
0.00000000e+000
-1.28031704e+000
0.00000000e+000
0.00000000e+000
0.00000000e+000
-8.40965875e-001
-6.21474237e-001
1.41676481e-002
5.09424041e-001
4.26760134e-002
1.17552506e+000
5.69345866e-001
1.18173833e-001
-1.10505123e+000
0.00000000e+000
-4.46400122e-001
5.79529949e-002
-1.16145320e+000
3.98894740e-001
4.39647974e-001
4.65693056e-001
2.19257311e-001
-9.89359211e-001
1.02728275e-001
-2.29099982e-001
1.81227864e-001
0.00000000e+000
0.00000000e+000
0.00000000e+000
-2.46108210e-003
-5.31190874e-001
-1.05748089e-001
-3.66451018e-001
-1.25224006e-001
-5.48871243e-002
4.76352463e-002
-1.09383965e-001
5.63117578e-001
0.00000000e+000
1.98930980e-001
1.60043299e-001
3.15964363e-001
2.73150905e-001
-4.09720164e-001
-2.16418246e-001
-1.75947474e-001
3.32532954e-001
9.52906111e-002
2.91993970e-001
-5.57130038e-001
-3.87181431e-001
0.00000000e+000
-1.88719390e-001
-2.30376687e-001
1.22712468e-001
3.03936524e-002
-5.40287552e-001
-3.30272886e-001
0.00000000e+000
0.00000000e+000
0.00000000e+000
3.23750459e-001
-9.14431340e-001
9.70118916e-002
-8.12873783e-001
1.44852635e-001
2.66475354e-001
-3.80541385e-001
7.84318131e-001
-6.62893114e-001
0.00000000e+000
-2.08823983e-001
2.18613909e-001
-1.74333750e-002
2.68416604e-001
9.08056877e-001
7.43152554e-001
2.68832478e-001
-6.42204609e-001
1.04202478e-002
-7.24972436e-001
-1.69948606e-001
0.00000000e+000
-5.07335961e-001
-3.27092671e-001
-7.23187003e-001
-2.48238056e-001
0.00000000e+000
0.00000000e+000
-5.12793569e-001
7.69918883e-002
1.12503014e-001
-4.37732959e-001
-4.74948946e-001
0.00000000e+000
0.00000000e+000
2.40144215e-001
247
1.86882880e-002
0.00000000e+000
0.00000000e+000
0.00000000e+000
0.00000000e+000
0.00000000e+000
0.00000000e+000
0.00000000e+000
0.00000000e+000
0.00000000e+000
0.00000000e+000
0.00000000e+000
0.00000000e+000
0.00000000e+000
0.00000000e+000
0.00000000e+000
0.00000000e+000
0.00000000e+000
0.00000000e+000
0.00000000e+000
0.00000000e+000
0.00000000e+000
0.00000000e+000
0.00000000e+000
0.00000000e+000
0.00000000e+000
0.00000000e+000
1.86882880e-002
0.00000000e+000
2.53103170e+000
-2.51234341e+000
-2.58571055e+000
1.43757601e-001
-7.34117567e-001
1.86882880e-002
0.00000000e+000
1.65842844e+000
-1.63974015e+000
-7.22974476e-002
-8.01095260e-001
-4.97458443e-001
2.08921701e-001
-1.54175962e-004
1.13100968e-001
-1.05600277e-003
-3.03334381e-001
7.13599244e-002
0.00000000e+000
0.00000000e+000
0.00000000e+000
0.00000000e+000
9.36970059e-002
9.44733351e-003
-8.44560513e-002
0.00000000e+000
0.00000000e+000
0.00000000e+000
0.00000000e+000
0.00000000e+000
2.54166570e+000
1.12098896e+000
0.00000000e+000
0.00000000e+000
0.00000000e+000
0.00000000e+000
0.00000000e+000
0.00000000e+000
4.73270210e-001
2.90656984e-001
5.23062952e-001
-5.32927797e-001
-9.66040443e-001
-2.31099932e+000
0.00000000e+000
0.00000000e+000
0.00000000e+000
0.00000000e+000
0.00000000e+000
0.00000000e+000
5.84482320e-001
4.13596988e-002
1.94870122e-001
-1.38038180e-001
-5.54124291e-001
-1.23085034e+000
4.01022974e+000
3.93337598e+000
3.89970945e+000
3.75484721e+000
3.83700811e+000
3.44982519e+000
2.53029135e-001
5.45312555e-001
1.94955660e-001
5.36445041e-001
5.10670040e-001
5.95375313e-002
-1.27188791e-002
-2.28188553e-001
-3.95229991e-001
-3.22877828e-001
-2.36989555e-001
-8.23897544e-001
0.00000000e+000
0.00000000e+000
0.00000000e+000
0.00000000e+000
1.86882880e-002
-2.12850248e-001
-1.22270984e+000
0.00000000e+000
-8.90041344e-001
-4.10226226e-001
-5.87195693e-001
-5.15104981e-001
-1.30026757e+000
0.00000000e+000
0.00000000e+000
0.00000000e+000
3.79094496e-001
0.00000000e+000
4.56153956e-001
3.78005182e-002
0.00000000e+000
3.53354298e-001
1.93909934e-001
1.03662813e+000
0.00000000e+000
0.00000000e+000
3.60803605e-001
4.77992482e-001
-1.55047962e-001
5.94151166e-001
3.91751517e-001
8.15523768e-001
5.11501535e-001
0.00000000e+000
0.00000000e+000
6.77774173e-002
6.84801936e-002
-7.81812084e-002
-2.02347429e-001
1.24166220e-001
0.00000000e+000
-1.39825625e-001
0.00000000e+000
0.00000000e+000
0.00000000e+000
6.39384166e-002
0.00000000e+000
2.27169111e-001
4.67128608e-001
0.00000000e+000
2.05932128e-001
1.46576196e-001
-1.46291211e-001
0.00000000e+000
0.00000000e+000
6.00884949e-001
0.00000000e+000
0.00000000e+000
-6.74737101e-001
2.00395954e-001
3.26314381e-001
-8.86907130e-002
0.00000000e+000
0.00000000e+000
2.60172459e-001
1.46661402e-001
4.67033033e-002
9.99580988e-002
0.00000000e+000
-1.36874776e+000
0.00000000e+000
0.00000000e+000
0.00000000e+000
0.00000000e+000
0.00000000e+000
0.00000000e+000
0.00000000e+000
0.00000000e+000
-1.10230067e+000
0.00000000e+000
0.00000000e+000
0.00000000e+000
-4.20325294e-001
-1.31469345e+000
2.67301408e-001
6.15018201e-001
8.49261935e-002
6.27651863e-001
5.18011304e-001
4.27209949e-001
-5.37803398e-001
0.00000000e+000
-3.43362782e-001
-1.08630424e+000
-8.67324726e-001
3.51496658e-001
7.07240698e-002
3.11572608e-001
3.05022040e-001
-2.87158451e-001
3.48843710e-001
-1.73106345e-001
-3.73232798e-001
-6.05329415e-002
0.00000000e+000
-2.88717084e-001
-3.94421891e-001
-1.33908611e-001
0.00000000e+000
0.00000000e+000
0.00000000e+000
-1.86514647e-003
6.31817493e-001
-2.74402348e-001
-1.07052264e-002
-1.96854438e-001
9.94805297e-002
1.04582874e-001
-5.96688263e-001
8.55122024e-001
0.00000000e+000
3.37193835e-001
5.40908864e-001
-1.41559701e-001
-2.76052171e-002
-7.72313583e-001
-5.14416577e-001
-4.04167242e-001
1.31665150e-001
-1.99067179e-001
3.04965539e-001
-3.12699856e-001
0.00000000e+000
-3.53674844e-001
-1.01894336e-001
-7.29067876e-001
-5.26662751e-001
0.00000000e+000
0.00000000e+000
-5.56467744e-001
-2.02405125e-001
0.00000000e+000
-1.39621164e+000
-2.71470162e-001
4 1
2.4964e-001 -1.2510e-001
2 0
0 7 
217
-1.15316814e-001
-5.27786667e-001
2.16322438e-001
-4.26081947e-001
3.68271742e-002
7.48343041e-002
1.00000150e-001
-1.57132057e-001
-8.21483348e-002
-1.19489271e-001
-2.21862293e-001
-3.06969858e-002
5.18664891e-002
4.14909234e-002
0.00000000e+000
0.00000000e+000
0.00000000e+000
1.77192956e-002
3.84422712e-005
-2.19939641e-001
-1.68149380e-001
2.44952344e-003
-2.12428679e-001
3.51132702e-002
1.86010474e-004
-2.81042207e-001
-4.18202936e-002
1.48336559e-001
-1.22469136e-001
-1.10573856e-001
1.12099124e-002
0.00000000e+000
0.00000000e+000
0.00000000e+000
0.00000000e+000
0.00000000e+000
-1.54877428e-001
-1.42124519e-001
1.81685133e-001
0.00000000e+000
0.00000000e+000
0.00000000e+000
0.00000000e+000
0.00000000e+000
-1.54877428e-001
2.83017203e-001
-4.25141722e-001
1.81685133e-001
0.00000000e+000
0.00000000e+000
0.00000000e+000
0.00000000e+000
0.00000000e+000
0.00000000e+000
0.00000000e+000
0.00000000e+000
0.00000000e+000
0.00000000e+000
0.00000000e+000
0.00000000e+000
0.00000000e+000
0.00000000e+000
3.95606141e-002
0.00000000e+000
-5.80019150e-001
-1.55185829e+000
3.27719815e-001
8.26757585e-001
1.36982520e-001
4.33309368e-001
0.00000000e+000
1.28139775e-001
-2.49597464e-002
-8.27247323e-002
2.19670569e-001
-1.60731856e-001
3.51077433e-001
0.00000000e+000
0.00000000e+000
0.00000000e+000
0.00000000e+000
0.00000000e+000
0.00000000e+000
0.00000000e+000
0.00000000e+000
0.00000000e+000
0.00000000e+000
0.00000000e+000
0.00000000e+000
0.00000000e+000
0.00000000e+000
0.00000000e+000
0.00000000e+000
0.00000000e+000
0.00000000e+000
0.00000000e+000
0.00000000e+000
0.00000000e+000
0.00000000e+000
0.00000000e+000
0.00000000e+000
0.00000000e+000
0.00000000e+000
0.00000000e+000
0.00000000e+000
0.00000000e+000
0.00000000e+000
0.00000000e+000
0.00000000e+000
0.00000000e+000
0.00000000e+000
0.00000000e+000
0.00000000e+000
0.00000000e+000
0.00000000e+000
0.00000000e+000
0.00000000e+000
0.00000000e+000
0.00000000e+000
-1.29912347e-001
-1.06050118e+000
-6.40743504e-001
0.00000000e+000
0.00000000e+000
0.00000000e+000
5.21474572e-001
-6.51082901e-001
1.88006300e-001
-1.19616236e+000
-4.64072005e-001
5.21148671e-001
-4.43202890e-002
7.39200140e-001
-9.54503430e-002
0.00000000e+000
7.95253064e-001
-9.93713120e-001
-5.66034463e-001
2.92243531e-001
5.52356232e-002
-1.16883125e-001
3.28177464e-001
-3.92299171e-001
-1.39838211e-001
5.78373113e-001
7.91777069e-002
0.00000000e+000
0.00000000e+000
0.00000000e+000
3.04629046e-002
-4.05390257e-001
-4.77673379e-002
1.05228138e+000
-5.72944404e-001
-2.28306110e-001
4.57347074e-001
-2.27430955e-001
5.51890729e-002
0.00000000e+000
7.91666852e-002
4.34146203e-001
-3.85243013e-001
7.14759185e-002
1.24136485e-001
-4.05454096e-002
3.13023955e-002
-4.01810191e-001
-9.43112512e-003
6.25383952e-002
-8.41749557e-001
0.00000000e+000
0.00000000e+000
0.00000000e+000
-1.33319818e-001
-6.05507279e-001
-2.05600746e-001
9.42188457e-001
-3.80690987e-001
3.25667293e-001
6.32857890e-001
-1.76974720e-001
-4.07221660e-001
0.00000000e+000
2.23521733e-001
-3.70469314e-001
-6.64740991e-001
1.33588388e-001
-7.30046113e-001
5.51941567e-001
6.01460666e-001
-4.63840579e-001
-1.67376531e-001
5.28131874e-002
-1.95290840e-001
0.00000000e+000
0.00000000e+000
0.00000000e+000
1.31066130e-001
-9.17693342e-001
-7.69120735e-002
-1.93611430e-001
-3.29708072e-001
4.01727745e-001
2.00282671e-001
2.98392287e-001
2.77716013e-001
0.00000000e+000
8.19058601e-002
-1.78236286e-003
-4.07823307e-001
1.99282772e-002
7.26707987e-001
1.29967564e-001
8.84142400e-003
-4.79247110e-001
-3.69423067e-002
-2.81067940e-002
136
7.52127446e-001
0.00000000e+000
0.00000000e+000
2.38186252e-001
2.80819108e-003
1.01531289e-001
5.27568872e-003
4.12409906e-001
-6.73599829e-005
5.43191520e-001
1.59363020e-001
-3.80555169e-002
2.98375339e-002
5.77908883e-002
0.00000000e+000
0.00000000e+000
0.00000000e+000
0.00000000e+000
0.00000000e+000
-3.28515534e-001
5.00022871e-002
1.03064069e+000
0.00000000e+000
0.00000000e+000
0.00000000e+000
0.00000000e+000
0.00000000e+000
-3.28515534e-001
6.40202579e-001
-5.90200292e-001
1.03064069e+000
0.00000000e+000
0.00000000e+000
0.00000000e+000
0.00000000e+000
0.00000000e+000
0.00000000e+000
0.00000000e+000
0.00000000e+000
0.00000000e+000
0.00000000e+000
0.00000000e+000
0.00000000e+000
0.00000000e+000
0.00000000e+000
0.00000000e+000
0.00000000e+000
-9.18715826e-001
4.50818695e-001
-5.20204778e-001
-1.14349457e+000
0.00000000e+000
3.11687045e-001
-4.75819157e-001
-6.84670218e-002
-9.72499893e-002
0.00000000e+000
0.00000000e+000
0.00000000e+000
0.00000000e+000
0.00000000e+000
0.00000000e+000
1.08064298e+000
0.00000000e+000
0.00000000e+000
0.00000000e+000
0.00000000e+000
0.00000000e+000
0.00000000e+000
0.00000000e+000
0.00000000e+000
0.00000000e+000
0.00000000e+000
0.00000000e+000
0.00000000e+000
0.00000000e+000
0.00000000e+000
0.00000000e+000
0.00000000e+000
0.00000000e+000
0.00000000e+000
0.00000000e+000
0.00000000e+000
0.00000000e+000
0.00000000e+000
0.00000000e+000
-6.09334686e-001
-9.59144077e-001
-9.53308523e-001
0.00000000e+000
0.00000000e+000
0.00000000e+000
7.61474380e-001
-2.75580274e+000
3.54070208e-001
-9.17719531e-001
-1.31904475e+000
4.37943862e-001
1.69190144e-001
8.71019393e-001
6.01302998e-002
0.00000000e+000
1.39193504e+000
-7.13940550e-001
-1.21855435e+000
6.04333291e-001
5.92577297e-001
4.84361188e-001
7.60342969e-001
-1.09435530e+000
-1.86867377e-001
7.65597999e-001
-1.14690068e+000
0.00000000e+000
0.00000000e+000
0.00000000e+000
3.77080348e-001
-2.58368976e+000
5.61300421e-001
7.92575942e-001
-1.01483480e+000
1.19261930e+000
6.83998890e-001
1.40458475e-001
-2.47474764e-001
0.00000000e+000
1.05680787e+000
-8.45080281e-001
-1.15146065e+000
6.29883251e-001
-6.86783978e-001
1.04877783e-001
3.84459417e-001
-1.18892587e+000
-1.05351535e-002
6.57822886e-001
19 1
-2.0365e-001 9.3473e-002
3 0
0 7 4 
217
3.04451959e-001
-5.61927578e-001
-1.24932357e-001
2.84744549e-002
1.76287674e-001
2.69156148e-002
2.65384350e-001
-1.58367537e-001
8.24093761e-002
-2.66443758e-002
-5.96607349e-002
-1.38039020e-001
-1.59968705e-001
4.47816331e-002
0.00000000e+000
0.00000000e+000
0.00000000e+000
3.89577930e-002
-9.28160224e-003
2.16511982e-002
-1.63716619e-001
3.44646901e-003
-2.43073386e-001
4.29210785e-001
-1.92174964e-004
-4.18585421e-001
3.13087478e-001
2.37007939e-001
-1.16285008e-001
-1.25527613e-001
-3.83083560e-003
0.00000000e+000
0.00000000e+000
0.00000000e+000
0.00000000e+000
0.00000000e+000
-1.67329426e-002
-1.29304370e-001
7.47099934e-002
3.75779279e-001
0.00000000e+000
0.00000000e+000
0.00000000e+000
0.00000000e+000
-1.67329426e-002
3.41597046e-001
-5.67464257e-001
4.52972575e-001
9.65628408e-002
-4.92029248e-002
-3.29059657e-001
3.75779279e-001
0.00000000e+000
0.00000000e+000
0.00000000e+000
0.00000000e+000
0.00000000e+000
0.00000000e+000
0.00000000e+000
0.00000000e+000
0.00000000e+000
0.00000000e+000
3.21184902e-001
0.00000000e+000
-8.16694015e-001
-1.74356244e+000
6.97953937e-001
9.55749512e-001
4.23192038e-001
5.94749265e-001
0.00000000e+000
3.72224019e-001
-1.69076903e-001
6.38059798e-003
-1.57732564e-001
-7.41526578e-002
1.97176640e-001
0.00000000e+000
2.10372422e-001
-3.19231739e-001
-6.82856844e-003
-6.65710440e-001
1.00908106e-001
-2.21192913e-001
0.00000000e+000
0.00000000e+000
0.00000000e+000
0.00000000e+000
0.00000000e+000
0.00000000e+000
0.00000000e+000
0.00000000e+000
0.00000000e+000
0.00000000e+000
0.00000000e+000
0.00000000e+000
0.00000000e+000
0.00000000e+000
0.00000000e+000
0.00000000e+000
0.00000000e+000
0.00000000e+000
0.00000000e+000
0.00000000e+000
0.00000000e+000
0.00000000e+000
0.00000000e+000
0.00000000e+000
0.00000000e+000
0.00000000e+000
0.00000000e+000
0.00000000e+000
0.00000000e+000
0.00000000e+000
0.00000000e+000
0.00000000e+000
0.00000000e+000
0.00000000e+000
0.00000000e+000
-7.12739553e-002
-9.15844795e-001
-6.01493600e-001
0.00000000e+000
0.00000000e+000
0.00000000e+000
4.68856507e-001
-5.67252214e-001
-3.80216878e-002
-6.11462375e-001
-5.16216750e-001
5.30573855e-001
5.99995425e-001
2.66084407e-001
-2.46473968e-001
0.00000000e+000
1.24264668e+000
-5.82023942e-001
-9.06867949e-001
2.84175006e-002
-7.01657160e-002
-6.29596100e-001
2.61083851e-001
-4.37351985e-001
-2.32397112e-001
8.38677970e-001
6.48900535e-002
0.00000000e+000
0.00000000e+000
0.00000000e+000
9.54827059e-002
-7.18767220e-001
-3.27114935e-002
5.93587306e-001
-5.54440530e-001
-2.08491880e-001
8.49894038e-002
8.50295770e-003
1.07960563e-001
0.00000000e+000
-7.67569925e-003
1.22027278e-001
-2.24477018e-001
3.33289004e-001
1.09393783e-001
3.18654007e-001
1.68780236e-001
-2.24532411e-001
1.62779286e-001
-6.94602251e-002
-7.42757960e-001
0.00000000e+000
0.00000000e+000
0.00000000e+000
-2.43408107e-001
-6.11503656e-001
2.85777524e-001
1.42585079e+000
-3.97715107e-001
7.55098011e-001
5.90464110e-001
7.40454736e-002
-6.76271518e-001
0.00000000e+000
5.46740623e-002
-4.82316904e-001
-7.69671138e-001
2.19953025e-002
-6.21666481e-002
1.76363400e-001
-1.42301469e-002
-4.64529079e-001
-2.10721022e-001
-1.94493312e-001
-1.80190090e-001
0.00000000e+000
0.00000000e+000
0.00000000e+000
1.80014246e-001
-8.34044287e-001
2.61271834e-001
-3.29874383e-001
-9.84606623e-004
4.64825865e-001
-6.66229219e-002
1.08624078e-001
2.78972786e-001
0.00000000e+000
1.37334359e-001
-1.12400483e-001
-4.26631029e-001
6.44019153e-002
2.88705680e-001
2.96041650e-002
1.93038829e-001
-4.25916817e-001
-1.05667688e-001
1.15158367e-001
136
5.35765357e-001
0.00000000e+000
0.00000000e+000
1.45391947e-001
5.82750846e-003
-1.78314868e-002
6.68507838e-003
4.08204897e-001
-6.21474131e-005
2.27974144e-001
1.87569333e-001
3.04500591e-002
8.23172796e-002
7.45454174e-003
0.00000000e+000
0.00000000e+000
0.00000000e+000
0.00000000e+000
0.00000000e+000
-2.87107113e-001
-6.62631032e-002
3.02410045e-001
5.86725529e-001
0.00000000e+000
0.00000000e+000
0.00000000e+000
0.00000000e+000
-2.87107113e-001
3.11557335e-001
-3.04608840e-001
6.73544801e-001
-7.32115980e-002
-3.49428714e-002
-3.36191885e-001
5.86725529e-001
0.00000000e+000
0.00000000e+000
0.00000000e+000
0.00000000e+000
0.00000000e+000
0.00000000e+000
0.00000000e+000
0.00000000e+000
0.00000000e+000
0.00000000e+000
0.00000000e+000
0.00000000e+000
-1.00111944e+000
5.35779403e-001
-3.73998610e-001
-1.35722403e+000
0.00000000e+000
-8.37042478e-002
-2.26629810e-001
-1.00722530e-001
-1.94002216e-002
0.00000000e+000
3.93386182e-001
-5.43685726e-001
1.97727347e-001
-4.94566747e-001
0.00000000e+000
8.22872471e-001
0.00000000e+000
0.00000000e+000
0.00000000e+000
0.00000000e+000
0.00000000e+000
0.00000000e+000
0.00000000e+000
0.00000000e+000
0.00000000e+000
0.00000000e+000
0.00000000e+000
0.00000000e+000
0.00000000e+000
0.00000000e+000
0.00000000e+000
0.00000000e+000
0.00000000e+000
0.00000000e+000
0.00000000e+000
0.00000000e+000
0.00000000e+000
0.00000000e+000
0.00000000e+000
-6.47429091e-001
-1.02397362e+000
-9.00098032e-001
0.00000000e+000
0.00000000e+000
0.00000000e+000
6.85531211e-001
-2.15617278e+000
3.43478435e-001
-2.32309984e-001
-1.40275944e+000
3.04783678e-001
2.84323041e-001
6.91663468e-001
6.00788750e-002
0.00000000e+000
1.22345970e+000
-4.76057330e-001
-1.31885301e+000
3.98814107e-001
5.02900502e-001
2.59654597e-001
6.83885178e-001
-1.22756939e+000
-2.40155107e-001
7.15206214e-001
-1.18034736e+000
0.00000000e+000
0.00000000e+000
0.00000000e+000
3.77492434e-001
-2.52476949e+000
-6.11007875e-003
6.80289747e-001
-1.32068736e+000
6.29962391e-001
1.05342119e+000
2.39435320e-001
-4.80359290e-002
0.00000000e+000
9.91272687e-001
-6.62452124e-001
-1.21109460e+000
6.03923529e-001
-2.90647315e-001
4.43971002e-001
5.34986586e-001
-1.28980416e+000
3.59649922e-002
5.82533814e-001
16 1
-4.0824e-001 1.7294e-001
5 0
0 7 4 19 1 
217
1.57473632e-001
-3.34289849e-001
-1.05008499e-001
-1.35831227e-001
9.53546370e-002
8.59011608e-002
8.65771632e-002
-1.65778684e-001
-1.37665653e-001
3.82798087e-002
8.54491596e-002
1.03439770e-001
2.77583252e-002
-6.71969361e-002
0.00000000e+000
0.00000000e+000
0.00000000e+000
1.37845778e-002
-1.11311933e-002
3.51974922e-001
-1.31332093e-001
3.16662105e-003
-1.48946345e-002
2.75021148e-001
-1.21963750e-004
-1.63808532e-001
7.92308999e-002
1.18971285e-001
-5.46719220e-002
-4.85400112e-004
0.00000000e+000
0.00000000e+000
0.00000000e+000
0.00000000e+000
0.00000000e+000
0.00000000e+000
0.00000000e+000
-2.34680805e-001
1.18758799e-001
1.59008696e-001
1.17479938e-001
1.24263015e-002
0.00000000e+000
0.00000000e+000
-5.06052908e-002
4.52640969e-001
-1.37997466e-002
1.66393584e-001
2.04683476e-001
-1.67115038e-001
-4.55073844e-002
-1.59708335e-001
0.00000000e+000
-8.53025731e-002
-8.16850518e-001
5.05193711e-001
0.00000000e+000
-7.70985626e-002
-2.46614153e-001
5.81373729e-001
3.43334512e-002
-3.50859934e-002
1.73745472e-001
0.00000000e+000
-1.05890385e+000
-1.50994828e+000
7.45183221e-001
9.78869155e-001
4.71194263e-001
3.22889777e-001
0.00000000e+000
1.86992746e-001
-1.52321287e-001
-4.57413517e-002
-1.78702342e-001
1.62222381e-002
5.76085057e-002
0.00000000e+000
1.02156718e-001
-1.98812626e-001
-1.69238209e-002
-5.19167824e-001
7.22407356e-002
-3.87212089e-001
0.00000000e+000
3.86982234e-001
5.49816821e-002
9.65380165e-003
1.66644024e-002
-2.39162403e-001
-2.43506743e-001
3.47939200e-002
1.23432254e-001
1.65258710e-001
-3.57457379e-002
-8.22772445e-001
3.49931957e-002
1.17048184e-001
0.00000000e+000
0.00000000e+000
0.00000000e+000
0.00000000e+000
0.00000000e+000
0.00000000e+000
0.00000000e+000
0.00000000e+000
0.00000000e+000
0.00000000e+000
0.00000000e+000
0.00000000e+000
0.00000000e+000
0.00000000e+000
0.00000000e+000
0.00000000e+000
0.00000000e+000
0.00000000e+000
0.00000000e+000
0.00000000e+000
0.00000000e+000
-2.37900982e-001
-1.09651761e+000
-5.81398420e-001
0.00000000e+000
0.00000000e+000
0.00000000e+000
3.34053112e-001
-5.88096917e-001
-7.47196864e-002
1.62999723e-001
-4.91644405e-001
3.92076372e-001
2.16266823e-001
-2.42435317e-001
-4.22298835e-001
0.00000000e+000
1.01922385e+000
-1.19663160e+000
-5.78743159e-001
5.50833973e-001
1.65059679e-001
-6.42435115e-001
2.84452241e-001
-5.03629447e-001
2.56910080e-001
7.77360216e-001
-2.56842593e-002
0.00000000e+000
0.00000000e+000
0.00000000e+000
1.54307544e-001
-6.99575483e-001
6.94767796e-002
1.78055029e-001
-7.00176343e-001
-1.17520213e-001
3.13411523e-001
2.72854069e-001
2.65943627e-001
0.00000000e+000
6.58648144e-002
5.56423292e-001
-3.84205579e-001
9.89556352e-002
2.12850355e-002
3.84816050e-001
1.18946721e-001
-2.77280284e-001
-2.53168628e-001
-9.40978481e-002
-8.56651286e-001
0.00000000e+000
0.00000000e+000
0.00000000e+000
-2.46181743e-001
-6.04987818e-001
-6.28462061e-002
1.10795516e+000
-5.90906995e-001
1.10618402e+000
5.07817604e-001
2.10797327e-001
-4.94034464e-001
0.00000000e+000
2.08954062e-001
-4.96662368e-001
-1.25231245e+000
-1.17886494e-001
1.76352974e-001
7.50802041e-001
3.20570025e-003
-6.23553713e-001
-3.66371108e-001
-7.29768160e-002
-1.75916479e-001
0.00000000e+000
0.00000000e+000
0.00000000e+000
2.12381689e-001
-9.69504772e-001
1.24761596e-001
-2.51260434e-001
-2.03487499e-001
1.98009797e-001
9.50506386e-002
1.29639329e-001
2.68289754e-001
0.00000000e+000
2.57481136e-001
-8.49551663e-002
-2.91890148e-001
1.48769897e-001
1.09868223e-001
2.65626332e-002
2.74579092e-001
-4.27724854e-001
2.72159188e-002
1.80296690e-001
136
3.58741933e-001
0.00000000e+000
0.00000000e+000
6.47175862e-002
5.50600306e-003
-4.13692370e-002
6.13065449e-003
3.35393584e-001
9.31521782e-005
2.62109742e-001
1.87662033e-001
-4.30713999e-002
-5.36426837e-002
5.68424211e-003
0.00000000e+000
0.00000000e+000
0.00000000e+000
0.00000000e+000
0.00000000e+000
-1.11076488e-002
-4.49044587e-001
2.44250036e-002
3.33137511e-001
4.68035342e-001
-6.70368807e-003
0.00000000e+000
0.00000000e+000
-4.82520522e-001
4.68830990e-001
1.51013475e-001
3.59059832e-001
5.30518457e-002
-2.93832666e-001
-7.45682241e-002
-5.09545842e-002
-2.89575141e-004
4.42335176e-002
-6.47225490e-001
2.41499590e-001
2.78570030e-002
-6.73847512e-002
-2.08034400e-003
6.32051838e-001
0.00000000e+000
0.00000000e+000
0.00000000e+000
0.00000000e+000
-9.74761832e-001
6.20743867e-001
-2.59861116e-001
-1.37402602e+000
0.00000000e+000
-2.50054158e-001
-1.29345341e-001
-9.15325811e-002
-2.22329632e-002
0.00000000e+000
1.34601816e-001
-5.23476471e-001
2.17616965e-001
-5.21355916e-001
-4.71412873e-001
4.57190608e-001
-1.99168605e-001
1.02458459e-001
1.30396664e-001
1.34139572e-001
1.81863241e-001
-4.96962038e-002
2.45496347e-001
-2.38463837e-001
0.00000000e+000
0.00000000e+000
0.00000000e+000
0.00000000e+000
0.00000000e+000
0.00000000e+000
0.00000000e+000
0.00000000e+000
0.00000000e+000
0.00000000e+000
0.00000000e+000
0.00000000e+000
0.00000000e+000
0.00000000e+000
0.00000000e+000
-5.65865714e-001
-1.01693576e+000
-8.45107554e-001
0.00000000e+000
0.00000000e+000
0.00000000e+000
7.02354530e-001
-2.08274895e+000
2.58290162e-001
-1.63389718e-001
-1.40729471e+000
2.93100231e-001
3.05337520e-001
7.09537792e-001
2.99275046e-003
0.00000000e+000
1.21958574e+000
-5.25303434e-001
-1.33443946e+000
4.79168731e-001
4.32638035e-001
2.23012321e-001
6.63863790e-001
-1.15502654e+000
-2.04106808e-001
7.37320473e-001
-1.15864496e+000
0.00000000e+000
0.00000000e+000
0.00000000e+000
3.10437087e-001
-2.24452718e+000
2.43382090e-001
7.06218006e-001
-1.09897560e+000
1.01809606e+000
9.23128190e-001
1.87228575e-001
-1.71403653e-001
0.00000000e+000
8.55766677e-001
-7.62316541e-001
-1.25701377e+000
5.30450152e-001
-2.34106562e-001
2.80067088e-001
4.67552221e-001
-1.33414615e+000
-6.06376852e-002
4.82156045e-001
2 1
-2.9716e-001 1.6067e-001
6 1
0 7 4 19 1 16 
217
7.76911976e-002
2.46935825e-001
-4.18566705e-001
-2.05661890e-001
-1.28725628e-001
1.62444037e-001
1.31663573e-001
3.92216552e-001
1.29815673e-001
-7.44054841e-002
1.34854543e-001
-6.99078603e-001
-1.89916964e-001
1.55617756e-001
-1.53232260e-001
7.42793103e-003
5.32150437e-002
2.30923458e-001
5.75701512e-003
-8.02300927e-002
0.00000000e+000
0.00000000e+000
0.00000000e+000
0.00000000e+000
0.00000000e+000
0.00000000e+000
0.00000000e+000
0.00000000e+000
2.79392102e-003
-4.84571723e-002
1.23354449e-001
0.00000000e+000
0.00000000e+000
0.00000000e+000
0.00000000e+000
0.00000000e+000
-5.11741184e-001
-8.30384135e-002
2.24643751e-001
2.50585024e-001
3.36013808e-001
7.74996566e-002
-2.16271445e-001
0.00000000e+000
-1.87867256e-001
4.90954171e-001
2.22336315e-001
6.95436370e-002
4.84989590e-001
-2.19381217e-001
-4.99311015e-001
-1.56843575e-001
1.62296511e-001
-2.09963485e-001
-8.46279909e-001
2.55466666e-001
0.00000000e+000
-1.86742221e-001
3.27979929e-001
7.24226892e-001
-8.50271555e-002
5.81558385e-001
9.29011522e-002
0.00000000e+000
-6.89569670e-001
-8.51427572e-001
3.36276201e-001
1.03531021e+000
4.30984667e-001
7.71771660e-001
0.00000000e+000
-1.94277421e-002
-9.56844437e-002
4.49288508e-002
-1.91209082e-002
5.21900889e-002
-9.44085475e-002
0.00000000e+000
-4.35133505e-002
-3.40562369e-001
1.92155793e-001
-6.75663895e-001
-7.09512445e-002
-3.22318672e-001
0.00000000e+000
2.04420651e-001
-2.47512826e-002
6.92436337e-002
-2.94686740e-001
-1.95973087e-001
-2.44056715e-001
0.00000000e+000
-4.18840032e-001
-2.97339790e-001
9.70277751e-002
-8.55353029e-001
3.99503454e-001
-2.62184581e-001
0.00000000e+000
-1.18851677e-001
-2.27775086e-001
7.92795902e-002
-2.38129119e-001
1.17263284e-001
1.39454068e-001
0.00000000e+000
0.00000000e+000
0.00000000e+000
0.00000000e+000
0.00000000e+000
0.00000000e+000
0.00000000e+000
0.00000000e+000
0.00000000e+000
0.00000000e+000
0.00000000e+000
0.00000000e+000
0.00000000e+000
0.00000000e+000
-5.12446402e-001
-8.80345854e-001
-5.18503444e-001
0.00000000e+000
0.00000000e+000
0.00000000e+000
6.35511694e-001
-1.08959811e+000
3.05048526e-001
9.15466491e-002
-1.72630206e+000
4.10275050e-001
2.97759410e-001
7.33125172e-001
6.04913391e-001
0.00000000e+000
9.82932266e-001
2.88344980e-001
-2.02885962e+000
-2.01258114e-001
3.55640636e-001
5.97604698e-001
4.01873697e-001
-1.26525423e+000
-4.48523492e-001
5.36716014e-001
-2.59369179e-001
0.00000000e+000
0.00000000e+000
0.00000000e+000
2.16868861e-001
-1.40106831e+000
-1.48323818e-001
-5.58743146e-002
2.99932701e-001
2.26434059e-001
2.21272884e-001
-1.46006132e-002
-1.68211769e-001
0.00000000e+000
2.63730871e-001
-1.15134715e+000
3.08873515e-001
3.99337299e-001
2.82980979e-002
3.84122894e-002
1.50130921e-001
6.62409626e-002
2.40813073e-001
2.19711263e-001
-7.95128788e-001
0.00000000e+000
0.00000000e+000
0.00000000e+000
-8.96001672e-002
-5.53849468e-001
2.01020346e-001
5.93709067e-001
-1.10429770e+000
1.05198068e+000
5.71750857e-001
9.22419128e-002
8.50066569e-002
0.00000000e+000
6.42916217e-001
-6.38836361e-001
-1.54537758e+000
9.25309930e-001
-4.76519486e-002
2.35870080e-001
7.30109388e-003
-1.15477463e+000
-5.46459955e-003
-6.23831714e-002
-1.76268744e-001
0.00000000e+000
0.00000000e+000
0.00000000e+000
2.17171667e-001
-1.49269798e+000
-1.84503449e-001
1.09375810e-001
2.17030323e-001
-1.09421337e-001
1.14349701e-001
-1.53898379e-003
-4.04889435e-001
0.00000000e+000
2.32980786e-001
1.02827046e-001
3.92822941e-001
-6.44762625e-002
-2.35421017e-001
9.33865545e-002
1.64664423e-001
1.49616902e-001
2.28298612e-001
2.94154950e-001
136
1.40803063e+000
7.13883366e-001
-3.39181296e-004
6.94147259e-001
-1.22865607e-004
0.00000000e+000
0.00000000e+000
0.00000000e+000
0.00000000e+000
0.00000000e+000
0.00000000e+000
4.94700635e-001
4.64999415e-001
4.48330575e-001
0.00000000e+000
0.00000000e+000
0.00000000e+000
0.00000000e+000
0.00000000e+000
2.70871812e-001
-1.05584260e+000
-2.90811531e-001
3.03077969e-001
5.77505453e-001
8.84046008e-001
7.19183518e-001
0.00000000e+000
-1.05072891e+000
6.79595370e-001
-1.15056199e-002
9.52730296e-001
-5.61889846e-001
-1.26513389e-001
-3.60239915e-001
4.49240042e-001
-1.91949804e-001
3.60889254e-001
-1.00238605e+000
1.08110678e+000
1.68836544e-001
-1.05674770e-001
-2.58502678e-001
1.38502332e+000
0.00000000e+000
0.00000000e+000
0.00000000e+000
0.00000000e+000
-3.26836628e+000
2.17418404e-001
-8.83155883e-001
-1.49973043e+000
0.00000000e+000
-8.27435547e-001
-2.93566075e-001
-2.83404653e-001
-1.02445840e-001
0.00000000e+000
8.17751313e-001
-3.16189185e-001
3.00879683e-001
-4.36772556e-001
1.67466859e-001
4.43157063e-001
-3.05668089e-001
5.73599247e-002
5.74410573e-002
0.00000000e+000
7.43340844e-001
-3.31547481e-002
2.99483801e-001
-3.10212124e-001
0.00000000e+000
6.95084190e-001
-3.12156106e-001
1.53239087e-001
-3.76275059e-002
0.00000000e+000
0.00000000e+000
0.00000000e+000
0.00000000e+000
0.00000000e+000
0.00000000e+000
0.00000000e+000
0.00000000e+000
0.00000000e+000
0.00000000e+000
-4.29772506e-001
-9.88574213e-001
-8.32257066e-001
0.00000000e+000
0.00000000e+000
0.00000000e+000
6.94180864e-001
-2.76592193e+000
4.97187697e-001
-3.94056058e-001
-1.13403584e+000
6.45877570e-001
1.82501533e-001
1.08812735e+000
-2.91992866e-002
0.00000000e+000
8.40970124e-001
-7.95810251e-001
-1.39238746e+000
4.34977828e-001
1.08790599e+000
8.57410038e-001
7.06247070e-001
-1.50429956e+000
-2.77299040e-001
4.25366292e-001
-1.11219394e+000
0.00000000e+000
0.00000000e+000
0.00000000e+000
1.41322587e-001
-2.18456161e+000
2.18832659e-001
8.41944986e-001
-1.06901059e+000
1.11285935e+000
1.01044470e+000
8.76159264e-002
4.10190723e-002
0.00000000e+000
7.49284088e-001
-9.32969758e-001
-1.34290797e+000
5.80852139e-001
-3.69259392e-001
2.34563653e-001
4.42175729e-001
-1.08282619e+000
2.22590604e-002
3.86167619e-001
23 1
-5.9364e-001 2.2698e-001
7 0
0 7 4 19 1 16 2 
217
3.17725838e-001
-3.99308346e-001
-2.42279163e-001
-3.41526476e-002
2.44447062e-001
-1.40490323e-001
2.88392891e-002
-1.61835461e-001
-9.68110317e-002
-1.22928188e-001
3.91041457e-002
-1.69278539e-001
1.02146373e-001
1.13770170e-001
0.00000000e+000
0.00000000e+000
0.00000000e+000
6.06398297e-003
-7.40240639e-004
6.86663115e-003
-1.15925983e-001
9.65858926e-004
8.08475257e-002
4.27587837e-001
1.07978126e-004
-2.07361343e-001
2.76388084e-001
2.04611157e-001
-1.51484558e-001
-1.24880280e-001
1.13091435e-001
0.00000000e+000
0.00000000e+000
0.00000000e+000
0.00000000e+000
0.00000000e+000
0.00000000e+000
-1.48863606e-001
-7.46148368e-002
-6.79400302e-002
2.32977782e-001
3.41770983e-001
1.19603944e-001
-7.16602549e-002
-2.33682456e-001
6.66992474e-002
-3.64048202e-001
3.84007560e-001
1.75205982e-001
-1.27749063e-001
2.52855400e-001
2.04451132e-001
3.16756650e-001
2.20659270e-001
-6.20161698e-001
3.31397882e-001
0.00000000e+000
-7.58988166e-002
-5.20519432e-001
3.69817133e-001
-2.28414712e-002
-2.09345320e-002
3.75049984e-001
0.00000000e+000
-1.05565851e+000
-1.64705607e+000
8.56425069e-001
1.08598050e+000
5.16959275e-001
5.11586575e-001
0.00000000e+000
2.79926064e-001
-2.29763696e-001
9.98974857e-002
-1.53628516e-001
-6.20977116e-002
7.51680690e-002
0.00000000e+000
1.01628253e-001
-5.00058805e-001
3.39336817e-002
-5.13085877e-001
1.82163903e-001
-1.25696833e-001
0.00000000e+000
3.57739600e-001
1.32584226e-001
5.66168768e-002
-1.62615601e-001
-9.66306387e-002
-2.07459505e-001
-9.27172232e-002
7.63656940e-002
-1.24304818e-001
1.78197159e-001
-6.66136566e-001
1.55880208e-001
5.47515984e-002
0.00000000e+000
3.41569720e-001
-1.57131473e-001
7.25999767e-003
-7.48064615e-003
-3.11038803e-002
7.21643967e-002
-1.95412883e-003
-1.37673162e-001
2.55070924e-001
1.21652167e-001
-1.57457175e-001
3.35700962e-001
6.52658790e-002
0.00000000e+000
0.00000000e+000
0.00000000e+000
0.00000000e+000
0.00000000e+000
0.00000000e+000
0.00000000e+000
-2.94393298e-001
-9.61918359e-001
-7.07409169e-001
0.00000000e+000
0.00000000e+000
0.00000000e+000
6.98840335e-001
-9.07105471e-001
-1.75726501e-001
-1.29092819e-001
-3.28464047e-001
4.97892281e-001
1.46307322e-001
-1.07322614e-001
-5.12751148e-001
0.00000000e+000
1.15691561e+000
-1.00266163e+000
-8.19958326e-001
1.92380007e-001
3.43977018e-002
-3.14117181e-001
3.76098389e-001
-4.06654076e-001
1.38156722e-001
7.55456271e-001
2.59997753e-002
0.00000000e+000
0.00000000e+000
0.00000000e+000
1.90084318e-004
-6.25561855e-001
1.39399261e-001
1.23410150e-001
-7.33229269e-001
-1.07989429e-001
2.70953572e-001
2.78201498e-001
2.14356339e-001
0.00000000e+000
-3.46828722e-003
3.85286175e-001
-3.44372609e-001
3.05099315e-001
-9.77713864e-003
3.24542752e-001
1.56974584e-001
-2.00103673e-001
-1.21838266e-001
-2.60734277e-002
-7.30818315e-001
0.00000000e+000
0.00000000e+000
0.00000000e+000
-2.61238156e-001
-7.37483764e-001
7.72756322e-001
8.65761636e-001
-5.85126635e-001
1.24017347e+000
4.85670733e-001
-2.65489684e-001
-8.46013503e-001
0.00000000e+000
4.42296125e-001
-4.13259017e-001
-1.03337549e+000
-1.98479866e-001
1.49269882e-001
5.31983224e-001
6.48601837e-002
-4.71667908e-001
-4.26303768e-001
-4.51521008e-002
-1.98530333e-001
0.00000000e+000
0.00000000e+000
0.00000000e+000
2.72195756e-001
-9.23490140e-001
-2.72512808e-002
-2.20560151e-001
-1.43560784e-001
1.08490585e-001
5.10740440e-002
2.95905714e-001
4.57503942e-001
0.00000000e+000
1.38158823e-001
-1.26717795e-001
-4.05385427e-001
1.51306050e-001
3.44308181e-002
3.73908254e-002
2.85260764e-001
-4.33286602e-001
4.56062556e-002
2.04398269e-001
136
3.91078521e-001
0.00000000e+000
0.00000000e+000
9.59553244e-002
3.77404791e-003
-4.73361269e-002
6.24002973e-003
3.42459323e-001
4.36286288e-005
2.01629962e-001
1.50103241e-001
-6.27553042e-002
6.01570680e-002
4.19435545e-002
0.00000000e+000
0.00000000e+000
0.00000000e+000
0.00000000e+000
0.00000000e+000
4.60403591e-002
-3.45578549e-001
-9.58698183e-002
1.38676983e-001
2.58945812e-001
2.78174556e-001
9.31929704e-002
1.74962070e-002
-4.90816920e-001
3.97608300e-001
1.89807958e-002
4.72502453e-001
-4.07555551e-002
-1.71315840e-001
-1.65017503e-001
3.47593714e-002
-9.24439280e-002
3.48092866e-002
-5.57860052e-001
3.07137009e-001
5.22639151e-002
-6.69466685e-002
1.18053076e-001
5.40120781e-001
0.00000000e+000
0.00000000e+000
0.00000000e+000
0.00000000e+000
-1.15759617e+000
5.82861374e-001
-3.04841447e-001
-1.35346804e+000
0.00000000e+000
-3.77597410e-001
-1.26801357e-001
-1.02299640e-001
-2.43270969e-002
0.00000000e+000
8.99169444e-002
-4.85998879e-001
2.06499832e-001
-3.72053153e-001
-5.26531284e-001
3.25707667e-001
-1.55793287e-001
9.88333295e-002
1.00762447e-001
1.74317854e-001
2.70240586e-001
-1.39454427e-001
2.26375802e-001
-2.41592537e-001
0.00000000e+000
2.61024703e-001
-2.14447418e-001
8.99729245e-002
-1.36952199e-001
2.84107769e-001
1.50190207e-001
-3.24953469e-001
1.97805565e-001
-7.83321145e-002
0.00000000e+000
0.00000000e+000
0.00000000e+000
0.00000000e+000
0.00000000e+000
-5.69771284e-001
-1.03441852e+000
-8.38946891e-001
0.00000000e+000
0.00000000e+000
0.00000000e+000
6.89181373e-001
-2.12471857e+000
2.59356486e-001
-8.72571100e-002
-1.40314261e+000
2.55061808e-001
3.53984031e-001
6.75219945e-001
2.11654144e-002
0.00000000e+000
1.20426085e+000
-4.71898165e-001
-1.30136596e+000
4.48006621e-001
4.61498061e-001
2.08860616e-001
6.59087209e-001
-1.17982204e+000
-2.28041602e-001
7.21616750e-001
-1.17380394e+000
0.00000000e+000
0.00000000e+000
0.00000000e+000
3.16241001e-001
-2.32494027e+000
1.11169406e-001
7.51286849e-001
-1.08544213e+000
1.02560605e+000
9.14016128e-001
2.22772368e-001
-1.56657236e-001
0.00000000e+000
8.37371484e-001
-7.92013929e-001
-1.25019965e+000
5.44721364e-001
-2.05584072e-001
3.63100457e-001
4.52301682e-001
-1.33133525e+000
-4.49996926e-002
4.78781502e-001
24 1
-5.5625e-001 2.5172e-001
8 0
0 7 4 19 1 16 2 23 
217
-1.01346219e-001
-3.84465109e-001
3.05453603e-001
1.36086175e-001
1.01100662e-001
-2.18067299e-001
-2.26573128e-001
-4.23413197e-002
-1.64247504e-001
5.09026344e-001
4.30841518e-001
1.80402779e-001
-2.42467766e-001
-1.66927366e-001
0.00000000e+000
0.00000000e+000
0.00000000e+000
6.98385395e-002
-2.44339503e-003
1.43345481e-001
-8.91865901e-002
3.95338440e-003
-4.83645200e-002
-8.19981683e-002
2.80600097e-004
-6.53024708e-002
-1.82725387e-001
8.71812758e-002
-6.77752466e-002
5.79994314e-002
0.00000000e+000
0.00000000e+000
0.00000000e+000
0.00000000e+000
0.00000000e+000
0.00000000e+000
0.00000000e+000
-9.84572684e-002
-1.76044681e-001
-5.20254518e-002
1.91941059e-002
4.98715192e-002
1.61729743e-001
-3.87667065e-002
-3.89678531e-001
3.82214619e-001
1.45223253e-002
2.98651407e-001
-9.16136996e-002
8.55500940e-002
-1.85410394e-001
-5.10749812e-002
0.00000000e+000
-1.40527467e-001
-4.29334132e-001
1.90608167e-001
0.00000000e+000
-1.20057159e-001
-8.41433487e-002
2.25507498e-001
-1.24721430e-001
1.58505737e-002
-2.56278833e-002
0.00000000e+000
-9.72218396e-001
-1.45888946e+000
5.85477957e-001
8.66557489e-001
2.85394220e-001
2.67659809e-001
0.00000000e+000
-8.06727598e-002
-1.64751886e-001
9.62195664e-003
3.43848573e-001
-3.02954158e-002
1.93058700e-001
0.00000000e+000
2.83318216e-002
-1.82758390e-002
-3.02506127e-002
-7.05338059e-001
-9.94274278e-002
-3.83302790e-001
0.00000000e+000
6.31608395e-002
-3.34421525e-002
1.01093683e-001
-7.04393592e-002
-2.65600741e-001
-2.44149458e-001
-8.56928514e-002
1.31066728e-001
-2.54144681e-002
-1.44551757e-001
-5.90358680e-001
-2.16833900e-003
-6.99126152e-002
0.00000000e+000
5.02309023e-002
-7.47932555e-002
-1.23120986e-001
1.27202696e-001
-2.84561352e-002
-1.12702111e-001
-3.23403411e-002
-1.80331435e-001
-6.57037979e-002
-1.14803684e-001
-4.08047223e-001
2.26129241e-001
2.70582721e-001
0.00000000e+000
-8.88938721e-003
-1.18861290e-001
-1.68021742e-001
-2.00639836e-001
7.55649106e-002
8.87201231e-002
-5.18745021e-001
-1.22504898e+000
-7.13912505e-001
0.00000000e+000
0.00000000e+000
0.00000000e+000
3.52760785e-001
-4.40219710e-001
-2.53293953e-001
4.59492925e-001
-4.35830250e-001
3.21437987e-001
3.43934108e-001
2.22729952e-001
4.64397537e-003
0.00000000e+000
3.79286975e-001
-7.84380528e-001
-7.01634025e-001
1.81596908e-001
-2.53551127e-002
-4.30185877e-001
2.17464951e-001
-4.25560844e-001
-1.97764259e-001
4.96963488e-001
-1.33419421e-002
0.00000000e+000
0.00000000e+000
0.00000000e+000
1.60914025e-001
-6.92407762e-001
2.46277858e-001
6.87349223e-002
-5.94540160e-001
-3.91786869e-002
1.10455726e-001
7.41056633e-002
2.75231094e-001
0.00000000e+000
3.26624926e-001
4.49365878e-001
-4.94571610e-001
6.09789998e-002
-1.50950806e-003
3.20463151e-001
1.84561347e-001
-3.98602096e-001
-1.27723664e-001
5.74779549e-002
-1.04320127e+000
0.00000000e+000
0.00000000e+000
0.00000000e+000
-1.07496570e-001
-8.47169505e-001
-2.13016029e-001
-8.50326518e-002
-5.36116717e-001
7.62313690e-001
6.58024123e-001
-3.59532734e-001
-9.61071729e-003
0.00000000e+000
3.65859752e-001
-3.22693630e-001
-1.00390920e+000
7.99078356e-002
3.62601705e-001
4.77842767e-001
2.93466575e-001
-3.62566204e-001
-1.53591133e-001
-4.24826261e-002
-1.53878568e-001
0.00000000e+000
0.00000000e+000
0.00000000e+000
2.25244851e-001
-1.22932248e+000
1.58169170e-001
2.70607347e-001
-3.82142365e-001
1.58164748e-001
1.35050787e-001
4.20571782e-001
1.08256956e-001
0.00000000e+000
2.47051053e-001
-1.16708383e-001
-2.21946823e-001
8.20551095e-002
9.44113442e-002
6.86395039e-002
1.45683063e-001
-6.27864091e-001
7.49583197e-002
2.35241542e-001
136
4.26600672e-001
0.00000000e+000
0.00000000e+000
6.58195146e-002
5.02004139e-003
5.40123418e-003
3.74044482e-003
3.55379923e-001
-3.51796415e-005
3.00298857e-001
1.43663233e-001
-5.62760533e-002
1.38704848e-002
2.50441503e-002
0.00000000e+000
0.00000000e+000
0.00000000e+000
0.00000000e+000
0.00000000e+000
5.69152795e-002
-2.90381580e-001
-1.27748327e-001
2.23762256e-002
1.24772625e-001
2.69455730e-001
4.65197621e-001
-9.39869026e-002
-5.43118275e-001
2.50680655e-001
-1.31565776e-002
4.45262147e-001
8.39831055e-002
-2.27654767e-001
-2.81299014e-002
5.14840780e-002
-2.92241268e-002
1.16777891e-001
-6.12071281e-001
4.13204118e-001
0.00000000e+000
-2.04355137e-003
-6.56248818e-002
5.88927652e-001
0.00000000e+000
0.00000000e+000
0.00000000e+000
0.00000000e+000
-1.21003755e+000
6.14867986e-001
-2.95305918e-001
-1.28509170e+000
0.00000000e+000
-3.53294681e-001
-1.57314616e-001
-8.06025412e-002
-3.09754396e-002
0.00000000e+000
2.83545499e-002
-4.84676088e-001
2.14067325e-001
-5.61244840e-001
-5.76967401e-001
1.37520927e-001
-1.33054540e-001
2.63405181e-002
1.23003458e-001
1.96313215e-001
2.63224228e-001
-7.59287853e-002
2.19740712e-001
-3.03342257e-001
0.00000000e+000
2.70834094e-001
-1.18013331e-001
4.97632241e-002
-2.41969692e-002
2.78734965e-001
1.76810365e-001
-2.89773475e-001
2.09989754e-001
-7.60194306e-002
0.00000000e+000
2.81622314e-001
-1.17773501e-001
8.00489083e-002
-4.42107837e-002
-5.01418976e-001
-9.83080017e-001
-8.07550740e-001
0.00000000e+000
0.00000000e+000
0.00000000e+000
6.86176394e-001
-2.15754009e+000
2.59003313e-001
-1.72826233e-001
-1.39503730e+000
3.06665827e-001
3.74049109e-001
7.11087456e-001
-8.84654273e-002
0.00000000e+000
1.23295262e+000
-5.73402331e-001
-1.29754885e+000
5.04492903e-001
4.69329025e-001
2.21228139e-001
6.64846430e-001
-1.11372823e+000
-1.90774421e-001
7.51940921e-001
-1.13724409e+000
0.00000000e+000
0.00000000e+000
0.00000000e+000
3.10933113e-001
-2.27979675e+000
2.74253384e-001
7.30843337e-001
-1.05826944e+000
1.07275648e+000
8.69281073e-001
2.24930218e-001
-1.77355517e-001
0.00000000e+000
8.42336397e-001
-8.13652752e-001
-1.30009295e+000
5.34298926e-001
-2.37916561e-001
3.61098639e-001
4.65190963e-001
-1.32440640e+000
-1.00564069e-001
4.68887828e-001
8 1
-5.6696e-001 2.5037e-001
8 1
0 7 4 19 1 16 2 23 
217
2.70597974e-001
1.90906194e-001
-5.71739086e-001
3.35309337e-002
6.85229222e-003
-3.79767429e-002
-5.99345474e-003
2.81696456e-001
2.84634359e-001
-4.96382436e-001
-5.62621299e-001
-9.58285191e-001
5.47726076e-001
-4.97771953e-003
-1.49226889e-001
5.16117673e-003
8.17004018e-002
4.19824863e-001
3.70776864e-003
-2.31310364e-001
0.00000000e+000
0.00000000e+000
0.00000000e+000
0.00000000e+000
0.00000000e+000
0.00000000e+000
0.00000000e+000
0.00000000e+000
8.86297367e-002
1.52621726e-001
2.93465114e-002
0.00000000e+000
0.00000000e+000
0.00000000e+000
0.00000000e+000
0.00000000e+000
2.20611583e-001
-4.71696497e-001
-8.98479659e-002
5.98453405e-002
8.08234466e-002
2.08096203e-001
7.39919847e-002
1.88773878e-001
1.28485140e-001
3.44511530e-001
2.06736335e-002
-1.11076590e-001
3.13591553e-001
-3.58080005e-002
-1.48563222e-001
-2.20225293e-001
0.00000000e+000
1.67091786e-001
-2.11727015e-001
1.75954057e-001
0.00000000e+000
1.48862647e-001
4.99733990e-001
3.42211184e-001
-3.11704999e-001
1.85236267e-001
1.76455122e-001
0.00000000e+000
-5.40923347e-001
-1.41775438e+000
4.69619631e-001
9.40371590e-001
3.41901689e-001
9.87457554e-001
0.00000000e+000
-7.63827700e-002
-6.57205072e-002
2.98674527e-001
5.73300235e-002
4.83062166e-002
-3.92268325e-001
0.00000000e+000
2.18092047e-001
-2.20517891e-001
2.35732945e-001
-6.21856085e-001
-1.83227018e-001
-4.35386196e-001
0.00000000e+000
2.91588751e-001
-3.77657306e-002
7.53482472e-002
-3.06161083e-001
-9.63390242e-002
-3.93874071e-001
0.00000000e+000
-3.22311453e-001
-6.79162671e-002
3.82931290e-001
-7.75440246e-001
2.09978137e-001
-2.88384884e-001
0.00000000e+000
1.75466407e-001
-9.65316922e-002
8.97981550e-002
-5.94560473e-002
5.33341108e-003
2.62570721e-001
1.54774825e-001
-2.11970866e-001
-2.98143667e-001
2.76762325e-001
-1.01783684e+000
5.10316890e-002
-6.52788795e-002
0.00000000e+000
8.46010107e-002
-9.02483043e-003
1.14236586e-001
-3.12139999e-001
7.17603767e-002
-2.25805648e-001
-3.48600539e-001
-8.53791047e-001
-3.50828144e-001
0.00000000e+000
0.00000000e+000
0.00000000e+000
5.89795872e-001
-4.88746224e-001
3.25027917e-001
-2.80827615e-001
-1.88446453e+000
1.22753847e-001
9.53681353e-002
1.21353713e-001
7.50646655e-001
0.00000000e+000
9.14359772e-001
-4.67505767e-002
-1.16019723e+000
2.98969475e-001
1.02636024e+000
3.03160300e-001
6.61685555e-001
-2.12940733e+000
-2.68728429e-001
6.98812318e-001
-3.37645575e-001
0.00000000e+000
0.00000000e+000
0.00000000e+000
2.82686960e-001
-1.70159051e+000
2.93055944e-001
2.22953602e-001
2.67866114e-001
5.15924001e-001
3.58201212e-001
5.07912689e-001
-8.37135467e-001
0.00000000e+000
2.48798258e-001
-9.80817269e-001
-1.25011871e-001
-2.72407199e-002
-4.40912170e-001
2.71637140e-001
-1.18114799e-001
7.06311912e-001
7.01913704e-002
1.47638031e-001
-8.88882459e-001
0.00000000e+000
0.00000000e+000
0.00000000e+000
1.34358219e-001
-7.96397050e-002
-3.48273612e-001
2.98352392e-001
-8.68072755e-001
1.13648272e+000
3.90056308e-001
-1.60046170e-001
1.64474539e-001
0.00000000e+000
8.63404243e-001
-4.81581118e-001
-1.76464468e+000
1.00489274e+000
-2.12306682e-002
1.45488427e-001
6.54679504e-002
-1.37743556e+000
5.31285414e-002
-4.40642794e-002
-1.31063778e-002
0.00000000e+000
0.00000000e+000
0.00000000e+000
6.81410542e-002
-2.17085750e+000
3.53790917e-001
2.28255154e-001
4.86597173e-002
-1.42999104e-001
2.52331841e-001
9.89303877e-002
-4.77899800e-001
0.00000000e+000
9.27029271e-002
1.03062530e-002
6.44281966e-001
-1.52864367e-001
-1.83679014e-001
2.57440209e-001
2.19063324e-001
3.42100370e-001
1.05394738e-001
3.93794546e-001
136
1.24451325e+000
6.43301619e-001
-7.79540914e-004
6.01211629e-001
5.15020797e-004
0.00000000e+000
0.00000000e+000
0.00000000e+000
0.00000000e+000
0.00000000e+000
0.00000000e+000
3.46960526e-001
3.94935295e-001
5.02617428e-001
0.00000000e+000
0.00000000e+000
0.00000000e+000
0.00000000e+000
0.00000000e+000
0.00000000e+000
-7.69752429e-001
-2.16045823e-001
1.77019808e-001
3.10523103e-001
5.00343252e-001
6.32611208e-001
6.09814130e-001
-1.11298522e+000
4.74310182e-001
-5.60358702e-002
9.22286390e-001
-6.62083184e-001
-1.36542883e-001
-3.23011268e-001
5.25834903e-001
-2.22458696e-001
1.66682273e-001
-8.44798653e-001
1.05793212e+000
3.08014917e-001
-1.46627860e-001
-2.59334157e-002
1.31992951e+000
0.00000000e+000
0.00000000e+000
0.00000000e+000
0.00000000e+000
-2.93929139e+000
3.16814815e-001
-7.95554964e-001
-1.24211479e+000
0.00000000e+000
-1.33169047e+000
-3.67189902e-001
-3.51253426e-001
-1.51299524e-001
0.00000000e+000
3.84932524e-001
-4.07305003e-001
2.66038542e-001
-4.27083359e-001
1.20766274e-001
3.18546489e-002
-2.85888565e-001
1.00968281e-002
1.56586624e-002
0.00000000e+000
1.27403999e+000
2.54841944e-003
3.52377068e-001
-3.74839327e-001
0.00000000e+000
6.65202056e-001
-1.88198150e-001
1.82437751e-001
-1.51381011e-001
6.19273339e-001
5.99107962e-001
-1.47351021e-001
2.06141845e-001
-6.88045139e-002
0.00000000e+000
2.89844974e-001
-2.32176001e-001
1.12561367e-001
-7.95090688e-002
-5.00678519e-001
-9.64408676e-001
-8.65991004e-001
0.00000000e+000
0.00000000e+000
0.00000000e+000
7.18931227e-001
-2.80633105e+000
3.44459013e-001
-3.84006684e-001
-1.10050740e+000
5.87754674e-001
1.84922334e-001
1.02350809e+000
9.35076903e-002
0.00000000e+000
8.82027173e-001
-7.41070140e-001
-1.51402529e+000
4.04694000e-001
1.00463864e+000
8.46860033e-001
7.58468150e-001
-1.42374489e+000
-2.33855393e-001
4.87778824e-001
-1.14477384e+000
0.00000000e+000
0.00000000e+000
0.00000000e+000
1.44962135e-001
-2.28133084e+000
2.13086798e-001
8.76302343e-001
-9.76388230e-001
9.77379479e-001
1.00778457e+000
1.07816824e-001
-9.09336172e-003
0.00000000e+000
7.58030367e-001
-8.78952356e-001
-1.21459162e+000
5.71000682e-001
-3.71767799e-001
2.38181768e-001
3.89535322e-001
-1.12223415e+000
5.96521643e-002
3.65852070e-001
25 1
-9.7013e-001 3.1904e-001
8 0
0 7 4 19 1 16 2 23 
217
-4.31019523e-002
-4.24873103e-001
4.29236466e-002
-1.98805827e-002
-6.10519302e-003
-2.21153122e-002
-5.93178855e-003
-2.26643419e-001
-2.03789756e-001
1.69718737e-001
-1.10956361e-001
1.25114216e-001
2.83681146e-001
2.97072485e-002
0.00000000e+000
0.00000000e+000
0.00000000e+000
7.91686123e-003
-1.72458819e-003
1.37907687e-001
-4.67942875e-002
1.31068477e-004
2.03701125e-001
-4.22452610e-003
-1.54321949e-004
1.22516859e-001
1.90061405e-001
1.02529956e-001
-8.02271326e-002
-2.04586672e-001
0.00000000e+000
0.00000000e+000
0.00000000e+000
0.00000000e+000
0.00000000e+000
0.00000000e+000
0.00000000e+000
-9.80686310e-002
-1.48113195e-001
-5.17969353e-002
-3.69789733e-003
1.45846217e-001
2.72323997e-001
-1.41963556e-001
-2.55284004e-001
2.07438941e-001
-4.23544845e-002
2.82129369e-001
0.00000000e+000
2.20466258e-002
-7.24922124e-002
3.04780661e-002
-3.93786749e-002
1.42212882e-001
-5.26289757e-001
1.90048713e-001
0.00000000e+000
-9.52260194e-002
-1.11507453e-001
2.92638204e-001
-1.05071791e-002
-2.23093576e-002
7.34653569e-003
0.00000000e+000
-1.11486873e+000
-1.57496491e+000
6.98709720e-001
1.19311590e+000
3.73057061e-001
5.58121180e-001
0.00000000e+000
-8.57523970e-002
-4.99817293e-002
5.22854464e-002
-5.08049065e-002
-9.63500170e-003
1.53186721e-001
0.00000000e+000
-4.14770151e-002
-4.36130468e-001
-8.24875459e-002
-5.17576282e-001
8.08626086e-002
-2.42016418e-001
0.00000000e+000
1.44522730e-001
2.11548433e-001
-4.16775541e-002
-7.84117397e-002
-1.45947129e-001
-2.82687418e-001
-4.16861442e-002
-1.02470260e-001
-1.41989290e-001
6.30643699e-002
-6.23236981e-001
3.79900823e-002
1.01052429e-002
0.00000000e+000
2.31252035e-001
-2.63348153e-001
-6.51284774e-002
2.49109848e-001
-2.09225510e-001
-3.27544918e-002
-7.29208594e-002
-6.35718084e-002
1.01666945e-002
-7.83096420e-002
-2.28074551e-001
1.71700357e-001
-3.90616594e-002
0.00000000e+000
1.13338364e-001
-5.40223686e-002
-3.77855644e-002
-2.83215161e-001
-1.18654751e-001
-2.92348112e-001
-9.38839863e-002
-1.04501528e+000
-6.51789014e-001
0.00000000e+000
0.00000000e+000
0.00000000e+000
6.06928858e-001
-7.08273133e-001
-1.33886916e-001
-6.53677445e-001
-3.78730907e-001
3.83806146e-001
2.48096579e-001
1.16252069e-001
-2.97541999e-001
0.00000000e+000
1.01809766e+000
-6.05719851e-001
-8.05726536e-001
1.67742850e-001
6.60224543e-002
-5.61499218e-002
3.27127902e-001
-4.08898065e-001
-4.27694147e-003
4.67018187e-001
4.84545813e-002
0.00000000e+000
0.00000000e+000
0.00000000e+000
7.28970587e-002
-8.10351146e-001
1.85479661e-001
2.43200509e-001
-6.05118727e-001
-1.74535516e-002
1.76865284e-001
1.84572698e-001
-5.88692400e-002
0.00000000e+000
1.61135058e-001
9.21658175e-002
-1.24205885e-001
2.85106414e-001
-1.22413604e-001
3.23125325e-001
2.17562440e-001
-2.49792123e-001
-8.03437008e-003
1.02582963e-001
-8.48045777e-001
0.00000000e+000
0.00000000e+000
0.00000000e+000
-3.85467046e-002
-7.79811551e-001
5.37227895e-001
3.14737016e-001
-4.34361576e-001
4.76799510e-001
6.37385125e-001
1.89056285e-002
-5.11678498e-001
0.00000000e+000
3.93382562e-001
-3.82000827e-001
-8.79317714e-001
3.42465402e-001
-3.00651039e-001
1.34632119e-001
-6.47310400e-002
-4.27575282e-001
-2.12049800e-001
3.27142997e-001
-1.58601339e-001
0.00000000e+000
0.00000000e+000
0.00000000e+000
2.71827063e-001
-1.00389501e+000
2.19982594e-002
9.83424393e-002
-3.96178710e-001
2.73470532e-001
-5.43831960e-002
1.54352242e-001
4.25975572e-001
0.00000000e+000
2.53435394e-001
-1.25178441e-001
-2.99518775e-001
-1.65659250e-002
1.91148264e-001
1.38416554e-001
2.89314624e-001
-4.87302622e-001
-4.73065062e-002
1.53446902e-001
136
4.22592334e-001
0.00000000e+000
0.00000000e+000
7.29526055e-002
4.20773540e-003
9.61919608e-003
5.23100772e-003
3.40020533e-001
2.76881713e-005
2.00543252e-001
1.69485789e-001
-3.84354127e-002
6.06187379e-002
3.03799685e-002
0.00000000e+000
0.00000000e+000
0.00000000e+000
0.00000000e+000
0.00000000e+000
7.94149717e-002
-3.43042614e-001
-1.42312030e-001
3.07309073e-002
1.49512977e-001
2.71364140e-001
4.26227125e-001
-4.93031422e-002
-5.32176710e-001
2.51042381e-001
-4.99704241e-002
4.64478188e-001
-1.72604101e-002
-1.97171236e-001
-4.86064970e-002
8.53070118e-002
8.35988289e-003
1.04852830e-001
-5.65426377e-001
3.66661263e-001
2.90605033e-002
-4.47951470e-002
4.48636147e-003
5.63750715e-001
0.00000000e+000
0.00000000e+000
0.00000000e+000
0.00000000e+000
-1.17153367e+000
5.90473266e-001
-2.95798964e-001
-1.31280131e+000
0.00000000e+000
-3.98087906e-001
-1.26661263e-001
-1.09268358e-001
-6.22160084e-002
0.00000000e+000
4.78210333e-002
-4.54674388e-001
1.93097081e-001
-3.88540383e-001
-4.79993552e-001
2.96466365e-001
-1.16446013e-001
7.29357840e-002
9.15236167e-002
1.99390112e-001
2.79231469e-001
-1.39615873e-001
2.26935804e-001
-2.48086660e-001
0.00000000e+000
1.81265484e-001
-1.26876503e-001
3.71521754e-002
-1.42717438e-001
2.90477978e-001
1.67426174e-001
-3.10318006e-001
2.04548105e-001
-5.42419034e-002
0.00000000e+000
1.96224245e-001
-1.60441759e-001
8.52692489e-002
-6.15051846e-002
-5.85496304e-001
-1.02387479e+000
-8.49952013e-001
0.00000000e+000
0.00000000e+000
0.00000000e+000
6.76763929e-001
-2.07983494e+000
2.55618993e-001
-8.94115731e-002
-1.41823257e+000
2.35454214e-001
3.55552536e-001
6.64922834e-001
1.87060491e-002
0.00000000e+000
1.15370805e+000
-4.43945087e-001
-1.36132987e+000
4.60736265e-001
4.60223015e-001
2.12767003e-001
6.58947141e-001
-1.12634219e+000
-2.09596492e-001
7.25340680e-001
-1.15405259e+000
0.00000000e+000
0.00000000e+000
0.00000000e+000
3.10273805e-001
-2.29553272e+000
1.65946902e-001
7.10922370e-001
-1.06731002e+000
1.06841122e+000
8.96745312e-001
2.15925110e-001
-1.66670016e-001
0.00000000e+000
8.30123320e-001
-7.75329080e-001
-1.30730610e+000
5.13163173e-001
-1.88404210e-001
3.90464541e-001
4.69562266e-001
-1.31428162e+000
-8.55152029e-002
4.74758374e-001
14 1
-9.6680e-001 3.0844e-001
8 1
0 7 4 19 1 16 2 23 
217
2.16645223e-001
2.17365375e-002
-3.31716301e-001
-3.49519286e-001
-7.89598044e-001
1.02264742e+000
1.16881157e-001
9.11351891e-001
1.16450469e+000
-4.12931612e-001
1.30675151e+000
3.38748204e-001
0.00000000e+000
0.00000000e+000
7.69765096e-003
9.43921594e-004
4.80312537e-001
2.08947572e-001
2.71509039e-003
3.13556129e-001
0.00000000e+000
0.00000000e+000
0.00000000e+000
0.00000000e+000
0.00000000e+000
0.00000000e+000
0.00000000e+000
0.00000000e+000
0.00000000e+000
4.17230928e-001
-2.00585705e-001
0.00000000e+000
0.00000000e+000
0.00000000e+000
0.00000000e+000
0.00000000e+000
0.00000000e+000
-1.13223942e+000
-4.87259393e-001
-1.43495693e-001
1.42870475e-001
1.66111630e-001
1.20011686e-001
3.12454256e-001
-2.27981167e-001
4.85246466e-001
8.62171782e-001
6.53449867e-001
1.85849122e-001
-9.61529080e-001
-2.00704068e-001
-5.27429449e-001
1.54275988e+000
3.72304679e-001
0.00000000e+000
7.86658421e-001
0.00000000e+000
-6.99132910e-001
0.00000000e+000
7.80221840e-001
-8.80791449e-001
2.66457848e-001
-4.07212854e-001
0.00000000e+000
-6.73144611e-001
-1.66733959e+000
7.05602294e-001
1.02086837e+000
1.84187541e-001
1.92099045e-001
0.00000000e+000
2.67992130e-001
-1.80410604e-002
5.71390799e-002
-1.03795246e-001
-1.08485987e-001
-7.14867346e-001
0.00000000e+000
-6.49533789e-001
-2.19061981e-001
5.51654256e-001
-7.46519587e-001
3.14524756e-001
-8.38032940e-001
0.00000000e+000
2.69073473e-001
1.19949843e-001
-3.63864447e-001
-2.60187165e-001
3.11436197e-001
1.91479523e+000
0.00000000e+000
-4.64203837e-001
-3.70378190e-001
4.47062211e-001
-5.06175397e-001
2.33786849e-001
3.00934670e-001
0.00000000e+000
3.24241138e-001
-3.65374185e-001
1.17868074e-001
1.31847597e-001
-2.25463989e-001
-4.44806087e-001
0.00000000e+000
-8.65182509e-002
-3.95189167e-001
1.18615153e-001
-3.29385464e-001
1.84548321e-001
-3.59765029e-001
0.00000000e+000
4.73267715e-002
-2.02446593e-001
2.33216318e-001
-4.72565966e-001
-6.38978667e-002
-9.03852296e-002
-5.46464703e-001
-9.84095206e-001
-1.64936611e+000
0.00000000e+000
0.00000000e+000
0.00000000e+000
2.16303777e+000
-3.11618601e-001
1.90533529e+000
8.84337962e-001
1.38826109e-001
1.71344763e+000
1.54819839e+000
1.37924261e+000
2.12559249e+000
0.00000000e+000
2.48403989e+000
1.09866169e+000
-6.85671794e-001
9.96841257e-001
1.69345394e+000
1.57638878e+000
1.55738774e+000
5.18114903e-002
1.26937218e+000
2.07164121e+000
-1.65423394e+000
0.00000000e+000
0.00000000e+000
0.00000000e+000
1.11710301e+000
-1.34241042e-001
1.25898513e+000
1.14289032e+000
1.28578115e+000
1.31623491e+000
1.23625312e+000
1.59183863e+000
6.00858977e-001
0.00000000e+000
1.18426779e+000
2.29226940e-001
1.22928561e+000
1.84303314e+000
9.87510415e-001
1.36696075e+000
1.39320374e+000
1.28282754e+000
1.20556730e+000
1.19905347e+000
-6.29053988e-001
0.00000000e+000
0.00000000e+000
0.00000000e+000
-1.28006894e-001
-2.20216126e-001
-2.08891080e-001
3.16319633e-001
-8.61529085e-001
8.75861455e-001
3.97306723e-001
-3.25547232e-002
5.10632861e-001
0.00000000e+000
4.53758358e-001
-7.29618511e-002
-1.93241859e+000
5.58043928e-001
-3.08015172e-001
2.46065367e-001
7.52444849e-002
-7.62069112e-001
-2.25241015e-002
4.86899938e-001
-6.33855132e-001
0.00000000e+000
0.00000000e+000
0.00000000e+000
4.79092812e-001
-3.14561375e+000
5.02463128e-001
6.41890834e-001
-3.40973959e-001
-1.66275555e-001
4.36917927e-001
3.74199336e-001
-6.55379605e-001
0.00000000e+000
4.91451133e-001
-4.78863121e-001
8.97137967e-001
4.06039749e-001
1.77112230e-001
1.26519219e-001
1.86937539e-001
-7.96088676e-001
2.17703410e-001
1.18742500e-002
136
1.10149414e+000
5.51451006e-001
1.39064406e-003
5.50043138e-001
5.32978648e-004
0.00000000e+000
0.00000000e+000
0.00000000e+000
0.00000000e+000
0.00000000e+000
0.00000000e+000
0.00000000e+000
3.69184444e-001
5.65427160e-001
0.00000000e+000
0.00000000e+000
0.00000000e+000
0.00000000e+000
0.00000000e+000
2.00941747e-001
-8.66040696e-001
-3.29213901e-001
1.29457973e-001
2.67101929e-001
4.59583543e-001
6.20824023e-001
6.18839525e-001
-1.05558877e+000
3.76424345e-001
-1.42400320e-001
9.05367220e-001
-8.83434427e-001
-1.50540441e-001
-2.61372981e-001
5.31299911e-001
-4.44093197e-001
1.83331700e-001
-6.31699644e-001
1.14981292e+000
2.18711814e-001
2.11186106e-002
-3.95619299e-002
1.32411933e+000
0.00000000e+000
0.00000000e+000
0.00000000e+000
0.00000000e+000
-3.23943945e+000
2.80079370e-001
-8.46106653e-001
-1.15862156e+000
0.00000000e+000
-1.73407036e+000
-4.03702236e-001
-4.55219119e-001
-9.91837433e-002
0.00000000e+000
3.41154254e-001
-3.83539973e-001
2.15705719e-001
-3.90321770e-001
2.08763880e-002
7.72888687e-002
-3.14370278e-001
4.17768922e-003
5.37803129e-002
0.00000000e+000
1.53742821e+000
6.52874379e-003
4.42944699e-001
-3.48021772e-001
0.00000000e+000
8.65395794e-001
-1.27275039e-001
1.92270996e-001
-1.20398717e-001
0.00000000e+000
9.88075695e-001
-2.30945409e-001
3.25185064e-001
-4.56773318e-002
0.00000000e+000
2.79496488e-001
-2.25647228e-001
1.18960789e-001
-6.71578134e-002
-4.63883840e-001
-9.44915056e-001
-8.18516486e-001
0.00000000e+000
0.00000000e+000
0.00000000e+000
7.52833464e-001
-2.48730837e+000
3.56595555e-001
-4.48622867e-001
-1.16293640e+000
6.77498021e-001
1.83854426e-001
1.04798947e+000
-5.81298703e-002
0.00000000e+000
8.77108742e-001
-8.01358013e-001
-1.43496947e+000
3.95232949e-001
9.84512976e-001
8.36291062e-001
7.81864447e-001
-1.42993272e+000
-3.24695435e-001
4.35655546e-001
-1.06649782e+000
0.00000000e+000
0.00000000e+000
0.00000000e+000
8.84841654e-002
-2.28590727e+000
1.37907426e-001
9.02653817e-001
-8.81810850e-001
9.98732594e-001
1.01135446e+000
-1.97539309e-002
-3.06479525e-002
0.00000000e+000
8.11827096e-001
-8.24371216e-001
-1.22926075e+000
6.21457399e-001
-4.41997566e-001
2.14235092e-001
3.47617207e-001
-9.41807996e-001
8.81749793e-002
3.66615482e-001
15 1
-8.9216e-001 3.0800e-001
8 1
0 7 4 19 1 16 2 23 
217
-2.66576495e-001
1.12322409e-001
3.91304645e-001
-1.93361739e-001
-2.32766922e-001
3.83017749e-002
-2.23699047e-001
3.65100617e-001
1.40826949e-001
3.40472243e-001
0.00000000e+000
0.00000000e+000
0.00000000e+000
0.00000000e+000
-3.85622154e-001
8.34850211e-003
2.52083312e-001
1.19045659e-001
3.85014052e-003
6.15249283e-002
0.00000000e+000
0.00000000e+000
0.00000000e+000
0.00000000e+000
0.00000000e+000
0.00000000e+000
0.00000000e+000
0.00000000e+000
-6.79057815e-001
-3.96355451e-001
8.08836772e-001
0.00000000e+000
0.00000000e+000
0.00000000e+000
0.00000000e+000
0.00000000e+000
0.00000000e+000
-2.17022801e-001
1.78124958e-001
2.44843424e-001
2.63779989e-001
1.54266673e-001
-1.20419126e-001
-9.29020628e-002
-9.76881568e-001
5.24375503e-001
7.20047575e-002
4.15848368e-001
4.11993286e-001
-4.59135206e-001
-4.41163907e-001
3.18653030e-002
4.45920289e-001
-4.49442475e-001
-1.13543183e+000
4.54337909e-001
0.00000000e+000
-7.39270296e-001
1.53523782e-002
2.61409442e-001
-5.04708543e-001
8.79763740e-001
3.56158584e-002
0.00000000e+000
-3.06565042e-001
-1.09690855e+000
1.00582751e-001
1.05154620e+000
-6.05942034e-002
5.21328794e-001
0.00000000e+000
5.92010841e-002
-1.08429029e-001
-1.06416026e-001
-5.43038392e-002
-2.19361553e-001
-4.90277372e-001
0.00000000e+000
-6.49269046e-001
-1.21962984e-001
1.46874429e-001
-6.00129742e-001
2.35818122e-001
4.60657698e-001
0.00000000e+000
-4.21093464e-001
4.96050253e-002
-7.47155227e-002
-1.39912593e-001
2.29232492e-001
-1.57218224e-001
0.00000000e+000
-5.85811727e-001
2.37821568e-001
4.74892723e-002
-6.66970264e-001
2.71745960e-001
1.99904453e-001
0.00000000e+000
-2.37104565e-001
-8.41909850e-002
1.37287784e-001
-2.64644243e-001
-1.66759714e-001
-1.83896845e-001
0.00000000e+000
-3.95649390e-001
-1.01781845e-001
-1.50762297e-002
-5.21907408e-001
1.44149125e-001
-5.33843964e-001
0.00000000e+000
-2.27819880e-001
-1.85578001e-001
5.92687028e-002
-4.45035088e-001
-9.80253180e-002
-3.41138309e-001
-6.29197470e-001
-1.01294625e+000
-1.59022421e+000
0.00000000e+000
0.00000000e+000
0.00000000e+000
1.67255606e+000
-3.92327552e-001
1.70502518e+000
4.02240572e-001
-8.41501170e-002
1.78959830e+000
1.21208476e+000
1.95100516e+000
1.24385936e+000
0.00000000e+000
2.11597047e+000
8.12283701e-001
-1.25965552e+000
1.19259239e+000
1.73348725e+000
1.67327870e+000
1.43298072e+000
-8.81350041e-001
7.18624151e-001
1.19987822e+000
-1.24201141e+000
0.00000000e+000
0.00000000e+000
0.00000000e+000
1.10684139e+000
-3.79329575e-001
9.96651016e-001
1.56187622e+000
1.08172403e+000
9.44531176e-001
1.14160619e+000
8.14908810e-001
5.82647864e-001
0.00000000e+000
9.76557889e-001
3.44938314e-001
1.36071309e+000
9.37915232e-001
7.61576131e-001
1.27901121e+000
1.27563874e+000
1.42098267e+000
9.59499335e-001
1.33754275e+000
-1.21184440e+000
0.00000000e+000
0.00000000e+000
0.00000000e+000
-5.04622861e-002
-1.01622819e+000
-9.58369113e-002
5.72079706e-001
-3.64651596e-001
7.38555299e-001
2.17055876e-001
1.26972148e-001
9.20307264e-001
0.00000000e+000
7.15131808e-001
-1.17549768e+000
-1.51229088e+000
7.11587638e-001
-1.57559885e-001
-2.10784773e-002
3.41685391e-001
-1.06575333e+000
-3.70051670e-001
2.74191375e-001
1.26221727e-002
0.00000000e+000
0.00000000e+000
0.00000000e+000
1.16115861e-001
-1.57477008e+000
6.84143573e-002
1.11127570e-001
-2.35952695e-001
2.17140272e-001
5.44749167e-001
-2.13088119e-001
-1.36708512e+000
0.00000000e+000
1.33964754e-001
2.86490060e-001
3.18441196e-001
2.22913556e-001
-1.37318712e-001
5.15832059e-001
-1.32248959e-002
1.82234248e-001
7.01297656e-001
1.35341044e-001
136
1.15932582e+000
5.77416489e-001
-1.23480688e-003
5.81909329e-001
1.67491732e-004
0.00000000e+000
0.00000000e+000
0.00000000e+000
0.00000000e+000
0.00000000e+000
0.00000000e+000
3.19987888e-001
4.24984668e-001
4.14353263e-001
0.00000000e+000
0.00000000e+000
0.00000000e+000
0.00000000e+000
0.00000000e+000
2.98516420e-001
-9.25573920e-001
-3.29839736e-001
1.22577191e-001
2.93054919e-001
4.59153672e-001
6.48533747e-001
5.92903525e-001
-1.01833114e+000
4.85949132e-001
-1.35739084e-001
8.93973537e-001
-7.13175413e-001
-5.68280540e-002
-3.09842261e-001
5.19620974e-001
-3.39280071e-001
3.45400963e-001
-7.15042483e-001
1.01860710e+000
0.00000000e+000
-2.80253612e-002
1.03842011e-002
1.34305979e+000
0.00000000e+000
0.00000000e+000
0.00000000e+000
0.00000000e+000
-3.36243226e+000
2.51341874e-001
-8.74084524e-001
-1.29599288e+000
0.00000000e+000
-1.46569595e+000
-3.81696210e-001
-3.60537448e-001
-1.07711093e-001
0.00000000e+000
5.35537955e-001
-3.54134866e-001
2.55647078e-001
-4.09657623e-001
-2.95206737e-002
5.63347460e-002
-2.67915603e-001
-2.93412591e-002
1.01290123e-001
0.00000000e+000
1.34018840e+000
2.65191193e-002
3.93947824e-001
-5.48689890e-001
0.00000000e+000
8.05315565e-001
-1.06913731e-001
1.63356504e-001
-1.84044759e-001
0.00000000e+000
7.91363486e-001
-2.50117335e-001
2.80869729e-001
-8.48675663e-002
0.00000000e+000
2.72783047e-001
-2.29140667e-001
1.09928123e-001
-4.03796329e-002
-4.26443865e-001
-9.60049744e-001
-8.23700379e-001
0.00000000e+000
0.00000000e+000
0.00000000e+000
7.21543300e-001
-2.66496187e+000
3.68328378e-001
-4.64289868e-001
-1.15263630e+000
6.54403665e-001
2.09733834e-001
1.05732866e+000
9.22199721e-002
0.00000000e+000
9.13424149e-001
-8.88521258e-001
-1.46780658e+000
4.46808803e-001
1.00635414e+000
7.91432702e-001
7.11372532e-001
-1.43120933e+000
-2.23530388e-001
4.96305084e-001
-1.07741932e+000
0.00000000e+000
0.00000000e+000
0.00000000e+000
1.99403011e-001
-2.25782596e+000
1.36853149e-001
8.61438053e-001
-9.15288275e-001
1.00645143e+000
9.94800828e-001
6.80106823e-002
-3.98146559e-002
0.00000000e+000
8.29375202e-001
-8.90782995e-001
-1.22415268e+000
6.67131201e-001
-4.24426814e-001
2.08636877e-001
3.69227200e-001
-1.06651911e+000
2.14943580e-002
3.78569190e-001
10 1
-9.4819e-001 3.1789e-001
8 1
0 7 4 19 1 16 2 23 
217
2.24128131e-001
1.90941742e-001
-2.50189340e-001
-2.28207774e-002
-2.65342940e-001
1.17277555e-001
3.33685248e-002
3.47842590e-001
7.18416213e-001
-8.28478316e-001
0.00000000e+000
0.00000000e+000
0.00000000e+000
0.00000000e+000
-1.76982839e-001
7.30143067e-003
2.29564133e-001
4.01110970e-001
1.91310451e-004
-1.21099269e-001
0.00000000e+000
0.00000000e+000
0.00000000e+000
0.00000000e+000
0.00000000e+000
0.00000000e+000
0.00000000e+000
0.00000000e+000
1.22417232e-001
3.62253905e-001
0.00000000e+000
0.00000000e+000
0.00000000e+000
0.00000000e+000
0.00000000e+000
0.00000000e+000
0.00000000e+000
-6.24315526e-001
-2.75901121e-001
-3.82476237e-002
2.75224124e-003
4.60590289e-002
2.19655680e-001
3.17100715e-001
-6.43792232e-002
3.15238596e-001
1.00028783e-001
3.17077163e-001
7.67290237e-002
-2.20852736e-001
-2.46705329e-001
-1.71005202e-001
0.00000000e+000
-7.65189267e-002
-6.77352304e-001
8.68310945e-002
0.00000000e+000
-6.85128868e-002
0.00000000e+000
2.99900356e-001
-4.15848530e-001
-1.34223247e-001
1.97175172e-001
0.00000000e+000
-2.58029327e-001
-8.88894345e-001
3.35215359e-001
1.01378900e+000
1.46942099e-001
8.64717041e-001
0.00000000e+000
1.13454509e-001
-9.00557296e-002
-1.41498038e-001
1.67712319e-001
2.52171660e-001
-1.73376500e-001
0.00000000e+000
-3.45358773e-001
-3.94179679e-001
5.01335476e-001
-8.77175375e-001
6.81514280e-002
-2.37892832e-001
0.00000000e+000
1.06131076e-001
8.58847769e-002
-1.08749696e-001
-9.77302151e-002
2.26746751e-001
-5.77748537e-001
0.00000000e+000
-5.04027939e-001
-3.96328841e-001
4.98213599e-001
-9.14355027e-001
2.29942470e-001
-1.50541387e-001
0.00000000e+000
-1.33041653e-001
-5.00236208e-001
2.22549662e-001
-3.50479689e-001
1.34620122e-001
2.82636607e-001
0.00000000e+000
-2.46522239e-001
2.58888262e-001
2.45279367e-001
-8.06324461e-001
2.25371003e-001
-6.92437012e-001
0.00000000e+000
-7.62958351e-002
-1.73042885e-001
1.99880189e-001
-1.68933467e-001
1.00543777e-001
-2.44992311e-001
-4.51456159e-001
-1.12599443e+000
-1.56048182e+000
0.00000000e+000
0.00000000e+000
0.00000000e+000
1.46375889e+000
-3.97932918e-001
1.42920030e+000
9.45373502e-001
-1.04628441e+000
1.73302249e+000
1.43145980e+000
1.77695390e+000
1.15521019e+000
0.00000000e+000
2.06532384e+000
3.98193523e-001
-6.15157081e-002
1.49377008e+000
1.72914711e+000
1.65450838e+000
1.69400563e+000
-1.06104614e+000
1.09762144e+000
1.19847813e+000
-1.17872552e+000
0.00000000e+000
0.00000000e+000
0.00000000e+000
1.12995194e+000
-3.75392661e-001
8.74412718e-001
9.06377086e-001
1.72073590e+000
9.59515810e-001
9.86408308e-001
9.84644332e-001
6.98513714e-001
0.00000000e+000
9.90467321e-001
6.05514523e-001
2.96385626e-001
6.05307323e-001
6.42615700e-001
1.31048975e+000
1.17243100e+000
1.55283288e+000
6.85737760e-001
1.31961215e+000
-1.98452691e+000
0.00000000e+000
0.00000000e+000
0.00000000e+000
8.11051673e-001
-3.66220002e-001
7.37200828e-001
1.76789079e+000
-5.45614123e-001
1.84580256e+000
1.63960650e+000
1.26754270e+000
1.63943155e+000
0.00000000e+000
1.69351947e+000
1.55741983e-001
-4.63211636e-001
1.86373442e+000
1.01956319e+000
1.23997173e+000
1.13710853e+000
1.25792306e-001
1.04940500e+000
1.06554837e+000
-1.17658363e+000
0.00000000e+000
0.00000000e+000
0.00000000e+000
1.32662995e+000
-2.98336547e-001
1.26484854e+000
9.64131875e-001
1.41381866e+000
9.37671886e-001
1.18955821e+000
6.46270962e-001
2.82608676e-001
0.00000000e+000
1.21561131e+000
1.02643120e+000
1.30243310e+000
9.23433614e-001
8.02022238e-001
1.19182053e+000
1.09106420e+000
1.03305718e+000
1.27001296e+000
1.20647877e+000
136
1.11288335e+000
5.13180057e-001
2.31150561e-004
5.99703290e-001
-5.56047932e-004
0.00000000e+000
0.00000000e+000
0.00000000e+000
0.00000000e+000
0.00000000e+000
0.00000000e+000
-1.73605944e-002
4.30392227e-001
6.99851714e-001
0.00000000e+000
0.00000000e+000
0.00000000e+000
0.00000000e+000
0.00000000e+000
-4.32912581e-002
-7.71464598e-001
-2.02398186e-001
2.20593551e-001
3.20937539e-001
5.13518173e-001
5.64233713e-001
5.10754412e-001
-9.23235530e-001
4.78633647e-001
-1.66168435e-001
8.67883434e-001
-7.38662539e-001
-1.41436145e-001
-2.55188358e-001
4.60561381e-001
-2.72084613e-001
2.93899933e-001
-7.16402714e-001
1.07704716e+000
-2.37744600e-001
-3.93761356e-002
1.57037407e-001
1.26811945e+000
0.00000000e+000
0.00000000e+000
0.00000000e+000
0.00000000e+000
-3.15244938e+000
2.95555472e-001
-8.26624955e-001
-1.30046521e+000
0.00000000e+000
-1.58000598e+000
-4.21399743e-001
-3.66876577e-001
-9.97896240e-002
0.00000000e+000
6.39572885e-001
-3.15107879e-001
2.86715892e-001
-3.35253267e-001
3.77557276e-002
8.68856369e-002
-2.50166799e-001
-5.87955533e-003
5.84032719e-002
0.00000000e+000
1.36577029e+000
3.42088957e-003
3.95634177e-001
-3.63854820e-001
0.00000000e+000
7.38192173e-001
-9.84017078e-002
1.60031342e-001
-1.30825758e-001
0.00000000e+000
4.78148038e-001
-1.59066609e-001
1.82114273e-001
-1.43379026e-001
0.00000000e+000
3.32861194e-001
-2.54164551e-001
1.35504353e-001
-4.53235632e-002
-5.75321474e-001
-9.47056782e-001
-9.02181333e-001
0.00000000e+000
0.00000000e+000
0.00000000e+000
7.34963183e-001
-2.63306614e+000
3.94362452e-001
-4.37004087e-001
-1.12877251e+000
6.86753343e-001
1.70683222e-001
1.05802695e+000
1.29346410e-001
0.00000000e+000
8.83744578e-001
-8.81780721e-001
-1.55996902e+000
3.97530807e-001
1.02973891e+000
7.93618032e-001
6.44448536e-001
-1.39069611e+000
-3.02183988e-001
5.08074837e-001
-1.06811760e+000
0.00000000e+000
0.00000000e+000
0.00000000e+000
1.65679838e-001
-2.21060600e+000
1.63026871e-001
8.01373078e-001
-8.55313748e-001
9.94625696e-001
9.78408754e-001
3.61747241e-002
-3.24119867e-002
0.00000000e+000
7.89057553e-001
-8.08497194e-001
-1.22546120e+000
5.94542913e-001
-4.35303798e-001
1.82699321e-001
3.99724810e-001
-1.08180260e+000
8.98239258e-002
3.86141432e-001
6 1
-1.0693e+000 3.2773e-001
8 1
0 7 4 19 1 16 2 23 
217
4.77068658e-001
-5.05257733e-003
-6.89686924e-001
1.61303839e-002
1.25387186e-001
-1.68189515e-001
-1.01032288e-001
1.65835416e-001
2.31556456e-001
-1.72145760e+000
-2.88646582e-001
-4.60625246e-001
0.00000000e+000
0.00000000e+000
2.46945950e-002
1.24329631e-005
2.70326448e-001
4.52374063e-001
4.74183996e-003
-1.84107572e-001
0.00000000e+000
0.00000000e+000
0.00000000e+000
0.00000000e+000
0.00000000e+000
0.00000000e+000
0.00000000e+000
0.00000000e+000
6.07822502e-001
8.07699964e-001
0.00000000e+000
0.00000000e+000
0.00000000e+000
0.00000000e+000
0.00000000e+000
0.00000000e+000
0.00000000e+000
-7.59489892e-001
-2.96262450e-001
8.23445467e-002
2.33331372e-001
1.58736519e-001
4.25951383e-001
-6.32535799e-002
-2.08029309e-001
1.18494513e-001
2.36925709e-001
9.96516555e-002
1.68175750e-001
-2.60221279e-001
7.59336792e-002
3.86039300e-002
8.00633827e-001
6.07522758e-003
-8.80921525e-001
8.30127397e-002
0.00000000e+000
-2.60407137e-002
0.00000000e+000
1.03180144e+000
-2.15767506e-001
-1.03512027e-001
1.00637431e-001
0.00000000e+000
-6.14308856e-001
-9.12219881e-001
4.99295139e-001
1.01646642e+000
5.92082375e-001
5.12898485e-001
0.00000000e+000
2.32626192e-001
-6.22323786e-002
-3.65974192e-002
4.69781440e-002
2.81039885e-001
5.80044356e-001
0.00000000e+000
2.55842838e-001
-4.59495080e-001
4.49955393e-001
-7.95146087e-001
-2.28729574e-001
-8.17590152e-001
0.00000000e+000
2.69534649e-001
1.88926091e-001
-4.64988304e-002
-4.69989570e-001
2.54032839e-001
6.52583755e-001
0.00000000e+000
-3.11940879e-001
-6.58068762e-001
6.15284560e-001
-8.96794005e-002
1.73724977e-001
-1.72241723e-001
0.00000000e+000
2.16522060e-001
7.97853575e-002
2.04562195e-001
-1.52020937e-001
5.59844028e-002
-4.76255097e-001
0.00000000e+000
1.94733761e-002
-3.35723538e-001
1.15123042e-001
-3.79242640e-001
3.42472240e-001
-1.45343854e-001
0.00000000e+000
-5.22295219e-002
-2.12306290e-001
2.92420169e-001
-4.10148838e-001
2.36878011e-001
1.23527335e+000
-4.53269023e-001
-1.01777587e+000
-7.22780666e-001
0.00000000e+000
0.00000000e+000
0.00000000e+000
6.18784965e-001
-3.78730231e-001
-4.91576019e-002
1.55872139e-001
-2.23915210e+000
4.43432895e-001
1.22511462e-001
1.00023694e+000
1.54473137e+000
0.00000000e+000
1.09736056e+000
-1.47859699e+000
-2.37790477e+000
1.28071027e-001
1.43228753e+000
5.97579914e-001
5.88756863e-001
-2.47166337e+000
1.84928041e-002
5.24305917e-001
-1.29647851e-001
0.00000000e+000
0.00000000e+000
0.00000000e+000
8.26749261e-002
-1.96733674e+000
2.91539719e-001
-3.44289998e-001
7.88446512e-001
-1.40150365e-001
3.03013493e-001
-3.04542471e-001
-6.56329123e-001
0.00000000e+000
1.93497060e-001
-2.65775741e-001
6.39767079e-001
4.78206897e-001
-7.31800467e-001
5.62411274e-002
1.84540669e-001
9.47680843e-001
3.60436121e-002
2.78925120e-001
-1.07630737e+000
0.00000000e+000
0.00000000e+000
0.00000000e+000
4.39234797e-002
-3.87628549e-002
-3.89618300e-001
5.71652228e-001
-5.76580909e-001
4.35372522e-001
6.04465095e-001
1.49575866e-001
4.80296544e-001
0.00000000e+000
7.84657218e-001
-7.00135817e-001
-1.69480785e+000
-3.42340851e-001
-2.26917044e-002
5.86486173e-001
1.40386718e-001
-4.79433345e-001
-1.45787754e-001
-4.82963824e-001
-5.31041589e-002
0.00000000e+000
0.00000000e+000
0.00000000e+000
1.43465851e-001
-2.46374472e+000
3.39962237e-001
2.25112384e-001
1.29021909e-002
2.16509985e-001
1.40757485e-001
1.84837129e-001
-5.52136737e-001
0.00000000e+000
1.15593719e-001
-1.87846409e-001
4.47434997e-001
8.24545629e-001
-2.48199048e-002
-2.29487377e-001
1.28217623e-001
-6.15802273e-001
4.88431451e-001
7.52962582e-001
136
8.89020011e-001
4.07385606e-001
9.23828178e-004
4.81634405e-001
-5.00780822e-004
0.00000000e+000
0.00000000e+000
0.00000000e+000
0.00000000e+000
0.00000000e+000
0.00000000e+000
1.81376832e-001
1.68411592e-001
5.39231587e-001
0.00000000e+000
0.00000000e+000
0.00000000e+000
0.00000000e+000
0.00000000e+000
4.12351131e-001
-9.11357491e-001
-3.24429941e-001
1.07649070e-001
2.29593480e-001
3.94878863e-001
5.63734145e-001
4.16600754e-001
-1.12526628e+000
4.66835893e-001
-1.31203191e-001
7.75746066e-001
-6.44998855e-001
-1.25196287e-001
-3.14496061e-001
3.68682556e-001
-4.25408774e-001
2.57931104e-001
-6.34840896e-001
1.01802255e+000
6.18264320e-002
-5.32164189e-002
2.05585092e-001
1.18901708e+000
0.00000000e+000
0.00000000e+000
0.00000000e+000
0.00000000e+000
-3.00880253e+000
3.09024126e-001
-7.83308014e-001
-1.31484851e+000
0.00000000e+000
-1.58749318e+000
-3.98928040e-001
-3.67313512e-001
-9.13104190e-002
0.00000000e+000
2.01816476e-001
-3.90174794e-001
2.01348033e-001
-3.68490683e-001
3.52741663e-001
1.10429384e-001
-2.02994928e-001
-1.50714089e-002
3.42623131e-002
0.00000000e+000
2.08545751e+000
5.03496000e-002
5.33547271e-001
-2.26360710e-001
0.00000000e+000
5.23772966e-001
-1.60967877e-001
1.34656971e-001
-1.80667712e-001
0.00000000e+000
1.09081201e+000
-1.70596080e-001
3.24103230e-001
-5.06858690e-002
0.00000000e+000
1.32358425e-001
-2.94575116e-001
1.09040353e-001
-8.01514659e-002
-4.77910717e-001
-9.21355291e-001
-8.69376245e-001
0.00000000e+000
0.00000000e+000
0.00000000e+000
7.91123156e-001
-2.85455524e+000
4.62464829e-001
-3.72831198e-001
-1.10489349e+000
7.11840660e-001
2.08939238e-001
1.07815911e+000
-1.11659054e-001
0.00000000e+000
8.89707961e-001
-7.29489749e-001
-1.50672146e+000
3.28812996e-001
9.73442013e-001
8.39703247e-001
7.07556434e-001
-1.40323184e+000
-2.32600070e-001
4.54856203e-001
-1.09429097e+000
0.00000000e+000
0.00000000e+000
0.00000000e+000
1.76544577e-001
-2.32646962e+000
1.76877742e-001
8.26672972e-001
-9.50627482e-001
1.06653316e+000
9.87535364e-001
4.65619130e-002
-5.72585422e-002
0.00000000e+000
8.26456986e-001
-8.98440432e-001
-1.21610534e+000
6.58134512e-001
-4.25289514e-001
2.18595163e-001
4.21124083e-001
-1.06102848e+000
3.34826122e-002
4.02409360e-001
