2 4
1  0.000 1.000 1000000000.000
4 0 1 2 8
1 0
1 4
1 13
0 29
1 29
1 45
0 90
1 90
0 156
1 156
0
209
155
5	0	TRYP #num missed tryp terminals
2	-1e+09	0
3	0.32478406	0.32478406	-0.16671663
7	0	TRYP #frags at digest when C-term is R
4	-1e+09	0	1	3
5	-0.022523705	-0.022523705	-0.0080692884	0	-0.022523705
8	0	TRYP #frags at digest when C-term is K
3	-1e+09	1	2
4	0.012464692	0.012464692	0	0.012464692
9	0	TRYP #frags at digest when C-term is other
6	-1e+09	1	2	3	4	5
7	-0.0020875058	0.016030259	-0.0077917543	-0.015356292	-0.024381002	-0.02638899	-0.054518816
13	0	ANN PEAK diff from org pm_with_19
11	-1e+09	-2.9420166	-2.5493164	-1.1419678	-0.64208984	-0.34204102	-0.24194336	-0.041992188	0.25805664	0.36523438	0.56542969
12	-0.28867595	-0.28867595	0.15235212	0.22991044	0.10472658	0.094664459	0.044709542	-0.028478672	-0.15949709	-0.19396871	-0.23644653	-0.28867595
15	0	ANN PEAK %ann intensity
20	-1e+09	0.0663196	0.097840711	0.10316368	0.12342717	0.12831564	0.1379866	0.1479184	0.17803629	0.19449493	0.2001702	0.21188344	0.21827336	0.22473128	0.23834132	0.25287971	0.28810099	0.29834515	0.33720273	0.37335679
21	0.03316057	0.2289381	0.17317298	0.13865944	0.089900339	0.057730301	0.045133403	0.031136158	-0.018719866	-0.0027759587	-0.032382727	-0.050625426	-0.067545859	-0.081623963	-0.13938658	-0.14128174	-0.15007983	-0.15348672	-0.18235731	-0.20313219	-0.16917522
16	0	ANN PEAK %ann peaks
12	-1e+09	0.05882353	0.099290781	0.11029412	0.12605043	0.13432837	0.140625	0.14705883	0.152	0.17730497	0.18181819	0.1875
13	-0.028338203	-0.028338203	0.020931692	0.015779249	0.0070541525	-0.0051389121	-0.012908537	-0.020674313	-0.022264044	-0.032894298	-0.012685538	-0.025195244	-0.028338203
17	0	ANN PEAK #ann in top 25
7	-1e+09	1	2	4	7	9	11
8	0.020852354	0.020852354	0.01483071	-0.0025887296	-0.018905015	-0.025582915	0.014552274	0.020852354
18	0	ANN PEAK #ann in top half (up to 50)
11	-1e+09	4	7	9	10	11	13	14	18	21	23
12	0.054314278	-0.12248542	-0.17572726	-0.18750192	-0.094947672	-0.058416996	-0.0062576198	0.070799222	0.12847595	0.16385898	0.1758615	0.23265584
19	0	ANN PEAK #ann in top third - #ann in mid third
6	-1e+09	-1	0	2	3	5
7	0.015901123	0.015901123	0.017444551	-0.022606927	-0.020793557	-0.011452222	0.015901123
20	0	ANN PEAK #ann in top third - #ann in last third
15	-1e+09	-5	-3	-1	0	1	2	3	5	6	7	9	10	11	13
16	0.11730428	0.11730428	0.049000713	0.034263073	-0.053712092	-0.058399799	-0.076258561	-0.087242783	-0.082560093	-0.11038996	-0.086344241	-0.061074384	-0.03715209	0.020737271	0.040432767	0.11730428
21	0	ANN PEAK #ann in mid third - #ann in last third
10	-1e+09	-5	-3	-1	0	3	4	5	6	8
11	0.025123234	0.025123234	-0.040631339	-0.032530964	-0.028153805	-0.00099642397	0.0070720286	-0.0075315108	-0.0012319239	0.023550424	0.025123234
22	0	ANN PEAK #y annotated
5	-1e+09	1	2	3	4
6	0.075152125	0.10462008	-0.0034753788	-0.0049796847	-0.068405649	-0.062060566
24	0	ANN PEAK #b-H2O annotated
5	-1e+09	0	2	3	4
6	0.019897472	0.015738221	-0.018768957	-0.038203345	0.0043377777	0.024207904
25	0	ANN PEAK #y2 annotated
2	-1e+09	0
3	0.0050801519	0.0050801519	-0.0091617844
26	0	ANN PEAK #y-H2O annotated
5	-1e+09	0	1	2	3
6	0.010539	0.021344166	-0.053727127	-0.056868809	-0.044970581	-0.012549317
27	0	ANN PEAK #b2 annotated
3	-1e+09	0	1
4	-0.038807577	-0.14909122	-0.16732981	0.11600296
28	0	ANN PEAK #a annotated
3	-1e+09	0	1
4	-0.051719705	-0.11357656	0.0094437777	0.10748243
29	0	PEAK OFF y num frags detected
6	-1e+09	1	2	3	4	5
7	0.048257884	0.11664023	-0.061928422	-0.063549071	-0.12016752	-0.11131652	-0.039204597
30	0	PEAK OFF y max self offset
17	-1e+09	0.039905548	0.066303253	0.083599091	0.11066818	0.12272263	0.14521408	0.16840744	0.19310379	0.20676804	0.2442131	0.26160812	0.27092361	0.31348801	0.32588577	0.36774826	0.46129227
18	-0.056132395	-0.01505791	-0.0067040074	0.011071118	0.019087567	0.017485248	0.019544825	0.021250525	-0.010984651	0.016703538	-0.07620143	-0.057865979	-0.098940465	-0.14032452	-0.15755173	-0.18380982	-0.18070967	-0.12500888
31	0	PEAK OFF y avg self offset
17	-1e+09	0.048554737	0.056128692	0.072841644	0.079531096	0.089537814	0.093067169	0.096528374	0.10370763	0.10744552	0.13750076	0.14758682	0.16506425	0.20390701	0.26832351	0.28712082	0.37067795
18	-0.18292262	-0.35724519	-0.3853544	-0.40847193	-0.43522585	-0.40730835	-0.44704087	-0.4355323	-0.38640812	-0.40910969	-0.4425741	-0.42330514	-0.41340349	-0.42421809	-0.43361699	-0.37080282	-0.30248169	-0.043751355
32	0	PEAK OFF y max consecutive offset
14	-1e+09	0.063110352	0.12792969	0.13757324	0.16738892	0.19519043	0.20788574	0.22180176	0.24597168	0.25469971	0.31311035	0.32794189	0.48254395	0.52880859
15	-0.034771927	0.037135484	0.05637603	0.052099685	0.041382575	-0.023539261	-0.055602603	-0.062674051	-0.090575514	-0.10708164	-0.18753217	-0.20832363	-0.22602428	-0.19934505	-0.14458305
33	0	PEAK OFF y avg consecutive offset
11	-1e+09	0.04916992	0.054992676	0.06064453	0.074432373	0.085791014	0.10793457	0.15170288	0.22129822	0.25983888	0.29174805
12	-0.069749537	-0.069749537	-0.051502454	-0.056213767	-0.092023913	-0.1115179	-0.045171292	-0.057435056	-0.042167752	-0.029017948	-0.068228528	-0.069749537
34	0	PEAK OFF y grab offset #1
8	-1e+09	0.016723633	0.027099609	0.051757812	0.071533203	0.12695312	0.14611816	0.78710938
9	0.01516226	-0.032584054	-0.039939805	-0.074148634	-0.030904768	-0.078485887	-0.0696681	-0.066057666	0.048623582
35	0	PEAK OFF y grab offset #2
9	-1e+09	0.01184082	0.023925781	0.052001953	0.054931641	0.095214844	0.1003418	0.12939453	0.31469727
10	0.038949594	0.038949594	0.0075023271	-0.011292797	0.030711645	0.039396377	0.03003837	0.010900701	0.017142435	0.038949594
36	0	PEAK OFF y grab offset #3
3	-1e+09	0.12475586	3
4	0.017037106	0.017037106	-0.021214778	0.017037106
37	0	PEAK OFF b num frags detected
9	-1e+09	0.17713654	0.24107635	0.25843537	0.31346405	0.43797576	0.45911896	3	5
10	0.097247615	0.097247615	0.053396247	0.036001214	-0.011292016	0.018695665	0.033520618	0.084797531	0.08215854	0.097247615
38	0	PEAK OFF b max self offset
22	-1e+09	0.078112483	0.085205078	0.098645329	0.11076629	0.1164856	0.12791717	0.14457214	0.17283905	0.17857635	0.19713938	0.20360076	0.21690643	0.23868398	0.25488907	0.31346405	0.3251828	0.33812225	0.39960501	0.41755402	0.43604767	0.45701873
23	-0.12675711	-0.12675711	-0.1300237	-0.15125637	-0.14972844	-0.14296905	-0.15489544	-0.14105928	-0.15093133	-0.18690982	-0.20373133	-0.18514735	-0.16597562	-0.16274183	-0.17098317	-0.14723162	-0.11781991	-0.10733903	-0.1839917	-0.20965163	-0.22341218	-0.21384976	-0.12675711
39	0	PEAK OFF b avg self offset
13	-1e+09	0.068722844	0.10276349	0.12394989	0.12835693	0.15709198	0.16235352	0.17950714	0.21361053	0.23948944	0.31687653	0.3345578	0.35709196
14	0.083994369	0.083994369	0.082448902	0.070700259	0.060039838	0.055137052	0.041288988	0.001669958	0.0033405257	0.032351846	0.030681888	0.03222319	0.080303956	0.083994369
40	0	PEAK OFF b max consecutive offset
8	-1e+09	0.091552734	0.11254883	0.15591431	0.20352173	0.21569824	0.23736572	0.25317383
9	0.049484345	0.078782886	0.070685521	0.058276216	0.015181967	-0.0066238113	-0.019803456	-0.03875438	-0.062746591
41	0	PEAK OFF b avg consecutive offset
5	-1e+09	0.03515625	0.071136475	0.074584961	0.10239258
6	-0.0338564	-0.0338564	0	-0.020207719	-0.024724598	-0.0338564
42	0	PEAK OFF b grab offset #1
7	-1e+09	0.021240234	0.074462891	0.18798828	0.20776367	0.24194336	0.63354492
8	0.010282771	0.010282771	0.015090813	0.011996041	-0.0045112345	-0.025087811	-0.041480209	0.010282771
43	0	PEAK OFF b grab offset #2
8	-1e+09	0.0053710938	0.082885742	0.09375	0.13208008	0.1940918	0.28173828	0.3581543
9	-0.04808447	-0.04808447	-0.077693326	-0.04777409	-0.074674933	-0.061187965	-0.069762072	-0.03547495	-0.04808447
46	0	PEP COMP end cat C (len 3)
12	-1e+09	1	2	3	4	5	7	8	9	12	18	19
13	-0.3197176	-0.52772479	-0.37180299	-0.2787695	-0.25543693	-0.096356431	-0.12904029	-0.091575312	-0.075547488	-0.077068014	-0.034204382	-0.074750686	-0.10224305
48	0	PEP COMP len 3 # cat 15-18
3	-1e+09	0	1
4	-0.0054697724	-0.0054697724	0.0034090973	-0.0054697724
52	0	PEP COMP min cat, len 3
10	-1e+09	1	3	5	7	8	10	15	16	18
11	-0.021404726	-0.1265252	-0.025601662	0.0026235974	-0.017265846	0.024806346	0.052468243	0.062636187	0.088941689	0.083774542	0.068987232
53	0	PEP COMP avg cat, len 3
15	-1e+09	0.33333334	0.66666669	1.6666666	2	2.1666667	2.3333333	2.5	3.1666667	3.3333333	4.6666665	4.8333335	5	5.5	6.3333335
16	0.0035142293	-0.089750325	0.030398405	0.028820825	0.0089482941	0.010524972	0.041803391	0.043742933	0.047904091	0.046405541	0.055829773	0.057383361	0.095306147	0.10422719	0.085611776	0.081962731
54	0	PEP COMP before cat score 1
8	-1e+09	7	9	11	12	14	15	18
9	0.019126411	-0.038632328	-0.026385444	-0.035988425	-0.029992026	0.037489722	0.090117085	0.0024310571	0.042168437
55	0	PEP COMP after cat score 1
14	-1e+09	2	4	5	7	8	9	10	13	14	15	16	17	18
15	-0.027040922	-0.027040922	0.025598853	0.038111833	0.012381338	0.019144297	0.090740197	0.043585895	0.075300538	0.03225974	-0.030812972	-0.0026352198	0.074389202	-0.044729272	-0.027040922
56	0	PEP COMP span cat score 1
9	-1e+09	1	2	4	5	7	13	17	19
10	-0.022806714	-0.022806714	-0.021206993	0.018163465	-0.01754152	-0.016039042	0.0073038678	0.0089544611	-0.006370155	-0.022806714
57	0	PEP COMP before cat score 2
11	-1e+09	7	8	9	11	12	13	14	16	17	18
12	0.041262031	0.032301177	0.02241445	-0.017017752	-0.033087941	0.0062913282	-0.048166092	-0.013261298	-0.014759831	0.020079034	0.036292063	0.041262031
58	0	PEP COMP after cat score 2
12	-1e+09	3	7	9	10	11	12	14	16	17	18	19
13	-0.069430203	-0.069430203	0.050486433	0.091477947	-0.033656563	-0.018685271	0.040511837	0.0098992035	0.013013939	0.014782024	0.0016236054	-0.0095332009	-0.069430203
59	0	PEP COMP span cat score 2
10	-1e+09	1	3	5	7	10	11	12	13	17
11	-0.003712956	-0.003712956	0.0196458	0.016495561	0.028465953	0.031224933	-0.024703264	-0.040891405	-0.045532566	0.0098355938	-0.003712956
60	0	PEP COMP before cat score 3
12	-1e+09	3	5	8	9	10	11	12	13	14	15	17
13	-0.093253005	-0.093253005	-0.018436934	-0.10465856	-0.14914343	-0.13716521	-0.049059902	-0.047570336	-0.21905805	-0.11085727	-0.15570973	-0.012269554	-0.093253005
61	0	PEP COMP after cat score 3
9	-1e+09	5	9	12	13	14	17	18	19
10	-0.02439059	-0.019390841	0.017251837	-0.0001323249	-0.069860079	0.021504144	0.03592611	0.022136385	0.018922913	-0.0343145
62	0	PEP COMP span cat score 3
11	-1e+09	2	4	6	10	13	14	16	17	18	19
12	0.035576842	0.041480144	0.034450102	-0.0034378472	-0.00016964219	-0.060315178	-0.013445928	0.017048959	-0.08274922	-0.11004505	-0.058523589	0.019256537
63	0	PEP COMP before cat score 4
11	-1e+09	8	10	12	13	14	15	16	17	18	19
12	-0.0022083056	0.14195024	-0.0045798871	0.072136319	-0.075286592	-0.11608588	-0.12108002	0.099507287	0.17352679	-0.062862929	-0.0079349696	-0.14003629
64	0	PEP COMP after cat score 4
10	-1e+09	3	5	8	9	11	12	13	17	19
11	0.037189687	0.037189687	0.10996321	0.17879164	0.031587527	0.046629465	-0.033271798	-0.12386741	0.052805131	0.085686781	0.037189687
65	0	PEP COMP span cat score 4
7	-1e+09	2	4	12	16	17	19
8	0.028499719	0.043871663	0.018239443	-0.017072466	0.010697394	0.0052852844	-0.044197505	0.020923792
66	0	PEP COMP #aa A
2	-1e+09	1
3	-0.026950049	-0.026950049	0
68	0	PEP COMP #aa N
2	-1e+09	1
3	-0.018218566	-0.12707133	-0.17327895
69	0	PEP COMP #aa D
2	-1e+09	1
3	-0.0077829432	-0.025373829	-0.017590885
70	0	PEP COMP #aa C
1	-1e+09
2	0	0.0045675266
71	0	PEP COMP #aa Q
2	-1e+09	1
3	-0.14045137	-0.46135113	-0.79046661
72	0	PEP COMP #aa E
1	-1e+09
2	0	-0.14917819
75	0	PEP COMP #aa L
1	-1e+09
2	0	-0.014637283
76	0	PEP COMP #aa K
2	-1e+09	1
3	0.082300592	0.082300592	0
77	0	PEP COMP #aa M
1	-1e+09
2	0	0.1504895
78	0	PEP COMP #aa F
2	-1e+09	1
3	-0.01717947	-0.2209631	-0.27491965
79	0	PEP COMP #aa P
2	-1e+09	1
3	0.21709831	0.33185517	0.70821763
80	0	PEP COMP #aa S
2	-1e+09	1
3	-0.023120854	-0.040585583	-0.017464729
81	0	PEP COMP #aa T
2	-1e+09	1
3	-0.02431729	-0.10109865	-0.076781358
82	0	PEP COMP #aa W
1	-1e+09
2	0	-0.065422196
84	0	PEP COMP #aa V
2	-1e+09	1
3	-0.016908432	-0.016908432	0
102	0	PRM -N/C delta mass
21	-1e+09	-0.85506439	-0.54362488	-0.22515869	-0.12875366	-0.10031891	-0.089332581	-0.060211182	-0.043296814	0.0068664551	0.050491333	0.068183899	0.077789307	0.10167694	0.15786743	0.19405365	0.25692749	0.40142822	0.70591736	0.87870789	0.96659851
22	-2.0623659	-2.1659845	-1.2083107	-0.074167881	-0.011355936	0.095613546	0.22741158	0.23423798	0.33553986	0.39147624	0.42063744	0.41729457	0.4095589	0.395433	0.3620832	0.29762157	0.19622451	-0.24915538	-0.52075598	-1.4832707	-1.7650039	-1.9379468
103	0	PRM -N/C total breakage score
5	-1e+09	-48.305874	-39.417492	-22.846722	11.153372
6	-0.0061596715	-0.013084368	-0.019415198	-0.031093813	-0.023732034	0
104	0	PRM -N/C average breakage score
2	-1e+09	-5.6593189
3	-0.0065916602	-0.021391752	0
105	0	PRM -N/C normalized average breakage score
5	-1e+09	-8.0509787	-6.569582	-3.8077869	1.8588953
6	-0.0090374428	-0.01871687	-0.037575352	-0.050981248	-0.018220291	0
106	0	PRM -N/C path score
6	-1e+09	47.034172	48.100441	53.529411	69.845367	79.405167
7	0	0	-0.0056527831	-0.014892732	-0.020199786	-0.015184461	0
107	0	PRM -N/C average path score
3	-1e+09	8.0167398	11.640895
4	0	0	-0.0016793335	0
108	0	PRM -N/-C delta mass
19	-1e+09	-0.91403198	-0.66358948	-0.31326294	-0.29076385	-0.27109528	-0.19950867	-0.097595215	-0.088172913	-0.046424866	-0.022918701	0.0029525757	0.04901886	0.067062378	0.086700439	0.13532257	0.16504669	0.36484528	0.64006042
20	-0.470141	-0.48246674	-0.23113381	-0.10515229	0.0079401705	0.03024352	0.077634108	0.13843353	0.12692986	0.11317027	0.067990925	0.069525054	0.012650996	-0.016014247	-0.063404835	-0.10051783	-0.10805225	-0.1323375	-0.19535555	-0.45799369
110	0	PRM -N/-C average breakage score
10	-1e+09	-7.9590011	-6.2823944	-2.2159922	2.4615216	2.9687726	4.224957	5.7905431	6.3748789	8.0949688
11	-0.013305409	-0.013305409	-0.02003701	-0.036442714	-0.063775713	-0.099466878	-0.067634599	-0.060223204	-0.0058544854	-0.020760881	-0.013305409
111	0	PRM -N/-C normalized average breakage score
5	-1e+09	-4.1033769	4.0183191	4.8207421	6.2455897
6	-0.011758064	-0.011758064	-0.016856389	-0.0064345614	0	-0.011758064
112	0	PRM -N/-C path score
9	-1e+09	24.351784	31.036852	51.973328	58.559093	64.104141	65.257286	80.671204	91.678841
10	-0.02825379	-0.029987736	-0.038936542	-0.040652758	-0.017589828	-0.031345666	-0.026362542	-0.01545444	-0.025078311	-0.023379709
113	0	PRM -N/-C average path score
9	-1e+09	4.0586305	8.1087332	8.662221	9.5784683	9.7598486	10.876214	13.445201	15.279807
10	-0.069847799	-0.081005645	-0.1459501	-0.14121863	-0.069831183	-0.076078115	-0.13562096	-0.11768094	-0.12201704	-0.065101568
114	0	PRM path score
10	-1e+09	-18.188015	-13.3307	10.814997	14.149879	19.066223	29.368441	33.121178	37.045227	52.486931
11	-0.014424488	-0.014424488	0.023252003	0.011559693	0.01309283	-0.0030945559	0.0055971125	0.0071732849	-0.014436753	-0.022527934	-0.014424488
115	0	PRM total breakage score
31	-1e+09	23.293484	27.183216	29.920738	32.168907	34.067829	35.818913	38.830956	40.226185	41.540295	46.340248	47.464676	49.696766	50.775658	55.113716	57.268711	60.568016	65.179314	66.39994	68.964722	71.619156	74.532715	77.676872	79.402924	81.272293	83.21814	85.423737	87.860039	90.649048	94.005646	98.446213
32	0.54010147	0.54010147	0.28318988	0.1604759	0.15318091	0.1266542	0.096607566	0.05804912	-0.010103895	-0.013280103	-0.080050072	-0.13620065	-0.15651489	-0.1846337	-0.22028133	-0.27929842	-0.30194959	-0.25647232	-0.24192408	-0.22347087	-0.20567233	-0.17736358	-0.17570184	-0.14277457	-0.072347262	-0.035602724	-0.025088177	0.007449962	0.075262146	0.12112347	0.24076025	0.54010147
116	0	PRM SeqPath rank
10	-1e+09	0	1	2	3	4	6	10	28	49
11	0.056885288	0.075673492	-0.25775389	-0.26776362	-0.22006543	-0.15277514	-0.068504215	-0.054908331	-0.010812622	0.046592884	0.089181653
117	0	PRM multipath score
12	-1e+09	25.138977	42.720604	51.737598	52.852566	61.667896	63.911827	67.321983	72.195084	79.403107	81.021736	99.770477
13	-0.01849576	-0.013802499	0.086957555	0.090228318	0.045242649	0.014780477	0.033838375	0.010593749	0.0071835175	-0.05074218	-0.10776328	-0.057184694	-0.024825834
118	0	PRM delta score
27	-1e+09	0	1.6766167	2.2911758	2.9505005	4.2935181	5.6433487	8.3595657	9.7253113	10.420944	11.108044	12.528259	13.26133	17.796013	19.40583	22.03857	22.979691	23.917633	24.903385	25.942566	26.982292	28.082691	29.233803	30.45491	31.81628	34.964283	36.897514
28	-0.54216872	0.085038111	0.32936946	0.32775613	0.28996165	0.23263363	0.2124768	0.099832522	0.040473916	0.019335358	0.00034030759	-0.058657744	-0.12364557	-0.12845502	-0.17243655	-0.25290358	-0.30270783	-0.31408982	-0.39365863	-0.43721188	-0.44207234	-0.50373338	-0.53184914	-0.65378048	-0.65818834	-0.8567831	-0.87108695	-0.91918061
119	0	PRM rank, delta score<=1.5
3	-1e+09	0	2
4	0.18164719	0.18164719	0	0.10998147
120	0	PRM rank, 1.5<delta score<=7.5
3	-1e+09	2	5
4	-0.014304389	-0.014304389	0	-0.014304389
121	0	PRM rank, 7.5<delta score<=15
8	-1e+09	3	6	8	11	20	21	34
9	-0.0060546576	-0.092611758	-0.079639607	-0.049098986	-0.05671254	-0.030037175	-0.003415899	0.055658485	0.085919802
122	0	PRM rank, delta score>15
6	-1e+09	6	13	39	56	72
7	-0.045602544	-0.045602544	-0.041974516	-0.055987848	-0.036195286	-0.0036280279	-0.045602544
123	0	PRM tag, percent in top 5 denovo
3	-1e+09	0.2	0.60000002
4	0.012311289	0.012311289	0	0.012311289
124	0	PRM tag, percent in top 20 denovo
10	-1e+09	0.050000001	0.1	0.15000001	0.2	0.25	0.34999999	0.40000001	0.5	0.55000001
11	0.10842438	0.10842438	0.1616763	0.14259342	0.15994955	0.21110531	0.23131634	0.25175375	0.26059639	0.2834907	0.32007286
125	0	PRM tag, percent in all denovo
10	-1e+09	0.02	0.039999999	0.079999998	0.1	0.12	0.16	0.23999999	0.38	0.57999998
11	0.045181057	-0.049981248	-0.0060019507	0.041440114	0.05545704	0.094253857	0.097326735	0.12249691	0.13857448	0.12720136	0.13031541
126	0	PRM tag, rank if in top 5
7	-1e+09	1	4	5	7	13	41
8	0.23557998	0.23557998	0.092635742	0.0049584458	0.14790268	0.14451858	0.14294423	0.23557998
127	0	PRM tag, rank if in top 5-20
6	-1e+09	0	6	7	12	106
7	-0.010215584	-0.010215584	-0.044142434	-0.023630444	0.0071879972	0.015181357	-0.010215584
128	0	PRM tag, rank if in top 20-all
13	-1e+09	0	1	2	4	7	9	16	18	27	38	42	49
14	0.14680104	0.0099593958	-0.02803241	-0.12267402	-0.044235866	-0.031273982	0.063367624	0.016484257	0.018651287	0.14594318	0.14756457	0.26477662	0.29021008	0.29637097
130	0	PRM delta num breakage scores (missing)
3	-1e+09	-1	0
4	-0.052918942	-0.052918942	0.055044215	-0.052918942
133	0	PRM breakage score min 1
15	-1e+09	-30.814617	-29.439892	-24.890249	-21.293987	-20.651159	-17.503016	-15.768597	-15.220171	-13.547065	-12.988661	-11.851191	-11.26843	-6.6119123	-2.7003143
16	-0.02350559	-0.079319996	-0.052038575	-0.036754978	-0.043355919	-0.033961523	-0.019142573	-0.079600917	0.00754867	0.017452697	0.015846694	0.0087508062	0.0051722227	-0.0081246497	0.0047486436	0.063482234
134	0	PRM breakage score min 2
9	-1e+09	-12.551949	-11.800471	-7.2766032	-6.4049468	-3.285229	-2.486727	1.2215748	4.7018251
10	-0.013912308	-0.043960028	-0.027802198	-0.0076041535	-0.012950664	-0.028509817	-0.014788354	0.0063992678	0.014931852	0.016433694
135	0	PRM breakage score min 3
15	-1e+09	-15.064408	-10.52294	-5.8280525	-5.2251172	-1.5813191	-0.8207286	-0.13069654	2.1344147	2.8161004	3.8440256	6.0386772	7.341372	10.339727	11.337605
16	0.10150715	0.091966177	0.084503189	0.076882154	0.071497594	0.052838094	0.11800628	0.069900902	0.080912666	0.087342396	0.10425309	0.1194675	0.090516411	0.11884762	0.11489952	0.10849931
136	0	PRM breakage score min consecutive 3
15	-1e+09	-46.584435	-27.198956	-23.967434	-17.256763	-16.06543	-12.646862	-9.426959	-6.328145	-2.228183	-1.2091154	4.1848722	10.356329	16.678164	24.193995
16	0.022512536	0.11816994	0.11662069	0.099591365	0.08111495	0.02249705	0.01570404	0.013508315	0.010075717	-0.0062784015	0.004974278	-0.039366077	-0.079875963	-0.074467592	-0.095225066	-0.09037234
137	0	PRM breakage score max consecutive 3
8	-1e+09	-4.1330538	11.631323	12.813953	19.003571	27.003391	39.372955	40.627193
9	-0.025591703	0.10788156	0.060366621	0.075352754	0.085921434	0.026005165	-0.017248527	-0.10548945	-0.13758351
138	0	PRM breakage score min consecutive 2
11	-1e+09	-30.358532	-27.57118	-20.998482	-10.029316	-8.4089594	-6.8178282	-5.9789839	-1.7237167	6.0276656	7.5602245
12	-0.0033365079	-0.0033365079	0.014726218	0.0081367819	-0.013622297	0.0079199005	0.06003861	0.014429461	0.00095532377	0.0059522558	0.0043673229	-0.0033365079
139	0	PRM breakage score max consecutive 2
15	-1e+09	-5.7023082	-1.2034559	1.6048216	3.6455188	5.3038912	10.150029	11.094444	14.280829	18.24308	21.664076	23.913235	25.046894	27.329899	31.360409
16	-0.026776505	-0.011885303	0.024078093	0.03569597	0.045384215	0.083012775	0.075251703	0.073727734	0.053337237	0.015661275	0.0026996703	0.015769265	-0.043868973	-0.057599194	-0.066066391	-0.034863464
141	0	PRM #breakage scores 0 - -10
2	-1e+09	1
3	0.0023450349	0.0063076832	0
142	0	PRM #breakage scores 0 - 8
5	-1e+09	0	1	2	3
6	-0.033263949	-0.038571691	-0.017985513	0.026217124	0.031322188	0.015773321
144	0	PRM #breakage scores above 15
3	-1e+09	0	1
4	-0.012765827	-0.0042467206	0.027513281	-0.035234233
145	0	PRM %breakage scores below -10
3	-1e+09	0.2	0.42857143
4	0.0038515323	0.0038515323	-0.0047468975	0.0038515323
146	0	PRM %breakage scores below 0
3	-1e+09	0.14285715	0.33333334
4	-0.0030417957	0.00070997355	0.0092382078	-0.0030417957
147	0	PRM %breakage scores above 0
3	-1e+09	0.60000002	0.83333331
4	0.0040453622	-0.0039101129	0.01430215	0.0040453622
148	0	PRM %breakage scores above 8
5	-1e+09	0	0.14285715	0.5	0.66666669
6	-0.0052161841	-0.0052161841	-0.014298384	0.01298817	0.0030589527	-0.0052161841
149	0	PRM Score connected to N-terminal
3	-1e+09	-5.2595453	4.2386928
4	0.0029762405	0.0029762405	0	0.0029762405
150	0	PRM Score connected to C-terminal
7	-1e+09	2.9926736	3.4096131	6.2070251	6.604815	11.481615	13.709772
8	-0.11115815	-0.11115815	-0.065477801	-0.035377832	0.010116395	0.011685577	0.010177284	-0.11115815
151	0	PRM %breakages with 1 frag detected
4	-1e+09	0	0.16666667	0.33333334
5	0.027783888	0.041743486	0.0027371281	-0.012000878	-0.010045375
152	0	PRM %breakages with 2 frag detected
7	-1e+09	0	0.14285715	0.16666667	0.2857143	0.33333334	0.42857146
8	0.012548872	-0.04717341	-0.035914371	-0.0083354582	0.034766781	0.041274702	0.070795005	0.039164015
153	0	PRM %breakages with > 5 frags detected
6	-1e+09	0	0.14285715	0.16666667	0.2857143	0.33333334
7	0.036880019	0.15333121	0.08879253	0.032303164	-0.063711052	-0.11667913	-0.15213144
154	0	PRM %breakages with dual orientation frags
7	-1e+09	0.33333334	0.42857146	0.5714286	0.71428573	0.83333337	0.85714293
8	-0.0063847861	-0.10263572	-0.042881776	-0.038977881	-0.025439292	0.059038477	0.069997847	0.095450179
155	0	PRM #orientation switches
3	-1e+09	0	1
4	0.0080375044	0.07068273	-0.022248927	-0.14024541
157	0	COMP PPP frag 1 obs_ratio
4	-1e+09	0.2	0.5	0.71428573
5	0.028536392	0.028536392	-0.01694015	-0.038713276	0.020409292
158	0	COMP PPP frag 2 obs_ratio
10	-1e+09	0	0.14285715	0.2857143	0.42857143	0.5	0.5714286	0.60000002	0.71428573	0.80000001
11	0.1529718	0.1529718	0.12548551	0.02583039	-0.082043691	-0.077459001	-0.10700946	-0.049678646	-0.016628725	0.13798954	0.1529718
159	0	COMP PPP frag 3 obs_ratio
6	-1e+09	0.14285715	0.16666667	0.2857143	0.5714286	0.71428573
7	-0.0036721313	-0.066996989	-0.075177255	-0.097531445	-0.10172713	-0.063851767	0.077316052
160	0	COMP PPP num missed peaks
5	-1e+09	32	33	35	39
6	0.022318107	0.022318107	0.014779656	-0.0073222707	-0.01642064	0.022318107
161	0	COMP PPP MOBILE sum ranks of missed 1-5
17	-1e+09	14	20	25	27	30	36	37	49	51	54	55	58	61	65	70	84
18	0.14236815	-0.011334952	-0.15811107	-0.24827057	-0.24665362	-0.24250573	-0.21055527	-0.14044743	-0.13236363	-0.083223948	-0.084737311	-0.04021018	-0.02442899	0.017151155	0.029023984	0.079384527	0.13110229	0.22040052
162	0	COMP PPP PARTMOBILE sum ranks of missed 1-5
10	-1e+09	16	18	23	25	38	47	58	69	80
11	-0.10682874	-0.10682874	-0.082076716	0.016515589	0.021278716	0.0068458681	-0.0049913938	0.0012818816	-0.062906936	-0.094746845	-0.10682874
164	0	COMP PPP sum ranks of missed 1-5
12	-1e+09	14	23	28	29	30	42	43	51	60	71	79
13	0.0029876726	-0.016389719	-0.089080886	-0.022797874	-0.018804663	0.064857636	0.082352104	0.067285413	0.1479964	0.12372086	0.1222099	0.10687433	0.10537008
165	0	COMP PPP MOBILE sum ranks of missed 6-10
8	-1e+09	55	70	86	100	105	115	120
9	0.032959439	0.032959439	-0.069830464	-0.094078374	-0.081051341	-0.047003301	-0.024194875	0.016120277	0.032959439
168	0	COMP PPP sum ranks of missed 6-10
3	-1e+09	54	100
4	0.016107216	0.016107216	-0.019856247	0.016107216
169	0	COMP PPP MOBILE sum ranks of missed 11-15
8	-1e+09	90	103	110	130	135	140	145
9	0.066057235	0.066057235	0.031704756	-0.04047043	-0.034698364	-0.022364493	-0.011122269	0.049450099	0.066057235
170	0	COMP PPP PARTMOBILE sum ranks of missed 11-15
4	-1e+09	120	125	150
5	-0.046166541	-0.046166541	-0.020535673	0	-0.046166541
173	0	COMB PPP observed rank of predicted rank 1
8	-1e+09	0	1	2	4	5	6	8
9	-0.1140913	0.19669629	0.20206814	0.15188168	0.044604526	-0.01134263	-0.10172614	-0.21941191	-0.26277038
174	0	COMB PPP observed rank of predicted rank 2
7	-1e+09	0	2	3	4	6	7
8	-0.079375395	-0.079375395	0.028263564	0.0012253039	-0.038523436	-0.08959191	-0.10706645	-0.18020284
175	0	COMB PPP observed rank of predicted rank 3
8	-1e+09	0	1	2	3	5	7	10
9	-0.080254689	-0.060590691	0.00063638038	0.066929644	0.062429384	0.060685958	-0.0089389953	-0.078680621	-0.10434075
176	0	COMB PPP observed rank of predicted rank 4
7	-1e+09	1	2	5	7	8	11
8	-0.061476578	-0.043603414	0.049074685	0.059935081	0.050732755	0.008744168	-0.029493721	-0.070122325
177	0	COMB PPP observed rank of predicted rank 5
8	-1e+09	0	1	2	3	7	8	9
9	-0.057891026	-0.057891026	-0.038628862	-0.032366427	0.04186059	0.047049069	0.027396163	0.0029977548	-0.057891026
178	0	COMB PPP observed rank of predicted rank 6
7	-1e+09	1	2	5	9	12	19
8	-0.0088082158	-0.0088082158	0.050695204	0.074795549	0.096469508	0.0073208545	-0.052182565	-0.029518604
179	0	COMB PPP observed rank of predicted rank 7
9	-1e+09	1	2	3	6	8	9	10	16
10	-0.019099897	-0.019099897	0.0052807506	0.0080736039	0.016744378	0.030285343	0.017606709	0.0082765628	-0.070626942	-0.019099897
180	0	COMB PPP predicted rank of observed rank 1
3	-1e+09	9	19
4	-0.025865524	-0.025865524	0.029209268	-0.025865524
181	0	COMB PPP predicted rank of observed rank 2
5	-1e+09	0	8	11	19
6	-0.043385578	-0.043385578	-0.014223818	0.033837965	0.018360301	-0.043385578
182	0	COMB PPP predicted rank of observed rank 3
7	-1e+09	1	2	3	4	8	14
8	0.0019282191	0.0019282191	0.035538143	0.031829637	0.017116753	0.00058898718	0.020375037	0.0019282191
183	0	COMB PPP predicted rank of observed rank 4
3	-1e+09	8	18
4	0.0016242099	0.0016242099	-0.001524778	0.0016242099
184	0	COMB PPP predicted rank of observed rank 5
8	-1e+09	1	4	6	7	10	16	19
9	0.016650153	0.016650153	0.0023090809	-0.0080481989	-0.01052162	-0.015518276	-0.005368566	0.0014256868	0.016650153
185	0	COMB PPP predicted rank of observed rank 6
5	-1e+09	2	6	7	11
6	-0.00069347728	0.019376954	0.014033432	-0.0060948967	-0.019014103	-0.021400383
186	0	COMB PPP predicted rank of observed rank 7
9	-1e+09	3	5	7	9	10	11	16	21
10	0.01594255	0.019237646	0.036921741	0.031719771	0.025147618	0.023320887	-0.0092313861	-0.026915482	-0.016043107	0.0064443887
187	0	COMB PPP rank of missed #1
12	-1e+09	0	1	2	3	4	5	6	7	9	10	13
13	0.043091736	-0.28947993	-0.24996313	-0.11527812	0.0060679835	0.046882375	0.091773847	0.058909226	0.11529527	0.1705409	0.20953089	0.22744687	0.32433392
188	0	COMB PPP rank of missed #3
7	-1e+09	2	6	7	9	10	14
8	0.078591789	0.024368233	-0.012258789	0.0031555452	-0.006697475	0.0074874332	0.061710989	0.078591789
189	0	COMB PPP rank of missed #5
5	-1e+09	5	9	14	16
6	-0.0017444217	-0.0017444217	-0.011387112	0.003234641	0.0047411401	-0.0017444217
190	0	COMB PPP rank of missed #7
5	-1e+09	8	10	14	15
6	0.041361292	0.041361292	0.021985611	-0.033144312	-0.01661603	0.041361292
191	0	COMB PPP rank of missed #9
4	-1e+09	19	22	23
5	0.0036365511	0.0036365511	-0.012250533	-0.0010907172	0.0036365511
196	0	COMB PPP delta score #1
14	-1e+09	0	0.15713048	0.36780548	0.57287478	0.64314818	0.71162391	1.0694538	1.4687718	1.6529112	1.8684424	2.1331871	2.7392406	3.0928023
15	0.27204007	0.51917503	0.55497167	0.56231532	0.50931064	0.50266553	0.48374025	0.42648728	0.42808101	0.29627618	0.29121027	0.27570699	0.19033355	0.080910199	0
197	0	COMB PPP delta score #2
18	-1e+09	-1.209651	-0.66915262	-0.49892902	-0.36081719	-0.23769259	-0.031718016	0.17379379	0.4226256	0.5476653	0.93021238	0.99516582	1.2717758	1.4262967	1.5129559	1.6064277	1.7109883	1.9527502
19	-0.020351131	0.11299085	0.15119307	0.12632878	0.092444447	0.058033108	0.044518305	0.1165298	0.10802384	0.059597615	0.021395395	-0.084263505	-0.036583685	-0.038130921	-0.080902674	-0.10507225	-0.092497359	-0.12717247	-0.16356282
198	0	COMB PPP delta score #3
21	-1e+09	-1.3853464	-1.0908139	-0.611094	-0.4998343	-0.30323911	-0.063721657	0.12982392	0.29960322	0.4147042	0.47247589	0.64536381	0.82615119	0.94562876	1.0082855	1.1385623	1.2083755	1.2803266	1.3595495	1.4452326	1.7536221
22	-0.23475771	-0.16798111	-0.051243401	-0.0055238472	0.0077915357	-0.033462407	-0.064684027	-0.057911953	-0.063774002	-0.090726539	-0.099782995	-0.13563361	-0.11195699	-0.13038751	-0.1700921	-0.19956085	-0.18344768	-0.15719197	-0.21013372	-0.22630794	-0.23308001	-0.30531518
199	0	COMB PPP delta score #4
17	-1e+09	-1.5063438	-0.86214173	-0.52324891	-0.34776711	-0.0004761219	0.02335453	0.078740478	0.24137259	0.29475355	0.45854306	0.62497985	0.73471832	0.96649122	1.3173974	1.4994066	1.727188
18	0.10138397	0.15251944	0.26196598	0.26046243	0.23678826	0.2415277	0.26100073	0.22806039	0.21105582	0.20138445	0.15679065	0.17011066	0.11203985	0.1086868	0.10247551	0.080826247	0.10956502	0.05004858
200	0	COMB PPP delta score #5
19	-1e+09	-1.5758559	-1.2752928	-1.0800748	-0.68532896	-0.33381259	-0.06571269	0	0.11625588	0.27224892	0.48039687	0.58467591	0.63762462	0.74478108	0.90766323	1.0922182	1.2333196	1.3994284	1.9294267
20	0.11560735	0.11560735	0.1434166	0.17744119	0.22258801	0.24248689	0.24558642	0.22107862	0.20428123	0.19589062	0.17997569	0.13435292	0.089206098	0.092392655	0.074130067	0.091366752	0.05049309	0.04805062	0.020423241	0.11560735
201	0	COMB PPP delta score #6
14	-1e+09	-1.6157475	-1.3104119	-1.1092196	-0.81848562	-0.51935625	-0.10186815	0.11054623	0.36167276	0.51159364	0.66188246	0.71214801	0.81635857	1.1798161
15	-0.03573676	-0.030521888	0.030811945	0.081600575	0.10829755	0.10353288	0.093530281	0.07339358	0.065106499	0.091575268	0.089984609	0.04404931	0.029975629	-0.01157996	-0.040585782
202	0	COMB PPP delta score #7
17	-1e+09	-1.6605884	-1.3332238	-0.72686261	-0.45421576	-0.30617753	0	0.10822612	0.25124431	0.34453857	0.48702359	0.53523123	0.67809469	0.82978565	1.2777838	1.4703163	1.7589204
18	0.029541991	0.029541991	0.084647828	0.12280375	0.11133475	0.12472686	0.061345945	0.064521915	0.085070043	0.08349389	0.071329873	0.087293972	0.054973556	0.047338458	0.029392915	0.014629652	0.011618254	0.029541991
203	0	COMB PPP dot prod pred-obs top 15
16	-1e+09	0.25369379	0.36630228	0.45637003	0.49272913	0.53590089	0.57684481	0.58778816	0.61165363	0.68675965	0.71289724	0.75349331	0.78081739	0.80331028	0.81087774	0.86804008
17	-0.039511939	-0.086524585	-0.092480873	-0.051844717	-0.019948134	-0.010576385	-0.013661257	0.019684987	0.048189304	0.058942488	0.061539028	0.064995387	0.086914592	0.065047396	0.048433707	0.045167391	0.0050824307
204	0	COMB PPP dot prod obs-pred top 15
15	-1e+09	0.27909249	0.31810462	0.4262926	0.62405181	0.69397062	0.7354331	0.74689883	0.7973184	0.89373606	0.90252912	0.90889156	0.95203388	0.96263444	0.98485219
16	0.065267863	0.056269527	-0.040671219	-0.046940512	-0.048488488	-0.008655323	-0.019956818	-0.03151327	-0.02365317	-0.018771628	-0.0070038958	0.013676451	0.032352133	0.040724598	0.051155745	0.070393145
205	0	COMB PPP dot prod pred-obs top 30
13	-1e+09	0.16460007	0.26223052	0.27945003	0.37935519	0.41273537	0.44183642	0.45148367	0.4594638	0.52790278	0.55343115	0.58747154	0.65800941
14	-0.0027877241	-0.0027877241	-0.0088830109	-0.00041541611	-0.02863263	-0.015680093	-0.012232968	0.0044665749	0.038579736	0.040158089	0.05834003	0.065362294	0.038819171	-0.00031606941
206	0	COMB PPP dot prod obs-pred top 30
7	-1e+09	0.32770139	0.36340126	0.38138723	0.40530658	0.43201691	0.66585284
8	-0.044484643	-0.044484643	-0.03068787	-0.014609527	0.0085653604	0.032194182	-0.034323713	-0.044484643
207	0	COMB PPP dot prod pred-obs top 45
14	-1e+09	0.13006313	0.15514782	0.20720842	0.22081488	0.2997576	0.32613388	0.34912881	0.35675186	0.36305755	0.41713643	0.43730837	0.46420631	0.51994365
15	0.0035755576	0.0035755576	-0.0019885349	-0.0060202465	0.0020036713	-0.020101311	0.00017846631	0.0058086186	0.011006189	0.030949848	0.03262969	0.052874215	0.059802024	0.034319338	0.0035755576
208	0	COMB PPP dot prod obs-pred top 45
3	-1e+09	0.32026377	0.52614141
4	0	0	0.001564294	0
