1 0
1  0.000 1.000 1000000000.000
4 0 1 2 8
1 0
1 4
1 13
0 29
1 29
1 45
0 90
1 90
0 156
1 156
0
209
168
5	0	TRYP #num missed tryp terminals
2	-1e+09	0
3	0.3378099	0.3378099	-0.30349579
6	0	TRYP C-term AA
7	-1e+09	5	8	9	10	12	15
8	-0.070345904	-0.09494685	-0.29911963	-0.87248478	-0.61829065	0.037068161	0.054462528	-0.041650393
7	0	TRYP #frags at digest when C-term is R
4	-1e+09	0	2	3
5	-0.052858612	-0.052858612	0	-0.016916648	-0.052858612
8	0	TRYP #frags at digest when C-term is K
5	-1e+09	0	3	4	5
6	-0.073551567	-0.13388726	0.19365194	0.17246666	0.10464748	0.061819662
9	0	TRYP #frags at digest when C-term is other
6	-1e+09	2	4	5	6	7
7	0.04670471	0.04670471	0.13480331	0.096918209	0.063739624	0.13100452	0.04670471
12	0	TRYP AA at N-terminal When C-term is other
9	-1e+09	4	6	7	10	12	15	18	20
10	-0.19727986	-0.19727986	-0.17946321	-0.14497576	-0.56458321	-0.32994338	-0.16928763	-0.54247216	-0.048160548	-0.19727986
13	0	ANN PEAK diff from org pm_with_19
11	-1e+09	-2.0487061	-1.9487305	-1.3487549	-0.7487793	-0.12792969	-0.048706055	-0.048583984	0.051269531	0.35131836	0.75140381
12	-0.049677872	0.2955549	0.024892439	0.14301002	0.019747577	0.24643893	0.083710306	0.09963482	0.32546397	0.25447059	0.20929972	-0.40025503
15	0	ANN PEAK %ann intensity
17	-1e+09	0.12103875	0.14435078	0.23788318	0.25007641	0.27255645	0.31472194	0.33393693	0.37088826	0.40619138	0.43262562	0.49844879	0.53108782	0.56822246	0.59855258	0.61593479	0.66308361
18	-0.046987416	0.081490126	0.25666771	0.15442277	0.13189934	0.18447877	0.18266071	0.10298805	0.066125439	0.024908395	-0.05210377	-0.025827202	-0.018162467	-0.055254704	-0.058494708	-0.083341002	-0.13098283	-0.19414312
16	0	ANN PEAK %ann peaks
17	-1e+09	0.11594203	0.16504854	0.171875	0.17525773	0.18518518	0.1884058	0.19166666	0.2016129	0.2265625	0.23484848	0.25	0.25454545	0.26666668	0.27272728	0.28	0.30645162
18	0.099550317	0.22465659	0.14649637	0.14770822	0.034897511	0.018080785	0.054079123	0.014933687	-0.072313044	-0.092831529	-0.09531834	-0.12503911	-0.1476318	-0.18445762	-0.13256283	-0.036276271	-0.035106767	-0.03283759
17	0	ANN PEAK #ann in top 25
13	-1e+09	6	7	8	9	10	11	12	13	14	15	16	17
14	0.015763591	-0.49887629	-0.53880673	-0.32051927	-0.29712082	-0.27932641	-0.22399181	-0.19664317	-0.087392832	0.032901233	0.086832429	0.19663093	0.30098659	0.51405365
18	0	ANN PEAK #ann in top half (up to 50)
20	-1e+09	10	13	14	15	16	17	18	19	20	21	22	23	24	25	26	27	28	29	31
21	-0.020459007	-0.91290799	-0.74982105	-0.69152288	-0.57773168	-0.4140681	-0.2456707	-0.22936172	-0.14908184	-0.088017281	-0.0047112459	0.11610975	0.19864139	0.25552829	0.40608698	0.418588	0.54541409	0.6723298	0.76714786	0.81238416	0.87129227
19	0	ANN PEAK #ann in top third - #ann in mid third
14	-1e+09	-3	-2	-1	0	2	3	4	5	6	8	9	11	13
15	0.10289827	0.10289827	0.085952398	0.017015873	-0.052570413	-0.062249199	-0.093489624	-0.094094063	-0.048139378	-0.019429084	-0.021978878	-0.090832446	-0.017218175	0.066578338	0.10289827
20	0	ANN PEAK #ann in top third - #ann in last third
15	-1e+09	0	2	4	6	8	10	11	15	16	17	19	20	21	22
16	0.26183856	0.26183856	0.17350069	-0.017925231	-0.016720575	-0.048347806	-0.173915	-0.1312895	-0.19784576	-0.090030866	-0.014825408	-0.039965258	-0.010724902	0.039261133	0.084627764	0.26183856
21	0	ANN PEAK #ann in mid third - #ann in last third
13	-1e+09	-1	1	2	3	4	5	7	8	9	10	11	12
14	0.024225497	-0.16749785	-0.16629073	0.0090050032	0.037578189	-0.083423577	-0.065362574	-0.052217906	0.0090458951	0.021401842	0.069528533	0.11527367	0.14570348	0.25776448
22	0	ANN PEAK #y annotated
5	-1e+09	0	2	3	5
6	0.062584635	0.065739658	0.041095735	0.069510454	-0.053131225	0.054931329
23	0	ANN PEAK #b annotated
6	-1e+09	1	2	3	4	5
7	0.11013669	0.1656973	0.043188999	-0.014457951	-0.13403959	-0.057701617	0.054205864
24	0	ANN PEAK #b-H2O annotated
7	-1e+09	0	1	2	3	4	5
8	0.029483702	0.19099938	0.13305004	0.0022115744	-0.087039037	-0.14782309	-0.20570636	-0.1374177
26	0	ANN PEAK #y-H2O annotated
3	-1e+09	0	1
4	0.01081062	0.048177125	0.0058309598	-0.052201543
28	0	ANN PEAK #a annotated
4	-1e+09	0	1	2
5	0.022012042	-0.056193758	-0.10476308	-0.030683355	0.093155662
29	0	PEAK OFF y num frags detected
5	-1e+09	0	2	3	5
6	0.05636325	0.061002309	0.0011427386	0.063313521	0.0041742997	0.055673759
30	0	PEAK OFF y max self offset
26	-1e+09	0.020214081	0.039051056	0.045948029	0.051952362	0.076641083	0.081256866	0.093883514	0.10615158	0.11823654	0.12238693	0.12660599	0.13963699	0.14863205	0.15813065	0.16297531	0.17344284	0.19120407	0.19797897	0.20494461	0.22040939	0.22913742	0.26268387	0.29462814	0.31688309	0.34568405
27	-0.38997865	-0.38997865	-0.34423109	-0.32599861	-0.11646593	-0.10733888	-0.1051916	-0.088088584	-0.085619179	-0.092939741	-0.092280077	-0.1382567	-0.16244935	-0.1564563	-0.14969207	-0.12948694	-0.13028856	-0.15196354	-0.15893382	-0.18539427	-0.1442744	-0.21302513	-0.24309333	-0.23221609	-0.37417765	-0.38519039	-0.38997865
31	0	PEAK OFF y avg self offset
23	-1e+09	0.021770477	0.026790619	0.034481049	0.037761688	0.040912628	0.046733856	0.057224274	0.064815521	0.06986618	0.074947357	0.085886635	0.091716766	0.09482193	0.10469691	0.11213455	0.12982178	0.13497543	0.16111374	0.16959	0.17929204	0.24720383	0.28439459
24	-0.22903581	-0.24856536	-0.32642029	-0.40843468	-0.45337205	-0.4558151	-0.49802801	-0.53178619	-0.55815109	-0.5957154	-0.57267652	-0.53458483	-0.51608607	-0.52275806	-0.63694808	-0.52712325	-0.51179824	-0.54986068	-0.59441101	-0.6732136	-0.66048187	-0.5800122	-0.35282493	-0.21988005
32	0	PEAK OFF y max consecutive offset
8	-1e+09	0.066467285	0.083557129	0.096923828	0.17358398	0.18258667	0.25048828	0.28469849
9	-0.21012741	-0.19875188	-0.10920418	-0.057180219	-0.085077867	-0.17064935	-0.22571611	-0.16853589	-0.2360819
33	0	PEAK OFF y avg consecutive offset
9	-1e+09	0.04876709	0.051094055	0.072120667	0.091323853	0.099334717	0.10840607	0.1305542	0.16444397
10	-0.20664747	-0.11856893	-0.090223353	-0.013196042	-0.028968129	-0.081571426	-0.085625319	-0.10933455	-0.096138504	-0.29360478
34	0	PEAK OFF y grab offset #1
7	-1e+09	0.026000977	0.10681152	0.12817383	0.22009277	0.26416016	0.34094238
8	0.045616043	0.075316349	0.25597275	0.16355976	0.17378886	0.12753486	0.11551016	0.010229103
35	0	PEAK OFF y grab offset #2
5	-1e+09	0.037841797	0.062072754	0.083618164	0.12615967
6	0.10128614	0.16015144	0.23906798	0.057473722	0.1065674	0.049093675
36	0	PEAK OFF y grab offset #3
4	-1e+09	3	4	5
5	0.0041472247	0.0041472247	-0.012603744	0.039253757	0.0041472247
37	0	PEAK OFF b num frags detected
18	-1e+09	0.11503875	0.13377655	0.14561737	0.1580075	0.17076385	0.18358123	0.19023407	0.21214569	0.23662078	0.25517547	0.27562225	0.28737152	0.30034149	0.44945037	0.47834504	1	2
19	0.24951838	0.26485647	0.25124692	0.2779825	0.26241442	0.19076372	0.20251949	0.19780002	0.19719905	0.1704568	0.21172166	0.18858224	0.16593416	0.15925011	0.11164009	0.12773814	0.63186175	0.53588984	0.2329726
38	0	PEAK OFF b max self offset
26	-1e+09	0.031871151	0.037945867	0.042889714	0.04719035	0.051137757	0.058273863	0.061679624	0.064953923	0.068166569	0.077712461	0.094529845	0.10176251	0.11355728	0.12188995	0.13099945	0.14094634	0.15779388	0.16388266	0.17049937	0.17739634	0.20146668	0.23332489	0.26127899	0.32647675	0.36128372
27	-0.53019713	-0.56500547	-0.38438926	-0.43958115	-0.38080487	-0.39792832	-0.45445772	-0.44009412	-0.56299202	-0.52326959	-0.54558089	-0.54020407	-0.52883521	-0.47367201	-0.51942973	-0.60638921	-0.68848371	-0.68583659	-0.67252864	-0.56333024	-0.6155942	-0.66961247	-0.71034878	-0.68686562	-0.66354759	-0.63543057	-0.49054087
39	0	PEAK OFF b avg self offset
17	-1e+09	0.025525212	0.050376695	0.08380127	0.092346191	0.0965271	0.11664398	0.12481689	0.13751221	0.15963745	0.16470337	0.17492676	0.18008423	0.21710205	0.2527771	0.29702759	0.32299805
18	-0.062144024	-0.062144024	-0.037655398	-0.048118464	-0.045568229	-0.011034578	0.092259324	0.08319189	0.030303248	0.059568056	0.0074403304	-0.091095603	-0.068420391	-0.054519799	-0.063954984	-0.04552796	-0.043426892	-0.062144024
40	0	PEAK OFF b max consecutive offset
7	-1e+09	0.056152344	0.073989868	0.11395264	0.13796386	0.15894166	0.25773621
8	-0.032024826	0.038188804	-0.061817567	-0.081790054	-0.11933878	-0.18227337	-0.1977068	-0.073957683
41	0	PEAK OFF b avg consecutive offset
8	-1e+09	0.019897461	0.023925781	0.039245605	0.063232422	0.09777832	0.15478516	0.28381348
9	-0.050316062	-0.038353245	-0.078019175	-0.10842072	-0.10004627	-0.11540262	-0.085423824	-0.13345088	-0.055450598
42	0	PEAK OFF b grab offset #1
2	-1e+09	0.053710938
3	0.012482932	0.050382853	-0.022977824
43	0	PEAK OFF b grab offset #2
3	-1e+09	0.016113281	0.082275391
4	-0.00059784664	-0.00059784664	0	-0.00059784664
45	0	PEP COMP start cat N (len 3)
14	-1e+09	2	3	5	6	7	8	9	11	12	14	15	16	19
15	-0.51345221	-0.81723539	-0.54986273	-0.4693938	-0.41907481	-0.30588576	-0.26667401	-0.21831667	-0.28381432	-0.34965583	-0.25308911	-0.32383666	-0.23084464	-0.20945038	-0.20208672
46	0	PEP COMP end cat C (len 3)
14	-1e+09	2	3	4	5	6	9	10	11	12	14	16	18	19
15	-0.58349444	-0.7438754	-0.60801428	-0.47556091	-0.50626255	-0.53905261	-0.50297712	-0.43978453	-0.41101082	-0.30850791	-0.36359536	-0.30712046	-0.59838615	-0.40984483	-0.41238436
47	0	PEP COMP len 3 # cat 19-20
3	-1e+09	0	1
4	-0.015529896	-0.015529896	0.011749094	-0.015529896
49	0	PEP COMP len 3 # cat 7-14
3	-1e+09	0	1
4	-0.0059716136	-0.0059716136	0.007998147	-0.0059716136
51	0	PEP COMP len 3 # cat 1-2
3	-1e+09	0	1
4	-0.0080082856	-0.0080082856	0.0091791232	-0.0080082856
52	0	PEP COMP min cat, len 3
11	-1e+09	1	3	4	6	7	8	10	14	15	17
12	0.024719631	0.053104371	0.062104066	0.059164695	-0.028718329	0.0079609912	-0.03897447	-0.083804677	-0.025637403	-0.033696486	-0.023713398	-0.0042283028
53	0	PEP COMP avg cat, len 3
17	-1e+09	0.83333331	1.1666666	1.8333334	2.5	3.1666667	3.5	3.8333333	4	4.1666665	4.3333335	4.6666665	5	5.1666665	5.5	5.8333335	6.1666665
18	-0.012982562	-0.012982562	0.11756366	-0.012028374	-0.12911792	-0.0081159329	0.068184058	-0.036633531	0.024321567	0.030956623	0.055201956	-0.034232961	-0.011102536	-0.082887151	-0.01010867	-0.070128893	-0.00015344009	-0.012982562
54	0	PEP COMP before cat score 1
9	-1e+09	5	8	11	13	14	15	17	19
10	-0.033748066	-0.092387964	-0.045430293	-0.14441403	-0.0046395809	0.1877206	0.04117577	-0.13517114	0.11723734	0.05557702
55	0	PEP COMP after cat score 1
11	-1e+09	4	7	10	11	13	14	16	17	18	19
12	0.021716018	0.021716018	-0.073396361	0.056143249	-0.073907016	-0.0026948331	-0.015147097	0.021055961	0.05263815	0.018259757	0.054306452	0.021716018
56	0	PEP COMP span cat score 1
9	-1e+09	4	10	11	14	15	16	17	19
10	0.039597235	0.039597235	-0.0039246725	0.067998134	-0.073975062	-0.058614633	-0.01850275	0.028815473	-0.016833664	0.039597235
57	0	PEP COMP before cat score 2
9	-1e+09	6	8	9	11	13	14	17	19
10	0.02997604	0.022871196	-0.014060262	-0.045093179	-0.085203972	0.063980315	0.097390446	0.060873637	0.069327503	0.02997604
58	0	PEP COMP after cat score 2
10	-1e+09	5	7	8	9	11	14	15	17	18
11	-0.040100646	-0.040100646	0.055085014	0.052569496	0.047044971	0.045829441	0.026635588	0.049933544	0.084897615	0.047209731	-0.040100646
59	0	PEP COMP span cat score 2
10	-1e+09	6	8	10	11	12	13	16	17	19
11	0.046646875	0.046646875	0.03507865	0.0051169699	-0.0092714998	-0.013655365	-0.077547574	0.012066632	-0.0029625872	-0.027170822	0.046646875
60	0	PEP COMP before cat score 3
11	-1e+09	1	5	6	7	8	10	11	13	15	19
12	-0.10306202	-0.10306202	-0.0040065911	0.066419304	-0.050735263	-0.067867468	-0.076350392	-0.075143404	-0.043983247	-0.067230505	-0.026873444	-0.10306202
61	0	PEP COMP after cat score 3
12	-1e+09	2	4	8	11	12	13	14	16	17	18	19
13	-0.051951348	-0.051951348	0.03182077	-0.0044958515	-0.0081716142	0.12564748	-0.0372535	0.0072681217	0.011489061	0.11111895	0.086690663	0.10075839	-0.051951348
62	0	PEP COMP span cat score 3
12	-1e+09	1	2	6	7	8	13	14	15	17	18	19
13	0.075815065	0.077719567	0.084336605	0.03762824	0.015778955	-0.055711322	-0.087724551	-0.014179153	0.056012754	0.04850189	-0.0021956545	0.011498296	0.071807028
63	0	PEP COMP before cat score 4
9	-1e+09	4	5	8	10	13	15	16	17
10	-0.18641487	-0.13257963	-0.15789794	-0.13765624	-0.22236609	-0.1305495	-0.29340111	-0.12223548	-0.073556371	-0.24483725
64	0	PEP COMP after cat score 4
8	-1e+09	3	8	11	12	13	16	19
9	-0.10652526	-0.10652526	-0.12116438	-0.14485926	-0.053921463	-0.29704361	-0.0088591537	0.086739958	-0.10652526
65	0	PEP COMP span cat score 4
13	-1e+09	2	4	5	6	7	8	10	11	13	14	17	19
14	-0.014161023	-0.014161023	-0.049478755	-0.048245802	-0.033669795	-0.042030273	-0.065534354	-0.10760993	-0.12413	-0.14205813	-0.10522667	0.0020740737	-0.046877713	-0.014161023
66	0	PEP COMP #aa A
2	-1e+09	1
3	-0.097462933	-0.097462933	0
68	0	PEP COMP #aa N
1	-1e+09
2	0	-0.066413526
69	0	PEP COMP #aa D
2	-1e+09	1
3	0.048276531	0.050075451	0
70	0	PEP COMP #aa C
1	-1e+09
2	0	0.039358453
71	0	PEP COMP #aa Q
2	-1e+09	1
3	-0.1521051	-0.49970982	-0.79198824
73	0	PEP COMP #aa G
2	-1e+09	1
3	0	0	0.030774884
74	0	PEP COMP #aa H
1	-1e+09
2	0	-0.0018048138
75	0	PEP COMP #aa L
2	-1e+09	1
3	0.028235166	0.10262179	0.074386628
76	0	PEP COMP #aa K
2	-1e+09	1
3	0	0	-0.038732551
77	0	PEP COMP #aa M
1	-1e+09
2	0	0.19138479
78	0	PEP COMP #aa F
2	-1e+09	1
3	-0.065259587	-0.17994247	-0.33057446
79	0	PEP COMP #aa P
2	-1e+09	1
3	0.0074905895	0.20917603	0.22687909
80	0	PEP COMP #aa S
2	-1e+09	1
3	-0.0088515171	-0.027747084	-0.018895567
81	0	PEP COMP #aa T
2	-1e+09	1
3	-0.023272919	-0.040320329	-0.084529448
82	0	PEP COMP #aa W
2	-1e+09	1
3	0.10675445	0.10996301	0
83	0	PEP COMP #aa Y
1	-1e+09
2	0	0.083024541
84	0	PEP COMP #aa V
2	-1e+09	1
3	0.046346228	0.054318173	0.0079719446
96	0	PRM N/-C delta mass
15	-1e+09	-0.9540329	-0.84687805	-0.18437195	-0.12429047	-0.060951233	-0.02948761	-0.0033874512	0.019599915	0.025283813	0.055618286	0.11885834	0.150177	0.17875671	0.26003265
16	0.081125874	0.081125874	0.32194521	0.33548046	0.33062105	0.36448405	0.33671015	0.40486755	0.43461835	0.40060703	0.33274867	0.3410001	0.10107394	0.080686022	0.040884745	0.081125874
97	0	PRM N/-C total breakage score
7	-1e+09	-104.05319	-88.597031	-70.632507	-65.673866	-26.19486	6.0325546
8	0.0022429281	0.0022429281	0	0.0040543473	0.029347384	0.059253864	0.067552491	0.0022429281
98	0	PRM N/-C average breakage score
10	-1e+09	-24.950275	-20.487438	-18.175064	-16.84026	-11.663795	-7.8255129	-4.2111516	-3.051105	4.8902888
11	0.24918381	0.24918381	0.27114469	0.16551962	0.32930403	0.22851955	0.34187179	0.24017527	0.28294953	0.27052564	0.24918381
99	0	PRM N/-C normalized average breakage score
7	-1e+09	-17.342199	-14.766171	-11.772084	-10.945644	-4.3658099	1.0054258
8	0.0046943189	0.0046943189	0	0.0025598028	0.013554247	0.040793501	0.049944489	0.0046943189
100	0	PRM N/-C path score
14	-1e+09	-5.5233316	24.576864	26.101589	33.144558	37.166267	46.536991	50.794903	55.267799	63.511673	65.450768	69.793015	72.208603	78.087669
15	0.11211673	0.12671267	0.2966416	0.25365583	0.22742021	0.22863094	0.21173888	0.19185704	0.14375258	0.12828511	0.1227914	0.11343767	0.028685944	0.11438869	0.086913483
101	0	PRM N/-C average path score
14	-1e+09	-0.92055529	4.0961442	4.350265	5.5240932	6.1943779	7.756165	8.4658175	9.2112999	10.585279	10.908462	11.632169	12.034767	13.014611
15	0.055124228	0.072639428	0.31458771	0.28073413	0.25459893	0.25520706	0.22946187	0.21659425	0.14398309	0.075077175	0.069736312	0.059529152	0.024266245	0.064554084	0.040895961
102	0	PRM -N/C delta mass
21	-1e+09	-0.87904358	-0.32798767	-0.20807648	-0.18351746	-0.1653595	-0.13602448	-0.10430145	-0.080688477	-0.07383728	-0.054885864	-0.038108826	-0.027809143	-0.017715454	0.033813477	0.046096802	0.067527771	0.076576233	0.086547852	0.13256073	0.24156189
22	0.35304882	-0.0076508655	0.98490808	0.96813043	0.98905378	0.99389046	1.02983	1.0619396	1.1270224	1.2023772	1.2650231	1.3101282	1.2987111	1.3705064	1.3327894	1.3316277	1.3237968	1.2711826	1.2217107	1.1468822	1.0785006	0.71238754
103	0	PRM -N/C total breakage score
4	-1e+09	-149.62541	-107.49517	-75.393494
5	-0.0012103149	-0.0012103149	0	-0.00060322211	-0.0012103149
104	0	PRM -N/C average breakage score
12	-1e+09	-19.617203	-14.416735	-10.331399	-8.3950462	-7.4653673	-4.95189	-3.891835	-2.7375848	-0.83664256	-0.099029347	3.5908175
13	0.029292365	0.029292365	0.18795015	0.19223812	0.18649569	0.14238751	0.13649457	0.2426056	0.26157826	0.23891123	0.19933538	0.10348393	0.029292365
105	0	PRM -N/C normalized average breakage score
6	-1e+09	-24.937569	-17.915861	-12.565582	-12.063413	-10.19996
7	-0.021445309	-0.021445309	0.042836284	0.0027322579	-0.0010348588	-0.0045054247	-0.021445309
106	0	PRM -N/C path score
9	-1e+09	27.846714	29.974802	33.746391	60.727444	66.793533	85.091446	90.144806	101.97997
10	0.0076973118	0.0076973118	0.02073406	0.023174405	0.0097798114	0.0010840235	0.0074693488	0.00076021429	-0.0045053122	0.0076973118
107	0	PRM -N/C average path score
10	-1e+09	1.0058098	4.641119	4.9958005	5.6243987	10.121241	11.132256	14.181908	15.024135	16.99666
11	0.10276058	0.10276058	0.092056016	0.13307529	0.13430827	0.10394066	0.024674543	0.028045542	-0.0012601057	-0.014275706	0.10276058
108	0	PRM -N/-C delta mass
10	-1e+09	-0.28127289	-0.26668549	-0.25390625	-0.11653137	-0.10810089	-0.099723816	-0.038627625	0.15422058	0.19676971
11	0.078016953	0.078016953	0.14463867	0.19557998	0.3612097	0.35410959	0.30627071	0.21187972	0.28989667	0.10335481	0.078016953
109	0	PRM -N/-C total breakage score
3	-1e+09	-170.33871	-9.5585756
4	0.00073600283	0.00073600283	0	0.00073600283
110	0	PRM -N/-C average breakage score
5	-1e+09	-15.651234	-9.1603699	-7.098628	-1.5435569
6	0.055167404	0.0072361346	0.046127932	0.1119838	0.10474767	0.1119838
111	0	PRM -N/-C normalized average breakage score
3	-1e+09	-28.389786	-1.5930959
4	0.027200571	0.027200571	0	0.027200571
113	0	PRM -N/-C average path score
4	-1e+09	0.11971468	4.0191765	8.0979528
5	0.032455741	0.032455741	0.0075056605	0	0.032455741
114	0	PRM path score
10	-1e+09	-115.25079	-89.75647	-86.347275	-65.710541	-60.456413	-29.389093	-11.660535	7.4977379	18.137833
11	0.0090254866	-0.029076887	-0.041890666	0.0052997023	0.0092176913	0.055479129	0.015407017	0.024359866	0.06605027	0.057097421	0.04350854
115	0	PRM total breakage score
15	-1e+09	3.6412208	23.674032	34.261822	37.417374	46.313694	52.186775	55.133675	61.273209	69.684624	71.566818	85.487701	88.683609	92.5979	97.633942
16	0.19449973	0.19449973	0.030725829	-0.040867218	-0.075627041	-0.17704	-0.15386894	-0.11634529	-0.13995294	-0.14510906	-0.10889852	-0.084791484	0.031478093	0.10582501	0.19247187	0.19449973
116	0	PRM SeqPath rank
13	-1e+09	0	3	4	7	9	12	14	16	18	30	38	62
14	0.20128716	0.057371352	-0.16787799	-0.16509462	-0.078124395	0.027027911	0.070236958	0.16304504	0.22401918	0.22862124	0.2057751	0.2373039	0.3181077	0.33122875
117	0	PRM multipath score
17	-1e+09	9.4621439	16.702259	21.111889	42.187904	45.191353	56.328102	57.682983	59.085953	60.49474	61.860497	64.704788	66.214554	67.744476	70.8228	77.896606	90.231934
18	-0.12452651	-0.40636327	-0.34686214	-0.090549601	-0.079422239	-0.083054577	-0.023089628	-0.015837311	0.15709045	0.1725988	0.19299255	0.1955348	0.20450991	0.2234563	0.21097391	0.20630212	0.22476977	0.27393961
118	0	PRM delta score
19	-1e+09	0	1.3316422	3.3330917	5.376297	9.0586624	10.695976	13.443497	18.332804	21.806595	22.973152	24.181664	32.895679	35.534386	36.852489	40.981476	45.462784	52.041721	62.258602
20	-0.028991146	-0.028991146	0.060021616	0.031969665	0.027885391	0.0055527796	0.023710599	0.014902497	-0.1393813	-0.11614237	-0.11118784	-0.21399467	-0.28426791	-0.32467564	-0.30878411	-0.29906705	-0.30027392	-0.41881373	-0.46112577	-0.53221922
121	0	PRM rank, 7.5<delta score<=15
4	-1e+09	2	7	10
5	-0.026433351	-0.059532315	0.01470108	0.047567635	0.018346188
122	0	PRM rank, delta score>15
8	-1e+09	4	10	15	21	42	46	67
9	0.068117741	-0.1104726	-0.083396207	0.051321533	0.0470011	0.066099906	0.22644451	0.27265149	0.27565201
123	0	PRM tag, percent in top 5 denovo
5	-1e+09	0.2	0.40000001	0.60000002	0.80000001
6	0.052060732	-0.035964111	-0.030271871	-0.055149141	-0.00035220369	0.15399993
124	0	PRM tag, percent in top 20 denovo
9	-1e+09	0.050000001	0.1	0.2	0.25	0.30000001	0.34999999	0.40000001	0.60000002
10	0.11084864	0	0.029354357	0.034260964	0.14273387	0.16486285	0.1897128	0.20396134	0.23200698	0.20597609
125	0	PRM tag, percent in all denovo
12	-1e+09	0.02	0.039999999	0.059999999	0.079999998	0.1	0.14	0.18000001	0.2	0.22	0.41999999	0.5
13	0.26198364	0.048175862	0.2020435	0.29513828	0.34157298	0.41144481	0.53503699	0.53949751	0.49132165	0.57220812	0.60032097	0.52019754	0.48512453
126	0	PRM tag, rank if in top 5
13	-1e+09	0	1	2	3	4	8	11	14	16	22	40	54
14	1.2582583	1.4058971	1.3196704	1.2353398	1.1419411	1.1717283	1.1693137	1.0314305	1.0235266	1.0241287	1.0543922	1.2131734	0.61120565	1.1147268
127	0	PRM tag, rank if in top 5-20
8	-1e+09	0	3	4	5	8	11	25
9	-0.053891181	-0.13045777	-0.03757128	-0.02867738	-0.0084911822	0.080527446	0.073800484	-0.032154335	0.063824813
128	0	PRM tag, rank if in top 20-all
15	-1e+09	0	2	3	4	8	10	13	15	25	34	37	42	45	48
16	0.25953371	-0.27393009	-0.55538278	-0.52538539	-0.4585463	0.42175698	0.40792021	0.38300348	0.34716431	0.23790976	0.26551645	0.13596541	0.18990177	0.34605611	0.66116413	0.76970952
130	0	PRM delta num breakage scores (missing)
4	-1e+09	-1	0	1
5	-0.34669229	-0.34669229	0.30946747	-0.12210656	-0.34669229
131	0	PRM num forbidden node pairs
2	-1e+09	0
3	0.24895923	0.24895923	-0.31714275
133	0	PRM breakage score min 1
17	-1e+09	-55.514183	-54.520233	-52.022816	-50.581669	-49.210751	-48.474781	-47.722935	-47.012577	-44.154125	-42.881725	-42.12064	-39.53038	-37.670708	-25.516886	-18.037567	-7.9163756
18	-0.076568466	-0.076568466	-0.070291308	-0.026625096	-0.049988824	-0.024763541	0.079845125	0.13809829	0.17356089	-0.018481386	-0.16018218	-0.14406905	-0.016014085	-0.048532715	-0.047931579	-0.066008533	-0.05049619	-0.076568466
134	0	PRM breakage score min 2
18	-1e+09	-42.619926	-36.211586	-34.888302	-33.531105	-32.256538	-30.081097	-23.873178	-21.504126	-19.972885	-19.207045	-17.650288	-15.398204	-13.795612	-12.96609	-8.7758598	-5.9113641	2.2021852
19	0.13273166	0.13273166	0.13734536	0.14367561	0.15287752	0.13692908	0.12097951	0.1766413	0.15877147	0.084120947	0.023745975	0.12277989	0.12023345	0.067926032	0.10010029	0.10410315	0.094617758	0.14581649	0.13273166
135	0	PRM breakage score min 3
24	-1e+09	-38.85751	-31.117357	-25.667568	-24.337856	-19.912931	-18.072384	-17.223963	-16.457041	-15.636589	-14.119095	-11.991922	-10.642531	-9.3655853	-7.4989638	-6.2180085	-5.6171384	-4.9660182	-3.1248186	-1.2050804	0.16042654	2.4897139	5.3702521	8.100769
25	0.40785642	0.40785642	0.38140425	0.32564859	0.32501172	0.25172821	0.26711359	0.29399325	0.30236974	0.30463951	0.29925916	0.25848297	0.20643735	0.18301046	0.19021974	0.20590705	0.14452417	0.22367168	0.30939088	0.26516711	0.35349773	0.32900521	0.37220618	0.44864882	0.40785642
136	0	PRM breakage score min consecutive 3
20	-1e+09	-128.6424	-111.98143	-97.97686	-82.662926	-70.814392	-66.615044	-64.566765	-60.481586	-54.643669	-52.671989	-50.850349	-48.862503	-44.990765	-37.135971	-24.087143	-16.320976	-13.52263	-7.1214514	0.86624277
21	0.16705167	0.16705167	0.20053925	0.22984845	0.18161406	0.16800119	0.15149457	0.14097571	0.098504692	0.06780229	0.14711984	0.19431215	0.18759445	0.13332567	0.17070901	0.17265354	0.11448024	0.15484639	0.16194876	0.14988303	0.16705167
137	0	PRM breakage score max consecutive 3
16	-1e+09	-67.004974	-55.435799	-47.635498	-41.445263	-19.778	-18.066128	-16.328094	-3.084774	-1.4391973	0.21291184	3.4134731	8.1977901	20.872562	23.13286	34.111698
17	0.12684255	0.12684255	0.21140562	0.12159388	0.17771338	0.13518287	0.12516831	0.097959913	0.10097484	0.10379378	0.10877455	0.2170502	0.19366083	0.18698879	0.14282437	0.056669573	0.12684255
138	0	PRM breakage score min consecutive 2
13	-1e+09	-87.245659	-81.102432	-75.696281	-69.38324	-51.718163	-47.427841	-41.812637	-37.404709	-35.870506	-34.34959	-24.196188	-20.22776
14	-0.01886982	-0.01886982	-0.034147823	-0.052943648	0.01100811	-0.0058058929	-0.030248886	-0.030846422	0.068407237	0.022489749	0.0043695615	0.0029454051	0.011114893	-0.01886982
139	0	PRM breakage score max consecutive 2
11	-1e+09	-27.010885	-10.163399	-3.214201	-2.0507331	0.18260527	9.9053059	13.603104	14.6092	18.457819	26.25717
12	-0.017947266	-0.017947266	0.05339419	-0.022441223	-0.027733316	-0.080396314	-0.010346518	0.03433089	-0.030108519	-0.042294349	-0.0087185989	-0.017947266
140	0	PRM #breakage scores below -10
4	-1e+09	0	3	4
5	0.011198377	0.011198377	0.013708422	-0.017944611	0.011198377
141	0	PRM #breakage scores 0 - -10
3	-1e+09	0	1
4	-0.00065219017	-0.00065219017	0.0019057065	-0.00065219017
143	0	PRM #breakage scores 8 - 15
4	-1e+09	0	1	2
5	-0.030093622	-0.030093622	-0.025356988	0.026049211	-0.030093622
145	0	PRM %breakage scores below -10
8	-1e+09	0	0.16666667	0.2	0.33333334	0.5	0.66666669	0.80000001
9	-0.032467521	-0.032467521	0.020610789	0.026269237	0.025067547	0.0081621616	0.046300936	-0.04610193	-0.032467521
146	0	PRM %breakage scores below 0
7	-1e+09	0.16666667	0.2	0.5	0.66666669	0.75	0.83333331
8	-0.063957984	-0.063957984	0.01705226	0.064074608	0.054550846	0.014990225	0.010624286	-0.063957984
147	0	PRM %breakage scores above 0
4	-1e+09	0	0.40000001	0.80000001
5	-0.0086399005	-0.0086399005	0.010108662	0.0089026364	-0.0086399005
148	0	PRM %breakage scores above 8
4	-1e+09	0.2	0.25	0.40000001
5	-0.012064999	-0.027946409	0.028085598	0.02269101	-0.00058136226
149	0	PRM Score connected to N-terminal
11	-1e+09	-17.305264	0.033691496	0.55156302	3.2547922	4.6257982	4.9734612	6.0046864	11.187121	12.024029	13.069801
12	-0.29906101	-0.29906101	-0.42113256	-0.41177687	-0.28631915	-0.34586604	-0.33834705	-0.23687816	-0.32959684	-0.15226557	-0.21431104	-0.29906101
150	0	PRM Score connected to C-terminal
11	-1e+09	0	1.1279286	5.9347558	7.4117813	9.1003122	11.092444	12.872417	14.104047	16.545465	17.446007
12	-0.23716448	-0.29412014	-0.20876591	-0.043929858	-0.052640882	0.019074414	-0.044116488	-0.073287546	-0.067522576	-0.01571876	-0.097751334	-0.11006629
151	0	PRM %breakages with 1 frag detected
4	-1e+09	0	0.14285715	0.16666667
5	-0.025648318	-0.12609168	0.056087078	0.05824232	0.15226028
152	0	PRM %breakages with 2 frag detected
4	-1e+09	0	0.14285715	0.16666667
5	-0.050847666	-0.095579778	0.013770878	-0.016961457	0.10046232
153	0	PRM %breakages with > 5 frags detected
8	-1e+09	0	0.14285715	0.16666667	0.2	0.2857143	0.33333334	0.5
9	-0.016220112	0.20515394	0.25529606	0.24951268	0.1597651	0.087396998	0.02019756	-0.18915154	-0.20490496
154	0	PRM %breakages with dual orientation frags
11	-1e+09	0.14285715	0.16666667	0.2857143	0.33333334	0.40000001	0.42857146	0.5	0.5714286	0.60000002	0.66666669
12	0.038139678	-0.36410486	-0.35602426	-0.098032495	-0.076958258	0.072557702	0.15536225	0.20906931	0.27133825	0.35106614	0.32615572	0.43477552
155	0	PRM #orientation switches
3	-1e+09	0	1
4	-0.068920849	-0.068920849	0.060107877	-0.068920849
157	0	COMP PPP frag 1 obs_ratio
9	-1e+09	0	0.25	0.40000001	0.60000002	0.66666669	0.75	0.80000001	0.83333331
10	-0.023958598	-0.023958598	-0.066822508	-0.13598713	-0.15070346	-0.17043813	0.021312772	0.15145696	-0.076025355	-0.023958598
158	0	COMP PPP frag 2 obs_ratio
8	-1e+09	0	0.2	0.33333334	0.66666669	0.75	0.80000001	0.83333331
9	0.23897491	0.32703694	0.21475766	0.14130918	-0.089981922	0.12375705	0.20519517	-0.060235522	0.14113033
159	0	COMP PPP frag 3 obs_ratio
10	-1e+09	0.16666667	0.25	0.33333334	0.40000001	0.5	0.60000002	0.66666669	0.80000001	0.83333331
11	0.054857657	0.17686279	0.058446706	0.079481157	0.005852978	-0.034264392	-0.036714744	-0.12738117	-0.11980004	-0.17728162	-0.10021581
161	0	COMP PPP MOBILE sum ranks of missed 1-5
4	-1e+09	34	36	63
5	0	0	-0.13250284	-0.14298741	0
162	0	COMP PPP PARTMOBILE sum ranks of missed 1-5
16	-1e+09	13	18	31	33	34	35	39	48	54	58	61	64	66	68	73
17	0.14150211	0.2374553	0.18089295	0.026678815	0.012054572	0.027177379	0.031635711	0.088198063	0.08257105	0.089802751	0.028404499	0.015807504	-0.045534002	-0.028299199	-0.029507967	-0.019786828	0.019340993
163	0	COMP PPP NONMOBILE sum ranks of missed 1-5
12	-1e+09	12	14	23	27	32	36	49	54	60	68	72
13	0.11510748	0.11510748	0.066798037	0.029191782	0.084243906	0.2185807	0.22846468	0.35290325	0.29845904	0.32765082	0.26044519	0.25415521	0.11510748
164	0	COMP PPP sum ranks of missed 1-5
20	-1e+09	13	18	20	23	26	32	35	36	40	43	47	52	53	57	60	63	65	67	72
21	0.3470876	0.24604655	-0.21304414	-0.38142772	-0.47996603	-0.36955927	-0.25149685	-0.23147743	-0.12339482	-0.059888586	-0.052092131	-0.030691551	-0.028709617	0.035784808	0.13041756	0.14338742	0.16239089	0.21772505	0.26711349	0.34260592	0.37813576
166	0	COMP PPP PARTMOBILE sum ranks of missed 6-10
10	-1e+09	58	63	69	72	74	90	94	95	100
11	0.23094738	0.23094738	0.19679453	0.095433441	0.040586637	0.13987498	0.026056064	0.10881192	0.12266529	0.22728796	0.23094738
167	0	COMP PPP NONMOBILE sum ranks of missed 6-10
4	-1e+09	70	83	100
5	0	0	0.023874739	0.043826063	0
168	0	COMP PPP sum ranks of missed 6-10
5	-1e+09	77	83	84	100
6	0.015221142	0.015221142	-0.011215019	-0.0002009416	0.013951524	0.015221142
169	0	COMP PPP MOBILE sum ranks of missed 11-15
3	-1e+09	115	125
4	0	0	-0.0098700283	0
170	0	COMP PPP PARTMOBILE sum ranks of missed 11-15
5	-1e+09	76	95	100	120
6	-0.046053775	-0.046053775	0.049503548	-0.026233669	-0.061236027	-0.046053775
172	0	COMP PPP sum ranks of missed 11-15
3	-1e+09	79	100
4	-0.0018588867	-0.0018588867	0.0024540594	-0.0018588867
173	0	COMB PPP observed rank of predicted rank 1
10	-1e+09	0	1	2	3	4	5	6	7	13
11	0.14257019	0.41601463	0.41784608	0.33677314	0.23406589	0.11810682	0.045604789	-0.12163139	-0.14634905	-0.34820631	-0.26828528
174	0	COMB PPP observed rank of predicted rank 2
10	-1e+09	0	2	3	4	5	7	8	9	11
11	-0.029638695	0.16159253	0.22525577	0.19364379	0.12013214	0.010789169	-0.092108782	-0.15997305	-0.26141327	-0.32715704	-0.32245104
175	0	COMB PPP observed rank of predicted rank 3
11	-1e+09	0	2	3	4	5	6	8	9	10	12
12	-0.049773068	0.13045041	0.17347914	0.16256113	0.11262033	0.056353251	0.033216603	-0.052974524	0.017528226	-0.1063067	-0.25849823	-0.088224697
176	0	COMB PPP observed rank of predicted rank 4
8	-1e+09	0	2	4	6	7	8	9
9	-0.076807261	0.018005392	0.044179154	0.1166249	0.099806834	0.073633073	-0.024408532	-0.04157156	-0.13501828
177	0	COMB PPP observed rank of predicted rank 5
8	-1e+09	0	1	6	7	8	9	12
9	-0.084848871	-0.047229841	-0.027073707	0.099477828	0.079712292	0.054488663	-0.028743319	-0.079721038	-0.10839393
178	0	COMB PPP observed rank of predicted rank 6
8	-1e+09	0	4	6	7	8	10	13
9	-0.042005928	-0.03217364	0.026907597	0.040817413	0.065788353	0.039283943	0.021936441	-0.0069962255	-0.060684546
179	0	COMB PPP observed rank of predicted rank 7
9	-1e+09	1	2	3	5	7	10	11	13
10	-0.056294752	-0.056294752	-0.006156177	0.050534129	0.056717214	0.076899439	0.05834901	0.013674541	-0.036954597	-0.056294752
180	0	COMB PPP predicted rank of observed rank 1
5	-1e+09	4	5	8	16
6	0.077686747	0.12383477	-0.0071732826	-0.020238751	-0.13130838	0.017928353
181	0	COMB PPP predicted rank of observed rank 2
7	-1e+09	2	3	5	6	8	14
8	0.0724309	0.093782607	0.074030872	0.063194683	-0.015872845	-0.012816584	-0.095521977	0.04966229
182	0	COMB PPP predicted rank of observed rank 3
7	-1e+09	0	3	5	6	7	8
8	-0.050732281	-0.050732281	0.024008939	0.032398329	0.022738307	-0.012009324	-0.051970878	-0.050732281
183	0	COMB PPP predicted rank of observed rank 4
10	-1e+09	0	1	3	4	5	6	7	8	12
11	-0.047811033	0.02881872	0.061099005	0.10141654	0.10073867	0.065255341	0.024238935	-0.058695873	-0.091891774	-0.12862392	-0.15718569
184	0	COMB PPP predicted rank of observed rank 5
8	-1e+09	1	2	7	8	10	11	12
9	-0.022992279	0.0047973583	0.010276958	0.033080593	-0.041051739	-0.10303599	0.040987459	0.026041823	-0.031439106
185	0	COMB PPP predicted rank of observed rank 6
11	-1e+09	1	2	3	7	8	9	10	12	13	16
12	0.0030272147	0.0030272147	-0.0031271617	-0.015456309	0.033754483	0.080483548	-0.0051619809	-0.042596098	-0.09616263	-0.057335291	-0.032951103	0.0030272147
186	0	COMB PPP predicted rank of observed rank 7
4	-1e+09	2	4	8
5	-0.0077151152	-0.0077151152	0.013002405	0.0093948702	-0.0077151152
187	0	COMB PPP rank of missed #1
12	-1e+09	2	3	4	5	6	7	8	9	10	11	13
13	-0.29737747	-0.5936965	-0.42574183	-0.31876784	-0.27102498	-0.13640521	-0.12881476	-0.073285897	-0.016174423	0.081226195	0.18051835	0.23684372	0.38211172
188	0	COMB PPP rank of missed #3
8	-1e+09	2	6	9	11	12	16	17
9	0.12792843	0.054037586	-0.15062087	-0.18795631	-0.05576438	0.013606038	0.069780773	0.13620118	0.20446969
189	0	COMB PPP rank of missed #5
9	-1e+09	5	7	10	11	13	14	15	16
10	0.10150945	0.10150945	0.064961375	-0.023123728	-0.11545949	-0.088160827	-0.072629776	-0.0047396114	0.065631854	0.10150945
190	0	COMB PPP rank of missed #7
6	-1e+09	11	12	15	17	18
7	0.01732858	0.01732858	-0.063414368	0.03540773	0.057513528	0.015915963	0.01732858
191	0	COMB PPP rank of missed #9
6	-1e+09	13	15	17	20	22
7	0.0057994722	0.0057994722	0.034149839	-0.041207767	-0.032433362	-0.015625913	0.0057994722
196	0	COMB PPP delta score #1
14	-1e+09	0	0.2052691	0.56582212	0.7463212	0.84128642	0.9335196	1.0289731	1.5169497	1.9481206	2.3244922	2.9519527	3.1433821	3.3685026
15	-0.28163267	0.10531537	0.10899973	0.088761496	-0.042282503	-0.091676954	-0.061480934	0.02063733	-0.077275526	-0.22312666	-0.32407389	-0.40164809	-0.44100252	-0.51139425	-0.71055696
197	0	COMB PPP delta score #2
13	-1e+09	-0.97436285	-0.016806126	0.2642169	0.47575927	0.54815555	0.76615095	0.84093475	1.1481061	1.4022379	1.8051136	2.3443134	3.0046337
14	-0.046513315	0.2075707	0.16925197	0.2007046	0.10839473	0.15859581	0.081172314	0.02400628	0.0796997	0.0163173	-0.016924321	-0.17996441	-0.20634166	-0.20073667
198	0	COMB PPP delta score #3
19	-1e+09	-2.0498457	-0.78036642	-0.5174346	-0.40761662	-0.30613065	-0.21453929	-0.12501597	0.023827791	0.46480775	0.52726746	0.58946466	0.78476238	1.1431022	1.2226603	1.3053098	1.4945781	2.1317651	2.859973
20	-0.27168648	-0.059560027	0.17731103	0.19327043	0.14122057	0.13334478	0.093269967	0.089868085	0.062247218	0.075968324	0.18041147	0.17112697	0.055006913	-0.072312079	-0.17612824	-0.2387912	-0.28755912	-0.2462741	-0.43290575	-0.42649746
199	0	COMB PPP delta score #4
21	-1e+09	-2.0834231	-1.3089573	-0.66201425	-0.55401683	-0.28785467	-0.062870026	0	0.11240625	0.17183709	0.29126787	0.40821671	0.46829534	0.65010834	0.71201181	0.91103101	1.2166512	1.4047632	1.5089855	1.6258321	1.9086909
22	-0.22197494	-0.10515537	0.034783527	0.070758798	0.059765702	0.024823524	0.00883789	0.0044775829	-0.0060514421	0.073990219	0.01268683	-0.068705747	-0.0072954659	-0.043270736	-0.051511306	-0.08848931	-0.052462713	-0.029226552	-0.13088887	-0.14666448	-0.31259147	-0.34058498
200	0	COMB PPP delta score #5
22	-1e+09	-2.1816039	-1.4096851	-1.1993484	-0.77867198	-0.49944472	-0.42029309	-0.13980818	0.0074930191	0.12405205	0.18129706	0.23693252	0.29506612	0.3523103	0.41168571	0.65321779	0.78153992	0.8499738	0.99593341	1.2528694	1.3513536	1.4647224
23	-0.048220041	0.079275151	0.09211514	0.14725609	0.17577243	0.22946802	0.18780772	0.11898379	0.11705519	0.17388138	0.17508683	0.12695008	0.12044361	0.11984176	0.03056512	0.0070772174	0.015872134	-0.0027139108	-0.015780914	0.0050822614	-0.012484898	-0.18586009	-0.19590759
201	0	COMB PPP delta score #6
15	-1e+09	-2.3021224	-1.5175335	-0.38475966	-0.31864023	-0.25305629	-0.0038323402	0.20407248	0.37417042	0.49126983	0.55092072	0.67836952	0.74603367	1.1477361	1.4826471
16	-0.10020657	-0.10020657	0.019542023	0.06781269	0.054366103	0.0072847573	-0.017392939	-0.0060447859	-0.022055223	-0.012137747	-0.072190788	-0.062522739	-0.072974933	-0.076317965	-0.086584618	-0.10020657
202	0	COMB PPP delta score #7
17	-1e+09	-2.356509	-1.5754075	-1.2037671	-1.0699239	-0.85735583	-0.60686064	-0.46236467	-0.26469684	0.19529271	0.36822224	0.61438274	0.68020129	1.1752129	1.5480063	1.9227591	2.198595
18	-0.13320246	-0.078980053	0.040266096	0.084612181	0.15315258	0.10398547	0.079224174	0.077938185	0.069834667	0.055303872	0.10862092	0.07418283	0.064481997	0.0071094163	-0.20735562	-0.28544416	-0.23685539	-0.19304293
203	0	COMB PPP dot prod pred-obs top 15
16	-1e+09	0.36102575	0.47567606	0.60433525	0.66171235	0.68596584	0.707331	0.73412943	0.74129045	0.75422329	0.77191025	0.78623891	0.81300581	0.8277092	0.86190671	0.91316664
17	-0.030662724	-0.26918145	-0.079536814	-0.063949464	0.049804271	0.079782308	0.048082635	0.079032992	0.18228973	0.13814806	0.18754152	0.10774718	0.18274598	0.1497689	0.089933919	0.18029275	0.17966687
204	0	COMB PPP dot prod obs-pred top 15
13	-1e+09	0.50814122	0.6194573	0.74941766	0.76439399	0.7742843	0.80505461	0.82951075	0.84509701	0.85742974	0.90001786	0.92852271	0.94064504
14	-0.022581598	-0.11260389	-0.10818154	-0.10884558	-0.10009578	-0.064033923	-0.060812293	-0.029305544	0.043426304	0.057811523	0.059028434	0.07670526	0.022121147	0.063521286
205	0	COMB PPP dot prod pred-obs top 30
15	-1e+09	0.29393351	0.3567498	0.39179844	0.45006308	0.46092647	0.46609727	0.47693276	0.52087438	0.5253014	0.55019552	0.56492883	0.58478546	0.59059882	0.61688143
16	-0.058848279	-0.08945504	-0.010273103	0.029796537	0.064088168	0.055776238	0.031571854	0.008414778	0.011502552	0.0089042828	-0.051664508	-0.063108342	-0.030824987	-0.014324713	-0.0046419394	-0.012751204
206	0	COMB PPP dot prod obs-pred top 30
12	-1e+09	0.32968912	0.43976983	0.44572836	0.45114973	0.48630899	0.49616089	0.5279721	0.5341714	0.5690226	0.58183259	0.62178975
13	-0.14004572	-0.1553055	-0.07062467	-0.015654999	0.033629948	0.06335094	0.097643861	0.14008515	0.077701241	0.10511054	0.069610243	-0.087077697	-0.12411733
207	0	COMB PPP dot prod pred-obs top 45
16	-1e+09	0.23225939	0.28189537	0.30958998	0.32976392	0.35562932	0.36421332	0.36829916	0.37686113	0.41158274	0.41508088	0.43475166	0.44639358	0.46208382	0.4666774	0.48744529
17	-0.046768863	-0.083269467	-0.016813717	0.044450839	0.053737486	0.078388992	0.067485343	0.040980612	0.016411439	0.019550266	0.0169193	-0.039623474	-0.053965904	-0.024621233	-0.010580651	0.002491034	-0.011422578
208	0	COMB PPP dot prod obs-pred top 45
9	-1e+09	0.26051265	0.34749585	0.35220414	0.41719124	0.42208976	0.45975053	0.49132377	0.50280315
10	-0.027133895	-0.03292608	-0.013150949	-0.0029714944	0.0057416617	-0.026929951	-0.0063129077	-0.014375958	-0.020996497	-0.021644751
