3 3
1  0.000 1.000 1000000000.000
4 0 1 3 5
1 0
1 4
1 13
0 29
1 29
1 45
0 90
1 90
0 156
1 156
0
209
148
5	0	TRYP #num missed tryp terminals
2	-1e+09	0
3	0.20934095	0.20934095	-0.17250858
8	0	TRYP #frags at digest when C-term is K
5	-1e+09	0	1	2	4
6	-0.065666029	-0.088293659	-0.024659456	-0.08379027	-0.088293659	-0.084113011
9	0	TRYP #frags at digest when C-term is other
5	-1e+09	1	2	3	4
6	-0.083405192	-0.053661637	-0.053990844	-0.0065591598	-0.085691716	-0.11819769
13	0	ANN PEAK diff from org pm_with_19
16	-1e+09	-3.0974121	-2.7976074	-2.2902832	-1.9829102	-1.6901855	-1.5830078	-1.1901855	-1.090332	-0.99023438	-0.7902832	-0.68994141	-0.49023438	-0.48291016	-0.3828125	0.009765625
17	-0.13992273	0.20913024	0.4962528	0.58916784	0.51828188	0.53519623	0.35952372	0.36156433	0.3448607	0.22307544	0.19932385	0.05933058	-0.022670926	-0.072285773	-0.16843815	-0.25582418	-0.48371695
15	0	ANN PEAK %ann intensity
20	-1e+09	0.028085424	0.054072306	0.059906878	0.066027135	0.083306514	0.09953656	0.10510264	0.131625	0.13696964	0.1532124	0.18844026	0.19494244	0.2081548	0.21532932	0.24688332	0.27627155	0.30025354	0.3498171	0.37416455
21	-0.071388027	0.20211579	0.24902383	0.19033063	0.14788394	0.16212479	0.15021036	0.13725989	0.10922186	0.0035354076	-0.034263336	-0.020836255	-0.03642824	-0.13429637	-0.16167421	-0.16603131	-0.24604074	-0.24910619	-0.27646208	-0.28047594	-0.27067017
16	0	ANN PEAK %ann peaks
16	-1e+09	0.07692308	0.079710148	0.08219178	0.084615387	0.096296296	0.10489511	0.109375	0.11764706	0.1221374	0.12413793	0.1388889	0.14179105	0.16296296	0.16793893	0.17482518
17	0.0075297741	-0.10895051	-0.098576876	-0.16026405	-0.16434397	-0.15319078	-0.065920059	-0.076273504	-0.052060299	-0.13426739	-0.073456801	-0.067704659	-0.00146005	0.066273188	0.12108475	0.13943475	0.14731688
17	0	ANN PEAK #ann in top 25
9	-1e+09	0	1	2	3	4	6	7	9
10	0.096696811	0.096696811	-0.031966797	0.014511325	-0.017558499	-0.045632835	-0.0099595902	-0.00031258709	0.030161221	0.096696811
18	0	ANN PEAK #ann in top half (up to 50)
10	-1e+09	4	9	10	11	12	13	14	15	17
11	0.0060839737	-0.13842233	-0.17880847	-0.10213972	-0.08386839	-0.017185835	-0.015089642	-0.0064123209	0.0099544294	0.12169469	0.18098139
19	0	ANN PEAK #ann in top third - #ann in mid third
10	-1e+09	-6	-4	-3	2	3	4	5	6	7
11	0.061493611	0.061493611	0.084815514	0.055401958	-0.0080547292	-0.057948631	0.053693601	0.034726247	0.043028795	0.036778979	0.061493611
20	0	ANN PEAK #ann in top third - #ann in last third
9	-1e+09	-4	0	2	4	5	8	10	12
10	-0.0057322415	-0.0057322415	0.048156312	0.034923835	0.036927698	-0.063634189	-0.067792345	-0.053384682	-0.061985906	-0.0057322415
21	0	ANN PEAK #ann in mid third - #ann in last third
6	-1e+09	-3	-2	-1	1	6
7	-0.016808203	-0.068234591	-0.10846849	-0.018848376	-0.041657735	-0.0036742459	0.031737885
22	0	ANN PEAK #y annotated
4	-1e+09	3	4	5
5	0.041426965	0.041426965	-0.009386227	-0.033421455	0.041426965
23	0	ANN PEAK #b annotated
5	-1e+09	0	1	3	4
6	-0.016228835	-0.016228835	-0.0028456025	0.031865256	0.018482024	-0.016228835
24	0	ANN PEAK #b-H2O annotated
4	-1e+09	1	2	3
5	0.036390337	0.036390337	-0.02520352	-0.051459677	0.036390337
25	0	ANN PEAK #y2 annotated
5	-1e+09	1	2	3	5
6	0.078487695	0.078487695	-0.062114639	-0.064335089	-0.09591401	0.078487695
26	0	ANN PEAK #y-H2O annotated
2	-1e+09	1
3	-0.00021756782	0.004374901	-0.0069251282
27	0	ANN PEAK #b2 annotated
7	-1e+09	0	1	2	3	4	5
8	0.10088495	-0.0022710684	-0.090944489	-0.13330303	-0.1484853	-0.12659351	-0.012121804	0.19394369
28	0	ANN PEAK #a annotated
2	-1e+09	0
3	-0.041155357	-0.061707658	0.040425593
29	0	PEAK OFF y num frags detected
3	-1e+09	3	5
4	0.0043675264	0.0043675264	-0.0021383853	0.0043675264
30	0	PEAK OFF y max self offset
14	-1e+09	0.037731171	0.097728729	0.10576248	0.13557053	0.19340897	0.20100021	0.2329216	0.24134445	0.26695633	0.28528976	0.32600021	0.40595627	0.42908859
15	-0.097917457	-0.097917457	-0.076735424	-0.049248315	0.12413204	0.1891281	0.13420206	0.10901949	0.087837459	0.075701582	0.054653083	0.014722271	-0.0090007834	-0.031187531	-0.097917457
31	0	PEAK OFF y avg self offset
18	-1e+09	0.026531219	0.043181609	0.049177807	0.059711456	0.064420067	0.077645622	0.090471648	0.09476395	0.12582143	0.14051743	0.1689415	0.17520218	0.20411301	0.33348465	0.35223389	0.37391028	0.40031052
19	0.23113163	0.23113163	0.2922963	0.27168718	0.24888001	0.17856505	0.048745798	0.036607166	0.034587131	0.019904273	-0.087414134	-0.08542843	0.015641418	-0.027166925	-0.062592548	0.09834484	0.13501331	0.2032861	0.23113163
32	0	PEAK OFF y max consecutive offset
8	-1e+09	0.061340332	0.074951172	0.12841797	0.18969727	0.22265625	0.27612305	0.30541992
9	-0.023247179	-0.0061696103	0.012560478	0.13785572	0.096978715	0.11238397	0.020009847	0.0012797587	-0.13363559
33	0	PEAK OFF y avg consecutive offset
9	-1e+09	0.058509827	0.079663083	0.092971802	0.09967041	0.13851929	0.18237305	0.22579956	0.23817444
10	-0.08202275	-0.08202275	-0.065486253	-0.089461875	-0.1239529	-0.1387679	-0.021778825	-0.025961383	-0.085269975	-0.087265077
34	0	PEAK OFF y grab offset #1
11	-1e+09	0.025756836	0.044189453	0.074951172	0.1550293	0.18798828	0.23974609	0.28295898	0.29785156	0.41204834	0.85571289
12	0.087166491	0.087166491	0.085099913	0.047788309	0.029848784	0.007617675	0.034326457	0.0048492726	0.017041048	0.047741829	-0.0022946486	0.087166491
35	0	PEAK OFF y grab offset #2
4	-1e+09	0.014648438	0.092041016	0.20898438
5	0.0044348206	0.0044348206	-0.0046686435	0.019742229	0.0044348206
36	0	PEAK OFF y grab offset #3
3	-1e+09	0.0083007812	3
4	0	0	0.008024262	0
37	0	PEAK OFF b num frags detected
6	-1e+09	0.13304412	0.23096955	0.3241092	0.46693146	1
7	0.12069602	0.12069602	-0.021730614	-0.032166436	-0.036599893	0.063199212	0.12069602
38	0	PEAK OFF b max self offset
16	-1e+09	0.054003596	0.097765803	0.13743865	0.19086882	0.21449006	0.22239959	0.2305783	0.27391326	0.2928592	0.32246125	0.35313141	0.40910614	0.42051971	0.45289338	0.46308625
17	0.1821563	0.1821563	0.23213144	0.27886429	0.26984077	0.25569446	0.22362961	0.10862596	0.11090242	0.087397895	0.24515893	0.23852397	0.22823267	0.21293003	0.20124022	0.22335902	0.1821563
39	0	PEAK OFF b avg self offset
7	-1e+09	0.045056462	0.067753196	0.12455805	0.24680646	0.26568878	0.29771698
8	0.0018140581	0.0018140581	0.025717084	-0.019571849	-0.088269425	-0.046867754	-0.020828572	0.0018140581
40	0	PEAK OFF b max consecutive offset
7	-1e+09	0.088684082	0.18499756	0.22290039	0.23681641	0.25152588	0.59240723
8	-0.12449679	-0.12449679	-0.037745402	0	-0.018995033	-0.07611182	-0.12860029	-0.12449679
41	0	PEAK OFF b avg consecutive offset
7	-1e+09	0.055651855	0.066452026	0.078887939	0.15823364	0.17430115	0.18786621
8	0.046303924	0.046303924	-0.015938468	-0.046219168	-0.053949087	-0.017025037	-0.005471007	0.046303924
42	0	PEAK OFF b grab offset #1
6	-1e+09	0.011962891	0.083129883	0.12280273	0.19128418	0.27990723
7	-0.053062455	-0.051044556	-0.0093612073	0.081434205	-0.028878715	0.018167074	-0.055118679
43	0	PEAK OFF b grab offset #2
3	-1e+09	0.036010742	0.3079834
4	0	0	-0.0019658266	0
45	0	PEP COMP start cat N (len 3)
3	-1e+09	6	9
4	-0.035523177	-0.066032572	-0.028365192	0.0065755448
46	0	PEP COMP end cat C (len 3)
9	-1e+09	2	3	6	9	10	11	13	17
10	-0.28501138	-0.68328529	-0.34302178	-0.21598333	-0.11024872	-0.039317812	0.023778632	0.038007727	0.074946671	0.14986238
48	0	PEP COMP len 3 # cat 15-18
3	-1e+09	0	1
4	0.017678569	0.017678569	-0.0097260781	0.017678569
52	0	PEP COMP min cat, len 3
9	-1e+09	1	2	3	7	10	15	17	18
10	-0.015977756	-0.064243625	-0.015712985	-0.011651309	-0.01376316	0.013961466	-0.032791675	0.068302682	0.056826619	0.031294033
53	0	PEP COMP avg cat, len 3
11	-1e+09	0.33333334	1.8333334	2.6666667	3.3333333	3.6666667	4	4.5	5.6666665	6	6.1666665
12	-0.03200415	-0.066914058	-0.016785827	-0.055491472	0.0029666522	-0.0078459418	0.026752822	0.034987801	-0.007466489	0.045546432	0.02189936	0.01711794
54	0	PEP COMP before cat score 1
7	-1e+09	12	14	15	17	18	19
8	-0.03839233	-0.087440183	0.0048385719	0.17037608	-0.098918255	-0.00093650861	-0.027178227	-0.00239064
55	0	PEP COMP after cat score 1
10	-1e+09	5	9	10	12	14	15	16	17	19
11	0.0022529464	0.053503883	0.029901873	-0.08743924	-0.02369778	0.058846236	-0.20892748	0.0033239127	0.10504157	-0.026854749	-0.061628285
56	0	PEP COMP span cat score 1
8	-1e+09	3	7	8	10	12	17	18
9	-0.032780578	-0.041547794	-0.032728036	0.057994548	-0.020127841	0.061864243	-0.022137697	-0.099030425	-0.02633002
57	0	PEP COMP before cat score 2
10	-1e+09	5	8	10	11	12	13	16	17	19
11	-0.0049367591	-0.0049367591	0.018484259	-0.018406624	-0.087545296	-0.017677993	-0.025850755	0.002959085	0.021862333	0.02383385	-0.0049367591
58	0	PEP COMP after cat score 2
14	-1e+09	2	5	7	8	9	10	11	12	14	16	17	18	19
15	-0.069853848	-0.050485743	0.026221876	0.046678634	0.16967367	0.034649968	-0.12707207	-0.023365929	-0.027381209	-0.066885715	-0.049670844	0.028074263	0.0010102341	-0.030846035	-0.10318365
59	0	PEP COMP span cat score 2
8	-1e+09	2	4	7	11	12	16	18
9	-0.020785827	-0.022775217	-0.042288757	-0.033956682	0.0078001605	0.06875984	0.0020521449	-0.03649323	-0.0095765433
60	0	PEP COMP before cat score 3
9	-1e+09	2	7	8	10	12	15	17	19
10	-0.049362632	-0.049362632	0.027953505	-0.012177016	-0.077338524	-0.029581588	-0.051703005	0.09902352	0.050397792	-0.049362632
61	0	PEP COMP after cat score 3
10	-1e+09	5	8	9	12	13	15	16	18	19
11	-0.038810844	-0.051047731	0.1161644	0.092603709	-0.0091235565	-0.058293999	-0.022293208	-0.0077815069	0.033699682	0.029019294	-0.017540803
62	0	PEP COMP span cat score 3
10	-1e+09	1	2	5	7	9	14	15	16	18
11	0.027788851	0.036413524	0.16795482	0.058848424	0.13153743	0.084208625	0.0082606923	0.017113222	0.069642205	0.032133075	0.017243158
63	0	PEP COMP before cat score 4
10	-1e+09	5	8	9	11	12	14	15	17	19
11	-0.050181626	-0.042028633	0.036796798	0.008496677	-0.002526421	-0.014815774	-0.15667976	-0.22253126	0.14775026	0.02979731	-0.071189562
64	0	PEP COMP after cat score 4
9	-1e+09	6	8	10	13	16	17	18	19
10	-0.039730228	-0.039730228	0.0066393945	-0.0082486313	-0.043359323	-0.022103367	-0.040729729	0.010249798	0.029913742	-0.039730228
65	0	PEP COMP span cat score 4
8	-1e+09	1	2	5	9	11	13	15
9	-0.10550234	-0.030111581	0.071438299	-0.099894268	-0.097864726	-0.1087157	-0.20140993	-0.19326271	-0.18462771
66	0	PEP COMP #aa A
2	-1e+09	1
3	0.024997373	0.060156175	0.097025361
68	0	PEP COMP #aa N
1	-1e+09
2	0	-0.048463791
69	0	PEP COMP #aa D
1	-1e+09
2	0	-0.042701891
71	0	PEP COMP #aa Q
2	-1e+09	1
3	-0.038581343	-0.39057345	-0.51609359
72	0	PEP COMP #aa E
2	-1e+09	1
3	-0.019116303	-0.1337641	-0.18436779
73	0	PEP COMP #aa G
1	-1e+09
2	0	0.19357697
75	0	PEP COMP #aa L
2	-1e+09	1
3	0	0	0.058350155
76	0	PEP COMP #aa K
2	-1e+09	1
3	0.046233664	0.046233664	-0.12575086
77	0	PEP COMP #aa M
2	-1e+09	1
3	0.097984066	0.15812805	0.060143983
78	0	PEP COMP #aa F
2	-1e+09	1
3	-0.11432865	-0.31776278	-0.54458207
79	0	PEP COMP #aa P
2	-1e+09	1
3	0.13941002	0.40730366	0.68054485
80	0	PEP COMP #aa S
2	-1e+09	1
3	-0.025940202	-0.025940202	0
81	0	PEP COMP #aa T
2	-1e+09	1
3	-0.014209933	-0.032749599	-0.018539666
84	0	PEP COMP #aa V
2	-1e+09	1
3	-0.0072076638	-0.0072076638	0
85	0	PEP COMP #problematic double combos
1	-1e+09
2	0	-0.016356282
96	0	PRM N/-C delta mass
7	-1e+09	-0.53530121	-0.23060608	-0.076065063	0.21669769	0.53071594	0.74306488
8	-0.12225155	-0.12225155	0.26333227	0.27819303	0.32614301	0.32219692	-0.013225092	-0.12225155
102	0	PRM -N/C delta mass
18	-1e+09	-0.75077057	-0.49821472	-0.35668945	-0.18202209	-0.098670959	-0.064979553	-0.037490845	-0.025184631	-0.013755798	-0.0033035278	0.050369263	0.14388275	0.25363159	0.36408234	0.57693481	0.7605896	1.024559
19	-1.6040969	-1.6040969	0.064391441	0.20194164	0.57408555	0.74496645	0.80369436	0.88073255	0.97907825	1.0291524	1.0360983	1.0554856	1.012684	0.97776698	0.77528747	0.41520201	-0.49578069	-1.3674279	-1.6040969
103	0	PRM -N/C total breakage score
7	-1e+09	-4.5408363	-2.2461047	9.2965393	13.06583	16.912745	19.039646
8	-0.058517241	-0.058517241	-0.040709765	-0.036959445	-0.030393133	-0.0083605808	0	-0.058517241
104	0	PRM -N/C average breakage score
6	-1e+09	-2.703826	-0.22941594	3.4860706	4.6713066	5.6475611
7	-0.11054601	-0.11054601	-0.10023893	0.015741509	-0.040606301	-0.045115148	-0.11054601
105	0	PRM -N/C normalized average breakage score
7	-1e+09	-0.75680608	-0.37435079	1.5494232	2.1776383	2.8187907	3.1732743
8	-0.061256354	-0.061256354	-0.050958683	-0.034811199	-0.030213303	0.00083372199	0.0028383756	-0.061256354
106	0	PRM -N/C path score
5	-1e+09	24.907602	40.358345	58.517418	64.424393
6	-0.021559283	-0.065281737	-0.068252013	-0.0069070912	0.008777241	0.04197764
107	0	PRM -N/C average path score
6	-1e+09	3.8003643	4.1512671	6.7263908	9.752903	10.737399
7	-0.10693831	-0.25084211	-0.26346418	-0.37918712	-0.26959552	-0.02430019	0.033783782
108	0	PRM -N/-C delta mass
21	-1e+09	-0.99580383	-0.84789276	-0.65112305	-0.52394104	-0.39569092	-0.30911255	-0.22080231	-0.20295715	-0.13420868	-0.033676147	0.0032501221	0.11268616	0.13885498	0.16788483	0.2332077	0.27214813	0.42336273	0.67314148	0.77985382	0.89699554
22	-0.37756442	-0.37756442	-0.018307068	0.12113041	0.17356488	0.1990765	0.29332356	0.36498453	0.39542347	0.42417999	0.42631907	0.41357047	0.36835521	0.33791627	0.28417746	0.29513168	0.18296245	0.20800711	0.14523904	0.085662727	-0.14695182	-0.37756442
110	0	PRM -N/-C average breakage score
9	-1e+09	-5.2097707	-1.9907329	0.9724282	1.7679701	1.9703554	2.1717923	2.7989774	3.9547825
10	-0.0076341153	-0.0076341153	-0.031081984	0.0071871852	-0.021908545	0.053473942	0.014192895	-0.060249265	-0.048195951	-0.0076341153
111	0	PRM -N/-C normalized average breakage score
4	-1e+09	-2.4376819	0.61019593	6.5658412
5	-0.0068491639	-0.0068491639	-0.0020251181	0.022617111	-0.0068491639
112	0	PRM -N/-C path score
10	-1e+09	32.786163	41.069065	48.627895	49.419197	53.735306	57.718033	60.0359	66.360298	74.385742
11	-0.00013548745	-0.00013548745	0.022417911	0.0065068827	0.02253481	0.033900846	0.017500301	-0.0050316748	-0.019427247	-0.021390727	-0.00013548745
113	0	PRM -N/-C average path score
12	-1e+09	5.4643607	5.7759914	6.329062	6.719038	6.8448443	8.1046495	8.955884	9.6196718	10.005983	11.06005	12.397624
13	0.0053493174	0.0053493174	0.02150742	0.0072195433	-0.013812581	-0.025757899	-0.036309596	-0.027802333	-0.038733849	-0.064688854	-0.076238103	-0.080427175	0.0053493174
114	0	PRM path score
17	-1e+09	-49.108215	-39.652496	-33.68856	-25.671072	-14.0187	-7.4602542	0.50358987	1.7306869	6.3798766	7.4986396	12.078221	14.440987	15.576034	16.825018	28.362453	32.076714
18	0.046196727	0.046196727	-0.00068002141	-0.0088686198	0.074301632	0.025200957	0.038054761	0.029293619	-0.079838425	0.030558242	0.0010109727	-0.010220951	-0.036825069	-0.04904856	-0.01735645	0.024168918	0.035246051	0.046196727
115	0	PRM total breakage score
15	-1e+09	22.777159	24.929173	33.532578	34.418526	36.957787	40.085144	42.322479	45.317608	46.069382	49.196518	61.336075	62.837914	64.459579	70.961456
16	0.16441905	0.16441905	0.03831198	-0.017164397	-0.037427201	-0.077745029	-0.16923224	-0.20804447	-0.13043903	-0.10469936	-0.097603592	-0.073573354	-0.075545441	-0.032040992	0.032707146	0.16441905
116	0	PRM SeqPath rank
12	-1e+09	0	2	3	7	11	14	16	36	45	55	62
13	0.27729092	0.36486504	0.09660156	0.032789599	-0.15139325	-0.20557186	-0.19825239	-0.18376058	-0.14028222	-0.025868185	-0.08110431	-0.035209432	0.095330474
117	0	PRM multipath score
16	-1e+09	32.413422	43.352684	45.755302	48.040585	50.983459	53.123123	53.840729	54.55719	57.584518	59.213066	64.695877	68.100174	72.272362	76.309715	78.879402
17	0.065140679	0.065140679	0.059349657	0.028126843	0.047889431	0.024953295	0.035371954	0.0047517079	-0.022553995	0.046860873	-0.014207362	-0.03822867	0.01827582	-0.036609912	-0.06197498	-0.048845502	0.065140679
118	0	PRM delta score
19	-1e+09	0	0.65231323	3.2696457	4.0207253	5.3415833	6.0016975	9.0481987	9.6416779	10.235916	15.355652	16.483204	20.141594	20.767769	21.431801	22.127335	26.031597	27.904173	30.174524
20	-0.24497458	0.34241804	0.37572469	0.34139806	0.2161369	0.21868752	0.21468804	0.18504938	0.23132007	-0.018818955	-0.025068528	-0.0098405184	-0.13912604	-0.17313769	-0.21395582	-0.30238644	-0.3548882	-0.4498165	-0.68179011	-0.71811256
119	0	PRM rank, delta score<=1.5
3	-1e+09	1	3
4	0.11512473	0.11512473	0	0.11512473
120	0	PRM rank, 1.5<delta score<=7.5
3	-1e+09	2	4
4	0.0099156679	-0.016969156	0.038979098	0.052198913
121	0	PRM rank, 7.5<delta score<=15
9	-1e+09	6	7	11	13	19	23	34	42
10	0.058349344	0.058349344	0.0048634336	-0.031649448	0.069588585	0.07373196	0.06123492	0.031042974	0.04777003	0.058349344
122	0	PRM rank, delta score>15
2	-1e+09	71
3	-0.020439579	-0.057681468	0
128	0	PRM tag, rank if in top 20-all
14	-1e+09	0	2	18	23	26	37	62	84	93	139	213	304	390
15	-0.080770492	0.038737399	-0.016478963	-0.078876836	-0.024548847	0.034900079	-0.045957789	0.0024205529	-0.060914008	-0.07933778	-0.1313439	-0.12932826	-0.13552595	-0.18234171	-0.18432374
130	0	PRM delta num breakage scores (missing)
3	-1e+09	-1	0
4	-0.0084204573	-0.0084204573	0.0035852148	-0.0084204573
133	0	PRM breakage score min 1
10	-1e+09	-18.23205	-14.064454	-13.153265	-11.858455	-10.987207	-8.1175165	-6.9020801	-5.0997305	-1.3909526
11	-0.031171952	-0.059752355	-0.017483992	-0.08929552	-0.055062188	-0.0099103973	0.02601192	-0.012564786	-0.038994271	-0.023174479	0.0068127783
134	0	PRM breakage score min 2
18	-1e+09	-16.866888	-14.156442	-12.320491	-9.7077999	-9.1529264	-7.7181044	-6.4870133	-5.7142706	-3.3943217	-2.4702678	-1.2828593	-0.99031454	-0.41890141	0.11988121	0.92667103	1.987571	2.9721787
19	-0.038790351	-0.11000779	-0.07567227	-0.060722893	-0.049019024	-0.095688472	-0.10441092	-0.11364109	-0.075942757	-0.022919689	-0.0077401015	-0.028437406	0.038544818	0.063817461	0.047056961	0.053095763	0.040084494	0.091980186	0.032062942
135	0	PRM breakage score min 3
15	-1e+09	-9.2369728	-8.1993265	-5.8965988	-4.3103828	-0.92940921	-0.41343382	-0.18097705	0.4367027	1.037744	2.0952172	2.5839679	4.3931937	5.1834846	5.6496987
16	-0.19020555	-0.19020555	-0.26020516	-0.27778097	-0.3057532	-0.26480576	-0.19160059	-0.2093797	-0.3174284	-0.22284671	-0.2051144	-0.19466933	-0.17779044	-0.25384339	-0.20969368	-0.19020555
136	0	PRM breakage score min consecutive 3
17	-1e+09	-27.61146	-25.751898	-20.126741	-17.768644	-14.744875	-10.50558	-9.6597881	-8.0379906	-6.4890223	-1.7008181	-0.91352582	2.4301975	7.2197881	8.3294945	9.5724201	12.522702
18	-0.059581422	-0.039855076	0.025981478	0.019842559	0.10094559	0.066357672	0.052573469	0.094043092	0.041856955	0.013723076	0.0093366237	-0.019135502	-0.090580002	-0.12176036	-0.10676018	-0.12754013	-0.077005926	-0.074835235
137	0	PRM breakage score max consecutive 3
13	-1e+09	-2.5518501	3.8471036	4.8277988	8.3583927	12.168001	13.532143	14.200072	17.557291	23.296556	25.75621	29.700226	33.696175
14	0.098551134	0.17275753	0.18219312	0.14011147	0.087465968	0.048390318	0.067617633	0.10571114	0.15600177	0.0060667643	-0.075077964	-0.05065892	-0.10809149	0.024900218
138	0	PRM breakage score min consecutive 2
16	-1e+09	-25.776152	-24.41464	-23.0998	-21.998909	-19.071907	-16.641245	-14.469767	-13.818942	-12.49982	-10.081409	-8.8933411	-7.106359	-5.2883153	-4.0518799	-1.4001384
17	0.059016854	0.059016854	0.071798029	0.075733456	0.050675203	-0.024873672	-0.030454655	-0.054232256	-0.058310384	-0.078470281	-0.080551479	0.0099809284	0.067992718	0.016340336	0.0052766536	-0.0083300081	0.059016854
139	0	PRM breakage score max consecutive 2
17	-1e+09	0.60981941	4.904479	6.43365	9.5629959	11.655807	13.616844	14.990602	15.441586	16.346752	17.278313	18.188457	18.669374	19.152647	21.30279	22.494736	24.736889
18	-0.018466468	-0.018466468	0.01475123	0.058190009	-0.0050167157	0.026768967	0.012352911	-0.0012837946	0.0049301515	0.027460381	0.066161022	-0.017475647	-1.6207016e-05	0.069190802	0.0524334	0.042032802	-0.086890193	-0.018466468
141	0	PRM #breakage scores 0 - -10
4	-1e+09	1	2	3
5	-0.016389724	0.016437832	0.048504461	0.046501524	-0.063416915
142	0	PRM #breakage scores 0 - 8
2	-1e+09	1
3	-0.011148525	-0.029054775	0.024149533
143	0	PRM #breakage scores 8 - 15
2	-1e+09	0
3	0.0021732448	0.0021732448	0
144	0	PRM #breakage scores above 15
2	-1e+09	0
3	-0.0062666989	-0.0062666989	0.0020026367
145	0	PRM %breakage scores below -10
3	-1e+09	0.14285715	0.2857143
4	-0.0022899337	-0.0022899337	0.006285472	-0.0022899337
147	0	PRM %breakage scores above 0
9	-1e+09	0.16666667	0.2857143	0.40000001	0.5	0.66666669	0.71428573	0.83333331	0.85714287
10	0.031788557	0.031788557	0.04202879	0.009151917	-0.039406351	-0.056804618	-0.054746815	-0.0059025454	0.0075674774	0.043204141
148	0	PRM %breakage scores above 8
3	-1e+09	0.2	0.40000001
4	-0.014317226	-0.014317226	0.014749105	-0.014317226
149	0	PRM Score connected to N-terminal
4	-1e+09	2.7648234	3.2214353	3.4041417
5	-0.020181838	-0.17261523	0.014173172	0.026563075	0.11687229
150	0	PRM Score connected to C-terminal
3	-1e+09	1.9285281	5.9926686
4	0.03935604	0	0.16515472	0.088125314
151	0	PRM %breakages with 1 frag detected
7	-1e+09	0	0.14285715	0.16666667	0.33333334	0.42857143	0.5
8	0.035877132	0.14010283	-0.022557286	-0.088667137	-0.13933384	-0.21503195	-0.19694953	-0.10146823
152	0	PRM %breakages with 2 frag detected
6	-1e+09	0	0.14285715	0.2	0.2857143	0.33333334
7	0.017355934	0.0011607085	-0.005101491	-0.01177575	-0.023081246	0.0076897285	0.043504509
153	0	PRM %breakages with > 5 frags detected
4	-1e+09	0	0.14285715	0.16666667
5	0.053024696	0.10154265	0.028043614	-0.060020609	-0.066102281
154	0	PRM %breakages with dual orientation frags
8	-1e+09	0.14285715	0.42857146	0.5	0.66666669	0.71428573	0.83333337	0.85714293
9	0.052423079	0.052423079	0.04818056	0.012229724	-0.06699865	-0.047425979	-0.027386054	0.027738773	0.052423079
155	0	PRM #orientation switches
2	-1e+09	0
3	0.023919513	0.051020939	-0.045504917
157	0	COMP PPP frag 1 obs_ratio
7	-1e+09	0	0.2	0.2857143	0.40000001	0.5714286	0.71428573
8	0.26756973	0.26756973	0.18648779	0.047879892	-0.023522305	0.095048525	0.14081135	0.26756973
158	0	COMP PPP frag 2 obs_ratio
8	-1e+09	0.14285715	0.33333334	0.42857143	0.5	0.5714286	0.60000002	0.71428573
9	0.31701039	0.28939264	0.28072898	0.11971544	0.14588912	0.026173677	0.096285203	0.18614704	0.32465585
159	0	COMP PPP frag 3 obs_ratio
8	-1e+09	0	0.14285715	0.2	0.2857143	0.42857143	0.5714286	0.71428573
9	-0.045798549	-0.060090318	-0.16297036	-0.19025201	-0.28074338	-0.41560228	-0.45530978	-0.29352438	-0.010279348
160	0	COMP PPP num missed peaks
6	-1e+09	32	36	38	41	42
7	0.071730634	0.071730634	-0.046108966	-0.053152768	-0.06141225	-0.038878403	0.071730634
161	0	COMP PPP MOBILE sum ranks of missed 1-5
13	-1e+09	18	21	25	26	34	36	39	43	45	47	56	58
14	0.084813162	0.01303718	-0.023246881	0.029501027	0.034709597	0.10648558	0.045388823	0.057948327	0.19322433	0.22159388	0.19906435	0.20759229	0.23070839	0.23692099
164	0	COMP PPP sum ranks of missed 1-5
7	-1e+09	15	18	21	32	39	47
8	0.020652375	0.020652375	0.012433144	-0.038818067	-0.036763576	0.050955976	0.013663117	0.020652375
169	0	COMP PPP MOBILE sum ranks of missed 11-15
5	-1e+09	75	90	115	120
6	0.035834602	0.035834602	0.021025292	-0.029887718	0.0098577545	0.035834602
173	0	COMB PPP observed rank of predicted rank 1
5	-1e+09	1	3	4	5
6	-0.19349401	0.096498643	-0.036336101	-0.11853357	-0.14420264	-0.2434117
174	0	COMB PPP observed rank of predicted rank 2
5	-1e+09	0	2	3	4
6	0.0031840234	0.0031840234	0.036112771	0.017217089	0.0048620937	-0.029763421
175	0	COMB PPP observed rank of predicted rank 3
5	-1e+09	0	3	4	5
6	-0.096646444	-0.024060551	0.032906475	0.021789459	-0.04061723	-0.11290598
176	0	COMB PPP observed rank of predicted rank 4
3	-1e+09	1	6
4	-0.0049852996	0.017742111	0.022099363	-0.018005719
177	0	COMB PPP observed rank of predicted rank 5
4	-1e+09	1	5	9
5	-0.0084354354	-0.0084354354	0.010394448	-0.0041592649	-0.0084354354
178	0	COMB PPP observed rank of predicted rank 6
8	-1e+09	1	2	3	4	5	7	11
9	-0.054465346	-0.052015135	-0.065887812	-0.025414132	0.0013613597	0.0034454675	0.0084102204	-0.034563526	-0.058694473
179	0	COMB PPP observed rank of predicted rank 7
7	-1e+09	0	2	3	5	8	10
8	-0.10519605	-0.10519605	-0.058834672	-0.040274648	-0.0092169642	-0.022905851	-0.038115835	-0.10519605
180	0	COMB PPP predicted rank of observed rank 1
6	-1e+09	1	5	7	8	11
7	0.079242888	0.089737866	0.039836417	0.029835664	-0.035219184	-0.037211644	0.0039977295
181	0	COMB PPP predicted rank of observed rank 2
7	-1e+09	0	2	3	6	7	8
8	-0.036910558	0.028632999	0.038624008	0.020132216	-0.0035229171	-0.055066633	-0.068123406	-0.086227825
182	0	COMB PPP predicted rank of observed rank 3
7	-1e+09	0	1	4	5	7	10
8	-0.010714298	-0.0019349392	0.0082708469	0.031268904	-0.0068228107	-0.015094471	-0.032625204	-0.018962321
183	0	COMB PPP predicted rank of observed rank 4
8	-1e+09	0	1	3	4	5	6	8
9	-0.020415726	-0.0048217759	0.048004592	0.055160885	0.027120812	-0.019298809	-0.011487067	-0.044561931	-0.020415726
184	0	COMB PPP predicted rank of observed rank 5
7	-1e+09	2	4	5	7	10	14
8	0.060112902	0.069023542	0.079611058	0.068381907	0.061148343	-0.081264097	0.0017663025	0.010097315
185	0	COMB PPP predicted rank of observed rank 6
9	-1e+09	2	3	4	5	6	7	9	11
10	0.059845097	0.059845097	0.032442335	0.043082267	0.038502192	0.031690145	0.0074100938	-0.051848291	-0.071229641	0.059845097
186	0	COMB PPP predicted rank of observed rank 7
8	-1e+09	2	3	4	6	7	9	10
9	5.7488832e-05	5.7488832e-05	0.0059206596	0.048775517	0.074439717	0.068144743	0.070192368	-0.039608946	5.7488832e-05
187	0	COMB PPP rank of missed #1
10	-1e+09	1	2	3	4	5	6	7	8	10
11	-0.024824668	-0.42013691	-0.20937634	-0.20738929	-0.24557949	-0.053831295	0.04689781	0.10820241	0.13351927	0.21173786	0.24370759
188	0	COMB PPP rank of missed #3
10	-1e+09	2	3	5	6	7	9	10	12	13
11	0.099944354	0.099944354	0.038158381	0.063138785	0.028796858	-0.05971574	-0.029403001	0.08125037	0.13451735	0.15513908	0.18623905
189	0	COMB PPP rank of missed #5
5	-1e+09	9	11	14	15
6	-0.082547566	-0.11369381	0.079587495	0.031482552	0.065770613	-0.013567829
190	0	COMB PPP rank of missed #7
3	-1e+09	12	16
4	0.021290936	0.021290936	-0.034995712	0.021290936
191	0	COMB PPP rank of missed #9
3	-1e+09	11	16
4	0.011380379	0.011380379	-0.0024387063	0.011380379
196	0	COMB PPP delta score #1
14	-1e+09	0.015254736	0.20991421	0.38520145	0.51288462	0.55647373	0.87103343	1.0266552	1.1398895	1.2680618	1.4995291	1.8222696	2.1649919	2.4364688
15	-0.31533364	0.050739309	0.063888123	0.071062532	0.014884504	-0.05932827	-0.071685013	-0.088959056	-0.071764029	-0.091305658	-0.20956305	-0.27619657	-0.44084872	-0.44668199	-0.49820768
197	0	COMB PPP delta score #2
13	-1e+09	-0.40544653	-0.20430112	-0.052491665	0	0.25330663	0.45843697	0.58696234	0.72392142	0.8770535	1.0539343	1.1952184	1.27514
14	-0.35591554	-0.22177306	-0.24586197	-0.3757505	-0.20716806	-0.25307965	-0.24458221	-0.34152835	-0.28970147	-0.42067441	-0.387121	-0.39910451	-0.4410401	-0.51721729
198	0	COMB PPP delta score #3
14	-1e+09	-0.8175509	-0.45222664	-0.36898661	-0.10764337	0.011426687	0.38206625	0.42476678	0.46741176	0.51275873	0.76009643	0.93949461	1.0073832	1.2511833
15	0.24705744	0.37081962	0.35466235	0.30751379	0.36941426	0.34492033	0.33567344	0.31530733	0.30863591	0.30446387	0.28142292	0.25155523	0.20753267	0.095754947	0.040520267
199	0	COMB PPP delta score #4
17	-1e+09	-1.2526057	-0.97054219	-0.40787172	-0.27579284	-0.059413552	0.039841056	0.21057272	0.34075022	0.48085511	0.68033385	0.73716831	0.99533904	1.0741303	1.1580957	1.6420649	2.1052206
18	0.027196691	0.13482875	0.24293357	0.29184957	0.28986144	0.29608667	0.28263423	0.23037273	0.24248878	0.28110525	0.22365816	0.17474216	0.14406088	0.12306404	0.017180563	-0.040947078	-0.04718973	-0.10925441
200	0	COMB PPP delta score #5
11	-1e+09	-0.91575873	-0.42731535	-0.30095482	-0.24332571	0.47271121	0.73974204	0.86694437	0.93559647	1.5152502	1.6742347
12	-0.071014818	0.0527297	0.11305846	0.081132622	0.04738224	0.039739	0.043836908	0.0036450072	0.0016196057	-0.018517256	-0.14620629	-0.17670791
201	0	COMB PPP delta score #6
14	-1e+09	-1.5134504	-0.99251723	-0.73920536	-0.34130657	-0.27958524	0.087038517	0.13165212	0.37040293	0.52134681	0.57541227	1.4154655	1.55127	1.9169874
15	-0.075163786	-0.075163786	0.050551684	0.073929506	0.12805647	0.10967654	0.10071653	0.14039778	0.16226432	0.13933351	0.058741818	-0.018762963	-0.074530251	-0.10531976	-0.075163786
202	0	COMB PPP delta score #7
12	-1e+09	-1.2565076	-0.52699053	-0.453439	-0.20137036	-0.037973285	0.21344841	0.26177394	0.40995169	0.80992353	1.0318818	1.9368166
13	-0.14981443	-0.14981443	-0.048193288	-0.032878475	-0.075969967	-0.06358953	-0.075851011	-0.0540058	-0.048083338	-0.034991254	-0.070260396	-0.076162511	-0.14981443
203	0	COMB PPP dot prod pred-obs top 15
13	-1e+09	0.31258699	0.36115766	0.40829399	0.43578517	0.50104547	0.53884017	0.57755959	0.61217523	0.62170535	0.67812544	0.73926818	0.75863522
14	0.039889145	-0.12185345	-0.097214681	-0.13468071	-0.20345956	-0.16759572	-0.039882383	-0.022386093	0.017579069	0.0879469	0.10469248	0.094167663	0.14155825	0.11971977
204	0	COMB PPP dot prod obs-pred top 15
10	-1e+09	0.33332816	0.42450967	0.51231134	0.58522743	0.60795045	0.62920666	0.63628161	0.64107627	0.72687185
11	-0.044799245	-0.044799245	-0.046916147	0.0061426986	0.035622732	-0.0026253866	0.0042497377	0.0063666401	0.017985639	0.049666921	-0.044799245
205	0	COMB PPP dot prod pred-obs top 30
8	-1e+09	0.2229739	0.30651349	0.34123328	0.41809404	0.4231742	0.46982202	0.51766056
9	0.0025734751	0.0025734751	0.02724312	0.019911273	0.0063689786	3.5981359e-05	-0.0046267643	0.00030590898	0.0025734751
206	0	COMB PPP dot prod obs-pred top 30
12	-1e+09	0.2385384	0.27542779	0.33239475	0.37970373	0.39444676	0.4128305	0.42995894	0.43813163	0.45393455	0.4717297	0.48132354
13	-0.015652222	-0.015652222	-0.018310451	0.01876928	0.043443259	0.033946787	0.036305054	0.045600184	0.0059085702	-0.0030550574	0.0064414148	0.0012494338	-0.015652222
207	0	COMB PPP dot prod pred-obs top 45
12	-1e+09	0.17618877	0.24219979	0.26963457	0.3167344	0.33036816	0.33438239	0.34896487	0.3538104	0.37124237	0.40904331	0.43182221
13	0.044701779	0.044701779	0.063219719	0.046846849	-0.0074146054	-0.005406299	-0.009538101	-0.057622851	-0.060733114	-0.054380277	-0.0079781788	0.0011076301	0.044701779
208	0	COMB PPP dot prod obs-pred top 45
12	-1e+09	0.17088988	0.21763662	0.26265058	0.30003303	0.31168261	0.32620901	0.33974352	0.34620139	0.35868847	0.37274981	0.38033062
13	-0.067473205	-0.067473205	-0.069499714	-0.018923173	0.01877939	-0.009744963	-0.0029894659	0.037977734	-0.0057935226	-0.016722099	-0.0053272117	-0.015405614	-0.036103289
