2 1
1  0.000 1.000 1000000000.000
4 0 1 2 8
1 0
1 4
1 13
0 29
1 29
1 45
0 90
1 90
0 156
1 156
0
209
153
5	0	TRYP #num missed tryp terminals
2	-1e+09	0
3	0.20963455	0.20963455	-0.36852948
7	0	TRYP #frags at digest when C-term is R
4	-1e+09	0	3	4
5	0.12997613	0.14188749	0.23416126	0.15872184	0.23416126
8	0	TRYP #frags at digest when C-term is K
2	-1e+09	2
3	0.026312733	0	0.07112829
9	0	TRYP #frags at digest when C-term is other
6	-1e+09	1	3	4	5	6
7	-0.0087922719	-0.012826382	-0.032696934	-0.054788044	-0.06461305	-0.0082427195	0
12	0	TRYP AA at N-terminal When C-term is other
13	-1e+09	6	7	9	10	11	12	15	16	17	18	21	22
14	0.047755648	0.094129498	-0.11751099	-0.54986553	-0.14187133	-0.099426704	-0.094981681	-0.023821718	-0.038471276	-0.049691429	-0.30801586	-0.1013261	-0.098101317	0.025318212
13	0	ANN PEAK diff from org pm_with_19
10	-1e+09	-2.8129883	-2.612915	-0.81298828	-0.31298828	-0.21289062	-0.11291504	-0.012939453	0.13793945	0.29443359
11	-0.24307341	-0.15096703	0.21150312	0.33438949	0.24031839	0.20942918	0.1988829	0.18402122	0.14457501	-0.2579076	-0.34487888
15	0	ANN PEAK %ann intensity
18	-1e+09	0.14903219	0.18142837	0.19459763	0.20621353	0.22727029	0.23689844	0.2546851	0.3039206	0.35129815	0.36767781	0.40128869	0.42852604	0.44831091	0.55402642	0.57282645	0.61916268	0.69278741
19	0.023833662	0.29498949	0.25783096	0.23289905	0.21787912	0.19462085	0.16355972	0.14182278	0.12454099	0.073299337	0.060519129	0.0072389774	-0.016428833	-0.020474793	-0.068626579	-0.08002279	-0.15873066	-0.17101232	-0.23035976
16	0	ANN PEAK %ann peaks
9	-1e+09	0.18421052	0.19101124	0.19480519	0.2	0.25287357	0.28	0.30263159	0.32051283
10	-0.022447085	-0.032488289	-0.015468647	-0.0021115871	0.0049375354	0.025950724	0.050783365	0.049141938	0.013581802	-0.0066666545
17	0	ANN PEAK #ann in top 25
9	-1e+09	7	8	9	10	11	12	14	15
10	0.021930834	-0.14966326	-0.14485365	-0.13817274	-0.11971052	-0.086541238	-0.011397333	0.038559711	0.16413106	0.2073246
18	0	ANN PEAK #ann in top half (up to 50)
13	-1e+09	9	10	11	12	13	14	15	16	17	18	19	20
14	0.13484909	-0.56645867	-0.48795253	-0.3836515	-0.29515033	-0.18879126	-0.10529821	0.021510786	0.1150915	0.26900298	0.35832986	0.44471913	0.61130797	0.78673486
19	0	ANN PEAK #ann in top third - #ann in mid third
7	-1e+09	-1	1	2	4	6	8
8	0.011248285	0.083997844	0.062570002	0.031154915	-0.00081942178	-0.029286628	-0.065967368	-0.056271735
20	0	ANN PEAK #ann in top third - #ann in last third
11	-1e+09	0	1	4	5	7	8	9	10	11	12
12	0.06438344	0.06438344	-0.044645287	-0.069076913	-0.056834041	-0.031329515	-0.036482601	-0.053965673	-0.038734782	-0.032208112	-0.015895514	0.06438344
21	0	ANN PEAK #ann in mid third - #ann in last third
8	-1e+09	-4	-1	2	3	4	5	7
9	0.036165702	-0.0047559538	-0.041231432	-0.049958242	-0.0082649375	0.012952177	0.046540318	0.075205505	0.085268741
22	0	ANN PEAK #y annotated
3	-1e+09	2	5
4	0.045029374	0.045029374	-0.025622063	0.045029374
23	0	ANN PEAK #b annotated
7	-1e+09	0	1	2	3	4	5
8	0.10633395	0.10633395	0.022414922	-0.059183527	-0.062044027	0.019027803	0.061318451	0.10633395
24	0	ANN PEAK #b-H2O annotated
5	-1e+09	0	2	3	4
6	0.06645972	0.06645972	-0.055142915	-0.060040914	-0.042086004	0.06645972
25	0	ANN PEAK #y2 annotated
4	-1e+09	1	2	3
5	-0.002888638	-0.069548544	-0.06617031	-0.016006539	0.088061254
26	0	ANN PEAK #y-H2O annotated
4	-1e+09	0	1	2
5	0.0077215541	0.0077215541	-0.0062885486	-0.016976575	0.0077215541
28	0	ANN PEAK #a annotated
3	-1e+09	0	1
4	0.023865597	0.040350432	-0.02411887	-0.030981554
29	0	PEAK OFF y num frags detected
3	-1e+09	2	5
4	0.0017328999	0.0017328999	0	0.0017328999
30	0	PEAK OFF y max self offset
16	-1e+09	0.092334747	0.097614288	0.14637375	0.17710495	0.18840408	0.19404221	0.21288681	0.23432541	0.24256516	0.25996017	0.26976395	0.28087234	0.37067795	0.41148758	0.45628738
17	0.094397823	0.27798585	0.27464676	0.24981476	0.23629902	0.16402905	0.1862679	0.12892559	0.049222585	-0.0032704574	-0.017794741	-0.041686831	-0.088405681	-0.17242985	-0.216201	-0.22108485	-0.066458568
31	0	PEAK OFF y avg self offset
18	-1e+09	0.025913239	0.037082672	0.053743362	0.05644862	0.061909992	0.075317383	0.08649826	0.09539032	0.10510635	0.10853958	0.11954574	0.13705674	0.15988286	0.20657222	0.22157669	0.29265213	0.3310051
19	-0.1332506	-0.22632467	-0.26279709	-0.32177394	-0.32624646	-0.31095135	-0.36000117	-0.38620492	-0.40636949	-0.39783493	-0.40788674	-0.4095499	-0.39750459	-0.42941148	-0.37665826	-0.34996207	-0.31635044	-0.18347683	-0.035874976
32	0	PEAK OFF y max consecutive offset
10	-1e+09	0.10229492	0.11956787	0.17703247	0.19342041	0.21850586	0.24243164	0.25219727	0.28649902	0.30090332
11	0.055662508	0.21774518	0.2333466	0.22565772	0.17904521	0.14710388	0.10652877	0.091120881	0.049794162	-0.021361127	-0.0735723
33	0	PEAK OFF y avg consecutive offset
9	-1e+09	0.045318604	0.04813385	0.079608157	0.10736084	0.11062622	0.13382721	0.15582657	0.20848083
10	0.0071338856	0.0071338856	0.0037652261	-0.05591346	-0.066724678	-0.059807983	-0.051944652	-0.026115559	-0.019070117	0.0071338856
34	0	PEAK OFF y grab offset #1
14	-1e+09	0.015136719	0.034057617	0.041870117	0.045593262	0.062072754	0.069946289	0.083129883	0.10217285	0.13012695	0.15124512	0.2098999	0.25732422	0.55764771
15	-0.093789742	-0.049294534	-0.050890107	-0.036661304	-0.02304353	-0.021410895	-0.068983219	-0.05953171	-0.086718091	-0.076354278	-0.08083954	-0.1086104	-0.12149714	-0.1570115	-0.10676382
35	0	PEAK OFF y grab offset #2
3	-1e+09	0.056762695	0.096069336
4	0	0	0.0031941195	0
36	0	PEAK OFF y grab offset #3
7	-1e+09	0.057861328	0.15209961	1	2	3	4
8	0.014184051	0.014184051	0.0064517291	-0.10296472	-0.14609882	-0.18260917	-0.1195056	0.014184051
37	0	PEAK OFF b num frags detected
6	-1e+09	0.14409149	0.19249237	0.21973908	0.27000701	5
7	0.036510566	0.040913244	0.018741733	-0.012284752	-0.016383789	-0.13047007	0.01552657
38	0	PEAK OFF b max self offset
19	-1e+09	0.057592671	0.062638246	0.072095037	0.085037231	0.093457341	0.097485662	0.10966218	0.12651336	0.13102996	0.13996261	0.14954865	0.15968597	0.17036164	0.2102536	0.23643768	0.30231965	0.34379852	0.40458953
20	-0.1967337	-0.16166573	-0.20885309	-0.18384728	-0.19251028	-0.22609124	-0.18470079	-0.19131472	-0.16800816	-0.16479598	-0.21597826	-0.185096	-0.19881856	-0.23370349	-0.23041241	-0.26713217	-0.28915779	-0.22180391	-0.2358745	-0.25638131
39	0	PEAK OFF b avg self offset
10	-1e+09	0.036804199	0.041207336	0.086011052	0.13289368	0.137695	0.16693389	0.18271148	0.24633789	0.33702973
11	0.049180588	0.067935096	0.072988091	0.081296287	0.095041574	0.071829365	0.060048204	0.036208331	0.013431593	0	0.040206097
40	0	PEAK OFF b max consecutive offset
7	-1e+09	0.10745239	0.12709045	0.13092041	0.14335632	0.16073608	0.3270874
8	0.045533091	0.12302305	0.11876535	0.076421634	0.051060529	0.035748917	0.014192529	-0.039265706
41	0	PEAK OFF b avg consecutive offset
5	-1e+09	0.057907104	0.071316525	0.096847534	0.15216064
6	-0.047241974	0	-0.021828521	-0.027851926	-0.034320124	-0.080042283
42	0	PEAK OFF b grab offset #1
2	-1e+09	0.047119141
3	-0.0031468173	0	-0.013393781
43	0	PEAK OFF b grab offset #2
3	-1e+09	0.016113281	0.12316895
4	-0.023328892	-0.023328892	0	-0.023328892
45	0	PEP COMP start cat N (len 3)
6	-1e+09	1	2	5	8	10
7	0.10885431	-0.050164926	0.066852502	0.186386	0.21808555	0.22732436	0.2794724
46	0	PEP COMP end cat C (len 3)
9	-1e+09	3	4	9	10	11	12	13	17
10	-0.081244626	-0.097697118	-0.078079493	0	-0.020102492	-0.023735177	-0.045560484	-0.049519541	-0.052677224	-0.062714223
47	0	PEP COMP len 3 # cat 19-20
2	-1e+09	0
3	0.0021851987	-0.005894649	0.014014785
49	0	PEP COMP len 3 # cat 7-14
3	-1e+09	0	1
4	0	0	0.001563125	0
52	0	PEP COMP min cat, len 3
7	-1e+09	1	3	6	7	12	16
8	-0.013676894	-0.068549762	-0.025433144	-0.031044405	-0.033285929	0.022191668	0.035502368	0.030044454
53	0	PEP COMP avg cat, len 3
13	-1e+09	0.83333331	1	2	2.1666667	2.6666667	3	3.5	3.6666667	4.3333335	4.5	5.5	5.8333335
14	-0.029491772	-0.068166823	-0.0489018	-0.026016019	0.0044305932	0.025128649	0.020799129	0.03155083	0.049904611	0.026025448	0.035587073	0.037313772	0.1151558	0.10099535
54	0	PEP COMP before cat score 1
11	-1e+09	3	5	7	9	10	12	14	15	17	19
12	-0.061406617	-0.13296396	-0.089929013	-0.082758659	0.041696158	-0.010889315	-0.01789343	0.011828588	0.020968234	-0.0055675722	0.034547884	0.019522338
55	0	PEP COMP after cat score 1
9	-1e+09	3	7	12	15	16	17	18	19
10	-0.075454962	-0.075454962	-0.051282065	0.031139154	0.0036895811	0.075580964	0.094480596	0.029762327	-0.048173381	-0.075454962
56	0	PEP COMP span cat score 1
11	-1e+09	3	4	5	8	11	12	16	17	18	19
12	0.0096311214	0.024555984	0.055171306	0.0025978633	-0.031010597	-0.053863461	-0.064958688	-0.068403125	-0.042916787	-0.047856419	-0.023202985	0.0063965803
57	0	PEP COMP before cat score 2
7	-1e+09	5	9	10	11	15	16
8	-0.013913972	-0.04956951	-0.021831251	-0.042991748	-0.053186344	-0.033177511	0.0084031607	0.012288893
58	0	PEP COMP after cat score 2
10	-1e+09	5	9	11	14	15	16	17	18	19
11	-0.07961896	-0.07961896	-0.069574863	-0.07455428	-0.045181857	-0.018000274	0.039977322	0.061917014	-0.0036724748	-0.064551616	-0.07961896
59	0	PEP COMP span cat score 2
8	-1e+09	1	4	9	10	13	16	19
9	-0.016145994	-0.016145994	0.03707344	0.028134851	0.02096087	-0.045334849	-0.028598241	-0.021141492	-0.016145994
60	0	PEP COMP before cat score 3
8	-1e+09	5	13	14	15	16	17	19
9	-0.037800053	-0.037800053	-0.010190466	-0.058785394	-0.10214159	-0.05273821	0.0012386716	-0.036033682	-0.037800053
61	0	PEP COMP after cat score 3
9	-1e+09	3	5	9	10	13	16	18	19
10	-0.057095786	-0.053928824	-0.034298986	-0.014143651	-0.024741955	-0.069027412	-0.065687477	-0.013226637	-0.018031613	-0.065300823
62	0	PEP COMP span cat score 3
5	-1e+09	3	13	14	19
6	-0.026973961	-0.026973961	-0.020363642	-0.026973961	-0.0015922677	-0.026973961
63	0	PEP COMP before cat score 4
7	-1e+09	6	10	12	15	16	17
8	-0.13385726	-0.13385726	-0.14564616	-0.11442632	-0.15635555	-0.078008095	-0.0029936127	-0.13385726
64	0	PEP COMP after cat score 4
6	-1e+09	3	10	13	16	17
7	0.033177158	0.033177158	-0.0056151	-0.0071895833	0.024995949	0.03478069	0.033177158
65	0	PEP COMP span cat score 4
5	-1e+09	1	8	16	17
6	-0.016321208	-0.016321208	-0.0059688107	0.0087397974	-0.0070942032	-0.016321208
68	0	PEP COMP #aa N
2	-1e+09	1
3	-0.0080415684	-0.036575885	-0.047786489
69	0	PEP COMP #aa D
2	-1e+09	1
3	0.0033932814	0.0033932814	-0.051953712
71	0	PEP COMP #aa Q
2	-1e+09	1
3	-0.10226805	-0.43155382	-0.59282052
72	0	PEP COMP #aa E
1	-1e+09
2	0	-0.06784073
73	0	PEP COMP #aa G
1	-1e+09
2	0	0.020770031
74	0	PEP COMP #aa H
1	-1e+09
2	0	-0.12759454
75	0	PEP COMP #aa L
2	-1e+09	1
3	0.028201563	0.052104367	0.10507514
76	0	PEP COMP #aa K
2	-1e+09	1
3	0.002508655	0.002508655	-0.18274417
77	0	PEP COMP #aa M
1	-1e+09
2	0	0.034329219
78	0	PEP COMP #aa F
2	-1e+09	1
3	-0.021131808	-0.18268497	-0.23561046
79	0	PEP COMP #aa P
1	-1e+09
2	0	0.1209383
80	0	PEP COMP #aa S
2	-1e+09	1
3	-0.0017321573	-0.0017321573	0
81	0	PEP COMP #aa T
1	-1e+09
2	0	-0.032465057
82	0	PEP COMP #aa W
1	-1e+09
2	0	-0.14322683
96	0	PRM N/-C delta mass
14	-1e+09	-0.38021851	-0.31735229	-0.23512268	-0.2070694	-0.1315155	0.049987793	0.079116821	0.090255737	0.11439514	0.12892914	0.14547729	0.18545532	0.4960022
15	-0.0064125048	-0.0064125048	0.0029719066	0.11948073	0.12442367	0.16165032	0.19439176	0.17886424	0.13907441	0.12422632	0.096367578	0.019516533	-0.070810514	-0.075612133	-0.0064125048
98	0	PRM N/-C average breakage score
4	-1e+09	-9.7684984	1.1701741	4.886301
5	0	0	-0.010118453	-0.0067623881	0
100	0	PRM N/-C path score
10	-1e+09	33.065048	41.282684	42.465645	56.598839	60.759281	61.896164	63.007744	65.273033	81.874245
11	0.0041948245	0.015810763	0.0035308299	-0.033516938	-0.039383745	-0.060371179	-0.053953986	-0.046795432	-0.035450447	-0.020361585	-0.0048673886
101	0	PRM N/-C average path score
10	-1e+09	5.5108414	6.8804474	7.0776076	9.4331398	10.316028	10.50129	10.878839	13.645707	14.656737
11	0.045832764	0.066971556	0.060030496	-0.038263299	-0.06481654	-0.080068889	-0.07837847	-0.048632738	-0.035721154	0.02216436	0.045832764
102	0	PRM -N/C delta mass
19	-1e+09	-0.90611267	-0.48552704	-0.251297	-0.22314453	-0.18239594	-0.15209198	-0.099746704	-0.068153381	-0.029273987	0.020263672	0.026992798	0.041969299	0.070892334	0.083862305	0.11929321	0.19476318	0.29608917	0.54632568
20	-0.64498637	-0.64498637	0.47071859	0.52047712	0.6255559	0.68379094	0.70497137	0.73666183	0.74947951	0.80803326	0.83372373	0.81234756	0.80635751	0.74973684	0.64365433	0.63803312	0.60420639	0.41979122	0.23525489	-0.64498637
104	0	PRM -N/C average breakage score
4	-1e+09	-10.576378	-0.23114339	2.478318
5	-0.01637805	-0.01637805	0	-0.012815918	-0.01637805
105	0	PRM -N/C normalized average breakage score
4	-1e+09	-6.6499562	-4.8442974	2.1807816
5	-0.028965014	-0.028965014	0	-0.0065989559	-0.028965014
106	0	PRM -N/C path score
4	-1e+09	35.084579	40.352352	61.443913
5	-0.011499314	-0.011499314	-0.005245978	0	-0.011499314
107	0	PRM -N/C average path score
4	-1e+09	5.8474298	6.7253919	10.240652
5	-0.017467102	-0.017467102	-0.0061978996	0	-0.017467102
108	0	PRM -N/-C delta mass
13	-1e+09	-0.79514313	-0.37343597	-0.29458618	-0.25344849	-0.16612244	-0.096733093	-0.061927795	-0.046714783	-0.038497925	-0.02999115	-0.0028152466	0.043403625
14	-0.053554387	-0.053554387	0.047821394	0.063976539	0.2412575	0.25953763	0.24176009	0.22986707	0.15857954	0.13867757	0.091557283	0.083276362	-0.016970621	-0.053554387
112	0	PRM -N/-C path score
10	-1e+09	23.427847	42.044815	47.157589	54.177765	64.699959	67.076454	78.340912	83.913719	86.076828
11	0.10208985	0.093480145	-0.045856297	-0.023004124	-0.019641013	-0.015600246	-0.0002171939	0.018244661	0.035188659	0.10288335	0.12258925
113	0	PRM -N/-C average path score
10	-1e+09	3.9046412	7.0074692	7.8595982	9.0296278	10.783326	11.179409	13.056819	13.98562	14.346138
11	0.10668501	0.083116696	-0.0056991485	0.031408138	0.038683687	0.040910215	0.056142204	0.0714509	0.090443452	0.10713109	0.12250165
114	0	PRM path score
8	-1e+09	-40.554722	-34.769958	-22.653458	-3.3904262	8.9447041	22.743439	39.493542
9	-0.030021465	-0.030021465	0.0014345555	0.031145852	0.037829377	0.020213086	0.030579045	-0.016348078	-0.030021465
115	0	PRM total breakage score
18	-1e+09	24.169695	26.636684	30.814503	32.544373	39.789249	41.093269	42.327545	44.752434	47.136414	57.28886	69.23481	70.596779	75.080795	82.61541	85.142715	88.012474	91.85939
19	0.27382008	0.27382008	0.25006059	0.1879438	0.11889159	0.068180317	0.069759142	0.04154179	0.014241504	-0.059243887	-0.099440447	-0.14676345	-0.13520497	-0.12688754	-0.072278207	0.018990537	0.044798044	0.0964416	0.27382008
116	0	PRM SeqPath rank
12	-1e+09	0	3	4	5	7	8	9	14	18	21	50
13	0.035923804	-0.12036204	-0.25988364	-0.21403742	-0.1523234	-0.0058063424	0.019691938	0.050769627	0.059258761	0.076369496	0.14205712	0.19164536	0.22545844
117	0	PRM multipath score
10	-1e+09	43.186787	48.132027	53.687729	62.397476	67.099091	73.761711	76.823792	78.559464	87.873108
11	-0.043806064	-0.043806064	-0.030393603	-0.044507198	-0.021915817	0.017029736	0.012041045	0.049595317	0.024796561	-0.032485302	-0.041607356
118	0	PRM delta score
19	-1e+09	0	0.24477768	1.101059	2.5397606	3.3665771	5.140419	7.8154144	8.6901741	11.254272	12.945282	19.861969	21.730816	24.755062	26.931198	30.456734	32.999344	42.373985	50.327316
20	-0.3572221	-0.054252805	0.0014420899	0.016614672	0.023064934	0.014389781	-0.0020408483	-0.04923808	-0.2430501	-0.1837648	-0.20429016	-0.24135768	-0.24460767	-0.24643487	-0.26349818	-0.28280424	-0.31096946	-0.42489495	-0.41255523	-0.3572221
119	0	PRM rank, delta score<=1.5
3	-1e+09	0	1
4	0.19780864	0.19780864	0.12474803	0
120	0	PRM rank, 1.5<delta score<=7.5
4	-1e+09	1	2	3
5	0.0086130903	0.0086130903	0.0032168332	0	0.0086130903
121	0	PRM rank, 7.5<delta score<=15
4	-1e+09	3	6	13
5	0.041586613	0.013638708	0.04492855	0.029727301	0.056148268
122	0	PRM rank, delta score>15
4	-1e+09	22	37	53
5	-0.027064996	-0.059709158	-0.042306471	-0.04752128	-0.0052148094
123	0	PRM tag, percent in top 5 denovo
3	-1e+09	0.60000002	0.80000001
4	-0.077702646	0.48338117	0.53715292	0.64833131
124	0	PRM tag, percent in top 20 denovo
6	-1e+09	0.050000001	0.1	0.2	0.25	0.30000001
7	0.043572237	0	0.020397103	0.028937042	0.037877156	0.068107247	0.09562077
125	0	PRM tag, percent in all denovo
12	-1e+09	0.02	0.039999999	0.079999998	0.12	0.16	0.18000001	0.22	0.28	0.40000001	0.54000002	0.68000001
13	0.22430479	-0.001696421	0.0065461023	0.091979002	0.23458738	0.29018044	0.30912028	0.33635915	0.36113709	0.36458912	0.36950896	0.34538504	0.31976449
126	0	PRM tag, rank if in top 5
6	-1e+09	0	1	2	5	7
7	0.1349066	0.22985319	0.17529056	0.11967049	0.093973613	-0.033582305	-0.047607311
127	0	PRM tag, rank if in top 5-20
5	-1e+09	2	3	21	112
6	-0.0055115189	-0.0055115189	0.14642873	0.1527063	0.094794945	0.023024299
128	0	PRM tag, rank if in top 20-all
10	-1e+09	0	4	7	23	27	30	35	42	46
11	0.3959699	0.212143	-0.038336561	0.33198919	0.29167761	0.30519011	0.32870794	0.36742978	0.39753478	0.47634658	0.60386391
130	0	PRM delta num breakage scores (missing)
4	-1e+09	-1	0	1
5	-0.093890677	-0.093890677	0.041497119	-0.083439929	-0.093890677
132	0	PRM num breakage scores
4	-1e+09	4	5	6
5	-0.010935181	-0.010935181	0.00023198503	0.011167166	-0.010935181
133	0	PRM breakage score min 1
10	-1e+09	-40.236034	-29.436399	-27.160294	-22.004189	-19.51577	-16.394409	-13.146605	-10.290182	-2.8178968
11	-0.034998218	-0.034998218	-0.052289563	0.048791306	-0.019177196	-0.0092369637	-0.050904002	-0.036458476	-0.027338267	-0.022419546	-0.034998218
134	0	PRM breakage score min 2
8	-1e+09	-19.827253	-17.918957	-14.768296	-9.4312563	-6.8687034	-1.9617561	2.7257392
9	0.033588325	0.033588325	0.01203456	-0.026150467	-0.013904194	-0.0071021651	0.022159038	0.017167128	0.033588325
135	0	PRM breakage score min 3
12	-1e+09	-14.988277	-13.482207	-4.0759068	-2.3278306	-1.5298964	-1.1301583	0.058447741	1.2195909	2.7064731	3.0834799	5.5586329
13	0.15245129	0.15245129	0.13462139	0.15633367	0.084823624	0.1191754	0.11416182	0.1021983	0.085805069	0.14402764	0.15633367	0.12271027	0.15245129
136	0	PRM breakage score min consecutive 3
5	-1e+09	-40.608047	-22.209455	-6.649189	18.429813
6	0.031822066	0.031822066	0.024789504	0.0029886035	-0.038274646	0.031822066
137	0	PRM breakage score max consecutive 3
13	-1e+09	-30.952667	-19.298084	-8.4382095	-2.9816277	-1.4044991	0.065138817	10.830366	17.780956	21.528715	26.447865	40.379002	43.073074
14	0.024364872	0.051663939	0.074181009	0.079650309	0.095888699	0.086450359	0.051977269	-0.013809629	-0.037467111	-0.027127886	-0.025457619	-0.09749949	-0.041858926	-0.018089226
138	0	PRM breakage score min consecutive 2
11	-1e+09	-52.050098	-41.27203	-39.432594	-22.37166	-21.428661	-17.73419	-16.839098	-13.095737	-10.169249	-2.4004316
12	0.034037978	0.034037978	0.021326608	-0.001347411	-0.014650727	-0.036012223	-0.0580847	0.027341368	0.059480335	0.057867287	0.041181532	0.034037978
139	0	PRM breakage score max consecutive 2
11	-1e+09	-6.1662397	1.5197043	7.0309963	7.8907008	9.5951214	11.0925	11.815923	21.6754	29.093971	30.289654
12	0.043435355	0.043435355	0.026079606	-0.025129761	0.002157414	0.0075524118	0.026455624	0.01315053	-0.0062595702	-0.0030222049	0.019704987	0.043435355
140	0	PRM #breakage scores below -10
3	-1e+09	0	2
4	0.012727726	0.012727726	-0.010402683	0.012727726
141	0	PRM #breakage scores 0 - -10
3	-1e+09	0	1
4	0.022890868	0.0099193823	-0.0057961903	0.030604425
142	0	PRM #breakage scores 0 - 8
3	-1e+09	1	3
4	-0.018850832	-0.018850832	0.024140997	-0.018850832
144	0	PRM #breakage scores above 15
3	-1e+09	0	1
4	-0.03646012	-0.048517364	0.038769713	0.027644256
145	0	PRM %breakage scores below -10
5	-1e+09	0	0.14285715	0.2857143	0.60000002
6	0.013424062	0.013424062	0.0053380781	-0.026066776	-0.012224238	0.013424062
146	0	PRM %breakage scores below 0
3	-1e+09	0.16666667	0.2
4	-0.0032288567	-0.0032288567	0.01168794	-0.0032288567
148	0	PRM %breakage scores above 8
4	-1e+09	0	0.14285715	0.42857143
5	-0.0033904633	-0.0033904633	0.0017018087	0.0036375574	-0.0033904633
149	0	PRM Score connected to N-terminal
13	-1e+09	0.3729369	1.0419991	2.0861921	3.011523	3.9656413	8.2519178	9.3021364	10.432231	14.360097	15.055623	17.96126	19.420404
14	-0.13864522	-0.13864522	-0.094606798	-0.06935878	-0.049093156	0.056758031	0.061639028	0.032703183	0.028735016	-0.052779586	-0.09925417	-0.10758591	-0.11688456	-0.13864522
150	0	PRM Score connected to C-terminal
11	-1e+09	0	1.0510391	4.3459582	5.0537753	5.6184402	6.1630673	6.9810786	7.2634931	8.0657139	14.937061
12	0.08426085	-0.14672868	-0.11327602	0.011350591	0.065033921	0.096088008	0.14820418	0.16863636	0.19895044	0.25056786	0.27915996	0.26992529
151	0	PRM %breakages with 1 frag detected
3	-1e+09	0.2857143	0.33333334
4	-0.0016353346	0.0020054632	0.013593226	-0.010331491
152	0	PRM %breakages with 2 frag detected
9	-1e+09	0	0.14285715	0.16666667	0.2	0.2857143	0.33333334	0.42857146	0.5
10	-0.00082210266	-0.086701716	-0.040039091	-0.002285692	0.014409122	0.025010242	0.054691672	0.074793141	0.084679916	0.072599801
153	0	PRM %breakages with > 5 frags detected
2	-1e+09	0.16666667
3	4.5671148e-05	0.0032309879	-0.0016150584
154	0	PRM %breakages with dual orientation frags
6	-1e+09	0.2857143	0.42857146	0.60000002	0.66666669	0.85714293
7	-0.022443445	-0.087532378	-0.064154052	0.050393759	0.055871699	0.057468542	0.068911701
155	0	PRM #orientation switches
3	-1e+09	0	1
4	-0.0031970119	0.047241295	0.063537764	-0.06476515
157	0	COMP PPP frag 1 obs_ratio
7	-1e+09	0.33333334	0.5	0.5714286	0.80000001	0.83333331	0.85714287
8	0.11942886	0.11942886	-0.042192185	-0.068712714	-0.11604949	-0.11446597	0.011253471	0.11942886
158	0	COMP PPP frag 2 obs_ratio
9	-1e+09	0	0.2857143	0.33333334	0.40000001	0.60000002	0.66666669	0.71428573	0.85714287
10	0.045292096	0.020813222	0.0098856171	-0.0047971641	-0.0080150929	-0.025498202	0.012664381	0.021355305	0.046965691	0.028031039
159	0	COMP PPP frag 3 obs_ratio
7	-1e+09	0.16666667	0.2857143	0.33333334	0.42857143	0.60000002	0.71428573
8	0.013967555	0.013967555	0.030725532	-0.018205168	0.0098583298	-0.033124354	-0.015779408	0.013967555
161	0	COMP PPP MOBILE sum ranks of missed 1-5
17	-1e+09	14	23	26	36	38	41	42	43	52	53	57	61	63	67	72	76
18	0.11436127	-0.091835756	-0.17916078	-0.18332746	-0.20162171	-0.23452682	-0.27024959	-0.16716533	-0.17509648	-0.18420664	-0.11897693	-0.070846486	0.0023382397	0.077891286	0.10610981	0.20712868	0.22414382	0.31049468
162	0	COMP PPP PARTMOBILE sum ranks of missed 1-5
3	-1e+09	52	72
4	-0.043886304	-0.043886304	0	-0.043886304
164	0	COMP PPP sum ranks of missed 1-5
10	-1e+09	28	32	35	37	43	46	48	50	58
11	0.12749972	-0.052937597	-0.044109053	0.022350795	0.072458968	0.14260623	0.23913161	0.23147745	0.31544512	0.34259681	0.34426912
165	0	COMP PPP MOBILE sum ranks of missed 6-10
12	-1e+09	51	60	67	78	79	80	85	89	95	100	105
13	-0.039718331	-0.039718331	-0.12316017	-0.14377363	-0.15360967	-0.13614003	-0.12147371	-0.12844674	-0.14372563	-0.10911533	-0.12658174	-0.069647415	-0.039718331
166	0	COMP PPP PARTMOBILE sum ranks of missed 6-10
4	-1e+09	70	80	100
5	-0.047534908	-0.047534908	0	-0.032880028	-0.047534908
168	0	COMP PPP sum ranks of missed 6-10
8	-1e+09	52	59	64	68	75	80	83
9	-0.0029272394	-0.011568494	-0.10839347	-0.11809874	-0.005641214	0.050739328	0.059340647	0.041914965	0.05154757
173	0	COMB PPP observed rank of predicted rank 1
6	-1e+09	0	1	2	5	8
7	-0.079228398	0.17117229	0.17570462	0.099765329	0.016463207	-0.10563951	-0.24091447
174	0	COMB PPP observed rank of predicted rank 2
8	-1e+09	0	1	2	3	4	6	7
9	-0.081980727	0.0060032893	0.083801152	0.07478035	0.056345979	-0.018418151	-0.025401906	-0.075830022	-0.097952821
175	0	COMB PPP observed rank of predicted rank 3
7	-1e+09	0	1	3	5	7	10
8	0.006409238	0.029829247	0.07591711	0.1150623	0.092949817	0.058836077	-0.059450356	-0.05616229
176	0	COMB PPP observed rank of predicted rank 4
7	-1e+09	1	2	4	5	7	8
8	-0.059992562	-0.059992562	0.042646653	0.076571508	0.043630167	0.031624681	-0.0039991724	-0.059992562
177	0	COMB PPP observed rank of predicted rank 5
7	-1e+09	0	1	5	7	8	11
8	-0.031270227	-0.027266136	0.019019308	0.048297319	0.020814442	-0.028602424	-0.031222692	-0.048422648
178	0	COMB PPP observed rank of predicted rank 6
9	-1e+09	0	2	3	6	7	8	9	12
10	-0.059457558	-0.054046847	-0.043342793	-0.0063129695	0.017751954	0.029460204	0.026253182	-0.048066091	-0.094989733	-0.084825822
179	0	COMB PPP observed rank of predicted rank 7
7	-1e+09	1	2	5	7	8	10
8	-0.048422065	-0.048422065	-0.023403955	0.00041748865	0.040971184	0.010218774	-0.0090098743	-0.048422065
182	0	COMB PPP predicted rank of observed rank 3
4	-1e+09	6	7	10
5	0.011780162	0.011780162	-0.0067858757	-0.011768342	-0.0067858757
183	0	COMB PPP predicted rank of observed rank 4
4	-1e+09	3	7	18
5	0.022502162	0.022502162	0.003246808	-0.015278972	0.022502162
184	0	COMB PPP predicted rank of observed rank 5
3	-1e+09	5	9
4	0.0040848621	0.015667303	0.004215808	-0.0017982209
185	0	COMB PPP predicted rank of observed rank 6
4	-1e+09	3	10	19
5	-0.021331491	-0.014331216	0.021168933	-0.03981284	-0.031814191
186	0	COMB PPP predicted rank of observed rank 7
6	-1e+09	7	8	11	13	16
7	0.037630886	0.037630886	0.006738162	-0.030173724	0.0093788257	0.020360855	0.037630886
187	0	COMB PPP rank of missed #1
10	-1e+09	0	1	2	3	4	6	7	8	9
11	-0.25239186	-0.46371197	-0.43528775	-0.31096412	-0.25348597	-0.12531703	-0.07368987	-0.0862322	-0.059930042	0.018897167	0.039186243
188	0	COMB PPP rank of missed #3
4	-1e+09	7	10	16
5	0.031030907	0.031030907	0.01226382	-0.015330365	0.031030907
189	0	COMB PPP rank of missed #5
6	-1e+09	5	11	12	13	18
7	0.029451138	0.027896691	-0.045278371	-0.0052007226	0.0025240923	0.0057848464	0.029451138
190	0	COMB PPP rank of missed #7
2	-1e+09	13
3	0.0066173183	0	0.011746733
196	0	COMB PPP delta score #1
11	-1e+09	0	0.08924818	0.4414711	0.51404953	0.58759403	1.0766079	1.2598298	1.357599	2.0622091	3.0590167
12	0.18429972	0.31038349	0.34722802	0.33375894	0.25913765	0.21126653	0.18343809	0.16087631	0.13995532	0.13837793	0.10963366	0
197	0	COMB PPP delta score #2
16	-1e+09	-1.3232374	-0.96050286	-0.16969466	-0.066324234	0.37502432	0.59331089	0.74450827	0.899266	1.1406217	1.3941154	1.4836427	1.5757067	2.0093007	2.1402297	2.938262
17	-0.057057891	0.025202714	0.12614374	0.21611909	0.25284505	0.25635355	0.19995272	0.18138323	0.12702628	0.089800449	0.067641379	0.038953966	0.021523646	-0.055202571	-0.061555761	-0.13468725	-0.11397574
198	0	COMB PPP delta score #3
15	-1e+09	-1.6208459	-1.2815559	-0.88370299	-0.39505482	-0.29881382	-0.037449121	0.27730036	0.34218681	0.75702345	0.8276217	1.0435082	1.1196232	1.3545549	1.9863456
16	-0.056086538	0.024917002	0.079678042	0.119306	0.13907791	0.096950384	0.090190526	0.1422411	0.071624435	0.042038187	0.0024102341	0.0040625305	-0.056374832	-0.097580869	-0.1400733	-0.17912814
199	0	COMB PPP delta score #4
14	-1e+09	-1.74752	-1.4059482	-1.0018246	-0.14639354	0.010121107	0.19426489	0.55994451	0.62297416	0.74921143	0.88088298	1.155014	1.2284551	1.7938154
15	0.088184491	0.18563741	0.1969015	0.26386655	0.30449958	0.28710253	0.27164444	0.26824157	0.26152498	0.21406341	0.18549597	0.14486295	0.11354252	0.067633331	-0.0084786131
200	0	COMB PPP delta score #5
16	-1e+09	-1.8423873	-1.4838037	-1.0612326	-0.91326618	-0.56782377	0.053424358	0.16727054	0.22361755	0.28120327	0.50831831	0.56486487	0.86746323	1.1333325	1.5494409	2.1590121
17	0.091734174	0.12444356	0.20121856	0.24700518	0.29193961	0.33761599	0.31265918	0.29066881	0.26248068	0.2336993	0.21120762	0.18006715	0.1989773	0.14918518	0.067613202	0.018910144	0.031278274
201	0	COMB PPP delta score #6
17	-1e+09	-1.8984351	-1.5042775	-1.0807083	-0.93267632	-0.59580445	-0.26158845	-0.12028849	0.034083128	0.089887977	0.41281402	0.57716781	0.68942922	0.86136597	1.0535066	1.121788	1.4503146
18	0.0095576117	0.0095576117	0.09888313	0.16937499	0.21235295	0.24145925	0.19745236	0.1636953	0.15372032	0.13541121	0.12955962	0.11377946	0.084673168	0.10895345	0.065975485	0.051733117	-0.006120321	0.0095576117
202	0	COMB PPP delta score #7
18	-1e+09	-1.9278942	-1.2709984	-0.60657978	-0.15195739	-0.027154684	0.079548001	0.185516	0.34244835	0.3938303	0.65932071	0.77218521	0.88801104	0.94906807	1.0747002	1.2986459	1.3899825	1.4921906
19	0.038286367	0.038286367	0.076560074	0.19801312	0.18181758	0.17082525	0.17767667	0.20121989	0.21559123	0.19492276	0.18088796	0.15020034	0.14511192	0.097746575	0.10884507	0.078063505	0.056771916	0.043114809	0.038286367
203	0	COMB PPP dot prod pred-obs top 15
10	-1e+09	0.5072602	0.57426947	0.6037451	0.64078188	0.74758106	0.7600925	0.77527064	0.81015992	0.85524476
11	-0.0052465615	-0.096258699	-0.031564374	-0.019146729	-0.042366584	0.048699903	0.079291611	0.095666449	0.098641395	0.11460227	0.12415182
204	0	COMB PPP dot prod obs-pred top 15
8	-1e+09	0.47956392	0.56940925	0.69818044	0.75335908	0.80856031	0.85623324	0.94713563
9	0.0020515375	-0.062693959	-0.10718509	-0.085687137	0.030019063	0.052679574	0.066643244	0.098169983	0.080772354
205	0	COMB PPP dot prod pred-obs top 30
7	-1e+09	0.27195686	0.30996358	0.41195482	0.4291617	0.43533576	0.47571954
8	-0.026383902	-0.026383902	0.018520278	0.027486973	0.029293462	0.0061384427	-0.0020254039	-0.026383902
207	0	COMB PPP dot prod pred-obs top 45
7	-1e+09	0.21489395	0.24492599	0.25637633	0.33911353	0.34399217	0.37590247
8	-0.026280698	-0.026280698	0.013409673	0.022242227	0.034332185	0.0061959733	-0.0015636483	-0.026280698
208	0	COMB PPP dot prod obs-pred top 45
5	-1e+09	0.2458729	0.29195032	0.32160363	0.49018997
6	-0.0073597612	-0.014618726	-0.016599344	0.0041430663	0.014028524	-0.0026689539
