2 1
2  2.757 0.646 1196.522 2.913 0.646 1000000000.000
4 0 1 2 3
1 0
1 4
1 13
1 29
1 43
1 59
1 104
1 115
0 147
1 147
0
200
146
4	0	TRYP #num good tryp terminals
3	-1e+09	0	1
4	-0.65681684	-1.8051914	-1.2142539	1.3190343
5	0	TRYP #num missed tryp terminals
3	-1e+09	0	1
4	-0.018552607	0.19892237	-0.18532708	-0.37736638
9	0	TRYP #frags at digest when C-term is other
2	-1e+09	3
3	0.12025563	0	0.26176184
10	0	TRYP AA at N-terminal When C-term is R
5	-1e+09	11	14	20	22
6	-0.037818936	-0.037818936	-0.00015293378	0.22032237	0.15667113	-0.037818936
11	0	TRYP AA at N-terminal When C-term is K
6	-1e+09	4	6	7	20	22
7	-0.0302501	-0.0302501	0	-0.14520087	-0.2709856	-0.25216387	-0.0302501
12	0	TRYP AA at N-terminal When C-term is other
6	-1e+09	10	12	14	17	20
7	0.69260035	0.69260035	0.58423177	0.69260035	0.36334466	0.10836858	0.69260035
13	0	ANN PEAK diff from org pm_with_19
9	-1e+09	-2.8959961	-2.0760498	-1.8319092	-1.3792725	-0.95983887	-0.61376953	-0.13696289	0.16674805
10	-0.4104478	-0.52495113	0.49277569	0.48657303	0.46350708	0.45216139	0.35504795	0.38873985	0.25270259	-0.19142306
14	0	ANN PEAK # aas in peptide
2	-1e+09	10
3	-0.018707878	-0.074492719	0.078280721
15	0	ANN PEAK %ann intensity
7	-1e+09	0.34177193	0.36674023	0.45598134	0.51919782	0.5622167	0.7533589
8	0.060863341	0.045521677	0.044982205	0.0099437021	-0.068754794	-0.072943923	0.016834215	0.072607548
16	0	ANN PEAK %ann peaks
7	-1e+09	0.26136363	0.35897437	0.37179488	0.38554215	0.40000001	0.41935483
8	-0.0093928886	-0.13207205	-0.10739314	-0.089920223	-0.029284346	0.11935628	0.12100681	0.13563879
17	0	ANN PEAK #ann in top 25
3	-1e+09	6	11
4	-0.045773044	-0.074004593	0.056003784	-0.0060094839
18	0	ANN PEAK #ann in top half (up to 50)
10	-1e+09	10	11	12	13	14	17	18	19	21
11	0.028819521	-0.33270039	-0.31890454	-0.22404473	-0.038400549	0.081047362	-0.13205075	-0.14699717	-0.13684666	0.25967256	0.37819038
19	0	ANN PEAK #ann in top third - #ann in mid third
5	-1e+09	-1	3	7	8
6	0.063785418	0.063785418	-0.058332139	-0.059441314	-0.00034039932	0.063785418
21	0	ANN PEAK #ann in mid third - #ann in last third
6	-1e+09	-4	-1	0	1	3
7	0.048821252	0.022894592	-0.078771046	-0.055594044	-0.011669959	0.078328884	0.082349724
22	0	ANN PEAK #y annotated
3	-1e+09	3	7
4	0.0046600395	0.0046600395	-0.0044645386	0.0046600395
23	0	ANN PEAK #b annotated
2	-1e+09	3
3	-0.02141467	-0.11243585	0.11246735
25	0	ANN PEAK #y2 annotated
2	-1e+09	1
3	0.025968499	0.071814555	-0.074472229
27	0	ANN PEAK #b2 annotated
3	-1e+09	0	1
4	0.042147133	-0.16173117	-0.24491378	0.25271595
29	0	INTEN BAL c_idx - n_idx
4	-1e+09	4	7	8
5	-0.034636319	-0.034636319	0.17725696	-0.15178537	-0.034636319
31	0	INTEN BAL RHK C
3	-1e+09	0	2
4	-0.022348719	-0.022348719	0.17258948	-0.022348719
33	0	INTEN BAL prefix prop, pair -4,-5
2	-1e+09	0.55337226
3	0.018389597	0	0.037158354
36	0	INTEN BAL prefix prop, pair +2,+3
3	-1e+09	0.14203863	0.53936785
4	0.0084221781	0.0084221781	-0.028446968	0.0084221781
37	0	INTEN BAL prefix prop, pair +4,+5
3	-1e+09	0.39280197	0.68270266
4	0	0	-0.015255947	0
40	0	INTEN BAL all prefix prop, pair -1,0,+1
4	-1e+09	0.10535324	0.41782182	0.57089835
5	0.11290162	0.11290162	-0.017431079	0.093492575	0.11290162
41	0	INTEN BAL all prefix prop, pair +2,+3
6	-1e+09	0.16244864	0.19341604	0.21974015	0.4929086	0.62872499
7	0.028216288	0.028216288	-0.013961804	-0.02684284	-0.11695119	-0.11377529	0.028216288
42	0	INTEN BAL all prefix prop, pair +4,+5
3	-1e+09	0.1555316	0.32510617
4	-0.0050054369	-0.0050054369	0	-0.0050054369
43	0	PEAK OFF y num frags detected
5	-1e+09	3	5	6	7
6	0.096678101	0.019623653	-0.021382748	0.047847326	0.12490177	0.16590817
44	0	PEAK OFF y max self offset
9	-1e+09	0.075481415	0.087535858	0.097530365	0.10625076	0.12214279	0.14469528	0.2346077	0.29253006
10	-0.17126464	-0.15661	-0.14627415	-0.12724476	-0.090515299	0.015237614	0.036645784	0.010229049	-0.064799615	-0.18950231
45	0	PEAK OFF y avg self offset
10	-1e+09	0.032770794	0.066352844	0.073647819	0.081180573	0.08520031	0.12586212	0.13582382	0.14806747	0.16471024
11	0.053070555	0.10102219	0.13414124	0.11081218	0.13781625	0.13164205	-0.20396509	-0.20150793	-0.1490181	-0.093482567	-0.00067925251
46	0	PEAK OFF y max consecutive offset
3	-1e+09	0.18630981	0.30499268
4	0.021573291	0.021573291	0	0.021573291
47	0	PEAK OFF y avg consecutive offset
8	-1e+09	0.038607281	0.071566775	0.10453288	0.11057281	0.1312561	0.1392103	0.18647766
9	0.24984766	0.24984766	0.19080909	0.23595255	0.1845131	0.18150709	0.11180847	0.045143464	0.24984766
48	0	PEAK OFF y grab offset #1
5	-1e+09	0.025756836	0.087768555	0.13085938	0.24291992
6	0.012960396	0.012960396	0.092066181	-0.015185854	0.056545713	0.012960396
49	0	PEAK OFF y grab offset #2
3	-1e+09	0.097900391	0.23388672
4	0	0	0.020005912	0
51	0	PEAK OFF b num frags detected
6	-1e+09	0.21241486	0.32319367	2	4	6
7	0.034881634	0.034881634	-0.21022214	-0.22205193	-0.17862165	-0.18982577	0.034881634
52	0	PEAK OFF b max self offset
4	-1e+09	0.13432038	0.18331635	0.26278961
5	-0.0064996614	-0.0045088789	0	-0.020391009	-0.0088238824
53	0	PEAK OFF b avg self offset
4	-1e+09	0.083615661	0.12341583	0.16277206
5	0.052628451	0.10627255	0.1018746	0.011585357	0
54	0	PEAK OFF b max consecutive offset
3	-1e+09	0.2233429	0.26626587
4	0.12058538	0.1348386	0	0.10599916
55	0	PEAK OFF b avg consecutive offset
4	-1e+09	0.12127686	0.14537048	0.20587769
5	0.079890141	0.079890141	0.0036481833	0	0.079890141
56	0	PEAK OFF b grab offset #1
6	-1e+09	0.077880859	0.090209961	0.1270752	0.18200684	0.33789062
7	0.12845364	0.12845364	0.04026647	-0.088187169	0.04026647	0.051311139	0.12845364
57	0	PEAK OFF b grab offset #2
3	-1e+09	0.022277832	0.10119629
4	0	0	-0.056598734	0
59	0	PEP COMP start cat N (len 3)
9	-1e+09	1	3	4	6	7	11	15	16
10	-0.093856379	-0.093856379	-0.037956408	-0.044860314	-0.039569418	-0.023491461	0.087799526	0.13812697	0.12341716	-0.093856379
60	0	PEP COMP end cat C (len 3)
4	-1e+09	3	8	16
5	-0.07407347	-0.07407347	0.079711162	-0.068799833	-0.07407347
61	0	PEP COMP len 3 # cat 19-20
3	-1e+09	0	1
4	0.058195676	0.063678653	-0.042403153	-0.00043572
63	0	PEP COMP len 3 # cat 7-14
2	-1e+09	1
3	-0.0034777579	-0.009453096	0.015788896
64	0	PEP COMP len 3 # cat 3-6
2	-1e+09	1
3	-0.007377811	-0.014131792	0.0074465103
65	0	PEP COMP len 3 # cat 1-2
2	-1e+09	1
3	0.0031157677	0.0050213636	-0.0009867381
66	0	PEP COMP min cat, len 3
4	-1e+09	1	5	9
5	-0.087955463	-0.087955463	0.10625181	0.074077284	-0.087955463
67	0	PEP COMP avg cat, len 3
5	-1e+09	3.4444444	3.75	6.5	7.1999998
6	-0.050220652	-0.050220652	0.085098977	-0.085124281	-0.079223125	-0.050220652
68	0	PEP COMP before cat score 1
6	-1e+09	5	7	11	14	18
7	0.033271141	0.033271141	0.090713126	0.17449762	0.14122648	0.30223077	0.033271141
69	0	PEP COMP after cat score 1
5	-1e+09	12	16	18	19
6	0.0034631312	0.0034631312	0	0.10808526	0.104272	0.0034631312
70	0	PEP COMP span cat score 1
9	-1e+09	1	3	8	10	12	15	16	17
10	0.078194288	0.078194288	0.24360939	0.26356173	0.053875099	0.038478639	0.090501976	0.090772903	0.11667293	0.078194288
71	0	PEP COMP before cat score 2
6	-1e+09	-1	11	14	16	19
7	0.062945244	0.11711284	0.22084505	0.20282241	0.27461689	0.018910509	0.018022641
72	0	PEP COMP after cat score 2
5	-1e+09	-1	14	16	19
6	0	0	0.0067063738	0.047800926	0.062260108	0
73	0	PEP COMP span cat score 2
6	-1e+09	3	5	7	10	17
7	0.0019039996	0.0019039996	0	0.016968495	0.080729851	0.14099815	0.0019039996
74	0	PEP COMP before cat score 3
7	-1e+09	7	9	11	14	15	17
8	0.10036428	0.10036428	0.12881747	0.17300908	0.043370074	0.081088798	0.15316017	0.10036428
75	0	PEP COMP after cat score 3
7	-1e+09	5	10	12	14	18	19
8	0.00075892297	0.00075892297	0.019724894	0.013977352	0.082770561	0.15167752	0.125973	0.00075892297
76	0	PEP COMP span cat score 3
7	-1e+09	2	4	5	7	16	17
8	-0.0002794744	-0.0002794744	0.076653384	0.10407713	0.11856338	0.11747702	0.11691514	-0.0002794744
77	0	PEP COMP before cat score 4
8	-1e+09	2	7	9	15	16	18	19
9	0.04798095	0.04798095	0.276744	0.23744882	0.2355669	0.22876305	0.23630191	0.276744	0.04798095
78	0	PEP COMP after cat score 4
7	-1e+09	3	7	11	17	18	19
8	0.076136697	0.076136697	0.0011738888	0.19950518	0.19833129	0.10419978	0.10537367	0.076136697
79	0	PEP COMP span cat score 4
4	-1e+09	2	4	13
5	0.029206214	0.029206214	0.015126532	0	0.029206214
80	0	PEP COMP #aa A
2	-1e+09	1
3	0.0071992569	0.14236985	0.15714007
82	0	PEP COMP #aa N
2	-1e+09	1
3	0.026579382	0.078009658	0.051430275
85	0	PEP COMP #aa Q
1	-1e+09
2	0	-0.26806259
86	0	PEP COMP #aa E
2	-1e+09	1
3	-0.0077199254	-0.23326787	-0.25063511
87	0	PEP COMP #aa G
1	-1e+09
2	0	0.24402008
89	0	PEP COMP #aa L
2	-1e+09	1
3	0.027061323	0.027061323	0
90	0	PEP COMP #aa K
2	-1e+09	1
3	-0.051649351	-0.0079440651	-0.1345638
91	0	PEP COMP #aa M
2	-1e+09	1
3	-0.073049612	-0.075705109	-0.0026554967
92	0	PEP COMP #aa F
1	-1e+09
2	0	0.040620985
93	0	PEP COMP #aa P
2	-1e+09	1
3	0.04343033	0.43335051	0.52775785
94	0	PEP COMP #aa S
1	-1e+09
2	0	-0.17224788
97	0	PEP COMP #aa Y
1	-1e+09
2	0	0.040047933
104	0	PMCSQS sqs prob for peptide charge
13	-1e+09	0.31111062	0.49688071	0.69853199	0.75854075	0.80718172	0.8946591	0.91367131	0.94058484	0.95090801	0.96626055	0.97205824	0.98555315
14	0.072884538	0.7771828	0.65755126	0.63106395	0.42296879	0.31077031	-0.058357569	-0.22303274	-0.30403681	-0.52043485	-0.65293485	-0.66857017	-0.74347594	-0.74378557
106	0	PMCSQS mass diff from pm1, prob>0.95
7	-1e+09	-0.86437988	-0.12182617	-0.093505859	0.031005859	0.21362305	1.1290283
8	-0.17753224	-0.17753224	0.070311365	0.087399005	0.13770247	0.073540701	0.1401557	-0.17753224
107	0	PMCSQS mass diff from pm1, prob<=0.95
4	-1e+09	-0.32080078	-0.21289062	0.98950195
5	-0.17860072	-0.17860072	-0.11744578	0.25712796	-0.17860072
108	0	PMCSQS score1 for peptide charge
10	-1e+09	4.6084404	5.0485468	5.3103862	5.6270342	6.0216899	6.0946188	6.2953043	6.5410409	6.9571395
11	0.091611213	0.56854691	0.16617507	0.064850789	-0.045902974	-0.086803136	-0.091395584	-0.17444118	-0.35096943	-0.5255268	-0.51027101
109	0	PMCSQS score2 for peptide charge
5	-1e+09	4.0811381	4.1726766	4.7460961	5.2431989
6	0.036347849	0.082237075	0.046642488	-0.017044314	-0.02922171	0.001695905
110	0	PMCSQS mass diff from pm2
11	-1e+09	-2.12146	-1.2833252	-1.0898438	-0.9831543	-0.79821777	-0.63110352	-0.16418457	0.21435547	1.0042725	1.7078857
12	0.18587923	0.18587923	-0.0075147681	-0.047378804	-0.11102891	-0.11778624	-0.10197385	-0.079371276	0.35404848	0.33769575	0.31953082	0.18587923
111	0	PMCSQS max  prob for other charges
5	-1e+09	0.00048984069	0.0016186252	0.004795827	0.006474602
6	-0.1469129	-0.1469129	-0.031245907	0.14622422	0.091926673	-0.1469129
112	0	PMCSQS score diff from max score with this charge, prob>=0.95
5	-1e+09	6.8797288	7.1828885	8.4567604	8.6556921
6	0.012338164	0.11909904	-0.13259909	-0.32172277	-0.27707975	-0.1005272
115	0	PRM N/C delta mass
3	-1e+09	-1.5258789e-05	7.6293945e-06
4	-0.0067112097	-0.0067112097	0.0057229551	-0.0067112097
116	0	PRM N/C total breakage score
7	-1e+09	-67.905869	-18.345226	-11.257014	1.7097516	7.8225603	49.583191
8	0.1717949	0.1717949	0.13993355	0.073302812	0.059854047	0.020050556	0	0.1717949
118	0	PRM N/C normalized average breakage score
4	-1e+09	-4.4662619	0.7951808	2.6084549
5	0.12167514	0.12167514	0.11125162	0	0.12167514
119	0	PRM N/C path score
7	-1e+09	-71.118423	6.9903364	48.465088	72.838394	85.478874	117.84036
8	0.13107608	0.13107608	0.18002005	-0.10961858	-0.15709607	-0.14302189	0.02316042	0.13107608
120	0	PRM N/C average path score
7	-1e+09	0.7107318	1.4971861	3.6318941	5.482667	7.248024	8.4271755
8	0.096805382	0.096805382	0.063625565	-0.027925515	-0.064331413	0.014174219	0.069757561	0.096805382
123	0	PRM num breakage scores
6	-1e+09	4	5	6	7	8
7	0.32719478	-0.27582396	-0.73245894	-0.6408192	-0.32053909	0.1967153	0.71567357
124	0	PRM breakage score min 1
7	-1e+09	-31.060472	-23.761478	-19.784618	-13.938308	-5.0422077	-0.35595655
8	0.1979812	0.13170384	0	0.11648569	0.12831441	0.18142609	0.303492	0.26778937
125	0	PRM breakage score min 2
8	-1e+09	-23.02136	-9.2261677	-7.519846	0	4.3110743	6.305696	7.4010606
9	-0.021949031	-0.021949031	0.13605651	0.24104953	0.25699527	0.31745101	0.2460157	0.042170452	-0.021949031
126	0	PRM breakage score min 3
12	-1e+09	-14.508176	-11.368535	-8.8750372	-6.6515632	-4.7122459	-3.0499213	2.2517736	6.4729495	7.1259031	7.8483391	9.7684965
13	-0.36059014	-0.36059014	-0.33014931	-0.13696553	-0.083991013	-0.080785566	-0.0495701	0.070193749	0.037006077	-0.22228947	-0.23994875	-0.35473035	-0.36059014
127	0	PRM breakage score min consecutive 3
5	-1e+09	-25.967369	-13.259061	6.3258047	25.00383
6	-0.014511373	-0.014511373	-0.014240785	0.075388709	0.058103257	-0.014511373
128	0	PRM breakage score max consecutive 3
2	-1e+09	32.771408
3	0.012339642	0.031852241	-0.0018234466
129	0	PRM breakage score min consecutive 2
5	-1e+09	-48.372864	-8.3224497	-3.2858315	10.803093
6	0	0	0.02134364	0.13255737	0.138534	0
130	0	PRM breakage score max consecutive 2
6	-1e+09	18.824203	29.217102	30.495264	33.213932	38.729874
7	0.11375678	0.16303531	0.12773258	0.053223522	0.015869746	0	0.075580785
133	0	PRM #breakage scores 0 - 8
5	-1e+09	0	1	2	3
6	0.10054101	0.066733708	-0.11583835	-0.084063394	0.041032446	0.12711595
134	0	PRM #breakage scores 8 - 15
3	-1e+09	1	3
4	-0.015356558	-0.034822686	0.033060523	0.018730876
135	0	PRM #breakage scores above 15
3	-1e+09	0	2
4	0.010005945	0.017221911	-0.026484681	-0.0066002504
136	0	PRM %breakage scores below -10
7	-1e+09	0.1	0.125	0.14285715	0.2857143	0.44444445	0.5
8	0.33382479	0.35766045	0.31213027	0.19339432	0	0.017394226	0.096416605	0.16368796
137	0	PRM %breakage scores below 0
5	-1e+09	0.125	0.14285715	0.33333334	0.42857143
6	0.06597277	0.06597277	0.029152533	0	0.0079368005	0.06597277
138	0	PRM %breakage scores above 0
3	-1e+09	0.16666667	0.625
4	0	0	0.05826997	0
139	0	PRM %breakage scores above 8
4	-1e+09	0.2	0.2857143	0.55555558
5	0	0	0.017684388	0.023985001	0
140	0	PRM Score connected to N-terminal
8	-1e+09	-16.846975	2.1349738	4.1084952	5.054635	5.9456878	8.2629528	13.249075
9	0.081910581	0.081910581	0	0.00042182553	0.019725598	0.11918504	0.16649761	0.18871335	0.081910581
141	0	PRM Score connected to C-terminal
5	-1e+09	0	1.1684451	5.500339	8.66502
6	0.019889693	-0.052626893	0.010832695	0.03904739	0.093273162	0.11278995
142	0	PRM %breakages with 1 frag detected
4	-1e+09	0	0.11111111	0.33333334
5	-0.044275588	-0.066497599	0.021475966	0.077581086	-0.005653879
143	0	PRM %breakages with 2 frag detected
5	-1e+09	0.14285715	0.16666667	0.2	0.2857143
6	0.042378976	0.047988039	0.025419988	-0.027801885	-0.045047108	0.034714287
145	0	PRM %breakages with dual orientation frags
6	-1e+09	0.125	0.2857143	0.33333334	0.42857146	0.66666669
7	0.040805125	0.040805125	-0.17601083	0.059376615	0.16858846	0.059826621	0.040805125
148	0	COMP PPP frag 1 obs_ratio
5	-1e+09	0.2	0.33333334	0.42857143	0.71428573
6	0.17605943	0.17605943	0.099320804	-0.15788367	-0.1742491	0.17605943
149	0	COMP PPP frag 2 obs_ratio
3	-1e+09	0.11111111	0.40000001
4	0.011129977	0.011129977	-0.01625689	0.011129977
150	0	COMP PPP frag 3 obs_ratio
4	-1e+09	0	0.2	0.22222222
5	-0.011303549	-0.011303549	0.013520915	0.0016526442	-0.011303549
151	0	COMP PPP num missed peaks
3	-1e+09	30	33
4	0.025190384	0.025190384	-0.026063636	0.025190384
152	0	COMP PPP MOBILE sum ranks of missed 1-5
4	-1e+09	19	26	63
5	0	0	-0.034911516	-0.10264251	0
153	0	COMP PPP PARTMOBILE sum ranks of missed 1-5
3	-1e+09	15	53
4	0.0028740102	0.0028740102	-0.039153657	0.0028740102
155	0	COMP PPP sum ranks of missed 1-5
12	-1e+09	11	15	31	36	39	47	52	59	65	73	82
13	2.1102011	0.092483205	-0.21643927	-0.24456663	-0.18033347	0.035670334	0.16762966	1.0372436	1.0523489	1.463076	1.9227927	2.2822443	2.3227842
156	0	COMP PPP MOBILE sum ranks of missed 6-10
3	-1e+09	105	117
4	0	0	-0.019156031	0
159	0	COMP PPP sum ranks of missed 6-10
4	-1e+09	51	68	70
5	-0.073047631	-0.14989966	-0.16000085	-0.13319027	0
160	0	COMP PPP MOBILE sum ranks of missed 11-15
7	-1e+09	82	85	95	110	115	132
8	-0.23712115	-0.23712115	-0.18703705	-0.16367215	0	-0.10847366	-0.12926739	-0.23712115
161	0	COMP PPP PARTMOBILE sum ranks of missed 11-15
5	-1e+09	85	94	111	118
6	0.070810323	0.070810323	0.040748595	-0.021359866	0.036499949	0.070810323
164	0	COMB PPP observed rank of predicted rank 1
5	-1e+09	2	3	5	6
6	0.0071278487	0.30573745	0.11294944	0.087989745	0.047402278	-0.22787281
165	0	COMB PPP observed rank of predicted rank 2
4	-1e+09	0	3	4
5	-0.065110835	0.064970164	0.091366348	0.013362462	-0.12260889
166	0	COMB PPP observed rank of predicted rank 3
7	-1e+09	1	4	5	6	9	16
8	-0.091387193	0.011675706	0.068718696	0.038652317	0.12139243	0.14417019	-0.037609429	-0.23056641
167	0	COMB PPP observed rank of predicted rank 4
4	-1e+09	1	2	6
5	-0.015058219	-0.0096213375	-0.008085728	0.024476038	-0.023731181
168	0	COMB PPP observed rank of predicted rank 5
5	-1e+09	0	2	5	10
6	-0.087085467	-0.087085467	-0.072632091	0.088212455	0.094775032	-0.087085467
169	0	COMB PPP observed rank of predicted rank 6
3	-1e+09	5	8
4	-0.0053364385	0.0050936432	0.0046240385	-0.0097588689
170	0	COMB PPP observed rank of predicted rank 7
3	-1e+09	3	16
4	-0.0092814294	-0.0092814294	0.0093637005	-0.0092814294
171	0	COMB PPP predicted rank of observed rank 1
6	-1e+09	3	5	6	9	11
7	0.0013957788	0.12708577	0.10949859	0.067416893	0.036819561	-0.012477069	-0.12474362
172	0	COMB PPP predicted rank of observed rank 2
5	-1e+09	0	6	10	12
6	-0.06317454	-0.06317454	-0.060278298	0.073757353	-0.027115513	-0.06317454
173	0	COMB PPP predicted rank of observed rank 3
4	-1e+09	6	10	21
5	0.073021265	0.13155614	0.090105582	-0.13202104	0.01282498
174	0	COMB PPP predicted rank of observed rank 4
4	-1e+09	4	5	17
5	0.0087404316	0.10372926	0.085969221	0.065862597	-0.068424661
175	0	COMB PPP predicted rank of observed rank 5
5	-1e+09	1	6	9	25
6	0.024140974	0.024140974	0.076757619	-0.0064650568	-0.074420245	0.024140974
176	0	COMB PPP predicted rank of observed rank 6
5	-1e+09	2	4	15	18
6	-0.012656984	-0.012656984	-0.0063611959	0.022532312	-0.0024498569	-0.012656984
177	0	COMB PPP predicted rank of observed rank 7
7	-1e+09	1	2	17	19	20	27
8	-0.050506107	-0.050506107	-0.033786876	-0.028652969	0.031922424	0.037776167	0.051379336	-0.050506107
178	0	COMB PPP rank of missed #1
6	-1e+09	0	2	3	5	9
7	0.05707941	-0.40118138	-0.64306638	-0.5819174	-0.23931716	0.040624955	0.40281852
179	0	COMB PPP rank of missed #3
4	-1e+09	3	6	11
5	0.06495807	0.06495807	-0.070756351	0.011671627	0.06495807
181	0	COMB PPP rank of missed #7
3	-1e+09	8	21
4	0	0	-0.0041367559	0
182	0	COMB PPP rank of missed #9
5	-1e+09	10	14	21	23
6	-0.066022857	-0.10427329	-0.17478657	-0.03781919	0	-0.052258528
184	0	COMB PPP rank of missed #13
3	-1e+09	16	21
4	-0.046433227	-0.085928089	-0.070094181	0
187	0	COMB PPP delta score #1
4	-1e+09	0.55751514	1.1293001	1.5235672
5	0.020344743	0.066127696	0	0.12858611	0
188	0	COMB PPP delta score #2
11	-1e+09	-0.70355511	-0.28306484	0.012336731	0.17213631	0.48825645	1.1682339	1.5332875	1.7283192	2.1473665	2.6383491
12	-0.65741701	-0.65741701	-0.17285096	0	-0.052357443	-0.098261027	-0.17973361	-0.19420089	-0.34281357	-0.4207491	-0.5312175	-0.65741701
189	0	COMB PPP delta score #3
6	-1e+09	-0.58164978	0.40048885	0.55457687	1.934906	3.0196323
7	0.10265427	0.16161331	0.21465192	0.20448905	0.024244497	0.0078487597	0
190	0	COMB PPP delta score #4
5	-1e+09	0.66128731	1.8317842	2.0345039	2.8674316
6	0.16219113	0.2924977	0.11978025	0.0081874823	0	0.038235285
191	0	COMB PPP delta score #5
7	-1e+09	-1.2817793	-0.83854198	1.0853639	1.405169	1.7644825	1.9658689
8	-0.10072193	-0.075868381	-0.034066153	0.042506142	0.021876236	-0.17499331	-0.17364245	-0.12308361
192	0	COMB PPP delta score #6
7	-1e+09	-1.3899441	-0.60352182	-0.007417202	0.31472015	1.0435123	2.3783846
8	-0.17252802	-0.17252802	-0.026163242	0.054162533	0.083837531	0.063637195	-0.087943719	-0.17252802
193	0	COMB PPP delta score #7
6	-1e+09	-1.4327307	-0.63471508	0	0.73023033	1.171298
7	0	0	0.069686582	0.36194212	0.33517549	0.13213021	0
194	0	COMB PPP dot prod pred-obs top 15
8	-1e+09	0.39700532	0.49339992	0.59741354	0.63334012	0.65343571	0.69348776	0.76350081
9	-0.10553673	-0.35086226	-0.35975954	-0.27800817	-0.22757011	-0.18970492	-0.14653791	-0.082061939	0.076920204
195	0	COMB PPP dot prod obs-pred top 15
6	-1e+09	0.4564707	0.72541875	0.90467447	0.91932452	0.93488991
7	0.013083548	-0.018127433	-0.13149156	-0.18828705	0.038078958	0.052806967	0.10684468
196	0	COMB PPP dot prod pred-obs top 30
6	-1e+09	0.44396684	0.53853703	0.55282056	0.62591225	0.72681767
7	-0.095471605	-0.12226452	-0.05975847	0.10851382	0.11775376	0.065975403	-0.051711568
198	0	COMB PPP dot prod pred-obs top 45
3	-1e+09	0.40753689	0.43070677
4	-0.0077484924	-0.0077484924	0.008650825	-0.0077484924
