3 1
2  2.693 0.596 2147.066 2.853 0.576 1000000000.000
4 0 1 3 5
1 0
1 4
1 13
1 29
1 43
1 59
1 104
1 115
0 147
1 147
0
200
113
4	0	TRYP #num good tryp terminals
3	-1e+09	0	1
4	-0.76343013	-1.8991749	-1.4228685	1.5187281
5	0	TRYP #num missed tryp terminals
3	-1e+09	0	1
4	0.025389419	0.1555083	0.13314609	-0.1177716
6	0	TRYP C-term AA
3	-1e+09	7	20
4	0.018547943	0.018547943	-0.018620058	0.018547943
10	0	TRYP AA at N-terminal When C-term is R
4	-1e+09	7	11	20
5	0.27558409	0.27558409	0	0.17343156	0.27558409
11	0	TRYP AA at N-terminal When C-term is K
3	-1e+09	9	17
4	0.038590165	0.038590165	0	0.038590165
13	0	ANN PEAK diff from org pm_with_19
11	-1e+09	-3.2775879	-2.9416504	-1.8847656	-1.7148438	-1.5522461	-1.1046143	-0.98095703	-0.0036621094	0.23999023	0.60119629
12	-0.34073592	-0.57969114	-0.47296916	0.55169803	0.51173304	0.5114968	0.44999706	0.36989201	0.25607559	-0.025489116	-0.054583846	-0.08710999
14	0	ANN PEAK # aas in peptide
2	-1e+09	18
3	-0.0018994887	-0.021239977	0.018523909
15	0	ANN PEAK %ann intensity
8	-1e+09	0.11028992	0.23554203	0.42114455	0.4476749	0.5081318	0.54251432	0.67879218
9	0.076481237	-0.24082442	-0.42029972	-0.41263217	-0.30573977	0.1237567	0.34158703	0.4241605	0.3528405
16	0	ANN PEAK %ann peaks
3	-1e+09	0.3131313	0.33333334
4	0.23115537	-0.045002933	0.23115537	0.26238266
18	0	ANN PEAK #ann in top half (up to 50)
5	-1e+09	7	8	17	21
6	0.10257988	-0.034252609	-0.097255729	-0.21330828	0.026905485	0.2354116
21	0	ANN PEAK #ann in mid third - #ann in last third
6	-1e+09	-3	-2	0	4	6
7	0.10900912	0.10900912	0.061086438	-0.006825665	-0.098888719	0.1037401	0.10900912
22	0	ANN PEAK #y annotated
4	-1e+09	0	3	7
5	0.0075153114	-0.022758276	-0.13083391	-0.15552332	0.15121704
23	0	ANN PEAK #b annotated
2	-1e+09	6
3	-0.0032091292	-0.0073898458	0.0024236454
25	0	ANN PEAK #y2 annotated
6	-1e+09	0	1	4	5	6
7	0.25950982	0.19413516	-0.17159343	-0.26306361	-0.20121369	-0.11524045	0.29298477
28	0	ANN PEAK #a annotated
2	-1e+09	0
3	-0.032421765	-0.032421765	0.034018873
29	0	INTEN BAL c_idx - n_idx
3	-1e+09	12	17
4	-0.061538778	-0.11242067	0.11662491	-0.015593745
31	0	INTEN BAL RHK C
4	-1e+09	0	2	4
5	-0.043937126	-0.043937126	0.10286334	0.164105	-0.043937126
32	0	INTEN BAL RHK pair
3	-1e+09	-2	2
4	0.0089479944	0.0089479944	-0.045649804	0.0089479944
37	0	INTEN BAL prefix prop, pair +4,+5
4	-1e+09	0.44282472	0.47733247	0.87074447
5	0.07954175	0.07954175	0.0063090506	0	0.07954175
41	0	INTEN BAL all prefix prop, pair +2,+3
3	-1e+09	0.45778003	0.6457786
4	0.018602832	0.018602832	0	0.018602832
42	0	INTEN BAL all prefix prop, pair +4,+5
3	-1e+09	0.26316509	0.7112692
4	0.069906381	0.11182149	0	0.037636754
43	0	PEAK OFF y num frags detected
4	-1e+09	0	3	7
5	0.1088444	-0.0066716822	-0.071888576	-0.083976369	0.1088444
44	0	PEAK OFF y max self offset
3	-1e+09	0.054576874	0.16197586
4	-0.0052178197	-0.0052178197	0.097216906	-0.0052178197
51	0	PEAK OFF b num frags detected
3	-1e+09	0.29768097	6
4	0.04437457	0.04437457	0	0.04437457
52	0	PEAK OFF b max self offset
5	-1e+09	0.054074407	0.21375763	0.26756561	0.41527069
6	0.017770831	0.036824159	0.07258498	0.13018166	0	0.0028982979
53	0	PEAK OFF b avg self offset
3	-1e+09	0.040199965	0.15362071
4	0	0	0.19123767	0
54	0	PEAK OFF b max consecutive offset
5	-1e+09	0.12264099	0.17811584	0.26890564	0.28500366
6	0.038001838	0.038001838	0.015651943	0	0.01028062	0.038001838
55	0	PEAK OFF b avg consecutive offset
3	-1e+09	0.16726685	0.20046997
4	0.10705192	0.10705192	0	0.10705192
59	0	PEP COMP start cat N (len 3)
3	-1e+09	3	6
4	0.0053699425	-0.12390166	-0.033030324	0.13180165
60	0	PEP COMP end cat C (len 3)
3	-1e+09	1	16
4	-0.033648614	-0.038935591	0.035327417	-0.033648614
61	0	PEP COMP len 3 # cat 19-20
2	-1e+09	2
3	-0.0027863124	-0.038984728	0.037564443
63	0	PEP COMP len 3 # cat 7-14
3	-1e+09	3	5
4	-0.037519816	-0.037519816	0.036651659	-0.037519816
67	0	PEP COMP avg cat, len 3
6	-1e+09	4.8823528	6.6666665	6.909091	9.4736843	10.047619
7	-0.13082224	-0.13082224	-0.091006997	0.014610945	0.12447238	0.04300979	-0.13082224
69	0	PEP COMP after cat score 1
5	-1e+09	-1	15	16	19
6	-0.14841399	-0.051362766	0	-0.047194127	-0.18996419	-0.24883607
70	0	PEP COMP span cat score 1
4	-1e+09	5	12	15
5	-0.14999575	-0.14999575	0	-0.13577516	-0.14999575
72	0	PEP COMP after cat score 2
3	-1e+09	-1	17
4	0	0	0.20158812	0
75	0	PEP COMP after cat score 3
4	-1e+09	-1	14	19
5	-0.058990982	-0.058990982	0	-0.047584174	-0.058990982
76	0	PEP COMP span cat score 3
7	-1e+09	2	3	12	15	16	18
8	-0.017188106	-0.017188106	0.0061028126	0.095782473	0.094118867	0.052967031	-0.0047646764	-0.017188106
77	0	PEP COMP before cat score 4
8	-1e+09	-1	7	13	14	17	18	19
9	0.067114482	0.067114482	0.0056728036	0	0.073347655	0.30590466	0.26806838	0.26301369	0.067114482
80	0	PEP COMP #aa A
2	-1e+09	1
3	0.055485053	0	0.17181929
82	0	PEP COMP #aa N
3	-1e+09	1	2
4	0.0036587272	0.0036587272	0	0.0036587272
84	0	PEP COMP #aa C
2	-1e+09	1
3	-0.017454508	-0.017648971	0
85	0	PEP COMP #aa Q
2	-1e+09	1
3	-0.095117311	-0.10550292	0
86	0	PEP COMP #aa E
3	-1e+09	1	2
4	-0.042011351	-0.15422301	-0.21992491	-0.22614808
87	0	PEP COMP #aa G
3	-1e+09	1	2
4	0.03303402	0.03303402	0	0.03303402
88	0	PEP COMP #aa H
1	-1e+09
2	0	0.19419794
92	0	PEP COMP #aa F
2	-1e+09	2
3	0.020017217	0.036437183	0
97	0	PEP COMP #aa Y
1	-1e+09
2	0	0.034001376
98	0	PEP COMP #aa V
2	-1e+09	1
3	0.065786116	0.12047754	0.24568047
104	0	PMCSQS sqs prob for peptide charge
5	-1e+09	0.20845257	0.33346465	0.43037003	0.56813335
6	0.063539182	0.46152356	0.12671199	-0.17049728	-0.25501451	-0.45094736
105	0	PMCSQS prob for peptide charge
7	-1e+09	0.31179392	0.73648947	0.98177922	0.98605704	0.99656332	0.99910378
8	0.097734426	0.097734426	-0.036735566	-0.089440505	-0.074563652	-0.051416433	0.080262518	0.097734426
106	0	PMCSQS mass diff from pm1, prob>0.95
8	-1e+09	-0.66430664	-0.37646484	-0.23730469	-0.14672852	0.22021484	0.67578125	1.5375977
9	-0.40490681	-0.40490681	-0.40017368	-0.26024579	-0.052271875	0	-0.0047166503	-0.10707945	-0.40490681
107	0	PMCSQS mass diff from pm1, prob<=0.95
5	-1e+09	-2.4443359	-1.0629883	-0.037353516	2.6333008
6	0.14904278	0.14904278	0.10674828	0	0.18676701	0.14904278
108	0	PMCSQS score1 for peptide charge
10	-1e+09	4.1497564	4.335422	4.4204335	4.5793777	4.6609712	4.886065	5.0288739	5.1853986	5.274302
11	-0.076804575	0.82201555	0.19397986	-0.074242634	-0.19650632	-0.20738274	-0.26126255	-0.37884449	-0.38207644	-0.88270515	-0.98940081
109	0	PMCSQS score2 for peptide charge
2	-1e+09	4.2017708
3	-0.19408559	0	-0.38029342
110	0	PMCSQS mass diff from pm2
3	-1e+09	0.67504883	1.951416
4	-0.082141615	-0.082141615	0	-0.082141615
111	0	PMCSQS max  prob for other charges
3	-1e+09	0.013920426	0.41754049
4	0.0046381393	0.0046381393	-0.0029178988	0.0046381393
112	0	PMCSQS score diff from max score with this charge, prob>=0.95
3	-1e+09	6.9834437	7.0701551
4	-0.018862586	0	-0.036876111	-0.044850414
114	0	PMCSQS score diff from max score with this charge, prob<0.7
2	-1e+09	6.3694925
3	0.05245252	0.11471668	0
115	0	PRM N/C delta mass
4	-1e+09	-7.6293945e-05	-7.6293945e-06	5.3405762e-05
5	0.019336238	0.019336238	-0.02153889	0.016942435	0.019336238
116	0	PRM N/C total breakage score
7	-1e+09	-61.614998	-29.673941	-23.788788	23.006775	36.068005	44.388424
8	0.08321052	-0.098844172	-0.10866791	-0.13116043	-0.14617366	-0.039959335	0.061040491	0.18791064
120	0	PRM N/C average path score
5	-1e+09	0.44057465	2.6786833	2.9806981	3.3325171
6	0.046653652	0.046653652	-0.043796461	0.026341196	0.035330958	0.046653652
121	0	PRM delta num breakage scores (missing)
5	-1e+09	6	7	9	14
6	0.062382437	0.062382437	0.052285439	-0.010396328	-0.048918011	0.062382437
123	0	PRM num breakage scores
8	-1e+09	1	3	7	8	9	11	13
9	-0.10584228	-0.58775191	-1.3873807	-1.4906808	-1.3042386	-0.57144283	-0.022221196	0.48259308	0.68113103
125	0	PRM breakage score min 2
6	-1e+09	-15.113036	-11.175364	-5.8723211	-0.63902515	1.4693376
7	0	0	0.084420937	0.12594429	0.26444612	0.15048991	0
126	0	PRM breakage score min 3
4	-1e+09	-10.700729	-0.36084577	2.7439446
5	0	0	0.062652028	0.0030810351	0
127	0	PRM breakage score min consecutive 3
4	-1e+09	-39.535465	-9.1647911	6.4761415
5	0.13072996	0.13072996	0.1449321	0	0.13072996
129	0	PRM breakage score min consecutive 2
3	-1e+09	-24.037407	-6.4223371
4	-0.12654919	-0.12654919	0.0054741374	-0.12654919
130	0	PRM breakage score max consecutive 2
4	-1e+09	3.7938871	8.4804373	28.797073
5	0.00058378038	0.00058378038	-0.0013487652	-0.019374472	0.00058378038
133	0	PRM #breakage scores 0 - 8
4	-1e+09	0	3	4
5	0.020200625	-0.046374527	-0.10046031	0.065189858	0.067427085
134	0	PRM #breakage scores 8 - 15
5	-1e+09	0	1	2	3
6	0.032034275	0.032034275	-0.027909311	-0.019686885	-0.015554736	0.032034275
138	0	PRM %breakage scores above 0
5	-1e+09	0.2857143	0.375	0.66666669	0.71428573
6	0	0	-0.25589897	-0.27239476	-0.045141305	0
139	0	PRM %breakage scores above 8
4	-1e+09	0	0.22222222	0.42857143
5	0	0	-0.021933358	-0.11982077	0
140	0	PRM Score connected to N-terminal
3	-1e+09	-3.1220946	6.2789583
4	0	0	-0.023805023	0
141	0	PRM Score connected to C-terminal
8	-1e+09	-0.0873501	0	2.526475	2.6919711	2.8623543	3.1943972	5.0480142
9	0.45759731	0.42718884	0.52380258	0.50783728	0.31681222	0.096613747	0.31360711	0.52380258	0.4971961
142	0	PRM %breakages with 1 frag detected
3	-1e+09	0	0.18181819
4	-0.022426472	-0.022426472	0.018770083	-0.022426472
143	0	PRM %breakages with 2 frag detected
4	-1e+09	0.13333334	0.16666667	0.25
5	0.00083269391	-0.098674595	-0.021432813	0.040400954	0.10040354
144	0	PRM %breakages with > 5 frags detected
2	-1e+09	0.090909094
3	0.00013248701	0.060556276	-0.055123636
145	0	PRM %breakages with dual orientation frags
3	-1e+09	0.33333334	0.60000002
4	0.052912237	0.052912237	-0.054224019	0.052912237
148	0	COMP PPP frag 1 obs_ratio
4	-1e+09	0.11764706	0.23529412	0.40000001
5	0.12074277	0.12074277	-0.083246869	-0.093845088	0.12074277
149	0	COMP PPP frag 2 obs_ratio
5	-1e+09	0.06666667	0.17647059	0.33333334	0.3888889
6	0.047890586	0.047890586	-0.053144246	-0.044293413	-0.0046824731	0.047890586
150	0	COMP PPP frag 3 obs_ratio
3	-1e+09	0.16666667	0.42857143
4	0.042084238	0.042084238	-0.03214926	0.042084238
153	0	COMP PPP PARTMOBILE sum ranks of missed 1-5
3	-1e+09	11	24
4	0	0	-0.17849963	0
155	0	COMP PPP sum ranks of missed 1-5
7	-1e+09	10	11	16	17	28	34
8	0.034652308	-0.16699019	-0.1903101	-0.23441406	-0.2655659	-0.29201263	0.029815148	0.44416484
159	0	COMP PPP sum ranks of missed 6-10
5	-1e+09	47	65	70	97
6	-1.5905662	-1.5905662	-1.5507217	-1.407279	-0.58727478	-0.18328723
160	0	COMP PPP MOBILE sum ranks of missed 11-15
4	-1e+09	60	92	117
5	0.059281303	0.059281303	0	0.03562728	0.059281303
161	0	COMP PPP PARTMOBILE sum ranks of missed 11-15
3	-1e+09	70	85
4	-0.012955042	-0.012955042	0	-0.012955042
163	0	COMP PPP sum ranks of missed 11-15
5	-1e+09	84	90	107	118
6	-0.03723216	-0.045986496	-0.046165819	-0.0075797674	-0.039661971	-0.032082203
164	0	COMB PPP observed rank of predicted rank 1
3	-1e+09	4	7
4	0.016204355	0.055255471	-0.016072366	-0.036566271
165	0	COMB PPP observed rank of predicted rank 2
2	-1e+09	8
3	-0.0053431485	0.037172627	-0.042663869
169	0	COMB PPP observed rank of predicted rank 6
2	-1e+09	9
3	0.0031800829	0.037320927	-0.038661954
171	0	COMB PPP predicted rank of observed rank 1
2	-1e+09	1
3	0.0003537544	0.046663752	-0.047794849
172	0	COMB PPP predicted rank of observed rank 2
2	-1e+09	11
3	0.00033610161	0.0047573069	-0.0031250814
173	0	COMB PPP predicted rank of observed rank 3
4	-1e+09	2	8	19
5	-0.0012521876	0.0081794238	0.0091165038	0.0087570638	-0.0096481815
174	0	COMB PPP predicted rank of observed rank 4
5	-1e+09	7	12	14	41
6	0.023519762	0.023519762	-0.031668366	-0.030769785	-0.024019354	0.023519762
175	0	COMB PPP predicted rank of observed rank 5
3	-1e+09	11	26
4	0.016539328	0.016539328	-0.013365336	0.016539328
176	0	COMB PPP predicted rank of observed rank 6
3	-1e+09	1	21
4	-0.0092910535	-0.0092910535	0.010017912	-0.0092910535
177	0	COMB PPP predicted rank of observed rank 7
4	-1e+09	8	13	43
5	-0.071206669	-0.071206669	0.070834705	0.0097807884	-0.071206669
178	0	COMB PPP rank of missed #1
3	-1e+09	1	2
4	0.053192418	-0.20332526	0.006386615	0.15475952
179	0	COMB PPP rank of missed #3
3	-1e+09	6	7
4	-0.00078435206	-0.025803468	-0.0077530583	0.024784079
180	0	COMB PPP rank of missed #5
4	-1e+09	5	6	11
5	0.14321059	0.14321059	0.0031483069	-0.11663095	0.14321059
186	0	COMB PPP rank of missed #17
2	-1e+09	29
3	-0.0120887	-0.025623604	0
187	0	COMB PPP delta score #1
5	-1e+09	0.1262455	1.1960735	1.8214111	1.9821873
6	-0.2208512	0	-0.079246304	-0.2613607	-0.30888211	-0.41707062
188	0	COMB PPP delta score #2
6	-1e+09	0.67114067	0.82105446	0.96840858	1.1142521	2.3738251
7	-0.10238703	0	-0.036512602	-0.22025418	-0.29150412	-0.38219603	-0.17305218
189	0	COMB PPP delta score #3
9	-1e+09	-0.076057434	0	0.080709457	0.83154869	1.1178398	1.4091759	1.7110863	1.8717823
10	-0.26623077	-0.089073345	-0.051041482	-0.028844942	-0.028482119	0	-0.031401996	-0.1970288	-0.2308023	-0.41592452
190	0	COMB PPP delta score #4
2	-1e+09	0.75170135
3	-0.057009287	0	-0.1011849
191	0	COMB PPP delta score #5
6	-1e+09	-0.28538704	-0.067579269	1.174408	3.3587856	3.8414001
7	0.028085859	0.028085859	0.068801391	0.085571971	-0.055945588	0.022743689	0.028085859
192	0	COMB PPP delta score #6
3	-1e+09	-0.70670319	2.0436764
4	0	0	0.11890058	0
193	0	COMB PPP delta score #7
4	-1e+09	0	1.0274734	1.1901588
5	0.11045661	0.11045661	0.12708267	0	0.11045661
195	0	COMB PPP dot prod obs-pred top 15
3	-1e+09	0.93759984	0.9507215
4	-0.001325241	-0.091221082	-0.047406104	0.085862162
196	0	COMB PPP dot prod pred-obs top 30
7	-1e+09	0.19752006	0.47870743	0.49535668	0.5976907	0.63620681	0.74055785
8	0.12857676	0.12857676	-0.1362494	-0.094682337	-0.091293342	0.041532992	0.063150431	0.12857676
198	0	COMB PPP dot prod pred-obs top 45
2	-1e+09	0.44073099
3	0.0038850232	-0.17382317	0.17354739
199	0	COMB PPP dot prod obs-pred top 45
5	-1e+09	0.15602438	0.49019536	0.51847255	0.56260353
6	0.29059715	0.023811523	-0.065670842	0.039018312	0.2693019	0.29059715
