1 2
6  0.588 0.778 1497.690 0.671 0.784 1597.696 0.710 0.810 1697.745 0.624 0.825 1797.791 0.588 0.846 1897.799 0.519 0.784 1000000000.000
4 0 1 2 8
1 0
1 4
1 13
1 29
1 43
1 59
1 104
1 115
0 147
1 147
0
200
89
4	0	TRYP #num good tryp terminals
3	-1e+09	0	1
4	-1.2207032	-2.0644951	-0.69996821	1.4555772
5	0	TRYP #num missed tryp terminals
2	-1e+09	0
3	0.27747488	0.35315362	-0.245654
11	0	TRYP AA at N-terminal When C-term is K
7	-1e+09	4	6	7	10	14	22
8	-0.014619377	-0.014619377	-0.21698124	-0.23640858	-0.30266473	-0.28804535	-0.30266473	-0.014619377
12	0	TRYP AA at N-terminal When C-term is other
3	-1e+09	6	11
4	0.12764266	0.12764266	0	0.12764266
13	0	ANN PEAK diff from org pm_with_19
8	-1e+09	-2.6102295	-1.0477295	-0.67150879	-0.19287109	-0.10180664	0.29187012	0.88745117
9	-0.15966785	-0.15966785	0.191023	0.17368211	0.025776168	0.012945348	-0.042974089	-0.10388471	-0.15966785
14	0	ANN PEAK # aas in peptide
2	-1e+09	15
3	0.0033039898	-0.083522147	0.085178845
15	0	ANN PEAK %ann intensity
4	-1e+09	0.35849652	0.60793698	0.64802575
5	0.024311288	-0.066207017	-0.13948801	-0.072030251	0.12865817
16	0	ANN PEAK %ann peaks
6	-1e+09	0.16806723	0.26612905	0.28431374	0.29411766	0.36440679
7	0.18838327	0.18838327	-0.15839214	0.060735222	0.078311053	0.1800736	0.18838327
20	0	ANN PEAK #ann in top third - #ann in last third
6	-1e+09	4	8	11	19	21
7	0.046920256	0.046920256	-0.016457671	-0.060795861	-0.043563364	-0.025647036	0.046920256
21	0	ANN PEAK #ann in mid third - #ann in last third
3	-1e+09	3	9
4	0.005944179	0.005944179	-0.0077652503	0.005944179
22	0	ANN PEAK #y annotated
3	-1e+09	5	6
4	-0.010884728	-0.021480962	-0.017239414	0
30	0	INTEN BAL RHK N
3	-1e+09	0	2
4	0.036749773	0.062281782	0.063901002	0
31	0	INTEN BAL RHK C
3	-1e+09	2	4
4	0.12701574	0.13895356	0	0.099112574
41	0	INTEN BAL all prefix prop, pair +2,+3
3	-1e+09	0.090580255	0.23286279
4	0.059795889	0.059795889	0	0.059795889
43	0	PEAK OFF y num frags detected
3	-1e+09	5	6
4	-0.010918393	-0.087484807	0.041087215	0.078335707
45	0	PEAK OFF y avg self offset
3	-1e+09	0.086103439	0.11498032
4	0.037054163	0.037054163	0	0.037054163
48	0	PEAK OFF y grab offset #1
4	-1e+09	0.1159668	0.15869141	0.22900391
5	0.18912659	0.18912659	0	0.023364826	0.18912659
50	0	PEAK OFF y grab offset #3
3	-1e+09	0.13989258	1
4	0.052469352	0.070554546	0	0.015716919
52	0	PEAK OFF b max self offset
4	-1e+09	0.088366389	0.19981658	0.29344451
5	0.012993131	0.012993131	0.016227285	0	0.012993131
53	0	PEAK OFF b avg self offset
3	-1e+09	0.12680654	0.16717529
4	0.010220296	0.010220296	0	0.010220296
65	0	PEP COMP len 3 # cat 1-2
4	-1e+09	0	2	3
5	-0.017882697	-0.017882697	0.022788188	0.013140851	-0.017882697
67	0	PEP COMP avg cat, len 3
3	-1e+09	5.3846154	8.6923075
4	-0.034486184	-0.075817179	0.086993718	-0.010717271
68	0	PEP COMP before cat score 1
3	-1e+09	14	19
4	-0.021783166	-0.021783166	0	-0.021783166
69	0	PEP COMP after cat score 1
2	-1e+09	15
3	-0.0038584058	0	-0.0082341535
71	0	PEP COMP before cat score 2
5	-1e+09	8	10	15	16
6	-0.045315466	-0.045315466	-0.012581407	0	-0.016804586	-0.045315466
72	0	PEP COMP after cat score 2
5	-1e+09	6	12	14	15
6	-0.076718229	-0.020276815	0.028368816	-0.020746217	-0.050078823	-0.12688052
73	0	PEP COMP span cat score 2
5	-1e+09	3	10	15	18
6	-0.071065421	-0.031568643	0.032681117	0.034822195	-0.062834031	-0.10576652
74	0	PEP COMP before cat score 3
3	-1e+09	5	15
4	-0.0016722942	-0.0016722942	0.089090799	-0.0016722942
78	0	PEP COMP after cat score 4
4	-1e+09	-1	7	19
5	0	0	0.034918963	0.12168531	0
79	0	PEP COMP span cat score 4
2	-1e+09	2
3	0.0027251135	0	0.0038385937
80	0	PEP COMP #aa A
3	-1e+09	1	2
4	0.044700526	0.095760446	0.05105992	0.095760446
85	0	PEP COMP #aa Q
1	-1e+09
2	0	-0.089064424
87	0	PEP COMP #aa G
3	-1e+09	1	2
4	0.0016781754	0.012218039	0.010539864	0.012218039
93	0	PEP COMP #aa P
1	-1e+09
2	0	0.069371511
94	0	PEP COMP #aa S
2	-1e+09	1
3	-0.050668292	-0.050668292	0
104	0	PMCSQS sqs prob for peptide charge
3	-1e+09	0.69997853	0.90338039
4	-0.016979032	0.15877882	0.092737219	-0.1924737
105	0	PMCSQS prob for peptide charge
6	-1e+09	0.99922878	0.99946016	0.99987847	0.99995852	0.99999768
7	0.074894079	0.074894079	0.041050773	0.014928336	-0.044866952	-0.072480438	0.074894079
106	0	PMCSQS mass diff from pm1, prob>0.95
6	-1e+09	-0.75512695	-0.20727539	0.091552734	0.18798828	1.1313477
7	-0.44984489	-0.44984489	-0.1806378	-0.11910143	-0.33640737	-0.21730594	-0.44984489
108	0	PMCSQS score1 for peptide charge
3	-1e+09	2.0087531	2.3153965
4	-0.010602487	0.14416061	-0.12112908	-0.15011398
110	0	PMCSQS mass diff from pm2
3	-1e+09	-0.83483887	-0.019287109
4	-0.096881751	-0.1142234	0	-0.082706365
111	0	PMCSQS max  prob for other charges
3	-1e+09	2.2836275e-06	0.00052949146
4	0.038975817	0.038975817	-0.031159685	0.038975817
112	0	PMCSQS score diff from max score with this charge, prob>=0.95
5	-1e+09	4.4796228	6.0946727	6.2097974	6.4426513
6	-0.059351542	-0.059351542	0	-0.017841268	-0.039245097	-0.059351542
116	0	PRM N/C total breakage score
8	-1e+09	-85.50016	-71.297821	19.60154	25.945684	32.816387	40.956898	50.47205
9	-0.02976018	-0.17249903	-0.17508854	-0.19261964	-0.14737871	-0.11389646	0.0053433033	0.14144407	0.26027878
117	0	PRM N/C average breakage score
3	-1e+09	-13.023664	3.859297
4	0	0	-0.023005567	0
120	0	PRM N/C average path score
4	-1e+09	1.6978484	3.2461791	6.2476425
5	0.071291423	0.071291423	0.0055395355	-0.087952714	0.071291423
121	0	PRM delta num breakage scores (missing)
4	-1e+09	3	5	9
5	0.034740224	0.070062867	-0.043005126	-0.069424321	-0.0068979037
123	0	PRM num breakage scores
6	-1e+09	5	7	8	9	10
7	0.086779333	-0.47206993	-0.63829555	-0.43456713	0.20350171	0.83827729	0.94933365
125	0	PRM breakage score min 2
4	-1e+09	-13.116986	-6.4261551	-1.633757
5	0	0	0.004395023	0.065817209	0
126	0	PRM breakage score min 3
3	-1e+09	-16.137661	4.8564811
4	0	0	0.049179291	0
127	0	PRM breakage score min consecutive 3
3	-1e+09	-37.383537	4.9313145
4	0	0	0.059180418	0
130	0	PRM breakage score max consecutive 2
3	-1e+09	9.7668076	19.074936
4	-0.014959572	-0.014959572	0	-0.014959572
133	0	PRM #breakage scores 0 - 8
3	-1e+09	0	2
4	-0.0011660929	-0.14437105	-0.16022005	0.1527022
134	0	PRM #breakage scores 8 - 15
2	-1e+09	2
3	-0.0086979733	-0.026039016	0.021206127
135	0	PRM #breakage scores above 15
4	-1e+09	0	1	2
5	-0.067151315	-0.076942731	0.084671185	-0.00079771431	-0.043229236
137	0	PRM %breakage scores below 0
4	-1e+09	0	0.375	0.42857143
5	0	0	0.10825721	0.10608801	0
140	0	PRM Score connected to N-terminal
3	-1e+09	0.87592745	6.7842374
4	-0.022982777	-0.022982777	0	-0.022982777
141	0	PRM Score connected to C-terminal
8	-1e+09	1.5047666	7.0381002	8.2071714	11.681529	12.667977	14.409086	15.348297
9	-0.14302867	-0.14302867	0	-0.026597848	-0.073051368	-0.11177517	-0.12752512	-0.13942752	-0.14302867
143	0	PRM %breakages with 2 frag detected
4	-1e+09	0.0625	0.083333336	0.22222222
5	0.032857156	0.032857156	0.023790627	-0.044284071	0.032857156
145	0	PRM %breakages with dual orientation frags
2	-1e+09	0.2
3	0.00010782598	-0.005867563	0.0049326221
148	0	COMP PPP frag 1 obs_ratio
2	-1e+09	0.63636363
3	0.021233253	-0.11440188	0.11696595
151	0	COMP PPP num missed peaks
3	-1e+09	20	27
4	-0.0067296072	-0.0067296072	0.0093058352	-0.0067296072
154	0	COMP PPP NONMOBILE sum ranks of missed 1-5
3	-1e+09	26	40
4	-0.0065699485	-0.0065699485	0	-0.0065699485
155	0	COMP PPP sum ranks of missed 1-5
7	-1e+09	10	17	30	40	51	64
8	-1.7634815	-2.0797556	-2.1593032	-2.1929464	-2.1602745	-0.70429073	-0.56622046	0
161	0	COMP PPP PARTMOBILE sum ranks of missed 11-15
3	-1e+09	77	89
4	0.070890044	0.070890044	0	0.070890044
162	0	COMP PPP NONMOBILE sum ranks of missed 11-15
3	-1e+09	84	96
4	-0.046890996	-0.046890996	0	-0.046890996
163	0	COMP PPP sum ranks of missed 11-15
5	-1e+09	71	89	104	116
6	0	0	-0.06306764	-0.055476683	-0.025999808	0
164	0	COMB PPP observed rank of predicted rank 1
4	-1e+09	2	3	4
5	-0.03413401	0.067257682	0.018151812	-0.1290219	-0.14287955
165	0	COMB PPP observed rank of predicted rank 2
3	-1e+09	4	7
4	0.025483192	0.14763683	-0.090084859	-0.090619543
167	0	COMB PPP observed rank of predicted rank 4
3	-1e+09	6	9
4	0.0017776081	0.021578655	-0.0059234871	-0.015363352
170	0	COMB PPP observed rank of predicted rank 7
3	-1e+09	1	10
4	-0.0029412585	-0.0029412585	0.002208603	-0.0029412585
172	0	COMB PPP predicted rank of observed rank 2
4	-1e+09	5	8	35
5	0.041612748	0.041612748	-0.0020890131	-0.035440003	0.041612748
175	0	COMB PPP predicted rank of observed rank 5
3	-1e+09	10	32
4	0.0086142711	0.0086142711	-0.0091129725	0.0086142711
176	0	COMB PPP predicted rank of observed rank 6
4	-1e+09	1	3	4
5	-0.059639037	-0.059639037	0.053696525	0.020999192	-0.059639037
177	0	COMB PPP predicted rank of observed rank 7
5	-1e+09	2	4	19	27
6	-0.030109428	-0.030109428	-0.014704059	0.028219518	0.0067373543	-0.030109428
178	0	COMB PPP rank of missed #1
3	-1e+09	2	3
4	0.054965741	-0.24996628	0.13047653	0.23536161
179	0	COMB PPP rank of missed #3
4	-1e+09	2	3	17
5	0	0	-0.0022837517	-0.029895484	0
182	0	COMB PPP rank of missed #9
4	-1e+09	8	15	22
5	0	0	-0.11974756	-0.10810841	0
183	0	COMB PPP rank of missed #11
4	-1e+09	11	15	20
5	-0.017323317	-0.017323317	-0.050269232	-0.038824749	0
186	0	COMB PPP rank of missed #17
3	-1e+09	22	38
4	-0.0049270565	-0.0049270565	0	-0.0049270565
187	0	COMB PPP delta score #1
4	-1e+09	2.8525739	3.0971556	3.7047396
5	0.21462144	0.40177527	0.29862922	0.11543802	0
188	0	COMB PPP delta score #2
4	-1e+09	-0.91973162	-0.3751359	2.2851651
5	0.024269793	0.04092469	0.20403319	0.23251677	-0.0059850976
189	0	COMB PPP delta score #3
3	-1e+09	0.52177906	1.0937839
4	0.068576984	0.073340205	0	0.057892664
190	0	COMB PPP delta score #4
2	-1e+09	1.3261895
3	0.004991819	0.0094146496	0
191	0	COMB PPP delta score #5
3	-1e+09	-1.2031584	1.47296
4	-0.01992356	-0.01992356	0.21815177	-0.01992356
192	0	COMB PPP delta score #6
5	-1e+09	-0.77865124	-0.48688507	0.53325176	0.87857342
6	0	0	0.018769592	0.03735847	0.031665904	0
193	0	COMB PPP delta score #7
4	-1e+09	-0.52780819	0.93451786	1.7704487
5	-0.040376477	-0.040376477	0	-0.0039952239	-0.040376477
194	0	COMB PPP dot prod pred-obs top 15
4	-1e+09	0.26426435	0.71813995	0.80108935
5	0.10690097	0.09590443	-0.09105877	0.051248842	0.11625145
197	0	COMB PPP dot prod obs-pred top 30
2	-1e+09	0.48598602
3	-0.01410371	-0.06084647	0.071919825
199	0	COMB PPP dot prod obs-pred top 45
2	-1e+09	0.38401482
3	0.0049657143	-0.066736403	0.074594726
