3 0
7  0.265 0.566 1253.638 0.445 0.602 1353.688 0.631 0.550 1453.733 0.872 0.619 1553.739 0.958 0.588 1653.755 1.062 0.601 1753.826 1.161 0.593 1000000000.000
4 0 1 3 5
1 0
1 4
1 13
1 29
1 43
1 59
1 104
1 115
0 147
1 147
0
200
114
4	0	TRYP #num good tryp terminals
2	-1e+09	1
3	-0.39477488	-1.0971449	1.1965234
5	0	TRYP #num missed tryp terminals
3	-1e+09	0	2
4	0.16107907	0.40919583	0.13910721	-0.37905879
10	0	TRYP AA at N-terminal When C-term is R
7	-1e+09	6	9	11	15	17	20
8	0.26239988	0.26239988	0.12749464	0.22163074	0.26239988	0.25228766	0.13490524	0.26239988
12	0	TRYP AA at N-terminal When C-term is other
6	-1e+09	6	7	9	19	20
7	-0.43357173	-0.44833217	-0.073600496	-0.10685878	-0.44833217	-0.38949211	-0.44833217
13	0	ANN PEAK diff from org pm_with_19
9	-1e+09	-2.9664307	-1.8696289	-1.689209	-0.94702148	-0.81787109	-0.60632324	-0.3638916	0.057373047
10	-0.45516451	-0.54340374	0.44195257	0.22755908	0.11380255	0.041694474	-0.010166809	-0.17888369	-0.20863004	-0.32970012
15	0	ANN PEAK %ann intensity
9	-1e+09	0.1062026	0.31913346	0.42295352	0.54235035	0.5763284	0.61202949	0.69078624	0.73446536
10	0.18441018	-0.023075368	-0.3190092	-0.30887103	-0.062384821	-0.043786483	0.16705847	0.18983635	0.33604898	0.45942883
16	0	ANN PEAK %ann peaks
5	-1e+09	0.22093023	0.26966292	0.3493976	0.39473686
6	0.10861629	-0.2959366	-0.20451629	-0.099298504	0.16923706	0.38421229
17	0	ANN PEAK #ann in top 25
3	-1e+09	7	11
4	0.078104368	0.020460665	-0.025435748	0.078104368
18	0	ANN PEAK #ann in top half (up to 50)
6	-1e+09	5	6	16	18	19
7	0.080737034	0.0020968164	-0.077610605	-0.13296091	-0.080535516	0.11709027	0.13321593
20	0	ANN PEAK #ann in top third - #ann in last third
6	-1e+09	2	4	5	8	9
7	0.0050742426	0.0050742426	0.086341169	0.00045072731	-0.093582567	-0.003435406	0.0050742426
21	0	ANN PEAK #ann in mid third - #ann in last third
4	-1e+09	-1	3	7
5	-0.02400314	-0.13057155	-0.096718173	0.1382341	0.072520061
22	0	ANN PEAK #y annotated
4	-1e+09	3	5	6
5	0.1224517	0.1224517	-0.099904112	-0.035922154	0.1224517
24	0	ANN PEAK #b-H2O annotated
2	-1e+09	2
3	-0.0056422588	-0.030563637	0.027594664
25	0	ANN PEAK #y2 annotated
4	-1e+09	0	5	6
5	0.047073422	-0.037451092	-0.14087565	-0.016023241	0.14143192
27	0	ANN PEAK #b2 annotated
3	-1e+09	2	5
4	0.028843163	0.095458223	-0.097261864	-0.071401114
28	0	ANN PEAK #a annotated
2	-1e+09	0
3	-0.1099379	-0.1099379	0.076324589
29	0	INTEN BAL c_idx - n_idx
6	-1e+09	5	6	7	12	13
7	-0.1109432	-0.1109432	0.097161285	0.12086425	0.12851466	0.032250617	-0.1109432
30	0	INTEN BAL RHK N
3	-1e+09	1	3
4	0.041934124	0.041934124	-0.021232035	0.041934124
31	0	INTEN BAL RHK C
4	-1e+09	0	3	4
5	-0.025826998	-0.025826998	0.045035519	-0.020362274	-0.025826998
36	0	INTEN BAL prefix prop, pair +2,+3
4	-1e+09	0.2161884	0.35721859	0.56695181
5	0.15634028	0.15634028	0.027492788	0	0.15634028
37	0	INTEN BAL prefix prop, pair +4,+5
3	-1e+09	0.19352296	0.88809872
4	0	0	-0.05896403	0
42	0	INTEN BAL all prefix prop, pair +4,+5
4	-1e+09	0.21639532	0.2487708	0.80952722
5	0	0	-0.075935098	-0.12328172	0
43	0	PEAK OFF y num frags detected
3	-1e+09	3	6
4	0.055406982	0.055406982	-0.051127326	0.055406982
44	0	PEAK OFF y max self offset
5	-1e+09	0.091564178	0.16913986	0.19298172	0.36491776
6	0	0	0.23842258	0.12895316	0.056051464	0
45	0	PEAK OFF y avg self offset
3	-1e+09	0.040149689	0.14240392
4	0	0	0.1362923	0
46	0	PEAK OFF y max consecutive offset
4	-1e+09	0.25482178	0.38916016	0.5067749
5	0.1451769	0.1451769	0	0.13337709	0.1451769
47	0	PEAK OFF y avg consecutive offset
3	-1e+09	0.15562184	0.24540493
4	0.086822117	0.086822117	0	0.086822117
50	0	PEAK OFF y grab offset #3
6	-1e+09	0	0.021179199	2	3	4
7	0.067246341	0.010999758	0.1080712	0.24514736	0.13576012	0.14675988	0.13411003
51	0	PEAK OFF b num frags detected
6	-1e+09	0.094678044	0.11690032	0.20836151	2	4
7	0.096762875	0.096762875	0.070914933	0	0.060706265	0.082699481	0.096762875
52	0	PEAK OFF b max self offset
5	-1e+09	0.044555664	0.15057464	0.1619519	0.21763885
6	0	0	0.23626036	0.16507817	0.031031105	0
53	0	PEAK OFF b avg self offset
3	-1e+09	0.033961177	0.12888336
4	0	0	0.14391491	0
55	0	PEAK OFF b avg consecutive offset
3	-1e+09	0.24981689	0.35986328
4	0.0089193744	0.0089193744	0	0.0089193744
59	0	PEP COMP start cat N (len 3)
3	-1e+09	8	15
4	0.023315847	0.023315847	-0.023252923	0.023315847
60	0	PEP COMP end cat C (len 3)
6	-1e+09	1	2	12	14	16
7	-0.1149986	-0.1149986	-0.065455068	0.14398408	0.088298966	-0.04740474	-0.1149986
61	0	PEP COMP len 3 # cat 19-20
3	-1e+09	0	1
4	0.056133042	0.056133042	-0.069694154	0.056133042
62	0	PEP COMP len 3 # cat 15-18
3	-1e+09	0	1
4	-0.0038913038	-0.0038913038	0.0067742253	-0.0038913038
63	0	PEP COMP len 3 # cat 7-14
2	-1e+09	2
3	-0.010667907	-0.057765961	0.051457647
65	0	PEP COMP len 3 # cat 1-2
2	-1e+09	3
3	-0.0085164073	0.029589062	-0.049591301
67	0	PEP COMP avg cat, len 3
7	-1e+09	2.8181818	3.9285715	5.125	6.7058825	8.3999996	9.4666662
8	-0.059487332	-0.059487332	-0.051371428	-0.0032993171	-0.078457509	0.10781151	-0.0080655794	-0.059487332
68	0	PEP COMP before cat score 1
3	-1e+09	-1	17
4	0.021373362	0.021373362	-0.0046466686	0.021373362
69	0	PEP COMP after cat score 1
4	-1e+09	-1	8	19
5	-0.0042160543	-0.0042160543	0.00021558191	0.053827832	-0.0042160543
71	0	PEP COMP before cat score 2
4	-1e+09	-1	14	19
5	-0.074962779	-0.074962779	0.10900779	0.042535228	-0.074962779
72	0	PEP COMP after cat score 2
4	-1e+09	-1	14	19
5	-0.090027596	-0.07447205	0.0030926106	0.026883911	-0.10080563
73	0	PEP COMP span cat score 2
2	-1e+09	17
3	-0.010525494	0.026786084	-0.039804871
74	0	PEP COMP before cat score 3
4	-1e+09	-1	15	17
5	0	0	0.08972456	0.11525512	0
76	0	PEP COMP span cat score 3
3	-1e+09	9	16
4	0.025041407	0.025041407	0	0.025041407
77	0	PEP COMP before cat score 4
2	-1e+09	16
3	0.11149915	0	0.2424537
78	0	PEP COMP after cat score 4
4	-1e+09	13	15	17
5	0	0	0.062594999	0.070062132	0
82	0	PEP COMP #aa N
1	-1e+09
2	0	0.17104413
87	0	PEP COMP #aa G
2	-1e+09	1
3	0.10282914	0.22026621	0.39008302
88	0	PEP COMP #aa H
1	-1e+09
2	0	0.36530683
97	0	PEP COMP #aa Y
1	-1e+09
2	0	0.15477813
98	0	PEP COMP #aa V
2	-1e+09	2
3	0.001803856	0.0035965338	0
99	0	PEP COMP #problematic double combos
2	-1e+09	2
3	0.05768206	0.084257286	0
104	0	PMCSQS sqs prob for peptide charge
7	-1e+09	0.20934577	0.69760519	0.82201356	0.85019189	0.94262695	0.95372367
8	0.0053704884	0.29547472	0.088572271	0.087016833	0.014201266	-0.11781137	-0.21601519	-0.28281056
106	0	PMCSQS mass diff from pm1, prob>0.95
11	-1e+09	-0.69384766	-0.29248047	-0.098144531	0.026489258	0.20324707	0.3494873	0.7355957	0.89160156	0.98522949	2.0618896
12	-1.1653685	-1.1653685	-0.65172391	-0.50107341	-0.33121548	-0.43658485	-0.31859711	-0.25276042	-0.25950493	-0.13237338	-0.1978996	-1.1653685
108	0	PMCSQS score1 for peptide charge
10	-1e+09	3.416723	3.64116	3.8073463	3.9596732	4.1015468	4.2304153	4.3528457	4.8821468	5.0833282
11	1.4833737e-05	0.99339245	0.98704063	0.75943538	0.73624514	0.66464768	0.53217397	0.16792731	-0.61972164	-0.65067643	-1.0369247
109	0	PMCSQS score2 for peptide charge
5	-1e+09	3.2337103	3.3924932	3.5218542	4.2947183
6	-0.23918724	0	-0.38735292	-0.46504267	-0.5140058	-0.47498186
114	0	PMCSQS score diff from max score with this charge, prob<0.7
6	-1e+09	6.1652241	6.4803715	7.3210993	7.570385	7.9585624
7	0.42538321	0.42538321	0.25158951	0.17505755	0.15261316	0	0.42538321
115	0	PRM N/C delta mass
4	-1e+09	-4.5776367e-05	7.6293945e-06	2.2888184e-05
5	-0.041963719	-0.041963719	0.036715097	-0.018717496	-0.041963719
116	0	PRM N/C total breakage score
5	-1e+09	-8.1002827	33.06815	48.449001	57.974941
6	0.21212912	0	0.082208417	0.31528252	0.47203121	0.52117144
117	0	PRM N/C average breakage score
6	-1e+09	-6.2363696	-1.5751588	-0.85279042	1.3501781	4.3034596
7	0.16102567	0.16102567	0	0.05505506	0.091199681	0.12002846	0.16102567
119	0	PRM N/C path score
4	-1e+09	36.354637	84.844078	95.720322
5	0.091620728	0.091620728	-0.092897708	-0.038934934	0.091620728
120	0	PRM N/C average path score
3	-1e+09	0.22100134	2.4838243
4	-0.0099706635	-0.0099706635	0.0092910165	-0.0099706635
121	0	PRM delta num breakage scores (missing)
5	-1e+09	4	6	7	9
6	0.19256881	0.19256881	-0.01779356	-0.078633232	-0.18586877	0.19256881
123	0	PRM num breakage scores
7	-1e+09	2	4	6	7	8	9
8	0.12299147	-0.48697025	-0.50903305	-0.62539053	-0.33450661	0.17829004	0.58032746	1.1544941
124	0	PRM breakage score min 1
3	-1e+09	-14.99617	-1.5653875
4	-0.0060674283	-0.024586736	0.14784089	0.011540444
125	0	PRM breakage score min 2
5	-1e+09	-14.015044	-3.5561113	-2.1105917	4.2249913
6	-0.029846457	-0.029846457	0.073558037	-0.022051467	-0.022902745	-0.029846457
126	0	PRM breakage score min 3
5	-1e+09	-6.3083038	-2.6998932	5.531848	6.7544088
6	-0.019107878	-0.019107878	0.069859095	0.18064488	0.1132999	-0.019107878
128	0	PRM breakage score max consecutive 3
4	-1e+09	11.095996	25.107365	43.093605
5	-0.015119885	-0.015119885	0.11101009	-0.033652715	-0.015119885
129	0	PRM breakage score min consecutive 2
3	-1e+09	-6.3731613	0.17289042
4	0.032142707	0.025528271	0	0.036774443
132	0	PRM #breakage scores 0 - -10
3	-1e+09	0	1
4	-0.004604128	-0.004604128	0.0063861454	-0.004604128
133	0	PRM #breakage scores 0 - 8
3	-1e+09	2	3
4	-0.011966952	-0.11709548	0.046663788	0.10033694
136	0	PRM %breakage scores below -10
4	-1e+09	0.11111111	0.16666667	0.25
5	0.049146252	0.049146252	-0.016694001	-0.010307713	0.049146252
138	0	PRM %breakage scores above 0
3	-1e+09	0.25	0.66666669
4	0.1078011	0.1078011	-0.019414211	0.1078011
139	0	PRM %breakage scores above 8
4	-1e+09	0	0.33333334	0.375
5	-0.018456519	-0.018456519	0.0046056979	0.0035622421	-0.018456519
140	0	PRM Score connected to N-terminal
7	-1e+09	-9.2580175	-3.892436	0.97777903	1.8491896	2.6109295	3.3298779
8	0.27288924	0.16755499	0.15618128	0	0.2018355	0.3173302	0.35665693	0.40447083
141	0	PRM Score connected to C-terminal
6	-1e+09	-2.3229005	4.2201138	4.735816	5.3161116	8.9615011
7	0.2496495	0.2496495	0.35858817	0.027792016	0	0.24726033	0.2496495
142	0	PRM %breakages with 1 frag detected
5	-1e+09	0.090909094	0.1	0.22222222	0.33333334
6	0.027729045	0.027729045	-0.020790929	-0.051722498	0.055588835	0.027729045
143	0	PRM %breakages with 2 frag detected
6	-1e+09	0	0.1	0.14285715	0.23076925	0.33333334
7	-0.096291448	-0.096291448	-0.079015937	-0.017663333	0.086557665	-0.057831289	-0.096291448
144	0	PRM %breakages with > 5 frags detected
2	-1e+09	0.083333336
3	0.0012896461	0.0050386334	-0.0061666476
148	0	COMP PPP frag 1 obs_ratio
6	-1e+09	0.07692308	0.13333334	0.21428572	0.40000001	0.46666667
7	0.10518829	0.10518829	0.075210861	-0.072797462	-0.12289641	-0.10633109	0.10518829
149	0	COMP PPP frag 2 obs_ratio
7	-1e+09	0	0.071428575	0.23076923	0.41666666	0.44444445	0.5
8	0.1330482	0.11464966	0.06814315	-0.029108143	-0.13995299	-0.099837048	-0.086214987	0.15170984
150	0	COMP PPP frag 3 obs_ratio
3	-1e+09	0.13333334	0.18181819
4	0.037297406	-0.0050211978	-0.070014835	0.078120262
153	0	COMP PPP PARTMOBILE sum ranks of missed 1-5
4	-1e+09	13	39	49
5	0.17934954	0.17934954	-0.33613957	-0.0028188104	0.17934954
155	0	COMP PPP sum ranks of missed 1-5
3	-1e+09	33	50
4	0.017882692	-0.050454158	1.1384225	1.4362173
160	0	COMP PPP MOBILE sum ranks of missed 11-15
3	-1e+09	72	95
4	0.035012971	0.035012971	-0.012686768	0.035012971
163	0	COMP PPP sum ranks of missed 11-15
5	-1e+09	72	86	103	114
6	0	0	-0.095162371	-0.27747426	-0.20526911	0
164	0	COMB PPP observed rank of predicted rank 1
4	-1e+09	2	4	6
5	0.019686979	0.12293948	0.065650561	-0.013654919	-0.094929731
165	0	COMB PPP observed rank of predicted rank 2
3	-1e+09	0	4
4	-0.030799595	-0.030799595	0.03426871	-0.030799595
166	0	COMB PPP observed rank of predicted rank 3
2	-1e+09	6
3	-0.0032029982	0.078165741	-0.078599354
170	0	COMB PPP observed rank of predicted rank 7
4	-1e+09	0	4	12
5	-0.074704604	-0.074704604	0.080402247	0.02551253	-0.074704604
171	0	COMB PPP predicted rank of observed rank 1
4	-1e+09	3	10	14
5	0.026140441	0.30242332	-0.020984876	-0.058090436	-0.27772157
172	0	COMB PPP predicted rank of observed rank 2
5	-1e+09	2	7	8	10
6	0.01235245	0.093593268	0.020288187	0.0051295453	-0.020814565	-0.087774155
173	0	COMB PPP predicted rank of observed rank 3
5	-1e+09	0	6	11	15
6	-0.015657921	-0.015657921	0.075989354	-0.076371337	-0.047562516	-0.015657921
175	0	COMB PPP predicted rank of observed rank 5
6	-1e+09	9	10	13	21	27
7	0.1189048	0.1651615	-0.06421847	-0.11345566	-0.1542367	-0.05982541	0.077564182
176	0	COMB PPP predicted rank of observed rank 6
4	-1e+09	11	15	28
5	0.13565769	0.13565769	-0.01274207	-0.13104113	0.13565769
178	0	COMB PPP rank of missed #1
4	-1e+09	1	2	4
5	0.035375685	-0.2630287	0.063908253	0.19201506	0.27419845
180	0	COMB PPP rank of missed #5
3	-1e+09	7	15
4	0.18582686	0.18582686	-0.16237892	0.1870877
182	0	COMB PPP rank of missed #9
6	-1e+09	8	10	11	13	16
7	-0.04315383	-0.14515976	-0.22248398	-0.45944936	-0.46493191	-0.065981494	0
183	0	COMB PPP rank of missed #11
4	-1e+09	18	19	21
5	-0.34707193	-0.45543358	-0.26065097	-0.12875341	0
186	0	COMB PPP rank of missed #17
2	-1e+09	27
3	0	-0.21449151	0
187	0	COMB PPP delta score #1
6	-1e+09	1.2255783	1.4041405	1.9506493	2.5097389	2.7139835
7	0.10816211	0.26446332	0.26867424	0.17813318	0.079559346	0.012094868	0
188	0	COMB PPP delta score #2
6	-1e+09	0.24125671	0.57123947	0.73020744	0.88385773	1.9835815
7	-0.22872546	0	-0.054648939	-0.059250565	-0.097808715	-0.18238468	-0.50307599
189	0	COMB PPP delta score #3
3	-1e+09	-0.18948364	1.1910229
4	0	0	0.027171104	0
190	0	COMB PPP delta score #4
3	-1e+09	-0.71094894	2.5570202
4	0	0	0.33470587	0
191	0	COMB PPP delta score #5
4	-1e+09	-0.19361305	0.47327423	2.868906
5	0.13906294	0.22208174	0.16037884	0.28242408	0.0617029
192	0	COMB PPP delta score #6
5	-1e+09	0.44439507	1.5314522	2.1330242	2.3671494
6	0.084591421	0.087487126	0.099724987	0	0.077990889	0.078972609
193	0	COMB PPP delta score #7
5	-1e+09	-0.98011398	0	1.0557327	3.431982
6	0.028114948	0.028114948	0.12114325	0.21665544	0	0.028114948
194	0	COMB PPP dot prod pred-obs top 15
7	-1e+09	0	0.28540552	0.30674455	0.62603104	0.68862051	0.73094374
8	0.053887181	0.020303124	0.013190352	-0.05338026	-0.14539583	-0.069272225	0.065242001	0.16805832
195	0	COMB PPP dot prod obs-pred top 15
3	-1e+09	0.58855158	0.97693694
4	0.01427172	-0.059088356	-0.083095853	0.079752467
196	0	COMB PPP dot prod pred-obs top 30
3	-1e+09	0.33264622	0.6157344
4	0.081078139	0.045704361	-0.096920751	0.12350582
198	0	COMB PPP dot prod pred-obs top 45
3	-1e+09	0.31771705	0.42188036
4	0.045541464	-0.033351598	-0.11867899	0.11981432
199	0	COMB PPP dot prod obs-pred top 45
2	-1e+09	0.50181901
3	0	-0.04682614	0
