3 1
2  3.444 0.704 2148.980 3.562 0.773 1000000000.000
4 0 1 3 5
1 0
1 4
1 13
1 29
1 43
1 59
1 104
1 115
0 147
1 147
0
200
127
4	0	TRYP #num good tryp terminals
2	-1e+09	1
3	-0.61059952	-0.61059952	0.63293553
5	0	TRYP #num missed tryp terminals
4	-1e+09	0	1	2
5	0.17350952	0.28146774	0.10203161	-0.23893185	-0.19990615
10	0	TRYP AA at N-terminal When C-term is R
3	-1e+09	5	11
4	0.00038622247	0.00038622247	0	0.00038622247
13	0	ANN PEAK diff from org pm_with_19
7	-1e+09	-2.9692383	-2.3195801	-1.7145996	-1.185791	-0.95117188	-0.83154297
8	-0.44358006	-0.92140468	0.84283458	0.65333811	0.6324644	0.6010091	0.44720264	0.12890118
14	0	ANN PEAK # aas in peptide
3	-1e+09	17	20
4	-0.0076080326	-0.0076080326	0.0056858017	-0.0076080326
15	0	ANN PEAK %ann intensity
7	-1e+09	0.1561151	0.29109725	0.38290936	0.5389058	0.56981879	0.69250482
8	0.12756881	0.12756881	-0.040632486	-0.055689501	-0.14750826	-0.11886283	-0.047453149	0.12756881
16	0	ANN PEAK %ann peaks
10	-1e+09	0.20338982	0.22680412	0.234375	0.26666668	0.30841121	0.32380953	0.34285715	0.36842105	0.40196079
11	0.11107318	-0.26805719	-0.31916001	-0.42094629	-0.5170872	-0.27215316	-0.17429055	-0.0001936344	0.0596784	0.37184705	0.51449242
17	0	ANN PEAK #ann in top 25
4	-1e+09	6	7	13
5	0.03532722	0.03532722	-0.0023357619	-0.038475577	0.03532722
18	0	ANN PEAK #ann in top half (up to 50)
4	-1e+09	12	14	16
5	0.050820891	0.050820891	0.00031224907	-0.053648318	0.050820891
19	0	ANN PEAK #ann in top third - #ann in mid third
5	-1e+09	-1	1	3	5
6	-0.035196767	-0.0066597368	0.079265305	0.087177277	0.094895275	-0.0784177
20	0	ANN PEAK #ann in top third - #ann in last third
4	-1e+09	1	6	10
5	0.073684665	0.073684665	-0.07145405	-0.024378385	0.073684665
21	0	ANN PEAK #ann in mid third - #ann in last third
6	-1e+09	-1	1	2	4	7
7	0.071928077	0.071928077	-0.053791341	-0.069709513	-0.0066786053	0.051738998	0.071928077
22	0	ANN PEAK #y annotated
3	-1e+09	2	6
4	0.012227056	0.012227056	-0.0052486695	0.012227056
23	0	ANN PEAK #b annotated
3	-1e+09	2	3
4	-0.012190874	-0.07965851	-0.07223996	0.074689249
25	0	ANN PEAK #y2 annotated
7	-1e+09	0	1	3	5	6	7
8	0.17611374	-0.11800508	-0.18145573	-0.37392952	-0.44226914	-0.41637197	0.064293147	0.46058459
27	0	ANN PEAK #b2 annotated
3	-1e+09	2	4
4	-0.050881289	-0.050881289	0.042722296	-0.050881289
28	0	ANN PEAK #a annotated
2	-1e+09	0
3	-0.027549337	-0.027549337	0.031331669
29	0	INTEN BAL c_idx - n_idx
3	-1e+09	12	13
4	8.478943e-05	-0.037408948	-0.02940111	0.038245622
30	0	INTEN BAL RHK N
3	-1e+09	0	4
4	0	0	0.15128717	0
32	0	INTEN BAL RHK pair
3	-1e+09	2	4
4	0	0	0.019425097	0
42	0	INTEN BAL all prefix prop, pair +4,+5
3	-1e+09	0.28069884	0.80038327
4	0.087206922	0.087206922	-0.027860425	0.087206922
43	0	PEAK OFF y num frags detected
3	-1e+09	2	6
4	0.021384319	0.021384319	-0.012546607	0.021384319
44	0	PEAK OFF y max self offset
8	-1e+09	0.1321907	0.15949631	0.185009	0.21100998	0.22410965	0.38182449	0.41002274
9	0.17718436	0.17718436	0.16364205	0.071177124	-0.11048506	-0.1285197	-0.13996451	-0.0106757	0.17718436
45	0	PEAK OFF y avg self offset
7	-1e+09	0.036907196	0.050792694	0.095453471	0.108181	0.144104	0.18376541
8	-0.023379906	0.007143837	0.016030025	0.052959274	0.046885693	-0.10157106	-0.035375159	-0.066214158
46	0	PEAK OFF y max consecutive offset
4	-1e+09	0.2409668	0.30334473	0.42181396
5	0.058619096	0.058619096	0.007311586	0	0.058619096
47	0	PEAK OFF y avg consecutive offset
3	-1e+09	0.1545105	0.24758148
4	0.026923177	0.026923177	0	0.026923177
48	0	PEAK OFF y grab offset #1
3	-1e+09	0.049499512	0.13598633
4	0.0038146614	0.0038146614	0	0.0038146614
49	0	PEAK OFF y grab offset #2
3	-1e+09	0.076782227	0.22583008
4	0	0	0.007449855	0
51	0	PEAK OFF b num frags detected
4	-1e+09	0.29429901	0.44212615	2
5	0.10030362	0.10030362	0	0.02211424	0.10030362
52	0	PEAK OFF b max self offset
8	-1e+09	0.12453949	0.15513885	0.18974578	0.21750778	0.25145233	0.29322541	0.40172088
9	0.029161018	0.011868713	0.10500346	0.15554418	0.14367547	0.14616199	0.15554418	0.10376787	0.035723516
53	0	PEAK OFF b avg self offset
3	-1e+09	0.19035339	0.21953094
4	0.0063378361	0.0063378361	0	0.0063378361
54	0	PEAK OFF b max consecutive offset
5	-1e+09	0.088684082	0.12957153	0.23739624	0.28770447
6	0.14648132	0.11261135	0.096462412	0.16660664	0.070144226	0.17878356
59	0	PEP COMP start cat N (len 3)
5	-1e+09	2	3	8	18
6	-0.15510195	-0.15510195	-0.019685136	0.15719549	-0.0073258298	-0.15510195
60	0	PEP COMP end cat C (len 3)
3	-1e+09	4	10
4	0.010100624	0.010100624	-0.014493553	0.010100624
62	0	PEP COMP len 3 # cat 15-18
2	-1e+09	1
3	-0.0083288703	-0.061722631	0.084380335
63	0	PEP COMP len 3 # cat 7-14
4	-1e+09	3	4	5
5	0.030250678	-0.0052957918	-0.095502882	-0.043343957	0.090240826
64	0	PEP COMP len 3 # cat 3-6
4	-1e+09	0	1	4
5	0.011206716	0.011206716	0.07535287	-0.070644244	0.011206716
65	0	PEP COMP len 3 # cat 1-2
4	-1e+09	2	3	4
5	0.06129415	0.21647002	0.20507833	0.047251044	-0.1757856
66	0	PEP COMP min cat, len 3
2	-1e+09	1
3	-0.011655054	-0.014536311	0.013110505
67	0	PEP COMP avg cat, len 3
3	-1e+09	3.25	6
4	0.0070214514	0.0070214514	-0.0061096282	0.0070214514
68	0	PEP COMP before cat score 1
4	-1e+09	-1	18	19
5	-0.032258058	-0.032258058	0.0011992138	-0.0060581634	-0.032258058
69	0	PEP COMP after cat score 1
3	-1e+09	8	17
4	-0.055466495	0	-0.01234621	-0.11287751
70	0	PEP COMP span cat score 1
5	-1e+09	1	8	17	19
6	-0.18145517	-0.12139447	0.003539714	-0.10129011	-0.40289063	-0.2290618
72	0	PEP COMP after cat score 2
4	-1e+09	12	14	18
5	0.074909278	0.13614819	0.066523792	0.047473209	0
73	0	PEP COMP span cat score 2
4	-1e+09	5	16	19
5	0	0	0.01232758	0.025237332	0
74	0	PEP COMP before cat score 3
4	-1e+09	2	12	18
5	0.056933381	0	0.24944769	0.18313395	0.13032776
75	0	PEP COMP after cat score 3
4	-1e+09	8	10	19
5	0.0035324041	0.0079377004	0.018657004	0.085101308	0
76	0	PEP COMP span cat score 3
3	-1e+09	2	12
4	0	0	0.013731672	0
77	0	PEP COMP before cat score 4
4	-1e+09	-1	8	14
5	0	0	-0.0066304621	-0.080429984	0
78	0	PEP COMP after cat score 4
4	-1e+09	14	16	18
5	-0.04981957	0.043510861	0.031497442	0.021457496	-0.15297559
79	0	PEP COMP span cat score 4
3	-1e+09	2	19
4	-0.05919842	-0.12682977	0.068245043	0.048665348
80	0	PEP COMP #aa A
3	-1e+09	1	2
4	0.44782538	0.12540275	0.59345041	0.87965863
83	0	PEP COMP #aa D
2	-1e+09	1
3	0.33889299	0.49797094	1.1945561
84	0	PEP COMP #aa C
1	-1e+09
2	0	-0.75995095
86	0	PEP COMP #aa E
3	-1e+09	1	2
4	0.12847054	0	0.25127012	0.29265298
87	0	PEP COMP #aa G
3	-1e+09	1	2
4	0.015694037	0.015694037	0	0.015694037
88	0	PEP COMP #aa H
2	-1e+09	2
3	0.030335405	0.11645572	0.070253594
89	0	PEP COMP #aa L
3	-1e+09	1	2
4	-0.030338577	-0.0066791975	0	-0.051110036
90	0	PEP COMP #aa K
2	-1e+09	1
3	-0.0016778055	-0.024976579	-0.028883959
92	0	PEP COMP #aa F
2	-1e+09	1
3	-0.11039259	0	-0.31980413
94	0	PEP COMP #aa S
3	-1e+09	1	2
4	-0.13489167	0	-0.25371243	-0.33647067
95	0	PEP COMP #aa T
3	-1e+09	1	2
4	0.0071239864	0.0071239864	0	0.0071239864
96	0	PEP COMP #aa W
1	-1e+09
2	0	-0.11942287
98	0	PEP COMP #aa V
2	-1e+09	1
3	0.035769208	0.27475261	0.36278051
104	0	PMCSQS sqs prob for peptide charge
6	-1e+09	0.20502242	0.32712698	0.6661424	0.7485171	0.90360785
7	-0.063808129	0.28618533	0.2853759	0.09502958	-0.13374233	-0.26379901	-0.34479953
105	0	PMCSQS prob for peptide charge
3	-1e+09	0.74179637	0.99912518
4	0.013850388	0.013850388	-0.019169498	0.013850388
106	0	PMCSQS mass diff from pm1, prob>0.95
6	-1e+09	-0.33740234	-0.15722656	0.60742188	0.76904297	1.1408691
7	-0.2011456	-0.2011456	-0.17164198	0.032103885	0.025880529	-0.011866567	-0.2011456
107	0	PMCSQS mass diff from pm1, prob<=0.95
3	-1e+09	0.016601562	1.1291504
4	-0.05504318	-0.05504318	0.054418537	-0.05504318
108	0	PMCSQS score1 for peptide charge
9	-1e+09	3.8568442	4.149219	4.2539611	4.3531265	4.4340906	4.8861675	5.1152768	5.1947641
10	0.060965796	0.58828546	0.42954612	0.31014044	-0.009885681	-0.18827612	-0.33380229	-0.3548607	-0.43448181	-0.49362808
109	0	PMCSQS score2 for peptide charge
6	-1e+09	3.6556854	3.8247356	4.0079007	4.1107864	4.2069626
7	-0.36077043	0	-0.50622773	-0.52964463	-0.5677769	-0.6232374	-0.75848791
110	0	PMCSQS mass diff from pm2
7	-1e+09	-2.5507812	-0.31860352	-0.064697266	0.63427734	0.76489258	1.3710938
8	0	0	-0.2409806	-0.18155823	-0.16566685	-0.053732951	-0.031555528	0
111	0	PMCSQS max  prob for other charges
3	-1e+09	0.00086647272	0.41407007
4	0.07073294	0.07073294	-0.056819364	0.07073294
112	0	PMCSQS score diff from max score with this charge, prob>=0.95
2	-1e+09	6.4811239
3	-0.011362472	0	-0.032831875
115	0	PRM N/C delta mass
4	-1e+09	-7.6293945e-05	-1.5258789e-05	6.8664551e-05
5	0.16934735	0.16934735	-0.15666653	0.032788775	0.16934735
116	0	PRM N/C total breakage score
8	-1e+09	-70.316376	-11.778094	11.638312	32.879818	39.767166	47.281284	67.80188
9	-0.10306586	-0.15651135	-0.1777777	-0.22909345	-0.18370984	-0.012045506	0.06608765	0.17169929	0.17383406
121	0	PRM delta num breakage scores (missing)
5	-1e+09	7	10	11	13
6	0.099608885	0.099608885	-0.11127924	-0.023168589	0.052943308	0.099608885
123	0	PRM num breakage scores
8	-1e+09	3	4	7	8	9	10	12
9	0.20792768	-0.80012953	-0.92766678	-0.92983945	-0.69861149	-0.40048557	-0.050550569	0.6175374	0.68464133
124	0	PRM breakage score min 1
4	-1e+09	-26.581429	-13.571186	-6.178441
5	-0.17890893	-0.17890893	0	-0.23055959	-0.17890893
125	0	PRM breakage score min 2
6	-1e+09	-15.135867	-11.468451	-7.7288437	-5.9346762	2.3282852
7	-0.14407102	-0.14407102	0.045180339	0.097514748	0.098685275	0.106776	-0.14407102
126	0	PRM breakage score min 3
6	-1e+09	-12.502973	-6.9293551	-4.9633126	1.1516978	4.9040637
7	-0.0013626415	-0.0013626415	0.035387079	0.041703458	0.14713899	0.15934368	-0.0013626415
128	0	PRM breakage score max consecutive 3
4	-1e+09	-6.0822768	15.341025	33.391315
5	0.0027652905	0.0027652905	-0.19432582	0.010831628	0.0027652905
129	0	PRM breakage score min consecutive 2
5	-1e+09	-4.7673016	-3.2767673	-1.7696166	4.377604
6	-0.081794143	-0.081794143	-0.050352727	0.020438749	0.087071014	-0.081794143
130	0	PRM breakage score max consecutive 2
3	-1e+09	3.8049741	36.967621
4	0.06170774	0.06170774	-0.011678765	0.06170774
133	0	PRM #breakage scores 0 - 8
4	-1e+09	2	4	5
5	0.0038155748	-0.15993985	-0.13685792	0.060305809	0.16635685
134	0	PRM #breakage scores 8 - 15
3	-1e+09	0	1
4	0.025445462	0.025445462	-0.026088226	0.025445462
138	0	PRM %breakage scores above 0
5	-1e+09	0.25	0.35714287	0.5	0.77777779
6	0	0	-0.022670442	-0.066872531	-0.096248932	0
140	0	PRM Score connected to N-terminal
6	-1e+09	-25.433325	-6.8494911	-1.2557803	-0.28054512	3.2693877
7	0.13303629	0.027502762	0.0069598232	0.21893902	0.24073099	0.23377117	0.26639816
142	0	PRM %breakages with 1 frag detected
4	-1e+09	0.071428575	0.25	0.30000001
5	0.04869881	0.023545378	-0.071748605	-0.025332422	0.074371347
143	0	PRM %breakages with 2 frag detected
7	-1e+09	0.0625	0.1	0.125	0.16666667	0.25	0.26666668
8	0.10208584	0.077996188	-0.13173373	-0.097698364	-0.0050130612	0.06409137	0.11033715	0.12288479
144	0	PRM %breakages with > 5 frags detected
2	-1e+09	0.071428575
3	0.011370436	0.091091449	-0.095684547
145	0	PRM %breakages with dual orientation frags
5	-1e+09	0.2	0.40000001	0.44444445	0.60000002
6	-0.034468172	-0.034468172	0.011796297	0.027828919	0.030033212	-0.034468172
148	0	COMP PPP frag 1 obs_ratio
5	-1e+09	0.0625	0.06666667	0.23529412	0.40000001
6	0.01784576	0.01784576	0.054026792	0.16159016	-0.12828409	0.01784576
149	0	COMP PPP frag 2 obs_ratio
5	-1e+09	0.16666667	0.17647059	0.21428572	0.23529412
6	-0.027036796	-0.029252104	0.025060456	0.034462849	-0.0053818003	-0.025190362
150	0	COMP PPP frag 3 obs_ratio
6	-1e+09	0.14285715	0.17647059	0.25	0.27777779	0.4375
7	0.075674075	0.14377651	0.061688785	-0.031084039	-0.12006524	-0.149925	0.002533233
153	0	COMP PPP PARTMOBILE sum ranks of missed 1-5
4	-1e+09	12	18	37
5	0.23737908	0.23737908	0.041477263	-0.01657918	0.23737908
155	0	COMP PPP sum ranks of missed 1-5
6	-1e+09	11	12	30	36	46
7	0.23028951	-0.11320372	-0.12147117	-0.58393835	-0.37630694	-0.19581127	0.38586082
157	0	COMP PPP PARTMOBILE sum ranks of missed 6-10
4	-1e+09	52	57	84
5	0.046016664	0.046016664	0.03940708	-0.087483814	0.046016664
159	0	COMP PPP sum ranks of missed 6-10
3	-1e+09	62	74
4	-0.094861812	-1.3995173	-1.3046554	-0.094861812
160	0	COMP PPP MOBILE sum ranks of missed 11-15
3	-1e+09	65	91
4	0.25260921	0.25260921	0	0.25260921
163	0	COMP PPP sum ranks of missed 11-15
5	-1e+09	65	74	80	94
6	0	0	-0.037872382	-0.04453814	-0.078765733	0
164	0	COMB PPP observed rank of predicted rank 1
2	-1e+09	4
3	-0.011536376	0.04800861	-0.048341715
165	0	COMB PPP observed rank of predicted rank 2
4	-1e+09	0	8	13
5	-0.14156329	-0.14156329	0.13891817	-0.072808469	-0.14156329
167	0	COMB PPP observed rank of predicted rank 4
3	-1e+09	2	8
4	-0.056387435	-0.056387435	0.060583398	-0.056387435
169	0	COMB PPP observed rank of predicted rank 6
3	-1e+09	0	13
4	-0.003597621	0.0098120421	0.018580572	-0.016861507
172	0	COMB PPP predicted rank of observed rank 2
6	-1e+09	0	3	11	21	32
7	-0.026461443	-0.026461443	0.0087517151	0.068339407	0.011264213	-0.068850947	-0.026461443
173	0	COMB PPP predicted rank of observed rank 3
3	-1e+09	27	33
4	0.018326249	0.018326249	-0.01610371	0.018326249
174	0	COMB PPP predicted rank of observed rank 4
3	-1e+09	4	14
4	0.011322947	0.011322947	-0.0077114862	0.011322947
175	0	COMB PPP predicted rank of observed rank 5
4	-1e+09	1	17	25
5	-0.033146444	-0.033146444	0.040500499	0.028055553	-0.033146444
176	0	COMB PPP predicted rank of observed rank 6
7	-1e+09	1	2	8	19	29	38
8	-0.12346955	-0.12346955	-0.11829631	0.10263136	0.076429188	-0.095177764	-0.10443996	-0.12346955
177	0	COMB PPP predicted rank of observed rank 7
3	-1e+09	8	13
4	-8.6100479e-05	0.015047357	0.025441064	-0.020263007
178	0	COMB PPP rank of missed #1
4	-1e+09	1	2	3
5	0.049607903	-0.17123911	0.036878257	0.29172966	0.31305048
180	0	COMB PPP rank of missed #5
3	-1e+09	4	14
4	0.00647249	0.00647249	-0.0087905089	0.00647249
184	0	COMB PPP rank of missed #13
7	-1e+09	13	15	18	23	25	28
8	0	0	-0.10950469	-0.36046714	-0.35458059	-0.17898422	-0.022511945	0
185	0	COMB PPP rank of missed #15
3	-1e+09	15	27
4	0	0	-0.056881997	0
186	0	COMB PPP rank of missed #17
3	-1e+09	20	33
4	0	0	-0.049351784	0
187	0	COMB PPP delta score #1
6	-1e+09	1.126297	1.4426804	1.7585258	2.0721779	2.234087
7	0.20345252	0.47791639	0.335851	0.29920865	0.23570602	0.1219576	0
188	0	COMB PPP delta score #2
6	-1e+09	-0.22762108	1.3208275	1.4641685	1.6108341	2.8605289
7	-0.094698955	-0.045658051	0.046209829	-0.10867521	-0.11923627	-0.12879726	-0.17500709
189	0	COMB PPP delta score #3
6	-1e+09	-0.45080185	0.17658424	0.75218582	1.6069107	1.9155979
7	-0.16652245	-0.1231211	-0.065922895	0.013187369	0.012108348	-0.17107578	-0.23310866
190	0	COMB PPP delta score #4
7	-1e+09	0.10792351	0.25847054	0.54264832	0.68029594	2.9067631	3.2958679
8	-0.095403791	0	-0.043539008	-0.15931636	-0.20617258	-0.28297384	-0.20051083	-0.19548538
191	0	COMB PPP delta score #5
8	-1e+09	-0.12732697	0.22116852	1.0547142	1.1989784	1.6433849	1.8058243	3.3624039
9	-0.27111749	-0.034827481	0.064353382	0.038720545	-0.080153087	-0.18711199	-0.38705519	-0.48671003	-0.46977336
192	0	COMB PPP delta score #6
7	-1e+09	-0.78525734	-0.43397903	-0.0081443787	0.87635994	1.4639931	1.9825439
8	-0.0067971508	-0.0067971508	0.096202501	0.10687396	0.24554257	0.14047317	0.025913989	-0.0067971508
193	0	COMB PPP delta score #7
7	-1e+09	-0.85777092	0.74632263	1.512888	1.689867	2.0766106	3.2326794
8	0.087731711	0.19100044	0.30903825	0.26546814	0.23484532	0.10797177	0.017403223	0
194	0	COMB PPP dot prod pred-obs top 15
6	-1e+09	0.1848948	0.42039242	0.54887062	0.66474676	0.70483708
7	0.072224526	0.072224526	0.052505674	-0.06546621	-0.011030033	0.053017674	0.072224526
195	0	COMB PPP dot prod obs-pred top 15
2	-1e+09	0.96611601
3	-0.0050397008	-0.040930516	0.048064432
196	0	COMB PPP dot prod pred-obs top 30
4	-1e+09	0.27257034	0.45213345	0.64820653
5	0.047748912	0.022520518	-0.092586384	-0.051079314	0.064027588
197	0	COMB PPP dot prod obs-pred top 30
4	-1e+09	0.27758113	0.64864498	0.67885768
5	0.26326917	0.047321102	-0.031028993	0.016292109	0.26326917
198	0	COMB PPP dot prod pred-obs top 45
6	-1e+09	0.33469522	0.37578809	0.42981672	0.47271222	0.56079489
7	0.011009552	0.011009552	0.065654005	-0.039596168	-0.065174605	-0.045582522	0.011009552
