3 2
1  0.000 1.000 1000000000.000
4 0 1 3 5
1 0
1 4
1 13
0 29
1 29
1 45
0 90
1 90
0 156
1 156
0
209
129
5	0	TRYP #num missed tryp terminals
2	-1e+09	0
3	0.19883308	0.19883308	-0.19097405
7	0	TRYP #frags at digest when C-term is R
2	-1e+09	0
3	0.011187021	0	0.054162906
8	0	TRYP #frags at digest when C-term is K
5	-1e+09	0	1	3	5
6	0	0	-0.073027618	-0.077483274	-0.029290963	0
9	0	TRYP #frags at digest when C-term is other
4	-1e+09	1	3	4
5	-0.079076614	0.0031968519	-0.068370986	-0.14458664	-0.18951743
12	0	TRYP AA at N-terminal When C-term is other
6	-1e+09	4	10	14	18	21
7	-0.05331705	-0.05331705	-0.060784448	-0.0074673978	-0.17470637	-0.12344704	-0.05331705
13	0	ANN PEAK diff from org pm_with_19
22	-1e+09	-3.0036621	-2.6960449	-2.5036621	-2.1962891	-2.0036621	-1.9960938	-1.7963867	-1.7961426	-1.6962891	-1.4963379	-1.3962402	-1.1962891	-1.0964355	-0.89624023	-0.88891602	-0.59643555	-0.49609375	-0.38891602	-0.19628906	0.0036621094	0.71118164
23	-0.39833197	-0.13934038	0.3332735	0.42133315	0.44641059	0.43887461	0.52358776	0.52669905	0.44917616	0.4329087	0.32218091	0.29947779	0.28875976	0.22440219	0.20203989	-0.035171739	-0.038294252	-0.084888506	-0.13695263	-0.21047157	-0.34761761	-0.40533685	-0.61952039
15	0	ANN PEAK %ann intensity
25	-1e+09	0.014330651	0.030314697	0.037450921	0.064820208	0.082641281	0.093880311	0.099277176	0.11510138	0.12029344	0.13071509	0.13589866	0.15199286	0.16319361	0.16903619	0.17519762	0.18123165	0.20026071	0.20723958	0.22187303	0.26704335	0.27798107	0.28997555	0.30352929	0.35970241
26	-0.057058762	0.11976952	0.15158506	0.20041275	0.20193486	0.10168177	0.006511622	0.095964115	0.11142962	-0.007589339	-0.049610985	-0.048099459	-0.040315985	-0.05421385	-0.1205553	-0.13278336	-0.1389117	-0.16414026	-0.086658554	-0.15914698	-0.14657527	-0.16515158	-0.15427846	-0.14495621	-0.14662509	-0.1998679
16	0	ANN PEAK %ann peaks
19	-1e+09	0.023255814	0.030303031	0.043795619	0.054545455	0.069444448	0.071999997	0.080645159	0.084615387	0.086614177	0.10135135	0.10687023	0.11278196	0.11486486	0.11940298	0.12408759	0.12698413	0.14615385	0.15178572
20	0.19238525	0.19238525	0.13443725	0.081598911	0.048470015	-0.033106536	-0.09168098	-0.10846568	-0.027703009	-0.016963433	-0.04955793	-0.13376862	-0.063319205	-0.037509217	-0.051587736	-0.027929513	0.0049348612	0.067011913	0.12271295	0.19238525
17	0	ANN PEAK #ann in top 25
9	-1e+09	0	1	2	3	4	7	8	9
10	0.11892794	0.11892794	-0.090795475	-0.12825486	-0.14491064	-0.11570381	0.0020197485	0.012677018	0.047889212	0.11892794
18	0	ANN PEAK #ann in top half (up to 50)
11	-1e+09	5	8	9	10	11	12	13	15	16	17
12	-0.043137982	-0.25279897	-0.20242163	-0.1486529	-0.15502096	-0.016651206	0.018802819	0.058840655	0.095662766	0.10384602	0.14458153	0.25242661
19	0	ANN PEAK #ann in top third - #ann in mid third
9	-1e+09	-2	1	2	4	5	6	7	9
10	0.049120693	0.07612893	-0.021376705	-0.07261803	-0.050104968	-0.06499299	-0.073210648	-0.040410047	-0.016092208	0.0069173241
20	0	ANN PEAK #ann in top third - #ann in last third
7	-1e+09	0	3	4	6	8	11
8	-0.015628764	-0.015628764	-0.014054909	-0.0013206798	0.022815871	-0.017522122	-0.025841178	-0.015628764
21	0	ANN PEAK #ann in mid third - #ann in last third
6	-1e+09	-2	0	1	3	7
7	0.07042933	0.054630075	-0.0092610697	-8.9984338e-05	-0.029071444	-0.023706348	0.080199259
24	0	ANN PEAK #b-H2O annotated
2	-1e+09	1
3	0.035245092	0.039087507	-0.01665731
25	0	ANN PEAK #y2 annotated
4	-1e+09	0	1	3
5	0.15575432	0.15575432	0.038846203	-0.11408094	0.15575432
26	0	ANN PEAK #y-H2O annotated
3	-1e+09	0	1
4	0.034614441	0.034614441	-0.035606296	0.034614441
27	0	ANN PEAK #b2 annotated
3	-1e+09	0	3
4	0.043328521	0.043328521	-0.046423122	0.043328521
30	0	PEAK OFF y max self offset
19	-1e+09	0.018726349	0.032939911	0.044078827	0.0716362	0.11506271	0.12897873	0.14307785	0.16490555	0.17255783	0.18761063	0.2039299	0.21226883	0.22950363	0.23863602	0.31126022	0.33494949	0.4268074	0.4767952
20	-0.21960644	-0.21813109	-0.19745525	0.090334835	0.17377558	0.3543323	0.3813106	0.409284	0.37054096	0.3690656	0.40618959	0.38597743	0.38400848	0.3716554	0.37009907	0.17977748	0.15383406	0.10182215	-0.085289504	-0.21960644
31	0	PEAK OFF y avg self offset
16	-1e+09	0.016189575	0.03345871	0.045450211	0.06962204	0.088434219	0.098148346	0.10326576	0.10835394	0.11359787	0.16020584	0.18875758	0.20495605	0.27723822	0.3560473	0.4249382
17	0.067469343	-0.023145205	0.0066482679	-0.13758647	-0.19323451	-0.30829728	-0.33446314	-0.3888799	-0.40615405	-0.4558869	-0.47664986	-0.39145658	-0.36962912	-0.32363801	-0.29057544	-0.030550491	0.1531391
37	0	PEAK OFF b num frags detected
12	-1e+09	0	0.018323064	0.044690251	0.131091	0.30491912	0.31968963	0.40025604	0.43409455	0.48131073	2	3
13	-0.14561587	-0.14561587	-0.14410873	-0.1425847	-0.10291191	0.011635	-0.031644461	-0.12190228	-0.067114348	0.019460714	0.030973381	-0.057090792	-0.14561587
38	0	PEAK OFF b max self offset
12	-1e+09	0.023380637	0.035901189	0.092175603	0.098132014	0.12181365	0.1277951	0.1768924	0.23682266	0.26491058	0.322034	0.45704377
13	0.0583886	0.0583886	0.12752159	0.20085972	0.092788723	-0.050200816	-0.038699665	0.03433186	0.018153711	0.052923594	-0.0065889332	-0.011247543	0.0583886
39	0	PEAK OFF b avg self offset
8	-1e+09	0.023938298	0.042190552	0.048919678	0.099133611	0.19397461	0.22066009	0.41063669
9	0.049414665	0.021908417	0.012678435	-0.054872448	-0.10116082	-0.096680077	0.095900061	0.10043126	0.073797188
45	0	PEP COMP start cat N (len 3)
3	-1e+09	6	8
4	-0.0036172929	-0.029820698	0.0041454861	0.012234128
46	0	PEP COMP end cat C (len 3)
4	-1e+09	4	5	13
5	-0.19996979	-0.35242538	-0.26262452	-0.022756839	0.069437696
54	0	PEP COMP before cat score 1
9	-1e+09	3	7	10	12	15	16	17	18
10	-0.027176576	-0.084908939	0.085989703	-0.037247149	-0.087168018	0.059865604	0.0011341671	-0.021462738	0.058372343	0.021048126
55	0	PEP COMP after cat score 1
10	-1e+09	2	7	8	11	14	15	17	18	19
11	-0.089031412	-0.089031412	0.028240495	-0.00015011377	-0.039787251	0.0014005076	-0.0095498871	0.082605273	-0.031367981	-0.0087137919	-0.089031412
56	0	PEP COMP span cat score 1
11	-1e+09	1	2	4	7	12	13	14	17	18	19
12	0.020313454	-0.007639011	0.063258284	0.089555372	-0.083881898	-0.049443632	-0.045983822	-0.013084421	-0.011497724	-0.073574671	0.010790606	0.052681377
57	0	PEP COMP before cat score 2
12	-1e+09	7	8	9	12	13	14	15	16	17	18	19
13	-0.0073243668	-0.0073243668	-0.02233031	-0.096492704	-0.086888041	-0.19931257	-0.15628176	-0.1721429	0.014207412	0.01888002	-0.037955102	0.0060611604	-0.0073243668
58	0	PEP COMP after cat score 2
9	-1e+09	5	11	12	13	14	15	18	19
10	0.018211413	0.018211413	0.085726536	0.110663	-0.11957039	0.01911543	0.037566263	0.10528073	0.07333316	0.018211413
59	0	PEP COMP span cat score 2
10	-1e+09	1	4	9	10	11	12	13	15	19
11	-0.12497953	-0.094854496	0.024083773	-0.041079484	-0.069774641	-0.11655016	-0.14851922	-0.15061501	-0.17696523	-0.15863427	-0.15394099
66	0	PEP COMP #aa A
1	-1e+09
2	0	0.0048263119
68	0	PEP COMP #aa N
2	-1e+09	1
3	-0.014511988	-0.016304959	0
69	0	PEP COMP #aa D
1	-1e+09
2	0	0.043920113
71	0	PEP COMP #aa Q
2	-1e+09	1
3	-0.065913398	-0.40494061	-0.52774592
72	0	PEP COMP #aa E
1	-1e+09
2	0	-0.1385461
73	0	PEP COMP #aa G
1	-1e+09
2	0	0.25219786
74	0	PEP COMP #aa H
2	-1e+09	1
3	0.0062136519	0.15717719	0.15096353
75	0	PEP COMP #aa L
2	-1e+09	1
3	0	0	-0.034133423
76	0	PEP COMP #aa K
2	-1e+09	1
3	0	0	-0.089232817
77	0	PEP COMP #aa M
1	-1e+09
2	0	0.14837952
78	0	PEP COMP #aa F
2	-1e+09	1
3	-0.057263859	-0.26291494	-0.38375447
79	0	PEP COMP #aa P
2	-1e+09	1
3	0.10399168	0.5027057	0.73171727
82	0	PEP COMP #aa W
1	-1e+09
2	0	-0.1543964
84	0	PEP COMP #aa V
2	-1e+09	1
3	0.033942578	0.033942578	0
96	0	PRM N/-C delta mass
7	-1e+09	-0.67697906	-0.60684967	-0.52003479	-0.42256165	-0.20610809	0.7041626
8	-0.17423177	-0.17423177	-0.12593599	-0.044374323	0.080077738	0.23128444	0.39926585	-0.17423177
97	0	PRM N/-C total breakage score
3	-1e+09	-0.68723285	32.545902
4	0	0	-0.013929175	0
99	0	PRM N/-C normalized average breakage score
3	-1e+09	-0.11453881	5.4243169
4	0	0	-0.019316071	0
100	0	PRM N/-C path score
3	-1e+09	33.272091	38.341644
4	-0.022007945	0	-0.042491421	-0.052801893
101	0	PRM N/-C average path score
3	-1e+09	5.5453486	6.390274
4	-0.015379716	0.0014939072	-0.028836228	-0.037481798
102	0	PRM -N/C delta mass
15	-1e+09	-0.79873657	-0.63356781	-0.43036652	-0.25639343	-0.1083374	-0.047523499	-0.0050201416	0.048316956	0.11136627	0.19989014	0.34765625	0.51094055	0.66151428	0.82240295
16	-1.2337457	-1.2337457	-0.9589279	-0.25625252	0.45197752	0.60758125	0.63132604	0.7895079	0.93470669	0.96696001	0.9700112	0.67304399	0.29651451	-0.31460372	-1.0605651	-1.2337457
103	0	PRM -N/C total breakage score
3	-1e+09	2.5298452	4.8316789
4	-0.010008606	-0.077627944	0.041009432	0.10493417
104	0	PRM -N/C average breakage score
5	-1e+09	-1.8495362	-0.55357409	1.5345103	3.1273394
6	-0.080883317	-0.10524332	-0.086786121	-0.061238333	0.025131419	-0.033054582
105	0	PRM -N/C normalized average breakage score
3	-1e+09	0.42164087	0.80527979
4	0.033735261	-0.014935396	0.058998516	0.06590807
106	0	PRM -N/C path score
10	-1e+09	34.148037	34.728439	40.217323	47.852062	48.651295	50.342392	53.536148	54.754288	60.163837
11	-0.1283309	-0.30330601	-0.25684675	-0.2301629	-0.1865812	-0.16340392	-0.15602239	-0.12947721	-0.066578748	0.013784119	0.09346042
107	0	PRM -N/C average path score
11	-1e+09	5.6913395	5.7880731	6.155684	6.7028871	7.9753437	8.1085491	8.390399	8.9226913	9.1257143	10.027307
12	-0.077118803	-0.19681756	-0.16998399	-0.16239123	-0.15972087	-0.11783809	-0.090618633	-0.073163742	-0.056305001	-0.050830303	-0.0050254939	0.064574347
108	0	PRM -N/-C delta mass
20	-1e+09	-1.0579758	-0.88712311	-0.74914551	-0.64613342	-0.56924438	-0.51059723	-0.34225464	-0.28369904	-0.21466064	-0.19565582	-0.17711639	-0.12781525	-0.03818512	0.0082244873	0.12294769	0.26470184	0.3934021	0.61177826	0.72018433
21	-0.68965993	-0.68965993	-0.53963803	-0.28800843	-0.096353215	-0.033444006	0.051785424	-0.070512722	-0.069023605	0.041834347	0.035170783	0.093512532	0.092023415	0.16353909	0.12940921	0.12350955	-0.057404433	-0.10885558	-0.083362573	-0.099927515	-0.68965993
109	0	PRM -N/-C total breakage score
8	-1e+09	-8.5303555	3.0611544	5.6391549	17.957989	22.084785	28.562523	38.019669
9	-0.016375482	-0.016375482	0.0088593494	-0.022354738	0.030527785	-0.0083302787	-0.014962136	-0.028320159	-0.016375482
110	0	PRM -N/-C average breakage score
8	-1e+09	-1.774074	1.4324203	2.1844826	3.973983	6.2862897	6.5493913	7.1222167
9	-0.013880994	-0.013880994	0.0086125134	0.066080261	-0.0048117628	0.016826025	0.018375058	0.036283536	-0.013880994
111	0	PRM -N/-C normalized average breakage score
9	-1e+09	-1.4217259	0.51019239	0.93985915	2.9929981	3.6807976	4.385076	4.7604203	6.3366113
10	-0.015575922	-0.015575922	0.051672402	0.012468944	0.067298038	0.012783932	0.00053941425	0.0035503512	-0.023600211	-0.015575922
112	0	PRM -N/-C path score
8	-1e+09	26.371777	34.286724	40.726486	46.316547	47.542488	55.811432	64.837776
9	0.0391529	0.0391529	-0.0064474402	-0.024289082	0.023103115	0.029550555	0.026403027	0.021311259	0.0391529
113	0	PRM -N/-C average path score
8	-1e+09	4.3952961	5.7144542	6.7877479	7.7194247	7.923748	9.3019056	10.806296
9	0.016580905	0.016580905	-0.011185538	-0.030982386	0.007257313	0.013386208	0.0055506458	-0.0032159429	0.016580905
114	0	PRM path score
14	-1e+09	-22.88084	-5.7237654	-1.1694517	3.8253074	4.937602	10.141757	15.843706	20.625986	21.631485	24.811563	28.181913	37.282909	42.138908
15	0.038592944	0.038592944	0.018344736	-0.0087102546	-0.060538497	-0.12950653	-0.093237732	-0.029914754	-0.0085614331	0.09844994	0.045694711	0.057673623	0.010889483	0.046716632	0.038592944
115	0	PRM total breakage score
22	-1e+09	23.461052	25.76042	27.334314	30.568394	31.391739	32.872757	33.562866	34.223408	37.219963	38.895634	39.435986	40.516136	42.137825	44.384346	46.823254	48.151405	55.085426	56.326641	57.743946	59.410576	64.222137
23	0.25479654	0.25479654	0.07272606	0.0025990261	-0.0070445012	-0.055740252	-0.011882388	-0.052648003	-0.094440891	-0.192721	-0.13018474	-0.14479814	-0.2101839	-0.18053697	-0.2452534	-0.23878658	-0.11872267	-0.10849507	-0.084998879	-0.0093804954	0.032595997	0.13782811	0.25479654
116	0	PRM SeqPath rank
10	-1e+09	0	1	2	5	9	15	27	29	59
11	0.073754689	0.9343716	0.68834225	0.50019879	0.48067764	0.22050767	0.16433357	0.16733102	0.24338414	0.10951125	0.10154411
117	0	PRM multipath score
18	-1e+09	30.130295	33.033752	38.21376	39.532082	40.789906	41.41087	42.588852	47.08316	49.391724	51.19722	52.515537	53.878933	57.087608	59.00621	64.514297	66.53614	69.235992
19	0.0087521852	0.0087521852	0.025118035	0.062336425	0.057606349	-0.0053575625	0.072800724	0.071295005	0.046257612	0.0065673069	-0.040316547	-0.043078157	-0.051538555	-0.08837798	-0.07003899	-0.057524768	-0.066775348	-0.042945985	0.0087521852
118	0	PRM delta score
22	-1e+09	0	0.78357697	2.2470627	3.332943	5.0641365	5.8157997	6.5176163	8.3544235	9.4484482	10.455055	10.94281	11.864239	13.201458	14.886604	17.44099	18.344994	19.751953	20.790062	23.240948	23.997353	29.748051
23	0.061167783	0.34507852	0.34550972	0.35300558	0.35000242	0.14638999	0.081424925	0.075213805	-0.026999973	-0.034977059	-0.067008677	-0.10048263	-0.22729068	-0.19006271	-0.26442397	-0.25678916	-0.24623263	-0.23458821	-0.29369131	-0.48199687	-0.52652578	-0.53733065	-0.46788281
119	0	PRM rank, delta score<=1.5
3	-1e+09	0	1
4	0.051533176	0.15098447	0.099451296	0
120	0	PRM rank, 1.5<delta score<=7.5
6	-1e+09	3	5	9	13	17
7	0.061173784	0.05874312	0.0069086323	0.061173784	0.054265151	0.057973326	0.061173784
121	0	PRM rank, 7.5<delta score<=15
5	-1e+09	3	25	33	47
6	0	0	-0.037205888	-0.030409683	-0.022746856	0
122	0	PRM rank, delta score>15
10	-1e+09	8	10	17	27	29	40	48	67	73
11	-0.3222996	-0.3222996	-0.16877916	-0.30489266	-0.36363378	-0.18492451	-0.30121282	-0.35370367	-0.34608229	-0.32836937	-0.3222996
128	0	PRM tag, rank if in top 20-all
20	-1e+09	0	1	2	5	7	8	10	13	14	17	21	25	28	30	35	47	56	61	81
21	0.37797619	0.41605018	0.39820876	0.35698743	0.42295515	0.38433147	0.30939325	0.32372434	0.41594007	0.33134886	0.36108719	0.35180825	0.42067909	0.32660552	0.33625019	0.38064192	0.46822866	0.41338	0.39457744	0.35459367	0.33183455
133	0	PRM breakage score min 1
15	-1e+09	-21.623125	-19.107229	-18.104284	-16.216007	-15.396859	-13.955624	-8.5279379	-5.315989	-3.6872733	0	0.38219252	0.77346647	1.2853369	3.2368755
16	0.059684907	0.030766345	0.044917482	-0.053763703	-0.10565631	-0.13087575	-0.069984872	-0.068479586	0.019947393	-0.053150905	0.0079685587	0.042708581	0.058002458	0.087291531	0.10072519	0.08806416
134	0	PRM breakage score min 2
17	-1e+09	-6.4521856	-4.0826378	-3.6460137	-2.8583312	-1.8061996	-0.58349466	0.45343176	1.7553883	2.0406477	2.3083143	2.863739	3.768322	5.2553797	7.2272911	8.7187891	9.7374229
18	0.19408129	0.19408129	0.12636493	0.055144383	0.048764464	0.13523389	0.10399794	0.20395524	0.23038912	0.25500853	0.22564808	0.21964855	0.20332425	0.18873125	0.21337978	0.21185224	0.24621248	0.19408129
135	0	PRM breakage score min 3
13	-1e+09	-8.8216143	-6.3825045	-1.3920122	0.83949316	1.6741554	3.2041111	3.4471812	4.6670742	6.15099	6.6886511	7.2625437	7.8989487
14	-0.032997686	-0.032997686	-0.097030345	-0.11223467	-0.24086347	-0.22529027	-0.18360649	-0.17507039	-0.12672159	-0.16607246	-0.10168097	-0.094275492	-0.088084371	-0.032997686
136	0	PRM breakage score min consecutive 3
15	-1e+09	-16.457821	-10.194907	-8.945343	-6.6260619	-2.7042511	2.4433675	3.2782946	6.4143515	7.952909	11.062828	13.610308	17.427168	19.614143	25.937031
16	0.20114263	0.23065263	0.18221412	0.16918528	0.15825295	0.18187563	0.076531757	0.089600531	0.10391447	0.074405341	0.095098624	0.087363006	0.096939684	0.2084532	0.14561126	0.17984479
137	0	PRM breakage score max consecutive 3
17	-1e+09	-14.551975	-4.097321	-2.1455197	-0.42703617	2.4227853	3.6665504	7.8173437	15.983089	16.716351	20.294941	21.757675	23.262896	24.794798	31.116344	34.91684	36.505516
18	0.19487812	0.19487812	0.16908916	0.30807871	0.34538472	0.42118256	0.2614209	0.22598484	0.23379232	0.19004307	0.18676669	0.12671995	0.16400114	0.21344631	0.26368291	0.14890462	0.15505963	0.19487812
138	0	PRM breakage score min consecutive 2
16	-1e+09	-32.143547	-22.169865	-18.707779	-14.825358	-9.3063145	-6.3662415	-5.0263033	-3.7222748	-2.4463129	-0.018341064	3.5136776	4.1314106	4.7512217	6.0668664	9.181592
17	-0.080512465	-0.080512465	-0.04753078	0.053244824	0.038784133	0.040303939	0.023287694	-0.055032899	0.083802964	0.015732258	-0.010227251	-0.014312942	-0.06755308	-0.074761617	-0.11971503	-0.08879405	-0.080512465
139	0	PRM breakage score max consecutive 2
18	-1e+09	2.2667413	3.5778017	5.7008538	6.5972695	8.1750278	9.5742311	12.568498	13.104283	13.647168	14.724783	16.684265	18.117054	19.591122	20.623276	21.686981	26.1698	30.031797
19	-0.06658819	-0.06658819	0.082694098	0.10989362	0.11624858	0.003914872	-0.011010081	0.013572332	0.091412113	0.092934422	0.1084884	0.042152137	0.054961181	0.014258697	0.010452686	-0.087368421	-0.11956762	-0.061894086	-0.06658819
141	0	PRM #breakage scores 0 - -10
3	-1e+09	0	1
4	-0.052927572	-0.052927572	0.048308132	-0.052927572
142	0	PRM #breakage scores 0 - 8
3	-1e+09	0	1
4	-0.0026320231	-0.0026320231	0.010462623	-0.0026320231
143	0	PRM #breakage scores 8 - 15
4	-1e+09	0	1	2
5	-0.015848366	-0.015848366	-0.0073618794	0.025388403	-0.015848366
144	0	PRM #breakage scores above 15
3	-1e+09	0	1
4	-0.034041863	-0.034041863	0.041126071	-0.034041863
146	0	PRM %breakage scores below 0
6	-1e+09	0	0.25	0.33333334	0.40000001	0.75
7	-0.0049040359	-0.0049040359	-0.0083861727	0.016572546	-0.0045710822	-0.0064403608	-0.0049040359
147	0	PRM %breakage scores above 0
7	-1e+09	0.2	0.25	0.5	0.60000002	0.66666669	0.80000001
8	0.024452354	0.024452354	0.021308502	0.029164813	0.039437457	0.047515551	-0.032219987	0.024452354
148	0	PRM %breakage scores above 8
4	-1e+09	0	0.40000001	0.75
5	-0.017353537	-0.017353537	0.016584565	-0.014401321	-0.017353537
149	0	PRM Score connected to N-terminal
5	-1e+09	2.9277158	5.452672	7.3987079	8.8024349
6	0.26983072	-0.0064919047	0.047102323	0.28644411	0.45335185	0.52625159
150	0	PRM Score connected to C-terminal
7	-1e+09	0	0.25911066	2.6382258	2.7528024	3.2424393	6.4732342
8	-0.22708654	-0.32930705	-0.12426388	-0.11176714	-0.086570432	-0.011014872	0.053868645	-0.059050001
151	0	PRM %breakages with 1 frag detected
3	-1e+09	0	0.25
4	-0.016013648	0.093791366	-0.081482437	-0.14408205
152	0	PRM %breakages with 2 frag detected
4	-1e+09	0.2	0.40000001	0.5
5	-0.00025020276	-0.014338339	-0.041300652	0.020821094	0.017845083
153	0	PRM %breakages with > 5 frags detected
4	-1e+09	0	0.25	0.40000001
5	0.096537949	0.19219815	-0.0048676329	-0.095612579	-0.14707578
154	0	PRM %breakages with dual orientation frags
6	-1e+09	0.25	0.5	0.60000002	0.75	0.80000001
7	0.044811389	-0.066989252	-0.057584833	-0.11439925	-0.078524104	-0.015365351	0.15267993
155	0	PRM #orientation switches
2	-1e+09	1
3	0.0080491426	0.026232017	-0.012789816
157	0	COMP PPP frag 1 obs_ratio
4	-1e+09	0.2	0.60000002	0.66666669
5	0.11911925	0.087041033	-0.097059291	-0.036536534	0.14048664
158	0	COMP PPP frag 2 obs_ratio
6	-1e+09	0	0.2	0.5	0.60000002	0.80000001
7	-0.011643901	-0.095009406	-0.1342293	-0.16597977	-0.23360631	-0.0007854644	0.073650331
159	0	COMP PPP frag 3 obs_ratio
5	-1e+09	0.2	0.25	0.5	0.75
6	-0.025524093	-0.048840612	-0.085859948	-0.15599199	-0.090760345	0
161	0	COMP PPP MOBILE sum ranks of missed 1-5
9	-1e+09	21	22	26	28	34	37	40	47
10	0.043539992	0.078374794	-0.051230055	0.10763785	0.15846932	0.17939211	0.15173043	0.10915986	0.084927298	0.001454036
164	0	COMP PPP sum ranks of missed 1-5
8	-1e+09	17	21	28	33	36	38	43
9	0.043930779	0.0075713762	-0.033481425	-0.072720844	-0.053543864	-0.017184462	0.03462806	0.043930779	0.087698775
165	0	COMP PPP MOBILE sum ranks of missed 6-10
3	-1e+09	50	75
4	-0.014259467	-0.014259467	0.046656031	-0.014259467
169	0	COMP PPP MOBILE sum ranks of missed 11-15
6	-1e+09	75	85	95	105	110
7	0.026445536	0.046929984	0.095657711	-0.031089801	-0.024270437	-0.01767508	0.0066113687
173	0	COMB PPP observed rank of predicted rank 1
6	-1e+09	0	1	2	3	7
7	-0.058362588	0.10455896	0.098942273	-0.015623279	-0.12502095	-0.13739685	-0.13500992
174	0	COMB PPP observed rank of predicted rank 2
7	-1e+09	0	1	2	4	5	7
8	-0.0034951749	-0.0034951749	0.0054001794	-0.018331261	-0.050337649	-0.056177587	-0.059233003	-0.049220617
176	0	COMB PPP observed rank of predicted rank 4
4	-1e+09	3	4	5
5	0.0019025171	0.0019025171	-0.0054080781	-0.0018897063	0.0019025171
177	0	COMB PPP observed rank of predicted rank 5
6	-1e+09	1	4	5	6	8
7	0.0013017348	0.025359727	0.078057127	0.065985754	0.039141069	0.020245484	-0.019071467
178	0	COMB PPP observed rank of predicted rank 6
3	-1e+09	2	8
4	0	0	0.011018234	0
179	0	COMB PPP observed rank of predicted rank 7
7	-1e+09	1	3	4	6	7	13
8	-0.0041405452	-0.0041405452	-0.019906439	0.012235979	0.026152356	0.0045204284	-0.0072012102	-0.0041405452
180	0	COMB PPP predicted rank of observed rank 1
3	-1e+09	6	7
4	-0.010143243	0.013107119	-0.031309377	-0.020639558
181	0	COMB PPP predicted rank of observed rank 2
4	-1e+09	1	5	12
5	0.020984955	0.020984955	-0.010890421	0.0078822609	0.020984955
182	0	COMB PPP predicted rank of observed rank 3
9	-1e+09	1	2	3	4	5	7	11	14
10	0.10217116	0.13813149	0.14757461	0.011844552	-0.016642127	-0.12336055	-0.1303061	-0.0051894853	-0.0082101521	0.10217116
183	0	COMB PPP predicted rank of observed rank 4
4	-1e+09	2	5	9
5	-0.0032965687	-0.0032965687	0.017397846	0.0081032141	-0.0032965687
184	0	COMB PPP predicted rank of observed rank 5
9	-1e+09	1	2	3	5	6	8	10	12
10	-0.020385392	-0.020385392	-0.029035426	-0.032233059	0.015894172	-0.021332636	-0.025177919	-0.023472131	-0.021877237	-0.020385392
185	0	COMB PPP predicted rank of observed rank 6
9	-1e+09	0	1	2	3	4	6	9	11
10	-0.10520373	-0.10520373	-0.084749999	-0.080538004	-0.037481151	0.02394124	0.065009314	0.063464275	0.018113894	-0.10520373
186	0	COMB PPP predicted rank of observed rank 7
4	-1e+09	2	4	13
5	-0.018371891	-0.018371891	0.010344978	0.037920466	-0.018371891
187	0	COMB PPP rank of missed #1
7	-1e+09	1	2	3	4	5	6
8	0.664435	-0.052501477	0.11554237	0.26577374	0.40654	0.48926727	0.53240039	0.65608874
188	0	COMB PPP rank of missed #3
5	-1e+09	3	6	8	9
6	0.015730488	0.015730488	0.010861653	0.01558005	-0.010174977	0.015730488
189	0	COMB PPP rank of missed #5
6	-1e+09	7	10	11	13	14
7	0.068941478	0.073612422	-0.063203417	-0.080138156	-0.059930297	0.044281629	0.068941478
190	0	COMB PPP rank of missed #7
3	-1e+09	10	16
4	0.016834773	0.016834773	-0.021629706	0.016834773
196	0	COMB PPP delta score #1
15	-1e+09	0	0.29767919	0.50605249	0.54768133	0.59109759	0.73006225	0.83096886	0.93792701	0.99539483	1.1919543	1.264869	1.4418588	1.5509722	2.0307446
16	0.027019942	0.20322798	0.20057198	0.14483965	0.14187968	0.11757696	0.084281443	0.043467208	0.099262175	0.066640761	0.028244026	0.05516578	0.041240612	0.01981636	-0.091101584	-0.17418503
197	0	COMB PPP delta score #2
15	-1e+09	-0.61955953	-0.21467233	0.068651676	0.15881133	0.29429126	0.43058181	0.62725425	0.85168982	0.9161737	0.98807025	1.1490706	1.2414861	1.4616482	1.7738049
16	0.21404238	0.3194663	0.3593004	0.4385247	0.50205395	0.4274703	0.39412403	0.39159024	0.36541276	0.40852834	0.44924392	0.33639806	0.31497652	0.25578177	0.23781333	0.083831164
198	0	COMB PPP delta score #3
19	-1e+09	-1.1818191	-0.92034292	-0.75874352	-0.38355422	-0.30952621	-0.24368954	-0.004899025	0	0.03182435	0.081439972	0.33018208	0.48959017	0.60153198	0.66150331	1.2930312	1.4088495	1.5379249	2.4008319
20	0.10822856	0.10822856	0.13038757	0.31692947	0.36252405	0.37883519	0.44699642	0.3595743	0.39560816	0.3873922	0.49344369	0.44835458	0.45176129	0.45922987	0.41363529	0.38386572	0.36503014	0.25927659	0.095638079	0.10822856
199	0	COMB PPP delta score #4
15	-1e+09	-1.4038084	-0.88793397	-0.63637185	-0.53905249	-0.05151844	0.083709717	0.34913492	0.46140909	0.58003044	0.64053857	0.83720458	1.2424173	1.3465019	2.4391046
16	-0.2236278	-0.2236278	0.047208189	0.098862867	0.0082355695	0.031197168	0.036156204	-0.053969027	-0.042336665	-0.067516823	-0.1151395	-0.19498602	-0.097854269	-0.1203043	-0.27080272	-0.22666541
200	0	COMB PPP delta score #5
13	-1e+09	-0.85310197	-0.62589121	-0.17440414	0.046065092	0.098164439	0.58094597	0.71025658	0.7792933	0.85529006	0.93616116	1.2186719	1.7924833
14	0.062106546	0.062106546	0.10509339	0.090498559	0.097164536	0.08008843	0.010667567	0.033679408	0.038935928	0.045981023	0.091562847	0.11241501	0.060576421	0.062106546
201	0	COMB PPP delta score #6
13	-1e+09	-0.77738833	-0.419361	-0.28100383	-0.15156054	0.031280398	0.14416146	0.37729466	0.70298862	0.94121921	1.2266905	1.938961	2.1466351
14	-0.0043581354	-0.0043581354	0.13963658	0.1126036	0.061484603	0.0080225797	0.017480772	-0.036042865	-0.00026400272	-0.03729912	0.046680983	0.030389586	0.0081831343	-0.0043581354
202	0	COMB PPP delta score #7
14	-1e+09	-1.3714869	-1.1461036	-0.60731637	-0.51063168	-0.34757018	-0.059194386	0.097848773	0.16429973	0.43121994	0.72423494	0.89334399	1.1866809	1.8268858
15	0.022404369	0.022404369	0.06530515	0.10358393	0.16198742	0.13970497	0.13343656	0.13972974	0.15223611	0.18493104	0.21266498	0.10960018	0.13851412	0.12237603	0.022404369
203	0	COMB PPP dot prod pred-obs top 15
9	-1e+09	0.34248659	0.43363041	0.50780737	0.5712558	0.57742643	0.61959577	0.65574175	0.75397003
10	-0.10167716	-0.10167716	-0.030921505	0.026651082	0.015348548	0.065056191	0.12838875	-0.015501077	-0.05403568	-0.10167716
204	0	COMB PPP dot prod obs-pred top 15
17	-1e+09	0	0.13192874	0.17590499	0.23178287	0.31083241	0.37895739	0.41699415	0.46725962	0.50495189	0.50918394	0.56031656	0.56848758	0.57418817	0.5934509	0.60666281	0.62671328
18	0.086122527	0.086122527	0.074956719	0.025686198	0.040267497	0.038788891	0.061862492	-0.019163715	-0.02618916	-0.091776904	-0.031799853	-0.027859439	-0.0011772637	0.03029619	0.060786568	0.099076252	0.11172154	0.10065729
205	0	COMB PPP dot prod pred-obs top 30
11	-1e+09	0.20849343	0.3189137	0.34922364	0.3556515	0.38106543	0.41174713	0.44012579	0.45198041	0.47848037	0.51378447
12	0.051759035	0.051759035	0.019967823	0.042284894	-0.0038283962	-0.0053185814	-0.054827258	0.024045372	0.054285707	0.058914164	0.05026885	0.051759035
206	0	COMB PPP dot prod obs-pred top 30
10	-1e+09	0.08559721	0.11412961	0.20167241	0.24587286	0.27055162	0.33036566	0.38503921	0.39361131	0.40662032
11	0.0062499245	0.0062499245	-0.0034979202	-0.0019965465	0.0077364533	-0.00026183316	-0.0032894298	-0.0016991814	0.0015011142	0.010999353	0.0062499245
207	0	COMB PPP dot prod pred-obs top 45
13	-1e+09	0.14632101	0.16474664	0.17558521	0.25199816	0.27594838	0.28102753	0.30110899	0.31287062	0.32535297	0.34777713	0.35714436	0.37808403
14	0.051305652	0.051305652	0.036216485	0.014104722	0.02533551	0.041701334	-0.054822003	-0.058081594	-0.083651433	-0.082168197	0.03371147	0.051424505	0.059200736	0.051305652
208	0	COMB PPP dot prod obs-pred top 45
14	-1e+09	0.067636915	0.090182558	0.11882989	0.15935683	0.19428299	0.21378358	0.2225749	0.23955356	0.25887755	0.26104724	0.30424899	0.31102246	0.32130188
15	-0.0081375032	-0.0081375032	-0.017729055	0.0038211076	0.00082846908	0.0078345185	-0.0011850479	-0.0066043799	-0.0051104418	-0.021720434	-0.018187544	-0.016653695	-0.013296168	-0.0066183824	-0.0081375032
