3 0
1  0.000 1.000 1000000000.000
4 0 1 3 5
1 0
1 4
1 13
0 29
1 29
1 45
0 90
1 90
0 156
1 156
0
209
132
5	0	TRYP #num missed tryp terminals
2	-1e+09	0
3	0.29931449	0.29931449	-0.10381423
7	0	TRYP #frags at digest when C-term is R
2	-1e+09	2
3	0.013489654	0.047975031	0
8	0	TRYP #frags at digest when C-term is K
4	-1e+09	1	3	6
5	0.093099866	0.093099866	-0.032033182	0.11127561	0.093099866
9	0	TRYP #frags at digest when C-term is other
8	-1e+09	1	2	3	4	5	6	7
9	-0.22226431	-0.12990974	-0.18448666	-0.11699848	-0.21877826	-0.16591783	-0.18501332	-0.33029763	-0.39493654
12	0	TRYP AA at N-terminal When C-term is other
7	-1e+09	4	5	7	10	15	22
8	0.10771265	0.10771265	0.029375385	0.00085590367	-0.40783978	0.017251177	0.065796121	0.10771265
13	0	ANN PEAK diff from org pm_with_19
14	-1e+09	-2.7972412	-2.5045166	-1.7972412	-1.59729	-1.3988037	-0.99731445	-0.79724121	-0.49719238	-0.3972168	-0.097167969	0.0026855469	0.20996094	0.50268555
15	-0.3601703	-0.11334731	0.038262244	0.27252416	0.35229619	0.25131742	0.28075042	0.12071955	0.057322252	-0.043901996	-0.19045272	-0.24877264	-0.34678161	-0.52851736	-0.55758897
15	0	ANN PEAK %ann intensity
19	-1e+09	0.024211269	0.038336668	0.062818505	0.10684886	0.16548157	0.20341288	0.22226602	0.26177531	0.2715826	0.30305749	0.33608642	0.34783325	0.36009458	0.40033978	0.44547868	0.52162653	0.54666919	0.69053674
20	0.019318468	0.2756696	0.31405843	0.2771396	0.28914805	0.16856983	0.010195682	-0.0041826569	-0.12373327	-0.14301286	-0.15068042	-0.12606576	-0.16216723	-0.27709537	-0.31169946	-0.270959	-0.30363673	-0.31434705	-0.30208418	-0.2495608
16	0	ANN PEAK %ann peaks
20	-1e+09	0.048780486	0.070588239	0.10769231	0.11235955	0.12	0.12371134	0.14666666	0.15909091	0.16853933	0.1780822	0.1882353	0.2	0.21333334	0.21839081	0.2238806	0.24358974	0.25301206	0.27472529	0.29090908
21	-0.0461237	-0.0461237	-0.093403038	-0.19047182	-0.061689071	0.029924648	0.060570793	0.081487093	0.14607513	0.13109229	0.10719526	0.17508081	0.17241657	0.16678298	0.19685801	0.2231899	0.25268615	0.20708693	0.18319719	0.094637423	-0.0461237
17	0	ANN PEAK #ann in top 25
12	-1e+09	3	4	5	6	7	8	9	10	11	12	13
13	-0.01046708	-0.4068534	-0.3646412	-0.32978666	-0.32292825	-0.33957951	-0.32016001	-0.1592284	-0.088950342	0.030869566	0.12681213	0.31767502	0.38476393
18	0	ANN PEAK #ann in top half (up to 50)
13	-1e+09	3	4	8	9	10	11	12	13	14	15	16	17
14	-0.15312736	-0.64998116	-0.48291146	-0.47410924	-0.40405801	-0.29802491	-0.098849251	-0.051608554	0.056627966	0.12076643	0.21764808	0.32260353	0.35337842	0.52289117
19	0	ANN PEAK #ann in top third - #ann in mid third
8	-1e+09	-4	0	3	4	6	7	8
9	0.026965416	0.038191073	0.0056949069	-0.0023213429	0.019180352	-0.036399513	-0.030943449	-0.026930379	0.011389451
20	0	ANN PEAK #ann in top third - #ann in last third
9	-1e+09	-1	0	1	4	5	7	8	11
10	0.069623727	0.11858943	0.099839483	0.051324547	0.0052407987	-0.036920884	-0.042414803	-0.091098682	-0.026281835	0.017611968
21	0	ANN PEAK #ann in mid third - #ann in last third
6	-1e+09	-3	-1	0	1	4
7	0.017975058	0.017975058	-0.03719898	-0.062614493	-0.052698106	-0.056835071	0.017975058
23	0	ANN PEAK #b annotated
2	-1e+09	2
3	-0.001426356	0.0045684063	-0.0089376774
24	0	ANN PEAK #b-H2O annotated
3	-1e+09	0	2
4	0.018786492	0.018786492	-0.045296739	0.018786492
26	0	ANN PEAK #y-H2O annotated
4	-1e+09	0	1	2
5	-0.016425824	-0.016425824	-0.010166458	-0.017321731	0.020607822
27	0	ANN PEAK #b2 annotated
5	-1e+09	0	1	2	3
6	0.23682217	0.23682217	-0.048264362	-0.17066562	-0.11679978	0.23682217
30	0	PEAK OFF y max self offset
15	-1e+09	0.053577423	0.080059052	0.095539093	0.10264969	0.15990067	0.19074631	0.19871902	0.23215866	0.25019455	0.25987625	0.34563065	0.36884689	0.43138504	0.47798538
16	-0.053832475	0.089693901	0.12923151	0.21430939	0.21710302	0.28891916	0.29623812	0.20776228	0.15146693	0.081602597	0.0079405496	-0.13419801	-0.18370957	-0.24875583	-0.27721288	-0.14529937
31	0	PEAK OFF y avg self offset
22	-1e+09	0.036949158	0.042871475	0.058452606	0.068152107	0.077533722	0.09679985	0.10705185	0.12875366	0.13444138	0.15244675	0.15892918	0.17247391	0.18731689	0.20368576	0.21241379	0.26356125	0.30265427	0.35071945	0.38807297	0.40874863	0.43142828
23	-0.09037642	-0.20444705	-0.24604428	-0.32685774	-0.37869853	-0.49568322	-0.46854667	-0.49454142	-0.55462905	-0.53849338	-0.5117287	-0.52112919	-0.55388342	-0.44834452	-0.41283618	-0.3845681	-0.34361459	-0.29070231	-0.33027907	-0.20135329	-0.064172946	-0.029449029	0.036601627
36	0	PEAK OFF y grab offset #3
3	-1e+09	1	2
4	-0.0096348055	-0.0096348055	0.0031220962	-0.0096348055
37	0	PEAK OFF b num frags detected
13	-1e+09	0.068713069	0.093640447	0.18147004	0.19047821	0.22974885	0.28966033	0.33250701	0.36406219	0.41492951	0.43269074	0.48411834	1
14	0.034640047	0.034640047	0.0093210873	0.096121568	0.147648	0.16551671	0.11321615	0.14947767	0.04413859	0.091078052	0.027582052	0.0061109918	0.028105961	0.034640047
38	0	PEAK OFF b max self offset
13	-1e+09	0.015385032	0.064806819	0.073734641	0.082550049	0.096178889	0.10544058	0.13651764	0.14820118	0.15440643	0.23802459	0.32197297	0.38113168
14	-0.011822856	0.017811828	0.035331486	0.018854983	-0.032187502	0.013336811	-0.11386877	-0.1055852	-0.17464468	-0.15498774	-0.14778365	-0.18106088	-0.16510311	-0.04735664
39	0	PEAK OFF b avg self offset
5	-1e+09	0.047427058	0.10797393	0.11756623	0.29934457
6	0.0079643187	0.0079643187	0.0052551552	-0.078237494	-0.13202111	0.0079643187
45	0	PEP COMP start cat N (len 3)
6	-1e+09	1	2	3	8	11
7	0.19334413	-0.038727324	0.10501139	0.23318921	0.28685283	0.34151363	0.41383014
46	0	PEP COMP end cat C (len 3)
6	-1e+09	3	6	11	16	18
7	-0.020596639	-0.18298445	-0.095933307	-0.060505231	-0.0096391621	0.0063249731	0.10408217
54	0	PEP COMP before cat score 1
9	-1e+09	5	7	12	13	15	16	17	19
10	-0.050591107	-0.066608216	-0.042600328	-0.056544307	-0.032405352	0.051529005	0.045934388	-0.074769512	-0.00057943827	-0.015425123
55	0	PEP COMP after cat score 1
10	-1e+09	5	8	11	13	14	15	17	18	19
11	0.0040499969	0.00093528186	0.13336415	0.011765073	-0.078051111	0.035820836	0.01314643	0.028865158	-0.080802811	0.033682589	0.0040499969
56	0	PEP COMP span cat score 1
13	-1e+09	1	2	4	5	7	8	9	11	12	16	17	18
14	-0.032846297	-0.077727602	0.0015606855	-0.0010878898	-0.049275149	0.01915273	0.042872262	0.090244502	-0.01419325	-0.012864726	0.021131691	-0.0074303925	-0.028143911	0.0041887298
57	0	PEP COMP before cat score 2
11	-1e+09	8	10	11	13	14	15	16	17	18	19
12	-0.15136364	-0.16991949	-0.18045504	-0.13310141	-0.15440872	-0.20233176	-0.29464839	-0.071000781	-0.038776302	-0.072549821	0.024831934	-0.15136364
58	0	PEP COMP after cat score 2
8	-1e+09	8	10	12	13	14	15	19
9	-0.042885589	-0.00048030805	-0.0019044894	-0.032204288	-0.16461937	-0.072333747	0.00077124579	0.028598086	-0.095844691
59	0	PEP COMP span cat score 2
12	-1e+09	1	3	4	5	6	8	9	10	15	17	19
13	-0.029431718	-0.029431718	-0.0188547	0.032863723	-0.086073406	-0.11577629	-0.16300256	0.0012101117	-0.023000071	-0.042732318	-0.0029643746	-0.012836583	-0.029431718
66	0	PEP COMP #aa A
1	-1e+09
2	0	0.046617305
68	0	PEP COMP #aa N
1	-1e+09
2	0	-0.0082461442
69	0	PEP COMP #aa D
2	-1e+09	1
3	-0.0093885818	0	-0.067134035
71	0	PEP COMP #aa Q
2	-1e+09	1
3	-0.062573606	-0.5163871	-0.63854493
72	0	PEP COMP #aa E
2	-1e+09	1
3	-0.036787351	-0.11823713	-0.19718624
73	0	PEP COMP #aa G
1	-1e+09
2	0	0.163694
74	0	PEP COMP #aa H
1	-1e+09
2	0	0.055236104
77	0	PEP COMP #aa M
1	-1e+09
2	0	0.14176027
78	0	PEP COMP #aa F
2	-1e+09	1
3	-0.11637457	-0.32816619	-0.58909977
79	0	PEP COMP #aa P
2	-1e+09	1
3	0.041521462	0.22215335	0.30730884
80	0	PEP COMP #aa S
2	-1e+09	1
3	0.085401805	0.093477978	0
84	0	PEP COMP #aa V
2	-1e+09	1
3	-0.0044032539	-0.0044032539	0
96	0	PRM N/-C delta mass
10	-1e+09	-0.63443756	-0.53942108	-0.45430756	-0.30587769	-0.25495911	0.14834595	0.29701233	0.50359344	0.89564514
11	-0.27152346	-0.27152346	-0.18313774	-0.14544516	0.050845106	0.27897258	0.44623584	0.29322784	0.067181533	-0.032359607	-0.27152346
97	0	PRM N/-C total breakage score
4	-1e+09	-2.4651327	13.622943	19.483488
5	-0.066167162	-0.066167162	-0.031289338	0.02343309	-0.066167162
99	0	PRM N/-C normalized average breakage score
4	-1e+09	-0.41085544	2.2704904	3.2472479
5	-0.0069870703	-0.0069870703	-0.0056774139	0.0052712335	-0.0069870703
100	0	PRM N/-C path score
5	-1e+09	28.160202	31.162743	42.533821	65.618668
6	-0.020494839	0.021313116	-0.0078193623	-0.11576397	-0.11016164	-0.071251777
101	0	PRM N/-C average path score
5	-1e+09	4.693367	5.1937904	7.0889702	10.936444
6	-0.031006286	0.021369424	-0.01051261	-0.0791937	-0.076503567	-0.069417134
102	0	PRM -N/C delta mass
16	-1e+09	-0.88205719	-0.77328491	-0.38569641	-0.3302536	-0.13406372	-0.076812744	-0.035049438	-0.023872375	-0.013671875	0.087921143	0.12989044	0.17358398	0.20287323	0.63305664	0.77567291
17	-0.19844197	-0.19844197	-0.18174159	0.12458012	0.14300317	0.75832768	0.83419776	0.90800816	0.92590215	0.97889854	1.1316507	1.0449003	0.95304896	0.81236104	0.4362167	0.22409252	-0.19844197
104	0	PRM -N/C average breakage score
4	-1e+09	-6.5420341	-4.8771591	2.1827445
5	0.0067461191	0.0067461191	-0.0032513025	-0.017724087	0.0067461191
105	0	PRM -N/C normalized average breakage score
4	-1e+09	-3.22124	1.1065673	3.0046749
5	0.0040167124	0.0040167124	-0.013184908	0.002695623	0.0040167124
106	0	PRM -N/C path score
7	-1e+09	20.879726	22.99622	28.014465	33.678528	38.299034	53.454025
8	0.072839315	0.071398393	0.053423985	-0.092235192	0.015206435	0.012552909	0.013877882	0.081693582
107	0	PRM -N/C average path score
7	-1e+09	3.4799545	3.8327034	4.6690774	5.6130881	6.3831725	8.9090042
8	0.064464449	0.050111359	0.037200139	-0.10090439	-0.0051073142	-0.0064579979	-0.0038035319	0.073409446
108	0	PRM -N/-C delta mass
19	-1e+09	-0.65946198	-0.44663239	-0.40016174	-0.32653046	-0.24685669	-0.22556305	-0.18766785	-0.15488434	-0.11027527	-0.096359253	-0.00035095215	0.029121399	0.13977814	0.18730927	0.27560425	0.3119812	0.53406525	0.77348328
20	-0.039279377	-0.26052631	0.059791517	0.13487449	0.20568286	0.27919001	0.29947362	0.40901574	0.41076942	0.41801449	0.45451039	0.46892367	0.48956189	0.47244162	0.3287839	0.34156928	0.30238403	0.25527218	0.29114527	0.17548068
109	0	PRM -N/-C total breakage score
6	-1e+09	-3.4828639	20.01922	31.32935	39.81255	41.419228
7	-0.005128318	-0.0036733811	-0.0083109553	0.0006312658	0.0094347123	0.0077468128	-0.0084542583
110	0	PRM -N/-C average breakage score
12	-1e+09	-4.3315921	-0.72972834	-0.31024447	0.099251367	1.8727486	3.9474356	4.49086	4.7564878	5.0233822	7.2491741	9.2407026
13	0.13840667	0.13840667	0.17097279	0.13876901	0.12404504	0.12221945	0.080451444	0.089099159	0.082148969	0.076674476	-0.053527028	0.10861298	0.1368207
111	0	PRM -N/-C normalized average breakage score
7	-1e+09	-0.5804773	0.079982638	3.3365366	5.2215581	6.6354251	6.9032044
8	0.010162518	0.011577102	-0.079494667	-0.085355634	-0.036215356	0.062218771	0.025142357	0.0055920272
112	0	PRM -N/-C path score
9	-1e+09	27.399017	38.845997	41.82795	45.351612	46.043556	54.110123	59.640514	76.015503
10	0.009321089	0.009321089	-0.0078343214	0.000515431	-0.0065422026	-0.0084911123	-0.0099438818	0.0028519516	0.0061175798	0.009321089
113	0	PRM -N/-C average path score
15	-1e+09	4.566503	5.1401019	6.4743328	6.9713249	7.5586019	7.6739259	8.1382122	8.623929	9.0183535	9.9400854	11.333733	11.672012	12.090439	12.66925
16	0.048617289	0.048617289	-0.031033253	-0.062456435	-0.047507905	-0.059370978	-0.061636663	-0.070376564	-0.141821	-0.14050768	-0.098396286	-0.084397455	-0.052974273	-0.031232079	-0.0049937441	0.048617289
114	0	PRM path score
11	-1e+09	-30.711853	4.4579802	13.06802	15.725736	19.627426	27.298454	34.429901	37.685959	39.402592	41.280083
12	-0.097930945	-0.097930945	-0.0062487943	0.014677099	0.027239002	0.095795463	0.1011717	0.086292919	0.079440933	0.068831503	-0.051027404	-0.097930945
115	0	PRM total breakage score
18	-1e+09	26.045694	27.892157	30.665028	33.797535	35.59008	36.425865	45.720592	48.520191	51.505054	53.977497	54.875717	58.874645	60.049095	64.280579	68.160301	70.650345	74.119354
19	0.32010629	0.32010629	0.16641344	0.096337513	0.010051128	-0.13849857	-0.1762557	-0.19578737	-0.2004171	-0.29666637	-0.28565467	-0.21744646	-0.19659417	-0.14249629	-0.069136385	-0.016599728	0.051248381	0.24231508	0.32010629
116	0	PRM SeqPath rank
14	-1e+09	0	1	2	3	4	5	7	11	15	21	24	57	72
15	0.060871564	0.35078852	0.3215546	0.24753154	0.2197315	0.21746267	0.11461826	0.14438182	0.16052798	0.10977993	0.078546502	0.069300078	0.035749853	-0.079497631	-0.023375922
117	0	PRM multipath score
15	-1e+09	29.205585	36.781822	41.358086	46.675735	47.398659	49.62196	51.0989	51.841702	54.157406	56.724693	61.839375	63.113758	67.546326	75.114204
16	-0.0014806999	-0.053383726	-0.029144427	-0.091962703	-0.074697066	-0.04300007	-0.013972621	-0.018014546	0.041752134	0.079640204	0.021609389	0.07453441	0.046538386	0.036454354	0.076787942	0.08361709
118	0	PRM delta score
24	-1e+09	0	0.7977066	2.4473038	3.7603874	4.869442	5.9318237	7.7199802	8.5190086	9.265255	9.962986	13.026501	13.568874	14.632603	15.143402	15.649391	17.152321	19.161797	19.667336	20.680382	22.302032	25.330162	26.017111	34.907356
25	0.86346251	1.8028809	1.6296663	1.6036009	1.538558	1.4382845	1.4146365	1.3059426	1.2188079	1.2663081	1.256636	1.1027198	1.0553784	0.93749846	1.0574208	0.9776552	0.967929	0.93932557	0.95595475	0.96671221	0.99809753	0.9078364	0.85299275	0.63862678	0.82929821
119	0	PRM rank, delta score<=1.5
2	-1e+09	2
3	0	0.067242953	0
120	0	PRM rank, 1.5<delta score<=7.5
5	-1e+09	2	3	4	10
6	0.053305172	0.053305172	0.048465546	0	0.064866102	0.053305172
122	0	PRM rank, delta score>15
8	-1e+09	17	27	35	47	58	71	73
9	-0.14390105	-0.14390105	-0.089922732	-0.22410565	-0.24113678	-0.087583817	-0.30343489	-0.25197885	-0.14390105
123	0	PRM tag, percent in top 5 denovo
2	-1e+09	0.80000001
3	-0.023309119	-0.050199418	0.015690782
124	0	PRM tag, percent in top 20 denovo
8	-1e+09	0.050000001	0.1	0.2	0.25	0.34999999	0.40000001	0.60000002
9	0.010475798	0.0044891901	-0.036695755	-0.055011799	-0.098700359	-0.10717954	-0.035905519	-0.017553057	0.010475798
125	0	PRM tag, percent in all denovo
10	-1e+09	0.02	0.039999999	0.079999998	0.16	0.23999999	0.28	0.40000001	0.51999998	0.69999999
11	0.18863665	-0.048652772	-0.044505224	-0.026346584	0.20027887	0.25451293	0.26271943	0.25998564	0.2527789	0.20181718	0.19137411
126	0	PRM tag, rank if in top 5
12	-1e+09	0	1	2	3	4	7	8	9	17	45	53
13	0.26794223	0.30490633	0.23498741	0.20001485	0.14058012	0.12974793	0.22415522	0.1276815	0.11271584	0.058982782	0.068486876	0.10634214	0.20495707
127	0	PRM tag, rank if in top 5-20
4	-1e+09	3	11	69
5	0	0	-0.060875933	-0.078951573	0
128	0	PRM tag, rank if in top 20-all
13	-1e+09	0	1	2	5	6	7	9	14	15	22	30	42
14	0.43734409	0.43300665	0.41249684	0.35038502	0.32200777	0.22165172	0.23062048	0.2946803	0.33702653	0.43738259	0.28884713	0.21295649	0.26239175	0.29998375
133	0	PRM breakage score min 1
11	-1e+09	-15.853346	-14.349127	-11.492504	-8.9048109	-7.0692921	-4.5239601	-4.041924	-1.0311376	-0.4947744	0.66984153
12	0.037841383	-0.0072109846	-0.067286575	-0.043509023	0.013535906	0.03669833	-0.045767398	-0.05818765	-0.078151426	-0.0068950041	0.033982242	0.10413709
134	0	PRM breakage score min 2
13	-1e+09	-16.853775	-10.039046	-5.8308139	-1.1747152	-0.82986212	2.291616	3.0514746	4.249063	4.6713543	5.561295	7.0590825	11.99808
14	-0.048838254	-0.064929466	-0.072279167	-0.098035031	-0.10960614	-0.084819087	-0.073688823	-0.036942168	-0.048668026	-0.0046231249	0.0076884057	0.019578284	-0.017052548	-0.028182812
135	0	PRM breakage score min 3
12	-1e+09	-1.1461018	-0.24964678	2.0452135	3.0531869	3.6904812	4.3374515	4.6479521	5.551825	8.713295	9.1199627	10.307698
13	0.048350214	0.073391402	0.085748243	0.13163457	0.12202226	0.080146496	0.057181913	0.034318984	-0.022009506	0.03182016	0.026153296	0.020508604	0.015227253
136	0	PRM breakage score min consecutive 3
18	-1e+09	-39.484993	-34.34103	-30.587032	-22.350487	-8.7235765	-6.0513554	-2.3914061	2.0803609	5.3494177	7.501729	8.5406456	16.306358	17.50135	22.835291	27.779362	29.893103	35.581688
19	0.33120906	0.33120906	0.26074749	0.17814784	0.10765023	0.10512645	0.23280009	0.21334091	0.17381725	0.17518865	0.17655636	0.1633067	0.14338824	0.1710359	0.19538402	0.18240854	0.21648952	0.25871572	0.33120906
137	0	PRM breakage score max consecutive 3
10	-1e+09	-11.333947	11.561864	16.075577	19.206085	25.89636	32.898628	33.982201	36.318764	50.690201
11	-0.013734229	-0.013734229	-0.027533648	-0.053922527	-0.057947781	-0.064063863	-0.062738689	-0.013968544	0.011492457	0.0061195022	-0.013734229
138	0	PRM breakage score min consecutive 2
14	-1e+09	-38.034367	-34.283836	-26.846992	-17.572838	-16.369177	-11.912662	-9.9345999	-8.138732	-5.4681787	-0.57010365	6.9730029	10.045669	12.42022
15	0.071776227	0.080038722	0.12992501	0.14966381	0.26789131	0.22080822	0.20425192	0.22404086	0.22268078	0.23101983	0.26653123	0.22515921	0.19416876	0.19688131	0.066351946
139	0	PRM breakage score max consecutive 2
17	-1e+09	-13.008321	-0.054451466	3.7240462	6.5727735	10.986289	12.765455	20.609079	21.237701	21.881645	23.7988	25.639593	29.025372	29.802551	30.583595	33.321777	35.751995
18	-0.016861793	-0.016861793	-0.003679562	0.062488268	-0.13863184	0.078663877	0.046187552	0.055926212	0.079934637	0.10828824	0.12034958	0.10229406	-0.079819875	-0.057505577	-0.066989017	-0.085336578	-0.10800453	-0.016861793
140	0	PRM #breakage scores below -10
3	-1e+09	0	1
4	0.0015375862	0.0015375862	-0.0016797224	0.0015375862
141	0	PRM #breakage scores 0 - -10
3	-1e+09	0	1
4	-0.010319478	-0.010319478	0.014361271	-0.010319478
142	0	PRM #breakage scores 0 - 8
4	-1e+09	0	1	2
5	-0.0086517741	-0.0086517741	0.032525795	-0.014428954	-0.0086517741
143	0	PRM #breakage scores 8 - 15
4	-1e+09	0	1	2
5	-0.0092647176	-0.011543046	0.01234407	-0.0079326669	-0.0092647176
145	0	PRM %breakage scores below -10
4	-1e+09	0.2	0.33333334	0.40000001
5	0	0	-0.013226891	-0.0021965683	0
146	0	PRM %breakage scores below 0
3	-1e+09	0.2	0.40000001
4	0.010223274	0.010223274	-0.00329354	0.010223274
147	0	PRM %breakage scores above 0
4	-1e+09	0.40000001	0.5	0.75
5	0.0021651727	0.0021651727	-0.015968868	-0.019717834	0.011535389
148	0	PRM %breakage scores above 8
6	-1e+09	0	0.2	0.25	0.33333334	0.75
7	0.031759403	0.031759403	-0.037373264	-0.031071609	-0.017273242	0.019884808	0.031759403
149	0	PRM Score connected to N-terminal
5	-1e+09	4.5139523	7.3070416	8.0161066	23.560461
6	-0.045215316	-0.045215316	-0.037694691	-0.014003402	0	-0.045215316
150	0	PRM Score connected to C-terminal
7	-1e+09	-0.47208816	4.1062326	4.5480471	7.1449013	10.571218	12.336048
8	0.052821562	0.10497342	0.16711199	0.24780987	0.44676366	0.22004148	0.18989836	0
151	0	PRM %breakages with 1 frag detected
2	-1e+09	0
3	0.092529553	0.092529553	0
152	0	PRM %breakages with 2 frag detected
3	-1e+09	0.2	0.25
4	-0.011453736	-0.011453736	0.0015004657	-0.011453736
153	0	PRM %breakages with > 5 frags detected
6	-1e+09	0	0.2	0.25	0.40000001	0.5
7	0.015258388	0.31377047	0.087008691	0.028463921	-0.11441882	-0.21307057	-0.34285649
154	0	PRM %breakages with dual orientation frags
4	-1e+09	0.60000002	0.75	0.80000001
5	-0.057630023	-0.067473465	0.06774647	-0.073981363	-0.043964518
155	0	PRM #orientation switches
2	-1e+09	0
3	0.091114238	0.091114238	-0.042847036
157	0	COMP PPP frag 1 obs_ratio
6	-1e+09	0	0.40000001	0.5	0.60000002	0.75
7	0.058840109	-0.011478164	-0.062975222	-0.056362478	-0.060472666	0.09185842	0.095968608
158	0	COMP PPP frag 2 obs_ratio
7	-1e+09	0	0.2	0.40000001	0.60000002	0.75	0.80000001
8	0.16438097	0.16438097	0.029293149	-0.12520973	-0.12809113	0.021426474	0.045905716	0.16438097
159	0	COMP PPP frag 3 obs_ratio
5	-1e+09	0.2	0.40000001	0.60000002	0.80000001
6	0.0081063826	0.0081063826	-0.030155313	-0.0040769507	0.02002236	0.0081063826
161	0	COMP PPP MOBILE sum ranks of missed 1-5
13	-1e+09	13	18	21	25	28	29	31	32	34	37	39	52
14	0.16570119	0.091810572	0.046265701	0.024650659	-0.045355699	0.053144373	0.03799605	-0.013357697	0.041644345	0.18693601	0.17517932	0.2567861	0.28872148	0.30060647
164	0	COMP PPP sum ranks of missed 1-5
6	-1e+09	13	24	25	41	44
7	-0.0058257784	-0.0058257784	-0.040299266	-0.0053549179	0.061901451	0.051603963	-0.0058257784
165	0	COMP PPP MOBILE sum ranks of missed 6-10
6	-1e+09	52	64	70	74	79
7	0.12200026	0.12613285	0.021523184	-0.056886184	0.045148909	0.099380895	0.12060442
168	0	COMP PPP sum ranks of missed 6-10
3	-1e+09	70	80
4	-0.0026974215	-0.0026974215	0.0013607604	-0.0026974215
169	0	COMP PPP MOBILE sum ranks of missed 11-15
2	-1e+09	75
3	0.0055727219	0.010960539	-0.0080759298
173	0	COMB PPP observed rank of predicted rank 1
5	-1e+09	1	2	3	4
6	-0.04884957	0.043427868	-0.090070902	-0.13293034	-0.18876019	-0.19838794
174	0	COMB PPP observed rank of predicted rank 2
6	-1e+09	2	3	4	5	8
7	0.024242878	0.068467855	0.048321011	0.0073803959	-0.10981002	-0.11709552	-0.088000465
175	0	COMB PPP observed rank of predicted rank 3
6	-1e+09	0	2	3	6	8
7	0.0055258527	0.011775589	0.05864965	0.042449603	-0.026149056	-0.030199748	-0.0038752141
176	0	COMB PPP observed rank of predicted rank 4
6	-1e+09	0	1	3	4	5
7	-0.036137103	-0.036137103	0.0091668822	0.036068809	0.022513164	0.0057864146	-0.036137103
177	0	COMB PPP observed rank of predicted rank 5
6	-1e+09	0	1	2	3	7
7	-0.030896142	-0.02345901	-0.025135786	-0.069853978	0.014349668	0.040090197	-0.040064251
178	0	COMB PPP observed rank of predicted rank 6
5	-1e+09	1	3	7	9
6	-0.0030311076	-0.0030311076	0.024550839	0.031951012	0.024550839	-0.0030311076
179	0	COMB PPP observed rank of predicted rank 7
4	-1e+09	2	5	8
5	0.011379277	0.011379277	-0.025635083	0.012702243	0.011379277
180	0	COMB PPP predicted rank of observed rank 1
7	-1e+09	1	3	4	5	6	10
8	-0.024677102	0.067904534	0.046829759	0.052986064	0.010110042	-0.040252151	-0.095789578	-0.08875623
181	0	COMB PPP predicted rank of observed rank 2
7	-1e+09	2	3	4	5	6	8
8	0.041193579	0.10058472	0.043074532	0.033433339	-0.018566139	-0.058238627	-0.12160791	-0.066515201
183	0	COMB PPP predicted rank of observed rank 4
7	-1e+09	1	3	4	7	9	12
8	0.020798543	0.048312909	0.060823895	0.028327606	-0.053415994	-0.0072266014	0.015752551	0.01707878
184	0	COMB PPP predicted rank of observed rank 5
8	-1e+09	0	2	3	5	6	9	10
9	-0.03425399	-0.03425399	-0.013232417	0.070875099	0.083260238	0.072161783	0.028432544	-0.032910367	-0.03425399
185	0	COMB PPP predicted rank of observed rank 6
5	-1e+09	3	6	7	8
6	-0.021556744	-0.021556744	0.02854924	0.031237411	-0.018868573	-0.021556744
186	0	COMB PPP predicted rank of observed rank 7
4	-1e+09	2	4	13
5	0.047973851	0.047973851	-0.01298407	-0.053834148	0.047973851
187	0	COMB PPP rank of missed #1
9	-1e+09	0	1	2	3	4	5	7	8
10	0.19664479	0.017111388	0.098912752	0.09198988	0.22985221	0.37551278	0.44115436	0.48295734	0.53141966	0.60768579
188	0	COMB PPP rank of missed #3
7	-1e+09	2	5	6	9	10	12
8	0.11349769	0.13786539	0.13103127	-0.092643	-0.18259249	-0.16259569	-0.0033435899	0.10936641
189	0	COMB PPP rank of missed #5
5	-1e+09	5	6	8	10
6	0.039253688	0.039253688	-0.037961583	-0.039582865	-0.051797143	0.039253688
196	0	COMB PPP delta score #1
10	-1e+09	0.096993685	0.20465541	0.31578207	0.47434115	0.52852988	0.85956931	0.97953367	1.0463817	1.8523997
11	-0.16784042	0	-0.012922837	-0.12628304	-0.13730547	-0.17588033	-0.19056722	-0.19755152	-0.21189548	-0.2290589	-0.25307115
197	0	COMB PPP delta score #2
12	-1e+09	-0.93848872	-0.42624593	-0.21623325	0.056098223	0.19627905	0.38199925	0.57254171	0.72825825	0.97160125	1.1191101	2.0562196
13	-0.19253812	-0.15053353	-0.0076803208	-0.086281889	-0.05828645	-0.037262635	-0.058202109	-0.067057508	-0.16927529	-0.16363687	-0.19004929	-0.22156707	-0.23910931
198	0	COMB PPP delta score #3
17	-1e+09	-0.73809981	-0.5017333	-0.1820786	-0.11624908	0.3543427	0.44858003	0.71014673	0.76898009	0.8958478	0.96617556	1.2150041	1.3142645	1.4225714	1.5476547	1.6936624	2.4031212
18	0.24780497	0.38148463	0.35478989	0.35335077	0.41448431	0.38390678	0.28193826	0.32092594	0.29297622	0.2489007	0.2120462	0.20148462	0.16293781	0.13495936	0.10872927	0.065852305	-0.0040933225	0.099652873
199	0	COMB PPP delta score #4
16	-1e+09	-0.68633914	-0.57439113	-0.47988772	-0.39741659	-0.18320751	-0.064359426	-0.0096874237	0	0.074446559	0.35962582	0.51064992	0.72873521	1.0669689	1.9624763	2.2273548
17	0.35493413	0.4319352	0.3386059	0.37202754	0.417406	0.4396976	0.32789686	0.42928086	0.50991462	0.47667923	0.50106917	0.5275752	0.36530596	0.34353279	0.28570922	0.24376735	0.23836543
200	0	COMB PPP delta score #5
12	-1e+09	-1.3925093	-1.0848434	-0.75624239	-0.3155663	-0.020091057	0	0.2836591	0.54199541	0.93437231	1.733041	2.405441
13	0.053809962	0.064750861	0.069787006	0.15111654	0.25375095	0.16814555	0.18102206	0.1863135	0.1136123	0.081855456	0.010977895	0.032206326	0.043655657
201	0	COMB PPP delta score #6
20	-1e+09	-1.4851973	-1.1631247	-0.97082305	-0.53892875	-0.32541513	-0.20478737	-0.092006803	-0.038672209	0.0083514452	0.21720004	0.32819724	0.44364822	0.50449908	0.77490312	1.0204018	1.3260735	1.4428518	2.2511971	2.8272929
21	0.16626956	0.16626956	0.19013014	0.20974009	0.24672965	0.20834826	0.23878208	0.19030642	0.21528123	0.27649726	0.32660513	0.29866859	0.31228917	0.24073666	0.19111917	0.15160622	0.1188319	0.18311871	0.20645011	0.17780841	0.16626956
202	0	COMB PPP delta score #7
13	-1e+09	-1.2349851	-1.0340663	-0.66469646	-0.49037689	-0.41313851	-0.091252923	0.065852642	0.12651026	0.37453395	0.94742966	1.2095134	2.0370455
14	0.061447602	0.061447602	0.12051421	0.12338279	0.1458637	0.25138937	0.28076854	0.21932094	0.27849003	0.33157621	0.26077206	0.24159572	0.14534221	0.061447602
203	0	COMB PPP dot prod pred-obs top 15
14	-1e+09	0.25369379	0.27181476	0.3417815	0.38185245	0.39825541	0.42562741	0.4361887	0.47846544	0.51688337	0.55440861	0.56522334	0.70380425	0.73036557
15	-0.0099362928	-0.0099362928	-0.056672553	-0.038654728	-0.016039721	-0.024840175	-0.059371635	-0.017583077	0.043169188	0.0084904046	-0.017799375	0.030666905	0.036466308	0.026438178	-0.0099362928
204	0	COMB PPP dot prod obs-pred top 15
10	-1e+09	0.35315326	0.43561298	0.49604598	0.51094055	0.58474749	0.62773299	0.6608476	0.78397393	0.8065514
11	0.06267635	0.06267635	0.068208391	0.043642632	0.0041467172	-0.0046111136	-0.07130353	-0.06577621	-0.023537399	0.074951716	0.06267635
205	0	COMB PPP dot prod pred-obs top 30
7	-1e+09	0.17635721	0.22175261	0.24775119	0.28312388	0.44249433	0.52089834
8	0.013795128	0.013795128	0.015225266	0.016926733	-0.01149402	0.0027250649	0.011073939	0.013795128
206	0	COMB PPP dot prod obs-pred top 30
10	-1e+09	0.22913077	0.28263178	0.32184157	0.33150536	0.37073231	0.37939236	0.42876717	0.45448104	0.5087738
11	0.010555811	0.0028432329	0.010235185	0.0081354785	0.00024730493	-0.0012383313	0.0064742466	0.0019891181	0.005574461	0.0026676373	0.010555811
207	0	COMB PPP dot prod pred-obs top 45
9	-1e+09	0.096675165	0.13006313	0.13935335	0.19576721	0.22371788	0.34964868	0.40000632	0.41160172
10	0.024984698	0.024984698	0.019438475	0.011475111	0.014333144	-0.028381547	-0.019811569	0.0055932603	0.018429332	0.024984698
208	0	COMB PPP dot prod obs-pred top 45
8	-1e+09	0.18105379	0.22332904	0.29978698	0.32182467	0.32628936	0.3388018	0.35912031
9	-0.00086604309	-0.00086604309	0.00065136773	-0.00286005	-0.01339351	-0.010592502	-0.0090935876	0.0050504384	-0.00086604309
