2 4
1  0.000 1.000 1000000000.000
4 0 1 2 8
1 0
1 4
1 13
0 29
1 29
1 45
0 90
1 90
0 156
1 156
0
209
139
5	0	TRYP #num missed tryp terminals
2	-1e+09	0
3	0.24902884	0.24902884	-0.19666699
7	0	TRYP #frags at digest when C-term is R
3	-1e+09	0	3
4	-0.049871102	-0.061950236	0.0040225327	-0.019441727
8	0	TRYP #frags at digest when C-term is K
3	-1e+09	1	6
4	0.027782293	0.072798425	0.066305591	0
9	0	TRYP #frags at digest when C-term is other
6	-1e+09	1	2	3	4	5
7	0.0089821372	0.054719511	0.0021287977	-0.0035982986	-0.042664579	-0.070825856	-0.07328154
12	0	TRYP AA at N-terminal When C-term is other
3	-1e+09	10	15
4	-0.040588264	-0.040588264	0	-0.040588264
13	0	ANN PEAK diff from org pm_with_19
18	-1e+09	-3.0419922	-2.8493652	-2.7419434	-2.4420166	-2.0419922	-1.9345703	-1.6420898	-1.1419678	-0.94189453	-0.84204102	-0.4420166	-0.34204102	-0.24194336	0.058105469	0.2253418	0.45800781	0.6652832
19	-0.27589463	-0.45868891	0.35069878	0.35573873	0.3129267	0.47263651	0.46353292	0.44982975	0.4826056	0.38253179	0.40992242	0.36630706	0.38939358	0.34184953	0.30319638	0.20491278	0.066439103	0.027662752	-0.010182933
15	0	ANN PEAK %ann intensity
24	-1e+09	0.025616325	0.066112973	0.069712214	0.073220141	0.080107257	0.08710175	0.090666763	0.10851855	0.11234116	0.11626513	0.12018359	0.12855339	0.13285854	0.14181904	0.15165333	0.16228248	0.17423029	0.18062608	0.19495782	0.25775206	0.27348754	0.29236704	0.34713161
25	0.082372112	0.082372112	0.084804337	0.10080761	0.1114034	0.13349057	0.056042305	0.046767651	0.034816126	0.0070649641	0.031868466	0.034760791	0.053218647	-0.056186708	-0.045639794	0.014812041	-0.030177315	-0.0096299905	-0.042312654	-0.1014133	-0.050166608	0.005544718	0.036624566	-0.066401975	0.082372112
16	0	ANN PEAK %ann peaks
18	-1e+09	0.034722224	0.045454547	0.056000002	0.061068702	0.069444448	0.074626863	0.081481479	0.087591238	0.089430891	0.092307694	0.097222224	0.098684214	0.104	0.10948905	0.12056737	0.12318841	0.14925373
19	-0.15188579	-0.18446172	0.016234768	0.050655348	0.091153782	0.10491913	0.094920046	0.064024338	0.081267461	0.068056532	0.059172464	0.011246996	-0.01120866	-0.038725665	-0.022996995	-0.00103117	-0.0034097159	-0.078972383	-0.10225792
17	0	ANN PEAK #ann in top 25
7	-1e+09	2	3	4	5	7	9
8	0.076742255	0.083132886	0.066815063	0.01230857	-0.025867996	-0.03154014	-0.012273786	0.072494301
18	0	ANN PEAK #ann in top half (up to 50)
11	-1e+09	4	5	6	7	8	10	11	12	13	14
12	0.0060914617	-0.12837289	-0.10068901	-0.085772373	-0.077760169	-0.08201742	-0.026983018	0.033142802	0.049553799	0.10043486	0.10563439	0.13619651
19	0	ANN PEAK #ann in top third - #ann in mid third
14	-1e+09	-6	-4	-3	-2	0	1	2	3	4	5	6	8	9
15	0.029999746	0.029999746	0.057241378	-0.012857273	0.013123427	0.0029027659	0.0074301834	-0.02120703	-0.034860378	-0.029904827	-0.024792501	-0.045332871	-0.066176745	-0.001255247	0.029999746
20	0	ANN PEAK #ann in top third - #ann in last third
12	-1e+09	-5	-4	-1	0	1	3	4	6	7	8	9
13	0.029216749	0.029216749	0.017702678	-0.059275535	-0.0861741	-0.077408733	-0.059197584	-0.033000531	-0.0053333272	0.018527021	0.029841982	0.070910899	0.029216749
21	0	ANN PEAK #ann in mid third - #ann in last third
11	-1e+09	-6	-5	-4	-3	-2	0	2	3	4	5
12	0.0089190238	-0.04169625	-0.069163967	-0.007240638	0.035178599	-0.020831098	-0.044582797	-0.053774202	0.008930744	0.015623629	0.032211518	0.035562932
22	0	ANN PEAK #y annotated
4	-1e+09	0	1	3
5	0.024241139	0.029211549	0.03816837	-0.034302455	-0.0023879083
23	0	ANN PEAK #b annotated
5	-1e+09	0	1	2	3
6	-0.031011741	-0.031011741	0.030364613	0.036436605	0.022821544	-0.031011741
25	0	ANN PEAK #y2 annotated
3	-1e+09	0	1
4	0.018566966	0.059836923	0.018346749	-0.043118678
26	0	ANN PEAK #y-H2O annotated
3	-1e+09	0	2
4	-0.0008172552	-0.021291362	-0.026954931	0.031309253
27	0	ANN PEAK #b2 annotated
3	-1e+09	0	1
4	-0.035072596	-0.2442596	-0.21135832	0.25154928
28	0	ANN PEAK #a annotated
3	-1e+09	0	1
4	-0.10080856	-0.15721103	-0.015483367	0.12450782
29	0	PEAK OFF y num frags detected
3	-1e+09	0	1
4	-0.0033079027	0.016750082	0.018049397	-0.010846063
30	0	PEAK OFF y max self offset
22	-1e+09	0.029308319	0.039539337	0.048175812	0.062602997	0.08057785	0.085979462	0.09141922	0.12318039	0.13956833	0.14490891	0.15076828	0.17491531	0.19591141	0.21146774	0.23804855	0.2586174	0.2962532	0.32616043	0.34276199	0.42198563	0.44300461
23	-0.21236536	-0.094249695	-0.075602656	-0.070898344	-0.039016444	-0.017759527	-0.0088655944	0.0088619208	0.0045611621	-0.0023404746	0.035089694	0.028834917	0.024365072	-0.02343493	0.0032147887	-0.10090005	-0.16502969	-0.16847982	-0.26395676	-0.2804488	-0.29634286	-0.24575253	-0.23759673
31	0	PEAK OFF y avg self offset
17	-1e+09	0.014453888	0.022655487	0.033735275	0.038122814	0.049499512	0.059907276	0.066651665	0.07664299	0.083423615	0.13035202	0.13557816	0.15945816	0.19027837	0.21043015	0.28676224	0.37303543
18	-0.014223363	-0.046440631	-0.026859737	-0.055024845	-0.12027548	-0.13784848	-0.19218528	-0.15046265	-0.21754336	-0.24569962	-0.26528051	-0.24720118	-0.21349115	-0.17607132	-0.20808806	-0.19682389	-0.14997694	0.026805806
36	0	PEAK OFF y grab offset #3
4	-1e+09	1	2	3
5	-0.06023979	-0.06023979	0	-0.018145725	-0.06023979
37	0	PEAK OFF b num frags detected
24	-1e+09	0.025281072	0.055285335	0.065442204	0.074633479	0.090893865	0.12513459	0.13170135	0.1446408	0.15125763	0.177966	0.1993283	0.21458161	0.23878205	0.24693573	0.27562225	0.28590119	0.32005584	0.36107147	0.37584198	0.39171112	0.42457306	0.49439728	1
25	-0.31137407	-0.31137407	-0.28690056	-0.24248123	-0.27982394	-0.25455681	-0.21198815	-0.21836852	-0.20802042	-0.23792564	-0.23692526	-0.25739414	-0.25004233	-0.29973695	-0.29145316	-0.32137266	-0.38353922	-0.31949335	-0.30081621	-0.36394974	-0.39140515	-0.31767243	-0.33818613	-0.30828091	-0.31137407
38	0	PEAK OFF b max self offset
22	-1e+09	0.031115413	0.055432439	0.064526677	0.073254704	0.077420749	0.094356179	0.098693848	0.10300308	0.11170685	0.11610138	0.12552154	0.14053945	0.14588654	0.16929901	0.18968475	0.20485198	0.27845022	0.29277313	0.30921662	0.35032928	0.40635955
23	0.14051423	0.14051423	0.15928742	0.092306757	0.088743208	0.06517426	0.032595466	0.054427444	0.034969226	0.044558855	0.049281464	0.059343063	0.057208155	0.0052502414	0.059303167	0.063126343	0.062114468	0.069751168	0.10241972	0.094776333	0.088326481	0.086233309	0.14051423
39	0	PEAK OFF b avg self offset
4	-1e+09	0.032539565	0.13880646	0.2147342
5	0.064438312	0.064438312	0.022444509	0	0.064438312
46	0	PEP COMP end cat C (len 3)
12	-1e+09	1	2	3	4	5	9	10	12	13	14	17
13	-0.42111947	-0.64321681	-0.31811	-0.22684637	-0.1929202	-0.11503606	-0.12041188	-0.15620719	-0.051521203	-0.096922547	-0.11312306	-0.12088307	-0.10196443
54	0	PEP COMP before cat score 1
11	-1e+09	4	7	8	10	11	12	13	14	15	17
12	0.0521072	0.01309182	0.00043455427	0.067468299	-0.04448758	-0.061776497	-0.038934887	-0.16024421	0.13354512	0.12163946	-0.010287428	0.094446073
55	0	PEP COMP after cat score 1
14	-1e+09	1	3	5	7	8	9	11	12	14	15	16	17	19
15	-0.13951801	-0.22739207	-0.0063933331	0.044986084	0.036681976	0.091011649	0.1029718	0.0085886976	0.07286832	0.0095059271	-0.016569462	0.10003457	0.15291473	0.022576061	-0.0087493347
56	0	PEP COMP span cat score 1
15	-1e+09	1	4	5	7	8	11	12	13	14	15	16	17	18	19
16	-0.056349502	-0.08837763	-0.022342691	-0.035951995	-0.059149069	-0.033731001	-0.017420606	-0.03681382	-0.033732717	-0.012644495	-0.018032689	-0.023145526	-0.02214996	-0.038840455	-0.00064813387	0.022766015
57	0	PEP COMP before cat score 2
12	-1e+09	8	10	11	12	13	14	15	16	17	18	19
13	-0.050022255	-0.039824911	-0.098609751	-0.06860983	-0.047740052	-0.26646349	-0.10823922	-0.21669725	-0.027102351	-0.002454545	-0.10448106	-0.031698703	-0.060178603
58	0	PEP COMP after cat score 2
9	-1e+09	5	9	10	12	13	15	17	19
10	0.073064405	0.062170081	0.15988887	0.17609436	0.13408654	-0.20113092	0.1215421	0.17210476	0.13037624	0.076257425
59	0	PEP COMP span cat score 2
11	-1e+09	1	2	4	5	6	8	10	13	16	19
12	0.016541641	0.016541641	0.029567592	0.0090432364	-0.067003808	-0.035983063	-0.025974781	-0.0063857569	0.0048139061	-0.0060203856	-0.0080823533	0.016541641
66	0	PEP COMP #aa A
2	-1e+09	1
3	-0.012291591	-0.012291591	0.0131331
68	0	PEP COMP #aa N
1	-1e+09
2	0	-0.11881152
69	0	PEP COMP #aa D
1	-1e+09
2	0	-0.018278948
70	0	PEP COMP #aa C
1	-1e+09
2	0	0.045490899
71	0	PEP COMP #aa Q
2	-1e+09	1
3	-0.10542877	-0.50761123	-0.73079856
72	0	PEP COMP #aa E
2	-1e+09	1
3	-0.0085788985	-0.15826377	-0.18110687
73	0	PEP COMP #aa G
2	-1e+09	1
3	0.045104232	0.049843196	0.13292383
75	0	PEP COMP #aa L
2	-1e+09	1
3	0.0048977776	0.035960135	0.031062358
76	0	PEP COMP #aa K
2	-1e+09	1
3	0.077910374	0.077910374	0
77	0	PEP COMP #aa M
1	-1e+09
2	0	0.12661514
78	0	PEP COMP #aa F
2	-1e+09	1
3	-0.01056175	-0.18561837	-0.20994126
79	0	PEP COMP #aa P
2	-1e+09	1
3	0.17050732	0.54640466	0.93253749
81	0	PEP COMP #aa T
1	-1e+09
2	0	-0.024219344
82	0	PEP COMP #aa W
1	-1e+09
2	0	-0.17111062
83	0	PEP COMP #aa Y
2	-1e+09	1
3	0.030101928	0.031885606	0
102	0	PRM -N/C delta mass
19	-1e+09	-0.72381592	-0.41725159	-0.28965759	-0.22632599	-0.15396881	-0.03968811	0.0046234131	0.012207031	0.063552856	0.07975769	0.1259079	0.19076538	0.22492218	0.29457092	0.46543884	0.72564697	0.90041351	0.9908371
20	-1.4306982	-1.6932793	-0.72469129	-0.20634476	-0.16277102	0.061128209	0.13718135	0.21004753	0.31937272	0.40473545	0.43166898	0.4476154	0.42944887	0.36145317	0.12641431	0.054020835	-0.43558834	-0.90459673	-1.0066987	-1.1001853
103	0	PRM -N/C total breakage score
9	-1e+09	-41.542885	-8.4065771	-7.0388384	1.7767687	12.66626	13.710452	20.607056	33.477802
10	0	0	-0.015464227	-0.021805995	-0.11809507	-0.10158256	-0.067796931	-0.047678818	-0.043302501	0
104	0	PRM -N/C average breakage score
9	-1e+09	-11.468603	-8.1221037	-5.6365371	-3.1204154	-1.9610311	3.9042015	4.2006083	5.1769285
10	-0.01438356	-0.028948713	-0.054650078	-0.17145427	-0.22059796	-0.040183216	-0.056738165	-0.065026349	-0.0022722862	0.0031417989
105	0	PRM -N/C normalized average breakage score
8	-1e+09	-1.4010962	-1.1731397	0.29612812	0.62624854	2.1110432	2.2850754	5.5796337
9	0.0010615717	0.0010615717	-0.0084240909	-0.057197534	-0.052483245	-0.051421674	-0.047021601	-0.039686466	0.0010615717
106	0	PRM -N/C path score
10	-1e+09	28.765236	33.166595	33.954185	39.751205	44.066387	48.61631	57.685604	63.867966	71.741226
11	-0.015522101	-0.015522101	-0.020748385	-0.016566219	-0.023690952	-0.031736624	-0.047083259	-0.035743324	-0.05245369	-0.050408355	-0.015522101
107	0	PRM -N/C average path score
12	-1e+09	3.5018065	4.7942061	5.5277658	5.6590309	6.6252007	7.344398	8.1027184	9.0277176	9.6142673	10.644661	11.956871
13	-0.013439948	-0.013439948	-0.039251681	-0.058176387	-0.053122906	-0.06609058	-0.085479247	-0.099760676	-0.09137421	-0.083826782	-0.095471833	-0.049429783	-0.013439948
108	0	PRM -N/-C delta mass
28	-1e+09	-0.77416992	-0.38751984	-0.34002686	-0.27657318	-0.25267792	-0.23351288	-0.21651459	-0.20166779	-0.16438293	-0.11455536	-0.10565948	-0.096893311	-0.071060181	-0.054023743	-0.027359009	-0.017982483	0.035743713	0.048744202	0.077888489	0.094490051	0.11341095	0.15972137	0.22385406	0.26781464	0.32450104	0.40487671	0.53557587
29	-0.62349127	-0.63488692	-0.34574298	-0.30317436	-0.1756494	-0.14134208	-0.15451366	-0.10851541	-0.12132807	-0.051530002	-0.035097076	-0.027690807	-0.013505274	0.017921192	0.0040511603	-0.00084204419	-0.03993291	-0.087326341	-0.16085348	-0.13255496	-0.17918352	-0.17673672	-0.22273497	-0.27080735	-0.25537639	-0.31582585	-0.38241857	-0.41220535	-0.6173344
109	0	PRM -N/-C total breakage score
9	-1e+09	-5.6215119	7.3262668	13.627534	17.777155	19.084824	26.414015	40.911438	45.293011
10	-0.0010131341	-0.0010131341	-0.0065867171	-0.0045243388	-0.0065943889	-0.01175835	-0.022563079	-0.012111806	-0.0086281113	-0.0010131341
110	0	PRM -N/-C average breakage score
16	-1e+09	-0.6178937	1.1559207	1.8738066	2.5333395	3.4407668	5.2991891	5.8156652	6.8282638	7.3420658	8.7339344	9.0519037	9.3620405	10.059568	10.442619	12.497895
17	-0.071321313	-0.071321313	-0.13223167	-0.15296223	-0.13706568	-0.1285557	-0.14900037	-0.13820425	-0.1159577	-0.15420859	-0.17959415	-0.16878439	-0.15251527	-0.12529184	-0.08413382	-0.057449204	-0.071321313
111	0	PRM -N/-C normalized average breakage score
11	-1e+09	-0.93691868	1.2210444	2.2712557	2.7387581	2.9628592	3.180804	4.4023356	6.818573	7.5488353	7.811048
12	-0.0011245334	-0.0011245334	-0.045979122	-0.044854589	-0.045916559	-0.054112549	-0.05972848	-0.07462791	-0.062334161	-0.059175739	-0.038607427	-0.0011245334
112	0	PRM -N/-C path score
12	-1e+09	25.862392	30.612316	31.79023	41.455841	46.597694	49.645897	50.439533	52.092407	57.514488	63.210052	64.620102
13	-0.043420436	-0.043420436	-0.062315347	-0.051507875	-0.067490282	-0.058098505	-0.061795434	-0.031599852	-0.055945128	-0.058625081	-0.039371853	-0.042189234	-0.043420436
113	0	PRM -N/-C average path score
17	-1e+09	4.3103986	5.1020527	5.2983718	6.3818593	6.909307	7.0361428	7.2774525	7.6414642	7.7662826	8.2743158	8.4065886	8.6820679	9.5857477	10.535008	10.770017	12.626119
18	-0.037992686	-0.037992686	-0.06851233	-0.063304143	-0.089458567	-0.09980304	-0.085951984	-0.11165115	-0.12130305	-0.12379294	-0.13357472	-0.077067758	-0.08998686	-0.093255927	-0.082068126	-0.083076681	-0.088490477	-0.037992686
114	0	PRM path score
14	-1e+09	-27.39497	-17.707195	-2.5500374	1.015479	2.6012125	7.1494551	12.601825	21.648386	22.907648	28.059807	37.887356	51.671452	54.807663
15	0.002795856	-0.034633267	-0.092141644	-0.10666916	-0.05484345	-0.0069857544	-0.0038336817	-0.0027851823	0.0089256546	0.046521859	0.086131077	0.091969814	0.11733607	0.067300291	0.055327647
115	0	PRM total breakage score
32	-1e+09	22.409073	24.968773	26.83791	28.310972	29.619658	30.794415	31.853617	34.688866	37.176468	37.965538	38.736996	39.510998	42.550953	43.266846	43.993473	44.706249	45.434746	46.938408	47.700569	50.073193	54.443554	58.503567	59.635281	60.842819	62.163002	63.600861	65.186417	66.968147	69.039795	71.568153	74.891678
33	0.34220636	0.34220636	0.18435273	0.12874744	-0.018223455	-0.085278195	-0.13725278	-0.21690443	-0.22063469	-0.28886502	-0.2738542	-0.3339203	-0.34005082	-0.37867448	-0.35845134	-0.36425241	-0.372317	-0.37894536	-0.41419186	-0.4383663	-0.40392821	-0.39266843	-0.3205171	-0.31458311	-0.24556413	-0.22959259	-0.177618	-0.1579619	-0.11497548	-0.066421865	2.815263e-05	0.18794317	0.34220636
116	0	PRM SeqPath rank
14	-1e+09	0	1	2	3	6	7	13	16	20	32	54	65	71
15	-0.073826591	0.1215705	0.079763662	-0.050391643	-0.0037582989	0.029121376	0.12932808	0.12712771	0.13629465	0.14173671	0.12970337	0.12388247	0.10297624	-0.019297572	-0.073826591
117	0	PRM multipath score
22	-1e+09	25.504335	31.99087	33.347336	34.572807	36.678936	38.579578	42.007565	42.822609	43.623844	44.430241	49.150909	51.577118	52.431747	54.168003	55.081917	60.199486	62.557945	63.859711	65.335617	66.957123	76.437286
23	-0.043730266	0.050078274	0.082131725	0.076748761	0.064369012	0.033058195	0.031998029	0.088842778	0.042633147	0.027679898	-0.0015620403	-0.0027544457	-0.0085211861	-0.079146432	-0.047494771	-0.053903787	-0.074160377	-0.091904611	-0.094940175	-0.063624809	-0.091025618	-0.15784943	-0.11530777
118	0	PRM delta score
25	-1e+09	0	2.325573	3.0215416	3.728054	4.4104958	5.6761398	6.2800636	8.0850525	8.6652603	9.7957611	10.91584	13.105381	13.643524	14.194672	15.2796	15.84898	17.000538	17.572895	19.395763	20.723656	21.42783	23.010616	23.860538	31.811813
26	0.83390512	1.1164724	1.0674942	1.0105778	1.0064667	0.95087642	0.89711984	0.82071346	0.80969468	0.77925456	0.77230808	0.63161035	0.6071211	0.56522009	0.46255632	0.48414532	0.58057394	0.52667938	0.48135077	0.48724299	0.4288358	0.41147783	0.36728003	0.24010112	0.1519585	0.15094104
119	0	PRM rank, delta score<=1.5
2	-1e+09	0
3	0.13881987	0.13881987	0
120	0	PRM rank, 1.5<delta score<=7.5
2	-1e+09	6
3	-0.0077666713	-0.012825796	0
121	0	PRM rank, 7.5<delta score<=15
9	-1e+09	2	4	7	8	16	18	22	26
10	-0.079771817	-0.11043431	-0.063618128	-0.064621908	-0.086617985	-0.13126151	-0.12697161	-0.067052605	-0.0052028732	-0.037946133
122	0	PRM rank, delta score>15
15	-1e+09	4	6	9	12	14	17	18	20	24	31	49	56	63	74
16	-0.28811517	-0.28811517	-0.24109559	-0.23260699	-0.18712517	-0.21687287	-0.21891047	-0.20238743	-0.17105427	-0.33304046	-0.22874225	-0.33040388	-0.30790124	-0.34135467	-0.24416188	-0.28811517
123	0	PRM tag, percent in top 5 denovo
3	-1e+09	0.60000002	0.80000001
4	0.0089512388	0.0089512388	0	0.0089512388
124	0	PRM tag, percent in top 20 denovo
12	-1e+09	0.1	0.15000001	0.2	0.25	0.30000001	0.40000001	0.44999999	0.5	0.55000001	0.80000001	0.89999998
13	0.074843829	0.074843829	-0.0043769353	-0.045781224	0.0094429805	-6.8356778e-05	0.021954782	0.026244933	0.028360584	0.037863195	0.024803668	0.070590523	0.074843829
125	0	PRM tag, percent in all denovo
11	-1e+09	0.059999999	0.079999998	0.12	0.18000001	0.22	0.38	0.40000001	0.54000002	0.68000001	0.74000001
12	0.095102533	0.063305895	0.17479742	0.26465594	0.26081897	0.24982711	0.34148295	0.35994621	0.37179711	0.40539186	0.3924004	0.39446602
126	0	PRM tag, rank if in top 5
10	-1e+09	0	1	2	4	5	9	18	21	43
11	0.17206305	0.18764341	0.10493429	0.1473613	0.067774924	0.047370055	0.03496684	0.031754628	0.11343636	0.1640658	0.17206305
127	0	PRM tag, rank if in top 5-20
8	-1e+09	0	2	3	11	20	30	65
9	0.11787896	0.11787896	0.085333542	0.027412214	0.0071963192	0.087665593	0.11572879	0.099157416	0.11787896
128	0	PRM tag, rank if in top 20-all
14	-1e+09	0	2	7	8	10	11	16	19	24	29	34	40	47
15	0.078352284	0.042864942	-0.014623928	-0.088333354	-0.13958018	-0.16370601	-0.14455516	-0.13907952	-0.15215883	-0.0028987149	0.037908673	0.101643	0.094236549	0.16770084	0.12419227
130	0	PRM delta num breakage scores (missing)
3	-1e+09	1	2
4	-0.022939505	-0.022939505	0.017010868	-0.022939505
133	0	PRM breakage score min 1
18	-1e+09	-23.88909	-21.269781	-16.225773	-15.39889	-13.899263	-13.18686	-11.859879	-9.3402281	-8.2219515	-7.7121944	-5.805233	-4.0126176	-3.0909173	-2.596951	1.1529427	2.616359	3.4288006
19	0.013088655	-0.11302135	-0.079158917	-0.061395254	-0.047926289	-0.075854311	-0.014898528	-0.0014913409	-0.0024882817	0.061143929	0.050323148	-0.0087832972	0.020109548	0.0064621301	0.0085706332	0.05840324	0.03126485	0.076855631	0.10945542
134	0	PRM breakage score min 2
22	-1e+09	-16.828474	-8.7561655	-7.7263002	-6.8457069	-5.4530091	-3.3295603	-2.3631659	-1.4605753	-1.0371934	0	0.36068076	1.0900989	2.1952753	2.5617647	3.2791739	3.6502371	4.3873219	5.9312449	6.7625885	9.9727325	11.56507
23	-0.14640096	-0.17932073	-0.1149996	-0.11397446	-0.11671778	-0.13753076	-0.070643248	-0.083793978	-0.098754689	-0.091343831	-0.070882193	-0.12001625	-0.1410474	-0.13766924	-0.13315194	-0.11615303	-0.077227417	-0.075157663	-0.08472385	-0.087314726	-0.097522268	-0.10549489	-0.10867518
135	0	PRM breakage score min 3
15	-1e+09	-2.77246	-0.38031852	0.20069569	2.4782789	2.8533359	3.5338192	5.3720818	6.2083068	6.746336	7.2687578	9.6376448	9.9614525	10.989679	11.784413
16	-0.14683461	-0.1294048	-0.12818771	-0.08509252	-0.1127398	-0.088787052	-0.11393495	-0.087164499	-0.11995341	-0.11685316	-0.15317596	-0.097028092	-0.11452877	-0.12438815	-0.10403295	-0.14683461
136	0	PRM breakage score min consecutive 3
20	-1e+09	-31.282852	-20.487125	-18.052866	-15.921542	-9.1987648	-1.718739	-0.6543318	0.37889695	2.4852777	4.4252729	5.3782277	7.2980309	11.088839	17.981789	20.179771	21.334036	23.892817	25.244743	30.294264
21	-0.11859907	0.070525172	0.088366306	0.085361727	0.16724113	0.083793223	0.0075938362	0.0096164041	-0.049431244	-0.071946376	-0.092795979	-0.091785584	-0.077750578	-0.13674157	-0.21344116	-0.2381819	-0.22670159	-0.19115829	-0.26725568	-0.3126202	-0.30114568
137	0	PRM breakage score max consecutive 3
24	-1e+09	-14.794865	4.193501	7.1722465	8.508811	9.7983503	11.039589	13.434365	15.630449	16.662302	17.684744	19.625103	23.345444	25.189648	26.969486	27.837841	28.730265	29.595051	31.440802	35.425186	37.580811	38.718384	39.880112	42.665623
25	-0.21292988	-0.11659308	-0.10260355	-0.10572882	-0.12503631	-0.12727593	-0.1328682	-0.15501449	-0.13464365	-0.070593515	-0.089042643	-0.11626818	-0.16757323	-0.18561773	-0.25451494	-0.19753175	-0.1898901	-0.1888816	-0.21004117	-0.2569275	-0.26296218	-0.32171367	-0.34436502	-0.34981453	-0.37472122
138	0	PRM breakage score min consecutive 2
20	-1e+09	-28.065332	-21.247231	-19.559311	-16.680689	-15.375583	-14.17927	-12.070425	-11.050696	-4.9108915	-4.1324067	-1.1243978	-0.37447309	4.0409279	7.9045696	8.7739153	9.6499949	11.575729	15.055895	20.400459
21	-0.1611586	-0.15115498	-0.15639518	-0.25250557	-0.19140664	-0.18350274	-0.20930699	-0.18182621	-0.20266633	-0.18561549	-0.15495891	-0.15905237	-0.15698065	-0.20672666	-0.16338656	-0.12033178	-0.17458011	-0.24819674	-0.25621783	-0.23147442	-0.17339336
139	0	PRM breakage score max consecutive 2
22	-1e+09	2.3261538	4.1433196	8.2657242	9.3924847	11.352722	13.083014	15.309015	16.655802	17.285503	17.931751	22.643913	23.209553	24.297619	24.863937	26.641714	27.246078	27.856602	29.193951	29.884235	31.319773	32.147064
23	-0.049390952	0.010799061	0.062977491	0.022840319	-0.0030488084	0.012450153	0.0821355	0.0093422868	-0.013051906	-0.024199624	-0.045920701	-0.058320275	-0.037664494	-0.033508905	-0.062977011	-0.06618802	-0.044516403	-0.031884484	-0.026617277	-0.066946326	-0.094505172	-0.099360229	-0.1142003
142	0	PRM #breakage scores 0 - 8
4	-1e+09	0	1	2
5	-0.0074251239	-0.022469856	-0.018433637	0.022572947	0.035411103
143	0	PRM #breakage scores 8 - 15
2	-1e+09	1
3	-0.0058866632	-0.0086831598	0.0080983438
144	0	PRM #breakage scores above 15
2	-1e+09	1
3	-0.025136241	0.023028943	-0.043340233
145	0	PRM %breakage scores below -10
3	-1e+09	0.2	0.33333334
4	-0.0010044123	-0.0010044123	0.0021255563	-0.0010044123
146	0	PRM %breakage scores below 0
6	-1e+09	0	0.25	0.33333334	0.5	0.60000002
7	0.024442426	0.063611354	0.023976399	0.0027954787	-0.036451933	-0.023422901	-0.053078543
148	0	PRM %breakage scores above 8
8	-1e+09	0	0.2	0.33333334	0.40000001	0.5	0.60000002	0.75
9	-0.007775438	-0.007775438	-0.025045993	0.012819163	0.015105858	0.0073956029	-0.0088466073	-0.0067778536	-0.007775438
150	0	PRM Score connected to C-terminal
5	-1e+09	3.4081368	6.1806545	9.5724773	13.606731
6	-0.12223021	-0.15032081	-0.098638098	-0.065492278	0	-0.10743665
151	0	PRM %breakages with 1 frag detected
4	-1e+09	0	0.2	0.25
5	-0.027215287	-0.028920217	-0.040596851	-0.0083125958	0.0093656848
152	0	PRM %breakages with 2 frag detected
5	-1e+09	0	0.2	0.25	0.40000001
6	-0.031781034	-0.077793064	-0.029906633	-0.014904788	0.016718106	0.094592338
153	0	PRM %breakages with > 5 frags detected
5	-1e+09	0	0.2	0.25	0.40000001
6	0.03937913	0.18738243	0.046555937	-0.018364909	-0.10290989	-0.17696547
154	0	PRM %breakages with dual orientation frags
7	-1e+09	0.2	0.25	0.40000001	0.5	0.60000002	0.80000001
8	-0.032312942	-0.2575796	-0.20117404	-0.069971482	-0.041681713	-0.0061853702	0.069667715	0.18861645
155	0	PRM #orientation switches
3	-1e+09	0	1
4	0.069866755	0.13134784	-0.02712507	-0.14976191
157	0	COMP PPP frag 1 obs_ratio
7	-1e+09	0	0.33333334	0.40000001	0.5	0.60000002	0.66666669
8	-0.0041503715	-0.0061781001	-0.042971805	-0.0035744006	0.019918119	-0.010054545	0.0021509022	8.0519839e-05
158	0	COMP PPP frag 2 obs_ratio
9	-1e+09	0	0.2	0.25	0.33333334	0.5	0.60000002	0.66666669	0.75
10	0.087024308	0.087024308	0.065978285	-0.16953662	-0.12034768	-0.10030133	-0.13791344	0.015568566	0.12682099	0.087024308
159	0	COMP PPP frag 3 obs_ratio
9	-1e+09	0	0.2	0.25	0.33333334	0.40000001	0.5	0.60000002	0.75
10	-0.0274159	-0.062236401	-0.079272815	-0.11248587	-0.061848688	-0.12090753	-0.034992837	-0.084078826	0.14474317	0.074761515
161	0	COMP PPP MOBILE sum ranks of missed 1-5
19	-1e+09	10	15	19	20	21	26	28	29	36	40	43	44	47	54	57	61	64	68
20	0.15195372	0.14030631	0.0074634587	-0.06425023	-0.098270797	-0.10866446	-0.13839573	-0.13215219	-0.09414222	-0.05805738	-0.072691191	-0.032603703	-0.045754418	0.0048894913	0.038372529	0.09924547	0.093885317	0.13413652	0.15618965	0.15723913
162	0	COMP PPP PARTMOBILE sum ranks of missed 1-5
6	-1e+09	20	35	47	54	68
7	-0.048623606	-0.048623606	0.022661649	0.064227223	-0.0097330011	-0.046599209	-0.048623606
164	0	COMP PPP sum ranks of missed 1-5
13	-1e+09	14	18	26	28	30	35	42	43	48	50	53	58
14	-0.022827458	-0.022827458	-0.0060567781	0.050522362	0.057366396	0.079271975	0.033406225	0.044053174	0.03265254	-0.0048137117	-0.012550529	-0.020448786	0.0032140374	-0.022827458
165	0	COMP PPP MOBILE sum ranks of missed 6-10
9	-1e+09	45	50	63	69	75	80	90	95
10	0.011315377	0.011315377	-0.010398228	-0.035889339	-0.043110157	-0.047784904	-0.025224266	-0.020696313	-0.0080017658	0.011315377
166	0	COMP PPP PARTMOBILE sum ranks of missed 6-10
4	-1e+09	73	79	84
5	-0.014771158	-0.014771158	-0.00404947	0	-0.014771158
168	0	COMP PPP sum ranks of missed 6-10
4	-1e+09	69	70	75
5	0.0053637051	0.0053637051	-0.0022918448	-8.9625679e-05	0.0053637051
169	0	COMP PPP MOBILE sum ranks of missed 11-15
9	-1e+09	70	75	80	90	95	105	115	120
10	0.093488217	0.093488217	0.089482082	-0.0071685554	-0.095093618	-0.08427956	-0.050631174	0.036233474	0.0608521	0.093488217
173	0	COMB PPP observed rank of predicted rank 1
7	-1e+09	0	1	2	3	5	7
8	0.055559312	0.24389644	0.23244491	0.16416512	0.13543667	0.051043264	-0.0006391957	-0.037180769
174	0	COMB PPP observed rank of predicted rank 2
7	-1e+09	0	2	3	5	6	8
8	-0.0071143931	0.066190726	0.17729845	0.13747981	0.091688369	0.05495213	0.039832946	-0.047245922
175	0	COMB PPP observed rank of predicted rank 3
6	-1e+09	0	1	5	7	9
7	-0.024074327	-0.0044383412	0.0079271504	0.052967162	0.032702992	-0.030362801	-0.044536622
176	0	COMB PPP observed rank of predicted rank 4
8	-1e+09	0	2	3	5	6	8	10
9	-0.010133196	0.0024849502	0.032585365	0.033621482	0.034614898	0.026535431	0.0076349163	-0.020395519	-0.019401352
177	0	COMB PPP observed rank of predicted rank 5
7	-1e+09	0	1	3	6	7	8
8	-0.0018419796	0.022098742	-0.0010617472	-0.02217438	-0.012183734	0.043219938	0.042206107	-0.022976811
178	0	COMB PPP observed rank of predicted rank 6
7	-1e+09	1	2	5	8	9	12
8	-0.020467059	-0.020467059	0.035730394	0.033556913	0.036778854	0.0012424964	-0.012066474	-0.020467059
179	0	COMB PPP observed rank of predicted rank 7
6	-1e+09	2	4	5	6	8
7	-0.038201472	-0.034517057	-0.024051759	-0.009468432	0.021334141	0.03389843	-0.038201472
180	0	COMB PPP predicted rank of observed rank 1
6	-1e+09	0	1	4	5	10
7	-0.00037960598	0.007347704	0.017962537	0.020758183	-0.030255563	-0.035418797	-0.0034899778
181	0	COMB PPP predicted rank of observed rank 2
4	-1e+09	0	6	9
5	-0.017340392	-0.017340392	0.0076254229	-0.0049338666	-0.017340392
182	0	COMB PPP predicted rank of observed rank 3
7	-1e+09	2	3	4	5	7	15
8	0.035964399	0.035964399	0.0054798958	-0.0040982485	-0.0019488345	-0.0049601076	-0.052243051	0.035964399
183	0	COMB PPP predicted rank of observed rank 4
5	-1e+09	2	3	6	12
6	0.0022110686	0.041331057	0.038117002	-0.012345651	-0.052567856	-0.04937677
184	0	COMB PPP predicted rank of observed rank 5
6	-1e+09	0	3	4	7	10
7	-0.021184913	-0.017500537	0.013155422	0.0052291481	-0.0047214985	-0.040003534	-0.024337602
185	0	COMB PPP predicted rank of observed rank 6
6	-1e+09	7	9	10	12	14
7	0.0089808975	0.011808596	-0.00038233288	-0.014786287	-0.010481395	-0.017882497	-0.029649488
186	0	COMB PPP predicted rank of observed rank 7
6	-1e+09	2	4	8	9	14
7	-0.047125168	-0.026714504	0.014547308	0.022765407	-0.0096908427	-0.040723109	-0.067234956
187	0	COMB PPP rank of missed #1
9	-1e+09	0	2	3	4	5	6	7	9
10	0.15989892	-0.20115011	-0.055823075	0.074697519	0.14750915	0.21110955	0.25443934	0.28929958	0.30985721	0.33786029
188	0	COMB PPP rank of missed #3
7	-1e+09	3	5	7	8	9	12
8	0.034911505	0.034911505	0.048111265	-0.042568946	-0.037649988	0.0016321058	0.043959815	0.034911505
189	0	COMB PPP rank of missed #5
4	-1e+09	5	7	11
5	0.0067317333	0.0067317333	-0.0034984388	-0.0062123927	0.0067317333
190	0	COMB PPP rank of missed #7
5	-1e+09	9	11	12	16
6	0.014477339	0.014477339	0.016509365	-0.020222529	-0.0013655991	0.014477339
191	0	COMB PPP rank of missed #9
2	-1e+09	15
3	-0.0030052324	-0.006053191	0.0054704992
192	0	COMB PPP rank of missed #11
3	-1e+09	15	17
4	0.0086890748	0.0086890748	-0.0018681509	0.0086890748
195	0	COMB PPP rank of missed #17
3	-1e+09	20	23
4	0.001589246	0.001589246	-0.0015209735	0.001589246
196	0	COMB PPP delta score #1
23	-1e+09	0	0.02890718	0.083523512	0.13919878	0.19432968	0.25008798	0.3603088	0.41971278	0.60067666	0.73416555	0.80505162	0.87660456	1.0269639	1.1046352	1.1883676	1.2732689	1.3614459	1.5602417	1.6778278	1.8086982	1.9605155	2.6721094
24	-0.30466026	-0.13233824	-0.078438307	-0.076354737	-0.04790195	-0.050956981	-0.091918612	-0.14907709	-0.20768579	-0.20385405	-0.16927572	-0.17029381	-0.23626482	-0.2070197	-0.19226885	-0.15158863	-0.20915065	-0.2716291	-0.28160602	-0.27009734	-0.29129279	-0.32559126	-0.38967946	-0.53253873
197	0	COMB PPP delta score #2
24	-1e+09	-1.1669288	-0.65996653	-0.51177955	-0.38798416	-0.28594238	-0.1102221	-0.031900167	0	0.026845396	0.087291479	0.39949644	0.46452928	0.79692662	0.86128402	0.92499876	0.99018288	1.0560842	1.1921111	1.2627075	1.3374221	1.6119401	2.0273578	2.2525001
25	-0.24351387	-0.087856243	-0.089867355	-0.029838725	0.0044058722	-0.011551547	-0.088178274	-0.083100712	-0.048684274	-0.044886627	-0.043014322	-0.044004378	-0.02351967	-0.13216054	-0.15220711	-0.14177037	-0.13057159	-0.15595044	-0.17676777	-0.14226076	-0.18029035	-0.2232756	-0.32169484	-0.35472982	-0.43005852
198	0	COMB PPP delta score #3
21	-1e+09	-1.4305714	-1.1566578	-0.96334386	-0.46339661	-0.20259905	-0.052420974	0	0.027907848	0.14674866	0.43729115	0.61007571	0.84119362	1.1466162	1.2161934	1.2916417	1.3701046	1.5585172	1.6725358	1.8079355	1.9869113
22	-0.22562164	-0.16957212	-0.11848554	-0.0078692635	-0.062843511	-0.055449218	-0.095204747	-0.061658328	-0.05740155	-0.074902116	-0.052045926	-0.14323362	-0.15046343	-0.18797995	-0.18687349	-0.23765839	-0.23229933	-0.24816304	-0.25570191	-0.26465654	-0.27660353	-0.29314339
199	0	COMB PPP delta score #4
17	-1e+09	-1.5560503	-1.2884707	-0.59327984	-0.4109304	-0.25176179	-0.042839289	0.056806803	0.11221373	0.49305212	0.59928977	0.65092856	0.86294472	0.97944659	1.0389936	1.4115081	1.5134901
18	-0.040983226	0.01492042	0.041854701	0.098856608	0.12616066	0.063607196	0.094406725	0.11176309	0.15436423	0.15129133	0.13889574	0.13360049	0.041746723	0.058830395	-0.02367908	-0.026538131	-0.052337412	-0.059259246
200	0	COMB PPP delta score #5
21	-1e+09	-1.6736095	-1.0256704	-0.77796829	-0.58066952	-0.49535877	-0.3347826	0	0.084157109	0.13416505	0.23628485	0.28724933	0.33723193	0.48882055	0.63501686	0.6829567	0.73183799	0.9416517	1.0583719	1.365772	1.6200019
22	-0.11284057	-0.11284057	0.052329599	0.12088925	0.10231643	0.075994101	0.069110244	0.055500549	0.063915237	0.034582772	0.023975578	0.020847915	0.0042517216	-0.018072564	-0.0023885885	-0.0013905335	-0.036433843	-0.071264632	-0.063503573	-0.11388387	-0.1776017	-0.11284057
201	0	COMB PPP delta score #6
20	-1e+09	-1.7694769	-1.4360561	-1.2108488	-1.0459324	-0.91085172	-0.44347394	-0.36862177	-0.29556143	-0.22655702	-0.10404992	0.020376801	0.25154105	0.34318304	0.47798726	0.61221999	0.70412558	0.80096304	0.85198206	1.3584569
21	-0.049436763	-0.049436763	0.067147386	0.086089166	0.15005799	0.13405001	0.14889892	0.14989704	0.092324681	0.093312359	0.11811144	0.12017681	0.13516254	0.078649844	0.10175074	0.094623316	0.036647417	0.023599194	-0.035910335	-0.015967822	-0.049436763
202	0	COMB PPP delta score #7
15	-1e+09	-1.8103225	-1.2379559	-0.61871845	-0.53657961	-0.38704407	-0.31701228	-0.18980038	-0.12998271	0.13293171	0.33567601	0.37778902	0.54398668	0.99546731	1.0665941
16	-0.064936275	-0.051506544	-0.028000941	-0.0071237957	-0.0092031468	-0.035778916	-0.0018512421	-0.015818497	-0.018926822	-0.037656975	-0.049990525	-0.057932665	-0.051113486	-0.073779856	-0.1034815	-0.078018988
203	0	COMB PPP dot prod pred-obs top 15
15	-1e+09	0.15855861	0.36801022	0.52658296	0.56916535	0.57945311	0.61352658	0.63658863	0.65429807	0.6790002	0.73433089	0.75727713	0.76813239	0.78721541	0.86074197
16	-0.031362392	-0.031362392	-0.019523043	0.017941804	0.020675484	0.018492858	0.021980632	0.015604326	0.043653473	0.066201145	0.040396269	-0.029414724	0.032300753	-0.026830294	-0.056247886	-0.031362392
204	0	COMB PPP dot prod obs-pred top 15
20	-1e+09	0.15855861	0.20295502	0.23032206	0.30335304	0.37713823	0.42357841	0.4363699	0.47710952	0.49366423	0.50515747	0.51512724	0.54936641	0.59158105	0.60621089	0.62212658	0.63744789	0.66143066	0.68859178	0.70254886
21	-0.054164568	-0.054164568	-0.056565809	-0.067812516	-0.046653576	-0.030424141	-0.068854714	-0.035128539	-0.029830245	-0.072805378	0.012170489	0.016747652	0.018823188	-0.042483979	-0.046645584	-0.056147919	-0.058483187	-0.030967444	-0.097931678	-0.051040346	-0.054164568
205	0	COMB PPP dot prod pred-obs top 30
12	-1e+09	0.15293284	0.16801839	0.30050895	0.34355378	0.37133533	0.37789127	0.40131822	0.4634608	0.50475657	0.52535367	0.53641504
13	0.015455091	0.0037010606	-0.014579188	-0.031677631	-0.036787176	-0.033402419	-0.042268798	-0.019412049	-0.02798354	0.029512639	0.025814632	0.02893098	0.021300016
206	0	COMB PPP dot prod obs-pred top 30
14	-1e+09	0.10287504	0.13168006	0.14943618	0.19681969	0.24469255	0.27482983	0.30955619	0.32029825	0.37095442	0.40364739	0.44678432	0.45163253	0.46830446
15	-0.016983097	-0.016983097	-0.031755325	-0.03400444	-0.030101129	-0.026431965	-0.03528116	0.024573386	-0.02203062	-0.0015093763	0.026017508	-0.0045939875	-0.0018068394	0.018639775	-0.016983097
207	0	COMB PPP dot prod pred-obs top 45
5	-1e+09	0.29342049	0.29860085	0.41512221	0.42386267
6	-0.00099562269	-0.00099562269	-0.0020167323	-0.0010211096	0	-0.00099562269
208	0	COMB PPP dot prod obs-pred top 45
15	-1e+09	0.10405051	0.11808097	0.15552233	0.19335033	0.21716413	0.22372007	0.24460408	0.2530922	0.25898364	0.28165781	0.29311952	0.31895274	0.35686949	0.37004325
16	-0.015295115	-0.015295115	-0.016324363	-0.0065232878	0.0035479397	-0.0095529906	-0.0035505251	-0.0013778842	-0.033564389	-0.021209295	-0.017319393	-0.018572507	0.0009289698	-0.016474429	-0.0021714885	-0.015295115
