0 -999999999 -999999999 -1 -1
1 0 0 -1 -1
-0.02565 0.1695
356
-7.37384381e-01
0.00000000e+00
0.00000000e+00
0.00000000e+00
0.00000000e+00
0.00000000e+00
0.00000000e+00
0.00000000e+00
0.00000000e+00
0.00000000e+00
0.00000000e+00
0.00000000e+00
0.00000000e+00
0.00000000e+00
0.00000000e+00
0.00000000e+00
0.00000000e+00
0.00000000e+00
0.00000000e+00
0.00000000e+00
0.00000000e+00
0.00000000e+00
0.00000000e+00
0.00000000e+00
0.00000000e+00
0.00000000e+00
0.00000000e+00
0.00000000e+00
0.00000000e+00
0.00000000e+00
0.00000000e+00
0.00000000e+00
0.00000000e+00
0.00000000e+00
0.00000000e+00
0.00000000e+00
0.00000000e+00
0.00000000e+00
0.00000000e+00
0.00000000e+00
0.00000000e+00
0.00000000e+00
0.00000000e+00
0.00000000e+00
0.00000000e+00
0.00000000e+00
0.00000000e+00
0.00000000e+00
0.00000000e+00
0.00000000e+00
0.00000000e+00
-9.60619076e-01
3.28370928e-01
-1.08158496e+00
0.00000000e+00
0.00000000e+00
0.00000000e+00
0.00000000e+00
-6.74857925e-01
1.78699864e-01
-1.69375349e-01
6.09608800e-01
5.18194013e-01
1.58499468e-01
3.61563674e-01
-1.02312984e+00
-7.72908793e-01
1.22877295e+00
-5.54662905e-01
-2.98232313e-02
3.57461174e-01
-2.24073926e+00
1.80341161e-02
4.27907636e-01
1.00198668e+00
8.21816455e-03
-4.62146987e-01
1.05603110e+00
1.39652325e-03
-3.10702058e-01
0.00000000e+00
0.00000000e+00
0.00000000e+00
0.00000000e+00
0.00000000e+00
0.00000000e+00
0.00000000e+00
-3.85162046e-01
-2.41904732e-01
-1.10317603e-01
-9.31563942e-01
2.71781289e-01
-4.23546235e-01
-1.90933061e-01
-4.21096563e-01
-2.86684892e-02
-9.24852989e-02
3.41564911e-01
8.89680448e-01
2.79244592e-01
-3.23923985e-01
6.79387471e-01
0.00000000e+00
0.00000000e+00
1.56723905e+00
1.69628935e+00
0.00000000e+00
0.00000000e+00
0.00000000e+00
0.00000000e+00
0.00000000e+00
0.00000000e+00
4.44631964e-01
5.36031320e-03
3.57058914e-02
-2.88025257e-01
-7.55983151e-01
-1.74631319e+00
3.97995089e+00
1.29233974e+00
8.74905070e-02
0.00000000e+00
0.00000000e+00
0.00000000e+00
-7.11300062e-02
-1.18862136e-01
-9.68198431e-02
2.53777042e-01
-2.02568942e-01
-6.69293008e-02
5.48207590e+00
5.50595536e+00
5.40375748e+00
5.32396724e+00
5.57401945e+00
5.40933424e+00
1.13476489e+00
2.33234408e-02
5.91519269e-01
1.45798120e-01
5.48873840e-01
-3.22181977e-01
1.73002079e+00
6.87665534e-01
7.93173697e-01
4.03173152e-01
5.98325914e-01
-3.45191202e-01
0.00000000e+00
0.00000000e+00
0.00000000e+00
0.00000000e+00
-2.13114054e+00
3.71481116e+00
0.00000000e+00
0.00000000e+00
1.39375616e+00
-1.82779999e-01
0.00000000e+00
0.00000000e+00
-1.06730940e+00
-1.51227161e+00
-1.23731402e+00
-9.14725898e-01
-2.30462343e+00
0.00000000e+00
0.00000000e+00
0.00000000e+00
1.84184470e-01
3.85297913e-01
-1.39031062e+00
-7.15418948e-01
3.19624150e-01
-1.09058079e+00
-2.64687777e-01
7.28147918e-01
5.65333725e-01
0.00000000e+00
-1.35547878e+00
-5.68077912e-01
-1.87184432e+00
2.12434809e-01
2.27647646e+00
2.94283242e-01
1.46751600e-01
-7.92631273e-01
5.34513572e-02
5.78421346e-01
5.44421056e-01
0.00000000e+00
0.00000000e+00
0.00000000e+00
-2.80816656e-01
-2.96552931e-01
2.44301457e-01
2.24539211e-01
4.01953192e-01
4.45204027e-01
1.15479790e-01
-2.20460279e-01
7.72675799e-03
0.00000000e+00
2.42659055e-01
-1.38103368e-01
4.15154324e-01
-1.83271285e-02
-4.79993986e-01
-6.94271366e-02
-1.58361819e-01
1.06269576e-01
2.44239293e-01
-2.41062323e-01
-3.81345598e-01
-4.87013438e-01
0.00000000e+00
0.00000000e+00
1.57816918e-01
2.48574872e-01
-4.17540224e-01
-3.18048085e-01
-7.90542766e-01
0.00000000e+00
0.00000000e+00
0.00000000e+00
-1.77836740e-01
1.50720421e+00
-2.25091738e-01
-2.71364202e-01
-5.40615954e-01
-3.32992534e-01
1.06429288e-01
7.17977899e-01
1.12500927e+00
0.00000000e+00
-5.08921920e-01
6.35085017e-01
6.11490650e-02
-2.23510646e-01
0.00000000e+00
1.10550987e-01
2.83875495e-02
3.92937459e-01
-1.59943044e-01
2.22029689e-01
1.05667840e-01
0.00000000e+00
0.00000000e+00
0.00000000e+00
-1.92327783e+00
-5.80295966e-01
0.00000000e+00
0.00000000e+00
-4.51884627e-01
4.47395339e-01
-3.53462563e-01
-6.74228742e-01
-1.34298186e+00
0.00000000e+00
0.00000000e+00
0.00000000e+00
-2.42699751e+00
0.00000000e+00
0.00000000e+00
0.00000000e+00
1.22206975e+00
2.60666497e-02
5.34564098e-01
1.19617094e+00
1.51544212e+00
1.27666259e+00
2.08778009e+00
2.70098748e-01
1.26126945e+00
0.00000000e+00
1.27267075e+00
6.50358708e-01
-6.57340761e-02
1.04701540e+00
0.00000000e+00
1.34883049e+00
8.03469814e-01
-3.31512785e-01
7.15244892e-01
8.86732900e-01
-3.72689471e-01
0.00000000e+00
0.00000000e+00
0.00000000e+00
8.41326840e-01
1.10247806e+00
6.81074164e-01
9.26032189e-01
1.18128974e+00
7.06299793e-01
7.03285677e-01
8.80654632e-01
5.82975008e-01
0.00000000e+00
6.18637843e-01
6.12728099e-01
9.12581062e-01
7.64920039e-01
0.00000000e+00
7.52713112e-01
5.99995423e-01
6.04482044e-01
7.76795406e-01
6.98369094e-01
-6.30365590e-01
-6.31437202e-01
0.00000000e+00
1.15109195e+00
2.38068014e-01
3.69754766e-01
-2.93635466e-01
-7.07556503e-01
-2.54998891e-01
0.00000000e+00
0.00000000e+00
0.00000000e+00
-7.10687884e-03
-4.81963158e-01
2.87865380e-01
-1.89118463e-01
4.18339740e-01
-1.96149197e-01
8.26305072e-02
-1.06037935e+00
-8.06224966e-01
0.00000000e+00
6.25479291e-01
-2.66606047e-01
-2.77957708e-01
1.86936653e-02
0.00000000e+00
-2.72443720e-01
-1.25787960e-01
2.02868938e-01
-6.82149508e-01
-6.80933120e-01
1.07161207e-03
1.13727631e+00
9.36883950e-02
-1.41107505e+00
-1.79663192e+00
-8.80834408e-01
0.00000000e+00
4.23420830e-01
-1.66664532e-02
4.10740163e-01
-6.05613332e-01
-6.85961239e-01
-9.15797510e-01
-3.31193554e-01
5.21161720e-01
-1.00032798e+00
247
-1.18566189e+00
0.00000000e+00
0.00000000e+00
0.00000000e+00
0.00000000e+00
0.00000000e+00
0.00000000e+00
0.00000000e+00
0.00000000e+00
0.00000000e+00
0.00000000e+00
0.00000000e+00
0.00000000e+00
0.00000000e+00
0.00000000e+00
0.00000000e+00
0.00000000e+00
0.00000000e+00
0.00000000e+00
0.00000000e+00
0.00000000e+00
0.00000000e+00
0.00000000e+00
0.00000000e+00
0.00000000e+00
0.00000000e+00
0.00000000e+00
0.00000000e+00
0.00000000e+00
0.00000000e+00
0.00000000e+00
0.00000000e+00
0.00000000e+00
0.00000000e+00
0.00000000e+00
0.00000000e+00
0.00000000e+00
0.00000000e+00
0.00000000e+00
0.00000000e+00
0.00000000e+00
7.89492069e-02
5.09343391e-03
5.82660108e-01
-1.82266028e-02
-2.81411641e+00
6.61742927e-02
9.66845204e-01
1.69249332e-02
0.00000000e+00
0.00000000e+00
0.00000000e+00
0.00000000e+00
0.00000000e+00
0.00000000e+00
0.00000000e+00
-1.73180053e+00
-2.07682418e-01
7.53821062e-01
8.19239522e-01
1.18320445e+00
0.00000000e+00
0.00000000e+00
0.00000000e+00
0.00000000e+00
0.00000000e+00
0.00000000e+00
-5.79744983e-01
-1.01098056e-01
3.71733704e-01
1.91266332e-01
-7.52923995e-01
-1.13413441e+00
3.44253381e+00
0.00000000e+00
0.00000000e+00
0.00000000e+00
0.00000000e+00
0.00000000e+00
4.76839686e-01
6.45047346e-01
6.65136582e-01
2.87965914e-01
-4.34063685e-01
-1.76964758e+00
4.16222129e+00
4.06423757e+00
3.77240818e+00
4.23349991e+00
4.26711951e+00
3.68801650e+00
1.94189054e+00
1.58302945e+00
1.11968731e+00
1.13977111e+00
1.29785435e+00
-1.28176018e-01
0.00000000e+00
5.27358225e-01
-1.00167277e-01
7.68704249e-01
1.12646562e+00
8.68925282e-01
0.00000000e+00
-2.24014460e+00
3.43373936e+00
0.00000000e+00
1.05448271e+00
-6.09020632e-01
0.00000000e+00
0.00000000e+00
-6.83609002e-01
-1.32129241e+00
-1.63025993e+00
-7.38606402e-01
-2.00490141e+00
0.00000000e+00
0.00000000e+00
0.00000000e+00
1.96975130e-01
-8.46643398e-01
-1.00587707e+00
-2.72521974e-01
6.56078204e-01
-4.89153911e-01
-2.08880408e-01
6.66143822e-01
-2.22170736e-01
0.00000000e+00
-3.99801133e-01
2.37622766e-01
-4.11405494e-01
-2.80568638e-01
1.07590374e+00
2.75111542e-01
6.03915333e-02
-1.03443226e+00
-7.22417390e-02
7.05686094e-02
-3.19800376e-01
1.75594672e-01
0.00000000e+00
-2.42269835e-01
-1.11075509e-02
-1.62134555e+00
0.00000000e+00
0.00000000e+00
0.00000000e+00
1.86206546e+00
1.75514575e+00
1.38831059e+00
1.24099492e+00
1.43387711e+00
1.77905016e+00
1.45824701e+00
8.61258714e-01
1.76095051e+00
0.00000000e+00
2.24939803e+00
1.43069231e+00
1.20996677e+00
1.63108579e+00
0.00000000e+00
1.61259777e+00
1.05347945e+00
1.24343043e+00
1.30262564e+00
1.10291069e+00
-4.95395048e-01
0.00000000e+00
0.00000000e+00
0.00000000e+00
-1.68510103e+00
-8.59203675e-01
0.00000000e+00
0.00000000e+00
-7.59240995e-01
-8.25897358e-01
0.00000000e+00
0.00000000e+00
0.00000000e+00
-2.36886633e+00
0.00000000e+00
0.00000000e+00
0.00000000e+00
4.45086959e-01
-1.02165987e+00
-7.46119726e-02
1.88342284e-01
0.00000000e+00
1.28574167e+00
1.89904306e-01
-1.11131250e-01
1.40660389e-02
0.00000000e+00
-5.77703680e-01
3.18787687e-01
9.26681350e-01
1.67689895e-02
0.00000000e+00
-2.91208148e-01
5.01840045e-01
0.00000000e+00
8.68488279e-01
5.38818461e-01
-9.73108777e-01
-5.79180334e-01
0.00000000e+00
0.00000000e+00
3.15288144e-01
2.96105519e-02
0.00000000e+00
0.00000000e+00
0.00000000e+00
-2.25511878e-01
1.15192493e+00
0.00000000e+00
0.00000000e+00
0.00000000e+00
0.00000000e+00
4.66503586e-01
6.37410167e-01
0.00000000e+00
0.00000000e+00
0.00000000e+00
0.00000000e+00
0.00000000e+00
5.74514110e-01
0.00000000e+00
0.00000000e+00
7.70562033e-01
0.00000000e+00
5.24628247e-01
3.43966557e-01
-3.93928443e-01
5.68544921e-01
-1.00912341e+00
0.00000000e+00
-1.39575756e+00
-1.05107960e+00
0.00000000e+00
5.42299594e-04
-2.15767945e-01
-3.44677958e-01
0.00000000e+00
-7.35474537e-01
-1.59814863e+00
1 -999999999 2 0 -1
1 0 1 1 -1
-9.8536e-02 1.6921e-01
356
1.55377442e+00
0.00000000e+00
0.00000000e+00
0.00000000e+00
0.00000000e+00
0.00000000e+00
0.00000000e+00
0.00000000e+00
0.00000000e+00
0.00000000e+00
0.00000000e+00
0.00000000e+00
0.00000000e+00
0.00000000e+00
0.00000000e+00
0.00000000e+00
2.50296610e-01
0.00000000e+00
2.75489772e-01
-9.29782196e-01
3.13671847e-01
1.47186217e+00
0.00000000e+00
0.00000000e+00
-1.49859849e+00
-4.20887572e+00
-6.38134761e-02
1.23959298e-01
-2.63778176e-01
5.84658699e-01
-4.53907511e-02
2.50296610e-01
0.00000000e+00
-1.35370741e+00
3.70850296e-01
0.00000000e+00
0.00000000e+00
9.66708303e-01
-1.66927958e-01
6.37295713e-01
3.38312519e+00
0.00000000e+00
0.00000000e+00
0.00000000e+00
0.00000000e+00
0.00000000e+00
0.00000000e+00
0.00000000e+00
0.00000000e+00
0.00000000e+00
0.00000000e+00
-1.65846153e+00
-2.27984574e+00
-2.00752970e+00
0.00000000e+00
0.00000000e+00
0.00000000e+00
0.00000000e+00
1.07299306e+00
8.18686420e-01
1.05337328e+00
-6.70017921e-01
7.43790205e-01
-1.75159654e+00
-1.74453822e+00
-4.70574226e-02
0.00000000e+00
0.00000000e+00
-3.03983601e-01
-2.69032886e-02
-3.28238783e-01
3.60758560e-01
-4.75778939e-03
-8.35515724e-01
2.93827043e-01
2.36221369e-02
-9.87435741e-01
1.20317242e+00
1.28860938e-02
-3.98621963e-01
0.00000000e+00
0.00000000e+00
0.00000000e+00
0.00000000e+00
0.00000000e+00
0.00000000e+00
0.00000000e+00
5.48113033e-01
1.00566139e+00
0.00000000e+00
-1.42929591e+00
-1.59684152e+00
-1.13590679e+00
-7.87546840e-01
2.33637841e-01
1.73404929e+00
1.27824525e+00
-8.97775878e-01
-6.65449928e-01
6.21979702e-01
0.00000000e+00
0.00000000e+00
0.00000000e+00
0.00000000e+00
3.85445964e+00
4.47504325e+00
0.00000000e+00
0.00000000e+00
0.00000000e+00
0.00000000e+00
0.00000000e+00
0.00000000e+00
-2.79653427e-01
-4.99836978e-01
5.56566939e-01
5.32038694e-02
1.08603695e-01
-2.23956932e+00
0.00000000e+00
0.00000000e+00
0.00000000e+00
0.00000000e+00
0.00000000e+00
0.00000000e+00
2.37355888e-01
4.70498297e-01
3.54642480e-01
2.94530161e-01
-2.15768320e-01
-7.24889037e-01
6.21282764e+00
6.64448648e+00
6.58181178e+00
6.18812145e+00
6.54454119e+00
6.26512391e+00
1.73232931e+00
-1.86210138e-01
2.09079482e-01
-1.74097009e-01
1.14022969e-01
2.05534313e-01
-1.96077314e-01
-5.91876792e-01
-8.98283405e-01
-1.11220212e+00
-8.22609272e-01
-1.43170851e+00
0.00000000e+00
0.00000000e+00
0.00000000e+00
0.00000000e+00
0.00000000e+00
0.00000000e+00
0.00000000e+00
0.00000000e+00
4.89141272e+00
3.92097296e-01
0.00000000e+00
-1.58879724e+00
-1.52843190e+00
-5.49856259e-01
-7.72253319e-01
-7.82615334e-01
-2.30068522e+00
0.00000000e+00
0.00000000e+00
0.00000000e+00
1.51532725e-01
1.27119168e+00
-2.04944367e+00
-8.54879828e-01
2.06603781e+00
-2.29811425e+00
-1.39035309e+00
1.11454115e+00
1.10983667e+00
0.00000000e+00
8.81800641e-01
-8.79094381e-01
-1.07086710e+00
-1.15086483e+00
2.77720796e+00
1.67039093e+00
-1.71131840e+00
-2.10914661e+00
-9.41319281e-01
1.11217665e+00
1.45344559e-01
0.00000000e+00
0.00000000e+00
0.00000000e+00
5.20652693e-01
2.54420332e-01
8.48090963e-01
1.01697739e+00
0.00000000e+00
1.13020445e+00
9.71627589e-01
1.28813457e-01
1.15208912e-01
0.00000000e+00
-3.79945820e-02
1.36129478e-01
7.80318046e-01
7.73500599e-01
-1.77733922e-01
7.98436875e-02
8.52368833e-01
1.27275084e+00
8.11307440e-01
2.53235934e-01
-1.89974449e-01
-3.61002406e-01
0.00000000e+00
4.68273709e-02
2.49234567e-01
1.72750909e+00
-1.88958156e+00
-1.98929944e-01
9.49997272e-03
0.00000000e+00
0.00000000e+00
0.00000000e+00
-1.54932580e+00
8.73331067e-01
-8.66861925e-01
-9.19336862e-01
0.00000000e+00
-7.62094172e-01
-9.07692409e-01
2.71994933e-02
-1.86582969e-01
0.00000000e+00
-8.42387663e-01
3.24957955e-01
-7.12398820e-01
-8.71841070e-01
0.00000000e+00
-4.40673804e-01
-6.50512846e-01
1.31376577e+00
-1.14561169e+00
-5.90483882e-01
1.71027957e-01
0.00000000e+00
-4.61232791e-01
5.81088232e-01
-2.11071077e+00
-1.16742949e+00
0.00000000e+00
0.00000000e+00
6.16004519e-01
3.36785475e+00
0.00000000e+00
0.00000000e+00
-9.43281276e-01
0.00000000e+00
0.00000000e+00
0.00000000e+00
-1.33247159e+00
0.00000000e+00
0.00000000e+00
0.00000000e+00
8.63840998e-01
2.53934444e-01
4.37503808e-02
1.22989258e+00
0.00000000e+00
2.47293815e+00
5.83045149e-01
-1.40183843e-01
7.38024284e-01
0.00000000e+00
1.55221112e+00
-1.31517661e+00
7.51700217e-01
3.06917091e-01
0.00000000e+00
-5.22622502e-02
6.48771122e-02
1.34479317e+00
1.39021573e+00
1.10485509e+00
-7.61140595e-01
0.00000000e+00
0.00000000e+00
0.00000000e+00
1.13667528e+00
0.00000000e+00
1.06234558e+00
2.73491185e-01
0.00000000e+00
1.66368586e-01
0.00000000e+00
7.26135712e-01
0.00000000e+00
0.00000000e+00
0.00000000e+00
0.00000000e+00
0.00000000e+00
0.00000000e+00
0.00000000e+00
1.67674740e+00
4.57909236e-01
0.00000000e+00
0.00000000e+00
6.90612616e-01
-1.16639362e+00
-9.02925969e-01
1.38654388e+00
2.63586414e-01
-2.60238121e+00
2.01991325e+00
0.00000000e+00
0.00000000e+00
-1.53624608e+00
0.00000000e+00
0.00000000e+00
0.00000000e+00
-1.50795964e-01
0.00000000e+00
8.78522941e-01
5.76460071e-01
0.00000000e+00
-1.92730761e-01
0.00000000e+00
1.89406843e-01
0.00000000e+00
0.00000000e+00
0.00000000e+00
0.00000000e+00
0.00000000e+00
0.00000000e+00
0.00000000e+00
-1.05404706e+00
1.92830647e+00
0.00000000e+00
0.00000000e+00
0.00000000e+00
-2.63467647e-01
9.20802478e-01
1.21332514e+00
0.00000000e+00
-1.66077977e-01
3.53069711e-01
0.00000000e+00
9.40137653e-01
0.00000000e+00
5.62764262e-01
0.00000000e+00
0.00000000e+00
-5.19147687e-01
-7.73340378e-02
0.00000000e+00
0.00000000e+00
247
-9.45755956e-01
0.00000000e+00
0.00000000e+00
0.00000000e+00
0.00000000e+00
0.00000000e+00
0.00000000e+00
0.00000000e+00
0.00000000e+00
-7.75329355e-01
0.00000000e+00
0.00000000e+00
0.00000000e+00
0.00000000e+00
-9.45755956e-01
0.00000000e+00
-1.43419531e-01
-8.02336424e-01
-1.15292448e+00
-2.20908294e+00
0.00000000e+00
0.00000000e+00
0.00000000e+00
-1.04564031e+00
-1.70979984e-01
7.15445053e-04
-2.57961385e+00
-9.45755956e-01
0.00000000e+00
-5.59141136e-01
0.00000000e+00
0.00000000e+00
1.24157767e-01
1.98403917e-01
0.00000000e+00
0.00000000e+00
0.00000000e+00
0.00000000e+00
0.00000000e+00
0.00000000e+00
0.00000000e+00
-4.78712408e-01
-1.27816638e-02
-9.55825505e-01
-3.75137295e-03
-1.83087049e+00
1.20872277e-02
0.00000000e+00
0.00000000e+00
0.00000000e+00
0.00000000e+00
0.00000000e+00
0.00000000e+00
0.00000000e+00
0.00000000e+00
0.00000000e+00
-1.32140258e+00
-9.69900384e-02
0.00000000e+00
2.06481482e+00
4.92421870e+00
0.00000000e+00
0.00000000e+00
0.00000000e+00
0.00000000e+00
0.00000000e+00
0.00000000e+00
-2.23834149e-01
-6.19572587e-01
-2.09946769e-01
1.90522529e-01
-2.03397408e-01
-1.94434239e+00
0.00000000e+00
0.00000000e+00
0.00000000e+00
0.00000000e+00
0.00000000e+00
0.00000000e+00
3.47493083e-01
4.77056871e-02
-2.85628226e-01
-5.56543066e-01
-2.75589256e-01
-1.14232233e+00
7.69297881e+00
7.49112421e+00
7.47479375e+00
7.10755217e+00
8.33720791e+00
7.80724131e+00
-2.54526530e-01
-5.65582510e-02
-7.08175877e-01
-6.54416504e-01
0.00000000e+00
-5.44955296e-01
-1.76188549e-01
-9.25011857e-01
-8.71111573e-01
-3.10666931e-01
-1.02310393e+00
-8.61620911e-01
0.00000000e+00
0.00000000e+00
0.00000000e+00
0.00000000e+00
3.05933459e+00
-7.38089147e-01
0.00000000e+00
-1.32517964e+00
-1.03140694e+00
-1.97916383e+00
0.00000000e+00
8.53508305e-01
-3.01057077e+00
0.00000000e+00
0.00000000e+00
0.00000000e+00
6.54590552e-01
0.00000000e+00
-5.73225949e-01
1.08722445e+00
2.27369998e+00
-5.95301054e-01
-3.20531796e-01
1.90821997e+00
-8.53608595e-01
0.00000000e+00
-5.38038998e-01
0.00000000e+00
-5.38623413e-01
-2.39070035e+00
1.99538409e+00
9.47299007e-01
3.17846400e-01
0.00000000e+00
1.24816719e-02
3.35281791e-01
-1.22685714e+00
-4.43857174e-01
0.00000000e+00
-1.10372856e-01
7.50009989e-01
-8.46120888e-01
0.00000000e+00
0.00000000e+00
0.00000000e+00
1.56410721e+00
0.00000000e+00
1.39133057e+00
9.48625865e-01
0.00000000e+00
1.80844020e+00
1.96973347e+00
5.92570960e-01
1.54519815e+00
0.00000000e+00
1.60408393e+00
0.00000000e+00
8.08645442e-01
2.15553521e+00
0.00000000e+00
1.63806015e+00
1.40152111e+00
0.00000000e+00
1.23671224e+00
1.59053179e+00
-7.82999964e-01
0.00000000e+00
5.97203870e-01
4.54886592e-03
-1.78371363e+00
-5.87549768e-01
0.00000000e+00
0.00000000e+00
3.37936775e-01
-1.19616386e+00
0.00000000e+00
0.00000000e+00
0.00000000e+00
-4.54479501e+00
0.00000000e+00
0.00000000e+00
0.00000000e+00
2.00898018e+00
2.19589730e+00
2.42334579e+00
2.54438509e+00
3.58710708e+00
2.77460826e+00
2.57820452e+00
1.19036266e+00
0.00000000e+00
0.00000000e+00
1.39860342e+00
1.68465943e+00
1.58845497e+00
1.75544101e+00
0.00000000e+00
2.82579596e+00
2.32564342e+00
0.00000000e+00
1.66539691e+00
1.66380308e+00
-3.10263850e+00
0.00000000e+00
0.00000000e+00
0.00000000e+00
0.00000000e+00
0.00000000e+00
0.00000000e+00
0.00000000e+00
0.00000000e+00
0.00000000e+00
0.00000000e+00
0.00000000e+00
0.00000000e+00
0.00000000e+00
0.00000000e+00
0.00000000e+00
0.00000000e+00
0.00000000e+00
0.00000000e+00
0.00000000e+00
0.00000000e+00
0.00000000e+00
0.00000000e+00
0.00000000e+00
0.00000000e+00
0.00000000e+00
0.00000000e+00
0.00000000e+00
0.00000000e+00
1.23763631e+00
2.36622435e+00
8.06371609e-01
0.00000000e+00
-1.44215651e+00
0.00000000e+00
0.00000000e+00
0.00000000e+00
0.00000000e+00
-3.84128005e-01
2.01186135e+00
0.00000000e+00
0.00000000e+00
3 1
-1.2167e+00 3.6678e-01
2 1
0 1 
217
5.04242037e+00
-1.25975444e+00
-7.50359911e-01
-1.46744792e+00
1.26440599e+00
-3.79671138e+00
-1.80780922e+00
1.81014885e-01
1.48492706e+00
-3.06397204e+00
4.10089654e+00
2.04024798e+00
0.00000000e+00
0.00000000e+00
-9.32238145e-01
-8.27202860e-02
-1.60020856e+00
-2.96506921e+00
1.55420353e-02
-1.91810286e+00
7.85320885e-01
1.21309422e-02
-3.71113470e+00
0.00000000e+00
0.00000000e+00
0.00000000e+00
0.00000000e+00
0.00000000e+00
0.00000000e+00
0.00000000e+00
0.00000000e+00
0.00000000e+00
0.00000000e+00
2.14855002e+00
2.89387034e+00
0.00000000e+00
0.00000000e+00
2.28191324e+00
2.76050712e+00
0.00000000e+00
0.00000000e+00
0.00000000e+00
0.00000000e+00
0.00000000e+00
0.00000000e+00
1.37861343e+00
9.03299814e-01
2.76050712e+00
0.00000000e+00
0.00000000e+00
0.00000000e+00
0.00000000e+00
0.00000000e+00
0.00000000e+00
0.00000000e+00
0.00000000e+00
0.00000000e+00
0.00000000e+00
0.00000000e+00
0.00000000e+00
2.76050712e+00
1.37861343e+00
9.03299814e-01
0.00000000e+00
9.03299814e-01
-1.90127680e+00
1.06813601e+00
4.23870920e-01
3.07098454e+00
1.50702995e+01
4.88782486e-01
8.89830943e-01
0.00000000e+00
1.26754187e+00
2.18726424e-01
2.39626506e+00
2.12507539e+00
0.00000000e+00
0.00000000e+00
0.00000000e+00
0.00000000e+00
0.00000000e+00
0.00000000e+00
0.00000000e+00
0.00000000e+00
0.00000000e+00
0.00000000e+00
0.00000000e+00
0.00000000e+00
0.00000000e+00
0.00000000e+00
0.00000000e+00
0.00000000e+00
0.00000000e+00
0.00000000e+00
0.00000000e+00
0.00000000e+00
0.00000000e+00
0.00000000e+00
0.00000000e+00
0.00000000e+00
0.00000000e+00
0.00000000e+00
0.00000000e+00
0.00000000e+00
0.00000000e+00
0.00000000e+00
0.00000000e+00
0.00000000e+00
0.00000000e+00
0.00000000e+00
0.00000000e+00
0.00000000e+00
0.00000000e+00
0.00000000e+00
0.00000000e+00
0.00000000e+00
0.00000000e+00
0.00000000e+00
-4.32563147e+00
-1.65898330e+00
-5.09510741e+00
0.00000000e+00
0.00000000e+00
0.00000000e+00
6.79792031e-01
0.00000000e+00
1.84256980e+00
6.54216462e-01
2.92291203e+00
-1.60995839e+00
-4.03684998e+00
1.07585801e+00
4.72742606e+00
0.00000000e+00
-1.35281321e+00
1.19437210e+00
-1.15928596e+00
-3.16453936e+00
4.34694547e+00
1.60022848e+00
1.89291588e+00
-1.41984427e+00
-4.61469476e+00
1.25783241e-01
-4.50841896e-01
0.00000000e+00
0.00000000e+00
0.00000000e+00
6.44518354e-02
0.00000000e+00
-1.74292916e-01
-3.46984695e-01
-4.77848374e-02
2.84835953e+00
5.02507126e+00
1.10364682e+00
-5.80271926e-01
0.00000000e+00
2.27821891e+00
-5.22941255e-01
7.87676813e-01
4.56304206e+00
-1.82985657e+00
4.92993002e-01
7.28903245e-02
2.63219773e+00
4.38239689e+00
6.94510222e-02
-1.27079601e+00
0.00000000e+00
0.00000000e+00
0.00000000e+00
-5.57141306e-01
0.00000000e+00
1.07586557e+00
-1.37204667e+00
0.00000000e+00
2.37567591e+00
1.38785603e+00
1.79107645e+00
-2.92955326e-01
0.00000000e+00
-2.88377839e+00
-5.37315681e+00
-2.48409353e-01
0.00000000e+00
-1.60161401e+00
1.36290907e+00
-2.78366187e+00
1.42401395e+00
1.41029680e+00
2.77117044e-01
-7.62176319e-02
0.00000000e+00
0.00000000e+00
0.00000000e+00
5.15052763e-02
0.00000000e+00
-8.06776805e-01
2.34012247e+00
0.00000000e+00
-1.53866168e+00
-3.35387636e-01
-5.51477921e-01
1.20596659e+00
0.00000000e+00
2.22348216e+00
2.20425636e+00
4.43920993e-01
0.00000000e+00
1.75763818e+00
-1.14521321e+00
1.81642032e+00
-1.55269265e+00
-1.44284922e+00
1.04192090e-01
136
2.49802943e+00
1.18327552e+00
-2.33542777e-02
3.15553446e-01
3.70011915e-03
1.05179087e-02
1.04047878e-02
9.88682552e-01
1.59825471e-02
0.00000000e+00
0.00000000e+00
0.00000000e+00
0.00000000e+00
0.00000000e+00
0.00000000e+00
0.00000000e+00
3.63303898e-02
8.95010138e-01
0.00000000e+00
0.00000000e+00
9.31801400e-01
2.00101917e+00
0.00000000e+00
0.00000000e+00
0.00000000e+00
0.00000000e+00
0.00000000e+00
0.00000000e+00
-4.11149845e-01
1.34295124e+00
2.00101917e+00
0.00000000e+00
0.00000000e+00
0.00000000e+00
0.00000000e+00
0.00000000e+00
0.00000000e+00
0.00000000e+00
0.00000000e+00
0.00000000e+00
0.00000000e+00
0.00000000e+00
0.00000000e+00
0.00000000e+00
0.00000000e+00
0.00000000e+00
0.00000000e+00
-4.57890222e-01
-1.12273868e-01
-2.35528762e-01
-2.98294136e-01
-8.67921588e-01
2.19806000e-02
3.54760679e-02
-9.75235197e-01
-1.01653321e+00
0.00000000e+00
0.00000000e+00
0.00000000e+00
0.00000000e+00
2.00101917e+00
-4.11149845e-01
1.34295124e+00
0.00000000e+00
0.00000000e+00
0.00000000e+00
0.00000000e+00
0.00000000e+00
0.00000000e+00
0.00000000e+00
0.00000000e+00
0.00000000e+00
0.00000000e+00
0.00000000e+00
0.00000000e+00
0.00000000e+00
0.00000000e+00
0.00000000e+00
0.00000000e+00
0.00000000e+00
0.00000000e+00
0.00000000e+00
0.00000000e+00
0.00000000e+00
0.00000000e+00
0.00000000e+00
-1.46757611e+00
-1.20362898e+00
-1.79978082e+00
0.00000000e+00
0.00000000e+00
0.00000000e+00
6.61734696e-01
-1.82521259e+00
-4.78674367e-01
1.20077579e-01
-5.46910191e-02
6.55863970e-02
2.70994246e-01
5.78767798e-01
-1.12430962e-01
0.00000000e+00
3.85844508e-01
-1.11352285e+00
-1.00521917e+00
1.55613155e-01
1.08298588e+00
4.50081397e-01
1.47868195e-01
-1.51381183e+00
8.44017598e-02
2.99826363e-01
-1.38260612e+00
0.00000000e+00
0.00000000e+00
0.00000000e+00
2.89512757e-01
-7.05026286e-01
-4.11414955e-01
4.07983352e-01
3.18249728e-01
3.80305845e-01
7.92303889e-01
1.07310996e-01
-4.30416923e-01
0.00000000e+00
3.54857608e-01
-6.06424300e-01
-6.74194047e-01
1.66574425e-01
-1.80290570e-01
1.39579876e-01
8.46413215e-03
-1.88136099e+00
2.04291257e-01
3.37088090e-01
2 1
-1.8048e+00 3.8685e-01
3 0
0 1 3 
217
4.82151575e-01
-2.49639618e-01
-5.29395079e-01
-6.10670307e-01
2.31335729e-01
2.80848519e-01
4.90870961e-01
9.17610392e-01
3.10228378e-01
5.86465886e-01
1.62718359e-01
8.73431679e-01
-7.13001852e-01
-3.97456782e-02
0.00000000e+00
0.00000000e+00
0.00000000e+00
-2.66936644e-01
4.83645246e-02
-5.33977498e-03
1.18793198e+00
-6.90651953e-03
1.59120963e+00
5.45843294e-01
4.76337754e-03
1.17459633e+00
0.00000000e+00
0.00000000e+00
0.00000000e+00
0.00000000e+00
0.00000000e+00
0.00000000e+00
0.00000000e+00
-1.03458577e+00
6.14948783e-01
9.01788559e-01
0.00000000e+00
8.91001941e-02
-5.38980960e-01
9.32032341e-01
0.00000000e+00
0.00000000e+00
0.00000000e+00
0.00000000e+00
0.00000000e+00
-3.81044149e-01
0.00000000e+00
7.05898244e-01
0.00000000e+00
-1.03009695e+00
0.00000000e+00
9.32032341e-01
0.00000000e+00
0.00000000e+00
0.00000000e+00
0.00000000e+00
0.00000000e+00
0.00000000e+00
0.00000000e+00
0.00000000e+00
6.07833640e-01
-3.81044149e-01
0.00000000e+00
0.00000000e+00
0.00000000e+00
4.60376088e-01
1.06000437e+00
2.11070188e+00
-8.33214880e-01
1.89938256e+00
-1.01827282e+00
-3.92868274e-01
0.00000000e+00
2.06425876e+00
-2.07217027e+00
-1.70966087e-01
7.29327331e-01
7.90372484e-01
4.62595466e-03
0.00000000e+00
9.49827055e-01
-5.60548668e-01
-1.26267392e+00
-1.57120574e+00
0.00000000e+00
0.00000000e+00
0.00000000e+00
0.00000000e+00
0.00000000e+00
0.00000000e+00
0.00000000e+00
0.00000000e+00
0.00000000e+00
0.00000000e+00
0.00000000e+00
0.00000000e+00
0.00000000e+00
0.00000000e+00
0.00000000e+00
0.00000000e+00
0.00000000e+00
0.00000000e+00
0.00000000e+00
0.00000000e+00
0.00000000e+00
0.00000000e+00
0.00000000e+00
0.00000000e+00
0.00000000e+00
0.00000000e+00
0.00000000e+00
0.00000000e+00
0.00000000e+00
0.00000000e+00
0.00000000e+00
0.00000000e+00
0.00000000e+00
0.00000000e+00
0.00000000e+00
-5.70396225e-01
-1.44998493e+00
-1.30368118e+00
0.00000000e+00
0.00000000e+00
0.00000000e+00
1.94731281e+00
-6.29451099e-01
-1.87346152e+00
6.79177381e-01
7.16939178e-01
2.17115177e+00
-6.01528593e-01
-2.57386842e-01
-1.46911130e+00
0.00000000e+00
2.39591075e+00
-1.92524311e+00
-1.29214374e+00
-1.28380491e+00
-1.58674111e-01
2.20135938e+00
-9.22613283e-03
-1.22541403e+00
-2.44184619e-01
-4.45902441e-01
-3.14813726e-01
0.00000000e+00
0.00000000e+00
0.00000000e+00
-8.10405732e-01
6.14545400e-03
5.49525060e-01
-3.82584700e-01
-1.13580247e+00
-1.12260219e+00
5.51882047e-01
4.17156445e-01
7.19557627e-01
0.00000000e+00
-1.27010688e+00
8.17798281e-01
2.30563203e-01
7.83254404e-01
8.03915273e-01
-8.28978477e-01
-2.49036909e-01
1.55209155e-01
3.70992385e-02
4.12597447e-01
-6.53069122e-01
0.00000000e+00
0.00000000e+00
0.00000000e+00
-8.10757780e-01
2.29569720e+00
1.94817246e+00
1.62666999e+00
0.00000000e+00
1.54342854e+00
-1.84064065e+00
-9.84888993e-01
7.01922711e-01
0.00000000e+00
-1.42914809e+00
5.41187255e-01
1.40667298e+00
0.00000000e+00
-9.90601043e-01
1.81959724e+00
1.31478398e+00
-3.48383450e-04
-1.03172585e-03
-1.63587753e-01
-1.63744996e+00
0.00000000e+00
0.00000000e+00
0.00000000e+00
1.49169229e+00
8.68115711e-02
-5.18361894e-01
8.94070701e-01
0.00000000e+00
-4.09293949e-01
2.41331221e+00
1.75129907e+00
7.44996008e-01
0.00000000e+00
1.55063369e+00
1.01545239e+00
-1.63543819e+00
0.00000000e+00
7.22016781e-01
6.42437008e-01
8.96453888e-01
-7.49477303e-04
-2.11215010e-03
1.01133485e+00
136
7.26685600e-01
4.36123402e-01
-3.15687214e-02
-2.32819370e-02
1.02016611e-02
1.88698614e-02
9.06201746e-03
2.94974273e-01
2.49242632e-03
0.00000000e+00
0.00000000e+00
0.00000000e+00
0.00000000e+00
0.00000000e+00
0.00000000e+00
0.00000000e+00
-4.48398623e-01
4.83186307e-01
6.91897916e-01
-1.44730134e-02
1.37623914e-01
-1.02195338e-03
6.04556653e-01
0.00000000e+00
0.00000000e+00
0.00000000e+00
0.00000000e+00
-1.44730134e-02
-4.68809862e-01
6.06433776e-01
5.76519902e-01
0.00000000e+00
-2.48704774e-01
-3.28837081e-01
6.04556653e-01
0.00000000e+00
0.00000000e+00
0.00000000e+00
0.00000000e+00
0.00000000e+00
0.00000000e+00
0.00000000e+00
0.00000000e+00
0.00000000e+00
0.00000000e+00
0.00000000e+00
0.00000000e+00
2.63123681e-01
5.39726780e-01
4.96278151e-01
-7.52734196e-01
-4.34152186e-01
-2.97835464e-01
7.81063290e-01
-1.73072644e-01
-4.98528629e-01
6.10608114e-01
8.90626884e-02
-5.74144476e-01
6.19119147e-01
-4.63648200e-01
-4.68809862e-01
2.77596695e-01
0.00000000e+00
0.00000000e+00
0.00000000e+00
0.00000000e+00
0.00000000e+00
0.00000000e+00
0.00000000e+00
0.00000000e+00
0.00000000e+00
0.00000000e+00
0.00000000e+00
0.00000000e+00
0.00000000e+00
0.00000000e+00
0.00000000e+00
0.00000000e+00
0.00000000e+00
0.00000000e+00
0.00000000e+00
0.00000000e+00
0.00000000e+00
0.00000000e+00
0.00000000e+00
-1.67721800e+00
-1.90842005e+00
-1.57979350e+00
0.00000000e+00
0.00000000e+00
0.00000000e+00
4.28380759e-01
-1.75293887e+00
-5.63188337e-01
7.39473718e-02
7.91119978e-02
1.18906025e-01
4.50989595e-01
5.87662532e-01
-4.46860754e-02
0.00000000e+00
4.23625884e-01
-7.30679838e-01
-7.16343602e-01
2.85805762e-01
9.79799212e-01
4.47290794e-01
5.41787499e-02
-1.90835705e+00
1.19695914e-01
8.70056685e-02
-1.93889275e+00
0.00000000e+00
0.00000000e+00
0.00000000e+00
8.86069283e-02
1.21501346e+00
-6.77276442e-01
-1.88819304e-01
1.31309764e-01
-2.68029630e-01
6.75162159e-01
-5.18972851e-01
-4.63556677e-01
0.00000000e+00
3.58075519e-02
2.26870601e+00
-8.93308647e-01
-3.14698032e-02
-2.84371513e-01
-1.85756705e-01
-5.62987733e-01
-2.15207102e+00
-1.26465959e-01
-4.12342337e-04
4 1
-1.7846e+00 3.8299e-01
4 0
0 1 3 2 
217
2.25299275e+00
-1.04371520e+00
-3.16395834e-01
-7.18769434e-01
1.09239745e-01
-1.46431361e-01
9.22161909e-01
-5.82505287e-01
-1.07273300e-01
-6.60077687e-01
1.07532459e+00
1.85148007e+00
0.00000000e+00
0.00000000e+00
0.00000000e+00
0.00000000e+00
0.00000000e+00
-1.64185508e+00
-1.81311380e-02
2.56864253e+00
1.10898698e+00
-3.76952607e-02
1.51428774e+00
2.19920204e+00
-2.57215957e-02
-1.62826212e-01
0.00000000e+00
0.00000000e+00
0.00000000e+00
0.00000000e+00
0.00000000e+00
0.00000000e+00
0.00000000e+00
1.60641252e+00
1.98127980e-01
4.48452259e-01
0.00000000e+00
-5.36091976e-01
1.13717485e+00
5.71509071e-01
1.08040080e+00
0.00000000e+00
0.00000000e+00
0.00000000e+00
0.00000000e+00
1.04910992e+00
-1.58520190e+00
-8.07503032e-01
0.00000000e+00
9.07889041e-02
0.00000000e+00
1.11429247e+00
0.00000000e+00
-3.84933413e-02
0.00000000e+00
1.36757320e+00
0.00000000e+00
-1.91035660e+00
0.00000000e+00
1.08040080e+00
8.73709563e-01
1.01061658e+00
3.68666612e-01
0.00000000e+00
3.07180428e-01
1.84828860e-01
1.19081131e+00
8.35348341e-01
7.55001011e-01
1.52696311e+00
5.78573032e-01
-1.38752415e+00
0.00000000e+00
1.08360427e+00
9.08770703e-01
1.97833960e+00
1.46275298e+00
-4.67342486e-01
3.91341152e-01
0.00000000e+00
3.92550694e-01
6.87925541e+00
1.93644339e+00
-3.45226242e+00
0.00000000e+00
1.81535488e+00
0.00000000e+00
4.54783636e-01
-2.16007178e+00
-1.71457602e-02
1.08608780e+00
0.00000000e+00
0.00000000e+00
0.00000000e+00
0.00000000e+00
0.00000000e+00
0.00000000e+00
0.00000000e+00
0.00000000e+00
0.00000000e+00
0.00000000e+00
0.00000000e+00
0.00000000e+00
0.00000000e+00
0.00000000e+00
0.00000000e+00
0.00000000e+00
0.00000000e+00
0.00000000e+00
0.00000000e+00
0.00000000e+00
0.00000000e+00
0.00000000e+00
0.00000000e+00
0.00000000e+00
0.00000000e+00
0.00000000e+00
0.00000000e+00
0.00000000e+00
-2.94130660e+00
-1.99067515e+00
-3.55959100e+00
0.00000000e+00
0.00000000e+00
0.00000000e+00
-1.62318228e+00
-1.26103397e+00
-2.20419413e+00
1.85895433e-01
-3.36715514e-01
-3.77162824e+00
1.38989815e+00
-1.32680188e+00
-1.55612767e+00
0.00000000e+00
-3.22535259e-01
-2.44533908e-01
-1.67985547e+00
1.16560932e+00
2.03630615e+00
2.15584770e+00
-1.62668790e-01
3.35695839e-01
1.07740770e+00
2.58302583e+00
3.16076420e-01
0.00000000e+00
0.00000000e+00
0.00000000e+00
6.50876286e-01
-6.73324939e-01
3.43417902e-01
-9.29351394e-03
7.59218191e-02
2.75259136e+00
1.42643671e-01
1.42833913e+00
1.43192773e+00
0.00000000e+00
-1.20575958e-01
-1.95820547e-01
6.88589901e-02
-4.98469106e-01
-7.80223233e-01
-1.38519667e+00
8.28657122e-04
-1.52193981e+00
-1.41796838e-01
-1.25268851e+00
-9.24077665e-02
0.00000000e+00
0.00000000e+00
0.00000000e+00
1.75136776e+00
2.75626795e+00
1.24414710e+00
-6.79012740e-01
1.50366523e-01
4.62049850e-01
-8.45945867e-01
-4.37956016e+00
-9.09817460e-01
0.00000000e+00
-1.17219389e+00
2.11893328e-01
-6.53230275e-01
1.07425081e+00
1.24524606e+00
-3.04621094e-01
-1.11836840e+00
-3.94480728e-01
6.69255083e-01
7.99978388e-01
-1.31809584e+00
0.00000000e+00
0.00000000e+00
0.00000000e+00
-1.02149799e+00
-4.54178457e-01
-1.66203105e+00
-2.63061409e-01
-6.96016052e-01
-3.36386518e-01
1.79962848e+00
2.30399186e+00
-3.34212140e-02
0.00000000e+00
3.62043409e-01
1.07586848e+00
1.01955365e+00
-6.57417459e-01
-1.31926778e+00
1.51207033e-01
4.32825484e-01
-6.33427543e-01
-8.72412759e-01
-5.14096008e-01
136
3.74938700e-01
2.90805034e-01
3.02610116e-02
-2.20933266e+00
3.98500045e-02
1.31659523e+00
-6.48498564e-03
9.76871096e-01
1.34678808e-03
0.00000000e+00
0.00000000e+00
0.00000000e+00
0.00000000e+00
0.00000000e+00
0.00000000e+00
0.00000000e+00
-5.15457059e-01
2.76038488e-01
6.14357271e-01
-5.02857895e-02
-7.81585755e-02
-2.32329188e-03
2.49785376e-01
2.55920981e-01
0.00000000e+00
0.00000000e+00
0.00000000e+00
-5.02857895e-02
-3.50161787e-01
2.72003212e-01
9.27403718e-02
0.00000000e+00
1.02346222e-01
-8.25010142e-02
5.90507188e-01
0.00000000e+00
-1.96934358e-02
0.00000000e+00
5.67926107e-01
0.00000000e+00
0.00000000e+00
0.00000000e+00
2.55920981e-01
0.00000000e+00
0.00000000e+00
0.00000000e+00
0.00000000e+00
-6.53074993e-02
5.64880945e-01
3.93459977e-01
-3.02568241e-01
-6.30089008e-01
-4.87045231e-01
7.31010960e-01
-1.89660757e-01
-3.88850668e-01
4.09516220e-01
7.79702252e-03
-8.38962965e-01
4.50682209e-01
-3.34202497e-01
-3.69855223e-01
7.64150601e-01
-7.88856657e-01
4.40358008e-01
-1.36165429e+00
0.00000000e+00
0.00000000e+00
0.00000000e+00
0.00000000e+00
0.00000000e+00
0.00000000e+00
0.00000000e+00
0.00000000e+00
0.00000000e+00
0.00000000e+00
0.00000000e+00
0.00000000e+00
0.00000000e+00
0.00000000e+00
0.00000000e+00
0.00000000e+00
0.00000000e+00
0.00000000e+00
0.00000000e+00
0.00000000e+00
-1.60342528e+00
-1.96140639e+00
-1.60109912e+00
0.00000000e+00
0.00000000e+00
0.00000000e+00
4.36092194e-01
-1.72295273e+00
-5.28900973e-01
1.16086930e-01
1.70995486e-01
9.76915821e-02
4.15822581e-01
4.22099502e-01
-2.78513261e-02
0.00000000e+00
3.59041275e-01
-7.37443862e-01
-6.24864809e-01
3.13143855e-01
1.00297851e+00
3.71606650e-01
-1.58626833e-03
-1.75827689e+00
2.53130770e-02
6.99060969e-02
-1.91722579e+00
0.00000000e+00
0.00000000e+00
0.00000000e+00
1.23997235e-01
1.04386939e+00
-6.68323569e-01
-1.52790205e-01
3.59328729e-01
-3.24651518e-01
5.22016891e-01
-4.37069935e-01
-4.41871882e-01
0.00000000e+00
4.12316237e-02
2.31670330e+00
-1.00799618e+00
-1.94668249e-01
-2.52196155e-01
-1.88498037e-01
-4.03801368e-01
-2.29176086e+00
-5.87315848e-03
4.51281504e-02
6 2
-3.5396e+00 4.6976e-01
5 -1
0 1 3 2 4 
217
1.90077577e-01
1.43457587e+00
-4.43464659e-01
6.89822618e-01
0.00000000e+00
0.00000000e+00
5.20178576e+00
-1.82299245e+00
7.98697023e+00
-1.21503408e+01
4.06135623e+00
7.25989965e-01
0.00000000e+00
0.00000000e+00
0.00000000e+00
0.00000000e+00
0.00000000e+00
0.00000000e+00
0.00000000e+00
0.00000000e+00
0.00000000e+00
0.00000000e+00
0.00000000e+00
-3.29602993e+00
1.13082553e-02
9.14734080e-01
0.00000000e+00
0.00000000e+00
0.00000000e+00
0.00000000e+00
0.00000000e+00
0.00000000e+00
0.00000000e+00
2.74225641e+00
-4.12996436e-01
-2.13918240e+00
0.00000000e+00
-1.76875738e-01
-3.78176356e-01
0.00000000e+00
1.23715324e+00
0.00000000e+00
0.00000000e+00
0.00000000e+00
0.00000000e+00
-2.87015517e+00
-1.24270570e+00
4.86094581e-01
0.00000000e+00
0.00000000e+00
0.00000000e+00
0.00000000e+00
0.00000000e+00
3.43516143e+00
0.00000000e+00
0.00000000e+00
0.00000000e+00
0.00000000e+00
0.00000000e+00
0.00000000e+00
8.67777013e-01
5.65006262e-01
-1.24270570e+00
0.00000000e+00
-1.24270570e+00
0.00000000e+00
7.29485294e-01
1.74002965e+00
7.03297981e-01
2.02464074e+00
-3.92032983e+00
1.78462348e+00
0.00000000e+00
9.38455734e-01
9.87624346e-02
1.38732819e+00
-6.86027140e+00
1.82077454e+00
-6.43453676e+00
0.00000000e+00
0.00000000e+00
0.00000000e+00
0.00000000e+00
0.00000000e+00
0.00000000e+00
5.80516998e+00
0.00000000e+00
-1.91005998e+00
-1.59875078e+00
0.00000000e+00
0.00000000e+00
0.00000000e+00
5.98078369e-01
0.00000000e+00
4.36756946e+00
-2.36698247e+00
0.00000000e+00
0.00000000e+00
0.00000000e+00
0.00000000e+00
0.00000000e+00
0.00000000e+00
0.00000000e+00
0.00000000e+00
0.00000000e+00
0.00000000e+00
0.00000000e+00
0.00000000e+00
0.00000000e+00
0.00000000e+00
0.00000000e+00
0.00000000e+00
0.00000000e+00
0.00000000e+00
0.00000000e+00
0.00000000e+00
0.00000000e+00
0.00000000e+00
0.00000000e+00
-1.65698063e+00
-4.50665029e+00
-5.97074514e+00
0.00000000e+00
0.00000000e+00
0.00000000e+00
3.60546926e+00
-2.33977658e-02
0.00000000e+00
6.36639735e+00
0.00000000e+00
-3.05049699e-02
-2.27445963e-01
-3.59220305e-02
8.58549024e+00
0.00000000e+00
-3.97318678e-01
0.00000000e+00
-9.24832183e-02
0.00000000e+00
5.69738851e+00
-4.38964995e+00
0.00000000e+00
-2.32896234e-02
0.00000000e+00
0.00000000e+00
-4.77578551e-01
0.00000000e+00
0.00000000e+00
0.00000000e+00
5.13004948e-01
-2.24513295e-02
0.00000000e+00
-1.65449287e+00
0.00000000e+00
-4.44956159e-02
2.84040056e+00
2.81959397e+00
-2.31891278e+00
0.00000000e+00
2.51655001e+00
0.00000000e+00
-1.53519329e-01
0.00000000e+00
-3.61659609e-01
6.69541997e+00
0.00000000e+00
-1.75762388e-02
0.00000000e+00
0.00000000e+00
-6.35820533e+00
0.00000000e+00
0.00000000e+00
0.00000000e+00
-1.77492468e+00
-3.59404411e+00
-2.88377806e-03
7.82193365e+00
0.00000000e+00
0.00000000e+00
-1.10572653e+00
-8.20931181e-01
0.00000000e+00
0.00000000e+00
1.88612392e+00
0.00000000e+00
0.00000000e+00
4.52595156e+00
0.00000000e+00
-4.00660537e-01
0.00000000e+00
0.00000000e+00
0.00000000e+00
-3.12939812e+00
-4.86530763e-01
0.00000000e+00
0.00000000e+00
0.00000000e+00
2.31025948e+00
3.22107959e+00
-7.38849940e-03
-4.33045530e+00
0.00000000e+00
0.00000000e+00
2.87515739e+00
1.01155794e+00
0.00000000e+00
0.00000000e+00
6.20924266e-01
0.00000000e+00
0.00000000e+00
-5.55048785e-01
0.00000000e+00
1.16300968e+00
0.00000000e+00
0.00000000e+00
0.00000000e+00
2.58170955e+00
136
3.23349296e-01
0.00000000e+00
0.00000000e+00
0.00000000e+00
0.00000000e+00
2.00176300e-01
1.01649523e-02
7.01669984e-02
2.07788919e-03
0.00000000e+00
0.00000000e+00
0.00000000e+00
0.00000000e+00
0.00000000e+00
0.00000000e+00
0.00000000e+00
-1.71783666e-01
3.00390868e-01
1.94742095e-01
1.28806950e-01
-3.48799671e-01
1.14629725e-01
1.75113906e-01
3.26243833e-01
-7.26454467e-02
0.00000000e+00
0.00000000e+00
1.28806950e-01
-5.21682239e-01
2.52746149e-01
-1.21840794e-01
0.00000000e+00
1.70923851e-01
-3.04840641e-01
9.28599658e-01
0.00000000e+00
-1.23584593e-01
0.00000000e+00
5.85373551e-01
0.00000000e+00
-5.31365996e-01
0.00000000e+00
-1.25381152e-01
0.00000000e+00
0.00000000e+00
0.00000000e+00
0.00000000e+00
-1.10263263e-01
6.18875535e-01
5.10264289e-01
-1.94217938e-01
-5.22317671e-01
-3.54584356e-01
6.90399465e-01
-2.91005128e-02
-3.21666507e-01
4.99936040e-01
-1.90708531e-01
-5.92016203e-01
3.86153762e-01
-8.75324146e-01
-4.72696559e-01
8.67237227e-01
-7.56326426e-01
3.44931382e-01
-1.17959325e+00
0.00000000e+00
6.92811845e-02
-1.67375112e-01
3.19518830e-01
-7.24825690e-01
0.00000000e+00
0.00000000e+00
0.00000000e+00
0.00000000e+00
0.00000000e+00
0.00000000e+00
0.00000000e+00
0.00000000e+00
0.00000000e+00
0.00000000e+00
0.00000000e+00
0.00000000e+00
0.00000000e+00
0.00000000e+00
0.00000000e+00
-1.64861476e+00
-1.87066677e+00
-1.57306583e+00
0.00000000e+00
0.00000000e+00
0.00000000e+00
3.89469514e-01
-1.65432847e+00
-5.73898192e-01
7.61179485e-02
8.89768817e-02
1.30453927e-01
4.16562804e-01
4.29858725e-01
1.53407228e-02
0.00000000e+00
4.01887891e-01
-6.59385925e-01
-7.17996936e-01
3.33012949e-01
9.61132727e-01
3.53857850e-01
-1.60495356e-02
-1.58800936e+00
8.70420759e-03
3.12264292e-02
-1.85982619e+00
0.00000000e+00
0.00000000e+00
0.00000000e+00
5.60528911e-02
1.04371287e+00
-6.54365773e-01
-5.53189075e-02
1.75828211e-01
-1.41786431e-01
5.21482213e-01
-5.87417033e-01
-4.60544755e-01
0.00000000e+00
-6.06596345e-03
2.46945852e+00
-8.57698632e-01
-1.42792944e-01
-4.47695242e-01
-1.19400531e-01
-4.15720765e-01
-2.11405588e+00
-1.03074819e-02
-1.13190549e-01
