0 1 -999999999 -1 -1
1 1 0 -1 -1
0.3304 -2.31
356
-3.45390631e-01
-3.17980968e-01
-2.74096638e-02
6.74030647e-01
-1.01005585e+00
-4.16875056e-01
-3.59382828e-01
0.00000000e+00
0.00000000e+00
-6.67690949e-01
-3.44149108e-01
-9.22946782e-01
-9.89685468e-02
2.77408847e-01
3.03857136e-01
9.27646633e-02
0.00000000e+00
0.00000000e+00
0.00000000e+00
0.00000000e+00
0.00000000e+00
0.00000000e+00
0.00000000e+00
0.00000000e+00
0.00000000e+00
0.00000000e+00
0.00000000e+00
0.00000000e+00
0.00000000e+00
0.00000000e+00
0.00000000e+00
0.00000000e+00
0.00000000e+00
0.00000000e+00
0.00000000e+00
0.00000000e+00
0.00000000e+00
0.00000000e+00
0.00000000e+00
0.00000000e+00
0.00000000e+00
0.00000000e+00
0.00000000e+00
0.00000000e+00
0.00000000e+00
0.00000000e+00
0.00000000e+00
0.00000000e+00
0.00000000e+00
0.00000000e+00
0.00000000e+00
-1.44249050e-01
-6.09125296e-01
3.59702726e-01
0.00000000e+00
0.00000000e+00
0.00000000e+00
0.00000000e+00
-6.31602557e-01
-9.22844999e-01
-5.83633458e-01
3.72277762e-01
4.04692682e-02
4.57234209e-01
7.81945937e-01
-5.83919730e-01
4.74301785e-02
-9.46143922e-01
-1.40912590e+00
7.37665602e-02
-1.37753332e-02
-1.07200397e+00
1.94495690e-02
-4.15129988e-03
9.42968584e-01
1.25878041e-02
4.62268277e-02
1.19277065e+00
2.51366091e-02
3.81166727e-01
0.00000000e+00
0.00000000e+00
0.00000000e+00
0.00000000e+00
0.00000000e+00
-4.32298640e-01
-1.05210734e+00
-7.35033930e-01
-6.35658533e-01
0.00000000e+00
-2.63844607e+00
-2.80313494e-01
-2.32488880e+00
-4.36035121e-01
-2.12845279e+00
-2.34208038e-01
-5.59440531e-01
-6.71040865e-01
-5.05321381e-01
-7.99732227e-01
2.98346951e-01
-2.86265599e-01
0.00000000e+00
0.00000000e+00
4.06194542e+00
2.48335521e+00
0.00000000e+00
0.00000000e+00
0.00000000e+00
0.00000000e+00
0.00000000e+00
0.00000000e+00
-1.04676732e+00
-6.68491245e-01
-1.08536013e+00
-7.83491406e-01
1.41036248e-01
-9.64262196e-01
8.05121904e-01
2.53678375e+00
1.26971669e+00
-2.83499435e+00
0.00000000e+00
-1.37120942e+00
-7.46546901e-01
-8.79640685e-01
-8.97197706e-01
-6.34465013e-01
2.02512846e-01
7.69309323e-02
5.45230198e+00
5.32622478e+00
5.34723583e+00
5.70269238e+00
5.48934235e+00
5.29112915e+00
-3.34661797e-02
1.25645270e-01
2.43282429e-01
8.83817786e-02
-5.45670099e-01
-1.13642208e-01
0.00000000e+00
-1.31561405e-01
-7.66182258e-01
1.09594633e-01
-4.12939744e-01
4.31070938e-01
0.00000000e+00
0.00000000e+00
0.00000000e+00
0.00000000e+00
4.96606822e-02
1.88149192e+00
0.00000000e+00
0.00000000e+00
-3.95051314e-01
8.05664893e-01
0.00000000e+00
3.14300741e-01
-9.73313096e-01
-1.30404419e+00
-1.27071007e+00
-1.83900240e+00
-2.24402316e+00
0.00000000e+00
0.00000000e+00
0.00000000e+00
1.64431105e+00
1.89974703e+00
-1.08598148e+00
-5.23626395e-01
-1.52353399e+00
1.26837236e+00
1.20242366e+00
5.50526088e-01
-1.34197533e+00
0.00000000e+00
-6.43564873e-01
-5.52490389e-01
-1.30443052e-01
7.98602380e-02
-1.55325843e+00
-1.94029528e-01
9.26541221e-01
-2.29711980e+00
-6.62273619e-01
6.92492086e-01
2.00802598e-01
0.00000000e+00
0.00000000e+00
0.00000000e+00
-4.64221295e-01
-5.00579545e-01
2.24557067e-01
1.89847857e-01
4.31757621e-01
-4.37048955e-01
-4.76737495e-01
-2.17947189e-01
7.03244626e-01
0.00000000e+00
1.50811272e-01
-3.58539892e-03
-1.66287944e-01
4.96938863e-02
2.95821248e-01
8.59566993e-02
-5.43294151e-02
4.49497930e-01
2.48220867e-01
-3.07869238e-01
4.72780942e-01
7.39607976e-02
0.00000000e+00
9.36179888e-02
-1.21451134e-01
2.18722408e+00
-1.50591775e+00
-6.07345538e-01
-4.77878780e-01
0.00000000e+00
0.00000000e+00
0.00000000e+00
4.96673793e-01
2.69749849e-01
1.18486027e-01
6.61662321e-01
-3.43597009e-01
2.99333391e-01
7.52318609e-01
-3.92956871e-01
-9.38607168e-01
0.00000000e+00
1.56119266e-01
3.56098095e-01
7.27306994e-01
-5.11842560e-01
-1.44928292e+00
-2.82317399e-01
2.20328610e-01
-1.21479242e+00
-2.00296072e-01
7.97736688e-01
3.98820144e-01
0.00000000e+00
-1.93213065e+00
-1.43808333e+00
-2.71680411e+00
-1.04727389e+00
0.00000000e+00
0.00000000e+00
4.17196211e-01
5.36792187e+00
0.00000000e+00
0.00000000e+00
0.00000000e+00
0.00000000e+00
0.00000000e+00
0.00000000e+00
-3.14304659e+00
0.00000000e+00
0.00000000e+00
0.00000000e+00
5.25064228e-01
-2.41292485e-01
-3.08379264e-01
8.47491800e-01
2.04719552e+00
0.00000000e+00
1.71966047e+00
9.05374965e-01
1.21157222e+00
0.00000000e+00
-1.37061507e+00
6.88669415e-01
-1.67778765e-01
4.08823841e-01
-1.73527734e+00
8.36577264e-01
-2.14812486e-01
0.00000000e+00
8.03979569e-01
2.70344544e+00
-1.41668526e+00
0.00000000e+00
0.00000000e+00
0.00000000e+00
1.18568036e+00
1.17273603e+00
6.84109474e-01
1.18031579e+00
0.00000000e+00
0.00000000e+00
9.22784949e-01
1.20402080e+00
1.28898443e+00
0.00000000e+00
1.39086235e+00
1.00664652e+00
9.65713238e-01
1.65835509e+00
1.84730653e+00
1.34744902e+00
1.48393906e+00
0.00000000e+00
4.76779993e-01
5.24240804e-01
-1.74749538e+00
-1.30611674e+00
1.37690874e+00
-1.25083760e+00
-9.79871379e-01
5.97158862e+00
0.00000000e+00
0.00000000e+00
4.44203111e-01
0.00000000e+00
0.00000000e+00
0.00000000e+00
-8.01357115e-01
-1.21239439e+00
-4.05956943e-01
-9.14020985e-01
0.00000000e+00
0.00000000e+00
-1.10559259e+00
5.15820368e-01
8.10096991e-02
0.00000000e+00
-3.50173986e-01
7.48831843e-01
-1.29656578e+00
1.57643297e+00
6.62874929e-01
-5.05031608e-01
-6.40578530e-01
0.00000000e+00
-2.96256154e-01
-6.89960711e-01
-4.41378638e-01
3.30494370e+00
0.00000000e+00
1.83088364e+00
-1.39555120e+00
2.07255351e-03
-9.03921783e-01
-6.27238437e-01
0.00000000e+00
4.05602246e+00
0.00000000e+00
0.00000000e+00
-1.39762376e+00
2.89960879e-01
0.00000000e+00
0.00000000e+00
247
-5.66995271e+00
-2.30918024e+00
-3.36077247e+00
-7.94198840e-01
-1.51498140e+00
-6.67170991e-01
-2.48468751e+00
1.96095692e-01
0.00000000e+00
0.00000000e+00
-1.70784479e+00
1.02643518e+00
-8.01107407e-01
-6.60285841e-01
0.00000000e+00
0.00000000e+00
0.00000000e+00
0.00000000e+00
0.00000000e+00
0.00000000e+00
0.00000000e+00
0.00000000e+00
0.00000000e+00
0.00000000e+00
0.00000000e+00
0.00000000e+00
0.00000000e+00
0.00000000e+00
0.00000000e+00
0.00000000e+00
0.00000000e+00
0.00000000e+00
0.00000000e+00
0.00000000e+00
0.00000000e+00
0.00000000e+00
0.00000000e+00
0.00000000e+00
0.00000000e+00
0.00000000e+00
0.00000000e+00
-4.14672627e+00
1.16912230e-01
-3.48741378e+00
3.52869044e-02
9.10670992e-01
1.11279125e-03
1.05351635e+00
2.19405442e-02
0.00000000e+00
0.00000000e+00
0.00000000e+00
0.00000000e+00
0.00000000e+00
-4.91624870e-01
-1.19611954e+00
-2.08507921e+00
-1.18732198e+00
0.00000000e+00
1.02412227e+01
1.24550533e+01
0.00000000e+00
0.00000000e+00
0.00000000e+00
0.00000000e+00
0.00000000e+00
0.00000000e+00
1.28527836e+00
2.31372466e+00
1.15756314e+00
1.53646854e+00
0.00000000e+00
-1.13335205e-01
1.47633265e+00
0.00000000e+00
0.00000000e+00
0.00000000e+00
0.00000000e+00
0.00000000e+00
3.79921861e+00
4.25296166e+00
4.01485335e+00
2.17171247e+00
0.00000000e+00
0.00000000e+00
0.00000000e+00
9.69023190e+00
9.20692788e+00
9.61347889e+00
9.11431098e+00
9.04745865e+00
0.00000000e+00
0.00000000e+00
0.00000000e+00
0.00000000e+00
0.00000000e+00
1.42305447e+00
0.00000000e+00
0.00000000e+00
0.00000000e+00
0.00000000e+00
0.00000000e+00
0.00000000e+00
0.00000000e+00
-1.39346568e+00
7.01149140e-01
0.00000000e+00
-4.27648703e+00
-2.78136307e+00
0.00000000e+00
0.00000000e+00
-4.90771371e-01
-5.17869614e-01
-1.96514657e-01
-1.26799454e+00
-1.00864099e+00
0.00000000e+00
0.00000000e+00
0.00000000e+00
4.77842797e-01
4.76265598e+00
0.00000000e+00
-1.38296300e-01
0.00000000e+00
1.17900838e+00
-5.17304724e-01
1.45924940e+00
0.00000000e+00
0.00000000e+00
0.00000000e+00
3.26640147e+00
0.00000000e+00
7.78883131e-01
0.00000000e+00
-7.96295882e-01
0.00000000e+00
0.00000000e+00
0.00000000e+00
7.70560135e-01
-1.85846554e-01
-1.04541660e-01
0.00000000e+00
2.19514928e-01
2.74428895e-01
1.81878211e-01
0.00000000e+00
0.00000000e+00
0.00000000e+00
0.00000000e+00
0.00000000e+00
0.00000000e+00
0.00000000e+00
0.00000000e+00
0.00000000e+00
0.00000000e+00
-1.27108141e-01
0.00000000e+00
0.00000000e+00
0.00000000e+00
0.00000000e+00
0.00000000e+00
0.00000000e+00
0.00000000e+00
4.84085022e-01
0.00000000e+00
0.00000000e+00
0.00000000e+00
0.00000000e+00
-8.13048938e-02
0.00000000e+00
0.00000000e+00
-6.53583537e-01
-8.22794431e-01
-3.86229711e-01
0.00000000e+00
0.00000000e+00
0.00000000e+00
-4.36564720e-01
0.00000000e+00
0.00000000e+00
0.00000000e+00
-1.46450920e+00
0.00000000e+00
0.00000000e+00
0.00000000e+00
-1.13387791e+00
0.00000000e+00
0.00000000e+00
0.00000000e+00
0.00000000e+00
0.00000000e+00
2.77415965e-02
9.81240814e-01
0.00000000e+00
0.00000000e+00
0.00000000e+00
3.09101398e+00
0.00000000e+00
0.00000000e+00
0.00000000e+00
0.00000000e+00
0.00000000e+00
0.00000000e+00
0.00000000e+00
7.00298206e-01
-1.99406053e-01
4.68986656e-01
1.00076425e+00
3.13162780e-01
1.26603706e+00
-4.61378413e-01
0.00000000e+00
0.00000000e+00
0.00000000e+00
7.85610883e-01
0.00000000e+00
0.00000000e+00
0.00000000e+00
0.00000000e+00
0.00000000e+00
1.06419482e+00
0.00000000e+00
0.00000000e+00
0.00000000e+00
0.00000000e+00
0.00000000e+00
0.00000000e+00
0.00000000e+00
0.00000000e+00
0.00000000e+00
0.00000000e+00
0.00000000e+00
0.00000000e+00
0.00000000e+00
-6.68392708e-01
1.01547566e+00
0.00000000e+00
1.48884769e+00
-1.26510314e+00
0.00000000e+00
0.00000000e+00
0.00000000e+00
0.00000000e+00
0.00000000e+00
0.00000000e+00
0.00000000e+00
0.00000000e+00
2 -999999999 -999999999 0 -1
1 0 0 1 -1
2.7794e-02 -5.4291e-01
356
-1.27031562e+00
0.00000000e+00
0.00000000e+00
0.00000000e+00
0.00000000e+00
0.00000000e+00
0.00000000e+00
0.00000000e+00
0.00000000e+00
0.00000000e+00
0.00000000e+00
0.00000000e+00
0.00000000e+00
0.00000000e+00
0.00000000e+00
0.00000000e+00
0.00000000e+00
0.00000000e+00
0.00000000e+00
0.00000000e+00
0.00000000e+00
0.00000000e+00
0.00000000e+00
0.00000000e+00
0.00000000e+00
0.00000000e+00
0.00000000e+00
0.00000000e+00
0.00000000e+00
0.00000000e+00
0.00000000e+00
-1.25760597e+00
0.00000000e+00
-1.41574913e+00
0.00000000e+00
6.49578840e-01
1.62452625e+00
-1.42415685e-01
8.67279850e-01
3.00558851e-01
1.69970136e+00
0.00000000e+00
0.00000000e+00
0.00000000e+00
0.00000000e+00
0.00000000e+00
0.00000000e+00
0.00000000e+00
0.00000000e+00
0.00000000e+00
0.00000000e+00
-6.89416718e-04
-2.11462166e-01
-5.05111622e-02
0.00000000e+00
0.00000000e+00
0.00000000e+00
0.00000000e+00
-4.20123631e-01
-5.68710307e-01
-6.43125810e-01
7.51266955e-01
-3.46418509e-01
4.58243209e-01
-5.52653210e-02
6.97964599e-02
1.94617655e-01
8.04972570e-01
-2.13707504e+00
5.03436973e-02
3.85176029e-01
-5.92972855e-01
1.07985405e-02
-2.46190968e-01
1.32416965e+00
1.19812878e-02
-1.42245120e-01
1.35562634e-01
7.45847161e-03
7.95540775e-01
0.00000000e+00
0.00000000e+00
0.00000000e+00
0.00000000e+00
0.00000000e+00
6.15877295e-01
1.23786340e-01
5.17782603e-02
1.62793124e-01
0.00000000e+00
2.09508874e+00
9.55582049e-01
6.95871004e-01
-1.03047797e-01
1.10009000e-01
2.62680152e-01
-2.96255877e+00
-1.76843271e+00
-1.85073604e+00
-1.11160737e+00
-2.02470110e-02
-5.06205334e-01
0.00000000e+00
0.00000000e+00
3.29905750e+00
4.45570535e+00
0.00000000e+00
0.00000000e+00
0.00000000e+00
0.00000000e+00
0.00000000e+00
0.00000000e+00
-6.66433989e-01
-1.96919158e-01
-8.16859642e-01
-5.73158155e-01
-5.89894399e-01
-1.72610777e+00
7.40600016e-01
2.43646830e+00
0.00000000e+00
0.00000000e+00
0.00000000e+00
0.00000000e+00
-7.86071270e-02
3.08789189e-01
-8.85552088e-01
-1.16832302e+00
0.00000000e+00
0.00000000e+00
7.62022624e+00
7.84923021e+00
7.93828158e+00
7.80629781e+00
7.78183352e+00
7.59022907e+00
8.46964340e-02
-3.80873901e-01
-4.55437855e-01
2.11824630e-01
1.48918549e-01
4.70197037e-01
0.00000000e+00
0.00000000e+00
0.00000000e+00
0.00000000e+00
0.00000000e+00
0.00000000e+00
0.00000000e+00
0.00000000e+00
0.00000000e+00
0.00000000e+00
-1.39626316e+00
2.54835157e+00
0.00000000e+00
0.00000000e+00
1.25947549e-01
8.61466715e-01
0.00000000e+00
-2.95558370e+00
-1.51503057e+00
-1.25715224e+00
-7.24285031e-01
-1.51328502e+00
-2.23931560e+00
0.00000000e+00
0.00000000e+00
0.00000000e+00
5.56092004e-02
1.09723413e+00
-1.24078229e+00
2.01092711e-01
4.86437802e-01
-6.58891426e-01
-4.67977664e-01
2.62531473e-01
-8.68812817e-01
0.00000000e+00
1.78538873e-01
-2.35767418e-01
-5.24473335e-01
1.04515133e+00
-9.72529322e-01
-5.61925744e-02
4.68141417e-01
-1.23337889e+00
-3.10155750e-01
5.34908943e-01
-6.86804555e-01
0.00000000e+00
0.00000000e+00
0.00000000e+00
2.21579110e-01
0.00000000e+00
3.80879755e-01
3.99064845e-01
4.62522686e-01
8.80122973e-01
6.71327436e-01
6.83632152e-01
1.01667885e+00
0.00000000e+00
4.62548031e-01
6.39985328e-01
-2.29199136e-01
1.09163036e-01
1.45337033e+00
3.28190538e-01
4.47178377e-01
0.00000000e+00
5.07184189e-01
-1.26510364e-01
-6.13641214e-01
-2.65034304e-01
0.00000000e+00
-2.18471321e-01
-1.87853299e-01
1.53629483e+00
-1.46337054e-01
0.00000000e+00
3.11345848e-01
0.00000000e+00
0.00000000e+00
0.00000000e+00
3.88907690e-01
0.00000000e+00
3.06628360e-01
-1.09304251e-01
-1.30180933e-01
3.10189352e-01
-1.50339124e-01
-8.84906751e-02
-7.50323867e-01
0.00000000e+00
-3.44771153e-01
-4.92656795e-01
1.34717138e+00
4.03025469e-02
-1.27324236e+00
9.04826339e-01
3.47217783e-01
0.00000000e+00
7.91570450e-01
8.25666315e-01
-3.48606909e-01
0.00000000e+00
1.51977452e-01
1.01753233e-01
-1.62567439e+00
-1.24999626e+00
0.00000000e+00
0.00000000e+00
1.40438397e+00
2.67109427e+00
0.00000000e+00
0.00000000e+00
-3.75678122e-01
0.00000000e+00
-3.78952129e-01
8.59683801e-01
-2.77043726e+00
0.00000000e+00
0.00000000e+00
0.00000000e+00
-1.75234848e-01
0.00000000e+00
1.51311693e+00
-7.64851049e-01
0.00000000e+00
6.49224009e-01
1.85374445e+00
7.30794142e-01
2.59364064e+00
0.00000000e+00
-8.84101707e-01
3.63382455e+00
0.00000000e+00
3.41608621e-01
1.06167931e-01
8.37869382e-01
-6.38648750e-01
0.00000000e+00
0.00000000e+00
-8.66131924e-01
-8.29593932e-01
0.00000000e+00
0.00000000e+00
0.00000000e+00
9.47084473e-01
0.00000000e+00
3.69975387e-01
1.14340508e+00
0.00000000e+00
-5.31242151e-01
6.08564526e-01
9.38624170e-01
7.70586678e-01
0.00000000e+00
1.07783886e+00
-3.00610196e-01
0.00000000e+00
-3.66499912e-01
1.10344064e+00
7.78046887e-01
1.19921831e+00
0.00000000e+00
0.00000000e+00
7.71458754e-01
-1.16500047e+00
-3.92462891e-01
1.31090436e+00
-7.20595619e-01
-4.24715943e-01
1.66300993e+00
-2.06835912e-01
0.00000000e+00
-2.72463587e-01
0.00000000e+00
0.00000000e+00
0.00000000e+00
-1.63574078e-01
0.00000000e+00
7.25715859e-01
-3.50109015e-01
0.00000000e+00
-9.26593087e-01
8.23225277e-02
5.46209927e-02
1.03732035e+00
0.00000000e+00
-1.65039410e-01
-1.22631989e-02
0.00000000e+00
-1.32743344e+00
6.60759718e-02
-4.63282708e-01
-9.83072880e-01
0.00000000e+00
0.00000000e+00
-5.46028275e-01
-7.72537577e-01
1.25058120e+00
5.46938547e-01
0.00000000e+00
-1.60543680e+00
-8.64689351e-01
0.00000000e+00
0.00000000e+00
0.00000000e+00
7.57634477e-01
0.00000000e+00
0.00000000e+00
-7.40747445e-01
-1.27757716e+00
0.00000000e+00
0.00000000e+00
247
-1.38262403e+00
0.00000000e+00
0.00000000e+00
0.00000000e+00
0.00000000e+00
0.00000000e+00
0.00000000e+00
0.00000000e+00
0.00000000e+00
0.00000000e+00
0.00000000e+00
0.00000000e+00
0.00000000e+00
0.00000000e+00
0.00000000e+00
0.00000000e+00
0.00000000e+00
0.00000000e+00
0.00000000e+00
0.00000000e+00
0.00000000e+00
0.00000000e+00
0.00000000e+00
0.00000000e+00
0.00000000e+00
0.00000000e+00
0.00000000e+00
-2.69346638e-01
0.00000000e+00
2.08568661e+00
-2.35503324e+00
0.00000000e+00
9.36881031e-02
-4.62357596e-01
0.00000000e+00
0.00000000e+00
0.00000000e+00
0.00000000e+00
0.00000000e+00
0.00000000e+00
0.00000000e+00
-3.36777169e-01
1.66930080e-02
-2.20195774e+00
2.46079904e-02
-1.91104373e-01
8.62845706e-03
1.34721525e+00
-6.59775423e-03
0.00000000e+00
0.00000000e+00
0.00000000e+00
0.00000000e+00
8.16542547e-01
-6.79678365e-01
-5.15700510e-01
-3.21819445e-01
-3.52485623e-01
-3.29482637e-01
4.72188501e+00
4.02404027e+00
0.00000000e+00
0.00000000e+00
0.00000000e+00
0.00000000e+00
0.00000000e+00
0.00000000e+00
-1.27078585e+00
-6.27053620e-01
-1.15332766e+00
-1.00579274e+00
-5.39680640e-01
-1.50786854e+00
1.22227231e+00
1.07844933e+00
0.00000000e+00
-1.88409987e+00
0.00000000e+00
-8.64848838e-01
5.42655706e-01
2.62980734e-01
4.91164988e-01
-1.63037903e-02
0.00000000e+00
4.63485823e-01
7.84007913e+00
7.82303556e+00
7.97565386e+00
7.63334720e+00
7.81273614e+00
7.58822156e+00
0.00000000e+00
-3.84202070e-01
4.41707747e-01
-3.63512077e-01
-5.38544412e-01
-1.82504046e-01
0.00000000e+00
4.74795794e-01
-4.69546229e-01
-9.61423028e-02
0.00000000e+00
-6.96595836e-01
0.00000000e+00
1.22397008e-01
2.18292433e+00
0.00000000e+00
-1.50502104e+00
-1.86184116e-01
0.00000000e+00
-3.05971925e+00
-2.26999891e-01
-6.66607904e-01
-1.21582498e+00
-1.13112007e+00
-8.93607796e-01
0.00000000e+00
0.00000000e+00
0.00000000e+00
1.52543358e-01
6.94324070e-01
4.77072698e-02
-1.10038351e-01
-1.16190036e-01
-2.32370122e-01
-1.07375105e+00
1.93244683e-01
9.13491627e-01
0.00000000e+00
-4.46234748e-01
6.22921753e-01
-3.10743026e-01
7.40115809e-01
-3.37761060e-01
2.75456740e-01
2.30418215e-01
-1.22230887e+00
2.45651961e-03
-9.16890574e-01
3.63100614e-01
6.11715324e-01
0.00000000e+00
-2.72726792e-01
-2.73272215e-01
-1.13185751e+00
0.00000000e+00
0.00000000e+00
0.00000000e+00
2.34449396e-01
0.00000000e+00
-2.69298979e-02
3.38870994e-01
7.22928527e-01
8.53056310e-01
8.52733853e-01
3.09562316e-01
8.61957255e-01
0.00000000e+00
7.68679104e-01
2.52227251e-01
0.00000000e+00
-5.94397599e-02
1.10078970e+00
-1.30233100e-01
-1.39339814e-01
0.00000000e+00
0.00000000e+00
0.00000000e+00
-2.48614710e-01
0.00000000e+00
-2.17428824e-01
-1.19267773e-01
-1.25670841e+00
-8.38715216e-01
0.00000000e+00
0.00000000e+00
0.00000000e+00
-4.17993194e-01
0.00000000e+00
0.00000000e+00
-1.21681519e-02
-2.34694505e+00
0.00000000e+00
0.00000000e+00
0.00000000e+00
5.81264649e-01
-2.01976721e+00
-1.25307700e-02
5.66896068e-01
5.21493372e-01
0.00000000e+00
-1.12108163e+00
1.30459794e+00
2.18296401e-01
0.00000000e+00
-4.88867226e-02
2.20454701e+00
-3.75796348e-01
3.27888674e-01
-5.02902938e-01
6.78685768e-01
-7.80088764e-01
0.00000000e+00
2.34566778e-01
8.73421786e-01
-3.04449761e-01
-2.08003949e-01
1.40193147e+00
-3.49071724e-01
-5.86559303e-01
-2.66508998e-01
0.00000000e+00
0.00000000e+00
0.00000000e+00
5.53566504e-01
1.06918309e+00
4.12884932e-03
3.32939677e-01
0.00000000e+00
0.00000000e+00
2.42096088e-01
4.34477992e-01
0.00000000e+00
0.00000000e+00
3.15513382e-01
1.77881420e-01
6.78195061e-01
5.19590529e-01
3.56885932e-01
3.23346067e-01
7.57007247e-01
0.00000000e+00
0.00000000e+00
5.27048252e-01
-9.64458121e-02
-1.28365153e+00
-9.25544794e-01
-6.56933201e-01
-2.04249529e+00
-1.00782103e+00
2.29326447e+00
0.00000000e+00
0.00000000e+00
-1.03467426e+00
-5.50583351e-01
0.00000000e+00
0.00000000e+00
5 -999999999 -999999999 0 2
1 0 0 1 1
-2.0676e-01 -2.1181e-01
356
-1.44872042e+00
0.00000000e+00
0.00000000e+00
0.00000000e+00
0.00000000e+00
0.00000000e+00
0.00000000e+00
0.00000000e+00
0.00000000e+00
0.00000000e+00
0.00000000e+00
0.00000000e+00
0.00000000e+00
0.00000000e+00
0.00000000e+00
0.00000000e+00
0.00000000e+00
0.00000000e+00
0.00000000e+00
0.00000000e+00
0.00000000e+00
0.00000000e+00
0.00000000e+00
0.00000000e+00
0.00000000e+00
0.00000000e+00
0.00000000e+00
0.00000000e+00
0.00000000e+00
0.00000000e+00
0.00000000e+00
-1.44872042e+00
0.00000000e+00
1.22312369e-01
0.00000000e+00
1.13756996e+00
8.24269680e-01
-8.31501458e-01
1.50042265e+00
-7.39531328e-01
1.69453175e+00
-1.44872042e+00
0.00000000e+00
-1.40376738e+00
0.00000000e+00
-3.81176804e-01
-1.05845935e+00
-5.98749236e-02
-2.79948385e-01
1.49218899e-02
6.09140792e-01
-9.14271150e-02
6.90878355e-02
3.35655297e-01
0.00000000e+00
0.00000000e+00
0.00000000e+00
0.00000000e+00
-4.02063615e-01
-1.10748740e+00
-9.48899493e-01
-4.70630552e-01
-6.19579413e-01
2.29383878e-01
2.87824922e-01
1.43498081e-01
2.33997182e-01
5.77038963e-01
-1.29307932e+00
6.62821698e-03
-3.63806792e-02
-1.55807392e-01
2.26264360e-03
-5.47406611e-01
-2.78721390e-01
-5.31329218e-03
-9.83565169e-03
2.78887687e-01
1.76067299e-02
-4.23168916e-01
0.00000000e+00
0.00000000e+00
0.00000000e+00
0.00000000e+00
0.00000000e+00
-4.53848842e-01
5.58939769e-01
-6.12764101e-01
-8.62868071e-01
0.00000000e+00
3.56054032e+00
-9.92572188e-01
-9.51208537e-01
1.55633963e-01
-1.81721930e-01
4.65240842e-01
0.00000000e+00
0.00000000e+00
-7.09567319e-01
5.93822628e-01
4.03527858e-01
1.39492994e-01
0.00000000e+00
0.00000000e+00
4.10443527e+00
7.88416537e+00
0.00000000e+00
0.00000000e+00
0.00000000e+00
0.00000000e+00
0.00000000e+00
0.00000000e+00
-2.10475295e+00
-7.75478226e-01
-7.30676870e-01
5.27597470e-02
-1.12116540e+00
-8.73841989e-01
1.57014085e+00
0.00000000e+00
0.00000000e+00
-3.80178284e+00
0.00000000e+00
0.00000000e+00
-3.13858992e+00
-2.09938967e+00
-2.36251914e-01
-1.67314406e+00
0.00000000e+00
1.69805029e+00
6.84811952e+00
6.70740144e+00
6.34210629e+00
6.42443707e+00
7.03272612e+00
6.36931434e+00
2.31944905e+00
1.16894862e+00
8.95498970e-01
1.95901972e+00
1.86018480e+00
1.54062570e+00
0.00000000e+00
0.00000000e+00
0.00000000e+00
0.00000000e+00
0.00000000e+00
0.00000000e+00
0.00000000e+00
0.00000000e+00
0.00000000e+00
0.00000000e+00
-4.86420905e-01
9.90493440e-01
0.00000000e+00
0.00000000e+00
-9.62299513e-01
2.88621668e-01
0.00000000e+00
0.00000000e+00
-5.37217668e-01
-1.15250149e+00
-1.08988546e+00
-2.14619680e+00
-1.62710312e+00
0.00000000e+00
0.00000000e+00
0.00000000e+00
2.08946856e+00
2.45891479e-01
-1.10172834e+00
1.25190108e+00
1.79654789e+00
-5.19614743e-01
9.99921494e-01
1.05062250e+00
-2.10514996e-01
0.00000000e+00
1.33259991e+00
3.66141033e-01
-1.53812496e+00
7.78226746e-01
4.18356828e-01
1.00551303e+00
1.71039949e+00
0.00000000e+00
-8.44042723e-01
9.47765158e-01
-7.76506991e-01
0.00000000e+00
0.00000000e+00
0.00000000e+00
-6.96961797e-02
8.81406995e-01
8.06841160e-01
-7.95359673e-01
0.00000000e+00
7.80426082e-01
-5.16409189e-01
-2.95163690e-01
0.00000000e+00
0.00000000e+00
-1.29418811e+00
-8.42606400e-02
0.00000000e+00
6.75121133e-01
0.00000000e+00
4.43117870e-01
2.66334011e-01
0.00000000e+00
2.49197352e-01
-1.39777413e-01
7.80029643e-01
1.14386711e+00
0.00000000e+00
-1.05744635e+00
-1.64389989e+00
5.78250631e-01
-9.96908388e-01
1.56252486e+00
1.98276585e-01
0.00000000e+00
0.00000000e+00
0.00000000e+00
1.61021578e+00
-1.50175351e+00
-4.97320663e-01
1.62931329e+00
0.00000000e+00
-1.43088902e+00
1.27420943e+00
1.67732132e+00
0.00000000e+00
0.00000000e+00
2.09595304e+00
-3.25230983e-01
0.00000000e+00
-5.17495611e-01
0.00000000e+00
-9.20761879e-01
-1.09218804e+00
0.00000000e+00
2.27900182e+00
0.00000000e+00
-3.63837463e-01
0.00000000e+00
-2.70457830e-02
1.57621257e-02
-2.40713277e+00
-1.68108477e+00
0.00000000e+00
0.00000000e+00
0.00000000e+00
3.70931038e+00
0.00000000e+00
0.00000000e+00
-7.26047993e-01
0.00000000e+00
0.00000000e+00
1.46822299e+00
-3.29869828e+00
0.00000000e+00
0.00000000e+00
0.00000000e+00
9.35358514e-01
-2.45987497e+00
-3.87630838e-01
-2.42396404e+00
0.00000000e+00
-5.75544985e-02
0.00000000e+00
6.95233423e-01
0.00000000e+00
0.00000000e+00
0.00000000e+00
-3.48110449e-01
0.00000000e+00
0.00000000e+00
1.61761521e+00
1.68405093e+00
0.00000000e+00
0.00000000e+00
0.00000000e+00
1.71835165e+00
-6.13253797e-01
0.00000000e+00
0.00000000e+00
0.00000000e+00
7.04790482e-01
0.00000000e+00
2.96504738e-02
1.26739665e+00
0.00000000e+00
7.22959194e-01
0.00000000e+00
6.28279671e-01
0.00000000e+00
0.00000000e+00
0.00000000e+00
0.00000000e+00
0.00000000e+00
0.00000000e+00
0.00000000e+00
7.71852864e-01
0.00000000e+00
0.00000000e+00
0.00000000e+00
0.00000000e+00
2.94402445e+00
6.62047705e-01
2.78946429e+00
8.19886706e-01
0.00000000e+00
5.37986669e-02
5.41689434e-03
0.00000000e+00
-9.75395638e-01
0.00000000e+00
0.00000000e+00
0.00000000e+00
3.64861697e-01
0.00000000e+00
1.43559887e+00
3.52264862e-01
0.00000000e+00
1.65412399e+00
0.00000000e+00
5.61474694e-01
0.00000000e+00
0.00000000e+00
0.00000000e+00
0.00000000e+00
0.00000000e+00
0.00000000e+00
0.00000000e+00
3.63390526e-01
0.00000000e+00
0.00000000e+00
0.00000000e+00
0.00000000e+00
2.28197675e+00
3.71706418e-01
-1.46961174e+00
-6.93997706e-01
0.00000000e+00
0.00000000e+00
0.00000000e+00
0.00000000e+00
0.00000000e+00
0.00000000e+00
0.00000000e+00
0.00000000e+00
0.00000000e+00
0.00000000e+00
0.00000000e+00
0.00000000e+00
247
-1.16059460e+00
0.00000000e+00
0.00000000e+00
0.00000000e+00
0.00000000e+00
0.00000000e+00
0.00000000e+00
0.00000000e+00
0.00000000e+00
0.00000000e+00
0.00000000e+00
0.00000000e+00
0.00000000e+00
0.00000000e+00
0.00000000e+00
0.00000000e+00
0.00000000e+00
0.00000000e+00
0.00000000e+00
0.00000000e+00
0.00000000e+00
0.00000000e+00
0.00000000e+00
0.00000000e+00
0.00000000e+00
0.00000000e+00
0.00000000e+00
-9.52309983e-01
0.00000000e+00
6.50530883e-01
-1.60284087e+00
0.00000000e+00
5.34003452e-01
-2.97918429e-01
-1.16523530e+00
0.00000000e+00
-7.17287240e-02
-1.09350658e+00
7.06439925e-01
-4.08913326e-01
5.30995353e-02
-1.73272661e+00
5.22553182e-02
-1.84781228e+00
2.32075267e-02
3.62164118e-01
6.87907333e-03
2.05778017e+00
-7.47319421e-03
0.00000000e+00
0.00000000e+00
0.00000000e+00
0.00000000e+00
1.06751748e+00
-5.66477609e-01
-3.19363086e-02
2.67136263e-01
4.18249899e-01
0.00000000e+00
4.75847313e+00
3.83976380e+00
0.00000000e+00
0.00000000e+00
0.00000000e+00
0.00000000e+00
0.00000000e+00
0.00000000e+00
-8.94063223e-01
-3.35319444e-01
-1.15858370e+00
-1.03399123e+00
-6.96911690e-01
-1.80019845e+00
2.32551484e+00
2.68732087e+00
2.45173919e+00
0.00000000e+00
0.00000000e+00
1.04371719e-01
-7.99930359e-01
-1.67022947e-01
-3.24162013e-01
-4.63165331e-01
-1.65693232e+00
-1.52223175e-01
8.50094459e+00
8.36767082e+00
8.38398609e+00
8.53285472e+00
8.46763270e+00
8.16962703e+00
0.00000000e+00
-8.11215328e-02
6.02669195e-01
4.29747090e-02
2.15341721e-01
2.56348669e-01
0.00000000e+00
-6.95035114e-02
-9.37571792e-01
-2.01563128e-01
-4.33939941e-01
-2.49032896e-01
0.00000000e+00
-1.43692226e+00
2.87314652e+00
0.00000000e+00
2.76327654e-01
2.11394347e-02
0.00000000e+00
-3.01100400e+00
-1.80867348e-01
-8.67132113e-01
-7.39438705e-01
-1.24991569e+00
-1.04799946e+00
0.00000000e+00
0.00000000e+00
0.00000000e+00
-2.22407014e-01
5.54766533e-01
-5.29402723e-01
-2.25399548e-01
5.07731678e-01
-5.30373864e-01
-7.14185023e-01
3.66196029e-01
9.45162151e-01
0.00000000e+00
-5.02332232e-01
3.26085123e-01
-4.58935150e-02
-1.98239766e-02
4.82731678e-01
-2.49752488e-01
4.32251370e-01
-1.03776504e+00
1.48429168e-02
-6.00431511e-01
3.81790192e-02
6.26904419e-02
0.00000000e+00
-4.42673639e-01
-4.28196456e-01
-8.28298646e-01
0.00000000e+00
0.00000000e+00
0.00000000e+00
0.00000000e+00
8.76200033e-01
1.05496299e+00
5.50731231e-01
4.87656153e-01
1.07108470e+00
0.00000000e+00
0.00000000e+00
0.00000000e+00
0.00000000e+00
0.00000000e+00
2.30052203e-01
0.00000000e+00
1.13963049e+00
3.88000829e-01
0.00000000e+00
0.00000000e+00
0.00000000e+00
0.00000000e+00
0.00000000e+00
-2.45114227e-02
2.25874654e+00
-4.77469543e-01
-8.42817941e-02
-1.08617848e+00
-2.43557789e-01
0.00000000e+00
0.00000000e+00
-3.10668281e-01
-8.42620690e-01
0.00000000e+00
7.74864135e-01
2.47235874e-01
-1.98935440e+00
0.00000000e+00
0.00000000e+00
0.00000000e+00
5.53140971e-01
-2.79773758e+00
4.53213958e-01
3.31368671e-01
9.18979404e-01
-5.80034511e-01
-2.49029069e-01
1.13643110e+00
-1.80209363e-01
0.00000000e+00
-1.19631785e-01
1.07092659e+00
-4.92317719e-01
-1.93743121e-01
4.73284782e-01
-1.23165755e-01
-3.66948378e-01
0.00000000e+00
-6.63976850e-01
4.06617295e-01
-3.47981977e-01
-1.35069569e-01
1.65975883e+00
-1.02590276e+00
-1.10537945e+00
-3.31890364e-01
0.00000000e+00
0.00000000e+00
0.00000000e+00
6.24093045e-01
0.00000000e+00
-6.91417504e-01
1.05486946e-01
0.00000000e+00
0.00000000e+00
4.15341797e-01
1.01753207e-01
9.90512101e-02
0.00000000e+00
2.41709721e-01
-1.97495833e-01
1.00758616e-01
1.72644482e-01
-6.57019765e-01
4.55758688e-01
5.34589546e-01
0.00000000e+00
0.00000000e+00
2.69560766e-01
-2.12912409e-01
-4.86285829e-01
-8.24161738e-01
-8.52993439e-01
-1.64137242e+00
-6.04369136e-01
9.45956230e-01
0.00000000e+00
0.00000000e+00
-1.03700328e+00
-8.12667697e-01
-3.08681618e-01
0.00000000e+00
1 -999999999 -999999999 0 2
1 0 0 1 1
-4.1950e-01 6.0538e-02
356
-7.92523981e-01
0.00000000e+00
0.00000000e+00
0.00000000e+00
0.00000000e+00
0.00000000e+00
0.00000000e+00
0.00000000e+00
0.00000000e+00
0.00000000e+00
0.00000000e+00
0.00000000e+00
0.00000000e+00
0.00000000e+00
0.00000000e+00
0.00000000e+00
0.00000000e+00
0.00000000e+00
0.00000000e+00
0.00000000e+00
0.00000000e+00
0.00000000e+00
0.00000000e+00
0.00000000e+00
0.00000000e+00
0.00000000e+00
0.00000000e+00
0.00000000e+00
0.00000000e+00
0.00000000e+00
0.00000000e+00
-9.56504764e-02
-6.96873505e-01
-1.56397389e+00
0.00000000e+00
1.79137552e+00
4.91710758e-01
9.41798310e-01
9.96483746e-01
5.26525099e-01
1.34119116e+00
-6.14434692e-01
-1.78089290e-01
1.25714984e+00
-5.90835372e-01
3.79809660e-01
1.85764099e+00
-4.02348039e-01
-1.41641578e-01
-1.46923649e+00
-1.20568217e+00
9.60457888e-01
-3.38109109e-01
-9.39673420e-01
0.00000000e+00
0.00000000e+00
0.00000000e+00
0.00000000e+00
-1.04054742e+00
5.98613649e-01
-3.31786532e-01
2.57099967e-01
7.00709561e-02
-1.57409887e-01
5.53466985e-01
-1.24628548e+00
-4.37279744e-02
-2.82164265e-01
-4.28290941e-01
-8.26721231e-03
4.58272975e-01
-1.69125629e+00
-3.43940928e-03
6.36017411e-01
2.49030878e-01
-2.74757363e-04
-1.57242715e-01
1.07799238e+00
5.61664979e-03
-4.73349252e-01
0.00000000e+00
0.00000000e+00
0.00000000e+00
0.00000000e+00
0.00000000e+00
2.16761970e-01
-8.10085868e-01
-1.93256860e+00
-2.01638113e+00
-1.41231403e+00
-4.86543556e-01
-1.49680870e-01
4.60105208e-01
-5.99127948e-01
-7.60535372e-01
-5.67750503e-01
2.21430330e+00
-7.56508440e-01
6.26355455e-01
1.33030638e+00
-1.10770148e-01
-2.12735896e-02
0.00000000e+00
0.00000000e+00
2.21187245e+00
4.89758939e+00
0.00000000e+00
0.00000000e+00
0.00000000e+00
0.00000000e+00
0.00000000e+00
0.00000000e+00
-1.74408108e-01
7.94766474e-02
-1.04637576e-01
-1.50833054e-01
-1.10176003e+00
-1.55223431e+00
-1.06949803e+00
4.41074389e+00
4.12742526e+00
0.00000000e+00
0.00000000e+00
0.00000000e+00
5.34648239e-01
9.39614738e-01
-4.23024166e-01
-3.53858683e-01
0.00000000e+00
0.00000000e+00
7.77388457e+00
7.74758828e+00
7.36844310e+00
7.01873327e+00
6.79813924e+00
6.30427573e+00
0.00000000e+00
2.83180623e-01
7.61829589e-01
7.55346128e-01
1.79188118e+00
1.43261907e+00
0.00000000e+00
0.00000000e+00
0.00000000e+00
0.00000000e+00
0.00000000e+00
0.00000000e+00
0.00000000e+00
0.00000000e+00
0.00000000e+00
0.00000000e+00
-1.38121023e+00
2.01164420e+00
0.00000000e+00
0.00000000e+00
5.88686248e-01
1.25487547e+00
0.00000000e+00
-3.01744408e+00
-1.82966855e+00
8.56002841e-01
-1.17472788e+00
-3.52867213e+00
-3.00439643e+00
0.00000000e+00
0.00000000e+00
0.00000000e+00
5.27143209e-01
2.18951855e+00
3.07910053e-01
3.93724942e-01
-5.09680307e-01
-1.05825333e+00
7.20735704e-01
1.16454074e+00
-6.89430926e-01
0.00000000e+00
-5.50531048e-01
-9.34643085e-01
1.85858636e-01
5.23682705e-01
-6.32814968e-01
-6.47116911e-01
-2.99232289e-01
0.00000000e+00
-1.07934550e+00
8.91054190e-01
-1.08702653e-01
0.00000000e+00
0.00000000e+00
0.00000000e+00
-3.39128490e-01
-7.63419746e-01
-7.73026708e-02
8.23199608e-02
1.55238774e+00
4.46126650e-01
-1.68675886e-01
1.71283056e-01
1.27089851e+00
0.00000000e+00
3.55219049e-01
4.40876344e-01
2.36834754e-02
-4.28312062e-01
3.49633761e-01
1.11367416e-01
1.23269665e-01
0.00000000e+00
7.93185617e-01
-2.13827229e-01
-4.90919352e-01
-3.50930341e-02
0.00000000e+00
-6.41397216e-01
3.07738941e-01
5.37647876e-01
-2.43842099e-01
-3.28898811e-01
-8.29602658e-02
0.00000000e+00
0.00000000e+00
0.00000000e+00
6.42476524e-01
1.73005718e+00
1.12789203e+00
7.24440708e-02
-4.58449617e-01
4.66968180e-01
7.83649370e-01
1.29349451e-01
-9.97902538e-01
0.00000000e+00
2.98153802e-01
-4.71535732e-02
7.28989525e-02
-1.32063225e-01
-1.77961196e+00
1.10303092e-01
-1.19266333e+00
0.00000000e+00
-7.06360448e-01
1.25267330e+00
-4.55826318e-01
0.00000000e+00
-1.07446352e+00
-2.99786576e-01
-2.51347708e+00
-1.79457552e+00
0.00000000e+00
0.00000000e+00
0.00000000e+00
3.06340402e+00
0.00000000e+00
0.00000000e+00
-7.18901558e-01
0.00000000e+00
0.00000000e+00
2.43418460e-01
-2.67266929e+00
0.00000000e+00
0.00000000e+00
0.00000000e+00
1.59349149e-01
0.00000000e+00
5.41741278e-01
-5.38795010e-01
0.00000000e+00
0.00000000e+00
1.17512884e+00
1.13925454e+00
1.30765148e+00
0.00000000e+00
5.96472258e-01
4.45625067e+00
0.00000000e+00
9.62817396e-01
7.43243176e-01
5.10210463e-01
1.29483608e+00
0.00000000e+00
0.00000000e+00
1.83594116e+00
7.60932164e-01
0.00000000e+00
0.00000000e+00
0.00000000e+00
-7.41906022e-01
0.00000000e+00
-1.51250503e+00
-7.07209058e-01
0.00000000e+00
0.00000000e+00
-1.93207478e-01
-9.59600548e-01
0.00000000e+00
0.00000000e+00
-9.45377741e-01
-1.75022993e+00
0.00000000e+00
0.00000000e+00
-6.44074056e-01
-5.81252942e-01
-6.93532980e-01
0.00000000e+00
0.00000000e+00
-1.37247319e+00
-5.13450865e-01
-6.01571227e-01
-6.65159992e-01
2.72209853e-01
-2.08621087e-01
-1.55234089e-01
-3.07741271e-01
0.00000000e+00
1.25305243e-01
0.00000000e+00
0.00000000e+00
0.00000000e+00
-2.05452758e-01
0.00000000e+00
-1.19789434e+00
-1.25961538e+00
0.00000000e+00
0.00000000e+00
-7.64504772e-01
1.28871993e+00
0.00000000e+00
0.00000000e+00
-1.04784875e-01
-5.09798800e-01
0.00000000e+00
0.00000000e+00
1.27659402e+00
6.31980514e-01
1.04000638e+00
0.00000000e+00
0.00000000e+00
5.30666595e-01
8.81203617e-02
3.24189634e+00
3.08427765e+00
0.00000000e+00
-2.15921842e+00
0.00000000e+00
0.00000000e+00
0.00000000e+00
0.00000000e+00
0.00000000e+00
0.00000000e+00
0.00000000e+00
0.00000000e+00
0.00000000e+00
0.00000000e+00
0.00000000e+00
247
-1.68924569e+00
0.00000000e+00
0.00000000e+00
0.00000000e+00
0.00000000e+00
0.00000000e+00
0.00000000e+00
0.00000000e+00
0.00000000e+00
0.00000000e+00
0.00000000e+00
0.00000000e+00
0.00000000e+00
0.00000000e+00
0.00000000e+00
0.00000000e+00
0.00000000e+00
0.00000000e+00
0.00000000e+00
0.00000000e+00
0.00000000e+00
0.00000000e+00
0.00000000e+00
0.00000000e+00
0.00000000e+00
0.00000000e+00
0.00000000e+00
-1.36759369e+00
0.00000000e+00
1.54224230e+00
-2.90983599e+00
0.00000000e+00
5.42527279e-02
-5.78674203e-01
1.05220926e+00
0.00000000e+00
1.01528902e+00
3.69202425e-02
-2.51370475e-02
-1.97683057e-01
2.81763914e-02
-1.39899413e-01
8.82368740e-03
-4.99723188e-03
-7.74893753e-03
-9.77647964e-01
3.85251746e-03
-5.66701081e-01
1.27463678e-02
0.00000000e+00
0.00000000e+00
0.00000000e+00
0.00000000e+00
0.00000000e+00
9.95303627e-01
1.05455759e+00
1.16051560e+00
8.98719588e-01
0.00000000e+00
1.64663928e+00
4.72657628e+00
0.00000000e+00
0.00000000e+00
0.00000000e+00
0.00000000e+00
0.00000000e+00
0.00000000e+00
-1.11998777e+00
-1.96202138e-01
-6.75745725e-01
-4.84590061e-01
-5.74610937e-03
-8.53613161e-01
4.15316518e+00
5.30143951e+00
0.00000000e+00
0.00000000e+00
0.00000000e+00
4.10257472e+00
-3.04413588e-01
5.65327567e-02
-6.03263117e-01
-1.57227083e-01
-1.64284500e+00
-4.64674074e-02
9.72314167e+00
9.69093509e+00
9.88541979e+00
9.72517812e+00
9.86619118e+00
9.48245490e+00
0.00000000e+00
-8.98990734e-02
1.81036465e-01
1.62577075e-01
-5.83896284e-01
-1.42333247e-01
0.00000000e+00
-8.04254887e-01
0.00000000e+00
-1.11707724e+00
-9.64938973e-01
-6.64636518e-01
0.00000000e+00
-3.71813853e+00
3.40470513e+00
0.00000000e+00
2.02889284e+00
1.37247390e-01
0.00000000e+00
-3.62805559e+00
-1.78685190e+00
-1.54903307e+00
-1.26977205e+00
-1.51799433e+00
-3.33588497e+00
0.00000000e+00
0.00000000e+00
0.00000000e+00
5.80269884e-01
-1.20145389e-01
-6.39519946e-01
-2.68834403e-01
7.09752049e-01
-9.51413461e-02
-9.12737954e-01
7.31926884e-04
6.72061433e-01
0.00000000e+00
-2.90854270e-01
2.57392778e-01
-1.00377436e+00
1.93697102e-01
9.41664807e-03
6.06426386e-02
4.18019865e-02
-1.92238527e+00
-3.67203928e-01
-2.41054551e-01
-7.43385448e-01
1.44115145e-01
0.00000000e+00
-4.60712810e-01
2.80004291e-01
-1.40733204e+00
0.00000000e+00
0.00000000e+00
0.00000000e+00
2.88313910e-01
0.00000000e+00
2.36668844e-01
-4.88825121e-01
5.86007356e-01
9.14698098e-01
7.27502448e-01
7.42783062e-01
0.00000000e+00
0.00000000e+00
1.09464295e+00
5.59175360e-01
8.51689270e-01
7.27754376e-01
1.78396575e+00
7.87637448e-01
4.59523506e-01
0.00000000e+00
7.70902486e-01
6.36874073e-01
-8.87500593e-01
0.00000000e+00
-5.27786934e-01
-1.51480023e-01
-2.59249952e+00
-1.93096705e+00
0.00000000e+00
0.00000000e+00
1.96070424e+00
-6.61532472e-01
0.00000000e+00
0.00000000e+00
1.96393547e-01
-2.78776638e+00
0.00000000e+00
0.00000000e+00
0.00000000e+00
7.39916714e-01
-3.99077802e+00
-2.30672573e-01
1.00657354e+00
0.00000000e+00
0.00000000e+00
7.17256556e-01
4.54768388e-01
-1.60739997e-01
0.00000000e+00
2.42392064e-01
1.19619278e+00
0.00000000e+00
0.00000000e+00
-2.20720504e-01
2.33015749e-01
1.35672176e+00
0.00000000e+00
0.00000000e+00
3.42267394e-01
-4.54425350e-01
5.25105753e-01
9.06885685e-01
1.35283077e+00
0.00000000e+00
-1.23419365e+00
0.00000000e+00
0.00000000e+00
0.00000000e+00
4.65445588e-01
0.00000000e+00
0.00000000e+00
1.22480754e+00
0.00000000e+00
0.00000000e+00
0.00000000e+00
2.39537938e-01
0.00000000e+00
0.00000000e+00
0.00000000e+00
0.00000000e+00
0.00000000e+00
0.00000000e+00
0.00000000e+00
0.00000000e+00
2.83952014e-01
0.00000000e+00
0.00000000e+00
0.00000000e+00
-9.79531104e-01
1.62719262e+00
1.62215164e+00
0.00000000e+00
-2.33334103e+00
0.00000000e+00
0.00000000e+00
0.00000000e+00
0.00000000e+00
-5.38463223e-01
1.89245879e-01
0.00000000e+00
0.00000000e+00
4 1
-1.1341e+00 2.0750e-01
4 1
0 2 5 1 
217
1.73406134e+00
9.54953783e-01
-3.49816357e-01
-8.30246452e-01
4.08426458e-01
1.95618948e-01
4.71297644e-01
-5.67563653e-01
2.59040360e-01
2.76751477e-01
-1.60303267e+00
5.22978441e-01
0.00000000e+00
0.00000000e+00
1.85022606e+00
-6.84804306e-03
9.29561891e-01
-1.02346978e+00
-4.84007181e-03
2.18443252e+00
6.97553188e-02
-4.61437415e-03
1.84807099e+00
8.37549731e-01
3.27917166e-02
6.83802845e-01
0.00000000e+00
0.00000000e+00
0.00000000e+00
0.00000000e+00
0.00000000e+00
0.00000000e+00
-2.34970533e+00
-2.02268617e+00
-1.28805836e+00
0.00000000e+00
0.00000000e+00
1.93627519e+00
-9.21023982e-01
3.46528645e-01
3.72281480e-01
0.00000000e+00
0.00000000e+00
0.00000000e+00
0.00000000e+00
-7.77558795e-01
0.00000000e+00
4.92033021e-01
0.00000000e+00
0.00000000e+00
0.00000000e+00
2.66821331e+00
1.03643695e+00
2.98763082e-01
8.28337825e-01
-7.30812663e-01
0.00000000e+00
6.70918281e-01
0.00000000e+00
3.72281480e-01
7.48202535e-01
1.03643695e+00
-5.05781477e-02
0.00000000e+00
-2.85566996e+00
0.00000000e+00
2.64923425e-01
4.05125229e-01
-1.35389806e+00
-4.60580709e-01
-2.54362622e+00
9.52097253e-01
0.00000000e+00
1.11712192e+00
1.63612265e-01
2.20846837e+00
-6.31638265e-02
1.76258036e+00
1.36979704e+00
0.00000000e+00
-8.92308263e-01
9.67722724e-03
-5.06007802e-01
-1.77528172e+00
7.39520585e-02
-1.24530206e-01
0.00000000e+00
8.90748471e-01
-8.04663849e-01
8.93891014e-01
-6.21619430e-01
0.00000000e+00
0.00000000e+00
0.00000000e+00
0.00000000e+00
0.00000000e+00
0.00000000e+00
0.00000000e+00
0.00000000e+00
0.00000000e+00
0.00000000e+00
0.00000000e+00
0.00000000e+00
0.00000000e+00
0.00000000e+00
0.00000000e+00
0.00000000e+00
0.00000000e+00
0.00000000e+00
0.00000000e+00
0.00000000e+00
0.00000000e+00
0.00000000e+00
0.00000000e+00
0.00000000e+00
0.00000000e+00
0.00000000e+00
0.00000000e+00
0.00000000e+00
-9.69510132e-01
-5.14744038e+00
-1.70933259e+00
0.00000000e+00
0.00000000e+00
0.00000000e+00
-1.75865330e+00
-1.47507641e-03
-2.08811896e+00
3.75967678e-01
-5.00032604e-03
8.92433220e-01
2.37765609e+00
8.57442698e-01
1.47657442e-01
0.00000000e+00
1.37860852e+00
6.10744210e-01
1.82918965e+00
2.32025327e-01
-7.16523899e-01
1.19394193e-01
-7.37583634e-01
-5.37998926e-02
-1.15930467e+00
2.11446212e+00
-1.41471051e+00
0.00000000e+00
0.00000000e+00
0.00000000e+00
2.25772265e+00
-6.52079855e-03
1.31879090e+00
7.59086444e-01
-6.38455894e-03
-6.26401796e-01
-5.25654992e-01
8.34141872e-01
1.42845971e+00
0.00000000e+00
-2.12328349e-01
3.21632999e-01
-1.15263512e+00
6.39634955e-01
1.53907474e+00
1.46602111e+00
1.60573411e+00
-9.02195763e-02
1.54051877e+00
-3.47376717e-01
-5.03479346e+00
0.00000000e+00
0.00000000e+00
0.00000000e+00
4.91605605e-01
0.00000000e+00
-1.69869531e+00
9.15069642e-01
0.00000000e+00
-7.43036375e-03
-1.63648876e+00
7.45103368e-01
-2.94563134e-03
0.00000000e+00
-1.63902621e-01
1.22473360e+00
0.00000000e+00
7.17844673e-01
7.22736273e-01
9.67782514e-01
-1.01370028e+00
0.00000000e+00
0.00000000e+00
-1.26230455e-01
-9.64952311e-01
0.00000000e+00
0.00000000e+00
0.00000000e+00
3.09902718e-01
0.00000000e+00
8.89634310e-01
4.59840334e-01
0.00000000e+00
-9.51277316e-03
1.95720567e+00
9.40262351e-01
-5.84139775e-03
0.00000000e+00
1.56351947e+00
1.01004149e+00
0.00000000e+00
7.76160887e-01
1.28749055e-01
9.25998031e-01
-5.05693923e-01
0.00000000e+00
0.00000000e+00
1.28032812e+00
136
7.43811066e-01
1.26250633e-02
5.56960750e-03
5.09923207e-01
-7.87915233e-03
3.41504119e-02
-7.44386662e-04
1.87112385e-01
2.02341198e-03
0.00000000e+00
0.00000000e+00
0.00000000e+00
0.00000000e+00
0.00000000e+00
3.13905326e-01
7.85385769e-01
8.15357667e-01
2.16806111e-01
-1.55732500e+00
-6.68264093e-01
8.04135781e-01
-5.84411022e-02
1.22922240e-01
5.43458241e-01
0.00000000e+00
0.00000000e+00
0.00000000e+00
-6.68264093e-01
-7.14633015e-01
5.60069044e-01
-4.05856465e-01
9.33845294e-01
-2.45216889e-01
4.03061502e-01
3.21245425e-01
2.48544579e-02
1.30159497e+00
-2.07365234e-01
4.96743560e-01
0.00000000e+00
1.67880795e-01
0.00000000e+00
5.43458241e-01
0.00000000e+00
0.00000000e+00
0.00000000e+00
8.21003668e-01
-1.54240923e+00
3.97039251e-01
-2.22552803e-01
0.00000000e+00
-3.70709220e-01
2.66111755e-01
1.26071119e-01
1.78358272e-01
-2.42761002e-01
-5.37484232e-01
9.24627459e-01
6.60294744e-02
1.41160918e-01
-2.87967816e-01
2.72051726e-01
7.89568429e-01
1.00445039e-01
4.36447784e-01
4.44596148e-02
0.00000000e+00
0.00000000e+00
0.00000000e+00
0.00000000e+00
0.00000000e+00
0.00000000e+00
0.00000000e+00
0.00000000e+00
0.00000000e+00
0.00000000e+00
0.00000000e+00
0.00000000e+00
0.00000000e+00
0.00000000e+00
0.00000000e+00
0.00000000e+00
0.00000000e+00
0.00000000e+00
0.00000000e+00
0.00000000e+00
-1.18978458e+00
-2.51246801e+00
-1.84568632e+00
0.00000000e+00
0.00000000e+00
0.00000000e+00
1.53942247e-01
-8.47338635e-02
-5.97362869e-01
6.13524175e-02
5.14633045e-01
-2.73990740e-01
-2.61094673e-01
5.87627414e-01
4.49905315e-02
0.00000000e+00
-3.52132571e-01
-2.92731204e-02
-6.74661293e-01
2.79869127e-01
7.64891472e-01
3.92863003e-01
-1.43487547e-01
-2.04761343e+00
-1.45990164e-01
-3.55153048e-02
-3.22812811e+00
0.00000000e+00
0.00000000e+00
0.00000000e+00
5.07036490e-01
-1.40934851e+00
-6.30006062e-01
7.57452147e-01
0.00000000e+00
-1.87016538e+00
4.86081133e-01
7.65464870e-01
-1.53350716e-01
0.00000000e+00
-2.61442596e-01
2.64013782e+00
-7.67505175e-01
1.16506546e-01
-5.02469635e-02
3.04987567e-01
-6.67888947e-01
-4.57165737e-03
-6.86521834e-02
3.15269666e-01
3 1
-1.4989e+00 2.2246e-01
5 1
0 2 5 1 4 
217
1.09347149e-01
5.44247463e-01
2.13100929e+00
-3.18066364e-02
-2.71906742e-01
-9.18247834e-01
-1.15410924e+00
6.71048666e-01
2.45101711e-01
7.77133568e-01
-2.19525578e-01
1.87412794e+00
1.50978699e+00
-9.14412584e-01
1.32478024e+00
9.96500062e-03
8.49426741e-01
-1.13150813e+00
5.43299351e-03
1.55056845e+00
-1.97023682e-01
-2.97767147e-02
1.86514058e+00
1.13098721e-01
-5.99965904e-02
1.94117941e+00
0.00000000e+00
0.00000000e+00
0.00000000e+00
0.00000000e+00
0.00000000e+00
0.00000000e+00
-1.81891520e+00
-1.48893001e-01
3.34033767e-01
0.00000000e+00
0.00000000e+00
-3.90106317e+00
-2.16093217e+00
-4.97436775e-01
-9.71936886e-02
1.21122776e+00
0.00000000e+00
0.00000000e+00
0.00000000e+00
2.25823499e-01
0.00000000e+00
-2.03090393e+00
0.00000000e+00
0.00000000e+00
0.00000000e+00
-2.07145665e+00
0.00000000e+00
3.61936640e+00
0.00000000e+00
1.88473844e+00
0.00000000e+00
1.57602678e+00
0.00000000e+00
-8.63906657e-01
-2.69780683e+00
0.00000000e+00
-1.52780188e+00
0.00000000e+00
-2.98575478e+00
0.00000000e+00
-3.77636514e-01
1.68768540e-01
-1.13038897e-01
1.92328748e+00
0.00000000e+00
-1.69950528e+00
0.00000000e+00
-4.30486032e-01
-5.70693620e-01
-3.26730035e-02
4.97541904e-01
0.00000000e+00
-4.77228750e-02
1.92343416e+00
-1.89401310e+00
8.31347952e-01
-5.29190040e-01
4.61015168e-01
6.71493589e-02
7.50294968e-01
0.00000000e+00
-4.43959979e-01
2.50834874e-01
-2.64137199e-01
-1.13998999e+00
-4.58321197e-01
5.30407376e-01
0.00000000e+00
1.18002125e-01
-9.71833589e-02
-8.07411553e-02
2.16578212e-01
0.00000000e+00
0.00000000e+00
0.00000000e+00
0.00000000e+00
0.00000000e+00
0.00000000e+00
0.00000000e+00
0.00000000e+00
0.00000000e+00
0.00000000e+00
0.00000000e+00
0.00000000e+00
0.00000000e+00
0.00000000e+00
0.00000000e+00
0.00000000e+00
0.00000000e+00
0.00000000e+00
0.00000000e+00
0.00000000e+00
0.00000000e+00
-2.89273046e+00
-3.64303621e+00
-2.23478003e+00
0.00000000e+00
0.00000000e+00
0.00000000e+00
5.39112441e-01
9.76289651e-02
1.57099676e+00
-7.47253907e-01
-1.66641927e+00
-1.57863065e+00
-2.54183073e-01
-1.00067037e+00
-1.11647040e+00
0.00000000e+00
1.26107303e+00
-3.87486649e-02
-1.66571934e+00
9.75502812e-01
2.84875449e+00
1.68249400e+00
-1.60461925e-01
-2.56774273e-01
-5.35140660e-01
1.19058011e+00
-6.12702969e-01
0.00000000e+00
0.00000000e+00
0.00000000e+00
3.31711373e-01
-3.57795643e-01
-9.52191925e-01
-2.34602710e-02
1.30778625e+00
1.08813754e+00
-2.30794094e-02
1.13083633e+00
8.26778027e-01
0.00000000e+00
-5.99274552e-01
-3.04807528e-02
5.55530030e-01
-3.57595538e-01
-4.43632088e-01
-1.15694288e-01
5.42611811e-01
-5.84977042e-01
4.52627190e-01
-2.99918911e-01
-3.64767810e+00
0.00000000e+00
0.00000000e+00
0.00000000e+00
1.73799573e-01
0.00000000e+00
-2.61297065e+00
1.46844904e+00
0.00000000e+00
0.00000000e+00
2.46940160e+00
-2.55154451e+00
0.00000000e+00
0.00000000e+00
-1.00737688e+00
4.44324962e+00
-4.46718458e-01
-2.16589655e-01
2.12372830e+00
8.44813342e-01
-3.16953407e+00
0.00000000e+00
0.00000000e+00
1.65312044e+00
-4.97685675e-01
0.00000000e+00
0.00000000e+00
0.00000000e+00
4.36691040e-01
0.00000000e+00
7.06641657e-01
6.77346486e-02
0.00000000e+00
0.00000000e+00
-5.33446672e-01
1.72590098e+00
0.00000000e+00
0.00000000e+00
-4.38249811e-02
-2.61627384e-01
9.31715970e-01
5.77175221e-01
-5.41491219e-03
-9.66028421e-01
9.02185559e-01
0.00000000e+00
0.00000000e+00
-4.28707653e-01
136
1.01604560e+00
-7.15398356e-02
1.60681198e-02
5.23648861e-01
-2.99577461e-03
1.84591757e-01
5.22098153e-03
3.79344823e-01
8.88020207e-03
0.00000000e+00
0.00000000e+00
0.00000000e+00
0.00000000e+00
9.06549802e-01
4.38892859e-01
4.17567201e-01
5.19114539e-01
1.19674736e-01
-1.38575353e+00
-9.70161490e-01
4.69628746e-01
1.25494792e+00
6.44635798e-01
3.85002617e-01
-7.68007990e-01
0.00000000e+00
0.00000000e+00
-9.70161490e-01
-1.19808727e-01
1.56864422e+00
-7.60114240e-01
1.44896239e+00
-1.14658151e+00
-2.42574227e-01
8.55117578e-01
1.26764596e+00
-2.90539927e-01
-7.55580868e-01
5.22647679e-01
0.00000000e+00
-2.34014519e-01
0.00000000e+00
1.83910186e+00
0.00000000e+00
0.00000000e+00
0.00000000e+00
1.39038217e+00
-1.04014476e+00
4.94327293e-01
-1.92505585e-01
0.00000000e+00
-7.13596957e-01
4.75982931e-01
9.89921791e-02
8.92162043e-02
-4.16499034e-01
-4.11955910e-01
8.74688512e-01
4.89936587e-02
1.07868706e-01
-6.21818859e-01
-4.34508404e-01
4.18365938e-03
-2.36686044e-01
2.10393986e-01
-4.75942711e-01
7.10957172e-01
5.47028368e-01
-1.15478509e-01
2.77876708e-01
0.00000000e+00
0.00000000e+00
0.00000000e+00
0.00000000e+00
0.00000000e+00
0.00000000e+00
0.00000000e+00
0.00000000e+00
0.00000000e+00
0.00000000e+00
0.00000000e+00
0.00000000e+00
0.00000000e+00
0.00000000e+00
0.00000000e+00
0.00000000e+00
-9.72419418e-01
-2.67666836e+00
-1.86599228e+00
0.00000000e+00
0.00000000e+00
0.00000000e+00
9.39277812e-02
1.48556442e-01
-5.48140146e-01
-1.59882137e-03
1.64788611e-01
-4.57440241e-01
-1.32431515e-01
7.47205195e-01
2.00376559e-01
0.00000000e+00
-3.96995584e-01
9.25273705e-02
-7.18538270e-01
7.70448810e-02
8.54136326e-01
5.20661660e-01
8.83164671e-02
-2.17018423e+00
-2.07012791e-01
-2.21191975e-01
-3.37287993e+00
0.00000000e+00
0.00000000e+00
0.00000000e+00
4.43619339e-01
-1.52497996e+00
-7.46512603e-01
9.95218673e-01
-5.45789175e-01
-2.26847496e+00
6.60238277e-01
6.14258202e-01
-2.20267351e-02
0.00000000e+00
1.42921508e-01
2.59225323e+00
-6.56152250e-01
2.48116590e-01
-1.58421470e-01
8.39576273e-01
-5.67480784e-01
-3.38846930e-03
-2.73117349e-01
4.84975119e-01
6 1
-1.5286e+00 2.5718e-01
6 1
0 2 5 1 4 3 
217
-2.14440493e+00
8.65551079e-01
1.36294734e+00
-3.46625080e-01
3.16075955e-01
-5.87297890e+00
-4.60405224e+00
1.51329361e+00
-2.76818178e+00
-1.70516544e+00
-1.79386010e+00
7.81011337e-01
0.00000000e+00
0.00000000e+00
-4.02910746e+00
4.53193577e-02
3.75026404e+00
-1.28841268e+00
8.43255676e-03
2.36300093e+00
1.66354650e+00
-1.81054652e-02
1.31007098e+00
1.50956871e+00
-2.73180257e-02
1.43160771e+00
0.00000000e+00
0.00000000e+00
0.00000000e+00
0.00000000e+00
0.00000000e+00
0.00000000e+00
1.29475024e+00
1.53085569e+00
1.71130078e+00
0.00000000e+00
0.00000000e+00
7.16149002e-01
-2.37972499e+00
-3.02062890e+00
-1.48880310e-02
-1.83704923e-01
0.00000000e+00
0.00000000e+00
0.00000000e+00
9.12998921e-01
-3.94732185e-01
2.24718635e+00
0.00000000e+00
0.00000000e+00
0.00000000e+00
4.28473863e+00
-4.24689607e-01
2.61270447e+00
0.00000000e+00
3.00462192e-01
0.00000000e+00
2.21166443e+00
0.00000000e+00
1.12712600e+00
-7.08767497e-01
-4.24689607e-01
-1.01094783e+00
0.00000000e+00
1.31204913e+00
0.00000000e+00
-9.46885023e-01
1.39358655e+00
1.34175947e+00
3.32001185e+00
0.00000000e+00
9.04595444e-01
0.00000000e+00
7.89695243e-01
7.46484426e-01
2.19113821e+00
1.08202448e+00
0.00000000e+00
1.49248455e+00
0.00000000e+00
-5.26791628e-01
-5.75689737e-01
1.26364922e+00
8.72007858e-02
0.00000000e+00
-7.84579657e-01
0.00000000e+00
-5.89935976e-01
-3.92555636e-01
-8.01915858e-01
8.69583277e-01
0.00000000e+00
-1.08964941e+00
0.00000000e+00
-4.87570538e-01
9.74425317e-02
-5.67184984e-01
2.33280484e+00
0.00000000e+00
-2.82553986e+00
0.00000000e+00
-1.91867537e-01
-2.00656004e+00
8.73002463e-01
1.79321014e+00
0.00000000e+00
0.00000000e+00
0.00000000e+00
0.00000000e+00
0.00000000e+00
0.00000000e+00
0.00000000e+00
0.00000000e+00
0.00000000e+00
0.00000000e+00
0.00000000e+00
0.00000000e+00
0.00000000e+00
0.00000000e+00
1.61462099e+00
-3.20366528e+00
-2.54077695e+00
0.00000000e+00
0.00000000e+00
0.00000000e+00
1.17239342e+00
-3.01047289e-02
-6.10256399e-01
-1.83482956e-01
0.00000000e+00
2.23644963e+00
-1.59276132e+00
2.29397392e-01
0.00000000e+00
0.00000000e+00
3.72773930e+00
-4.94015641e-03
-3.33025819e-01
9.62550674e-01
-7.53642838e-02
-8.82880127e-01
6.56318248e-01
-8.28813489e-02
-3.35980980e-01
4.07747143e+00
4.04507737e-03
0.00000000e+00
0.00000000e+00
0.00000000e+00
-1.53876611e-01
-4.15319342e-02
1.34868391e+00
1.33543834e+00
0.00000000e+00
-1.14998894e+00
8.96734752e-01
8.84961805e-01
0.00000000e+00
0.00000000e+00
-2.53637489e+00
-5.14645836e-03
-5.26078221e-01
-9.31771475e-01
-1.54839785e-01
1.80825322e+00
9.66635557e-02
-7.52663054e-02
6.12138318e-01
-7.51945185e-01
-3.10139865e+00
0.00000000e+00
0.00000000e+00
0.00000000e+00
3.36212458e+00
0.00000000e+00
-3.24004020e-03
0.00000000e+00
0.00000000e+00
-2.91841583e-03
1.37387147e+00
-4.30922761e+00
-1.23290449e-03
0.00000000e+00
1.21635328e+00
3.19084644e+00
0.00000000e+00
-3.62841738e-02
1.27519420e+00
-8.06858496e-02
-2.02310668e-01
0.00000000e+00
0.00000000e+00
-4.26430521e+00
-1.32678907e+00
0.00000000e+00
0.00000000e+00
0.00000000e+00
-2.14956168e+00
0.00000000e+00
-7.22157989e-03
0.00000000e+00
0.00000000e+00
-7.97845879e-03
1.35013870e-01
3.28197206e+00
-3.25405197e-03
0.00000000e+00
9.46488205e-01
2.78573694e-01
0.00000000e+00
-8.96189479e-02
-9.08210360e-01
2.89520434e-01
-1.44870854e-01
0.00000000e+00
0.00000000e+00
2.51589839e+00
136
3.15272433e-01
-1.87593847e-01
8.17493175e-03
2.29210877e-01
-5.24223908e-03
8.63264188e-02
-1.31405534e-03
1.87328984e-01
3.51145175e-04
0.00000000e+00
0.00000000e+00
0.00000000e+00
0.00000000e+00
6.22495947e-01
2.34518346e-01
1.43365451e-01
2.92535632e-01
-1.18547938e-01
-8.59095004e-01
-1.41470572e+00
3.10581256e-01
6.44328443e-01
3.93696739e-01
8.93774875e-01
1.45430379e-01
-6.57833543e-01
0.00000000e+00
-6.42981306e-01
-4.90562588e-01
8.33782685e-01
-7.35608278e-01
1.04465678e+00
-1.21100458e+00
4.87716515e-01
4.10446169e-01
-4.78943979e-02
5.99951532e-01
-2.23915732e-01
9.27917362e-01
0.00000000e+00
4.50736058e-01
0.00000000e+00
1.45901735e+00
0.00000000e+00
0.00000000e+00
0.00000000e+00
6.22437795e-01
-1.71805839e+00
2.55478352e-01
-3.81987313e-01
0.00000000e+00
-7.52184639e-01
7.66342406e-02
5.01416263e-02
-1.62523543e-02
-2.03712095e-01
-4.71643126e-01
6.92332403e-01
-6.28670940e-02
1.32794609e-01
-6.12360434e-01
5.19912406e-01
9.71923146e-01
2.93763964e-02
4.21612482e-01
-2.64586083e-01
0.00000000e+00
1.27029905e+00
3.87363386e-01
3.30326568e-01
-4.75043245e-01
0.00000000e+00
9.46078126e-01
-1.36633867e-01
6.04502289e-01
-2.84285571e-03
0.00000000e+00
0.00000000e+00
0.00000000e+00
0.00000000e+00
0.00000000e+00
0.00000000e+00
0.00000000e+00
0.00000000e+00
0.00000000e+00
0.00000000e+00
-1.22859908e+00
-2.77516515e+00
-1.77327657e+00
0.00000000e+00
0.00000000e+00
0.00000000e+00
2.26943809e-01
3.20273149e-02
-7.42494143e-01
1.04184662e-01
4.32181554e-01
-5.02568074e-01
-2.32300220e-01
6.21066769e-01
2.02242665e-02
0.00000000e+00
-4.88522801e-01
1.79305969e-01
-7.10357351e-01
2.38769789e-01
1.02466141e+00
5.43728534e-01
-5.24572346e-02
-1.84384797e+00
-3.28201260e-01
-2.95621586e-01
-3.41568713e+00
0.00000000e+00
0.00000000e+00
0.00000000e+00
6.56220314e-01
-1.68570658e+00
-6.02578075e-01
8.62766260e-01
0.00000000e+00
-1.87599299e+00
3.97101949e-01
5.97862414e-01
-2.40765338e-01
0.00000000e+00
2.86872642e-02
2.38612656e+00
-6.05391815e-01
1.61083954e-01
-1.26270693e-01
5.86614125e-01
-6.04441347e-01
-5.29488446e-03
1.28447374e-02
5.59111683e-01
7 2
-3.7422e+00 5.3235e-01
7 -1
0 2 5 1 4 3 6 
217
6.55749186e+00
-2.58367897e+00
1.50117738e+01
1.98088759e+01
0.00000000e+00
0.00000000e+00
4.95941598e+00
-1.80700381e-01
-9.68373764e+00
-1.72207238e+01
0.00000000e+00
0.00000000e+00
1.63929661e+00
2.79512410e+00
9.94544637e+00
-6.72203136e-01
1.05216052e+01
-3.38340038e+00
-3.93678143e-01
1.86387742e+01
0.00000000e+00
0.00000000e+00
0.00000000e+00
0.00000000e+00
0.00000000e+00
0.00000000e+00
0.00000000e+00
0.00000000e+00
0.00000000e+00
0.00000000e+00
0.00000000e+00
0.00000000e+00
4.21074952e+00
-5.51073141e-01
2.90236962e+00
0.00000000e+00
0.00000000e+00
-1.25214396e+01
5.95859835e-01
-8.20091320e-01
7.72924431e+00
0.00000000e+00
0.00000000e+00
0.00000000e+00
0.00000000e+00
-8.49247888e+00
1.48212571e+01
-4.11859166e+01
0.00000000e+00
0.00000000e+00
0.00000000e+00
0.00000000e+00
0.00000000e+00
0.00000000e+00
0.00000000e+00
0.00000000e+00
0.00000000e+00
0.00000000e+00
0.00000000e+00
0.00000000e+00
-6.95297023e+00
0.00000000e+00
1.35528760e+01
0.00000000e+00
-1.26434412e+01
0.00000000e+00
5.30444417e+00
-2.33462887e+00
0.00000000e+00
0.00000000e+00
0.00000000e+00
2.55088216e-01
0.00000000e+00
-1.23387893e+01
-6.19143487e+00
1.86411930e+01
8.07625945e+00
0.00000000e+00
-7.30771947e+00
0.00000000e+00
0.00000000e+00
0.00000000e+00
0.00000000e+00
0.00000000e+00
0.00000000e+00
-3.31076722e+00
0.00000000e+00
0.00000000e+00
0.00000000e+00
9.23871414e+00
-3.69749327e+00
0.00000000e+00
-6.02150219e+00
0.00000000e+00
0.00000000e+00
0.00000000e+00
-5.90251698e+00
-5.89141918e+00
0.00000000e+00
2.60403603e-01
0.00000000e+00
0.00000000e+00
0.00000000e+00
0.00000000e+00
0.00000000e+00
0.00000000e+00
1.38236416e+01
0.00000000e+00
0.00000000e+00
0.00000000e+00
0.00000000e+00
0.00000000e+00
0.00000000e+00
0.00000000e+00
0.00000000e+00
0.00000000e+00
0.00000000e+00
0.00000000e+00
0.00000000e+00
-4.19443948e+01
-4.11305917e+00
-4.14205525e+01
0.00000000e+00
0.00000000e+00
0.00000000e+00
0.00000000e+00
0.00000000e+00
0.00000000e+00
0.00000000e+00
0.00000000e+00
-2.17236426e-02
-1.85771381e+01
0.00000000e+00
-2.23240282e-02
0.00000000e+00
0.00000000e+00
0.00000000e+00
0.00000000e+00
-4.30836864e-03
-6.65977623e-03
0.00000000e+00
0.00000000e+00
0.00000000e+00
0.00000000e+00
0.00000000e+00
-1.09382388e+00
0.00000000e+00
0.00000000e+00
0.00000000e+00
0.00000000e+00
0.00000000e+00
0.00000000e+00
0.00000000e+00
0.00000000e+00
-4.96774886e-02
3.25791633e+00
0.00000000e+00
-5.04272164e-02
0.00000000e+00
0.00000000e+00
0.00000000e+00
0.00000000e+00
-1.26816607e-02
-2.60228313e-02
0.00000000e+00
0.00000000e+00
0.00000000e+00
0.00000000e+00
0.00000000e+00
-1.97356765e+01
0.00000000e+00
0.00000000e+00
0.00000000e+00
0.00000000e+00
0.00000000e+00
0.00000000e+00
0.00000000e+00
0.00000000e+00
0.00000000e+00
0.00000000e+00
0.00000000e+00
0.00000000e+00
0.00000000e+00
0.00000000e+00
0.00000000e+00
0.00000000e+00
0.00000000e+00
-9.29954856e+00
0.00000000e+00
0.00000000e+00
0.00000000e+00
0.00000000e+00
0.00000000e+00
-3.41877029e+00
0.00000000e+00
0.00000000e+00
0.00000000e+00
0.00000000e+00
0.00000000e+00
0.00000000e+00
0.00000000e+00
0.00000000e+00
0.00000000e+00
0.00000000e+00
0.00000000e+00
0.00000000e+00
0.00000000e+00
0.00000000e+00
0.00000000e+00
0.00000000e+00
0.00000000e+00
4.28653206e+00
0.00000000e+00
0.00000000e+00
0.00000000e+00
0.00000000e+00
0.00000000e+00
136
1.39874867e+00
7.47895838e-01
4.33688173e-03
-4.95316024e-01
1.93850853e-02
1.14616885e+00
6.80946791e-03
0.00000000e+00
0.00000000e+00
0.00000000e+00
0.00000000e+00
0.00000000e+00
0.00000000e+00
1.38940085e+00
5.47847386e-02
-2.67750928e-02
1.10609882e-01
-1.29271711e-01
0.00000000e+00
0.00000000e+00
3.60687656e-01
3.82598833e-01
1.68633292e-01
2.70751017e-01
3.65648914e-01
8.78711253e-01
0.00000000e+00
0.00000000e+00
-9.70203584e-01
3.54426241e-01
7.04025292e-01
2.61283434e-01
-1.25795447e+00
-1.43507546e-03
3.16382692e-01
-7.20802080e-01
-2.21630458e-01
-4.46189923e-01
1.54393775e+00
0.00000000e+00
-6.69774931e-01
0.00000000e+00
8.66626402e-01
0.00000000e+00
0.00000000e+00
0.00000000e+00
0.00000000e+00
3.27517142e-01
4.96128266e-01
-2.72409577e-01
0.00000000e+00
0.00000000e+00
-1.76901538e+00
-6.07793767e-01
-5.44868672e-01
-2.62764126e-01
0.00000000e+00
-2.98773279e-01
-6.34626012e-01
1.26224009e-01
8.21729459e-01
2.92597247e-01
1.00248173e+00
-2.70871812e-01
3.58886454e-01
-8.52033504e-01
5.17053766e-01
1.67843494e+00
1.03154285e-01
3.64524164e-01
0.00000000e+00
1.52085067e+00
7.60514436e-01
-5.01042797e-03
4.42918143e-01
-3.98768476e-01
1.05512571e+00
4.16381460e-01
1.81873595e-02
5.85192939e-02
-7.84420659e-02
0.00000000e+00
0.00000000e+00
0.00000000e+00
0.00000000e+00
0.00000000e+00
-1.37817215e+00
-2.30095802e+00
-1.99318045e+00
0.00000000e+00
0.00000000e+00
0.00000000e+00
1.53431702e-01
-7.93053819e-01
-4.27863337e-01
3.06517437e-01
4.47387342e-01
-3.32535748e-01
-3.07710916e-01
7.06334416e-01
1.79100175e-01
0.00000000e+00
-5.08075432e-01
-2.14211205e-01
-3.63180579e-01
-3.67795981e-01
9.91934069e-01
5.18264112e-01
9.85305688e-02
-1.94029512e+00
-8.17007069e-02
-5.82574230e-02
-3.58484392e+00
0.00000000e+00
0.00000000e+00
0.00000000e+00
1.00509808e+00
8.40477952e-01
-7.36819997e-02
1.16691936e+00
5.01463082e-01
-5.48996557e-02
8.59276994e-01
1.24911837e+00
1.41812954e-01
0.00000000e+00
4.61962402e-01
8.29314145e-01
-7.48251006e-03
5.83258943e-01
-9.67206007e-02
1.08190006e+00
1.28882041e+00
0.00000000e+00
8.23826411e-02
1.17993604e+00
