0 1 -999999999 -1 -1
1 1 0 -1 -1
-0.02347 0.3786
356
5.00309070e-01
-8.76910776e-01
1.37721985e+00
1.28747670e+00
0.00000000e+00
-3.21055223e+00
2.53678943e+00
0.00000000e+00
0.00000000e+00
6.54096612e-01
-5.27297268e-01
4.55772876e-02
-3.63474678e-01
6.42510098e-01
5.87474400e-01
5.74922004e-02
0.00000000e+00
0.00000000e+00
0.00000000e+00
0.00000000e+00
0.00000000e+00
0.00000000e+00
0.00000000e+00
0.00000000e+00
0.00000000e+00
0.00000000e+00
0.00000000e+00
0.00000000e+00
0.00000000e+00
0.00000000e+00
0.00000000e+00
0.00000000e+00
0.00000000e+00
0.00000000e+00
0.00000000e+00
0.00000000e+00
0.00000000e+00
0.00000000e+00
0.00000000e+00
0.00000000e+00
0.00000000e+00
0.00000000e+00
0.00000000e+00
0.00000000e+00
0.00000000e+00
0.00000000e+00
0.00000000e+00
0.00000000e+00
0.00000000e+00
0.00000000e+00
0.00000000e+00
-1.77462091e+00
-2.40328007e-01
0.00000000e+00
0.00000000e+00
0.00000000e+00
0.00000000e+00
0.00000000e+00
-5.53604260e-01
2.87251893e-01
9.29469060e-01
-1.23678743e+00
3.18810543e-01
-7.60657871e-02
-1.27302891e-01
8.70460713e-02
-6.70633820e-02
1.10048112e-01
-2.42233805e+00
5.26254916e-03
5.89253554e-01
1.01588184e+00
-7.62808726e-03
-1.93965795e-01
1.20370164e+00
-2.86907895e-03
-1.92636442e-01
7.03063635e-01
-1.50580262e-03
-1.14230511e-01
2.99323543e-01
1.35412563e-02
1.87444271e-01
0.00000000e+00
0.00000000e+00
0.00000000e+00
0.00000000e+00
0.00000000e+00
0.00000000e+00
0.00000000e+00
0.00000000e+00
0.00000000e+00
0.00000000e+00
0.00000000e+00
-2.80872637e+00
-5.45690469e-01
-5.75256426e-01
-1.78615361e-01
-4.70498431e-01
-7.45333129e-01
-5.53165398e-02
1.38893680e-01
0.00000000e+00
0.00000000e+00
3.81751130e+00
2.43788868e+00
1.02629902e+00
7.38158234e-01
1.88621327e+00
-4.85831295e-01
-1.38550944e+00
-1.20905240e+00
1.62299441e-02
8.04139831e-01
5.08694647e-02
-1.23759474e+00
-1.17514309e+00
-2.34598103e+00
0.00000000e+00
0.00000000e+00
0.00000000e+00
0.00000000e+00
0.00000000e+00
0.00000000e+00
-2.06585359e-01
-3.05070120e-01
-4.38368766e-01
-2.26639759e-01
-3.90645359e-01
-3.70270247e-01
5.33724988e+00
5.07475211e+00
5.17466769e+00
5.01623474e+00
4.91053169e+00
5.68715376e+00
2.64816460e-01
-3.86013393e-01
-1.20006371e-01
3.56676636e-01
-1.46727437e-01
-1.75767864e-01
3.68891075e-01
3.35448711e-01
3.76758576e-01
-1.67612204e-01
2.49204858e-01
-8.09726093e-02
5.70277388e-01
0.00000000e+00
0.00000000e+00
0.00000000e+00
0.00000000e+00
0.00000000e+00
0.00000000e+00
0.00000000e+00
-6.99683186e-02
-1.75017093e+00
-2.06116463e+00
0.00000000e+00
-4.29903675e-01
-6.08657886e-01
-8.26133922e-01
-1.32892172e+00
-1.25603760e+00
0.00000000e+00
0.00000000e+00
0.00000000e+00
4.48792399e-02
0.00000000e+00
1.66807239e-01
4.18789675e-01
1.68293014e+00
-3.82362597e-01
-1.00743242e-01
-5.61423842e-01
5.21530877e-01
0.00000000e+00
-1.42335858e-01
1.68109441e+00
3.07498624e-03
-1.67944139e-02
-2.95929273e-01
2.93791576e-01
-4.68945527e-01
-2.02674491e+00
5.76014437e-01
2.55254031e-01
3.65351820e-01
0.00000000e+00
0.00000000e+00
0.00000000e+00
2.01267736e-01
0.00000000e+00
9.11083275e-02
9.58540445e-02
-1.43312672e-01
1.37210156e-01
-6.69108099e-03
2.37003112e-01
5.25356194e-01
0.00000000e+00
-1.38493874e-01
6.32882855e-01
-8.90638369e-02
4.56368913e-02
1.08143352e-01
-3.17381514e-02
3.78214276e-01
1.54012044e-01
1.59063398e-01
8.42163168e-02
-3.78995790e-01
-2.48156152e-01
4.45075278e-01
8.38803056e-02
2.62866460e-01
-2.14027431e-01
-3.86245357e-01
3.52116635e-01
-2.32365522e-01
0.00000000e+00
0.00000000e+00
0.00000000e+00
-5.86013727e-01
0.00000000e+00
-4.51555132e-02
6.42584366e-01
-6.80199555e-01
7.07060157e-01
-3.37386787e-01
-9.21234575e-01
-4.20086576e-01
0.00000000e+00
2.14284105e-01
6.87414276e-01
-1.66325398e-01
2.18547556e-01
-4.72849089e-01
-6.34518954e-01
-3.95630039e-01
1.21405907e+00
4.45321613e-01
-4.42234814e-01
-1.30839638e-01
3.61215809e-01
3.57544706e-02
2.25127175e-01
-8.77041807e-01
-1.81747523e-01
-1.19677057e+00
-9.04593242e-01
-9.97347993e-01
1.13483663e+00
2.91372172e-01
0.00000000e+00
-6.95294284e-01
1.01378741e+00
0.00000000e+00
8.04031939e-01
-1.93757961e+00
0.00000000e+00
0.00000000e+00
0.00000000e+00
-7.33987118e-01
6.63443123e-01
-9.14006195e-01
3.72970488e-01
-3.63645367e-01
-8.91947248e-01
3.44861085e-01
4.30634235e-01
-1.42761350e+00
0.00000000e+00
-2.45467596e-01
-1.06535241e+00
-7.73364673e-01
2.47767586e-01
7.93435137e-01
7.01774531e-01
5.38977285e-01
-6.79922476e-01
7.57748535e-01
3.06114966e-01
-4.03030412e-01
0.00000000e+00
0.00000000e+00
0.00000000e+00
7.31333780e-01
0.00000000e+00
8.94794706e-01
6.62411429e-01
6.84909783e-01
7.26663604e-01
4.81490447e-01
7.00723216e-01
1.11103852e+00
0.00000000e+00
3.27066789e-01
5.43512034e-01
3.39002172e-01
4.06692063e-01
5.89477652e-01
5.58259190e-01
5.38944570e-01
5.79443995e-01
6.06946326e-01
5.82843811e-01
-3.85018097e-01
-2.06861089e-01
0.00000000e+00
1.41187220e+00
9.05230778e-01
2.26829218e-01
1.94096364e-02
-4.53099943e-01
-5.35901880e-01
0.00000000e+00
0.00000000e+00
0.00000000e+00
-4.02400765e-01
0.00000000e+00
-3.77502334e-01
-3.43629314e-01
9.92479375e-01
-4.64058694e-01
-1.22271000e-01
-2.56522146e-01
2.14034613e-01
0.00000000e+00
2.60422586e-01
-4.80551694e-01
3.34022932e-01
3.88082991e-01
-1.32821722e-01
-7.56581578e-02
-3.68645709e-02
-6.53109446e-01
1.00182839e+00
-2.45501034e-01
-1.78157009e-01
0.00000000e+00
1.73579275e+00
1.87071178e-01
-1.55256151e+00
-4.01796797e-01
0.00000000e+00
0.00000000e+00
1.07607489e+00
-5.85129693e-01
-4.72622012e-01
6.55954908e-01
-1.15076472e+00
0.00000000e+00
0.00000000e+00
3.23630390e-01
247
-8.28233760e-01
-8.28233760e-01
0.00000000e+00
6.38124072e-02
-8.92046168e-01
0.00000000e+00
0.00000000e+00
0.00000000e+00
0.00000000e+00
0.00000000e+00
8.77410525e-01
-6.24055146e-02
-5.89764296e-01
3.67602558e-01
0.00000000e+00
0.00000000e+00
0.00000000e+00
0.00000000e+00
0.00000000e+00
0.00000000e+00
0.00000000e+00
0.00000000e+00
0.00000000e+00
0.00000000e+00
0.00000000e+00
0.00000000e+00
0.00000000e+00
0.00000000e+00
0.00000000e+00
0.00000000e+00
0.00000000e+00
0.00000000e+00
0.00000000e+00
0.00000000e+00
0.00000000e+00
0.00000000e+00
0.00000000e+00
0.00000000e+00
0.00000000e+00
0.00000000e+00
0.00000000e+00
-3.25806561e-01
4.53498810e-03
-2.37608475e-01
-1.26395785e-03
-4.07849608e-02
-1.62368697e-03
-2.24033764e-01
3.12484760e-03
-1.39970335e-02
-3.31281657e-01
-4.82955069e-01
0.00000000e+00
0.00000000e+00
0.00000000e+00
0.00000000e+00
0.00000000e+00
0.00000000e+00
0.00000000e+00
2.81371406e+00
3.69695958e+00
4.46746704e-01
2.66662247e-01
6.60179499e-02
2.20560579e-01
-3.32929988e-01
-9.27581515e-01
-2.01271629e-01
1.58506545e-01
2.18780458e-02
-6.66439637e-01
-1.24529034e+00
-1.44880679e+00
0.00000000e+00
0.00000000e+00
0.00000000e+00
0.00000000e+00
0.00000000e+00
0.00000000e+00
-1.82274640e-01
-7.12765398e-01
-5.51294482e-01
-8.76436436e-01
-1.06715394e+00
-1.13526844e+00
5.62152663e+00
5.68632794e+00
5.54910089e+00
5.74954181e+00
5.50711465e+00
5.93527322e+00
-1.02121566e+00
-4.44772829e-01
-6.94549683e-01
5.04195098e-02
-1.99429636e-01
-5.16210843e-01
0.00000000e+00
-2.19616927e-01
1.68330233e-01
3.05341644e-01
-2.55645743e-01
-5.12740391e-01
-2.60524024e-01
0.00000000e+00
0.00000000e+00
0.00000000e+00
-5.67709736e-01
3.97923521e-01
-2.30261199e+00
0.00000000e+00
-6.61696974e-01
-6.77638857e-01
-3.82146864e-01
-5.59146655e-01
-1.33933583e+00
0.00000000e+00
0.00000000e+00
0.00000000e+00
5.80371550e-02
6.25610456e-01
-4.15443587e-01
2.89038354e-01
5.46552837e-01
2.85302847e-01
-2.13360394e-01
4.32199871e-02
-2.95939656e-01
0.00000000e+00
-1.59531249e-01
1.34369471e-01
-6.21509161e-01
-5.57983393e-01
-1.07523267e+00
-7.00369692e-03
-2.02534094e-01
-5.21743749e-01
6.02063678e-01
1.46751032e-01
-3.03581009e-01
2.07953353e-01
6.92513747e-01
4.21105046e-01
9.75417503e-01
-3.42503065e-02
0.00000000e+00
0.00000000e+00
0.00000000e+00
-4.56490060e-02
4.57884847e-01
-8.39402043e-02
8.34914890e-02
0.00000000e+00
-1.97394988e-01
-4.10479947e-02
1.45471532e-01
0.00000000e+00
0.00000000e+00
1.28171312e-01
-1.38555855e-01
0.00000000e+00
0.00000000e+00
4.52384388e-01
2.76850910e-01
1.21083631e-02
0.00000000e+00
4.02144337e-01
-3.47960408e-03
-5.11534361e-01
-3.45065487e-01
-1.43753106e-01
1.56192411e-01
-1.03575482e+00
-8.69650326e-01
1.44192982e+00
1.23785857e+00
6.12325319e-01
-1.66104496e-01
1.17479697e+00
2.35018769e-01
7.21675926e-02
-9.41293519e-01
0.00000000e+00
0.00000000e+00
0.00000000e+00
-2.36213435e-01
-1.08302421e-01
-4.01404190e-01
4.89357807e-01
5.00345408e-01
3.09553450e-03
1.21872231e-01
6.29557493e-01
-7.03065437e-01
0.00000000e+00
-7.27232141e-01
-2.98973175e-01
-4.67807826e-01
-2.66708005e-01
7.90981995e-01
2.74487148e-01
2.76050127e-01
-9.79141537e-01
-1.98609121e-01
3.60416026e-01
1.38081295e-01
3.32871714e-01
0.00000000e+00
6.50182157e-01
5.05337883e-01
-5.05966655e-01
0.00000000e+00
0.00000000e+00
0.00000000e+00
2.49808671e-01
0.00000000e+00
3.53065802e-01
2.57822542e-01
0.00000000e+00
6.08006226e-01
6.78972327e-01
0.00000000e+00
0.00000000e+00
0.00000000e+00
5.48593848e-01
6.98112223e-01
5.09893025e-01
4.94522003e-01
0.00000000e+00
4.05927719e-01
9.54473277e-02
8.16032829e-01
6.02311340e-01
5.20429655e-01
-1.94790419e-01
0.00000000e+00
-4.04661450e-01
-3.93312486e-01
-1.07937481e+00
-7.15018578e-01
0.00000000e+00
0.00000000e+00
0.00000000e+00
-3.64356236e-01
0.00000000e+00
0.00000000e+00
-4.52095858e-01
1 -999999999 7 0 -1
1 0 2 1 -1
1.8539e-02 -1.7307e-02
356
-7.69773446e-01
0.00000000e+00
0.00000000e+00
0.00000000e+00
0.00000000e+00
0.00000000e+00
0.00000000e+00
0.00000000e+00
0.00000000e+00
0.00000000e+00
0.00000000e+00
0.00000000e+00
0.00000000e+00
0.00000000e+00
0.00000000e+00
0.00000000e+00
-7.69773446e-01
0.00000000e+00
1.02834639e+00
0.00000000e+00
0.00000000e+00
0.00000000e+00
0.00000000e+00
0.00000000e+00
0.00000000e+00
0.00000000e+00
0.00000000e+00
0.00000000e+00
2.99355151e-01
1.84971156e-01
5.44020087e-01
-7.87884726e-02
-6.90984973e-01
-1.31598739e+00
0.00000000e+00
1.13091389e+00
1.62611115e+00
7.04070456e-01
6.99005529e-01
5.33128466e-01
5.14087288e-01
0.00000000e+00
0.00000000e+00
0.00000000e+00
0.00000000e+00
0.00000000e+00
0.00000000e+00
0.00000000e+00
0.00000000e+00
0.00000000e+00
0.00000000e+00
-9.45693194e-01
1.15945016e+00
0.00000000e+00
0.00000000e+00
0.00000000e+00
0.00000000e+00
0.00000000e+00
-8.12199128e-01
2.37919827e-01
-3.87137105e-01
4.67032026e-02
-2.46538247e-01
4.20626241e-01
4.46540163e-01
3.06361399e-01
2.29560870e-01
-3.28624191e-01
-6.12094707e-01
-5.42275480e-03
5.59179737e-01
-1.08719358e+00
2.64120967e-03
9.25049207e-01
-2.00487443e-02
-9.50901156e-04
5.20674990e-01
9.49563588e-01
1.05373367e-03
5.57329163e-02
-1.22168633e-01
-2.28012028e-01
-4.19592785e-01
0.00000000e+00
0.00000000e+00
0.00000000e+00
0.00000000e+00
0.00000000e+00
0.00000000e+00
0.00000000e+00
-4.64506926e-01
-9.73200072e-01
-1.13801458e+00
9.78985350e-02
-1.49894574e+00
-5.57014216e-01
-2.98871913e-01
-1.82490552e-01
2.72813798e-01
-1.19531673e-02
3.06183998e-01
8.34692570e-02
0.00000000e+00
0.00000000e+00
1.90943963e+00
1.11620311e+00
1.34319409e-01
6.36829122e-01
1.86346812e-01
-2.37663322e-01
-2.44534533e-01
-8.86667871e-01
7.25303268e-02
5.79915124e-01
-2.07042797e-02
-3.67846683e-01
-9.36184628e-01
-1.59555255e+00
0.00000000e+00
0.00000000e+00
0.00000000e+00
0.00000000e+00
0.00000000e+00
0.00000000e+00
4.39430901e-01
-5.12598204e-01
-2.49079674e-01
-6.70726410e-01
-3.27415468e-01
-5.65587703e-01
3.64717770e+00
3.75798837e+00
3.56772158e+00
3.73708263e+00
3.69015876e+00
3.81995985e+00
8.90342593e-01
1.99926520e-01
3.13280610e-01
6.76420879e-01
4.21419492e-01
1.07443234e-01
6.26305231e-02
1.03252389e+00
8.98392849e-01
9.84738364e-01
4.70591713e-01
3.67239194e-02
-4.11370383e-01
0.00000000e+00
0.00000000e+00
0.00000000e+00
0.00000000e+00
0.00000000e+00
0.00000000e+00
0.00000000e+00
-3.58403063e-01
7.00531429e-01
-1.03100364e+00
0.00000000e+00
-1.16212787e+00
-1.18052888e+00
-4.86081567e-01
-7.05447679e-01
-1.64820943e+00
0.00000000e+00
0.00000000e+00
0.00000000e+00
-2.89124118e-01
-1.59172161e-01
-3.06545093e-01
-3.51814476e-01
7.76948249e-01
-3.92678412e-01
-1.03834076e+00
6.52695598e-01
8.22183332e-02
0.00000000e+00
-3.83973152e-01
1.01700382e+00
-1.50796954e-01
2.96162433e-01
-1.29025506e+00
-4.55385196e-01
1.23947050e-01
-1.71117562e+00
1.68674815e+00
2.45327937e-01
3.73145535e-01
0.00000000e+00
0.00000000e+00
0.00000000e+00
9.97448367e-02
6.46162786e-01
-1.72519361e-01
1.62412459e-01
2.34243780e-01
-3.06284673e-02
3.33996202e-01
-5.76340934e-01
-2.69794020e-02
0.00000000e+00
-6.79899756e-02
-6.97061728e-01
2.56118902e-01
-3.43347768e-01
-2.22539520e-02
6.64649433e-02
4.05205453e-02
1.11795690e+00
-4.87676327e-01
-1.59677908e-01
-5.72760911e-01
-2.75001931e-01
-3.95279047e-01
3.66309288e-01
-2.06242656e-01
9.62531073e-01
-3.58865574e-01
-8.78667431e-01
-3.64548003e-01
0.00000000e+00
0.00000000e+00
0.00000000e+00
1.03038668e-02
1.67643296e-01
4.39407461e-02
2.44251502e-01
1.71326975e-01
1.01636964e-01
-1.04004988e-01
-4.06895080e-01
2.19342701e-01
0.00000000e+00
3.33826297e-01
5.65883256e-01
8.16889110e-01
8.19040386e-01
-1.32983479e+00
-9.58036677e-01
-7.58859273e-01
-1.33888888e+00
9.89962129e-01
4.79244548e-02
-2.97758980e-01
1.16382398e+00
9.56120911e-02
-3.94614086e-01
-1.07544852e+00
-8.87125934e-01
5.32348837e-01
1.69778409e-01
5.62284844e-02
1.62780104e+00
-1.84836209e+00
0.00000000e+00
-1.88322586e-01
2.08865236e+00
0.00000000e+00
0.00000000e+00
-1.88597656e+00
0.00000000e+00
0.00000000e+00
0.00000000e+00
-8.24371236e-01
-3.16581743e-01
-6.52285173e-02
7.92894828e-01
2.98201933e-01
-4.92813117e-01
5.34777610e-01
1.40230347e+00
-2.93221098e-01
0.00000000e+00
-1.47857278e+00
1.98930110e-01
-3.41805705e-01
-1.09380687e+00
-2.38952429e-01
9.25516382e-01
2.88091157e-01
-3.71507078e-01
-2.64262202e-01
-5.45569272e-01
3.11094910e-01
0.00000000e+00
0.00000000e+00
0.00000000e+00
3.47330188e-02
-6.89000502e-02
-2.15577899e-01
-3.55069381e-01
-1.26433437e-01
1.42634714e-01
-4.11159335e-03
-5.52750113e-01
-7.76561302e-02
0.00000000e+00
1.39727510e-01
2.00226583e-01
1.15968402e-01
5.33169881e-01
4.94889485e-01
-5.01352163e-01
-6.19462729e-02
-1.44518134e-01
2.98939813e-01
4.59120678e-01
-2.20169972e-01
-3.18108856e-01
0.00000000e+00
-5.06431645e-01
-2.39262896e-01
7.54898622e-01
-5.00838339e-01
-5.72169139e-01
-4.43101684e-01
0.00000000e+00
0.00000000e+00
0.00000000e+00
-1.63653466e-01
-4.22613762e-01
-2.07805774e-01
-2.52650757e-01
-5.04260612e-01
-3.63639090e-01
-4.25120281e-01
8.00865675e-01
-2.24063331e-01
0.00000000e+00
-2.60849376e-02
5.61239340e-01
-7.32431963e-02
-9.00133212e-01
5.49453130e-01
6.23199417e-01
5.27759287e-01
8.59860186e-01
-2.89645775e-01
-5.12564523e-01
9.79388836e-02
0.00000000e+00
-8.79388448e-01
2.66914669e-01
-1.66580659e+00
-8.62420023e-01
0.00000000e+00
0.00000000e+00
-1.44702663e-01
1.11442776e+00
-1.40809598e+00
0.00000000e+00
-8.03386562e-01
0.00000000e+00
0.00000000e+00
0.00000000e+00
247
2.22043807e-02
0.00000000e+00
0.00000000e+00
0.00000000e+00
0.00000000e+00
0.00000000e+00
0.00000000e+00
0.00000000e+00
0.00000000e+00
0.00000000e+00
0.00000000e+00
0.00000000e+00
0.00000000e+00
0.00000000e+00
2.22043807e-02
0.00000000e+00
1.12205823e-01
-9.00014422e-02
0.00000000e+00
0.00000000e+00
0.00000000e+00
0.00000000e+00
0.00000000e+00
4.50904379e-02
-5.53234567e-01
0.00000000e+00
0.00000000e+00
-1.45101129e-01
0.00000000e+00
6.31786720e-01
-7.76887849e-01
0.00000000e+00
4.31198102e-01
-7.36831388e-01
0.00000000e+00
0.00000000e+00
0.00000000e+00
0.00000000e+00
0.00000000e+00
0.00000000e+00
0.00000000e+00
4.78667456e-01
6.04399102e-03
4.82896215e-01
-1.57427855e-02
-4.84830117e-01
-5.21937524e-03
-4.54529174e-01
2.39544048e-03
-3.26865946e-01
-8.04257736e-02
4.29496101e-01
0.00000000e+00
0.00000000e+00
0.00000000e+00
0.00000000e+00
0.00000000e+00
0.00000000e+00
0.00000000e+00
2.33272681e+00
1.86776534e+00
5.68716526e-01
9.68351578e-01
7.43290465e-01
-8.79685475e-01
0.00000000e+00
-4.90668591e-01
-6.75867810e-01
6.58582628e-01
2.96344538e-01
-1.62554661e-01
-8.19176782e-01
-1.97850307e+00
0.00000000e+00
0.00000000e+00
0.00000000e+00
0.00000000e+00
0.00000000e+00
0.00000000e+00
-9.89331770e-02
3.68236911e-02
-8.97625874e-02
-2.74577168e-01
-3.72660900e-01
-1.04645082e+00
3.92565315e+00
4.36999678e+00
4.18861165e+00
4.25269989e+00
4.25128997e+00
4.81620953e+00
0.00000000e+00
-1.74711043e-01
1.95058084e-01
-7.89015002e-02
-8.93877224e-01
-2.94487922e-01
0.00000000e+00
-4.49124783e-01
1.12083954e+00
7.85703025e-01
1.03798898e+00
1.02739035e+00
3.70652734e-01
0.00000000e+00
0.00000000e+00
0.00000000e+00
-3.48448354e-01
-1.23772880e+00
0.00000000e+00
0.00000000e+00
-4.54366440e-01
-6.98222231e-01
-1.25323573e+00
-5.92325228e-01
-1.15258867e+00
0.00000000e+00
0.00000000e+00
0.00000000e+00
9.14893687e-01
0.00000000e+00
1.89562517e-02
4.50221714e-01
1.77872296e+00
-1.36076563e+00
4.00576395e-01
5.49346376e-01
2.64874648e-01
0.00000000e+00
-2.44206362e-01
1.19118514e+00
-6.92513788e-01
-9.87008516e-01
-1.31097623e+00
3.88724870e-01
4.32004748e-01
-1.04379646e+00
6.41838281e-01
-4.65474560e-01
-1.93688533e-01
2.55287530e-01
-2.28849805e+00
-2.86040887e-02
1.68391994e-01
-1.44156043e-01
0.00000000e+00
0.00000000e+00
0.00000000e+00
6.22525388e-01
0.00000000e+00
3.73548863e-01
-2.55396074e-02
-4.80329204e-01
8.90747439e-01
8.08185385e-02
4.57593396e-01
-3.98710738e-01
0.00000000e+00
8.03389317e-01
-7.07017562e-01
0.00000000e+00
-8.82485279e-01
1.59167788e+00
3.15007456e-01
2.47446447e-01
1.17882405e-01
1.75958396e-01
3.81108092e-01
-4.48976064e-01
4.55547221e-01
-1.22061879e+00
-6.52504184e-01
-9.58900138e-01
-7.09653970e-01
0.00000000e+00
-1.48457283e-01
5.88487459e-01
-2.49246168e-01
-1.37709915e+00
0.00000000e+00
0.00000000e+00
-1.84556096e+00
0.00000000e+00
0.00000000e+00
0.00000000e+00
-8.73811703e-01
5.43719613e-02
-7.83387744e-02
5.51508402e-01
6.86887906e-01
-8.40788684e-01
3.69338477e-01
3.24667811e-01
8.70498025e-01
0.00000000e+00
-5.73627101e-01
-2.76425369e-01
-1.56432409e+00
-1.92227693e-01
-3.27301069e-01
2.97668850e-01
3.54571307e-01
-7.48050143e-01
6.89134046e-01
-5.69313118e-01
-2.94874336e-01
-2.82332931e-01
0.00000000e+00
1.78834890e+00
7.82710539e-01
4.06801738e-01
0.00000000e+00
0.00000000e+00
0.00000000e+00
3.82446401e-01
0.00000000e+00
2.60885289e-01
5.62084908e-01
-1.23724660e-01
8.40988542e-01
7.69902615e-01
-1.55380695e-01
-6.72185140e-01
0.00000000e+00
6.84582256e-01
3.34522351e-01
0.00000000e+00
3.45282128e-01
-2.38519216e-01
-3.61346104e-01
2.50221614e-01
0.00000000e+00
-1.18640448e-01
7.40340280e-01
-1.25414048e-02
0.00000000e+00
0.00000000e+00
-1.00603253e-01
-1.55068663e+00
-9.70902804e-01
0.00000000e+00
0.00000000e+00
0.00000000e+00
-5.79783823e-01
0.00000000e+00
0.00000000e+00
0.00000000e+00
3 1
-4.6039e-01 2.5205e-01
2 1
0 1 
217
2.37923808e-02
-1.48335307e+00
7.21297397e-01
-1.16911942e+00
1.22582105e-01
-3.91802363e-02
-1.08584843e-01
6.95480660e-02
1.47468378e-03
-6.40665516e-01
-3.42529701e-01
3.90261855e-01
3.50850135e-01
1.97152434e+00
-3.15008544e-01
1.14627421e-02
5.28198172e-01
-9.69557471e-02
-6.29127521e-04
6.59464859e-01
-5.14889930e-02
2.40545139e-04
3.95141078e-01
4.87245664e-01
4.25493359e-03
4.38860362e-01
1.12246990e-01
1.30732299e-01
-2.19186908e-01
0.00000000e+00
0.00000000e+00
0.00000000e+00
0.00000000e+00
0.00000000e+00
0.00000000e+00
0.00000000e+00
0.00000000e+00
-3.62561942e-01
3.86354323e-01
0.00000000e+00
0.00000000e+00
0.00000000e+00
0.00000000e+00
0.00000000e+00
0.00000000e+00
1.80559851e-01
-5.43121794e-01
3.86354323e-01
0.00000000e+00
0.00000000e+00
0.00000000e+00
0.00000000e+00
0.00000000e+00
0.00000000e+00
0.00000000e+00
0.00000000e+00
0.00000000e+00
0.00000000e+00
0.00000000e+00
0.00000000e+00
3.86354323e-01
-5.43121794e-01
1.80559851e-01
7.61114728e-02
-6.19233266e-01
0.00000000e+00
4.34522337e-01
3.02167432e-01
1.32391837e-01
8.97605859e-02
0.00000000e+00
1.80559851e-01
0.00000000e+00
1.23992849e-01
9.67219056e-01
-2.80760320e-01
2.35052448e-01
0.00000000e+00
0.00000000e+00
0.00000000e+00
0.00000000e+00
0.00000000e+00
0.00000000e+00
0.00000000e+00
0.00000000e+00
0.00000000e+00
0.00000000e+00
0.00000000e+00
0.00000000e+00
0.00000000e+00
0.00000000e+00
0.00000000e+00
0.00000000e+00
0.00000000e+00
0.00000000e+00
0.00000000e+00
0.00000000e+00
0.00000000e+00
0.00000000e+00
0.00000000e+00
0.00000000e+00
0.00000000e+00
0.00000000e+00
0.00000000e+00
0.00000000e+00
0.00000000e+00
0.00000000e+00
0.00000000e+00
0.00000000e+00
0.00000000e+00
0.00000000e+00
0.00000000e+00
0.00000000e+00
0.00000000e+00
0.00000000e+00
0.00000000e+00
0.00000000e+00
0.00000000e+00
0.00000000e+00
-2.25095829e-01
-1.85680702e+00
-7.79333885e-01
0.00000000e+00
0.00000000e+00
0.00000000e+00
5.00002702e-01
-4.86420908e-01
-8.00705221e-01
-1.65174552e-01
5.22199594e-01
1.60993134e-01
-3.48965720e-01
1.30104154e+00
-2.37409447e-01
0.00000000e+00
-7.12938085e-01
-8.79226435e-01
-4.66422254e-01
-1.13246724e+00
3.19854400e-01
1.46360992e+00
-9.20253872e-02
-5.11253218e-01
-3.12326947e-01
1.09830023e+00
3.12512880e-02
0.00000000e+00
0.00000000e+00
0.00000000e+00
4.36539211e-01
-1.23593943e+00
2.03146088e-01
6.04605039e-02
1.22012744e-01
-2.77391930e-01
1.09325034e-01
-3.16294303e-01
3.77311196e-01
0.00000000e+00
3.20166397e-01
-4.32630409e-01
9.33448817e-02
7.89913357e-01
-3.82451491e-01
-8.67753938e-03
1.69294264e-01
-5.87933068e-01
7.02637749e-01
-1.11581963e-01
-1.84778785e+00
0.00000000e+00
0.00000000e+00
0.00000000e+00
1.88792979e-01
9.23306303e-02
-5.32389949e-01
-1.32268795e-01
1.87946841e-01
-8.57940350e-01
3.66499387e-01
1.03882516e-01
9.41204316e-02
0.00000000e+00
-1.32618608e+00
3.20484282e-01
-4.36988844e-01
-7.54236984e-01
3.47831921e-01
5.99784784e-01
-6.74098926e-01
-2.33013445e-01
7.23437171e-01
7.42245779e-02
-3.86554576e-02
0.00000000e+00
0.00000000e+00
0.00000000e+00
-7.28496483e-02
1.57817244e-01
-8.72041952e-02
8.93853200e-02
-7.42243006e-02
3.04279552e-01
6.78731312e-02
1.07750430e-01
-2.96049828e-01
0.00000000e+00
6.31217397e-01
-5.52173758e-02
-2.04031290e-01
7.56762419e-02
-3.94772549e-02
-2.55507876e-01
4.60847380e-01
-3.84934305e-01
-3.97382585e-01
-6.66234942e-02
136
6.15963178e-01
-1.19641141e+00
2.76600780e-02
-1.66211012e-01
9.93552398e-03
9.50209729e-01
-5.28335720e-05
1.02837587e+00
2.03759922e-03
4.85327473e-01
1.03636758e-01
2.69989474e-02
0.00000000e+00
0.00000000e+00
0.00000000e+00
0.00000000e+00
0.00000000e+00
0.00000000e+00
0.00000000e+00
8.95610122e-01
-4.70629871e-01
1.90982927e-01
0.00000000e+00
0.00000000e+00
0.00000000e+00
0.00000000e+00
0.00000000e+00
8.95610122e-01
-7.57619876e-02
-3.94867883e-01
1.90982927e-01
0.00000000e+00
0.00000000e+00
0.00000000e+00
0.00000000e+00
0.00000000e+00
0.00000000e+00
0.00000000e+00
0.00000000e+00
0.00000000e+00
0.00000000e+00
0.00000000e+00
0.00000000e+00
0.00000000e+00
0.00000000e+00
0.00000000e+00
6.24904045e-01
-1.24161806e-01
4.78607445e-01
-7.24511495e-02
0.00000000e+00
0.00000000e+00
8.30275820e-01
4.33825223e-01
1.86016682e-01
-2.48142700e+00
0.00000000e+00
0.00000000e+00
0.00000000e+00
0.00000000e+00
1.90982927e-01
-3.94867883e-01
-7.57619876e-02
0.00000000e+00
0.00000000e+00
0.00000000e+00
0.00000000e+00
0.00000000e+00
0.00000000e+00
0.00000000e+00
0.00000000e+00
0.00000000e+00
0.00000000e+00
0.00000000e+00
0.00000000e+00
0.00000000e+00
0.00000000e+00
0.00000000e+00
0.00000000e+00
0.00000000e+00
0.00000000e+00
0.00000000e+00
0.00000000e+00
0.00000000e+00
0.00000000e+00
0.00000000e+00
-9.29712189e-01
-7.99987950e-01
-1.22768565e+00
0.00000000e+00
0.00000000e+00
0.00000000e+00
5.95648669e-02
-4.79616804e-01
-2.62272504e-01
3.68110266e-01
-2.30807315e-01
-4.12187200e-02
2.83719186e-01
7.63793086e-01
-2.59314517e-01
0.00000000e+00
-4.18970363e-01
5.79787006e-01
-5.71052659e-01
-9.89151663e-01
1.85898899e-01
9.50212846e-01
2.49598665e-01
-1.08060768e+00
-4.08433821e-01
7.30755704e-02
-1.49984197e+00
0.00000000e+00
0.00000000e+00
0.00000000e+00
6.56063690e-03
-1.25617779e+00
-2.49189162e-01
4.50665900e-01
-2.07744078e-01
-7.78789125e-03
5.14923465e-01
1.99005163e-01
-7.09417842e-01
0.00000000e+00
-1.78675028e-01
1.47167082e-02
-4.02690345e-01
-3.28551288e-01
2.02047532e-01
1.36967585e-01
1.68736439e-01
-1.70117235e-01
-1.19540707e-01
4.36425969e-01
2 1
-6.9839e-01 2.5992e-01
3 0
0 1 3 
217
1.03496260e+00
-1.19426091e+00
5.23240373e-01
4.34233261e-01
4.93396723e-02
5.86937300e-01
5.08792723e-01
4.24082643e-01
3.01427856e-01
3.08340677e-01
6.49828391e-01
-1.28146764e-01
-4.74426046e-01
-1.12897834e-01
3.05707472e-02
-1.10566065e-02
6.98290014e-01
2.69558753e-01
-1.79430454e-03
6.21681128e-01
4.34831143e-01
5.63295244e-03
3.04425239e-01
3.00001952e-01
-4.60767284e-03
6.17349063e-01
-6.67846649e-02
4.28997688e-01
6.72749573e-01
0.00000000e+00
0.00000000e+00
0.00000000e+00
0.00000000e+00
0.00000000e+00
0.00000000e+00
0.00000000e+00
1.15042032e+00
-5.96388731e-01
1.78599816e-01
3.02331193e-01
0.00000000e+00
0.00000000e+00
0.00000000e+00
0.00000000e+00
1.15042032e+00
1.40266470e-01
-7.36420556e-01
3.98855291e-01
0.00000000e+00
-5.30819074e-03
-2.14947284e-01
3.02331193e-01
0.00000000e+00
0.00000000e+00
0.00000000e+00
0.00000000e+00
0.00000000e+00
0.00000000e+00
0.00000000e+00
0.00000000e+00
6.95878293e-01
-9.51602485e-01
1.40266470e-01
8.75412604e-01
-6.76594771e-01
0.00000000e+00
6.00993179e-01
4.37581177e-01
2.35151585e-01
7.66103547e-01
0.00000000e+00
-6.65401383e-01
0.00000000e+00
-2.71170746e-01
1.59252363e-01
2.09893898e-02
6.37310366e-01
1.43610253e+00
-4.82981006e-01
0.00000000e+00
-4.04699800e-01
1.07427248e+00
4.86540873e-01
6.49971023e-01
0.00000000e+00
0.00000000e+00
0.00000000e+00
0.00000000e+00
0.00000000e+00
0.00000000e+00
0.00000000e+00
0.00000000e+00
0.00000000e+00
0.00000000e+00
0.00000000e+00
0.00000000e+00
0.00000000e+00
0.00000000e+00
0.00000000e+00
0.00000000e+00
0.00000000e+00
0.00000000e+00
0.00000000e+00
0.00000000e+00
0.00000000e+00
0.00000000e+00
0.00000000e+00
0.00000000e+00
0.00000000e+00
0.00000000e+00
0.00000000e+00
0.00000000e+00
0.00000000e+00
0.00000000e+00
0.00000000e+00
0.00000000e+00
0.00000000e+00
0.00000000e+00
0.00000000e+00
-1.86322867e+00
-2.46205255e+00
-1.85868454e+00
0.00000000e+00
0.00000000e+00
0.00000000e+00
1.40091594e-01
-2.62371161e-02
5.94631750e-01
5.71473388e-01
5.20531229e-01
1.54153258e-01
-3.30739536e-01
8.35405177e-02
3.18497217e-01
0.00000000e+00
4.21233622e-01
-3.25808039e-01
-5.20163855e-01
-1.69866540e+00
4.82243541e-01
4.85156838e-01
1.30392246e+00
-3.41611595e-01
2.84135214e-01
1.41013103e+00
-6.86308412e-01
0.00000000e+00
0.00000000e+00
0.00000000e+00
1.10619009e+00
-4.61502140e-02
7.01665546e-01
8.44656368e-01
8.35526794e-01
8.48968810e-01
1.01230582e+00
8.62579687e-01
3.95444901e-01
0.00000000e+00
6.08207276e-01
3.51057623e-01
7.77437871e-01
1.28385544e+00
4.53516037e-01
8.45027853e-01
4.12465601e-01
-3.90144297e-02
7.31163678e-01
4.99466951e-01
-3.29444664e+00
0.00000000e+00
0.00000000e+00
0.00000000e+00
7.91440906e-01
-3.65600191e-01
-4.42630295e-01
5.68592218e-01
3.57557512e-01
-1.94162539e+00
-1.33762280e+00
-4.86361487e-01
4.34641707e-02
0.00000000e+00
-7.62049748e-01
-7.21067957e-02
-5.35738625e-01
3.20101475e-01
-7.46618434e-01
-2.15385872e-01
5.82414507e-01
-2.01945239e-01
6.17334470e-01
5.32332984e-01
2.34336711e-01
0.00000000e+00
0.00000000e+00
0.00000000e+00
-4.99622242e-01
-3.55073623e-01
4.73751171e-02
-2.23152522e-01
-1.13131660e-01
8.54572710e-01
6.70272730e-01
2.08661609e-01
2.64105945e-01
0.00000000e+00
2.73613387e-02
-2.67748232e-01
-6.24373651e-01
-5.63096438e-02
3.39418841e-01
1.26274512e-01
-3.47899972e-01
-2.14493930e-01
4.41299687e-01
-4.32003012e-02
136
3.76279741e-01
3.69387127e-01
-1.20948242e-03
-2.43708259e-01
4.89472514e-03
-4.80048914e-02
4.11206863e-03
2.98605764e-01
2.12555262e-03
2.36121158e-01
1.73540117e-01
-3.33815345e-02
0.00000000e+00
0.00000000e+00
0.00000000e+00
0.00000000e+00
0.00000000e+00
0.00000000e+00
0.00000000e+00
0.00000000e+00
5.10285310e-02
8.56641473e-02
2.39587062e-01
0.00000000e+00
0.00000000e+00
0.00000000e+00
0.00000000e+00
0.00000000e+00
2.49594023e-01
-1.98565492e-01
-4.36246802e-01
0.00000000e+00
9.65849961e-01
-4.43939012e-01
2.39587062e-01
0.00000000e+00
0.00000000e+00
0.00000000e+00
0.00000000e+00
0.00000000e+00
0.00000000e+00
0.00000000e+00
0.00000000e+00
0.00000000e+00
0.00000000e+00
0.00000000e+00
-5.13985747e-01
-1.28518758e-01
7.42967025e-01
2.03609790e-01
0.00000000e+00
1.69306090e+00
-4.77616914e-01
5.43674013e-01
3.16606153e-01
0.00000000e+00
-2.26019642e-01
-1.59198629e-01
3.44098324e-01
-3.14132156e-02
-2.51580732e-01
-6.42504504e-01
2.49594023e-01
0.00000000e+00
0.00000000e+00
0.00000000e+00
0.00000000e+00
0.00000000e+00
0.00000000e+00
0.00000000e+00
0.00000000e+00
0.00000000e+00
0.00000000e+00
0.00000000e+00
0.00000000e+00
0.00000000e+00
0.00000000e+00
0.00000000e+00
0.00000000e+00
0.00000000e+00
0.00000000e+00
0.00000000e+00
0.00000000e+00
0.00000000e+00
0.00000000e+00
0.00000000e+00
-8.83118748e-01
-1.08506826e+00
-1.24456602e+00
0.00000000e+00
0.00000000e+00
0.00000000e+00
2.95114065e-01
-4.61154372e-01
-1.26071105e-01
5.61115788e-01
-4.07338380e-02
1.16039185e-01
3.49033052e-01
7.75653483e-01
-5.78538419e-01
0.00000000e+00
-2.27252940e-01
-4.10352886e-01
-9.02330126e-01
-4.62928758e-01
3.66145367e-01
9.08909382e-01
2.03252193e-02
-1.85062462e+00
1.51147232e-01
2.71938265e-01
-1.71609034e+00
0.00000000e+00
0.00000000e+00
0.00000000e+00
-8.17773531e-02
-6.83531572e-01
-3.24692823e-01
4.89607809e-01
1.46669711e-01
-2.81223960e-01
4.26322361e-01
2.83175258e-01
-8.44051566e-01
0.00000000e+00
-1.12343423e-01
-6.64516350e-02
-8.57807053e-01
-1.83743958e-01
2.24452778e-01
1.28066685e-01
8.45459946e-02
-4.21970045e-01
9.27057480e-03
3.49391875e-01
4 1
-8.0646e-01 4.1631e-01
4 1
0 1 3 2 
217
-9.10658910e-01
-5.12952370e-01
1.20743913e+00
-2.83853567e-01
-7.01260193e-01
2.56400019e-01
-4.81762515e-01
1.02145506e+00
5.34834043e-01
1.70270484e+00
5.52208676e-01
-3.28066413e-01
0.00000000e+00
0.00000000e+00
-3.60555769e-01
-3.09761244e-03
1.52080506e-01
-2.61513106e-01
5.50908709e-03
6.79981225e-02
-1.96247472e-01
-2.74525644e-03
7.18393409e-01
-9.23425625e-02
2.00197941e-03
6.53208041e-01
-9.12978667e-02
-3.82256546e-01
-4.37104497e-01
0.00000000e+00
0.00000000e+00
0.00000000e+00
0.00000000e+00
0.00000000e+00
0.00000000e+00
0.00000000e+00
0.00000000e+00
-6.91357579e-01
-3.95164552e-01
1.12501559e-01
6.33616620e-02
0.00000000e+00
0.00000000e+00
0.00000000e+00
0.00000000e+00
-8.04979226e-01
1.16590913e-01
2.46595643e-02
0.00000000e+00
4.28597163e-01
-4.72097903e-01
-9.44212253e-02
0.00000000e+00
-2.64841629e-02
-3.49839214e-01
3.11471130e-01
0.00000000e+00
0.00000000e+00
-4.13079968e-01
6.33616620e-02
2.79280735e-01
-3.55506989e-01
-8.34432655e-01
-6.61110036e-02
-1.05528443e+00
0.00000000e+00
-1.65694349e-03
5.16719351e-01
2.12393471e-01
5.90173082e-01
0.00000000e+00
-9.73038697e-02
0.00000000e+00
-2.74266514e-01
-8.83293616e-02
-5.39088526e-01
-5.18960272e-01
0.00000000e+00
-6.36930360e-01
0.00000000e+00
-5.78077183e-01
1.69908415e+00
3.98968535e-01
4.42780089e-01
-6.05875500e-01
-1.95775212e-01
0.00000000e+00
-5.91333220e-01
-1.96062047e-01
4.82325023e-01
-2.16092565e-01
0.00000000e+00
0.00000000e+00
0.00000000e+00
0.00000000e+00
0.00000000e+00
0.00000000e+00
0.00000000e+00
0.00000000e+00
0.00000000e+00
0.00000000e+00
0.00000000e+00
0.00000000e+00
0.00000000e+00
0.00000000e+00
0.00000000e+00
0.00000000e+00
0.00000000e+00
0.00000000e+00
0.00000000e+00
0.00000000e+00
0.00000000e+00
0.00000000e+00
0.00000000e+00
0.00000000e+00
0.00000000e+00
0.00000000e+00
0.00000000e+00
0.00000000e+00
-1.18810602e+00
-1.21710641e+00
-1.53852031e+00
0.00000000e+00
0.00000000e+00
0.00000000e+00
2.83620810e-01
-1.27963422e+00
-7.31998213e-01
9.58487933e-01
-6.03056025e-02
-2.50926467e-01
-1.15624147e-01
6.10200975e-01
-2.38152002e-01
0.00000000e+00
-4.70273854e-02
9.36052841e-01
-1.41586119e+00
-1.64935689e+00
-3.59443370e-01
1.95861873e+00
9.74470966e-01
-1.29777845e-01
-6.66057348e-01
-3.15807880e-01
6.22477922e-02
0.00000000e+00
0.00000000e+00
0.00000000e+00
2.39254348e-01
7.47709943e-01
2.03021715e-01
-9.14216389e-02
-5.83155351e-01
2.37748056e-01
4.04895421e-01
-3.58656990e-02
2.00285082e-01
0.00000000e+00
-2.29894969e-01
-3.07904014e-01
-1.74942001e-01
2.23504719e-01
-4.52449541e-02
-5.28576726e-01
-2.34342088e-01
-7.06704277e-01
1.56392227e-01
5.87488000e-01
-9.87888978e-01
0.00000000e+00
0.00000000e+00
0.00000000e+00
3.75788320e-01
-2.44204436e-02
-2.31322718e-01
1.14988768e+00
7.58778251e-01
-8.55022525e-01
-3.51968785e-01
1.17285388e+00
-4.80941769e-02
0.00000000e+00
3.46371323e-01
-4.45253783e-01
-3.05732375e-01
2.78280446e-01
1.18941513e+00
4.55325303e-01
2.21606656e-01
6.98814630e-01
7.53361696e-01
-1.17877124e+00
-9.05676012e-01
0.00000000e+00
0.00000000e+00
0.00000000e+00
1.02684475e-01
-4.91765087e-02
4.73948323e-01
7.71752296e-02
8.02035255e-01
5.93410837e-01
6.66924573e-01
-1.04116686e-02
-4.87083368e-02
0.00000000e+00
2.27913472e-01
-7.25094723e-02
2.37032925e-01
5.42377631e-01
2.30093312e-01
6.22533690e-01
1.76635565e-01
-6.31945684e-02
5.89177627e-01
1.36370700e+00
136
1.81701046e-01
-1.14443932e+00
3.09197457e-02
-1.19277542e-01
6.91847402e-03
6.90539000e-01
4.04152563e-04
7.54878909e-01
2.05745408e-03
3.40454960e-01
6.71609224e-02
-2.25914836e-01
0.00000000e+00
0.00000000e+00
0.00000000e+00
0.00000000e+00
0.00000000e+00
0.00000000e+00
0.00000000e+00
0.00000000e+00
5.58250886e-02
-3.10189673e-01
3.45716856e-01
9.03487750e-02
0.00000000e+00
0.00000000e+00
0.00000000e+00
0.00000000e+00
-4.31244767e-01
-3.41681296e-01
4.41999910e-01
0.00000000e+00
-9.10341695e-03
-2.53836827e-01
6.90807386e-01
8.28751152e-01
-2.28762809e-01
-2.51031033e-01
-1.47004177e-01
0.00000000e+00
2.26477451e-03
-2.00351128e-01
9.03487750e-02
0.00000000e+00
0.00000000e+00
0.00000000e+00
3.53149514e-02
-2.62919581e-01
6.69095751e-01
1.07396281e-01
0.00000000e+00
0.00000000e+00
1.66026377e-01
4.06539824e-01
6.23063183e-02
0.00000000e+00
-7.49406416e-02
-5.40323781e-02
5.14100104e-01
-1.24023664e-01
-3.07251623e-01
-5.49835598e-02
-2.74849999e-01
-2.02679918e-01
2.21114737e-01
0.00000000e+00
0.00000000e+00
0.00000000e+00
0.00000000e+00
0.00000000e+00
0.00000000e+00
0.00000000e+00
0.00000000e+00
0.00000000e+00
0.00000000e+00
0.00000000e+00
0.00000000e+00
0.00000000e+00
0.00000000e+00
0.00000000e+00
0.00000000e+00
0.00000000e+00
0.00000000e+00
0.00000000e+00
0.00000000e+00
0.00000000e+00
-2.67448131e-01
-6.50286752e-01
-7.95403586e-01
0.00000000e+00
0.00000000e+00
0.00000000e+00
3.80366534e-01
-1.22123510e+00
-3.07182379e-01
3.03134736e-01
-4.70263184e-02
-1.44607668e-01
1.47758764e-01
6.14126475e-01
-1.13631344e-01
0.00000000e+00
-2.96857015e-01
3.55318280e-01
-4.04364896e-01
7.46695542e-02
-2.77250792e-02
9.23985978e-01
2.72375833e-01
-1.77005049e+00
1.46940579e-01
3.18599975e-01
-1.44887208e+00
0.00000000e+00
0.00000000e+00
0.00000000e+00
1.22897124e-01
-6.42611421e-01
-2.48258563e-01
3.06524464e-01
-2.01855989e-01
-3.91551866e-02
5.98256670e-01
1.80717882e-01
-5.45410721e-01
0.00000000e+00
-2.31013800e-01
1.35110786e-01
-5.54200700e-01
-4.49779506e-01
1.31752918e-01
-5.85499382e-02
2.66658678e-01
-4.28347836e-01
-9.94311658e-02
3.07824220e-01
5 1
-1.5589e+00 4.0808e-01
5 0
0 1 3 2 4 
217
1.32232860e+00
-2.60154929e+00
1.12448614e+00
9.57780425e-01
4.48247813e-02
-1.72465021e-01
6.34707024e-02
8.97428052e-01
1.39753579e+00
-1.17475928e+00
1.59399577e+00
-1.27395635e+00
-1.77749844e+00
-8.29450240e-01
9.58292600e-01
-1.33831674e-02
-7.62195645e-01
-1.67189429e-01
-2.63051180e-02
1.77649088e-01
7.89637844e-01
-7.31639647e-03
-9.92612456e-01
-2.58412416e-01
-9.16431791e-04
-4.45508006e-01
-3.86852761e-02
3.82781197e-01
9.78232678e-01
0.00000000e+00
0.00000000e+00
0.00000000e+00
0.00000000e+00
0.00000000e+00
0.00000000e+00
0.00000000e+00
0.00000000e+00
-4.93039439e-01
4.46403019e-01
1.47748903e-01
-1.11061136e+00
0.00000000e+00
0.00000000e+00
0.00000000e+00
0.00000000e+00
-3.51700510e-01
-6.26444617e-01
-1.09232375e+00
0.00000000e+00
0.00000000e+00
4.19905912e-01
5.59880253e-02
0.00000000e+00
-1.77277709e+00
0.00000000e+00
0.00000000e+00
0.00000000e+00
0.00000000e+00
0.00000000e+00
-6.69344667e-02
2.56828470e-01
-2.06538705e-01
1.27203883e+00
-2.65892859e-02
-7.47160818e-01
0.00000000e+00
1.64695253e+00
6.46147846e-01
4.49126169e-01
-1.14288037e+00
0.00000000e+00
-4.39094624e-01
0.00000000e+00
1.05413709e+00
-3.26180116e-01
1.57106926e+00
2.64637065e-01
-6.03218764e-01
-2.63133667e-01
0.00000000e+00
6.70103510e-01
-2.62557171e-01
1.51857752e+00
9.17433145e-01
0.00000000e+00
-9.67577407e-03
0.00000000e+00
3.45810466e-01
4.16294709e-01
9.86193907e-01
-1.31436506e+00
1.64338809e+00
-1.38794284e-01
0.00000000e+00
-7.84555373e-02
-2.03071184e+00
-1.03809666e-01
5.77277951e-01
0.00000000e+00
0.00000000e+00
0.00000000e+00
0.00000000e+00
0.00000000e+00
0.00000000e+00
0.00000000e+00
0.00000000e+00
0.00000000e+00
0.00000000e+00
0.00000000e+00
0.00000000e+00
0.00000000e+00
0.00000000e+00
0.00000000e+00
0.00000000e+00
0.00000000e+00
0.00000000e+00
0.00000000e+00
0.00000000e+00
0.00000000e+00
-8.44476368e-01
-2.72344720e+00
-1.79797804e+00
0.00000000e+00
0.00000000e+00
0.00000000e+00
-5.25939050e-01
-1.58475792e-02
-4.02965021e-01
8.48012043e-01
1.05982301e+00
1.70012488e-01
4.19978189e-01
8.61126937e-01
0.00000000e+00
0.00000000e+00
-1.53731328e+00
-9.70517710e-01
9.45996181e-02
8.56319179e-01
9.85346535e-01
1.16425323e+00
-1.47417165e-01
-9.90013580e-01
1.07853096e+00
-5.89690637e-01
-2.18434334e-01
0.00000000e+00
0.00000000e+00
0.00000000e+00
1.48109633e+00
-2.90464921e-02
5.83129524e-01
8.02075512e-02
6.71985843e-01
-3.52878609e-02
3.69418093e-01
5.36110008e-02
0.00000000e+00
0.00000000e+00
9.27477888e-01
5.25183058e-01
-5.51114212e-01
3.92644099e-01
3.28168456e-01
5.32849534e-01
9.64773957e-02
-9.44381958e-01
6.41237427e-01
1.15101123e+00
-2.74981426e+00
0.00000000e+00
0.00000000e+00
0.00000000e+00
9.86917008e-01
-4.83463691e-01
3.90502859e-01
8.09296477e-01
5.13087926e-01
-2.69487343e-01
-1.11734193e+00
9.64246207e-01
-9.41588660e-01
0.00000000e+00
4.43362686e-01
-9.84375725e-01
-9.18977707e-01
-8.26429770e-01
-2.76496142e+00
4.43868255e-01
7.73374704e-01
-1.39823729e-01
3.15349018e-01
5.66305754e-02
-1.47943788e-01
0.00000000e+00
0.00000000e+00
0.00000000e+00
-5.89515124e-01
2.86443813e-01
1.76540795e-01
-1.26535090e-01
-1.32152707e-01
3.00637977e-01
2.89876961e-01
-4.29540085e-01
-1.58739468e-01
0.00000000e+00
-2.92054760e-01
-5.32285574e-01
-1.00557859e-01
3.59845720e-01
1.25145498e+00
-2.14112083e-01
-4.96110673e-01
1.69435847e-01
4.51960526e-01
-3.62536988e-01
136
2.26788795e-02
7.96549748e-01
-1.97434488e-02
-3.17168037e-01
2.24318497e-03
-3.82022921e-01
4.23907485e-03
-7.46799115e-02
1.69117135e-03
1.56092295e-01
3.90938305e-02
-1.72507246e-01
0.00000000e+00
0.00000000e+00
0.00000000e+00
0.00000000e+00
0.00000000e+00
0.00000000e+00
0.00000000e+00
0.00000000e+00
-1.41865422e-01
6.71184139e-03
1.15284811e-01
9.73257360e-03
3.28150758e-02
0.00000000e+00
0.00000000e+00
0.00000000e+00
-6.59135614e-01
5.21485046e-01
-1.61586871e-01
0.00000000e+00
3.79749234e-01
-5.55901132e-01
3.51151554e-01
4.53642209e-01
-2.70596878e-01
-5.64234537e-01
3.38212450e-01
0.00000000e+00
3.90859926e-01
-2.29387549e-01
2.84210408e-02
0.00000000e+00
0.00000000e+00
0.00000000e+00
-4.96142255e-01
1.21746292e-01
6.84470970e-01
4.68912268e-02
0.00000000e+00
1.13238912e+00
-8.37870245e-01
3.14787851e-01
2.00051941e-01
-2.14958130e+00
-2.50109275e-01
-9.21049199e-02
4.37860061e-01
8.26635969e-02
-1.18954004e-01
-1.52388992e+00
1.45865390e+00
3.82137565e-03
3.28231435e-01
0.00000000e+00
1.19205721e-01
1.20099372e-01
2.52109373e-02
1.06244800e-01
-4.00304539e-01
0.00000000e+00
0.00000000e+00
0.00000000e+00
0.00000000e+00
0.00000000e+00
0.00000000e+00
0.00000000e+00
0.00000000e+00
0.00000000e+00
0.00000000e+00
0.00000000e+00
0.00000000e+00
0.00000000e+00
0.00000000e+00
0.00000000e+00
-8.41104379e-01
-9.69525615e-01
-1.37587521e+00
0.00000000e+00
0.00000000e+00
0.00000000e+00
3.43605779e-01
-8.86176261e-01
8.94030348e-02
5.25108143e-01
-1.04912501e-02
1.65167069e-01
1.68674806e-01
7.08390184e-01
-7.35717423e-01
0.00000000e+00
-3.03588018e-01
-3.14442229e-01
-9.65747322e-01
-1.85898501e-01
4.86045396e-01
8.22485910e-01
-3.82764142e-02
-1.84474709e+00
1.94216829e-01
4.06112141e-01
-1.80455555e+00
0.00000000e+00
0.00000000e+00
0.00000000e+00
-1.25572694e-01
-6.11502301e-01
-3.70372646e-01
3.18663220e-01
1.98061492e-01
-1.18865032e-01
4.82668431e-01
2.48184091e-01
-4.65187388e-01
0.00000000e+00
-2.47919236e-01
-3.30601345e-02
-1.19994916e+00
-2.50478169e-01
3.72294326e-01
1.40548053e-01
1.02939178e-01
-5.20201822e-01
6.18992294e-02
2.13295014e-01
6 1
-1.5634e+00 4.9467e-01
6 1
0 1 3 2 4 5 
217
-2.69031056e-02
-6.78455358e-01
1.18696071e+00
-1.06703485e+00
-1.27383597e-01
-3.06589761e-01
-1.74544191e-01
1.01383980e+00
6.57242612e-02
9.05427767e-01
2.74065281e-01
2.55449717e-01
0.00000000e+00
0.00000000e+00
7.33035358e-01
-1.90517405e-01
3.07095100e+00
-6.31944669e-01
3.38539511e-03
-2.00489716e-01
-7.91983173e-01
-1.54705195e-03
7.73283679e-02
6.63989378e-01
-5.39480965e-04
-5.84076697e-01
3.20454469e-01
-1.03032808e-01
-2.44324767e-01
0.00000000e+00
0.00000000e+00
0.00000000e+00
0.00000000e+00
0.00000000e+00
0.00000000e+00
0.00000000e+00
0.00000000e+00
-5.99709937e-01
-7.88771855e-01
6.00428729e-01
9.23063926e-01
-6.72780505e-01
0.00000000e+00
0.00000000e+00
0.00000000e+00
-1.08290028e+00
3.42320734e-01
7.38101166e-02
0.00000000e+00
0.00000000e+00
-6.42597715e-01
3.32738850e-01
8.98556721e-01
-4.73092547e-01
-7.83428774e-01
8.25218346e-01
0.00000000e+00
0.00000000e+00
-2.89898458e-01
7.18315398e-01
5.11482209e-01
-9.04693901e-01
3.66308587e-01
2.75294676e-02
-5.02576960e-01
0.00000000e+00
-2.22189724e-01
7.98880150e-01
6.70334111e-01
4.55674527e-01
0.00000000e+00
-6.03381603e-01
0.00000000e+00
2.92884572e-01
4.42547359e-01
2.83593925e-01
1.05439951e+00
0.00000000e+00
-4.92768829e-01
0.00000000e+00
3.52793645e-01
3.64237621e-01
-1.80181071e-01
-8.40777062e-01
-1.56961638e+00
1.68205867e-01
0.00000000e+00
1.54662870e+00
-5.36079575e-01
-1.72121301e-01
1.08487915e-02
0.00000000e+00
5.10703464e-01
0.00000000e+00
2.75234743e-01
3.95947696e-01
-8.12841313e-01
2.74580780e-01
-2.27518241e-02
-9.87599926e-01
0.00000000e+00
-2.02071463e-01
-1.53410051e+00
0.00000000e+00
0.00000000e+00
0.00000000e+00
0.00000000e+00
0.00000000e+00
0.00000000e+00
0.00000000e+00
0.00000000e+00
0.00000000e+00
0.00000000e+00
0.00000000e+00
0.00000000e+00
0.00000000e+00
0.00000000e+00
0.00000000e+00
0.00000000e+00
-7.29235019e-01
-1.06088280e+00
-2.36445086e+00
0.00000000e+00
0.00000000e+00
0.00000000e+00
7.85981134e-01
-6.75878448e-01
-2.92621168e-01
-2.46080585e-01
1.34056624e-01
1.44798832e-01
5.97846499e-01
1.08930558e-02
-4.65492571e-01
0.00000000e+00
-3.83645946e-01
4.66456830e-01
6.07787950e-01
-1.18421168e+00
2.58722353e-01
2.62449695e+00
1.73179808e+00
-8.84831023e-01
-4.40346353e-01
-2.74646062e-01
8.42344844e-02
0.00000000e+00
0.00000000e+00
0.00000000e+00
9.99609605e-03
-6.16382240e-01
7.88562144e-01
1.12857199e+00
3.10639923e-01
9.61846148e-01
2.07855188e-01
-8.58580825e-02
1.36829272e+00
0.00000000e+00
8.98070410e-01
-4.44887690e-01
6.31575966e-01
8.48061495e-01
6.06758273e-01
-8.54037853e-01
-2.86372822e-01
1.92256150e-01
7.25324407e-01
8.32820913e-01
-2.78336370e+00
0.00000000e+00
0.00000000e+00
0.00000000e+00
-2.21140827e-01
-2.67268395e-02
-1.24523674e-01
8.37047622e-01
3.59251309e-01
-1.04775823e+00
3.49067334e-01
-1.34995406e-01
-4.39313713e-01
0.00000000e+00
-8.55748435e-02
-3.02381519e-01
-4.09399212e-01
1.07783003e+00
-9.86584168e-01
6.83809523e-01
-6.84996613e-02
-8.85188061e-02
1.13929671e+00
7.33068652e-01
-6.51030418e-02
0.00000000e+00
0.00000000e+00
0.00000000e+00
8.23118698e-01
-6.44157231e-02
3.39362255e-01
4.41294075e-01
4.45029187e-01
1.16909824e+00
-1.39192774e-01
8.51702238e-01
-1.65428232e-01
0.00000000e+00
5.72009604e-01
-4.23187383e-01
6.17409301e-01
1.38859715e-01
8.16183892e-01
6.25801782e-01
5.50167691e-01
-1.97112407e-01
-5.66469857e-02
1.47087801e-02
136
9.65487425e-02
-1.06493101e+00
2.69417460e-02
-1.15342643e-01
6.73115423e-03
4.85867359e-01
3.39814690e-03
7.90955042e-01
1.55274338e-03
3.01672260e-01
-1.89242717e-02
-1.86199246e-01
0.00000000e+00
0.00000000e+00
0.00000000e+00
0.00000000e+00
0.00000000e+00
0.00000000e+00
0.00000000e+00
0.00000000e+00
-1.33177870e-01
-1.68231107e-01
1.49998013e-01
1.09070716e-01
1.17195673e-01
0.00000000e+00
0.00000000e+00
0.00000000e+00
-7.14495393e-01
2.02261362e-01
2.22566569e-01
0.00000000e+00
1.78242413e-01
-5.32144505e-01
5.75635185e-01
6.49172487e-01
-5.15944822e-01
-4.61918712e-01
3.23360227e-01
0.00000000e+00
1.76073833e-01
-1.34862325e-01
1.31130186e-01
0.00000000e+00
0.00000000e+00
0.00000000e+00
-2.17868090e-03
-2.77840775e-01
5.84151281e-01
6.40864528e-02
0.00000000e+00
0.00000000e+00
-2.26908452e-01
2.44078004e-01
7.52612762e-02
0.00000000e+00
-7.74141132e-02
-2.17584169e-01
5.66973663e-01
-4.90138678e-02
-2.93959198e-01
-5.07137984e-01
4.93490905e-01
-1.14396289e-02
1.53077583e-01
0.00000000e+00
-4.71143660e-01
6.88846628e-01
1.06070546e-01
1.70584731e-01
-3.38730071e-01
5.93254301e-01
-4.92008555e-01
-2.71444371e-01
1.34452476e-01
1.61641427e-02
0.00000000e+00
0.00000000e+00
0.00000000e+00
0.00000000e+00
0.00000000e+00
0.00000000e+00
0.00000000e+00
0.00000000e+00
0.00000000e+00
0.00000000e+00
-3.39393204e-01
-7.48169199e-01
-9.88662491e-01
0.00000000e+00
0.00000000e+00
0.00000000e+00
4.75953735e-01
-1.04893472e+00
-3.75739277e-01
2.43360803e-01
9.02247263e-02
-4.55726590e-01
2.25838158e-01
5.88926042e-01
-4.32327767e-01
0.00000000e+00
-2.72133157e-01
4.73881611e-01
-7.89679613e-01
-1.63491638e-01
1.42997784e-01
9.95748385e-01
2.96542639e-01
-1.62087729e+00
2.98575986e-01
3.38197685e-01
-1.55284063e+00
0.00000000e+00
0.00000000e+00
0.00000000e+00
4.53184631e-02
-7.96145895e-01
-3.43952236e-01
2.94123333e-01
-6.39129305e-02
-3.10257325e-01
5.30419104e-01
2.43066605e-01
-3.82940009e-01
0.00000000e+00
-1.51904731e-01
-4.41353645e-02
-5.96312732e-01
-5.99222637e-01
3.92772781e-01
-1.24473466e-02
2.22104554e-01
-3.14903670e-01
-6.43607209e-02
3.99850129e-01
7 2
-2.0095e+00 5.1934e-01
7 -1
0 1 3 2 4 5 6 
217
2.25403929e+00
5.13745095e-01
-1.32065399e+00
1.05508960e-01
5.64702956e-01
1.51170076e+00
2.47273431e+00
-4.46830364e+00
-1.55320976e+00
1.23646085e-02
-1.99216437e+00
-1.24667151e+00
0.00000000e+00
0.00000000e+00
0.00000000e+00
0.00000000e+00
0.00000000e+00
0.00000000e+00
0.00000000e+00
0.00000000e+00
0.00000000e+00
0.00000000e+00
0.00000000e+00
2.25403929e+00
3.58274479e-03
4.78441579e-01
-4.24246860e-03
1.84154523e+00
4.16736529e-01
0.00000000e+00
0.00000000e+00
0.00000000e+00
0.00000000e+00
0.00000000e+00
0.00000000e+00
0.00000000e+00
0.00000000e+00
7.13513383e-01
2.00518282e-01
-1.18880068e+00
-1.05522451e-01
0.00000000e+00
0.00000000e+00
0.00000000e+00
0.00000000e+00
-4.54632635e+00
1.68203236e+00
-1.82327293e+00
0.00000000e+00
0.00000000e+00
-9.54246442e-01
0.00000000e+00
0.00000000e+00
-2.40436882e-01
0.00000000e+00
2.17545070e+00
0.00000000e+00
0.00000000e+00
0.00000000e+00
-8.91279253e-01
1.05214846e+00
-4.09208024e+00
5.29397108e+00
-2.97919598e-01
-2.15724013e+00
0.00000000e+00
-3.98772979e-01
-4.04845487e-02
0.00000000e+00
0.00000000e+00
0.00000000e+00
-2.25531200e+00
0.00000000e+00
1.64270038e+00
-1.91989597e-01
9.60114128e-01
1.38523675e+00
-1.18606515e+00
-1.34194929e+00
0.00000000e+00
1.72982811e+00
2.73276799e+00
3.05222562e+00
2.12353585e+00
8.62351098e-01
2.64014366e+00
0.00000000e+00
-9.86614919e-01
7.59946364e-02
-2.61840547e-01
-4.54358065e+00
7.21620661e-01
-4.48942216e-01
0.00000000e+00
4.31301461e-01
1.51856379e+00
1.55005939e+00
-2.47497139e+00
1.34711445e+00
2.36027956e-01
0.00000000e+00
-4.39548513e-01
-1.10157588e-01
0.00000000e+00
0.00000000e+00
7.21620661e-01
-1.06986645e+00
0.00000000e+00
-2.03213190e-01
2.65277427e-01
2.80549827e+00
1.66399166e+00
0.00000000e+00
0.00000000e+00
0.00000000e+00
0.00000000e+00
0.00000000e+00
0.00000000e+00
0.00000000e+00
3.14816921e-01
-1.87682271e+00
-3.26344527e+00
0.00000000e+00
0.00000000e+00
0.00000000e+00
-1.55162486e-02
0.00000000e+00
3.47608070e+00
5.21141134e+00
0.00000000e+00
5.08497246e+00
-2.58042800e-01
1.92736158e+00
0.00000000e+00
0.00000000e+00
-3.12119580e-01
-1.63389412e+00
-1.25538595e+00
-2.20873585e+00
5.59923807e+00
1.34803653e-01
-6.98231740e-01
-8.90013159e-03
-3.63272674e-01
8.07800733e-01
-1.83510603e-01
0.00000000e+00
0.00000000e+00
0.00000000e+00
1.27763274e+00
0.00000000e+00
4.34982194e-03
-6.62215562e-01
0.00000000e+00
-1.51540573e+00
1.96876744e+00
4.79306631e-01
0.00000000e+00
0.00000000e+00
1.25665766e+00
2.12054709e+00
2.41930584e+00
2.35903952e+00
-2.05795688e+00
3.07343122e+00
1.82213413e+00
-7.79642497e-03
2.47469767e+00
5.46850556e-01
-5.37655598e+00
0.00000000e+00
0.00000000e+00
0.00000000e+00
-3.52753329e+00
0.00000000e+00
-2.04691011e+00
-4.34499325e-01
-1.17462234e+00
-1.56646243e+00
-2.48885302e+00
9.60598103e-03
-1.73645833e-02
0.00000000e+00
-5.35303986e-01
4.22990643e+00
-1.17558318e+00
-7.42824359e-01
2.30676386e+00
3.16449844e+00
-8.31725735e-01
-2.47538986e+00
3.00928188e+00
8.87313788e-01
7.41512994e-01
0.00000000e+00
0.00000000e+00
0.00000000e+00
1.52088553e+00
0.00000000e+00
1.36632163e+00
1.65998667e+00
8.64295344e-01
7.34373192e-01
2.56761166e+00
4.03204956e-01
-8.77239133e-03
0.00000000e+00
7.40660056e-01
-1.68749032e+00
-1.42487936e+00
7.58430409e-01
-1.82414729e+00
-1.39139407e+00
5.24542326e-01
6.16028833e-01
-3.03235382e+00
-7.57074343e-02
136
3.08697831e-01
0.00000000e+00
0.00000000e+00
0.00000000e+00
0.00000000e+00
0.00000000e+00
0.00000000e+00
9.00597839e-02
7.52218580e-04
-2.22265929e-01
1.97997319e-01
3.32966441e-01
0.00000000e+00
0.00000000e+00
0.00000000e+00
0.00000000e+00
0.00000000e+00
0.00000000e+00
0.00000000e+00
0.00000000e+00
1.55687417e-01
-4.31327555e-02
1.68358964e-02
2.14464359e-01
2.54809317e-01
-3.02310241e-01
0.00000000e+00
0.00000000e+00
-5.68624018e-01
1.90377314e-01
2.44784252e-01
0.00000000e+00
2.55921671e-01
-3.25675158e-01
3.30226194e-01
6.51526799e-01
-4.66664818e-01
-4.83062100e-01
3.92582444e-01
0.00000000e+00
6.32413255e-01
-2.75330088e-01
-2.69777917e-01
0.00000000e+00
0.00000000e+00
0.00000000e+00
-6.12161160e-02
-1.80947116e-01
5.95736327e-01
8.51263088e-02
1.10607552e-01
1.67610395e+00
-1.17153105e+00
1.23555403e-01
-3.82354860e-03
0.00000000e+00
-2.56672828e-01
2.17592702e-01
5.95047555e-01
7.70533618e-03
-3.05949559e-01
-6.91377697e-01
6.91062268e-01
4.23843287e-02
2.90876313e-01
0.00000000e+00
3.18814120e-01
1.89420694e-01
-1.23352132e-02
1.37337243e-01
-9.29482086e-01
1.01747626e+00
-6.72607500e-01
-2.98192174e-01
1.19858411e-01
1.17716699e-01
3.31208339e-01
1.01854085e-01
6.64635119e-02
1.61993902e-01
-7.06601246e-01
0.00000000e+00
0.00000000e+00
0.00000000e+00
0.00000000e+00
0.00000000e+00
-2.84229201e-01
-8.36954186e-01
-9.60700248e-01
0.00000000e+00
0.00000000e+00
0.00000000e+00
4.68634540e-01
-1.15728028e+00
-2.56679242e-01
2.84965473e-01
1.50889980e-01
-2.62846356e-01
1.28086038e-01
5.46905558e-01
-1.53324593e-01
0.00000000e+00
-1.24988107e-01
4.24668098e-02
-6.83138112e-01
-5.91780347e-02
1.01893771e-01
9.96550993e-01
1.92939427e-01
-1.68357810e+00
1.04778405e-01
4.02201576e-01
-1.64842809e+00
0.00000000e+00
0.00000000e+00
0.00000000e+00
1.18210223e-01
-1.01359442e+00
-3.39718862e-01
2.01406448e-01
3.32652388e-02
-1.88405588e-01
3.94385950e-01
1.47507078e-01
-6.18914924e-01
0.00000000e+00
-1.48174197e-01
-2.57602079e-02
-6.59677335e-01
-1.66211610e-01
4.58760090e-01
8.35136310e-02
2.25298535e-01
-5.36190310e-01
1.18191632e-01
2.67680542e-01
