0 1 -999999999 -1 -1
1 1 0 -1 -1
-0.0699 0.3989
356
2.72670932e-01
2.14871292e-01
5.77996404e-02
1.33594038e-01
-7.42792273e-01
-3.00531576e-01
-4.31795726e-02
0.00000000e+00
0.00000000e+00
4.97668656e-01
-1.44078085e-01
2.28390628e-02
3.18658676e-02
-6.42168652e-02
1.50269860e-02
1.82783917e-01
0.00000000e+00
0.00000000e+00
0.00000000e+00
0.00000000e+00
0.00000000e+00
0.00000000e+00
0.00000000e+00
0.00000000e+00
0.00000000e+00
0.00000000e+00
0.00000000e+00
0.00000000e+00
0.00000000e+00
0.00000000e+00
0.00000000e+00
0.00000000e+00
0.00000000e+00
0.00000000e+00
0.00000000e+00
0.00000000e+00
0.00000000e+00
0.00000000e+00
0.00000000e+00
0.00000000e+00
0.00000000e+00
0.00000000e+00
0.00000000e+00
0.00000000e+00
0.00000000e+00
0.00000000e+00
0.00000000e+00
0.00000000e+00
0.00000000e+00
0.00000000e+00
0.00000000e+00
-9.38400612e-01
-2.97139809e-01
1.37460056e+00
0.00000000e+00
0.00000000e+00
0.00000000e+00
0.00000000e+00
3.16402644e-01
-3.75239593e-01
-5.72589790e-02
3.42099776e-01
1.20882321e-01
1.78274196e-02
9.65921575e-02
-3.67974150e-01
-2.03947211e-01
3.85436595e-02
-7.91389375e-01
3.04553252e-02
-3.39406241e-02
-2.99521434e-01
-8.50454423e-03
-9.62347328e-02
-7.53733402e-02
-1.43556827e-03
-1.25973598e-01
1.43895508e+00
1.77444090e-04
-4.30100643e-01
0.00000000e+00
0.00000000e+00
1.05136780e+00
6.31590754e-01
3.28296179e-01
-7.46621850e-01
-6.29665196e-01
-3.62296760e-01
0.00000000e+00
0.00000000e+00
-2.27652080e+00
-4.81076090e-01
-2.59982145e+00
-6.86633739e-01
-1.60405654e+00
-5.66191460e-01
-4.12177583e-01
1.43307055e-02
-4.91155051e-01
1.59559062e-01
3.67702926e-01
1.58209931e-01
0.00000000e+00
0.00000000e+00
3.43630714e+00
2.15250317e+00
0.00000000e+00
0.00000000e+00
0.00000000e+00
0.00000000e+00
0.00000000e+00
0.00000000e+00
-1.46279192e-01
6.17986193e-02
-4.34314112e-02
-5.29149655e-01
-8.60160466e-01
-1.64641410e+00
0.00000000e+00
0.00000000e+00
0.00000000e+00
0.00000000e+00
0.00000000e+00
0.00000000e+00
-2.04326795e-01
-3.67941138e-01
-1.18773885e-01
-1.84512082e-01
-3.66994196e-01
-6.37284136e-01
4.78241666e+00
4.55088774e+00
4.54392819e+00
4.55695322e+00
4.59232380e+00
4.50600781e+00
-2.66248273e-01
1.34330339e-02
5.44824027e-01
3.41201261e-01
2.74949920e-01
-9.69675876e-02
3.06882556e-01
2.90048001e-01
2.34584397e-01
2.02445110e-01
3.46655661e-01
8.31728704e-02
0.00000000e+00
0.00000000e+00
0.00000000e+00
0.00000000e+00
0.00000000e+00
0.00000000e+00
0.00000000e+00
0.00000000e+00
2.72670932e-01
1.08868506e-01
-2.00917305e+00
0.00000000e+00
-3.27990362e-01
-6.69962221e-01
-8.26472789e-01
-1.20987001e+00
-1.15446315e+00
0.00000000e+00
0.00000000e+00
0.00000000e+00
4.15073940e-01
2.98608619e-01
6.26313631e-02
6.26796088e-01
-1.90864162e-01
3.17425776e-01
6.25397249e-01
-2.52456293e-01
-1.86355208e-01
0.00000000e+00
-2.18712395e-01
3.17758635e-01
-2.15632909e-01
-3.38515727e-01
-2.03585511e+00
-1.01486636e+00
4.67718475e-01
-5.44931101e-01
5.63526601e-01
1.48789366e-01
2.01840197e-01
0.00000000e+00
0.00000000e+00
0.00000000e+00
-2.30248075e-02
-5.65654941e-01
-7.19832716e-02
1.66326353e-02
1.37116823e-01
-2.20886884e-01
-1.42236858e-01
7.58629686e-02
3.58611754e-01
0.00000000e+00
-1.48747406e-01
3.04762292e-01
1.69739533e-01
1.36252732e-02
1.39537425e-01
3.98713582e-01
-4.92097554e-02
4.28207667e-02
-1.76375012e-01
-5.74639192e-02
-2.24097355e-01
-9.54685970e-02
-1.40890806e-01
-1.72623539e-01
-4.78772403e-03
4.24585113e-01
-1.48446013e-01
-3.71607697e-01
-2.96317400e-01
0.00000000e+00
0.00000000e+00
0.00000000e+00
1.49580496e-01
-5.55290238e-01
3.53030429e-01
5.17474221e-01
-8.74075337e-01
5.23974421e-01
6.97809651e-01
-8.54130620e-01
-1.77742211e-01
0.00000000e+00
3.56161865e-01
1.03186950e+00
-2.60819496e-01
-2.36938794e-02
-1.18916183e+00
-9.70415139e-01
-2.10636873e-02
5.05089608e-01
1.79888022e-01
3.15196822e-01
-1.28628758e-01
1.09160227e+00
7.15013051e-01
-1.79368870e-01
-9.30365796e-01
-2.32521765e-01
-1.72054045e-01
-3.17866490e-01
-4.63216582e-01
7.19739136e-01
-2.32501252e-01
-7.19759648e-01
-6.97844032e-01
2.86027960e-01
0.00000000e+00
0.00000000e+00
-1.87983223e+00
0.00000000e+00
0.00000000e+00
0.00000000e+00
-1.31322875e-01
7.66477087e-01
-5.21684214e-01
-5.18254485e-02
1.89682460e-03
-4.18625630e-01
4.89732920e-01
6.34856339e-01
-6.75200288e-01
0.00000000e+00
-4.35422606e-01
4.51576119e-01
-1.24709856e+00
3.93418950e-01
1.48770144e-02
-2.40097371e-01
-3.94416857e-01
-9.01635196e-01
6.10555938e-01
-2.25894378e-01
2.44076967e-01
0.00000000e+00
0.00000000e+00
0.00000000e+00
6.19824613e-02
-6.52027886e-01
6.38503000e-02
3.06893762e-01
1.63768364e-02
6.44846240e-03
-1.12887988e-01
8.00290501e-02
3.44855366e-01
0.00000000e+00
-2.03314218e-01
-8.49096167e-02
2.31973145e-01
-1.33099744e-01
5.51158019e-02
2.81457487e-01
2.52468302e-01
3.60526890e-03
-2.63488179e-01
-1.12516445e-02
-3.84937613e-01
-1.44001514e-01
0.00000000e+00
-2.22322000e-02
1.63666248e-01
4.43161420e-01
-7.74843994e-02
-5.09678534e-01
-5.10971895e-01
0.00000000e+00
0.00000000e+00
0.00000000e+00
-1.95557133e-01
6.86829006e-01
1.36745548e-02
-5.95198542e-01
-1.36180539e-01
-4.28325295e-01
-3.77059453e-01
4.86777298e-01
8.25556950e-02
0.00000000e+00
-9.24751297e-02
-3.21020539e-01
6.26779691e-02
2.55706343e-01
5.15685133e-01
2.87580598e-01
-1.68280495e-01
-2.90836467e-01
2.36407700e-01
-5.33932598e-01
-2.40936099e-01
0.00000000e+00
4.25601688e-01
3.42990992e-01
-1.49489462e+00
-5.25960708e-01
0.00000000e+00
-7.06794620e-02
1.16626169e+00
4.64072011e-01
-3.09829356e-01
-6.80203362e-01
-9.68933913e-01
0.00000000e+00
0.00000000e+00
0.00000000e+00
247
-3.51815188e-01
-9.68306115e-02
0.00000000e+00
4.74138944e-01
-5.70969556e-01
0.00000000e+00
-2.11469123e+00
7.54059033e-01
0.00000000e+00
0.00000000e+00
-3.93586119e-01
3.73645121e-01
7.46888672e-02
-2.36456904e-01
0.00000000e+00
0.00000000e+00
0.00000000e+00
0.00000000e+00
0.00000000e+00
0.00000000e+00
0.00000000e+00
0.00000000e+00
0.00000000e+00
0.00000000e+00
0.00000000e+00
0.00000000e+00
0.00000000e+00
0.00000000e+00
0.00000000e+00
0.00000000e+00
0.00000000e+00
0.00000000e+00
0.00000000e+00
0.00000000e+00
0.00000000e+00
0.00000000e+00
0.00000000e+00
0.00000000e+00
0.00000000e+00
0.00000000e+00
0.00000000e+00
2.38951971e-02
1.99285388e-03
4.09396551e-01
-8.58633081e-03
-4.20460060e-02
-2.53369758e-03
-7.43060930e-01
8.62046543e-04
0.00000000e+00
0.00000000e+00
8.35770714e-01
5.53476502e-01
3.96088591e-01
-4.85373391e-01
-6.48730203e-01
-1.00304740e+00
0.00000000e+00
0.00000000e+00
3.07370877e+00
1.51613612e+00
0.00000000e+00
0.00000000e+00
0.00000000e+00
0.00000000e+00
0.00000000e+00
0.00000000e+00
7.68429544e-03
-1.61446350e-01
-2.41671902e-02
-6.13949729e-01
-6.78210271e-01
-1.95543472e+00
0.00000000e+00
0.00000000e+00
0.00000000e+00
0.00000000e+00
0.00000000e+00
0.00000000e+00
2.46551571e-01
-3.04970764e-01
3.74931892e-01
-3.09662514e-01
-2.87871013e-01
-1.58693048e+00
4.55615697e+00
4.77726035e+00
4.93400899e+00
5.01027540e+00
4.19135866e+00
4.80967099e+00
0.00000000e+00
5.54408619e-01
3.43231707e-01
3.97327004e-01
3.33845630e-01
1.68276307e-01
0.00000000e+00
-1.76095497e-01
-8.54996938e-01
-5.53708779e-01
-6.42009658e-01
-4.78877258e-02
0.00000000e+00
0.00000000e+00
0.00000000e+00
0.00000000e+00
-3.51815188e-01
4.70083619e-01
-2.27888271e+00
0.00000000e+00
-6.15595654e-01
-5.31045594e-01
-9.19681264e-01
-9.48270044e-01
-1.14664125e+00
0.00000000e+00
0.00000000e+00
0.00000000e+00
2.67952064e-01
5.44283651e-01
1.57132753e-01
2.05664573e-01
-1.69415404e-01
1.29087874e-01
5.53764935e-02
4.88120153e-01
-1.14801790e+00
0.00000000e+00
-3.80457811e-01
-8.40732684e-01
1.93501845e-01
-8.03168456e-02
-7.07498568e-01
1.90975826e-01
-4.62856991e-01
1.72624301e-01
9.90782417e-02
1.38857181e-01
-2.24085493e-01
-1.28668703e-01
4.13506294e-01
2.39427838e-01
-1.20200602e-01
-3.77608552e-01
0.00000000e+00
0.00000000e+00
0.00000000e+00
2.28090253e-01
0.00000000e+00
8.53065881e-02
4.01403136e-01
9.34039565e-01
0.00000000e+00
4.98938242e-01
8.15691115e-01
6.56440958e-01
0.00000000e+00
8.62704051e-01
0.00000000e+00
0.00000000e+00
2.37410468e-01
1.01301742e+00
5.23959655e-01
3.18454948e-01
0.00000000e+00
0.00000000e+00
6.48387989e-01
-9.54167895e-02
3.51930217e-01
3.28185644e-01
8.81026922e-01
-9.22555755e-01
-4.86926951e-01
0.00000000e+00
0.00000000e+00
3.75138500e-01
-4.35628804e-01
8.16890741e-01
1.54718271e+00
3.00514945e-01
-1.86795131e+00
0.00000000e+00
0.00000000e+00
0.00000000e+00
1.61295184e-01
0.00000000e+00
-1.01250548e-01
-2.64366690e-02
-3.79365102e-02
7.18490924e-02
1.40191716e-01
6.56831252e-01
-9.57286029e-01
0.00000000e+00
-4.92966449e-01
-3.72866321e-01
2.70933693e-01
-2.05857405e-01
1.10376542e+00
2.99915426e-01
-5.27561580e-01
-1.72807775e-01
4.32825332e-01
-8.84900045e-03
-5.87666177e-01
-2.53754751e-01
0.00000000e+00
-9.64728425e-02
1.29025435e-01
3.30533889e-02
0.00000000e+00
0.00000000e+00
0.00000000e+00
1.53604526e-01
0.00000000e+00
-2.28088582e-01
5.66872691e-01
0.00000000e+00
1.63163156e-01
6.17111703e-01
-2.83442744e-01
2.63477487e-01
0.00000000e+00
3.65973411e-01
3.00214927e-01
-3.52702985e-02
3.87812060e-03
-6.93560068e-01
-1.74083990e-02
2.35421949e-01
1.10609863e-01
1.60196915e-01
4.19419397e-01
-3.33911426e-01
0.00000000e+00
1.12672281e-01
-1.41751263e-01
-1.28028513e+00
-6.65926513e-01
0.00000000e+00
0.00000000e+00
0.00000000e+00
-6.14358617e-01
0.00000000e+00
0.00000000e+00
5.96321161e-01
1 -999999999 7 0 -1
1 0 2 1 -1
-5.7184e-01 8.8096e-01
356
-2.03150830e-01
0.00000000e+00
0.00000000e+00
0.00000000e+00
0.00000000e+00
0.00000000e+00
0.00000000e+00
0.00000000e+00
0.00000000e+00
0.00000000e+00
0.00000000e+00
0.00000000e+00
0.00000000e+00
0.00000000e+00
0.00000000e+00
0.00000000e+00
-2.03150830e-01
0.00000000e+00
4.09446663e-01
4.44103333e-01
0.00000000e+00
0.00000000e+00
0.00000000e+00
0.00000000e+00
5.67250559e-01
1.46918112e-01
0.00000000e+00
0.00000000e+00
6.14225830e-02
6.70591705e-02
2.80964909e-01
1.54910593e-01
-3.58061423e-01
-6.96544489e-01
-9.69433343e-01
2.61250484e-01
2.11150293e-01
6.20589773e-01
7.02261272e-01
2.30865309e-01
5.33102354e-01
0.00000000e+00
0.00000000e+00
0.00000000e+00
0.00000000e+00
0.00000000e+00
0.00000000e+00
0.00000000e+00
0.00000000e+00
0.00000000e+00
0.00000000e+00
1.54038953e-01
-5.42768728e-02
-1.63676172e+00
0.00000000e+00
0.00000000e+00
0.00000000e+00
0.00000000e+00
-5.28936089e-01
2.32825607e-01
-2.22232091e-01
2.89634700e-01
3.58546221e-01
-5.06610787e-01
-5.45421984e-02
-2.65702250e-04
2.44013329e-01
-8.31937491e-01
-2.74126943e-02
-3.39935847e-02
2.24143952e-01
-3.89661361e-01
-2.61739034e-03
2.45135936e-01
9.25756857e-02
-4.31533408e-03
4.17281611e-02
1.21347540e-01
8.43996954e-04
-2.00746513e-02
0.00000000e+00
0.00000000e+00
1.20829577e-01
-4.87527848e-02
-1.26094049e-01
-4.89901740e-02
-9.66183922e-02
-3.52500706e-03
0.00000000e+00
0.00000000e+00
7.01908877e-01
-8.18349176e-01
-1.82654066e+00
-4.54661106e-01
-1.45593581e+00
-7.97987679e-01
-6.60477247e-01
-8.75281484e-03
4.48809834e-02
-5.07112563e-01
3.68029446e-01
2.64288266e-01
0.00000000e+00
0.00000000e+00
1.57903042e+00
2.85222398e+00
0.00000000e+00
0.00000000e+00
0.00000000e+00
0.00000000e+00
0.00000000e+00
0.00000000e+00
2.38776990e-01
-1.05353222e-01
2.73539191e-01
-3.35038549e-01
-3.50668163e-01
-1.50343750e+00
0.00000000e+00
0.00000000e+00
0.00000000e+00
0.00000000e+00
0.00000000e+00
0.00000000e+00
-2.63640142e-01
-5.76508650e-01
-1.89409001e-02
-4.81983673e-01
-1.62853574e-01
-1.55144787e+00
4.53007918e+00
4.51153460e+00
4.74889582e+00
4.66813793e+00
4.28948114e+00
4.45935561e+00
-4.89336252e-01
2.63228945e-01
1.38558770e-01
2.07871617e-01
-6.92128316e-02
1.86850588e-01
-1.21766804e-01
-7.54441049e-02
-6.68118221e-01
-2.94576696e-01
-3.07296440e-01
3.03749037e-01
0.00000000e+00
0.00000000e+00
0.00000000e+00
0.00000000e+00
0.00000000e+00
0.00000000e+00
0.00000000e+00
0.00000000e+00
-2.03150830e-01
8.58438859e-01
0.00000000e+00
-2.02452774e+00
-9.80819675e-01
-4.83368149e-01
-7.89182656e-01
-5.47478919e-01
-1.77000233e+00
0.00000000e+00
0.00000000e+00
0.00000000e+00
-9.89958885e-02
7.19199809e-01
-3.11328821e-01
1.12505877e+00
7.38368961e-01
-6.00182283e-01
7.84100245e-01
5.74080904e-01
3.01417828e-01
0.00000000e+00
-7.20914076e-01
1.39239050e-01
-1.27699227e+00
-7.02953761e-01
-1.78571946e+00
5.09391755e-01
-2.82250212e-01
-8.37904570e-01
-3.96317046e-01
3.52698731e-01
1.50613387e-01
0.00000000e+00
0.00000000e+00
0.00000000e+00
7.95371313e-02
-9.66419025e-01
1.42864425e-01
-1.67801497e-01
-2.00651812e-01
2.54256861e-01
-1.59607491e-01
2.72908743e-02
-7.51877151e-01
0.00000000e+00
2.09850638e-01
-5.34734364e-01
5.79937568e-01
2.26512677e-01
5.04625857e-01
1.85011004e-02
9.19229741e-02
3.26580439e-01
3.60667185e-01
1.09156999e-01
-5.52395016e-01
-3.54998246e-01
0.00000000e+00
4.31537694e-01
1.10657481e-01
4.13143614e-02
-2.30386164e-01
-1.65926443e-01
2.40250654e-01
0.00000000e+00
0.00000000e+00
0.00000000e+00
4.87045719e-01
0.00000000e+00
1.27791773e-01
7.85099964e-01
-2.56482198e-02
1.70767347e-01
9.86915237e-01
-4.38896228e-01
1.32888304e+00
0.00000000e+00
3.87632202e-01
-4.63024355e-01
-1.07035333e-01
-3.68520687e-01
-2.09164493e+00
-9.17616643e-01
-2.68716523e-01
-3.58385804e-01
1.77371584e-01
3.36407330e-01
-1.97396769e-01
0.00000000e+00
3.81287395e-01
4.99987746e-01
-1.21760732e+00
-6.25821429e-01
0.00000000e+00
5.76722529e-01
-6.00551765e-01
5.91513235e-01
-5.62081757e-01
-6.55252906e-01
-5.91785887e-01
0.00000000e+00
0.00000000e+00
0.00000000e+00
-1.03084707e+00
0.00000000e+00
0.00000000e+00
0.00000000e+00
-2.30972132e-01
-1.44212609e+00
-6.39891225e-01
9.56289634e-02
2.30443193e-01
-4.32499090e-01
1.07463984e-01
9.91222165e-01
-6.49095791e-01
0.00000000e+00
-2.52707274e-01
8.57154238e-01
-2.21112890e-01
-6.26342380e-01
4.43436607e-01
7.16018358e-01
3.27510239e-02
-7.90996912e-01
2.65123837e-01
5.15654341e-01
2.69143128e-02
0.00000000e+00
0.00000000e+00
0.00000000e+00
2.14695250e-01
0.00000000e+00
1.79417818e-01
-8.21418053e-02
-1.87648050e-01
3.15925863e-01
2.76771827e-01
3.49638884e-02
-3.88401247e-01
0.00000000e+00
1.97137956e-01
-5.26375688e-01
3.10199596e-01
3.47309722e-01
4.79764122e-01
7.00390325e-02
-2.61338294e-02
2.49895450e-01
1.77834230e-01
1.38705027e-01
-5.51080406e-02
-9.83042560e-02
-1.01722327e-01
6.19846869e-01
6.20072212e-02
1.80655112e-01
-1.99887592e-01
-7.90717760e-02
-1.67342253e-01
0.00000000e+00
0.00000000e+00
0.00000000e+00
-5.83108511e-01
0.00000000e+00
-3.25381974e-01
-9.33604015e-01
-2.32040837e-01
-2.02741701e-01
-1.10522809e+00
5.94220344e-01
-9.60403073e-01
0.00000000e+00
-1.67097937e-01
9.53726429e-01
-2.80442659e-01
-1.44465523e-01
1.73008174e+00
8.22575890e-01
4.45959589e-01
-5.05600735e-02
2.34193616e-01
-5.91685546e-02
4.31962153e-02
-1.80111404e-02
3.40617194e-01
6.59657916e-01
-9.75739027e-01
-3.85063893e-01
0.00000000e+00
0.00000000e+00
5.17474664e-01
3.38902990e-01
-5.34566120e-01
-1.89400763e-01
-5.90675134e-01
0.00000000e+00
3.48920422e-01
0.00000000e+00
247
-2.04150461e-01
0.00000000e+00
0.00000000e+00
0.00000000e+00
0.00000000e+00
0.00000000e+00
0.00000000e+00
0.00000000e+00
0.00000000e+00
0.00000000e+00
0.00000000e+00
0.00000000e+00
0.00000000e+00
0.00000000e+00
-2.04150461e-01
0.00000000e+00
1.73368657e-01
-3.77519119e-01
0.00000000e+00
0.00000000e+00
0.00000000e+00
0.00000000e+00
0.00000000e+00
5.21995286e-01
1.73983968e-01
0.00000000e+00
0.00000000e+00
-2.04150461e-01
0.00000000e+00
6.36954355e-01
-8.41104816e-01
0.00000000e+00
2.37144126e-01
-5.20927199e-01
0.00000000e+00
0.00000000e+00
0.00000000e+00
0.00000000e+00
0.00000000e+00
0.00000000e+00
0.00000000e+00
4.93557929e-03
1.84339429e-02
1.65544357e-01
-1.23825435e-03
-4.25916238e-01
5.99957199e-03
5.12858399e-02
8.87814698e-04
0.00000000e+00
0.00000000e+00
5.89842845e-02
-3.10349484e-01
-3.42459496e-01
9.19911837e-02
2.16833870e-01
8.08491808e-02
0.00000000e+00
0.00000000e+00
1.22647709e+00
2.61347872e+00
0.00000000e+00
0.00000000e+00
0.00000000e+00
0.00000000e+00
0.00000000e+00
0.00000000e+00
-1.82709226e-01
5.33826700e-01
4.37554258e-01
-3.61151001e-01
-7.75843517e-01
-1.08230476e+00
0.00000000e+00
0.00000000e+00
0.00000000e+00
0.00000000e+00
0.00000000e+00
0.00000000e+00
-8.90116530e-02
-3.98109242e-01
-2.19340429e-01
-3.54961560e-01
-8.46620611e-01
-9.09585691e-01
4.04846287e+00
4.16230106e+00
4.22205424e+00
4.11718210e+00
4.19546714e+00
4.01211837e+00
-9.99532698e-02
2.30455705e-01
2.72714147e-01
3.31607312e-01
2.60060688e-01
-3.39870330e-01
1.18374891e-01
6.57115625e-02
2.10894579e-01
1.40288137e-01
3.43886375e-01
1.12254380e-02
0.00000000e+00
0.00000000e+00
0.00000000e+00
0.00000000e+00
-2.04150461e-01
1.23799154e-01
0.00000000e+00
-1.89698871e+00
-7.92420098e-01
-6.03246516e-01
-7.19521303e-01
-2.01119176e-01
-1.39566661e+00
0.00000000e+00
0.00000000e+00
0.00000000e+00
2.98000706e-01
-8.55810048e-01
-4.14509767e-01
6.23865316e-01
1.36835087e-01
-5.38044083e-01
-6.03013188e-02
1.20814757e-01
7.99627653e-01
0.00000000e+00
-4.26923260e-01
9.79609203e-01
2.66680230e-02
-5.86951523e-01
-3.16948360e-01
8.71775717e-02
-5.16824438e-02
-6.10310684e-01
1.49925455e-01
-7.56708899e-01
1.74517945e-02
4.79520345e-01
0.00000000e+00
3.02762046e-01
4.17292006e-01
-6.18296129e-01
0.00000000e+00
0.00000000e+00
0.00000000e+00
-1.64133968e-02
0.00000000e+00
9.38345872e-02
-6.19450999e-01
5.43051192e-01
6.24521313e-02
-3.52303049e-01
1.14106667e-01
-9.35511828e-01
0.00000000e+00
2.73267523e-01
-2.87886838e-01
-4.37984229e-02
-8.39041144e-02
5.95340781e-01
2.02730499e-02
1.43376255e-01
3.57346298e-01
-2.38691609e-02
2.60915800e-01
-4.62068550e-01
0.00000000e+00
1.48963413e-01
5.22499242e-02
-1.41311841e+00
-1.27194044e+00
0.00000000e+00
0.00000000e+00
2.58454224e-01
-1.41177966e-01
0.00000000e+00
0.00000000e+00
-2.27400488e-02
-9.20640479e-01
0.00000000e+00
0.00000000e+00
0.00000000e+00
-1.35969068e-01
-3.06808415e-01
-3.63008863e-01
5.87813767e-01
9.42041549e-02
-4.76354569e-01
3.66501373e-01
7.88835468e-01
4.46422150e-01
0.00000000e+00
-1.01192134e+00
4.95218847e-01
-5.35117224e-01
-9.03043618e-02
-4.34029651e-02
5.65689245e-01
-3.76201794e-02
-7.52837827e-01
-1.77773851e-02
-4.94203289e-01
2.82491140e-01
3.82295087e-01
1.45639773e-01
3.24853492e-01
1.81361879e-01
-3.15285159e-01
0.00000000e+00
0.00000000e+00
0.00000000e+00
1.90572638e-01
6.28699926e-01
3.59932852e-01
3.95996418e-01
5.32994976e-01
-1.80674475e-01
3.02063489e-01
-3.07350730e-02
-2.09031947e-01
0.00000000e+00
6.10329405e-01
-3.60006605e-01
0.00000000e+00
-5.78187136e-04
-5.59343394e-01
-2.90490268e-01
3.74529933e-02
0.00000000e+00
-2.89109234e-01
2.68133479e-01
-9.98039465e-02
3.89090079e-01
3.79998739e-01
1.61209516e-01
-1.20313162e+00
-1.10181639e+00
0.00000000e+00
0.00000000e+00
0.00000000e+00
-1.01315229e-01
1.97630253e-01
3.06089413e-01
2.82314711e-01
2 1
-1.0996e+00 5.0246e-01
2 0
0 1 
217
-2.87359391e-02
-7.97632907e-01
1.08798214e+00
5.22331383e-01
1.11662394e-01
-3.36168900e-01
-1.88295212e-01
-2.38232721e-01
-3.00596854e-01
6.51245305e-01
4.99720803e-01
-1.77650850e-01
-1.51227070e-01
-2.02716137e-01
1.40500553e-01
2.16573725e-02
2.04106266e-01
5.50841863e-02
2.75929807e-02
-5.58639905e-01
-2.32146204e-01
1.80043336e-02
-5.77302653e-02
7.82552565e-03
-2.47192149e-04
2.13505808e-01
0.00000000e+00
0.00000000e+00
4.75213635e-01
-4.03448570e-02
-8.07100956e-02
1.45027631e-03
-1.65147381e-01
-2.19197517e-01
0.00000000e+00
0.00000000e+00
6.31502542e-01
-6.44431873e-01
-1.58066087e-02
0.00000000e+00
0.00000000e+00
0.00000000e+00
0.00000000e+00
0.00000000e+00
6.31502542e-01
-2.56760543e-01
-3.87671330e-01
-1.58066087e-02
0.00000000e+00
0.00000000e+00
0.00000000e+00
0.00000000e+00
0.00000000e+00
0.00000000e+00
0.00000000e+00
0.00000000e+00
0.00000000e+00
0.00000000e+00
0.00000000e+00
0.00000000e+00
-1.58066087e-02
-3.87671330e-01
-2.56760543e-01
9.87603422e-02
1.45070870e-01
-4.88860966e-01
6.12062655e-02
9.69781171e-01
-3.33773417e-01
2.15480536e-01
3.91495955e-02
3.35592404e-01
0.00000000e+00
-3.97663343e-01
-3.83509187e-01
-5.81459580e-03
-9.15378071e-02
0.00000000e+00
0.00000000e+00
0.00000000e+00
0.00000000e+00
0.00000000e+00
0.00000000e+00
0.00000000e+00
0.00000000e+00
0.00000000e+00
0.00000000e+00
0.00000000e+00
0.00000000e+00
0.00000000e+00
0.00000000e+00
0.00000000e+00
0.00000000e+00
0.00000000e+00
0.00000000e+00
0.00000000e+00
0.00000000e+00
0.00000000e+00
0.00000000e+00
0.00000000e+00
0.00000000e+00
0.00000000e+00
0.00000000e+00
0.00000000e+00
0.00000000e+00
0.00000000e+00
0.00000000e+00
0.00000000e+00
0.00000000e+00
0.00000000e+00
0.00000000e+00
0.00000000e+00
0.00000000e+00
0.00000000e+00
0.00000000e+00
0.00000000e+00
0.00000000e+00
0.00000000e+00
0.00000000e+00
-2.41799334e+00
-1.93388960e+00
-2.58936053e+00
0.00000000e+00
0.00000000e+00
0.00000000e+00
2.19353117e-01
-4.98272155e-02
-4.09145714e-01
1.78992645e-01
2.14646683e-01
-1.29802990e-01
-1.19924001e-01
4.75984441e-01
1.52631140e-01
0.00000000e+00
-8.80581998e-01
2.10409008e-01
-2.86340796e-01
3.20036442e-01
3.28632100e-01
1.77254164e-01
1.76767384e-01
-3.34741856e-01
-4.50423303e-02
-6.25393339e-01
-1.55163295e-01
0.00000000e+00
0.00000000e+00
0.00000000e+00
2.97890887e-01
-6.76252986e-02
4.11391532e-01
4.43717255e-01
2.35907164e-01
2.96219888e-01
2.69493407e-01
3.66893627e-01
-1.37081145e-01
0.00000000e+00
5.81107894e-01
3.03772766e-02
1.11476280e-01
-6.33109207e-02
-1.53825476e-01
3.59145731e-01
2.21538913e-01
9.86836307e-02
1.62592874e-01
4.71420867e-01
-1.95346523e+00
0.00000000e+00
0.00000000e+00
0.00000000e+00
-5.92331776e-01
-1.15818407e-01
-9.26108360e-01
1.99684897e-01
-4.05724925e-01
-4.01523810e-01
3.42214467e-01
3.17167831e-01
8.65508804e-02
0.00000000e+00
-2.25940365e-01
9.53137392e-02
-3.03976685e-01
1.67338490e-01
-3.97818007e-01
9.08858280e-01
1.11680001e+00
-5.68453201e-01
-5.38026079e-01
-7.11672205e-01
-1.59878457e-02
0.00000000e+00
0.00000000e+00
0.00000000e+00
2.67362151e-01
-7.67684632e-02
2.74158450e-01
8.90491395e-02
1.85446903e-01
6.76233952e-01
3.67872141e-01
7.56235251e-02
2.98232030e-02
0.00000000e+00
-5.84650652e-02
-3.61356683e-01
-3.99828665e-01
-3.54618833e-01
4.31999184e-01
-2.10647877e-01
-5.99074831e-01
-3.86666568e-01
-6.27611655e-02
9.66316551e-02
136
1.14929297e+00
1.42611422e-01
1.33323972e-02
5.54431073e-01
-3.62962847e-03
6.62721285e-01
-6.50681220e-03
-2.10470805e-01
8.86112729e-04
0.00000000e+00
0.00000000e+00
4.53336257e-01
1.31788230e-01
-1.42339119e-02
1.29456115e-01
1.95936556e-01
2.53009729e-01
0.00000000e+00
0.00000000e+00
0.00000000e+00
5.51043177e-01
5.74804751e-01
0.00000000e+00
0.00000000e+00
0.00000000e+00
0.00000000e+00
0.00000000e+00
0.00000000e+00
7.77933362e-01
-2.26890184e-01
5.74804751e-01
0.00000000e+00
0.00000000e+00
0.00000000e+00
0.00000000e+00
0.00000000e+00
0.00000000e+00
0.00000000e+00
0.00000000e+00
0.00000000e+00
0.00000000e+00
0.00000000e+00
0.00000000e+00
0.00000000e+00
0.00000000e+00
0.00000000e+00
1.01168727e-01
-3.04613865e-01
2.11896592e-01
-3.29256997e-01
0.00000000e+00
1.94736525e-01
6.06641883e-01
1.77750298e-01
2.15604698e-01
-2.10595288e-01
0.00000000e+00
0.00000000e+00
0.00000000e+00
0.00000000e+00
5.74804751e-01
-2.26890184e-01
7.77933362e-01
0.00000000e+00
0.00000000e+00
0.00000000e+00
0.00000000e+00
0.00000000e+00
0.00000000e+00
0.00000000e+00
0.00000000e+00
0.00000000e+00
0.00000000e+00
0.00000000e+00
0.00000000e+00
0.00000000e+00
0.00000000e+00
0.00000000e+00
0.00000000e+00
0.00000000e+00
0.00000000e+00
0.00000000e+00
0.00000000e+00
0.00000000e+00
0.00000000e+00
0.00000000e+00
-1.05769911e+00
-1.06903376e+00
-1.68816652e+00
0.00000000e+00
0.00000000e+00
0.00000000e+00
2.14150241e-01
-1.09996522e+00
-8.06268786e-02
5.56702881e-01
-2.79835139e-01
-1.11543816e-01
3.60438149e-01
9.07579600e-01
-2.98842934e-01
0.00000000e+00
-4.44522970e-01
-1.12253080e-01
-6.99175768e-01
-2.77916511e-01
6.22468211e-01
4.50363172e-01
2.00502962e-01
-1.26361831e+00
-2.93273337e-01
-3.87977724e-02
-1.75412141e+00
0.00000000e+00
0.00000000e+00
0.00000000e+00
1.84129767e-01
-9.82129283e-01
-8.41848160e-02
4.66534451e-01
-8.43832797e-01
-1.15075195e-01
3.74428623e-01
3.86253145e-01
-2.41032883e-01
0.00000000e+00
-1.49274398e-01
1.94202884e-01
-6.75352040e-01
8.27703185e-02
-1.73807717e-01
2.18041217e-01
3.51351786e-01
-9.22301643e-01
-7.08721780e-02
2.46029348e-01
4 1
-1.1471e+00 5.1954e-01
3 1
0 1 2 
217
4.66194697e-01
2.25176754e-01
-3.29315004e-01
-8.76089845e-01
2.27102852e-02
6.60911598e-02
2.72967963e-01
1.50651246e-01
5.31880864e-01
1.35062724e-01
-1.09743437e-01
5.16254529e-01
-2.51620978e-01
4.06864338e-01
2.89698907e-01
-9.01623610e-03
2.87401675e-01
-3.57004348e-01
-1.14562311e-03
5.11923115e-01
6.78411405e-02
-2.11734065e-03
2.88022139e-01
4.65658997e-01
6.11311218e-04
1.88592534e-01
0.00000000e+00
0.00000000e+00
6.32568398e-01
1.25472969e-01
-3.46143365e-01
5.18857227e-01
5.30534085e-02
-5.17613941e-01
0.00000000e+00
0.00000000e+00
0.00000000e+00
8.73276033e-02
1.59164650e-01
2.19702443e-01
0.00000000e+00
0.00000000e+00
0.00000000e+00
0.00000000e+00
0.00000000e+00
-6.70455182e-02
1.55789249e-01
5.24388661e-01
0.00000000e+00
-1.27267734e-01
-2.37956277e-01
2.19702443e-01
0.00000000e+00
0.00000000e+00
0.00000000e+00
0.00000000e+00
0.00000000e+00
0.00000000e+00
0.00000000e+00
0.00000000e+00
5.06134827e-01
1.55789249e-01
-1.95729379e-01
-4.82232578e-02
-3.53598973e-02
0.00000000e+00
3.50348740e-01
6.72781966e-01
1.99429112e-01
3.94906771e-01
1.58710339e-01
-3.54439718e-01
-5.14815365e-01
2.96327947e-01
-6.59218313e-01
3.65596129e-01
-3.92262480e-01
7.45004366e-01
-1.31871975e-01
0.00000000e+00
-1.04507338e-01
-2.62480430e-01
-4.24303565e-02
2.22641332e-01
0.00000000e+00
0.00000000e+00
0.00000000e+00
0.00000000e+00
0.00000000e+00
0.00000000e+00
0.00000000e+00
0.00000000e+00
0.00000000e+00
0.00000000e+00
0.00000000e+00
0.00000000e+00
0.00000000e+00
0.00000000e+00
0.00000000e+00
0.00000000e+00
0.00000000e+00
0.00000000e+00
0.00000000e+00
0.00000000e+00
0.00000000e+00
0.00000000e+00
0.00000000e+00
0.00000000e+00
0.00000000e+00
0.00000000e+00
0.00000000e+00
0.00000000e+00
0.00000000e+00
0.00000000e+00
0.00000000e+00
0.00000000e+00
0.00000000e+00
0.00000000e+00
0.00000000e+00
-1.28275266e+00
-1.59488369e+00
-1.24875145e+00
0.00000000e+00
0.00000000e+00
0.00000000e+00
8.33733118e-01
-4.24832411e-01
-3.75884601e-01
1.07731031e+00
1.38618403e-01
1.45355340e-01
-1.66581071e-02
4.28196846e-01
-7.66550542e-02
0.00000000e+00
-7.73540993e-02
-3.55910962e-01
-3.79723744e-01
-2.50285721e-01
-7.46636199e-01
-1.11266958e-01
-1.46316667e+00
-1.36281452e-01
-4.99286629e-02
5.92619175e-01
-2.08051516e-01
0.00000000e+00
0.00000000e+00
0.00000000e+00
2.80140419e-02
-5.66197091e-01
5.13291232e-01
-1.78024750e-01
3.58260550e-01
-4.09240222e-01
-2.46175641e-01
1.44697496e-01
-2.70178571e-01
0.00000000e+00
-4.21711416e-02
-3.00275204e-01
-3.29421562e-01
-5.55906663e-02
2.92443575e-01
5.17227599e-01
9.60110823e-01
-4.45752665e-01
-2.40358196e-01
6.12888790e-02
-1.45777594e+00
0.00000000e+00
0.00000000e+00
0.00000000e+00
4.29260315e-01
-4.99679549e-02
2.15303891e-02
6.65056619e-01
1.02460175e-01
3.46654639e-01
1.22222695e-02
1.08320940e-01
-2.79171145e-02
0.00000000e+00
1.85657896e-01
-1.03681836e-01
-1.46353519e-01
-5.64900622e-01
1.73708778e-01
9.80833074e-02
1.98289698e-01
-7.99051711e-02
-1.56518735e-01
-3.95881734e-02
-5.06627738e-01
0.00000000e+00
0.00000000e+00
0.00000000e+00
7.98692944e-02
-8.11789550e-02
3.35849683e-01
5.12735734e-03
1.54403829e-01
1.61852504e-01
5.04632790e-01
3.11128240e-01
-3.87529058e-02
0.00000000e+00
1.31154240e-01
-3.71778985e-01
2.10489576e-01
5.51538978e-01
4.78396876e-01
3.95317555e-01
2.58240399e-01
-2.27319814e-02
3.54454180e-01
4.71750975e-01
136
7.55346175e-01
2.10996715e-01
2.05453255e-03
9.03979143e-02
5.31179945e-03
2.33533353e-01
3.45820174e-03
2.20418192e-01
7.98238708e-04
0.00000000e+00
0.00000000e+00
3.86065778e-01
7.36503627e-02
-3.21436890e-02
4.15766841e-02
1.17209267e-01
1.68987772e-01
0.00000000e+00
0.00000000e+00
0.00000000e+00
2.97176286e-01
1.99678443e-01
2.38937657e-01
0.00000000e+00
0.00000000e+00
0.00000000e+00
0.00000000e+00
0.00000000e+00
2.68698654e-01
-4.65447553e-02
6.55282709e-01
7.50223874e-02
1.19339972e-01
-5.74944238e-01
2.38937657e-01
0.00000000e+00
0.00000000e+00
0.00000000e+00
0.00000000e+00
0.00000000e+00
0.00000000e+00
0.00000000e+00
0.00000000e+00
0.00000000e+00
0.00000000e+00
0.00000000e+00
1.65039711e-01
-6.91952529e-01
3.34835465e-01
-2.59326401e-01
-4.57773069e-01
-2.02955022e-02
5.02910304e-01
1.22940644e-01
1.17038714e-01
-3.71454862e-01
2.71003402e-01
6.25986994e-01
-1.31560210e-01
2.41287051e-01
4.89961808e-02
-4.65447553e-02
4.63061014e-01
0.00000000e+00
0.00000000e+00
0.00000000e+00
0.00000000e+00
0.00000000e+00
0.00000000e+00
0.00000000e+00
0.00000000e+00
0.00000000e+00
0.00000000e+00
0.00000000e+00
0.00000000e+00
0.00000000e+00
0.00000000e+00
0.00000000e+00
0.00000000e+00
0.00000000e+00
0.00000000e+00
0.00000000e+00
0.00000000e+00
0.00000000e+00
0.00000000e+00
0.00000000e+00
-9.73516437e-01
-9.56567003e-01
-1.70583132e+00
0.00000000e+00
0.00000000e+00
0.00000000e+00
1.96225520e-01
-1.24032744e+00
-1.06267224e-01
5.46732106e-01
-5.33011722e-01
3.87522393e-04
4.06073328e-01
8.49216785e-01
-2.41756667e-01
0.00000000e+00
-3.72433063e-01
-5.87185638e-02
-5.14854256e-01
-1.50310627e-01
5.89426746e-01
3.05516757e-01
-3.32504907e-02
-1.07860789e+00
-1.98122805e-01
-7.17493393e-02
-1.70152097e+00
0.00000000e+00
0.00000000e+00
0.00000000e+00
1.38700112e-01
-8.76157195e-01
-8.20466707e-02
4.93260237e-01
-7.87955550e-01
1.78283842e-01
4.17836244e-01
3.95306044e-01
-1.89551668e-01
0.00000000e+00
-1.45497644e-01
1.97077725e-01
-6.57077128e-01
-1.73601179e-02
-1.32088793e-01
2.23092467e-01
1.58924404e-01
-1.00666188e+00
-1.12270659e-01
1.02665258e-01
7 2
-9.6631e-01 5.3386e-01
4 -1
0 1 2 4 
217
2.86813714e-01
-6.40631566e-02
-1.19187603e-01
-3.74120688e-01
4.60505984e-01
-6.99852135e-02
7.16071400e-02
3.87716160e-01
1.47065755e-01
3.95732239e-01
-5.45951924e-01
-7.89409144e-02
0.00000000e+00
0.00000000e+00
0.00000000e+00
0.00000000e+00
0.00000000e+00
3.36962206e-02
9.98598743e-03
-5.88917801e-01
-4.35463951e-02
-5.52816649e-03
5.19590650e-01
2.96663889e-01
2.41119768e-03
7.96896510e-02
0.00000000e+00
0.00000000e+00
-4.57075736e-01
-4.44441555e-01
-1.16114610e-01
3.41126754e-01
5.49577925e-01
4.13740937e-01
0.00000000e+00
0.00000000e+00
0.00000000e+00
4.07627673e-02
-2.69371613e-04
2.13086734e-01
3.32335844e-02
0.00000000e+00
0.00000000e+00
0.00000000e+00
0.00000000e+00
4.02481972e-01
-3.32474552e-01
-2.56390089e-02
0.00000000e+00
3.28000527e-03
1.97521721e-01
-1.53865296e-01
0.00000000e+00
-5.90675948e-01
4.31399968e-01
4.79949543e-01
0.00000000e+00
0.00000000e+00
0.00000000e+00
3.32335844e-02
-1.88629027e-01
9.89254167e-02
3.76517324e-01
5.37019074e-01
-1.87498133e-01
0.00000000e+00
-1.29632380e-01
6.37604523e-01
6.69251527e-02
5.80291639e-01
-1.04469458e-01
-3.37317354e-01
0.00000000e+00
2.29099572e-01
-2.68067120e-01
4.99500954e-01
-4.15796966e-01
4.77610634e-01
-1.12568659e-01
0.00000000e+00
5.57528809e-02
-7.63969837e-01
-1.33981142e-01
-3.88051878e-01
-3.08468503e-01
3.70528692e-01
0.00000000e+00
1.25270554e-01
2.92557878e-01
9.94829714e-02
-4.76096882e-01
0.00000000e+00
0.00000000e+00
0.00000000e+00
0.00000000e+00
0.00000000e+00
0.00000000e+00
0.00000000e+00
0.00000000e+00
0.00000000e+00
0.00000000e+00
0.00000000e+00
0.00000000e+00
0.00000000e+00
0.00000000e+00
0.00000000e+00
0.00000000e+00
0.00000000e+00
0.00000000e+00
0.00000000e+00
0.00000000e+00
0.00000000e+00
0.00000000e+00
0.00000000e+00
0.00000000e+00
0.00000000e+00
0.00000000e+00
0.00000000e+00
0.00000000e+00
-4.59745146e-01
-1.53256059e+00
-1.57059212e+00
0.00000000e+00
0.00000000e+00
0.00000000e+00
2.56522094e-01
-2.46556096e-02
1.29553926e-02
6.63064883e-02
1.09721301e-01
-7.16256148e-02
2.87028964e-01
2.09841764e-01
2.04902924e-01
0.00000000e+00
-4.48740649e-01
2.55371741e-01
-3.61142621e-01
-4.36529094e-01
7.26333580e-01
1.19453841e-01
2.97995452e-01
-5.89628936e-01
1.65818606e-01
2.15693027e-01
-1.02397370e-01
0.00000000e+00
0.00000000e+00
0.00000000e+00
5.57938156e-01
-2.21856196e-02
3.75020900e-01
6.93928395e-01
1.26393453e-01
-3.93440882e-01
2.52400372e-01
2.81362472e-01
-1.61708949e-01
0.00000000e+00
1.34624948e-01
5.18904949e-01
-3.50925400e-01
5.83702672e-01
-1.80967366e-01
3.53564192e-01
3.33461410e-01
-6.40403790e-01
-2.89371746e-02
2.27565690e-01
-1.91130243e+00
0.00000000e+00
0.00000000e+00
0.00000000e+00
3.06978103e-02
-3.36312332e-02
-2.57976900e-01
1.84508612e-01
-1.53442376e-01
5.19584826e-01
9.44880926e-02
-3.92702123e-01
-2.92874374e-02
0.00000000e+00
-2.89350552e-01
4.08918376e-01
-8.91762622e-02
2.11098463e-02
-4.40803351e-01
1.37974774e-01
4.36795072e-01
1.11153674e-01
6.62496526e-02
1.08128877e-02
-1.74854227e-01
0.00000000e+00
0.00000000e+00
0.00000000e+00
3.40557997e-01
-3.90948074e-02
-2.29867986e-01
2.30486996e-01
2.07488834e-01
2.63853648e-02
-1.94798484e-01
3.34838797e-01
4.78399524e-01
0.00000000e+00
1.38993400e-01
3.72729503e-01
8.44164129e-02
4.08603330e-01
3.03092168e-01
7.00125065e-02
6.43786487e-01
-3.01860126e-01
-5.32210060e-01
1.36732344e-01
136
3.60238512e-01
0.00000000e+00
0.00000000e+00
1.35200475e-01
-2.23302234e-03
8.24153723e-02
-1.13837135e-03
1.42622665e-01
1.72134597e-03
0.00000000e+00
0.00000000e+00
-2.26053678e-01
-3.56994591e-01
-8.12872252e-02
2.47578483e-01
3.22961714e-01
4.54033809e-01
0.00000000e+00
0.00000000e+00
0.00000000e+00
1.49864074e-01
-5.18883891e-03
1.22838755e-01
9.42239963e-02
0.00000000e+00
0.00000000e+00
0.00000000e+00
0.00000000e+00
3.64722747e-01
-3.77819451e-01
3.98261211e-01
1.62960779e-01
2.35970540e-01
-3.40657182e-01
-2.20698487e-01
0.00000000e+00
-4.03431268e-01
1.04667861e-01
3.88960812e-01
0.00000000e+00
-1.67439031e-01
1.22015461e-01
9.42239963e-02
0.00000000e+00
0.00000000e+00
0.00000000e+00
1.08336730e-01
-4.38668737e-01
4.58835372e-01
-1.19318089e-01
-2.57508361e-01
3.21288794e-02
1.59155413e-01
9.48218991e-02
2.22681841e-01
-3.91435603e-01
2.64293063e-01
2.09569372e-01
-1.51628641e-01
1.38649110e-01
-6.60345315e-02
2.31354115e-01
4.80389042e-01
1.06529672e-01
9.44537199e-02
-2.29704515e-01
0.00000000e+00
0.00000000e+00
0.00000000e+00
0.00000000e+00
0.00000000e+00
0.00000000e+00
0.00000000e+00
0.00000000e+00
0.00000000e+00
0.00000000e+00
0.00000000e+00
0.00000000e+00
0.00000000e+00
0.00000000e+00
0.00000000e+00
0.00000000e+00
0.00000000e+00
0.00000000e+00
0.00000000e+00
0.00000000e+00
-9.82356340e-01
-1.03726613e+00
-1.68583758e+00
0.00000000e+00
0.00000000e+00
0.00000000e+00
2.01909727e-01
-1.23865235e+00
-7.57740717e-02
4.67089944e-01
-3.03269294e-01
-1.19045655e-01
2.72007628e-01
7.46429949e-01
-1.56978308e-01
0.00000000e+00
-3.44552896e-01
-1.13611825e-01
-6.01205684e-01
-2.73739391e-01
5.47470505e-01
4.30611918e-01
1.43300063e-01
-1.04341951e+00
-2.41061860e-01
1.66535321e-02
-1.76633114e+00
0.00000000e+00
0.00000000e+00
0.00000000e+00
8.82761669e-02
-9.44564361e-01
-1.19662689e-01
5.56947681e-01
-5.81488946e-01
1.17393232e-01
4.16362269e-01
3.71953703e-01
-2.17856184e-01
0.00000000e+00
-1.95247026e-01
7.33510940e-02
-6.93198563e-01
-3.51729247e-02
-2.50805486e-02
2.52034576e-01
1.06891814e-01
-1.00827199e+00
-4.06145703e-02
1.11616125e-01
3 1
-1.8215e+00 5.7302e-01
5 1
0 1 2 4 7 
217
-4.87648654e-01
-1.13774062e-02
5.73052493e-01
-3.57925958e-01
-9.43734010e-01
3.88898646e-01
-3.50241791e-01
5.89196509e-01
3.55345632e-01
-1.09000588e-01
9.99982616e-01
-1.12723543e+00
-5.49001101e-01
3.16734640e-01
-2.04979401e-01
-2.11469589e-02
6.35270525e-01
-4.01186679e-01
7.54879384e-02
-1.13006061e+00
-5.32758880e-01
1.22047068e-02
9.85664037e-01
6.51276307e-01
6.83692515e-04
7.32112739e-01
0.00000000e+00
0.00000000e+00
8.25041457e-01
1.04752452e-01
-7.17638287e-02
-2.02907675e-02
-8.17940223e-01
-5.07447744e-01
0.00000000e+00
0.00000000e+00
0.00000000e+00
-7.81576244e-01
2.70518064e-01
-2.93427669e-01
-9.08672488e-01
0.00000000e+00
0.00000000e+00
0.00000000e+00
0.00000000e+00
2.65117833e-01
1.48356032e+00
3.13635812e-01
0.00000000e+00
-8.31368467e-01
-2.65427920e+00
4.95570160e-01
0.00000000e+00
-2.64406990e+00
-3.39906716e-01
6.60147494e-01
0.00000000e+00
0.00000000e+00
-1.49830164e-01
4.39118076e-01
5.58069832e-01
-3.90730672e-01
-6.54987814e-01
-9.74438208e-01
-7.74754735e-01
0.00000000e+00
2.41293192e-01
5.38927035e-01
1.02025110e+00
1.20411643e+00
0.00000000e+00
-4.86469837e-01
0.00000000e+00
-1.53640485e-01
8.75183901e-01
4.01656263e-01
1.61797023e+00
3.95830895e-01
-6.57346052e-01
0.00000000e+00
8.82525596e-01
-7.82983566e-01
-1.10865909e+00
-9.19914227e-01
0.00000000e+00
-5.03972483e-01
0.00000000e+00
6.96640266e-01
-5.62939410e-02
-1.67788194e-01
2.74545242e-01
0.00000000e+00
-4.74053559e-02
0.00000000e+00
-2.07503941e-01
-7.26632412e-01
-2.32739357e-01
-7.70764619e-01
0.00000000e+00
0.00000000e+00
0.00000000e+00
0.00000000e+00
0.00000000e+00
0.00000000e+00
0.00000000e+00
0.00000000e+00
0.00000000e+00
0.00000000e+00
0.00000000e+00
0.00000000e+00
0.00000000e+00
0.00000000e+00
0.00000000e+00
0.00000000e+00
0.00000000e+00
0.00000000e+00
0.00000000e+00
0.00000000e+00
0.00000000e+00
-1.64882487e+00
-2.51406027e+00
-1.73427775e+00
0.00000000e+00
0.00000000e+00
0.00000000e+00
2.36131350e-01
-3.20325657e-02
1.40015647e+00
-1.03394081e-01
7.08793598e-01
5.95924906e-01
-4.56572143e-01
-2.88166983e-02
7.87551490e-01
0.00000000e+00
-1.44227399e+00
1.92072484e-01
-7.47791326e-01
-7.23258888e-01
5.24761731e-01
-3.48173183e-02
-5.05629911e-01
8.27662414e-01
8.61439239e-01
1.32526444e+00
-9.82175652e-01
0.00000000e+00
0.00000000e+00
0.00000000e+00
1.02936440e+00
-6.80917972e-02
-1.47007536e-01
-3.19137698e-01
5.77132760e-01
1.95778407e-01
4.61184107e-01
7.83002550e-01
1.47727689e-01
0.00000000e+00
1.37336516e+00
-1.12366205e-01
-2.50814386e-03
1.41988369e+00
1.14638274e+00
3.80324557e-01
5.18387827e-01
5.69200727e-01
5.00443966e-01
4.21938212e-01
-3.46339090e+00
0.00000000e+00
0.00000000e+00
0.00000000e+00
-8.53023382e-01
-4.42439392e-01
-3.10751854e-01
1.00633886e+00
6.51496636e-01
1.29917576e+00
-7.43796604e-01
1.38843621e-01
-3.79633807e-04
0.00000000e+00
-1.01076301e+00
5.21305744e-01
1.12053088e+00
9.78112784e-01
2.68221254e-01
7.29482498e-01
1.17777807e+00
-1.65591143e-01
-3.14922123e-01
-1.15169187e+00
-2.29477585e-01
0.00000000e+00
0.00000000e+00
0.00000000e+00
1.23770059e+00
-6.50569225e-01
8.36482921e-01
6.87198489e-01
7.76945121e-01
5.64124393e-01
1.59670374e+00
7.42135915e-01
-1.69162621e-03
0.00000000e+00
9.56872219e-01
2.87102706e-01
3.91356525e-01
-1.07453712e-01
2.64353368e-01
3.42114352e-01
-1.56161260e-02
2.65239562e-01
2.96666019e-01
1.12208377e+00
136
3.83534879e-01
4.41342223e-02
9.37087256e-03
9.67438144e-02
-6.16364180e-04
3.00293686e-01
-2.36879295e-03
-5.76368436e-02
8.48381023e-04
0.00000000e+00
0.00000000e+00
3.94481341e-01
-8.50458657e-02
-1.34301849e-01
-1.01638222e-02
1.20379067e-01
9.81860088e-02
0.00000000e+00
0.00000000e+00
0.00000000e+00
-1.22006549e-01
1.97375919e-01
2.25843257e-01
2.22017320e-01
-1.39695068e-01
0.00000000e+00
0.00000000e+00
0.00000000e+00
3.69009237e-01
-1.14767429e-01
1.76838006e-01
1.79141618e-01
1.05716452e-01
-5.26473596e-01
-1.43752376e-02
0.00000000e+00
-3.12793571e-01
-4.04323777e-02
4.19184621e-01
0.00000000e+00
-1.44771097e-01
1.44494075e-01
1.44253789e-01
0.00000000e+00
0.00000000e+00
0.00000000e+00
4.02312977e-02
-3.99758618e-01
3.50429833e-01
-2.66633026e-01
-1.93848970e-01
-1.43974182e-01
3.38787210e-01
-3.04459190e-02
2.61038823e-01
-4.91854926e-01
3.07619000e-01
1.89419487e-01
-1.99950530e-01
7.63277550e-02
8.46767205e-02
-1.86995625e-01
7.43653703e-01
8.54819522e-02
1.33411614e-01
-9.37784221e-03
0.00000000e+00
2.70392150e-01
1.17741292e-01
5.21580358e-02
-1.38790668e-02
0.00000000e+00
0.00000000e+00
0.00000000e+00
0.00000000e+00
0.00000000e+00
0.00000000e+00
0.00000000e+00
0.00000000e+00
0.00000000e+00
0.00000000e+00
0.00000000e+00
0.00000000e+00
0.00000000e+00
0.00000000e+00
0.00000000e+00
-8.73781043e-01
-8.15730265e-01
-1.64477005e+00
0.00000000e+00
0.00000000e+00
0.00000000e+00
2.34393211e-01
-1.30101508e+00
-2.71066255e-02
6.28556712e-01
-1.25122594e-01
-1.01768327e-01
3.43771702e-01
7.90003988e-01
-1.09468644e-01
0.00000000e+00
-5.20032925e-01
-8.07790106e-02
-5.81043649e-01
-3.02614251e-01
5.67233568e-01
5.24330879e-01
1.34046466e-01
-1.38280556e+00
-2.81658787e-01
-5.36911225e-02
-1.63022478e+00
0.00000000e+00
0.00000000e+00
0.00000000e+00
8.68012368e-02
-9.40342134e-01
-7.95205260e-02
4.53029445e-01
-5.02736450e-01
5.27246717e-02
4.21321756e-01
3.17446239e-01
-1.91094557e-01
0.00000000e+00
-1.82518364e-01
2.12810142e-01
-7.01053032e-01
3.58755476e-02
-1.07215739e-01
3.01440040e-01
1.71635376e-01
-9.70610377e-01
-1.32664194e-01
1.24446137e-01
5 1
-1.9160e+00 5.7114e-01
6 0
0 1 2 4 7 3 
217
3.28389667e-01
-9.85626950e-01
1.06369489e+00
-2.84830254e-01
-2.86887485e-01
6.00319868e-01
-1.69812925e-01
1.11419739e-01
6.84052207e-02
-5.09551917e-01
1.26774343e-02
1.44885695e-01
0.00000000e+00
0.00000000e+00
2.42905533e-01
-5.89158473e-02
8.66662276e-01
2.98312613e-01
-2.03092714e-02
1.10217174e+00
-2.03465764e-01
3.22999182e-03
8.36193780e-01
-9.36271559e-03
3.83280213e-04
8.74990098e-01
0.00000000e+00
0.00000000e+00
1.10314191e+00
-1.40961721e-01
-2.58195425e-01
-1.68125974e-01
2.49664599e-01
-4.57133726e-01
0.00000000e+00
0.00000000e+00
0.00000000e+00
-8.58091393e-01
-5.28141723e-01
1.63004024e-01
3.43558081e-01
2.64509010e-01
0.00000000e+00
0.00000000e+00
0.00000000e+00
-1.29874515e+00
2.02136798e-01
8.89129964e-01
0.00000000e+00
-1.06011371e+00
-7.51935160e-01
7.59943963e-01
0.00000000e+00
4.98192354e-01
-4.91092034e-01
-1.45644022e-02
0.00000000e+00
3.83016037e-01
8.85112482e-01
1.64134099e-01
-1.15803018e+00
-1.23820681e+00
2.72462666e+00
0.00000000e+00
-1.23720392e-01
0.00000000e+00
4.19901021e-03
5.68639325e-01
3.16794138e-01
1.04202487e+00
-4.62623171e-01
-8.51852872e-01
0.00000000e+00
2.49483170e-01
-2.98024500e-01
1.39338254e+00
5.50773601e-01
0.00000000e+00
-2.14942475e-01
0.00000000e+00
2.19799426e-01
-7.42192605e-01
3.23532716e-01
8.01273183e-01
-9.78517363e-01
-1.04633268e-01
0.00000000e+00
5.29599416e-01
-1.51732269e-01
8.81940882e-01
1.98703681e-01
0.00000000e+00
3.24485904e-01
0.00000000e+00
-4.37897244e-01
-4.09934527e-01
4.41801007e-01
5.00014105e-02
-9.71048445e-01
-1.71065144e+00
0.00000000e+00
1.27744399e+00
-2.76391625e-01
1.73264556e+00
7.64548383e-01
0.00000000e+00
0.00000000e+00
0.00000000e+00
0.00000000e+00
0.00000000e+00
0.00000000e+00
0.00000000e+00
0.00000000e+00
0.00000000e+00
0.00000000e+00
0.00000000e+00
0.00000000e+00
0.00000000e+00
0.00000000e+00
-1.23093493e+00
-2.05586692e+00
-1.82523103e+00
0.00000000e+00
0.00000000e+00
0.00000000e+00
3.37305800e-01
-9.07013560e-02
-3.70665094e-01
1.31660535e+00
2.26343234e-03
5.65372393e-02
6.26378555e-01
-1.11592134e+00
1.60282765e-01
0.00000000e+00
-7.22663584e-01
2.45282392e-01
-7.05016955e-01
-1.93713828e-02
5.29341263e-01
1.24788201e+00
8.09688980e-01
-7.34632547e-01
-4.31843878e-01
7.81406245e-01
-5.34903697e-01
0.00000000e+00
0.00000000e+00
0.00000000e+00
4.71781750e-01
-1.90635115e-01
-6.20073704e-03
1.18811683e-01
2.81076990e-01
4.51919988e-01
-5.32530017e-02
1.60699131e+00
-7.36029883e-02
0.00000000e+00
5.53472808e-01
1.23264835e-01
7.15679133e-01
5.96942234e-01
3.05036804e-01
2.14224011e-01
-8.93626637e-02
3.15546165e-01
7.04927427e-01
-2.29327245e-01
-1.73153051e+00
0.00000000e+00
0.00000000e+00
0.00000000e+00
6.58511790e-01
-1.10093486e-01
2.09487924e-01
-8.50952430e-03
-2.60955999e-01
-3.93817555e-01
1.34917111e+00
1.05582205e+00
1.49513089e-01
0.00000000e+00
-1.87754937e+00
5.13637648e-01
-5.20161473e-01
-2.08009403e-01
-3.25614997e-01
-4.04430235e-02
2.48655362e-01
-1.55745829e+00
-3.17201706e-01
-2.96514646e-01
-2.91274147e-01
0.00000000e+00
0.00000000e+00
0.00000000e+00
-2.99575320e-01
-4.03100150e-01
-5.80297006e-02
6.02677030e-01
-8.59644431e-02
7.88470260e-01
-1.09009956e+00
-2.41821642e-01
1.21523336e-02
0.00000000e+00
6.92540713e-01
-2.79554076e-01
2.72737700e-01
-1.83630561e-01
4.09365683e-01
2.62468633e-01
-5.86822370e-01
7.37174284e-01
-1.87710884e-01
-6.52552077e-01
136
2.69496968e-01
9.35680626e-02
1.09871140e-02
2.72364833e-01
-1.14665491e-03
2.20778414e-01
-2.58505900e-03
-3.17214342e-01
9.24026367e-04
0.00000000e+00
0.00000000e+00
2.81951649e-01
1.52198782e-02
-5.74530490e-02
-7.16229809e-02
3.50802696e-03
9.78934442e-02
0.00000000e+00
0.00000000e+00
0.00000000e+00
4.71286388e-02
-1.58893193e-02
-3.09748039e-02
1.54463455e-01
1.08969391e-01
0.00000000e+00
0.00000000e+00
0.00000000e+00
3.39805983e-02
-1.70525631e-01
4.21347564e-01
-8.17382010e-02
-4.80302538e-02
-2.68873237e-02
-4.83256293e-02
0.00000000e+00
3.66627050e-02
-1.72973195e-01
1.67258468e-01
0.00000000e+00
1.04568027e-01
1.58925874e-01
-1.02213060e-01
0.00000000e+00
0.00000000e+00
0.00000000e+00
6.99083753e-02
-3.65659827e-01
4.47506476e-01
-1.79840906e-01
-1.08232326e-01
1.48116658e-01
-1.05226757e-01
6.44792787e-02
3.02839860e-01
-1.27855794e-01
0.00000000e+00
3.02131088e-01
-8.52065027e-02
8.05793776e-02
-4.26948303e-01
-3.43198390e-01
1.20359523e+00
3.02674080e-01
2.47168565e-01
-5.77363180e-03
0.00000000e+00
1.90513515e-01
7.42129467e-02
1.28140626e-01
1.02674144e-01
5.31668912e-01
-3.67834704e-01
1.83154584e-01
3.72451213e-01
-1.60785411e-01
0.00000000e+00
0.00000000e+00
0.00000000e+00
0.00000000e+00
0.00000000e+00
0.00000000e+00
0.00000000e+00
0.00000000e+00
0.00000000e+00
0.00000000e+00
-9.06429896e-01
-8.45723053e-01
-1.71321917e+00
0.00000000e+00
0.00000000e+00
0.00000000e+00
1.20242480e-01
-1.05488500e+00
-1.03776285e-01
6.01697977e-01
-1.01127453e-01
-1.41547060e-01
2.96180232e-01
7.34591009e-01
-2.52516551e-01
0.00000000e+00
-4.83026316e-01
-1.31120513e-01
-6.66604991e-01
-3.42237023e-01
6.27145912e-01
4.49578742e-01
1.27513438e-01
-1.03356392e+00
-3.20245395e-01
-3.95184513e-02
-1.71877661e+00
0.00000000e+00
0.00000000e+00
0.00000000e+00
1.08657893e-01
-9.55504708e-01
-1.41341001e-01
4.80024259e-01
-3.91457082e-01
-4.28945713e-02
3.03653220e-01
3.04816728e-01
-1.83311150e-01
0.00000000e+00
-1.66070172e-01
1.95998326e-01
-6.33324177e-01
7.36977290e-02
-2.01030032e-01
1.57774510e-01
2.46105063e-01
-8.76225642e-01
-1.33737705e-01
1.35391900e-01
6 1
-2.2398e+00 5.9278e-01
7 1
0 1 2 4 7 3 5 
217
1.30235330e+00
6.45496879e-01
-1.12318741e+00
-1.49888780e-01
-7.48505143e-01
4.65459896e-01
4.31287500e-01
8.18862503e-02
9.69497236e-01
-1.50191931e+00
2.94954336e-01
-3.40910581e-01
3.55119368e-01
-1.92266690e-02
3.47767505e-01
2.06678476e-01
3.07893097e-01
-8.43317333e-02
2.92455949e-02
8.37850386e-01
-5.27701786e-01
9.02641664e-03
1.36381682e+00
1.56661931e+00
-2.76885365e-04
8.51351738e-01
0.00000000e+00
0.00000000e+00
4.83014110e-01
-9.52998787e-02
-5.77739348e-01
4.80042664e-01
6.52630252e-01
3.59705497e-01
0.00000000e+00
0.00000000e+00
0.00000000e+00
-5.57354561e-02
-1.76741017e-01
1.51641477e-02
3.83053686e-01
6.28440771e-01
0.00000000e+00
0.00000000e+00
0.00000000e+00
-9.94797881e-01
3.48687957e-01
7.58785597e-01
0.00000000e+00
-6.11046297e-01
-3.01160028e-01
4.65274324e-01
0.00000000e+00
4.86273899e-02
6.70723703e-01
1.66376279e-01
0.00000000e+00
-1.15129447e-01
1.76406840e-01
2.60503239e-01
-4.80083896e-01
-1.47558791e+00
3.25802510e+00
1.09650467e+00
2.27255417e-01
1.78867410e-03
3.97136536e-01
4.72461892e-01
-4.18543331e-01
-6.21066174e-03
0.00000000e+00
-1.44981379e+00
0.00000000e+00
1.80184580e+00
-8.61648238e-01
7.43752114e-01
3.63308168e-01
4.93138838e-01
5.05264208e-01
0.00000000e+00
1.29994096e-01
6.06626469e-02
1.73956155e-01
5.62796176e-01
0.00000000e+00
1.22862280e-01
0.00000000e+00
2.95159993e-01
5.63322397e-01
8.84331023e-01
9.46995971e-01
0.00000000e+00
5.31455997e-01
0.00000000e+00
2.91655498e-01
4.81619519e-01
4.79241802e-01
3.26224873e-01
0.00000000e+00
-1.45124509e+00
0.00000000e+00
1.99780503e+00
-5.29537931e-01
7.55793353e-01
-2.03758826e+00
4.93138838e-01
8.36714228e-01
-6.31847867e-01
2.78996217e-02
4.02430519e-01
-5.53993908e-02
-9.18962114e-01
0.00000000e+00
0.00000000e+00
0.00000000e+00
0.00000000e+00
0.00000000e+00
0.00000000e+00
0.00000000e+00
-1.11697913e+00
-1.67967804e+00
-9.83037769e-01
0.00000000e+00
0.00000000e+00
0.00000000e+00
2.37930323e+00
-1.36406088e-02
-1.97252025e+00
9.09874572e-01
1.06590292e+00
-1.40098781e-01
-8.93337705e-01
-6.55884349e-01
-6.67679169e-03
0.00000000e+00
1.09455663e+00
3.59342899e-01
-1.17882709e-02
-1.57780659e-01
6.95938222e-01
1.27848297e+00
9.64726630e-01
-4.14165629e-02
-1.15971532e+00
1.13369814e+00
-1.44811216e+00
0.00000000e+00
0.00000000e+00
0.00000000e+00
-5.78869660e-01
-1.71073606e-02
2.07766038e+00
6.79860632e-01
6.09812893e-01
3.47537242e-01
1.67598914e+00
1.29302512e+00
-1.13540401e-02
0.00000000e+00
2.81836816e-01
-4.41835756e-02
-1.71127801e-02
1.74319693e-01
-4.25862807e-01
1.81326016e-01
5.17924171e-01
-2.66949221e-01
1.15915993e+00
4.35321900e-01
-9.55355716e-01
0.00000000e+00
0.00000000e+00
0.00000000e+00
-3.64821869e-01
-5.90416231e-03
7.02438660e-01
-1.14030930e+00
7.23153877e-01
-6.68525384e-01
-4.31640392e-01
8.27253354e-01
-1.55532371e-02
0.00000000e+00
-3.37099706e-01
2.78475973e-01
7.04790803e-02
1.99422583e-01
6.79337176e-01
8.30151814e-02
3.86031916e-01
7.89186739e-01
1.74122028e-02
-4.58895763e-01
-1.42129132e+00
0.00000000e+00
0.00000000e+00
0.00000000e+00
1.42896464e-01
-1.06710153e-02
-3.94987099e-01
7.54053617e-01
2.76238045e-01
2.25946496e-01
5.80887023e-01
-4.02541615e-01
-4.12637000e-02
0.00000000e+00
8.48992286e-02
-3.76939121e-01
-5.09534535e-01
4.42086030e-01
2.97521242e-01
2.34945091e-01
-1.76848260e-01
-5.23148238e-01
2.31611987e-01
8.31436809e-01
136
1.37509671e-01
-2.85232967e-02
-5.01843790e-03
1.06454886e-01
7.87617227e-04
5.20505152e-02
2.08667214e-03
7.52756711e-03
7.90218396e-04
0.00000000e+00
0.00000000e+00
2.51169087e-01
-4.41959900e-02
-1.46193420e-01
-7.05666182e-02
5.08360043e-02
9.64606076e-02
0.00000000e+00
0.00000000e+00
0.00000000e+00
-3.81714924e-02
-1.33680840e-01
1.50410298e-03
3.00626665e-01
2.63155520e-02
-2.87953514e-02
0.00000000e+00
0.00000000e+00
-2.65722746e-01
-1.27951650e-01
4.39921349e-01
-1.24916849e-01
-3.81853442e-02
-4.89629868e-02
1.07501900e-01
0.00000000e+00
2.12173574e-01
-7.89183422e-02
6.54912112e-02
0.00000000e+00
1.49967102e-01
3.12258224e-02
-1.84113369e-01
0.00000000e+00
0.00000000e+00
0.00000000e+00
8.63686125e-02
-4.35892618e-01
3.97646630e-01
-2.09256493e-01
-6.73459674e-02
-1.10433580e-01
4.37493163e-02
7.45057893e-02
2.84698965e-01
-3.93606270e-01
1.21379862e-01
1.23613534e-01
-2.04194206e-01
1.94753930e-02
-5.06244595e-01
-5.65928541e-01
1.23131764e+00
2.99694570e-01
2.66926529e-01
-1.20069912e-01
0.00000000e+00
5.84760969e-02
2.12402225e-01
3.65241934e-02
-3.26945328e-02
0.00000000e+00
2.34990478e-02
2.52928780e-01
4.14475017e-01
-1.14831910e-01
1.22773884e-01
5.90811798e-02
-2.33729451e-01
5.97528336e-02
-1.79906740e-01
0.00000000e+00
0.00000000e+00
0.00000000e+00
0.00000000e+00
0.00000000e+00
-7.36705615e-01
-9.11984007e-01
-1.61860770e+00
0.00000000e+00
0.00000000e+00
0.00000000e+00
2.32726541e-01
-1.07465229e+00
-6.98856752e-02
5.03581404e-01
-2.49528485e-01
-8.75609013e-02
2.16663008e-01
7.62615389e-01
-5.27268324e-02
0.00000000e+00
-5.00974642e-01
-6.79691599e-02
-6.59887299e-01
-3.03384507e-01
4.97131958e-01
4.41685436e-01
2.81440355e-02
-9.26833325e-01
-2.19365509e-01
-8.83868471e-02
-1.70878313e+00
0.00000000e+00
0.00000000e+00
0.00000000e+00
1.20736414e-01
-8.39388401e-01
-1.76630349e-01
4.63508861e-01
-4.03011265e-01
1.42472326e-01
3.45730853e-01
4.15416116e-01
-1.63644358e-01
0.00000000e+00
-2.54008446e-01
1.51135568e-01
-6.53287668e-01
-3.24436393e-02
-2.31030007e-01
3.15012054e-01
9.20032448e-02
-9.29670406e-01
-1.23656162e-01
5.19721322e-02
