0 7 -999999999 -1 -1
1 1 0 -1 -1
0.2443 0.05393
356
1.02394325e+00
1.02394325e+00
0.00000000e+00
1.56068212e-01
-5.72513574e-02
-4.23116480e-02
7.65685747e-01
0.00000000e+00
0.00000000e+00
6.78133685e-01
-2.73870036e-01
6.12584571e-01
4.10645955e-01
-4.63701899e-02
-1.11277350e-02
2.13566137e-01
0.00000000e+00
0.00000000e+00
0.00000000e+00
0.00000000e+00
0.00000000e+00
0.00000000e+00
0.00000000e+00
0.00000000e+00
0.00000000e+00
0.00000000e+00
0.00000000e+00
0.00000000e+00
0.00000000e+00
0.00000000e+00
0.00000000e+00
0.00000000e+00
0.00000000e+00
0.00000000e+00
0.00000000e+00
0.00000000e+00
0.00000000e+00
0.00000000e+00
0.00000000e+00
0.00000000e+00
0.00000000e+00
0.00000000e+00
0.00000000e+00
0.00000000e+00
0.00000000e+00
0.00000000e+00
0.00000000e+00
0.00000000e+00
0.00000000e+00
0.00000000e+00
0.00000000e+00
-3.29200475e-01
-8.43179450e-01
-8.81033864e-01
0.00000000e+00
0.00000000e+00
0.00000000e+00
0.00000000e+00
4.28666158e-01
-3.27516894e-02
6.97403971e-01
-1.38790979e-01
5.67403330e-01
-9.14560595e-01
-7.18603698e-01
-3.65217111e-01
0.00000000e+00
0.00000000e+00
1.61893500e-02
-5.17912993e-03
-1.27671707e-01
2.98866930e-01
1.17772299e-03
-4.10779250e-01
6.85675901e-01
-8.44591727e-03
-5.56883194e-01
2.32110646e-02
-3.33449012e-02
-4.73176946e-01
2.05871227e-01
3.79883163e-01
4.38188855e-01
0.00000000e+00
0.00000000e+00
0.00000000e+00
0.00000000e+00
0.00000000e+00
0.00000000e+00
0.00000000e+00
-4.33432970e-01
2.68068925e-01
-9.85573306e-02
-2.29521489e-02
3.84841408e-02
4.21001601e-02
1.00281530e-01
-1.35323661e-01
8.32089314e-02
2.41409798e-02
2.29226458e-01
1.30342082e-01
0.00000000e+00
0.00000000e+00
3.92721862e+00
2.56375152e+00
6.02523935e-01
6.54682332e-02
1.37678803e-01
5.63534977e-01
5.83196746e-02
-2.92435631e-01
5.68031293e-01
2.83193718e-02
-4.61033217e-01
-6.96457829e-01
-1.16721275e+00
-2.31001224e+00
0.00000000e+00
0.00000000e+00
0.00000000e+00
0.00000000e+00
0.00000000e+00
0.00000000e+00
-7.74552321e-02
-6.83694410e-02
-1.98307717e-01
2.34385962e-01
1.40697631e-01
-1.57075948e+00
4.28019747e+00
4.39884947e+00
4.35854013e+00
4.38932845e+00
4.64088312e+00
4.24701850e+00
-4.63326856e-02
4.10145986e-01
2.68950404e-01
2.01694298e-02
-1.58491285e-01
-2.58047349e-01
5.47183081e-01
1.09979833e-01
-6.31872781e-03
-1.83018293e-01
-2.49869701e-01
-2.80544114e-01
1.13508999e+00
0.00000000e+00
0.00000000e+00
0.00000000e+00
0.00000000e+00
0.00000000e+00
0.00000000e+00
0.00000000e+00
-1.11146748e-01
1.57561401e+00
-2.01586753e+00
0.00000000e+00
-6.28429799e-01
-8.37786334e-01
-2.58978053e-01
-7.02021943e-01
-8.87407851e-01
0.00000000e+00
0.00000000e+00
0.00000000e+00
-4.04152329e-01
-1.02730603e+00
-4.35473376e-01
-6.06234474e-01
4.46991478e-01
5.77565313e-01
-1.13832782e+00
1.35776538e-01
1.22694813e+00
0.00000000e+00
-9.66163233e-02
4.89873511e-02
-2.34054457e-01
9.13209317e-01
2.77718588e-01
-1.36179742e-01
4.60312584e-01
-1.69892179e+00
2.19684748e-01
5.82664435e-01
9.19128905e-01
0.00000000e+00
0.00000000e+00
0.00000000e+00
2.24111262e-01
-9.59881816e-01
2.32304436e-01
9.10482886e-01
5.30546271e-02
1.02952403e-01
5.12406116e-01
-4.31403877e-02
-1.24268631e+00
0.00000000e+00
-6.34479796e-02
-8.59106392e-01
-8.09842319e-01
5.48884223e-01
1.26904173e-01
4.19983274e-01
4.72399565e-01
6.76392961e-01
7.33375213e-01
-1.16017035e-01
-4.03312716e-01
-3.36029514e-01
-1.38342995e-01
-3.39483076e-01
1.41796557e-01
6.94512191e-02
-6.38007676e-02
-3.41679965e-01
-4.22828871e-01
0.00000000e+00
0.00000000e+00
0.00000000e+00
-1.08747953e-01
7.47749007e-01
-1.45741837e-01
-7.60968576e-01
-2.83720210e-01
-3.24322330e-01
-3.75393158e-02
5.07274133e-01
1.11715966e+00
0.00000000e+00
-4.13013794e-01
7.34162448e-01
5.81763173e-02
-1.47013039e-01
-2.13866215e-01
-4.39592838e-01
-2.47614448e-01
-4.05875553e-01
-6.18442450e-02
2.50991919e-03
-6.72832020e-02
-9.61366470e-02
2.14684688e-01
-1.85831243e-01
-4.84095136e-01
-2.92400285e-01
-2.48639890e-01
-4.34595214e-02
0.00000000e+00
4.53725989e-02
1.18418163e-01
-4.56191047e-01
-1.91694851e-01
-9.56562864e-01
7.64868013e-01
0.00000000e+00
-1.53980828e+00
0.00000000e+00
0.00000000e+00
0.00000000e+00
-1.64027917e-01
-2.04312617e-01
-3.33407672e-01
6.49120319e-01
-1.07585195e+00
1.42433710e-01
2.47299252e-01
1.54920257e-02
-1.02850676e+00
0.00000000e+00
3.27383419e-01
1.57890761e-01
-9.09452063e-01
1.62123411e+00
-5.88285163e-02
3.72028062e-01
2.84750074e-01
-2.07149407e+00
4.30284197e-01
5.81573550e-02
6.89230016e-01
0.00000000e+00
0.00000000e+00
0.00000000e+00
1.74887298e-01
1.50129334e-01
-4.89505176e-02
1.72030668e-01
3.52086773e-01
2.78887771e-01
4.52570461e-01
-2.27217047e-01
5.12702463e-01
0.00000000e+00
-6.32882241e-02
-6.68329584e-02
-2.87850828e-01
1.26425086e-01
-8.29984199e-01
-4.32562836e-02
2.15588625e-01
-1.24986421e-01
-2.30374668e-01
1.76662685e-01
-7.04411622e-01
-4.59725902e-01
0.00000000e+00
-5.99998862e-02
1.01308703e-01
9.56023280e-02
-1.71855846e-01
-3.83472384e-01
-4.70733170e-01
0.00000000e+00
0.00000000e+00
0.00000000e+00
-2.44758812e-01
3.09579435e-01
-1.87882710e-01
1.98359474e-01
7.62763287e-01
-1.68716857e-01
-3.54375628e-01
-4.64004892e-01
-8.47674751e-01
0.00000000e+00
2.46351796e-01
-3.84931538e-01
3.38745487e-01
1.95293513e-01
-1.21605656e-01
-4.62472889e-02
-2.35229694e-01
2.80093693e-01
5.75420232e-01
-3.21912262e-01
-2.44685720e-01
0.00000000e+00
-8.04962928e-01
-3.06343609e-03
-8.35396655e-01
-3.78060432e-01
0.00000000e+00
0.00000000e+00
4.31948056e-02
1.15803629e-01
-1.69580558e-01
-3.24283503e-01
-4.57336223e-01
0.00000000e+00
0.00000000e+00
-3.78526407e-01
247
-1.04746651e-01
-1.04746651e-01
0.00000000e+00
5.72795832e-01
-6.77542483e-01
-3.55485292e-01
-7.13273016e-01
8.50446645e-01
0.00000000e+00
0.00000000e+00
-4.87177288e-01
-1.50498664e+00
7.80081087e-01
1.40504530e-01
0.00000000e+00
0.00000000e+00
0.00000000e+00
0.00000000e+00
0.00000000e+00
0.00000000e+00
0.00000000e+00
0.00000000e+00
0.00000000e+00
0.00000000e+00
0.00000000e+00
0.00000000e+00
0.00000000e+00
0.00000000e+00
0.00000000e+00
0.00000000e+00
0.00000000e+00
0.00000000e+00
0.00000000e+00
0.00000000e+00
0.00000000e+00
0.00000000e+00
0.00000000e+00
0.00000000e+00
0.00000000e+00
0.00000000e+00
0.00000000e+00
-1.45024331e-01
2.20265694e-02
9.03770255e-01
-5.83834792e-03
2.89803848e-01
-1.20308374e-02
-1.15329642e+00
-3.13521996e-03
-3.68995727e-01
9.94705421e-02
1.64778534e-01
0.00000000e+00
0.00000000e+00
0.00000000e+00
0.00000000e+00
0.00000000e+00
0.00000000e+00
0.00000000e+00
4.25143993e+00
2.91264867e+00
1.26127737e+00
1.06458797e+00
8.31503935e-01
5.45647788e-01
-1.01262307e+00
-2.06358820e+00
4.40326875e-01
-2.12849246e-02
-2.02321706e-01
-6.17221534e-01
-2.65516469e+00
-1.92732640e+00
0.00000000e+00
0.00000000e+00
0.00000000e+00
0.00000000e+00
0.00000000e+00
0.00000000e+00
2.16556410e-02
-2.75012804e-01
-4.88160966e-01
-4.53729373e-01
-1.63507142e-01
-1.65864067e+00
6.24823035e+00
5.86284761e+00
5.89406961e+00
5.91308722e+00
5.96175500e+00
5.94558948e+00
1.16197028e-01
-8.57011170e-02
-3.35689522e-01
-4.32410476e-01
-8.10429900e-01
3.26622627e-02
3.99848636e-01
3.55288905e-01
5.41365747e-01
2.21163745e-01
5.44907670e-01
4.49054941e-01
6.26805796e-01
0.00000000e+00
0.00000000e+00
0.00000000e+00
-7.31552447e-01
2.08252959e-01
-3.02060055e+00
0.00000000e+00
-8.72307628e-01
-4.63278403e-01
-1.04917735e+00
-8.02317754e-01
-1.33558603e+00
0.00000000e+00
0.00000000e+00
0.00000000e+00
-7.28331178e-01
-1.34127725e+00
-4.30438082e-01
-2.80260159e-01
-3.02285634e-01
-4.65816625e-01
-3.18314823e-01
1.24570367e-01
-1.36751272e-01
0.00000000e+00
-2.39469817e-01
2.27887290e-01
-2.11779791e-01
1.05319631e+00
-2.59825543e-02
8.39456160e-02
3.19494907e-01
1.28819997e-01
1.06401940e+00
1.43187263e-01
-4.54869373e-01
-2.03277424e-01
-1.16452446e+00
8.93576143e-02
8.71889423e-01
-8.89920546e-01
0.00000000e+00
0.00000000e+00
0.00000000e+00
4.77829882e-01
0.00000000e+00
4.98520360e-01
9.13257375e-01
0.00000000e+00
1.02996844e+00
1.81114697e-01
3.35696206e-01
0.00000000e+00
0.00000000e+00
4.28343683e-01
4.27368809e-01
0.00000000e+00
-1.07493091e+00
-2.97056929e-01
1.01253940e+00
-3.33340062e-01
0.00000000e+00
-9.83133139e-01
5.79346086e-01
-2.51591950e-01
-6.46012730e-01
3.60369851e-01
3.40509296e-02
-8.80716658e-01
-6.69030205e-01
2.88387184e-01
0.00000000e+00
0.00000000e+00
-2.11686454e-01
-9.97228917e-01
7.85542464e-01
0.00000000e+00
-1.85149510e+00
0.00000000e+00
0.00000000e+00
0.00000000e+00
-2.04932475e-01
6.93854991e-01
9.22655510e-02
3.69907505e-01
-2.76441502e+00
4.81117775e-01
8.56812312e-01
-1.22545159e-01
-1.24142879e-01
0.00000000e+00
2.93999424e-01
6.84275176e-01
-1.04236251e+00
1.61730851e+00
-1.04390171e+00
1.16405415e-01
5.44238338e-01
-2.94929263e+00
4.10333028e-01
2.39579252e-01
-7.89567021e-01
-4.71071544e-01
0.00000000e+00
-1.55283145e-02
1.04037239e-01
-1.18548723e-01
0.00000000e+00
0.00000000e+00
0.00000000e+00
-4.38092447e-01
-2.47869170e-01
-7.22241171e-02
-7.79872839e-02
8.04948016e-02
3.58555076e-01
-1.99232851e-02
-6.72827413e-02
5.44391317e-01
0.00000000e+00
-2.50310862e-01
5.11501453e-01
4.53201500e-03
-6.37415519e-02
5.71255714e-01
-3.16246715e-01
-3.38456652e-01
2.18505659e-01
-1.85981100e-01
-3.29668834e-01
-3.18495476e-01
0.00000000e+00
-3.57547534e-01
-6.61391895e-02
-1.06192808e+00
-5.78105806e-01
0.00000000e+00
0.00000000e+00
-7.65456781e-02
-4.83822278e-01
0.00000000e+00
0.00000000e+00
-3.39211898e-01
1 -999999999 3 0 -1
1 0 1 1 -1
2.1673e-01 5.0685e-01
356
8.92322232e-01
0.00000000e+00
0.00000000e+00
0.00000000e+00
0.00000000e+00
0.00000000e+00
0.00000000e+00
0.00000000e+00
0.00000000e+00
0.00000000e+00
0.00000000e+00
0.00000000e+00
0.00000000e+00
0.00000000e+00
0.00000000e+00
0.00000000e+00
3.71870049e-01
5.20452182e-01
7.59050736e-02
-1.82205045e-01
1.12300913e-01
-3.11116373e-03
0.00000000e+00
0.00000000e+00
-1.78338753e-01
-5.77563988e-01
-1.97307579e-01
1.65119386e-01
-9.69307339e-03
-4.91094783e-02
1.34707625e-01
8.06351705e-01
8.59705265e-02
-4.27045286e-01
-5.45935589e-01
-3.56621887e-01
-1.74873467e-01
6.37254743e-01
6.10550331e-01
5.96142248e-01
4.99107288e-01
0.00000000e+00
0.00000000e+00
0.00000000e+00
0.00000000e+00
0.00000000e+00
0.00000000e+00
0.00000000e+00
0.00000000e+00
0.00000000e+00
0.00000000e+00
-1.64990142e-01
-7.07866451e-01
-3.43590951e-01
0.00000000e+00
0.00000000e+00
0.00000000e+00
0.00000000e+00
-6.04691593e-01
1.91278674e+00
1.32187182e+00
1.26837205e-01
1.25616510e+00
-8.05067073e-01
3.34018874e-01
-4.59227219e-01
-1.41504196e+00
-2.26392101e-01
0.00000000e+00
0.00000000e+00
0.00000000e+00
3.11540190e-01
-9.74806199e-04
4.48717488e-02
4.64778411e-01
-2.45581333e-03
-1.36042294e-01
-1.11982454e-02
1.87590378e-03
-2.07426300e-01
-1.80113352e-01
5.30960634e-01
5.41474950e-01
0.00000000e+00
0.00000000e+00
0.00000000e+00
0.00000000e+00
0.00000000e+00
0.00000000e+00
0.00000000e+00
3.43659271e-01
-4.87210081e-01
-8.63525659e-04
-3.25140987e-01
-3.99628022e-01
-1.57003397e-01
1.48054841e-01
-4.10602498e-02
7.88187267e-02
6.66306555e-02
1.18756611e+00
4.68457989e-01
0.00000000e+00
0.00000000e+00
2.54060160e+00
2.69718072e+00
6.34123059e-01
4.31796529e-01
-8.89449352e-02
5.07337809e-01
-1.54870317e-01
-4.90281674e-01
6.63731616e-01
1.72403213e-01
1.05946836e-02
-5.72991705e-01
-9.21789963e-01
-1.83938769e+00
0.00000000e+00
0.00000000e+00
0.00000000e+00
0.00000000e+00
0.00000000e+00
0.00000000e+00
1.40312798e-02
-6.68364375e-02
-1.51169876e-01
-2.36470821e-02
2.90041928e-02
-1.60624057e+00
5.88912220e+00
5.94890505e+00
6.04091183e+00
5.81797436e+00
6.00392957e+00
5.82752702e+00
5.58632749e-01
4.42281599e-01
2.68631579e-01
1.47550388e-01
-1.96977019e-01
-1.74399217e-01
-3.59088728e-02
-3.04337536e-01
-5.78407647e-01
-3.79006656e-01
-4.87325937e-01
-7.36109601e-01
8.39160471e-01
0.00000000e+00
0.00000000e+00
0.00000000e+00
0.00000000e+00
0.00000000e+00
0.00000000e+00
0.00000000e+00
5.31617608e-02
4.11219879e-01
0.00000000e+00
0.00000000e+00
-6.48512190e-01
-7.96205276e-01
-9.99767182e-01
-1.00865321e+00
-1.64827937e+00
0.00000000e+00
0.00000000e+00
0.00000000e+00
-9.04521819e-01
-5.15062873e-01
-4.19987983e-01
-3.58435273e-01
9.16764756e-02
-4.99706172e-01
-4.68998669e-01
-3.14926670e-01
9.53255486e-01
0.00000000e+00
-9.02033573e-01
9.26282752e-01
-2.77649064e-01
1.15970060e+00
-5.33858812e-01
-1.01273666e-01
5.04471943e-01
-8.27546472e-01
9.36928053e-01
-9.65936358e-02
-7.02822195e-02
0.00000000e+00
0.00000000e+00
0.00000000e+00
1.14212880e-01
7.66688503e-02
8.48316891e-02
4.08945953e-01
-4.08171849e-01
2.23523329e-01
2.60226128e-01
1.82855192e-01
-6.47353547e-01
0.00000000e+00
3.32618291e-02
-1.78371666e-01
-6.27531397e-01
-1.79384654e-01
4.06498136e-01
7.19025767e-02
-3.23967878e-01
3.76761259e-01
1.91045951e-01
-1.36235002e-01
-7.73043776e-01
-3.17070563e-01
0.00000000e+00
-2.43526213e-01
1.39571814e-01
-1.86545209e-01
-1.48184332e-01
1.76589772e-02
-4.87215123e-02
0.00000000e+00
0.00000000e+00
0.00000000e+00
-3.03944010e-01
-4.84823659e-02
-3.74091123e-01
-2.59311784e-01
-4.71940858e-01
2.93077637e-01
1.81820340e-01
2.76593048e-01
9.26554809e-01
0.00000000e+00
-4.25645806e-01
1.68399798e-01
2.13866410e-01
1.02105489e-01
-9.08266069e-01
-6.51174026e-02
5.12948589e-01
-1.54767593e-01
3.16428697e-01
-2.89493173e-02
-4.55973213e-01
6.84903590e-01
1.85236167e-01
1.90156453e-02
-8.75235596e-01
-3.31441626e-01
0.00000000e+00
-3.66825784e-02
-2.54004538e-01
-2.75920231e-01
-2.32716089e-01
1.77194694e-01
-5.43793969e-01
2.62343394e-01
-2.27438126e-01
-4.31718802e-01
-1.80485849e+00
0.00000000e+00
0.00000000e+00
0.00000000e+00
-1.32966018e-01
6.02782704e-01
-2.27789534e-01
4.75309361e-02
-1.79509426e+00
2.20667269e-01
3.40926098e-01
-8.76282509e-02
1.71224615e-01
0.00000000e+00
1.34955015e-01
5.53557273e-01
-1.32433318e+00
1.71336291e+00
-7.11200683e-01
6.33070887e-02
1.09955784e-02
-1.92993979e+00
3.93801299e-01
1.50982434e-01
2.26003176e-01
0.00000000e+00
0.00000000e+00
0.00000000e+00
1.16022259e-01
5.39726995e-02
-2.82961902e-02
2.38731634e-01
-5.54135286e-01
9.34974799e-02
1.80703296e-01
1.00158939e-01
5.89706113e-02
0.00000000e+00
-9.33236449e-02
-3.84681221e-02
-3.59947679e-02
-7.89865902e-02
1.31609843e-01
1.31823842e-01
1.77293021e-01
-1.40844751e-01
-2.07534769e-01
1.20803672e-01
-9.76499788e-01
-3.65760863e-01
0.00000000e+00
0.00000000e+00
5.32109215e-01
-1.38869701e-01
-1.52360752e-01
-7.45304101e-02
-3.96065451e-01
0.00000000e+00
0.00000000e+00
0.00000000e+00
7.45474896e-02
1.11705417e-01
1.59276909e-03
-5.05992419e-02
7.41292916e-01
-2.76234699e-01
-3.06840997e-01
-6.28660767e-01
-1.23234862e-01
0.00000000e+00
4.73306319e-01
-3.04508902e-01
1.32802689e-01
1.80202012e-01
-1.14272931e-01
-2.06719523e-01
-2.96392836e-01
1.60546237e-01
1.22274756e-01
-8.68712969e-02
-6.10738925e-01
0.00000000e+00
0.00000000e+00
5.81760512e-01
-8.28358701e-01
-4.30444413e-01
0.00000000e+00
0.00000000e+00
-4.62849371e-01
2.60698138e-02
-1.57394936e-01
-2.99119290e-01
-3.97914288e-01
0.00000000e+00
0.00000000e+00
0.00000000e+00
247
4.65396641e-01
0.00000000e+00
0.00000000e+00
0.00000000e+00
0.00000000e+00
0.00000000e+00
0.00000000e+00
0.00000000e+00
0.00000000e+00
6.50049925e-02
0.00000000e+00
0.00000000e+00
0.00000000e+00
0.00000000e+00
9.08866614e-02
3.74509980e-01
-6.58605095e-02
1.56747171e-01
-3.14405991e-01
1.08648629e-01
0.00000000e+00
0.00000000e+00
0.00000000e+00
2.12125415e-02
-6.05795214e-01
1.99227011e-01
9.73122680e-02
1.10798913e+00
0.00000000e+00
3.42482167e+00
-2.31683253e+00
9.86766399e-01
5.28527559e-01
-1.30939574e+00
0.00000000e+00
0.00000000e+00
0.00000000e+00
0.00000000e+00
0.00000000e+00
0.00000000e+00
0.00000000e+00
0.00000000e+00
0.00000000e+00
-1.92433603e-01
1.83760275e-03
7.43024831e-02
5.13526695e-03
-1.24397876e-01
7.31900383e-03
-1.04466072e-01
3.81630928e-01
1.88231785e-01
0.00000000e+00
0.00000000e+00
0.00000000e+00
0.00000000e+00
0.00000000e+00
0.00000000e+00
0.00000000e+00
2.65103298e+00
2.64768441e+00
7.39606806e-01
3.65518541e-01
1.26596540e-02
3.08068680e-01
-2.24174387e-01
-4.36602245e-01
5.72724355e-01
2.55809319e-01
-2.67071638e-01
-5.52942959e-01
-9.26522008e-01
-2.03271045e+00
0.00000000e+00
0.00000000e+00
0.00000000e+00
0.00000000e+00
0.00000000e+00
0.00000000e+00
3.03988470e-02
-3.96065519e-01
-3.60392448e-01
-1.82160696e-02
-7.25556857e-02
-1.36545689e+00
7.09798968e+00
7.09129427e+00
7.05761774e+00
7.12353573e+00
7.24620334e+00
6.97516175e+00
-2.59685337e-01
2.36001998e-01
1.70844135e-01
-4.04770165e-02
-6.02318513e-01
-6.10826884e-01
6.41083646e-01
-1.54110472e-01
-3.04552336e-01
-6.42965210e-01
-4.82971474e-01
-7.09313798e-01
7.65077048e-01
0.00000000e+00
0.00000000e+00
0.00000000e+00
-2.99680407e-01
3.52842576e-01
0.00000000e+00
0.00000000e+00
-1.00455170e+00
-1.18108463e+00
-1.04226449e+00
-1.14002327e+00
-2.18563633e+00
0.00000000e+00
0.00000000e+00
0.00000000e+00
-4.43850052e-01
-4.86094843e-01
-3.88995580e-01
-1.89816988e-01
5.62747263e-02
1.30759333e-01
-1.14987897e+00
-3.07329525e-01
6.15846986e-01
0.00000000e+00
-1.88924607e-01
8.38937418e-01
-6.72433692e-02
9.37401045e-01
-1.95385764e-01
-4.70706280e-01
3.72538139e-01
-1.78206324e+00
1.72115926e-01
3.60779315e-01
-1.29795225e+00
-6.82593576e-01
0.00000000e+00
1.09108126e-01
1.98557225e-01
-6.77776103e-03
0.00000000e+00
0.00000000e+00
0.00000000e+00
1.93128328e-01
3.68504509e-01
3.19636722e-01
3.73336791e-01
0.00000000e+00
4.51042324e-01
7.98233119e-01
2.09307766e-01
-4.97237279e-02
0.00000000e+00
2.84188665e-01
2.05138107e-01
-5.11498690e-01
3.33410242e-01
-7.94556082e-02
4.44514507e-01
2.48400673e-01
0.00000000e+00
2.83506637e-01
8.51220995e-02
-6.15358674e-01
1.34323521e+00
4.43569005e-01
2.13676553e-01
-8.87684085e-01
-3.21958125e-01
0.00000000e+00
-1.45053049e-01
1.20735393e-01
-5.65725959e-01
-5.78158157e-01
-2.05387674e-02
1.58651772e-01
-2.18228776e+00
0.00000000e+00
0.00000000e+00
0.00000000e+00
-2.44705493e-01
-5.05081134e-01
-6.34515226e-01
9.98592438e-02
-4.77480692e-01
2.07444320e-01
1.17495990e-01
-9.95811340e-02
-5.08506293e-01
0.00000000e+00
2.88503429e-01
2.18397296e-01
-9.01520282e-01
1.44666784e+00
2.07537515e-01
2.24928447e-01
8.18157715e-02
-2.10721955e+00
8.84956364e-02
3.15176555e-01
-1.11131586e+00
-5.48039147e-01
0.00000000e+00
0.00000000e+00
3.43995023e-01
4.66877961e-01
0.00000000e+00
0.00000000e+00
0.00000000e+00
-2.19019151e-02
9.29452996e-02
2.44418717e-01
3.54429717e-01
-1.63151147e-01
3.47794567e-01
3.98035222e-01
4.39752566e-01
3.15092522e-01
0.00000000e+00
-2.82870163e-01
9.18148646e-02
-7.11609509e-01
-1.00222231e-01
-3.39483510e-01
2.15031904e-01
1.74839630e-01
-3.21399257e-01
-2.09120174e-01
-5.75191432e-02
-5.63276710e-01
0.00000000e+00
0.00000000e+00
6.64208865e-01
-1.07097191e+00
-4.94225344e-01
0.00000000e+00
0.00000000e+00
0.00000000e+00
-5.76746564e-01
0.00000000e+00
0.00000000e+00
0.00000000e+00
4 2
7.7385e-01 2.2099e-02
2 -1
0 1 
217
-5.19045233e-01
2.40127702e-01
-3.13910437e-01
-9.67602545e-01
-7.44531394e-01
7.56037285e-01
2.77965093e-01
1.96870947e-02
3.02926477e-01
-6.72239633e-01
-5.53476685e-01
3.13255965e-01
0.00000000e+00
0.00000000e+00
0.00000000e+00
0.00000000e+00
0.00000000e+00
0.00000000e+00
0.00000000e+00
0.00000000e+00
0.00000000e+00
0.00000000e+00
0.00000000e+00
-5.19045233e-01
-1.78356572e-03
4.73624423e-01
-2.38076361e-01
8.70517927e-02
-3.68020665e-01
0.00000000e+00
0.00000000e+00
0.00000000e+00
0.00000000e+00
0.00000000e+00
0.00000000e+00
0.00000000e+00
-4.10855737e-01
-1.42629558e-01
3.44400618e-02
0.00000000e+00
0.00000000e+00
0.00000000e+00
0.00000000e+00
0.00000000e+00
-4.10855737e-01
6.45951679e-02
-2.07224725e-01
3.44400618e-02
0.00000000e+00
0.00000000e+00
0.00000000e+00
0.00000000e+00
0.00000000e+00
0.00000000e+00
0.00000000e+00
0.00000000e+00
0.00000000e+00
0.00000000e+00
0.00000000e+00
0.00000000e+00
3.44400618e-02
6.45951679e-02
-2.07224725e-01
-5.23732690e-01
-9.43477726e-02
-1.06314235e+00
4.16444319e-02
1.10825456e+00
5.73907978e-02
3.48864078e-01
0.00000000e+00
-3.46260569e-01
-5.10499829e-01
-3.49614131e-02
-5.37179182e-01
-1.37823251e-01
-2.08244337e-01
0.00000000e+00
0.00000000e+00
0.00000000e+00
0.00000000e+00
0.00000000e+00
0.00000000e+00
0.00000000e+00
0.00000000e+00
0.00000000e+00
0.00000000e+00
0.00000000e+00
0.00000000e+00
0.00000000e+00
0.00000000e+00
0.00000000e+00
0.00000000e+00
0.00000000e+00
0.00000000e+00
0.00000000e+00
0.00000000e+00
0.00000000e+00
0.00000000e+00
0.00000000e+00
0.00000000e+00
0.00000000e+00
0.00000000e+00
0.00000000e+00
0.00000000e+00
0.00000000e+00
0.00000000e+00
0.00000000e+00
0.00000000e+00
0.00000000e+00
0.00000000e+00
0.00000000e+00
0.00000000e+00
0.00000000e+00
0.00000000e+00
0.00000000e+00
0.00000000e+00
0.00000000e+00
0.00000000e+00
1.19440477e+00
1.04158601e+00
-1.93627711e-01
0.00000000e+00
0.00000000e+00
0.00000000e+00
-3.78233715e-01
-4.74299411e-01
-3.62329804e-02
1.66030626e-01
-3.62333251e-01
-2.76486722e-02
5.95763453e-02
-1.34393751e-01
-8.22721407e-02
0.00000000e+00
-3.51884142e-01
1.28615822e+00
-5.76700907e-01
1.14561155e+00
-3.31363996e-01
-5.49046649e-01
1.99894262e-01
-1.49217334e-01
7.12850949e-01
-3.10122714e-01
-2.56197875e-02
0.00000000e+00
0.00000000e+00
0.00000000e+00
3.05745308e-01
-6.55515470e-01
-7.62056908e-02
-3.62244435e-02
-8.90041037e-01
-2.86135756e-01
4.39505759e-01
5.70887468e-02
-4.63395084e-01
0.00000000e+00
1.86698232e-01
-4.60835395e-01
7.13322611e-03
2.21505761e-01
-2.26505855e-01
6.14785584e-01
5.17866622e-01
-9.94876120e-02
2.06604952e-01
6.11792364e-01
-7.80944625e-01
0.00000000e+00
0.00000000e+00
0.00000000e+00
2.02006454e-01
-1.03388443e+00
-1.02519356e+00
5.80315759e-01
-4.72769894e-01
8.57222612e-01
7.91528848e-01
3.48171019e-01
1.23838110e-02
0.00000000e+00
9.40307744e-02
-2.09555977e-01
-7.79162896e-01
7.50117119e-01
-5.79559406e-01
2.83615625e-02
-5.24896600e-02
-7.58469969e-01
5.15631665e-01
-4.96284572e-02
1.29091564e-01
0.00000000e+00
0.00000000e+00
0.00000000e+00
-4.39038327e-02
2.95448347e-01
4.85734782e-01
-1.81310924e-01
-6.97926501e-01
-2.66768062e-01
-1.37035964e-01
-6.81766988e-02
2.25513376e-02
0.00000000e+00
2.49288480e-01
4.42086101e-01
-4.26554924e-01
1.65306349e-01
6.78716482e-01
1.18489809e-01
2.19097508e-01
-8.32413631e-01
-6.92648110e-02
1.75727716e-01
136
-3.97005108e-01
0.00000000e+00
0.00000000e+00
0.00000000e+00
0.00000000e+00
0.00000000e+00
0.00000000e+00
-3.91918394e-01
2.37164053e-03
-4.10692650e-02
-3.46799853e-01
-9.13598925e-03
0.00000000e+00
0.00000000e+00
0.00000000e+00
0.00000000e+00
0.00000000e+00
0.00000000e+00
0.00000000e+00
-9.29565590e-02
-1.58402830e-01
-1.45645718e-01
0.00000000e+00
0.00000000e+00
0.00000000e+00
0.00000000e+00
0.00000000e+00
-9.29565590e-02
2.54146118e-01
-4.12548949e-01
-1.45645718e-01
0.00000000e+00
0.00000000e+00
0.00000000e+00
0.00000000e+00
0.00000000e+00
0.00000000e+00
0.00000000e+00
0.00000000e+00
0.00000000e+00
0.00000000e+00
0.00000000e+00
0.00000000e+00
0.00000000e+00
0.00000000e+00
0.00000000e+00
-2.99988348e-01
-2.05517160e-01
7.42572836e-01
-1.42874042e-01
-1.34346922e+00
0.00000000e+00
1.61189559e-01
2.83205321e-01
2.72936974e-01
-2.87269898e-01
0.00000000e+00
0.00000000e+00
0.00000000e+00
0.00000000e+00
-1.45645718e-01
2.54146118e-01
-4.12548949e-01
0.00000000e+00
0.00000000e+00
0.00000000e+00
0.00000000e+00
0.00000000e+00
0.00000000e+00
0.00000000e+00
0.00000000e+00
0.00000000e+00
0.00000000e+00
0.00000000e+00
0.00000000e+00
0.00000000e+00
0.00000000e+00
0.00000000e+00
0.00000000e+00
0.00000000e+00
0.00000000e+00
0.00000000e+00
0.00000000e+00
0.00000000e+00
0.00000000e+00
0.00000000e+00
4.47310782e-01
1.39415282e-01
-3.19668233e-01
0.00000000e+00
0.00000000e+00
0.00000000e+00
-1.17926789e-01
-4.24692733e-01
-3.90295799e-01
4.99399251e-02
-5.36850707e-01
-2.89838853e-01
-3.28554480e-01
-2.19478725e-01
4.80682472e-01
0.00000000e+00
6.44845700e-02
1.24220709e+00
-6.59641151e-01
9.13229551e-01
-1.94884698e-01
7.26532888e-02
3.67678114e-01
-1.12043857e+00
3.23075213e-01
4.48984054e-01
-9.58284299e-01
0.00000000e+00
0.00000000e+00
0.00000000e+00
1.22824616e-01
-1.29826821e+00
-3.78695482e-01
3.84611318e-01
-1.03188898e+00
4.43012243e-01
6.79270915e-01
1.84860409e-01
-4.90774580e-02
0.00000000e+00
3.52571811e-01
3.21000407e-01
-1.57071680e+00
1.47986305e+00
4.57421021e-01
4.10116003e-01
3.22747693e-01
-2.25297309e+00
1.39550498e-01
3.25485732e-01
2 1
3.5229e-01 1.8399e-01
3 1
0 1 4 
217
3.50447714e-01
-1.12816692e-01
-3.62355159e-01
-1.58192121e-01
-3.97763798e-01
1.37946526e+00
1.00023563e+00
-3.61312103e-01
6.12642635e-01
-5.37073115e-01
3.76006028e-01
2.59089590e-01
0.00000000e+00
0.00000000e+00
0.00000000e+00
0.00000000e+00
0.00000000e+00
4.47969360e-01
-3.32409623e-03
-2.63473838e-01
7.61904965e-01
-1.65276907e-02
-5.16734660e-01
-9.34573485e-01
1.02213454e-02
-2.56252994e-01
-8.77560144e-02
3.07097905e-01
1.31105823e-01
0.00000000e+00
0.00000000e+00
0.00000000e+00
0.00000000e+00
0.00000000e+00
0.00000000e+00
0.00000000e+00
-3.50069401e-01
-6.41428151e-02
3.65345138e-01
3.99314792e-01
0.00000000e+00
0.00000000e+00
0.00000000e+00
0.00000000e+00
-3.50069401e-01
1.51071417e-01
-7.68634270e-02
1.09483045e-01
-1.38350805e-01
7.86763119e-02
1.77185782e-01
3.99314792e-01
0.00000000e+00
0.00000000e+00
0.00000000e+00
0.00000000e+00
0.00000000e+00
0.00000000e+00
0.00000000e+00
0.00000000e+00
5.87474148e-01
1.51071417e-01
-3.80284510e-02
-3.06235501e-01
-8.18623501e-02
-9.54730935e-01
5.73326524e-01
1.07528691e+00
1.65219041e-01
1.04723132e+00
0.00000000e+00
-2.58672477e-01
-4.06578865e-01
3.14227630e-01
-4.06229554e-01
2.94892561e-01
8.68906328e-01
0.00000000e+00
-1.66378366e-01
-6.87138050e-01
3.27089222e-01
4.90880884e-01
1.89736858e-01
1.13981488e-01
0.00000000e+00
0.00000000e+00
0.00000000e+00
0.00000000e+00
0.00000000e+00
0.00000000e+00
0.00000000e+00
0.00000000e+00
0.00000000e+00
0.00000000e+00
0.00000000e+00
0.00000000e+00
0.00000000e+00
0.00000000e+00
0.00000000e+00
0.00000000e+00
0.00000000e+00
0.00000000e+00
0.00000000e+00
0.00000000e+00
0.00000000e+00
0.00000000e+00
0.00000000e+00
0.00000000e+00
0.00000000e+00
0.00000000e+00
0.00000000e+00
0.00000000e+00
0.00000000e+00
0.00000000e+00
0.00000000e+00
0.00000000e+00
0.00000000e+00
0.00000000e+00
0.00000000e+00
3.63419575e-01
5.40612533e-02
-4.77666879e-01
0.00000000e+00
0.00000000e+00
0.00000000e+00
-4.56309665e-01
-1.86456804e+00
7.27290069e-01
3.73739781e-01
-7.81545546e-01
-4.10776813e-01
-2.65321869e-01
-7.87900778e-01
1.09881849e+00
0.00000000e+00
-1.94369739e-01
9.97021961e-01
-3.38505139e-01
8.49671555e-01
-1.52514634e-01
5.20991731e-03
9.38072201e-01
-3.76905509e-01
6.81751526e-01
-5.20524650e-01
1.11631987e-01
0.00000000e+00
0.00000000e+00
0.00000000e+00
1.88475424e-01
1.07546668e+00
-7.59223716e-01
-1.37921423e-01
-6.79712743e-02
4.69902292e-01
1.79172670e-01
3.08974512e-01
-4.14447685e-01
0.00000000e+00
2.42141933e-02
2.59301731e-01
-3.71682700e-01
1.52564771e-02
-2.06826856e-01
1.34725923e-01
-2.89050109e-01
-7.86905341e-01
-1.74669638e-01
6.64840825e-01
-1.05061916e+00
0.00000000e+00
0.00000000e+00
0.00000000e+00
-5.26519632e-01
-1.02626528e+00
-5.42401645e-01
4.11854152e-01
-9.73963259e-01
2.23782845e-01
3.97759512e-01
2.50319902e-01
2.59133520e-01
0.00000000e+00
2.34911408e-01
5.43254367e-01
-6.67425061e-01
1.49979194e+00
4.12790806e-01
2.27410053e-01
-3.19839331e-02
-1.73085949e+00
2.08202130e-01
-2.20411493e-01
1.11161615e-01
0.00000000e+00
0.00000000e+00
0.00000000e+00
3.13378101e-01
8.33613657e-03
6.76415207e-02
-5.71920152e-02
-1.52562009e-01
1.05694570e-01
1.41884826e-01
1.02354026e-01
-4.36288089e-01
0.00000000e+00
-9.32398367e-02
-6.59623703e-02
-7.26071384e-01
-4.47663824e-02
-2.02260001e-01
2.50991867e-01
4.75082234e-01
-3.53595770e-02
1.89307958e-01
2.70192039e-01
136
-3.09535887e-01
0.00000000e+00
0.00000000e+00
1.83376916e-01
5.19705085e-04
3.35894966e-01
-1.20438604e-02
-8.35025079e-01
3.20470809e-03
-2.98319354e-01
6.36375211e-02
-7.48540545e-02
0.00000000e+00
0.00000000e+00
0.00000000e+00
0.00000000e+00
0.00000000e+00
0.00000000e+00
0.00000000e+00
0.00000000e+00
-1.50343660e-01
-5.22892078e-02
-1.06903020e-01
0.00000000e+00
0.00000000e+00
0.00000000e+00
0.00000000e+00
0.00000000e+00
-1.05986659e-01
-4.43570001e-02
1.01739611e-01
0.00000000e+00
3.97499334e-01
-5.51528153e-01
-1.06903020e-01
0.00000000e+00
0.00000000e+00
0.00000000e+00
0.00000000e+00
0.00000000e+00
0.00000000e+00
0.00000000e+00
0.00000000e+00
0.00000000e+00
0.00000000e+00
0.00000000e+00
-4.68995414e-01
-1.26889739e-01
8.03709536e-01
1.23113015e-02
-1.26013463e+00
0.00000000e+00
2.91512674e-01
1.47344939e-01
2.77648570e-01
-2.68835219e-01
0.00000000e+00
-4.86040481e-02
6.87648700e-01
6.48118689e-02
-1.02178783e+00
-1.05986659e-01
-5.95885153e-01
0.00000000e+00
0.00000000e+00
0.00000000e+00
0.00000000e+00
0.00000000e+00
0.00000000e+00
0.00000000e+00
0.00000000e+00
0.00000000e+00
0.00000000e+00
0.00000000e+00
0.00000000e+00
0.00000000e+00
0.00000000e+00
0.00000000e+00
0.00000000e+00
0.00000000e+00
0.00000000e+00
0.00000000e+00
0.00000000e+00
0.00000000e+00
0.00000000e+00
0.00000000e+00
6.69223789e-01
2.79979866e-01
-2.93298233e-01
0.00000000e+00
0.00000000e+00
0.00000000e+00
-1.71204603e-01
-7.18993304e-01
-3.37022235e-01
8.59481879e-02
-8.65860454e-01
-5.91788680e-01
-1.09309879e-01
-2.06210778e-01
4.37744712e-01
0.00000000e+00
8.10621836e-02
1.09624157e+00
-4.94990552e-01
1.02862376e+00
-1.88573482e-01
1.06627887e-01
5.12390145e-01
-1.06104026e+00
5.60021723e-01
5.43035820e-01
-8.99648028e-01
0.00000000e+00
0.00000000e+00
0.00000000e+00
1.41399583e-01
-9.17023632e-01
-2.75193327e-01
3.81976384e-01
-1.24560406e+00
3.56247469e-01
6.68490394e-01
1.42600191e-01
-2.28625505e-02
0.00000000e+00
4.88211215e-01
3.75984624e-01
-1.52687995e+00
1.36101115e+00
6.19666387e-01
2.40693214e-01
2.92474664e-01
-2.44795090e+00
7.71092548e-02
3.90001866e-01
7 1
1.0662e-01 3.3315e-01
4 1
0 1 4 2 
217
3.95107682e-02
-3.38559981e-01
-2.66637271e-01
-1.94978201e-01
-5.46901533e-01
9.29090529e-01
4.66311454e-01
-2.61760118e-01
9.72455610e-02
-1.02579731e-01
3.12978736e-02
-2.14403008e-01
0.00000000e+00
0.00000000e+00
0.00000000e+00
0.00000000e+00
0.00000000e+00
-6.20849595e-01
2.04181192e-02
1.84039222e-01
9.89324839e-01
-1.12891140e-02
4.04561841e-01
-3.25322033e-01
3.26960852e-03
4.83010398e-01
-1.71903022e-01
8.73176819e-02
1.24096108e-01
0.00000000e+00
0.00000000e+00
0.00000000e+00
0.00000000e+00
0.00000000e+00
0.00000000e+00
0.00000000e+00
0.00000000e+00
-2.01008979e-01
-2.36079603e-01
1.70394818e-01
3.06204533e-01
0.00000000e+00
0.00000000e+00
0.00000000e+00
0.00000000e+00
4.53677674e-02
-3.45933273e-01
-1.65700333e-02
0.00000000e+00
9.72742092e-02
1.83070372e-02
1.15164406e-02
0.00000000e+00
-3.40301053e-01
-1.79386077e-01
5.92658137e-01
0.00000000e+00
-1.00102627e-01
-3.33677133e-01
3.06204533e-01
5.50679607e-01
4.53677674e-02
-5.56536606e-01
-3.55527856e-01
-2.01008751e-01
-8.47212981e-01
3.63891479e-01
5.96329004e-01
2.32155896e-01
1.35874980e+00
0.00000000e+00
-1.36088631e-02
-1.41576219e-01
2.53563654e-01
-1.18979822e-01
-2.00444023e-01
8.68508418e-01
0.00000000e+00
-1.44608005e-01
-6.30889377e-01
1.76703381e-01
5.59576338e-01
7.41539228e-03
1.17610962e-01
0.00000000e+00
-1.88837323e-01
-1.34715368e-01
2.02008775e-01
-8.25387213e-01
2.75398452e-02
-1.76303817e-01
0.00000000e+00
0.00000000e+00
0.00000000e+00
0.00000000e+00
0.00000000e+00
0.00000000e+00
0.00000000e+00
0.00000000e+00
0.00000000e+00
0.00000000e+00
0.00000000e+00
0.00000000e+00
0.00000000e+00
0.00000000e+00
0.00000000e+00
0.00000000e+00
0.00000000e+00
0.00000000e+00
0.00000000e+00
0.00000000e+00
0.00000000e+00
0.00000000e+00
0.00000000e+00
0.00000000e+00
0.00000000e+00
0.00000000e+00
0.00000000e+00
0.00000000e+00
6.17295511e-01
3.30442239e-01
6.91560941e-02
0.00000000e+00
0.00000000e+00
0.00000000e+00
-4.31140156e-01
-6.21696935e-01
-1.82829193e-01
5.34412400e-01
-8.73728515e-01
3.87422289e-01
-3.88653073e-01
-3.96991864e-01
6.09057060e-01
0.00000000e+00
-2.57734090e-01
1.34196979e+00
-5.07612473e-01
1.06913204e+00
-5.00234779e-01
2.28689783e-01
3.48284491e-01
-1.07287387e+00
4.85278184e-01
2.98405002e-01
-2.28075872e-01
0.00000000e+00
0.00000000e+00
0.00000000e+00
8.61268617e-02
2.40122856e-01
-1.43529473e-01
-3.68645651e-01
4.68653281e-01
-6.71536568e-01
-3.07309776e-02
1.33577795e-01
-2.85408066e-01
0.00000000e+00
2.09148303e-01
-2.21887341e-01
1.62643615e-01
-2.52429964e-01
4.14368545e-01
-1.51415379e-01
-1.83064081e-02
-4.60254098e-02
1.18236235e-01
1.28961876e-01
-6.63406003e-01
0.00000000e+00
0.00000000e+00
0.00000000e+00
9.85170181e-02
-1.40435432e+00
-2.19884837e-01
4.13485556e-01
-7.80229786e-01
3.56509366e-01
5.42210018e-01
1.15357772e-01
-3.12472611e-01
0.00000000e+00
-2.38058556e-01
2.20261514e-01
-1.16459457e+00
1.36805018e+00
1.70306909e-01
5.25073540e-01
2.36072049e-01
-1.29313872e+00
2.46547004e-01
4.56936473e-01
-1.95612033e-01
0.00000000e+00
0.00000000e+00
0.00000000e+00
1.13238175e-02
9.33724774e-02
-3.15437401e-01
1.60778011e-01
-1.03139179e+00
8.39040563e-02
8.80509979e-02
1.44750788e-01
2.96416662e-01
0.00000000e+00
7.22651479e-01
1.31170475e-01
-1.61418772e-01
1.95218963e-01
4.06586165e-01
-1.78839335e-01
1.34073264e-01
-8.52216398e-01
4.29403848e-02
-1.67545881e-01
136
-2.20816125e-01
0.00000000e+00
0.00000000e+00
5.68804936e-01
-6.79336785e-03
4.41069073e-02
-3.81110586e-03
-9.04418643e-01
4.32144270e-03
-2.86037250e-01
5.08529676e-02
1.43681575e-02
0.00000000e+00
0.00000000e+00
0.00000000e+00
0.00000000e+00
0.00000000e+00
0.00000000e+00
0.00000000e+00
0.00000000e+00
5.17187669e-02
-1.39796573e-01
-1.20891625e-01
-1.18466938e-02
0.00000000e+00
0.00000000e+00
0.00000000e+00
0.00000000e+00
-7.49131426e-02
2.34461141e-01
-2.16483641e-01
0.00000000e+00
3.87724814e-01
-5.62799564e-02
-3.69015285e-01
-1.07829232e-01
1.47398376e-01
-3.37691978e-01
1.92768942e-01
-6.44641885e-02
2.39238807e-01
-1.83884089e-01
-1.18466938e-02
0.00000000e+00
0.00000000e+00
0.00000000e+00
-3.74998852e-01
-1.40689450e-01
7.03231901e-01
7.51968428e-02
-1.09782393e+00
0.00000000e+00
5.27155434e-01
4.61074490e-01
3.05400477e-01
2.45831137e-01
0.00000000e+00
-1.62289532e-01
7.25520040e-01
4.64218330e-02
-7.37529561e-01
-4.94379076e-02
-6.35669607e-01
-6.91112498e-01
1.87214430e-01
3.37853911e-02
0.00000000e+00
0.00000000e+00
0.00000000e+00
0.00000000e+00
0.00000000e+00
0.00000000e+00
0.00000000e+00
0.00000000e+00
0.00000000e+00
0.00000000e+00
0.00000000e+00
0.00000000e+00
0.00000000e+00
0.00000000e+00
0.00000000e+00
0.00000000e+00
0.00000000e+00
0.00000000e+00
0.00000000e+00
0.00000000e+00
4.68939020e-01
2.14296836e-01
-3.86476706e-01
0.00000000e+00
0.00000000e+00
0.00000000e+00
-1.23912607e-01
-6.90087924e-01
-3.88053977e-01
1.74468056e-02
-9.31739169e-01
-1.13765621e-01
-1.05238621e-01
-2.16236126e-01
5.84802056e-01
0.00000000e+00
-1.16366849e-01
1.16008706e+00
-6.87033905e-01
9.86904514e-01
-2.67383853e-01
1.04582730e-01
4.72324046e-01
-1.17989051e+00
4.89728159e-01
6.17357084e-01
-9.17971155e-01
0.00000000e+00
0.00000000e+00
0.00000000e+00
1.12645033e-01
-9.91164320e-01
-1.40496422e-01
3.86332431e-01
-1.11590979e+00
3.42691191e-01
7.13895852e-01
1.19973667e-01
-8.28513521e-02
0.00000000e+00
3.13948380e-01
3.70322113e-01
-1.47195518e+00
1.23881637e+00
4.41259054e-01
3.98644396e-01
3.43242360e-01
-2.37962369e+00
1.46703197e-01
3.35555555e-01
9 1
-1.1622e-01 3.7850e-01
5 1
0 1 4 2 7 
217
-1.34953370e-01
-5.19611327e-01
2.01594057e-01
-3.16007741e-01
-2.88733581e-01
6.28233487e-01
2.50736581e-01
-2.79605960e-01
1.92583644e-01
-3.09380027e-01
3.69125874e-02
3.22002408e-02
0.00000000e+00
0.00000000e+00
0.00000000e+00
0.00000000e+00
0.00000000e+00
-1.79513036e-01
1.15335542e-02
-1.20897660e-01
6.69458086e-01
-1.31872127e-02
-3.61069865e-01
-6.22237336e-01
5.49382450e-03
-1.68875283e-01
-4.31167334e-01
1.91909829e-01
1.04304135e-01
0.00000000e+00
0.00000000e+00
0.00000000e+00
0.00000000e+00
0.00000000e+00
0.00000000e+00
0.00000000e+00
0.00000000e+00
-1.86310321e-01
-3.87548824e-01
7.97340651e-02
3.28095446e-01
3.10762637e-02
0.00000000e+00
0.00000000e+00
0.00000000e+00
4.03603567e-01
4.45741583e-01
-3.48426556e-01
0.00000000e+00
2.33241732e-01
3.48066259e-01
-1.13916507e+00
0.00000000e+00
7.21481021e-02
5.29156806e-02
2.35633088e-01
0.00000000e+00
2.26473040e-01
2.51624786e-01
7.96859112e-01
5.30325573e-01
-4.99585586e-02
-6.15320384e-01
-4.87897880e-01
-1.27422505e-01
-9.96263202e-01
1.88078269e-01
9.95354918e-01
2.92288745e-01
9.90356230e-01
0.00000000e+00
-7.78202252e-01
-4.60867230e-02
4.35761797e-01
-1.83687187e-01
2.07487084e-01
6.75398692e-01
0.00000000e+00
-5.69492137e-01
-2.76111538e-01
5.42987371e-02
7.23357720e-01
3.80240030e-01
7.44176251e-01
0.00000000e+00
-5.69384854e-02
-7.30199512e-02
8.46964338e-02
-1.09769716e+00
-1.62711319e-01
1.23658439e-01
0.00000000e+00
5.99629078e-01
-2.03855231e-02
-4.63042884e-01
-4.39254666e-01
-2.71539565e-01
-1.89090963e-01
0.00000000e+00
0.00000000e+00
0.00000000e+00
0.00000000e+00
0.00000000e+00
0.00000000e+00
0.00000000e+00
0.00000000e+00
0.00000000e+00
0.00000000e+00
0.00000000e+00
0.00000000e+00
0.00000000e+00
0.00000000e+00
0.00000000e+00
0.00000000e+00
0.00000000e+00
0.00000000e+00
0.00000000e+00
0.00000000e+00
0.00000000e+00
5.99987026e-01
1.73015828e-01
-5.37747305e-01
0.00000000e+00
0.00000000e+00
0.00000000e+00
-8.89876713e-02
-8.73696254e-01
-3.50598981e-02
5.47877089e-01
2.00961627e-01
-2.64527565e-01
1.42765186e-01
-1.02209859e+00
-2.47740021e-01
0.00000000e+00
-1.63819227e-01
1.14626450e+00
-4.25030433e-01
3.12433774e-01
6.75537686e-01
1.56249393e-01
8.78397453e-02
-1.97277710e-01
-5.42125457e-01
5.26865247e-02
4.07304913e-02
0.00000000e+00
0.00000000e+00
0.00000000e+00
-3.59970241e-01
8.63172474e-01
-1.47400303e-01
9.16045229e-02
-3.97803952e-01
3.21366905e-01
-2.93020664e-01
5.83041252e-01
-2.77754147e-02
0.00000000e+00
-1.17301355e-01
2.07390910e-01
-2.14862175e-01
2.93886501e-01
-1.29694661e+00
3.02048456e-01
4.83009951e-01
-7.95409368e-01
3.86119917e-01
1.59579682e-01
-9.78112430e-01
0.00000000e+00
0.00000000e+00
0.00000000e+00
-7.77259746e-01
-7.45440590e-01
-7.41703515e-02
5.52410287e-01
-2.99227252e-01
3.04780458e-01
8.12241000e-01
2.75004052e-01
2.41331255e-01
0.00000000e+00
1.35999568e-01
9.33979945e-01
-1.61669644e+00
1.65898053e+00
6.62097440e-02
2.06886540e-01
1.61546797e-01
-2.24554636e+00
2.28468651e-01
-7.97610518e-01
6.10243078e-02
0.00000000e+00
0.00000000e+00
0.00000000e+00
6.76065582e-01
-6.98048716e-01
-5.84858764e-01
-1.21494721e-01
-5.81320981e-01
1.60697131e-01
-3.99126236e-02
-3.52233863e-02
-3.31058409e-01
0.00000000e+00
7.65362890e-02
-1.46082958e-01
9.37182871e-02
-7.17956721e-03
1.88813082e-01
1.23083295e-01
3.68160551e-01
3.36811513e-01
8.77518363e-02
4.94566869e-01
136
-3.13345031e-01
0.00000000e+00
0.00000000e+00
1.84531706e-01
-8.38528951e-04
2.79392548e-01
-1.03657237e-02
-8.10335125e-01
3.63144525e-03
-3.20587516e-01
2.07403382e-02
-1.34978533e-02
0.00000000e+00
0.00000000e+00
0.00000000e+00
0.00000000e+00
0.00000000e+00
0.00000000e+00
0.00000000e+00
0.00000000e+00
3.32133733e-01
-2.63583254e-01
-1.83741775e-01
-1.47952057e-01
-5.02016773e-02
0.00000000e+00
0.00000000e+00
0.00000000e+00
5.36128224e-01
-1.42827215e-01
-2.48126900e-01
0.00000000e+00
2.85207066e-01
-2.57995726e-02
-4.35921281e-01
-2.41547285e-01
-4.89132298e-02
-1.43363799e-01
2.30706824e-01
3.87269673e-02
1.69822101e-02
-9.00383426e-02
-4.45586970e-02
0.00000000e+00
0.00000000e+00
0.00000000e+00
-4.25979875e-01
-1.78869372e-01
8.45043872e-01
9.91631723e-02
-1.04876620e+00
0.00000000e+00
5.86583952e-01
3.62731843e-01
3.13786097e-01
-1.09586984e-01
0.00000000e+00
-5.79433809e-02
6.56518027e-01
6.19866750e-02
-8.19313144e-01
-1.41454215e+00
-6.33128300e-01
-6.40069643e-01
1.77902340e-01
-3.19369515e-02
0.00000000e+00
1.29897917e-01
-3.32644743e-01
2.17233801e-02
-3.26963383e-01
0.00000000e+00
0.00000000e+00
0.00000000e+00
0.00000000e+00
0.00000000e+00
0.00000000e+00
0.00000000e+00
0.00000000e+00
0.00000000e+00
0.00000000e+00
0.00000000e+00
0.00000000e+00
0.00000000e+00
0.00000000e+00
0.00000000e+00
5.73916160e-01
2.75188463e-01
-2.89403155e-01
0.00000000e+00
0.00000000e+00
0.00000000e+00
-1.13783029e-01
-7.98994579e-01
-3.52037663e-01
1.91304986e-02
-8.31192907e-01
-3.33587187e-01
-1.24429805e-01
-2.02029445e-01
5.63732698e-01
0.00000000e+00
4.41373108e-02
1.11710504e+00
-6.33724801e-01
1.03914351e+00
-1.59206975e-01
1.05302960e-01
4.67330737e-01
-1.22669845e+00
5.46634474e-01
5.83764450e-01
-9.14508741e-01
0.00000000e+00
0.00000000e+00
0.00000000e+00
1.52010863e-01
-1.02240610e+00
-2.16416605e-01
4.11444318e-01
-1.23557947e+00
2.90446999e-01
6.49360602e-01
1.73202658e-01
-2.60532464e-02
0.00000000e+00
4.57083441e-01
3.36116870e-01
-1.51787447e+00
1.39516521e+00
5.21067514e-01
3.56798411e-01
2.98568266e-01
-2.46851687e+00
1.39360662e-01
3.91712217e-01
5 1
-3.5111e-01 3.8985e-01
6 0
0 1 4 2 7 9 
217
1.96745860e-01
-4.04411716e-01
-4.52847170e-01
-1.54287156e-01
-1.81998713e-01
7.59236263e-01
5.51267043e-01
7.93634431e-02
6.59911019e-02
2.59256162e-01
-1.31179203e-01
-1.47240806e-01
0.00000000e+00
0.00000000e+00
5.28121838e-01
-1.33288153e-02
4.41869069e-01
-1.00145601e-02
-1.94631127e-03
1.35493918e-01
-3.21361418e-01
3.58859232e-03
2.25571005e-01
0.00000000e+00
0.00000000e+00
0.00000000e+00
-3.46137390e-01
6.14771879e-02
4.81406062e-01
0.00000000e+00
0.00000000e+00
0.00000000e+00
0.00000000e+00
0.00000000e+00
0.00000000e+00
0.00000000e+00
0.00000000e+00
-4.50260747e-01
-1.02834747e-02
2.77725944e-01
2.68194980e-01
6.21501194e-01
0.00000000e+00
0.00000000e+00
0.00000000e+00
-7.42335388e-02
4.42405553e-02
-6.60966730e-01
0.00000000e+00
1.95807982e-01
6.25507418e-01
-3.62826528e-01
6.36844594e-01
1.80169630e-01
-5.22643621e-01
7.05610549e-01
0.00000000e+00
1.16190344e-01
5.18631056e-01
4.55487876e-01
6.68852074e-02
4.88354377e-01
-3.58493724e-01
0.00000000e+00
-3.58493724e-01
-1.41385044e+00
5.22788430e-01
9.67963384e-01
3.24511540e-02
9.11958288e-01
0.00000000e+00
-6.06294716e-01
-1.69301435e-01
8.37936539e-01
-2.42435824e-01
-3.48959631e-02
1.24311645e+00
0.00000000e+00
3.09021439e-01
-1.01168673e-01
-1.16699061e-01
7.48967193e-01
4.42348247e-03
1.77674182e-01
0.00000000e+00
-2.32470842e-01
-6.56707415e-02
2.72221953e-01
-5.51837810e-01
1.56994749e-01
-1.24513687e-01
0.00000000e+00
4.78373872e-01
-4.72275694e-01
-9.27021789e-02
-1.57613447e-01
-1.88925833e-01
-5.24246886e-01
0.00000000e+00
1.08495325e-01
-4.71029190e-01
4.28426400e-02
-4.27861724e-01
4.54078953e-02
7.80169627e-01
0.00000000e+00
0.00000000e+00
0.00000000e+00
0.00000000e+00
0.00000000e+00
0.00000000e+00
0.00000000e+00
0.00000000e+00
0.00000000e+00
0.00000000e+00
0.00000000e+00
0.00000000e+00
0.00000000e+00
0.00000000e+00
5.23685776e-01
1.92694870e-02
1.17194063e-01
0.00000000e+00
0.00000000e+00
0.00000000e+00
-3.36253121e-01
-2.33098798e-01
-6.96657569e-01
-4.27941996e-01
-6.92678582e-01
1.08594218e-01
-3.19245040e-02
-5.87480356e-01
1.71962646e+00
0.00000000e+00
-3.36066630e-01
9.25803303e-01
-1.22078531e+00
9.86129280e-01
1.16031481e+00
-2.59912081e-01
5.59267310e-01
-1.58233129e+00
6.43761743e-01
4.18827172e-01
-5.73127143e-01
0.00000000e+00
0.00000000e+00
0.00000000e+00
6.42294263e-01
-1.38815948e-01
2.09057073e-01
8.39166010e-01
-1.18385550e+00
1.57782964e-01
4.52061356e-01
4.18561113e-01
-4.11238702e-01
0.00000000e+00
7.19816933e-01
-2.19145355e-01
-1.14305464e-01
2.31401846e-01
-1.42266268e+00
2.25448863e-01
-7.46005111e-01
2.35354639e-01
-4.06122013e-01
-6.19214225e-02
-9.51653928e-01
0.00000000e+00
0.00000000e+00
0.00000000e+00
8.06345731e-03
-2.13266582e+00
-2.71880135e-01
8.51081102e-01
-1.26155386e+00
6.42214878e-01
1.03337372e+00
-5.43798297e-02
-4.55083247e-01
0.00000000e+00
7.85112650e-02
-2.08267285e-01
-1.51689019e+00
2.15451057e+00
3.61553190e-01
5.77308217e-01
3.24089017e-01
-2.05573629e+00
6.63671520e-01
3.10425791e-01
-1.48510877e-01
0.00000000e+00
0.00000000e+00
0.00000000e+00
-3.21935123e-01
7.23265937e-01
3.72911652e-03
9.54531437e-02
1.69698355e-02
-9.77795365e-01
-1.38732237e-01
1.10030282e-01
1.06190342e-01
0.00000000e+00
2.68818637e-01
2.72438654e-01
2.92383947e-01
-4.31323687e-01
-5.41867867e-02
2.09015399e-01
4.78898699e-01
-3.02246708e-01
-4.44529864e-01
-5.49550990e-02
136
-4.27551246e-01
-3.27699727e-01
1.75896570e-02
-4.12287432e-02
8.34799216e-04
-5.86227764e-02
-2.14710077e-03
0.00000000e+00
0.00000000e+00
-8.29496437e-01
1.04370340e-01
2.97574852e-01
0.00000000e+00
0.00000000e+00
0.00000000e+00
0.00000000e+00
0.00000000e+00
0.00000000e+00
0.00000000e+00
0.00000000e+00
-1.22907292e-01
-2.00019299e-01
1.11515494e-03
9.17096665e-02
-1.23048197e-01
-7.44012790e-02
0.00000000e+00
0.00000000e+00
3.72676259e-01
3.82776639e-02
-3.29372133e-01
0.00000000e+00
1.42819772e-01
-1.23393492e-01
-2.98413161e-01
-1.22411228e-01
-1.56211669e-01
-3.25590873e-01
1.27205340e-01
1.43069488e-01
1.28733600e-01
-3.49166711e-01
3.24225898e-01
0.00000000e+00
0.00000000e+00
0.00000000e+00
0.00000000e+00
9.98006883e-01
7.89201892e-01
2.02016950e-01
-7.76137247e-01
0.00000000e+00
5.08676222e-01
2.98466247e-01
2.88799976e-01
-7.21534088e-02
0.00000000e+00
-3.95426640e-01
6.76488006e-01
-7.07215383e-02
-7.38576423e-01
-8.02491563e-01
-9.36620243e-01
-6.95068034e-01
7.55578412e-02
-5.07091578e-02
0.00000000e+00
1.04494922e-01
-4.06450054e-01
-8.21172049e-03
-1.96681355e-01
0.00000000e+00
-6.32021318e-01
-2.42868790e-01
-1.47810843e-01
-3.85650074e-01
0.00000000e+00
0.00000000e+00
0.00000000e+00
0.00000000e+00
0.00000000e+00
0.00000000e+00
0.00000000e+00
0.00000000e+00
0.00000000e+00
0.00000000e+00
1.25896795e+00
3.96995901e-01
-2.23686568e-02
0.00000000e+00
0.00000000e+00
0.00000000e+00
1.71071309e-01
-7.65355177e-01
-3.09636054e-01
1.67890336e-01
-6.42757678e-01
-3.35278849e-01
-1.05118347e-01
2.32950763e-01
-5.25177986e-01
0.00000000e+00
4.13373154e-01
4.63555424e-01
-8.18150546e-01
1.05849814e+00
-3.80270380e-02
2.84588937e-01
5.37102625e-01
-9.28122912e-01
5.08875145e-01
6.07350093e-01
-9.15013118e-01
0.00000000e+00
0.00000000e+00
0.00000000e+00
1.79097761e-01
-1.00374336e+00
-3.27165931e-01
5.22450237e-01
-1.14454423e+00
4.66478845e-01
8.21469417e-01
2.07015015e-01
5.11420213e-02
0.00000000e+00
2.20273857e-01
4.41633433e-01
-1.42506898e+00
1.45391769e+00
4.43873301e-01
4.10011483e-01
1.58604885e-01
-2.51065755e+00
-4.19938117e-02
1.62192801e-01
12 1
-4.5612e-01 4.5424e-01
7 1
0 1 4 2 7 9 5 
217
1.70389257e-01
-4.43775444e-01
-3.71851322e-01
1.23257352e-01
-2.45928030e-01
4.17804731e-01
2.40220213e-01
-3.17325862e-01
-5.41560913e-02
5.31572052e-02
3.57879591e-01
-1.27923953e-01
0.00000000e+00
0.00000000e+00
0.00000000e+00
0.00000000e+00
0.00000000e+00
-1.19513811e+00
2.89589001e-02
-3.10465327e-02
1.20599148e+00
-6.19541438e-03
2.91103987e-01
2.46513853e-01
-2.01457932e-04
4.51588746e-01
1.98801184e-03
-5.65084063e-02
2.24909652e-01
0.00000000e+00
0.00000000e+00
0.00000000e+00
0.00000000e+00
0.00000000e+00
0.00000000e+00
0.00000000e+00
0.00000000e+00
-1.54737750e-01
-5.02625005e-01
-1.79303155e-01
1.67866603e-01
3.87229064e-01
6.55066189e-01
0.00000000e+00
0.00000000e+00
7.38716945e-02
-2.13726918e-01
1.61346074e-01
0.00000000e+00
1.07430408e-01
-1.83254315e-01
-9.98911524e-02
0.00000000e+00
-7.18651659e-02
-1.77578766e-01
8.42358071e-01
0.00000000e+00
3.43342798e-01
-4.93711835e-01
5.64093343e-01
-1.51681882e-01
-3.02993991e-01
6.25065130e-01
-1.06996550e+00
-6.80331317e-01
-5.62906331e-01
1.04440038e+00
7.14590603e-01
8.76285691e-01
6.90589466e-01
0.00000000e+00
-2.29245245e-01
-2.86511651e-01
4.70387470e-01
-3.88544131e-01
-7.07529678e-02
1.18733998e+00
0.00000000e+00
-3.27391889e-01
-8.30145729e-01
3.05329622e-01
5.19982220e-01
1.92451524e-01
3.29563821e-01
0.00000000e+00
-6.72462426e-02
-3.14000978e-02
3.85759395e-01
-4.74366907e-01
-6.11459288e-02
-3.45905011e-01
0.00000000e+00
5.16846997e-01
6.86497519e-02
-1.58896936e-01
-1.38639065e-01
-1.87560804e-01
-7.11712281e-05
0.00000000e+00
4.63016246e-01
-3.99896516e-01
3.57278467e-02
-1.49168568e-01
-2.41376869e-01
-2.19827064e-01
-1.89034486e-01
-4.68332656e-01
-4.91559944e-01
5.34884208e-01
-9.05984487e-02
2.92872192e-01
6.99001389e-03
0.00000000e+00
0.00000000e+00
0.00000000e+00
0.00000000e+00
0.00000000e+00
0.00000000e+00
0.00000000e+00
8.63910605e-01
2.65701950e-01
3.53286747e-01
0.00000000e+00
0.00000000e+00
0.00000000e+00
-1.32610265e-01
-3.06801233e-01
-4.37161877e-01
3.80384262e-01
-3.64851142e-01
9.66494888e-02
1.46528030e-01
-2.83360209e-01
5.20812541e-01
0.00000000e+00
-3.56593464e-01
1.27834898e+00
-1.02657849e+00
1.41242343e+00
-3.73116998e-01
3.09757295e-01
5.68923577e-01
-1.06346013e+00
2.01931124e-01
-2.17938171e-01
-6.31872969e-01
0.00000000e+00
0.00000000e+00
0.00000000e+00
-3.23771379e-01
4.35882363e-01
1.91671178e-01
-1.52885476e-01
-2.24627791e-02
-6.82822482e-01
-5.21056863e-01
9.76257930e-02
1.36624276e-02
0.00000000e+00
5.30293616e-01
-4.52784849e-01
5.15207828e-01
-4.27452269e-01
6.47505054e-01
-7.28298004e-01
7.00861993e-02
-2.82073092e-01
-8.35649246e-02
5.43364689e-01
-6.57583127e-01
0.00000000e+00
0.00000000e+00
0.00000000e+00
6.23172634e-03
-1.76460560e+00
-7.60836270e-01
7.02570118e-01
-1.03355653e+00
4.96817057e-01
8.89074072e-01
-2.56100149e-01
5.41146775e-01
0.00000000e+00
-3.72363971e-01
8.38349256e-02
-9.46513605e-01
1.55852498e+00
5.32789211e-01
4.91383949e-01
6.40691225e-01
-1.53926868e+00
-3.47065657e-01
4.19663298e-01
-3.25207437e-01
0.00000000e+00
0.00000000e+00
0.00000000e+00
1.14645378e-01
8.21605851e-01
-1.25968146e-01
-1.72776680e-01
-1.08514511e-01
-3.32801036e-01
-2.93500934e-01
2.74614422e-01
-7.58275704e-01
0.00000000e+00
8.98774520e-01
2.54508782e-01
-6.81517272e-01
-2.52045409e-01
2.33528771e-01
-2.81226448e-01
-1.32321951e-01
-7.04180746e-01
9.00274627e-01
1.99690465e-02
136
-3.22332743e-01
0.00000000e+00
0.00000000e+00
7.29862754e-01
-1.27602075e-02
-4.98028908e-02
-6.26832428e-03
-1.06510996e+00
3.18172653e-03
-2.86052518e-01
-9.88546281e-03
-2.63947614e-02
0.00000000e+00
0.00000000e+00
0.00000000e+00
0.00000000e+00
0.00000000e+00
0.00000000e+00
0.00000000e+00
0.00000000e+00
7.13819857e-02
-2.01485928e-01
-1.31875987e-01
3.46967788e-02
1.41960811e-02
-2.63420178e-02
-8.29036556e-02
0.00000000e+00
3.96392982e-01
-6.55171581e-02
-2.51092063e-01
0.00000000e+00
1.83988240e-01
-1.66225201e-01
-3.82956251e-01
-7.73094014e-02
-3.54187385e-02
-2.71058515e-01
2.22051379e-01
-4.75086892e-03
2.87969769e-01
-1.89973273e-01
3.15663582e-02
0.00000000e+00
0.00000000e+00
0.00000000e+00
-4.92667640e-01
-2.82166778e-01
8.33794009e-01
1.13235085e-01
-1.09177763e+00
0.00000000e+00
7.50871981e-01
3.56209556e-01
3.28368112e-01
-1.04091493e-01
0.00000000e+00
-8.19515161e-02
6.40486546e-01
4.57830209e-02
-7.00113090e-01
-9.99916723e-01
5.48253378e-02
-5.05272261e-01
2.29745826e-01
1.69318114e-02
0.00000000e+00
2.15390825e-02
-2.47047024e-01
-1.97529199e-02
-4.27457900e-01
0.00000000e+00
-5.03431856e-01
-1.84233167e-01
-1.13700796e-01
-2.76270637e-01
-1.53752624e-02
-1.42847327e-01
-3.42419987e-01
1.80909242e-01
-1.61090000e-01
0.00000000e+00
0.00000000e+00
0.00000000e+00
0.00000000e+00
0.00000000e+00
5.03487897e-01
2.95250774e-01
-3.43165189e-01
0.00000000e+00
0.00000000e+00
0.00000000e+00
-1.66707910e-01
-6.74637091e-01
-3.62022041e-01
2.26935942e-02
-8.22918773e-01
-4.81848910e-02
-2.27002521e-01
-2.63210216e-01
4.45501971e-01
0.00000000e+00
-1.84367563e-02
1.23695482e+00
-6.84123547e-01
9.45075979e-01
-3.23107209e-01
8.14269402e-02
4.70240135e-01
-1.12806915e+00
5.75961853e-01
5.97399622e-01
-8.71003910e-01
0.00000000e+00
0.00000000e+00
0.00000000e+00
1.16444885e-01
-1.00298652e+00
-2.23785759e-01
4.14820373e-01
-1.30168614e+00
3.69415306e-01
6.67839346e-01
2.20429021e-01
-3.28823898e-03
0.00000000e+00
3.08561985e-01
3.60607266e-01
-1.45390485e+00
1.35017374e+00
4.76450059e-01
3.66445203e-01
3.29577985e-01
-2.24558948e+00
4.16241758e-02
3.37847740e-01
3 1
-4.7219e-01 4.4157e-01
8 0
0 1 4 2 7 9 5 12 
217
1.87439978e-02
-1.66649519e-01
-3.57139494e-01
-3.45089993e-01
7.95897379e-02
4.47289635e-02
3.21616824e-01
-5.65770241e-02
-2.42431484e-02
8.70158202e-01
0.00000000e+00
0.00000000e+00
0.00000000e+00
0.00000000e+00
5.36201574e-01
-1.21959562e-02
-5.05169250e-01
-1.74485633e-01
2.66361262e-04
3.35949875e-01
1.19795280e-01
-1.53887741e-03
1.06046946e-01
-4.62767223e-01
3.75867830e-02
6.48235104e-02
-3.22445977e-01
6.95178587e-02
2.71672116e-01
0.00000000e+00
0.00000000e+00
0.00000000e+00
0.00000000e+00
0.00000000e+00
0.00000000e+00
0.00000000e+00
0.00000000e+00
-3.66255399e-01
-1.64458789e-01
-2.44903223e-02
1.51257194e-01
4.62507543e-01
2.98263952e-01
-3.38080181e-01
0.00000000e+00
-8.04443189e-02
4.70149190e-02
-2.19440534e-01
0.00000000e+00
4.21145070e-01
-1.66704656e-01
-1.70603771e-01
0.00000000e+00
-6.03455493e-02
-6.42167621e-02
4.14015818e-01
0.00000000e+00
2.78861438e-01
-1.85292409e-02
1.92863421e-01
-3.04865749e-01
-2.43531613e-01
5.67141360e-01
0.00000000e+00
-7.57307575e-01
6.29816066e-01
5.53442179e-01
6.32505460e-01
2.22609394e-01
1.15490194e+00
0.00000000e+00
4.34480494e-03
-9.54618907e-02
4.14155933e-01
4.89871893e-01
-3.99756740e-01
6.91290636e-01
0.00000000e+00
-4.01383293e-01
-6.39101268e-01
3.32860326e-01
5.51217552e-01
8.72669644e-02
6.85832304e-01
0.00000000e+00
-1.53494091e-01
-1.00260480e-01
2.99520579e-01
-4.61368223e-01
-1.11743290e-01
5.89669287e-03
0.00000000e+00
2.34781247e-01
-6.39649651e-03
8.85224847e-02
-6.38801516e-01
-3.04559734e-01
-2.36166153e-01
0.00000000e+00
7.88649126e-02
-3.68519222e-01
-1.45669311e-01
-1.36559755e-01
1.01087596e-01
7.22741852e-01
-4.07156431e-01
-2.47401655e-01
-1.48314789e-02
4.71862030e-01
-3.59751413e-01
2.01440054e-01
2.38914774e-01
0.00000000e+00
2.57837474e-01
4.32996749e-01
-3.11546777e-01
-1.33559908e-01
7.24533012e-02
1.24165218e-01
9.57721524e-01
5.81059378e-01
-6.51566319e-02
0.00000000e+00
0.00000000e+00
0.00000000e+00
-2.14510700e-01
-1.05480503e+00
-5.58388587e-02
1.54835452e-01
-5.20445926e-01
8.97370316e-02
-8.09235862e-02
-3.89202917e-01
1.94560324e-01
0.00000000e+00
4.61894152e-01
5.63435003e-01
-4.12083883e-01
5.30825958e-01
-1.04634182e+00
3.10509889e-01
6.45693158e-01
-6.77886484e-01
5.72584707e-01
8.62806897e-01
-7.59118521e-02
0.00000000e+00
0.00000000e+00
0.00000000e+00
4.32172170e-01
2.15848547e-01
-1.06994928e-01
1.97602041e-01
-5.65539315e-01
1.45799181e-01
2.21006335e-01
6.35548722e-01
-3.38030720e-01
0.00000000e+00
-1.20110178e-03
1.35129412e-01
-6.53916861e-01
9.49133946e-01
3.18062249e-01
-1.10414749e-01
-4.03355627e-01
5.64013923e-02
-4.21587435e-01
-7.81575109e-01
-7.33495199e-01
0.00000000e+00
0.00000000e+00
0.00000000e+00
-2.60754969e-01
-4.83155277e-01
-1.12687827e-01
7.94932147e-01
-1.94000048e+00
3.25721764e-01
4.86581845e-01
5.00990739e-01
2.01034818e-01
0.00000000e+00
1.57363352e-01
2.68848975e-01
-1.79643778e+00
1.64959447e+00
2.87212943e-02
7.17902463e-01
3.41119730e-01
-2.00927425e+00
1.79455998e-01
2.16547784e-01
-3.11337195e-01
0.00000000e+00
0.00000000e+00
0.00000000e+00
3.73872056e-01
-5.72832599e-01
-5.95468259e-01
3.69631360e-01
1.01819834e+00
-6.59718598e-01
-4.63220186e-02
4.60113687e-02
4.56611756e-01
0.00000000e+00
-9.64395625e-02
-2.33712019e-01
-1.86976802e-01
1.28978253e-01
6.46923396e-01
-8.10910831e-02
3.16461057e-01
-5.62571036e-01
-7.69261543e-01
1.36368734e-01
136
-6.36485781e-01
1.83921056e-01
-3.61998748e-03
1.10077126e-01
-8.57378469e-03
-4.76269003e-01
-6.85567090e-05
-4.54214960e-01
-6.37675561e-03
-2.31202091e-01
-2.73236204e-01
-1.32047487e-01
0.00000000e+00
0.00000000e+00
0.00000000e+00
0.00000000e+00
0.00000000e+00
0.00000000e+00
0.00000000e+00
0.00000000e+00
-2.37174887e-01
-4.32638085e-01
-2.77270010e-01
-3.78446014e-02
1.19118529e-01
1.59746893e-01
6.95763805e-02
0.00000000e+00
2.76404780e-01
-3.50971691e-01
6.51487231e-02
0.00000000e+00
1.00085343e-01
-3.50034481e-01
-7.96582044e-02
-4.71315712e-01
-3.16266611e-02
-3.46960968e-01
7.70871689e-01
-4.42557011e-01
6.59951761e-02
-3.81202011e-01
5.39335248e-01
0.00000000e+00
0.00000000e+00
0.00000000e+00
0.00000000e+00
3.86413289e+00
1.36379744e+00
7.45490917e-01
-1.32085284e+00
0.00000000e+00
-5.03014085e-01
-2.26578837e-01
8.38546362e-02
-1.41473512e-01
0.00000000e+00
-8.84498405e-02
6.62249948e-01
-1.55905149e-02
-6.67400044e-01
-1.07391658e+00
-1.80516932e-01
-5.66649361e-01
1.48446487e-01
2.77705611e-02
0.00000000e+00
1.02507098e-01
-2.17128663e-01
-3.62900696e-02
-4.60949727e-02
0.00000000e+00
-6.99822560e-01
-2.23293234e-01
-1.76201352e-01
-2.60310379e-01
-1.40155598e-01
-2.89786243e-01
-4.25954883e-01
1.61227759e-01
-2.09276378e-01
0.00000000e+00
-7.84393528e-01
-4.40341559e-01
-2.01553351e-01
1.76081741e-01
6.03540510e-01
1.67142452e-01
-3.18762331e-01
0.00000000e+00
0.00000000e+00
0.00000000e+00
-4.98602269e-02
-4.35836320e-01
-3.61704510e-01
-1.21218593e-02
-7.21914548e-01
-2.45866633e-01
-2.15342805e-01
-2.39135853e-01
4.41466673e-01
0.00000000e+00
-4.44869953e-02
1.10495736e+00
-6.13006705e-01
8.40527478e-01
-2.32097815e-02
8.27334393e-02
5.00834558e-01
-1.29225071e+00
4.52093288e-01
5.13361819e-01
-9.12339046e-01
0.00000000e+00
0.00000000e+00
0.00000000e+00
9.11685842e-02
-1.06024554e+00
-3.11071878e-01
3.50122659e-01
-1.21011043e+00
5.06263575e-01
7.28620167e-01
1.20963403e-01
-1.47659504e-01
0.00000000e+00
4.47201703e-01
4.08870297e-01
-1.41017038e+00
1.26481384e+00
5.16061214e-01
2.82786804e-01
2.85148623e-01
-2.33622711e+00
2.18948783e-01
3.42176143e-01
8 1
-8.5732e-01 5.1959e-01
8 0
0 1 4 2 7 9 5 12 
217
-4.01061688e-01
-4.37505877e-01
2.87725305e-01
-2.30908933e-01
-3.77358129e-02
-4.27325010e-01
-4.47750400e-01
2.65435238e-01
-3.85992475e-01
1.05227901e+00
4.83515594e-01
4.40823945e-01
0.00000000e+00
0.00000000e+00
3.78643981e-02
-2.21435454e-02
1.05313477e+00
-5.81122657e-01
-6.15620324e-04
7.00575716e-01
-4.02915334e-01
5.33179888e-03
4.62254365e-01
5.45111906e-01
3.59849570e-02
-7.07545840e-01
1.02324382e-01
-1.50573519e-01
-3.52812551e-01
0.00000000e+00
0.00000000e+00
0.00000000e+00
0.00000000e+00
0.00000000e+00
0.00000000e+00
0.00000000e+00
0.00000000e+00
-5.13498256e-01
-2.86363113e-01
3.95106951e-02
1.61496768e-01
2.28524570e-01
3.80544829e-01
-4.11277182e-01
0.00000000e+00
8.81936786e-02
-1.65114887e-01
-1.92856197e-01
0.00000000e+00
3.29470080e-02
1.00602590e-02
-2.53091106e-01
1.69652529e-01
-2.85112321e-01
-6.57826257e-01
6.07152354e-01
0.00000000e+00
-1.22299600e-01
-3.32606067e-02
7.98976309e-01
-5.04403411e-01
-4.22185915e-01
5.25527638e-01
0.00000000e+00
-1.07497181e+00
-1.48954825e+00
6.46596127e-01
3.88944511e-01
2.73139984e-02
8.33415347e-01
0.00000000e+00
-5.15101556e-01
-1.99071418e-01
3.32791424e-01
1.08572038e-03
-2.18751555e-01
1.05111879e+00
0.00000000e+00
-4.35911100e-01
-5.81793075e-01
-1.24174931e-01
6.06905082e-01
1.59024343e-01
5.56941598e-01
0.00000000e+00
-4.79861244e-01
-3.61728472e-01
3.10476304e-01
-5.67164534e-01
-2.31676748e-01
5.87271929e-03
0.00000000e+00
1.01457463e-01
3.81025575e-02
-1.36563929e-01
-4.43433158e-01
-3.65955221e-01
-2.06919856e-01
0.00000000e+00
-8.48856800e-03
-5.71912237e-01
-2.40333260e-01
1.82938320e-02
-1.52239860e-01
-4.24238559e-01
-8.13645148e-01
-3.79065111e-01
-4.27577923e-01
5.18069438e-01
-2.69427213e-01
2.73579132e-01
-8.76387435e-02
0.00000000e+00
1.71847346e-01
7.77966428e-02
-1.92828660e-01
-7.29031353e-02
-3.80080374e-01
-3.27798676e-01
9.27091702e-01
7.12776347e-01
1.86203676e-01
0.00000000e+00
0.00000000e+00
0.00000000e+00
-2.90719314e-01
-2.61032402e-01
-5.58115669e-01
3.73207416e-01
-2.92895795e-01
2.12577233e-01
-9.79257840e-02
-6.50891687e-01
-9.54045209e-02
0.00000000e+00
-9.04281449e-02
9.18129694e-01
3.71950109e-01
7.57939749e-01
-5.68574993e-01
-1.88633687e-01
1.05645887e+00
-1.04016638e+00
6.52242066e-01
-2.15130851e-02
-3.32682165e-01
0.00000000e+00
0.00000000e+00
0.00000000e+00
2.66904881e-02
4.74279529e-01
-3.11374759e-02
1.62297034e-01
-2.09783016e-01
-1.00816243e+00
6.21991799e-01
6.11269709e-01
-6.99478967e-01
0.00000000e+00
4.69228626e-01
-5.86996698e-01
-1.20460808e+00
3.84174568e-04
3.07467115e-01
5.63379298e-01
-3.64502936e-01
5.04393119e-01
-4.75197002e-01
5.05803547e-01
-1.24213810e+00
0.00000000e+00
0.00000000e+00
0.00000000e+00
4.61514078e-01
-2.03953061e-01
3.71478029e-01
1.55786476e+00
-1.39178466e+00
5.65690876e-01
1.57746906e+00
1.89279276e-01
6.80243783e-01
0.00000000e+00
9.40177082e-01
1.53248491e+00
-7.41827162e-01
2.70920295e+00
8.16784121e-01
1.09948349e+00
1.04096277e+00
-1.88241779e-01
9.65981393e-01
1.09238863e-01
-6.69339060e-01
0.00000000e+00
0.00000000e+00
0.00000000e+00
3.38768748e-02
-5.26312943e-01
6.90539448e-01
5.38491112e-01
1.32956519e+00
5.76170781e-01
3.28285958e-01
1.09355788e+00
1.13705707e+00
0.00000000e+00
-4.76421817e-02
2.65499924e-01
9.90891924e-02
-6.18133067e-01
3.53633163e-01
4.62570007e-01
3.72707302e-01
-1.00020218e-01
-4.11534397e-01
8.58282802e-01
136
-5.52781840e-01
3.16482845e-02
-8.57657916e-04
1.82661823e-01
-7.64262038e-03
-3.05381587e-01
-7.19616275e-04
-4.61710360e-01
-4.71904476e-03
-4.30260722e-01
-1.62142128e-01
3.96210094e-02
0.00000000e+00
0.00000000e+00
0.00000000e+00
0.00000000e+00
0.00000000e+00
0.00000000e+00
0.00000000e+00
0.00000000e+00
-2.88281118e-01
-3.97514865e-01
-2.52456810e-01
1.21385822e-02
1.98017021e-01
1.14810675e-01
6.05046759e-02
0.00000000e+00
4.52615640e-01
-4.43156458e-01
-5.84098669e-02
0.00000000e+00
2.23565581e-01
-4.65859025e-01
-1.58432018e-01
-3.57303612e-01
1.53405541e-01
-6.09756663e-01
5.23362112e-01
-1.57631388e-01
3.73059303e-01
-4.11674455e-01
3.83433469e-01
0.00000000e+00
0.00000000e+00
0.00000000e+00
0.00000000e+00
3.23630992e+00
1.17807468e+00
6.44637869e-01
-1.08021623e+00
0.00000000e+00
6.87711064e-01
2.81621533e-01
2.41271290e-01
-1.00468731e-01
0.00000000e+00
-3.39243307e-01
5.72944885e-01
-3.79744673e-02
-7.83166359e-01
-1.20090128e+00
-2.23896902e-01
-5.66038134e-01
1.48127202e-01
2.99819797e-02
0.00000000e+00
-1.24573879e-01
-2.80811847e-01
-7.69614351e-02
-7.82419296e-03
0.00000000e+00
-7.35592886e-01
-2.09638310e-01
-1.87665503e-01
-3.10746284e-01
-1.50561672e-02
-4.13422027e-01
-4.08591309e-01
1.06190594e-01
-1.52303925e-01
0.00000000e+00
-8.98878266e-01
-4.59506204e-01
-2.16919918e-01
1.88224985e-01
5.20415830e-01
1.62861490e-01
-3.57000948e-01
0.00000000e+00
0.00000000e+00
0.00000000e+00
-1.48902024e-01
-5.33131428e-01
-3.46566564e-01
-1.39404949e-01
-7.95113858e-01
-1.45682660e-01
-2.72856529e-01
-2.51815266e-01
5.71930866e-01
0.00000000e+00
5.55283993e-02
1.21467490e+00
-7.54787334e-01
1.08058527e+00
-1.26897572e-01
3.05054025e-02
4.10802699e-01
-1.27175501e+00
5.11946641e-01
5.53938070e-01
-9.67010010e-01
0.00000000e+00
0.00000000e+00
0.00000000e+00
1.55664744e-01
-1.02054564e+00
-3.43109293e-01
4.29779788e-01
-1.24162599e+00
3.53355695e-01
6.84367589e-01
2.41015059e-01
-1.54176311e-01
0.00000000e+00
4.58745138e-01
2.96433316e-01
-1.54170878e+00
1.34693161e+00
5.17154424e-01
3.33247354e-01
3.42969235e-01
-2.31063239e+00
1.10625052e-01
3.74499390e-01
10 1
-1.0827e+00 5.3086e-01
8 0
0 1 4 2 7 9 5 12 
217
-7.53823694e-01
-3.37124790e-01
2.33859487e-01
2.94485205e-01
2.28709825e-01
-5.43862304e-01
-1.89474505e-01
-2.72551019e-01
-1.26934066e+00
2.62616467e-01
-1.12293301e+00
-1.10093905e-01
0.00000000e+00
0.00000000e+00
1.55711010e-02
7.57926188e-03
4.05775555e-01
-1.40526005e-01
1.64698745e-03
7.75097268e-01
6.85118950e-01
-4.65529493e-03
5.37043713e-01
0.00000000e+00
0.00000000e+00
0.00000000e+00
-3.44904463e-01
-3.32597658e-01
-7.63215733e-02
0.00000000e+00
0.00000000e+00
0.00000000e+00
0.00000000e+00
0.00000000e+00
0.00000000e+00
0.00000000e+00
0.00000000e+00
-2.65740633e-01
-1.07001368e-01
-1.02955626e-01
-3.36546001e-02
-2.90857664e-02
-1.25425682e-02
-2.02843132e-01
0.00000000e+00
-4.62273606e-01
1.46779170e-01
-3.04971435e-01
0.00000000e+00
5.61879041e-01
-1.21638060e-01
-4.03983612e-01
1.68125424e-01
-1.87429794e-01
-2.04672457e-01
4.58102070e-01
0.00000000e+00
2.32510742e-01
-1.54992125e-02
2.58008528e-01
-6.11880554e-01
-1.63184615e-01
2.12414752e-02
0.00000000e+00
-9.05665627e-01
-6.51309334e-01
1.48389039e-01
9.28079922e-01
3.45289432e-03
4.59167279e-01
0.00000000e+00
-5.65948685e-01
-1.33491320e-01
2.77016207e-01
8.49997105e-02
-4.64891216e-01
1.01186366e+00
0.00000000e+00
-3.86340628e-01
-8.32455198e-01
8.81029617e-02
4.94577445e-01
-4.55586027e-01
-1.10521511e+00
0.00000000e+00
-5.84208504e-01
1.02694342e-01
1.14628296e-01
-4.33422552e-01
-2.84243486e-01
1.15816067e-01
0.00000000e+00
-5.87703830e-02
-1.27536975e-01
-3.61866590e-01
-2.17927621e-02
-3.33186720e-01
-2.47138757e-01
0.00000000e+00
-1.31355897e-01
-4.58685241e-01
-4.56526580e-01
-2.69972776e-01
-1.65941216e-01
9.88487682e-03
-3.01934190e-01
-5.97940816e-01
8.42878977e-02
1.69849536e-01
-4.90244215e-01
-2.37982238e-02
3.96850792e-02
0.00000000e+00
6.53899943e-02
3.40511446e-01
-4.27604573e-01
2.20084143e-01
-3.91609115e-01
-3.74643677e-01
1.63560851e+00
4.81908778e-01
1.33284716e-01
0.00000000e+00
0.00000000e+00
0.00000000e+00
-5.93453256e-01
-2.72908305e-01
-1.90381683e-02
3.25649243e-01
-8.39987449e-01
5.34590636e-02
-1.83503165e-01
-1.91655370e-01
-4.39227171e-01
0.00000000e+00
-5.83584494e-01
7.40164309e-01
3.66797699e-01
1.38999381e+00
7.52721639e-02
-2.64100398e-02
9.54851293e-01
-8.61902722e-01
1.51991358e-01
8.67759177e-02
-2.07942679e-01
0.00000000e+00
0.00000000e+00
0.00000000e+00
9.48727336e-01
-1.19855479e+00
2.95157508e-01
3.73803927e-01
-7.94017408e-02
3.05981623e-02
3.32993685e-01
8.07054423e-01
-2.13449375e-01
0.00000000e+00
5.39974412e-01
1.56278241e-01
-1.32070889e+00
-8.29855812e-01
-1.20206445e+00
5.36958078e-01
-4.54572121e-01
1.19744993e+00
4.73571641e-02
-1.75688366e-01
-1.71163582e+00
0.00000000e+00
0.00000000e+00
0.00000000e+00
9.02668987e-01
1.16287445e-01
5.36513744e-01
1.08827022e+00
-1.33400083e-01
7.70148842e-01
1.66250318e+00
9.53704375e-01
4.13283089e-01
0.00000000e+00
1.15601015e+00
1.73755705e+00
-2.10814913e-01
2.51712374e+00
1.62763264e+00
1.41496450e+00
1.32870221e+00
-1.87485125e-01
1.42312893e+00
1.42738536e+00
-7.29721733e-01
0.00000000e+00
0.00000000e+00
0.00000000e+00
4.06370442e-01
-1.67890360e-03
8.55742719e-01
7.70122265e-01
1.50205087e-01
1.02496761e+00
7.51468191e-01
1.06155040e+00
1.04091815e+00
0.00000000e+00
7.80758472e-01
4.40741877e-01
-7.10765453e-01
4.22681277e-01
9.13098840e-02
1.26734398e+00
1.00340625e+00
-9.89470930e-02
6.77131483e-02
1.16438245e-01
136
-4.18466530e-01
-1.49778410e+00
5.46542521e-02
6.21617035e-01
-5.73702917e-03
4.44224400e-01
-3.32661914e-03
1.34761333e-02
4.60729788e-02
-9.90638551e-02
-2.27627392e-01
-9.17752822e-02
0.00000000e+00
0.00000000e+00
0.00000000e+00
0.00000000e+00
0.00000000e+00
0.00000000e+00
0.00000000e+00
0.00000000e+00
-1.90537190e-01
-2.59732538e-01
-1.48493545e-01
8.15707678e-02
8.07713054e-02
8.81424697e-02
-7.01877997e-02
0.00000000e+00
3.48642703e-01
-1.59586142e-01
-2.25886664e-01
0.00000000e+00
1.07022362e-01
-3.09039020e-01
-3.02937574e-01
-2.14053442e-01
9.10006686e-03
-3.73736189e-01
3.65885587e-01
4.55997724e-02
2.70369661e-01
-3.24009571e-01
3.44161920e-01
0.00000000e+00
0.00000000e+00
0.00000000e+00
0.00000000e+00
9.58482796e-01
9.37326887e-01
3.05289554e-01
-1.06655335e+00
0.00000000e+00
5.66681124e-01
2.90524019e-01
2.64975617e-01
-1.67778289e-01
0.00000000e+00
-2.49634079e-01
6.86155863e-01
-4.75835647e-02
-6.39853947e-01
-8.59689193e-01
5.47859139e-02
-6.27184251e-01
2.74867963e-01
6.05710709e-03
0.00000000e+00
9.15595230e-02
-2.51939638e-01
-2.37363571e-02
1.43153360e-02
0.00000000e+00
-5.45367689e-01
-1.88525203e-01
-1.35556258e-01
-3.10252492e-01
6.96300767e-01
-8.85354827e-01
-3.42837151e-01
1.48008284e-02
-1.80228069e-01
0.00000000e+00
-7.18757910e-01
-3.77771259e-01
-1.83386100e-01
1.84634406e-01
8.62196118e-01
3.66259445e-01
-2.04979546e-01
0.00000000e+00
0.00000000e+00
0.00000000e+00
-9.99464632e-03
-4.80345469e-01
-4.28705367e-01
3.65400808e-02
-6.87662460e-01
-2.66908927e-01
-1.18487233e-01
-1.03577356e-01
1.41005147e-01
0.00000000e+00
2.92479533e-01
7.04931654e-01
-6.46064447e-01
1.02380143e+00
-1.00982439e-01
1.27191712e-01
4.20788196e-01
-1.23864773e+00
6.19074859e-01
5.10583913e-01
-8.96145543e-01
0.00000000e+00
0.00000000e+00
0.00000000e+00
9.17928355e-02
-9.96157701e-01
-3.15637936e-01
5.07276471e-01
-1.23594864e+00
4.76474430e-01
7.57712692e-01
1.66181662e-01
1.64468930e-03
0.00000000e+00
3.43331994e-01
3.41725711e-01
-1.48585946e+00
1.42029439e+00
5.01974069e-01
3.56592813e-01
2.04164610e-01
-2.30656133e+00
2.64032538e-02
2.48449898e-01
