2 3
1  0.000 1.000 1000000000.000
4 0 1 2 8
1 0
1 4
1 13
0 29
1 29
1 45
0 90
1 90
0 156
1 156
0
209
127
5	0	TRYP #num missed tryp terminals
2	-1e+09	0
3	0.29829271	0.29829271	-0.26238678
7	0	TRYP #frags at digest when C-term is R
3	-1e+09	0	2
4	0.037351284	-0.024736793	0.19745108	0.14233259
8	0	TRYP #frags at digest when C-term is K
5	-1e+09	0	1	4	5
6	0.03863189	0.03863189	0.024929227	-0.036709301	0.010007969	0.03863189
9	0	TRYP #frags at digest when C-term is other
4	-1e+09	2	3	6
5	0	0	-0.012925538	-0.067937615	0
12	0	TRYP AA at N-terminal When C-term is other
7	-1e+09	4	6	10	15	17	22
8	-0.15171331	-0.15171331	-0.11037696	-0.18418176	0.17112879	0.0019214958	-0.18540736	-0.15171331
13	0	ANN PEAK diff from org pm_with_19
18	-1e+09	-3.1363525	-2.9290771	-2.7290039	-2.5290527	-2.3364258	-2.036377	-1.9290771	-0.82910156	-0.62902832	-0.52905273	-0.12902832	-0.029052734	0.070922852	0.27099609	0.37097168	0.57092285	0.87097168
19	-0.30433928	-0.55598286	0.18937474	0.31719748	0.33305631	0.41009583	0.48143585	0.50337367	0.46510466	0.43843418	0.42454533	0.36508501	0.28262443	0.17461013	0.16095795	0.096565487	0.063999659	0.024441719	-0.01262163
15	0	ANN PEAK %ann intensity
16	-1e+09	0.044734214	0.055491056	0.074998617	0.084841803	0.098634347	0.11793024	0.12645669	0.13110182	0.13591675	0.14626107	0.17784557	0.19438188	0.21463992	0.25897932	0.30494857
17	0.061429958	0.031793694	0.023093101	0.011208945	-0.000578987	-0.037816429	-0.051936121	-0.008069616	-0.01336984	-0.04536197	-0.05686016	-0.058137417	-0.059483483	-0.062098017	-0.0081176952	-0.0019982877	0.09542091
16	0	ANN PEAK %ann peaks
15	-1e+09	0.027777778	0.034782607	0.045801528	0.0546875	0.07272727	0.07692308	0.079999998	0.083333336	0.094827585	0.098214284	0.1025641	0.1092437	0.11504425	0.13821138
16	-0.037342269	-0.037342269	-0.0053628575	0.004042018	0.075780996	0.028211179	0.0061614401	-0.0074990946	-0.014409368	-0.015801348	-0.022763288	-0.044185449	-0.0588056	-0.046977596	-0.067970417	-0.037342269
17	0	ANN PEAK #ann in top 25
8	-1e+09	0	1	2	3	4	5	7
9	0.060306922	0.060306922	0.044822371	0.014915347	-0.0082952946	-0.0042740063	-0.021375121	0.038163002	0.060306922
18	0	ANN PEAK #ann in top half (up to 50)
9	-1e+09	2	3	4	7	8	9	11	12
10	-0.0020061449	-0.085488816	-0.091542112	-0.097538035	-0.074178847	-0.041284125	-0.0018803424	-0.018039227	-0.0024870626	0.05861215
19	0	ANN PEAK #ann in top third - #ann in mid third
9	-1e+09	-4	-2	-1	0	1	2	4	5
10	0.015161495	0.033497248	0.024127809	0.011596414	0.018600919	-0.0080983807	-0.02041633	-0.033042823	-0.028878886	0.0052372949
20	0	ANN PEAK #ann in top third - #ann in last third
11	-1e+09	-4	-3	-1	0	2	3	4	5	6	9
12	0.067659428	0.059884908	-0.0023632021	0.0043593365	-0.025602235	-0.0042401458	0.036009702	0.034697264	0.072858358	0.081198947	0.088201352	0.067659428
21	0	ANN PEAK #ann in mid third - #ann in last third
8	-1e+09	-6	-4	-1	0	1	4	5
9	0.024004778	-0.021412127	-0.032250561	-0.033501769	0.012473409	0.0055577885	-0.010685507	0.0048874893	0.0577281
22	0	ANN PEAK #y annotated
3	-1e+09	1	2
4	0.0026480078	0.0026480078	-0.0013964914	0.0026480078
23	0	ANN PEAK #b annotated
4	-1e+09	0	1	2
5	-0.0034670823	-0.0034670823	-0.0014260305	0.011999626	-0.0034670823
24	0	ANN PEAK #b-H2O annotated
3	-1e+09	0	1
4	-0.0039036193	-0.0039036193	0	-0.0039036193
25	0	ANN PEAK #y2 annotated
3	-1e+09	0	1
4	0.023368893	0.032788061	-0.026591235	-0.001487183
26	0	ANN PEAK #y-H2O annotated
2	-1e+09	0
3	0.013348896	0.013348896	0
27	0	ANN PEAK #b2 annotated
3	-1e+09	0	1
4	-0.061551451	-0.14583243	-0.13556178	0.15901
28	0	ANN PEAK #a annotated
3	-1e+09	0	1
4	-0.0096167027	-0.056109761	0.010521353	0.080694901
30	0	PEAK OFF y max self offset
16	-1e+09	0.01341629	0.023525238	0.031475067	0.038341522	0.044567108	0.060680389	0.065906525	0.09418869	0.12303543	0.13313675	0.14400101	0.18162918	0.19701004	0.31794357	0.44300461
17	-0.027287302	-0.02192766	0.019798236	0.071538082	0.10793522	0.12716597	0.13269949	0.15405274	0.16811435	0.18529706	0.19194549	0.17615324	0.12438192	0.099703519	0.042107677	-0.1164483	-0.075319203
31	0	PEAK OFF y avg self offset
16	-1e+09	0.011585236	0.024108887	0.028575897	0.036495209	0.043417614	0.050103504	0.080036163	0.095027924	0.099002838	0.10744095	0.11188126	0.14383061	0.18981044	0.22357178	0.36602783
17	0.093033503	0.11043697	0.072536573	0.010539726	0.0058067	-0.0627948	-0.093249572	-0.10613308	-0.14298068	-0.16244507	-0.19509888	-0.1353796	-0.13413351	-0.14512578	-0.15104068	-0.055867942	0.10128174
36	0	PEAK OFF y grab offset #3
2	-1e+09	2
3	0.021991041	0.042134548	-0.0024439377
37	0	PEAK OFF b num frags detected
21	-1e+09	0.0262326	0.037121892	0.04609406	0.061632991	0.075671077	0.088854671	0.095080256	0.12031281	0.12669647	0.14637482	0.16743195	0.17491424	0.20899689	0.21882904	0.2517215	0.26463592	0.27882111	0.33244598	0.46654022	1
22	-0.053227756	-0.053227756	-0.049553614	-0.041369748	-0.032958386	-0.024573076	-0.083509124	-0.087555835	-0.060744159	-0.06897487	-0.095754429	-0.071968242	-0.092459873	-0.090959936	-0.12007687	-0.14919298	-0.14155613	-0.12850948	-0.17041184	-0.15084015	-0.13608376	-0.053227756
38	0	PEAK OFF b max self offset
15	-1e+09	0.012219548	0.027034402	0.051391602	0.055578511	0.080004573	0.092330016	0.10551727	0.14102173	0.18817921	0.19707	0.22630036	0.23790252	0.32078826	0.40758026
16	-0.0016878944	0.0030634928	0.063552324	0.077214293	0.11411473	0.10883873	0.085308271	0.054817779	0.070090364	0.067420436	0.11194812	0.077587502	0.01603325	0.0090072221	0.051956156	-0.0016878944
39	0	PEAK OFF b avg self offset
12	-1e+09	0.0086544752	0.036608577	0.042907715	0.089978337	0.095581055	0.10150146	0.13873291	0.15220916	0.18085968	0.19676483	0.2314328
13	0.037996936	0.037996936	0.12673898	0.12949732	0.13592765	0.13214812	0.11784378	0.088009043	0.091934841	0.12348951	0.12600598	0.059507721	0.037996936
46	0	PEP COMP end cat C (len 3)
10	-1e+09	1	3	4	5	7	11	13	14	16
11	-0.23658117	-0.25894364	-0.23605753	-0.12613732	-0.10622132	-0.062375415	-0.055818046	-0.014662672	0.013603492	0.0071677495	-0.17899938
54	0	PEP COMP before cat score 1
11	-1e+09	5	8	10	11	12	13	14	15	18	19
12	0.076181081	0.055215677	0.14150876	-0.017690374	-0.049557373	-0.015526516	-0.12031379	0.048514979	0.0088914945	0.022203425	0.10933806	0.097545866
55	0	PEP COMP after cat score 1
11	-1e+09	2	5	9	11	12	13	14	15	16	17
12	-0.024659132	-0.034737496	-0.023836044	0.0020412206	-0.026630619	-0.065928218	-0.14800273	0.0096093026	-0.06409369	0.087632185	0.1443778	0.0093589056
56	0	PEP COMP span cat score 1
11	-1e+09	1	4	7	8	9	11	15	17	18	19
12	0.064836535	0.031815246	0.060389046	0.021150037	0.1037597	0.061653646	0.059394838	0.01507593	0.097888247	0.10071913	0.044335941	0.11442491
68	0	PEP COMP #aa N
2	-1e+09	1
3	-0.04436522	-0.10592708	-0.061561864
69	0	PEP COMP #aa D
2	-1e+09	1
3	-0.0087589411	-0.056893776	-0.048134835
71	0	PEP COMP #aa Q
2	-1e+09	1
3	-0.08532431	-0.48035004	-0.67576291
72	0	PEP COMP #aa E
1	-1e+09
2	0	-0.12015277
73	0	PEP COMP #aa G
1	-1e+09
2	0	0.074452093
76	0	PEP COMP #aa K
2	-1e+09	1
3	0.084477875	0.084477875	-0.10211843
78	0	PEP COMP #aa F
1	-1e+09
2	0	-0.12298033
79	0	PEP COMP #aa P
2	-1e+09	1
3	0.11446672	0.39928826	0.64720707
80	0	PEP COMP #aa S
1	-1e+09
2	0	0.013923771
82	0	PEP COMP #aa W
1	-1e+09
2	0	-0.31520371
84	0	PEP COMP #aa V
1	-1e+09
2	0	0.03208836
96	0	PRM N/-C delta mass
5	-1e+09	-0.066337585	0.00021362305	0.22638702	0.6182251
6	0	0	0.036378841	0.066667735	0.053136926	0
97	0	PRM N/-C total breakage score
3	-1e+09	-26.145144	6.4982038
4	0.063324477	0.063324477	-0.0014963171	0.063324477
99	0	PRM N/-C normalized average breakage score
3	-1e+09	-4.3575239	1.0830339
4	0.034337507	0.034337507	-0.0015118059	0.034337507
102	0	PRM -N/C delta mass
23	-1e+09	-0.89360046	-0.83132172	-0.37631989	-0.20730591	-0.14181519	-0.11929321	-0.084289551	-0.058204651	-0.027496338	-0.018760681	-0.0104599	0.0056762695	0.035438538	0.04914856	0.0703125	0.10954285	0.1687088	0.21740723	0.27136993	0.4152832	0.68524933	0.88545227
24	-1.0263815	-1.0263815	-0.9309991	-0.64653908	-0.19763229	-0.11353315	-0.10714925	-0.047870935	-0.011501709	0.1029427	0.1362996	0.17473035	0.17858413	0.21118788	0.22063225	0.2540641	0.27583005	0.25947703	0.22039289	0.19432576	-0.13779309	-0.35448578	-0.95857845	-1.0263815
103	0	PRM -N/C total breakage score
7	-1e+09	-24.847807	-16.436739	-0.24147654	9.3616581	11.785889	18.756142
8	0.0092695974	0.0092695974	-0.062337588	-0.058338994	-0.079683295	-0.031620017	0.0078024032	0.0092695974
104	0	PRM -N/C average breakage score
7	-1e+09	-13.441849	-12.246034	-5.4047976	-0.086760201	3.9334562	7.1127639
8	0.00026965464	0.00026965464	-0.010018962	-0.036826169	-0.0078411927	-0.026738064	-0.0043555843	0.00026965464
106	0	PRM -N/C path score
11	-1e+09	23.985985	31.053326	33.083054	36.341228	41.905426	43.479252	48.066574	51.46627	54.392349	63.625938
12	-0.035817437	-0.035817437	-0.058162875	-0.087168956	-0.11950417	-0.090710689	-0.10569166	-0.12086863	-0.084829495	-0.11102728	-0.10851643	-0.035817437
107	0	PRM -N/C average path score
10	-1e+09	3.9976642	5.1755543	5.5138421	6.0568714	6.9842377	7.246542	8.011096	8.5777121	10.604323
11	-0.01256216	-0.01256216	-0.022586935	-0.026393013	-0.0426139	-0.029088775	-0.039293365	-0.04210511	-0.030757613	-0.039399644	-0.01256216
108	0	PRM -N/-C delta mass
22	-1e+09	-0.6339035	-0.38755035	-0.33473969	-0.26576996	-0.24159241	-0.18989563	-0.14379883	-0.13425446	-0.068496704	-0.053771973	-0.038719177	-0.022720337	0.011863708	0.042900085	0.054397583	0.081481934	0.13500977	0.1583252	0.26876068	0.33061218	0.4256134
23	-0.46523992	-0.46523992	-0.35380743	-0.226007	-0.12137351	-0.047575491	-0.018893238	0.0551816	0.070588383	0.10673372	0.089773843	0.045950369	0.051217687	0.058346577	0.049151494	0.037169881	-0.048220445	-0.10024037	-0.11683626	-0.080810582	-0.10678472	-0.25400449	-0.46523992
110	0	PRM -N/-C average breakage score
8	-1e+09	3.462544	6.23208	7.1178217	9.1940269	10.063199	10.592666	11.161458
9	-0.045711048	-0.045711048	-0.032486897	0.0012732674	-1.6843955e-05	-0.0065262056	-0.010397663	-0.033165564	-0.045711048
111	0	PRM -N/-C normalized average breakage score
11	-1e+09	-2.5155172	-1.6445589	-0.64111823	1.0728509	1.8633512	2.0470912	2.4087794	2.5874236	4.6898627	5.7253051
12	-0.036893761	-0.036893761	-0.031452399	-0.0099472444	-0.012471948	0.0068651071	-0.011577313	-0.017018675	-0.038814965	-0.044808525	-0.048880304	-0.036893761
112	0	PRM -N/-C path score
10	-1e+09	15.538976	21.699169	28.322601	32.336121	34.925957	38.231049	40.320335	41.805977	51.379654
11	-0.0067137397	-0.0067137397	-0.02418116	-0.053177874	-0.044545557	-0.02683097	-0.028114033	-0.053498199	-0.036592742	-0.025501582	-0.0067137397
113	0	PRM -N/-C average path score
8	-1e+09	2.5898292	3.6165283	4.7204337	5.3893533	6.3718414	6.7200561	8.5632753
9	-0.0013966813	-0.0013966813	-0.01080818	-0.013609205	-0.0082795751	-0.0041006501	-0.0095532681	-0.0068269067	-0.0013966813
114	0	PRM path score
11	-1e+09	-46.693813	-27.933794	-21.446913	-16.514648	-14.433627	9.4018164	21.076857	23.644516	24.982658	32.871929
12	0.049181726	0.049181726	-0.033796905	-0.043089642	-0.062806057	-0.041950141	-0.017685466	0.0038789221	0.0079109818	0.02063392	0.046491368	0.049181726
115	0	PRM total breakage score
21	-1e+09	15.32983	19.071646	20.341799	21.456175	22.433487	24.260214	25.086773	29.469131	30.826759	36.006557	41.608063	44.013931	44.926964	46.796108	50.117283	52.828693	54.499451	56.401752	58.70813	61.702045
22	0.31120435	0.31120435	0.20507664	0.15649611	0.14412121	0.069155708	-0.0055853152	-0.042641458	-0.10991654	-0.23797982	-0.26395954	-0.26216617	-0.22787555	-0.18744485	-0.17007682	-0.14788829	-0.10919279	-0.060889678	0.0047338463	0.10141228	0.14464811	0.31120435
116	0	PRM SeqPath rank
8	-1e+09	0	1	4	15	16	27	35
9	-0.0486123	0.075664102	0.089703856	0.021314496	0.054758629	0.050705213	0.040219738	-0.052059664	-0.094082035
117	0	PRM multipath score
16	-1e+09	14.593026	18.912506	23.820911	27.714787	29.336082	32.272232	34.28772	36.95496	40.281273	41.68219	43.133766	48.288517	52.956566	60.297424	63.308784
17	-0.035200292	0.021867408	0.049476316	0.12264428	0.052710756	0.058903812	0.083546566	0.037354575	0.00035762322	0.011491221	-0.00051401652	-0.06823305	-0.090397357	-0.14838301	-0.1496486	-0.14006733	-0.10626316
118	0	PRM delta score
25	-1e+09	0	0.87847137	1.9406586	2.9359055	4.762249	5.6160278	7.202076	7.9670906	9.3908157	10.08392	13.300648	15.775402	16.384521	16.979446	17.557014	18.744156	19.960667	20.594418	21.895267	23.998852	24.745052	25.536396	26.381004	27.263786
26	1.1556219	1.3202453	1.2550153	1.240906	1.2306358	1.1524023	1.1497781	1.0062653	0.97455921	0.96234457	0.92370677	0.85869068	0.69406727	0.69807532	0.61123421	0.6488917	0.52345914	0.55313462	0.51195035	0.44827559	0.45499144	0.41236323	0.31601887	0.28896337	0.22856017	0.22433712
119	0	PRM rank, delta score<=1.5
3	-1e+09	0	1
4	0.22643135	0.22643135	0.033847178	0
120	0	PRM rank, 1.5<delta score<=7.5
5	-1e+09	1	4	5	6
6	0.032089359	0.032089359	-0.042557187	0.022486173	0.028211365	0.032089359
121	0	PRM rank, 7.5<delta score<=15
5	-1e+09	2	6	10	20
6	-0.040397314	-0.035842288	-0.047495334	-0.0073585432	-0.038513064	-0.043200831
122	0	PRM rank, delta score>15
12	-1e+09	7	9	13	14	15	20	32	36	43	48	73
13	-0.083706115	0.059478338	0.049425878	0.012506047	0.0011215279	-0.0094345513	-0.048138975	-0.04030752	-0.08266369	-0.095383455	-0.14047684	-0.20476533	-0.26674364
123	0	PRM tag, percent in top 5 denovo
4	-1e+09	0.2	0.60000002	0.80000001
5	0	-0.0033256342	-0.059243184	-0.040386773	0
124	0	PRM tag, percent in top 20 denovo
8	-1e+09	0.050000001	0.40000001	0.44999999	0.69999999	0.80000001	0.85000002	0.89999998
9	0.018115454	-0.093929009	-0.11853337	-0.078264233	-0.077007303	-0.097498847	-0.072105683	0.052428027	0.081179635
125	0	PRM tag, percent in all denovo
11	-1e+09	0.039999999	0.059999999	0.12	0.36000001	0.51999998	0.56	0.60000002	0.68000001	0.72000003	0.92000002
12	0.097353895	0.054144372	0.067378765	0.18855149	0.28212028	0.34801728	0.38381132	0.42555195	0.43866466	0.43169492	0.43798237	0.43669831
126	0	PRM tag, rank if in top 5
5	-1e+09	1	2	4	8
6	0.037494612	0.063766715	0.018536659	-0.015313007	-0.080472565	-0.083202858
127	0	PRM tag, rank if in top 5-20
5	-1e+09	0	7	15	43
6	0.032651541	0.032651541	0.074032582	0.014410215	0	0.032651541
128	0	PRM tag, rank if in top 20-all
9	-1e+09	0	2	3	5	6	22	45	47
10	0.4459078	0.4459078	0.35196114	0.29542498	0.19831209	0.18799564	0.16896452	0.13390762	0.1377423	0.24109839
133	0	PRM breakage score min 1
13	-1e+09	-28.018532	-23.992773	-20.188377	-19.19738	-15.782506	-14.308326	-10.227955	-9.5981789	-3.8970585	-0.72312695	1.7171148	3.2883062
14	0.043459821	-0.0214053	-0.030790238	-0.054014592	-0.045535225	-0.00032843524	-0.051536294	0.044029339	0.018942675	0.013714083	0.02693367	0.08707056	0.067785528	0.10035833
134	0	PRM breakage score min 2
13	-1e+09	-14.638273	-8.4263039	-6.6105318	-5.8143611	-5.1012464	-1.4307551	0.16767401	4.4003315	5.9721727	8.7047424	10.45948	12.067116
14	-0.096973267	-0.096973267	-0.12721327	-0.18508659	-0.17453132	-0.16859058	-0.10750671	-0.075637875	-0.032699918	-0.0031063813	0.0034394908	-0.02526227	-0.053404479	-0.096973267
136	0	PRM breakage score min consecutive 3
9	-1e+09	-13.290006	-8.7821159	-2.4898028	0.90952176	2.0067539	3.063791	8.2541094	23.000521
10	0.053845408	0.053845408	0.016785045	0.0062982435	-0.029939818	0.086111873	0.11316754	0.034723856	0.030701826	0.053845408
137	0	PRM breakage score max consecutive 3
18	-1e+09	-34.471657	-23.804562	-9.753871	-4.145577	-2.5518856	0.46161938	1.9033329	5.8246746	10.572768	15.872313	19.947008	20.976254	27.419933	28.633287	31.144619	32.502354	37.46648
19	-0.1988535	-0.10846221	-0.038172718	-0.02471152	-0.0079350636	-0.0053480316	-0.011504409	-0.052929452	-0.039273793	-0.068170774	-0.1052136	-0.14191258	-0.15353609	-0.16572627	-0.18578653	-0.21791804	-0.25547126	-0.25676516	-0.30577276
138	0	PRM breakage score min consecutive 2
19	-1e+09	-28.932404	-20.203873	-18.659418	-15.920826	-12.407978	-7.4306312	-4.7908268	-3.1278167	-2.3187156	-0.73007965	0.87304735	3.249594	4.8656988	6.5190444	10.209719	11.224752	14.71879	21.925447
20	0.17096405	0.21688091	0.18168357	0.15253212	0.21745325	0.24147169	0.17970028	0.1539759	0.14437103	0.16475792	0.137153	0.077928498	0.10874116	0.12957688	0.079375503	0.080863515	0.10932045	0.11405611	0.10753883	0.1317593
139	0	PRM breakage score max consecutive 2
18	-1e+09	-18.642563	-8.0455599	-3.9915657	0.47931671	2.9170337	5.9729366	8.6629896	11.049387	14.668084	16.73473	20.898048	22.317305	23.811209	25.410721	26.222248	28.109489	33.523315
19	-0.060992417	-0.039357729	0.0085540709	-0.0019281729	0.044680549	0.097225405	0.05237062	0.056324862	0.021875955	0.0073150438	-0.0039558576	-0.0026561989	-0.051758739	-0.050476717	-0.057436791	-0.071526639	-0.09126674	-0.11769493	-0.094981892
141	0	PRM #breakage scores 0 - -10
4	-1e+09	0	1	2
5	-0.0035265544	-0.00084601388	0.011451593	-0.0095298585	-0.013416437
142	0	PRM #breakage scores 0 - 8
4	-1e+09	0	1	2
5	0.011438465	0.011438465	0.0074710158	-0.0031695128	0.011438465
143	0	PRM #breakage scores 8 - 15
2	-1e+09	1
3	-0.0063393992	-0.013133934	0.0099104171
144	0	PRM #breakage scores above 15
2	-1e+09	0
3	0.0040526057	0.0097265206	-0.0089624565
145	0	PRM %breakage scores below -10
3	-1e+09	0.25	0.33333334
4	-0.0095714395	-0.0095714395	0.0040578099	-0.0095714395
146	0	PRM %breakage scores below 0
4	-1e+09	0.25	0.33333334	0.66666669
5	-0.019487672	-0.019487672	-0.013638229	0.0087757818	-0.019487672
147	0	PRM %breakage scores above 0
3	-1e+09	0.25	0.5
4	0	0	0.0014057652	0
148	0	PRM %breakage scores above 8
3	-1e+09	0	0.25
4	-0.0055961077	-0.0055961077	0.0069630677	-0.0055961077
150	0	PRM Score connected to C-terminal
13	-1e+09	2.6490955	3.0224719	4.2479548	4.6011052	5.5887098	6.4704919	6.7862916	8.7626333	9.1439886	9.9168568	12.99806	13.954875
14	0.054251194	0	0.024522313	0.029332858	0.073857345	0.14241841	0.19104625	0.20728861	0.26611147	0.32599025	0.36365739	0.3871851	0.19646506	0.15558807
151	0	PRM %breakages with 1 frag detected
3	-1e+09	0	0.25
4	0.0039950798	0.0012377353	-0.016694959	-0.0046947607
152	0	PRM %breakages with 2 frag detected
5	-1e+09	0	0.25	0.33333334	0.5
6	0.0073795705	-0.0070494876	-0.010675979	-0.0014057278	0.0036883689	0.03185506
153	0	PRM %breakages with > 5 frags detected
3	-1e+09	0	0.33333334
4	0.056362157	0.071217536	-0.0188125	-0.020038247
154	0	PRM %breakages with dual orientation frags
6	-1e+09	0	0.25	0.33333334	0.5	0.75
7	0.036275604	-0.16252914	-0.073673671	-0.040430312	0.03115502	0.10458418	0.23035596
155	0	PRM #orientation switches
3	-1e+09	0	1
4	0.063210062	0.11888877	0.049240049	-0.11316738
157	0	COMP PPP frag 1 obs_ratio
4	-1e+09	0	0.33333334	0.66666669
5	0.13499689	0.13499689	0.094925496	0	0.13499689
158	0	COMP PPP frag 2 obs_ratio
3	-1e+09	0.25	0.5
4	0.060569828	0.060569828	0	0.14615379
159	0	COMP PPP frag 3 obs_ratio
6	-1e+09	0	0.25	0.33333334	0.5	0.66666669
7	-0.13349989	-0.20288463	-0.23079363	-0.19362691	-0.16146855	0	-0.057474683
161	0	COMP PPP MOBILE sum ranks of missed 1-5
13	-1e+09	10	15	19	30	38	39	43	45	47	49	50	55
14	0.13815834	0.058169843	-0.063684189	-0.084728913	-0.13819703	-0.067000135	-0.042723689	0.022643652	0.018806595	0.047838509	0.064163481	0.091114627	0.17814388	0.21361633
164	0	COMP PPP sum ranks of missed 1-5
11	-1e+09	14	19	23	25	28	30	34	35	41	43
12	-0.065205343	-0.065205343	0.063697051	0.058469158	0.069503109	-0.019693019	-0.041807287	-0.024506361	-0.030269305	-0.057200184	-0.023079861	-0.065205343
165	0	COMP PPP MOBILE sum ranks of missed 6-10
3	-1e+09	45	80
4	0.010004633	0.010004633	0	0.010004633
169	0	COMP PPP MOBILE sum ranks of missed 11-15
4	-1e+09	70	100	105
5	0.0075464311	0.0075464311	-0.008340516	0	0.0075464311
170	0	COMP PPP PARTMOBILE sum ranks of missed 11-15
4	-1e+09	65	95	100
5	-0.02129675	-0.02129675	0.023233446	-0.0085448473	-0.02129675
173	0	COMB PPP observed rank of predicted rank 1
6	-1e+09	1	2	3	4	5
7	-0.11094464	0.021376008	-0.11558894	-0.17154254	-0.19885372	-0.20665055	-0.22351105
174	0	COMB PPP observed rank of predicted rank 2
5	-1e+09	0	1	2	3
6	-0.0084698924	0.049287698	0.10397212	0.099039154	0.040342236	-0.019612924
175	0	COMB PPP observed rank of predicted rank 3
4	-1e+09	0	5	9
5	0.0094699748	0.0094699748	0.018442155	-0.013988973	0.0094699748
176	0	COMB PPP observed rank of predicted rank 4
4	-1e+09	3	4	6
5	0.0017722079	0.030451361	0.025904863	0.024553738	-0.042449769
177	0	COMB PPP observed rank of predicted rank 5
2	-1e+09	5
3	0.0069726476	0.012577161	-0.0049886764
178	0	COMB PPP observed rank of predicted rank 6
6	-1e+09	2	3	6	7	9
7	-0.027877158	-0.027877158	0.0036155465	0.024194726	-0.018318594	-0.026590847	-0.027877158
180	0	COMB PPP predicted rank of observed rank 1
3	-1e+09	1	4
4	-0.029267933	0.0048899392	-0.02298537	-0.040659536
181	0	COMB PPP predicted rank of observed rank 2
6	-1e+09	0	2	3	5	8
7	-0.0035962774	-0.0035962774	0.027099861	-0.0017058581	-0.019552682	-0.034810669	-0.0035962774
182	0	COMB PPP predicted rank of observed rank 3
5	-1e+09	3	4	6	9
6	0.011624591	0.019939732	-0.0057988375	-0.013659397	-0.0201422	0.011624591
183	0	COMB PPP predicted rank of observed rank 4
5	-1e+09	4	5	6	7
6	0.0028894894	0.026288326	0.019577681	0.00064372077	-0.0047510012	-0.007654867
184	0	COMB PPP predicted rank of observed rank 5
4	-1e+09	1	8	11
5	-0.0083158865	-0.0083158865	0.0044611681	-0.00056505157	-0.0083158865
185	0	COMB PPP predicted rank of observed rank 6
5	-1e+09	3	6	7	11
6	0.0028948742	0.016061146	0.021753912	6.5768583e-05	0.020386729	-0.016165573
186	0	COMB PPP predicted rank of observed rank 7
5	-1e+09	2	4	8	9
6	-0.028082501	-0.028082501	0.012141193	0.014903376	-0.0067557729	-0.028082501
187	0	COMB PPP rank of missed #1
6	-1e+09	0	1	2	3	5
7	-0.14595075	-0.28738376	-0.27542669	-0.13090238	0.022324904	0.025668978	0.056491984
188	0	COMB PPP rank of missed #3
4	-1e+09	4	9	10
5	-0.011059348	-0.011059348	0.002662663	-0.0026601348	-0.011059348
189	0	COMB PPP rank of missed #5
3	-1e+09	8	10
4	0.0013326319	0.0013326319	-0.0025996564	0.0013326319
190	0	COMB PPP rank of missed #7
4	-1e+09	9	11	12
5	0.0093297754	0.0093297754	-0.0096190728	-0.0045348085	0.0093297754
196	0	COMB PPP delta score #1
16	-1e+09	0.051880717	0.16204941	0.33176786	0.45887017	0.52646649	0.59772229	1.0468261	1.1280583	1.2152486	1.3025435	1.3946099	1.7126164	2.0236692	2.2377756	2.55476
17	-0.25017419	-0.08422489	-0.038175687	-0.095172813	-0.11410441	-0.094546847	-0.17016682	-0.10431452	-0.13089754	-0.14914852	-0.16366983	-0.18615026	-0.19555256	-0.25968007	-0.31405815	-0.35647851	-0.43280576
197	0	COMB PPP delta score #2
18	-1e+09	-1.3263958	-0.77470607	-0.60710359	-0.35450673	-0.1631434	-0.082467318	-0.0067520738	0.11838591	0.45775199	0.53368092	0.60686445	0.74877703	0.8150326	1.0901291	1.397341	1.4845374	1.8127751
19	-0.2324841	-0.10472748	-0.039037225	-0.042152485	-0.043889428	-0.085995109	-0.088649291	-0.046809024	-0.036947987	-0.045761182	-0.030705721	-0.027799377	-0.039342845	-0.06996873	-0.11191354	-0.16413254	-0.18011816	-0.28060882	-0.31454779
198	0	COMB PPP delta score #3
16	-1e+09	-1.6437225	-1.3534682	-0.97587585	-0.83033895	-0.29062891	-0.12711114	0	0.13712883	0.26520205	0.5393492	0.85484326	0.91552991	1.2423836	1.3965459	1.8974435
17	-0.26833483	-0.23906045	-0.14423294	-0.11351795	-0.037511055	-0.049257804	-0.10026053	-0.043194903	-0.040633016	-0.053084318	-0.050063923	-0.061913007	-0.087049864	-0.17152588	-0.20372058	-0.22675356	-0.31870159
199	0	COMB PPP delta score #4
14	-1e+09	-1.7844239	-1.4955708	-1.2914094	-0.74321878	-0.53722453	-0.054249763	0.286111	0.34469837	0.46477139	0.74821424	1.0731356	1.2906829	1.6596446
15	-0.058885818	-0.058885818	-0.05571147	-0.035214266	0.10963947	0.050268383	0.013653115	0.055349391	0.050389311	0.043908181	-0.01274833	-0.039029592	-0.080729871	-0.11794064	-0.058885818
200	0	COMB PPP delta score #5
14	-1e+09	-1.9574306	-1.6097877	-0.9130832	-0.52411419	-0.21968186	-0.02546382	0.074829936	0.18124151	0.38754416	0.44051415	0.94259727	1.1261606	1.4297462
15	-0.093980434	-0.093980434	0.044890712	0.092502828	0.065131705	0.053983135	0.060873411	0.064856425	0.090435452	0.083821194	0.071473339	0.014916147	0.009652902	-0.055592468	-0.093980434
201	0	COMB PPP delta score #6
16	-1e+09	-2.0688717	-1.686255	-0.9567914	-0.76108885	-0.5105195	-0.43433154	-0.36042613	-0.22158143	-0.095307589	0	0.26387537	0.43838739	0.57395816	0.76557052	1.0605774
17	-0.10679386	-0.10679386	-0.097962056	-0.078967502	-0.081585065	-0.062760401	-0.046066121	-0.041092295	-0.061112842	-0.066877467	-0.077063865	-0.102516	-0.10680688	-0.10933093	-0.073487248	-0.06831913	-0.10679386
202	0	COMB PPP delta score #7
12	-1e+09	-0.95622271	-0.76945472	-0.59309137	-0.16357636	-0.0070952177	0	0.22798264	0.30390775	0.50663853	0.59536839	1.0080582
13	-0.067368349	-0.067368349	-0.074259055	-0.027186736	-0.02844219	-0.019208544	-0.034135411	-0.045552267	-0.034489882	-0.06460443	-0.077004645	-0.079637181	-0.067368349
203	0	COMB PPP dot prod pred-obs top 15
16	-1e+09	0	0.15855861	0.21214025	0.24919875	0.26331249	0.34429869	0.40721741	0.50019717	0.50964445	0.53132939	0.54468298	0.58170182	0.59340376	0.6290741	0.6785835
17	-0.0090844667	-0.0090844667	-0.0062575703	0.0085434095	0.0045931773	-0.0022953874	-0.014186812	-0.012928017	-0.010330923	-0.0021859116	0.0023410297	-0.0060817337	-0.0073879827	0.00089758516	0.014155164	-0.00059233263	-0.0090844667
204	0	COMB PPP dot prod obs-pred top 15
13	-1e+09	0.12684689	0.15855861	0.25456828	0.26426437	0.30994117	0.35356706	0.40200341	0.42725638	0.46126881	0.50851405	0.56874865	0.61388892
14	-0.014581566	-0.014581566	-0.0077537027	-0.005387387	0.0053207701	0.017950749	-0.00035184699	0.0036160663	-0.013477303	0.02196143	0.0029499711	0.013323721	-0.0034081335	-0.014581566
205	0	COMB PPP dot prod pred-obs top 30
10	-1e+09	0	0.082300037	0.10287504	0.16168362	0.17084081	0.33066443	0.34473392	0.38500863	0.40815204
11	-0.010575552	-0.010575552	-0.0073370991	0.0011103213	0.030104914	-0.0074563682	-0.019073338	-0.010814712	-0.012473941	0.0005037302	-0.010575552
206	0	COMB PPP dot prod obs-pred top 30
13	-1e+09	0.082300037	0.16516745	0.17145841	0.18517508	0.20109415	0.22939925	0.26082543	0.27720991	0.29927763	0.32993102	0.36901209	0.39829969
14	-0.010133703	-0.010133703	-0.0052406013	0.0062942123	0.020078563	0.021326991	0.014593209	0.016123153	0.0047029304	0.01221283	-0.00015611517	0.0080783288	-0.0086541709	-0.010133703
207	0	COMB PPP dot prod pred-obs top 45
14	-1e+09	0	0.081289455	0.10875956	0.12775862	0.13499442	0.17651424	0.20877127	0.26128331	0.27240071	0.29822552	0.30422485	0.32251221	0.34789461
15	0.00097795702	0.00097795702	0.0024058987	0.0054407651	0.0013371835	-0.0032384639	-0.0087596043	-0.0047623886	-0.00080546672	0.0050121935	-0.007544411	-0.0016762779	0.0078713131	0.0064673549	0.00097795702
208	0	COMB PPP dot prod obs-pred top 45
13	-1e+09	0.081289455	0.13051146	0.13548243	0.1588999	0.18126594	0.20609815	0.2190448	0.2364822	0.2607038	0.29158473	0.31472713	0.33955583
14	-0.020305267	-0.020305267	-0.015879427	-0.0045722041	0.010828506	-0.006339889	0.000673554	-0.0091920723	0.010891586	-0.0078937488	0.0057738025	-0.011121772	-0.018863347	-0.020305267
