1 1
2  1.266 0.638 1246.599 1.375 0.634 1000000000.000
4 0 1 2 8
1 0
1 4
1 13
1 29
1 43
1 59
1 104
1 115
0 147
1 147
0
200
121
4	0	TRYP #num good tryp terminals
3	-1e+09	0	1
4	-0.74587588	-2.0379121	-0.6885035	1.8516991
5	0	TRYP #num missed tryp terminals
2	-1e+09	0
3	0.13275709	0.28363666	-0.38380688
6	0	TRYP C-term AA
4	-1e+09	7	10	14
5	-0.0094115969	-0.0094115969	-0.058559965	0.050375323	-0.0094115969
8	0	TRYP #frags at digest when C-term is K
4	-1e+09	0	3	4
5	-0.094584482	-0.094584482	0	-0.046346815	-0.094584482
11	0	TRYP AA at N-terminal When C-term is K
7	-1e+09	7	10	11	15	17	19
8	0	0	-0.57830552	-0.50766404	-0.46876412	-0.33930832	-0.11572293	0
12	0	TRYP AA at N-terminal When C-term is other
5	-1e+09	10	12	17	19
6	0.071505916	0.071505916	0.017988505	0.0091981902	0	0.071505916
13	0	ANN PEAK diff from org pm_with_19
5	-1e+09	-2.3123779	-1.2723389	-0.8927002	0.029541016
6	-0.20825349	-0.20825349	0.20199032	0.066068559	-0.19871965	-0.20825349
15	0	ANN PEAK %ann intensity
3	-1e+09	0.35716367	0.39418077
4	-0.031257246	-0.031257246	0.027064899	-0.031257246
16	0	ANN PEAK %ann peaks
5	-1e+09	0.13138686	0.1491228	0.1969697	0.30303031
6	0.11191457	0.093599395	-0.038512996	-0.12619227	0.017615931	0.1261021
17	0	ANN PEAK #ann in top 25
3	-1e+09	8	13
4	0.019313754	0.019313754	-0.017275012	0.019313754
20	0	ANN PEAK #ann in top third - #ann in last third
4	-1e+09	4	16	19
5	0.052265405	0.052265405	0.073582832	-0.072931565	0.052265405
21	0	ANN PEAK #ann in mid third - #ann in last third
6	-1e+09	0	2	4	10	11
7	0.10867732	0.10867732	0.011033914	-0.079186089	-0.091793229	-0.081507655	0.10867732
22	0	ANN PEAK #y annotated
2	-1e+09	5
3	-0.033904473	-0.049778252	0.084462113
24	0	ANN PEAK #b-H2O annotated
4	-1e+09	0	4	6
5	-0.035877072	-0.035877072	0.040201032	-0.042077212	-0.035877072
28	0	ANN PEAK #a annotated
4	-1e+09	0	1	2
5	0.010800159	0.010800159	0.0050361699	-0.0094140285	0.010800159
29	0	INTEN BAL c_idx - n_idx
2	-1e+09	5
3	-0.012834764	-0.059597969	0.061727151
31	0	INTEN BAL RHK C
2	-1e+09	2
3	0.013800128	0.027311242	0
32	0	INTEN BAL RHK pair
2	-1e+09	0
3	0.02079521	0	0.032395767
36	0	INTEN BAL prefix prop, pair +2,+3
4	-1e+09	0.30030888	0.36317471	0.79604203
5	0	0	0.056389899	0.15807403	0
37	0	INTEN BAL prefix prop, pair +4,+5
5	-1e+09	0.038140874	0.083627261	0.49142393	0.61692929
6	0	0	0.0085421286	0.19613674	0.055768869	0
40	0	INTEN BAL all prefix prop, pair -1,0,+1
4	-1e+09	0.030447245	0.61538875	0.71407402
5	0	0	-0.17361406	-0.16393843	0
43	0	PEAK OFF y num frags detected
2	-1e+09	5
3	0.030635148	-0.063225354	0.030635148
44	0	PEAK OFF y max self offset
3	-1e+09	0.15752029	0.18126297
4	0.060595204	0.12011117	0.040542234	0
45	0	PEAK OFF y avg self offset
8	-1e+09	0.065814972	0.081235506	0.10885748	0.11488724	0.13851039	0.15025456	0.1660759
9	0.19842349	0.19842349	0.094885052	0.13651727	0.10145796	0.041632222	0.17434691	0.18101183	0.19842349
47	0	PEAK OFF y avg consecutive offset
4	-1e+09	0.16834716	0.18165588	0.22389984
5	0.19062444	0.19322101	0.12057226	0	0.18419321
48	0	PEAK OFF y grab offset #1
5	-1e+09	0.055053711	0.10583496	0.11657715	0.3828125
6	0	0	0.032205502	0.063386177	0.079135742	0
49	0	PEAK OFF y grab offset #2
3	-1e+09	0.0052490234	0.015991211
4	0.07384436	0.042739143	0	0.11375666
50	0	PEAK OFF y grab offset #3
5	-1e+09	0.0098876953	0.064941406	1	2
6	0	0	0.38859852	0.18435148	0.010538105	0
51	0	PEAK OFF b num frags detected
4	-1e+09	0.15184295	1	2
5	0.14789256	0.080214465	0	0.17290776	0.19098749
52	0	PEAK OFF b max self offset
7	-1e+09	0.049792171	0.085422873	0.09239471	0.12852752	0.16212189	0.2086612
8	0.019016559	0.019016559	0.020507078	0.06822284	0.14222475	0.12320819	0.1542021	0.019016559
53	0	PEAK OFF b avg self offset
3	-1e+09	0.08881823	0.15543854
4	0.0065798708	0.0065798708	0	0.0065798708
54	0	PEAK OFF b max consecutive offset
5	-1e+09	0.11737061	0.13647461	0.16595459	0.17669678
6	0.05472867	0.05472867	0	0.0047102132	0.036824775	0.05472867
55	0	PEAK OFF b avg consecutive offset
5	-1e+09	0.046630859	0.056329347	0.15411377	0.22839355
6	0.030234018	0.030234018	0.016915521	0.030234018	0.013318497	0.030234018
56	0	PEAK OFF b grab offset #1
3	-1e+09	0.031860352	0.040039062
4	0.090759677	0	0.15010037	0.16624024
57	0	PEAK OFF b grab offset #2
4	-1e+09	0.014892578	0.11499023	0.20471191
5	0.073180959	0.024434668	0.25910074	0.08475879	0.10919346
60	0	PEP COMP end cat C (len 3)
3	-1e+09	10	14
4	-0.0015305128	0.0091610183	-0.0059409272	-0.0095961838
62	0	PEP COMP len 3 # cat 15-18
2	-1e+09	0
3	-0.0031379713	-0.0045776612	0.0071169348
63	0	PEP COMP len 3 # cat 7-14
4	-1e+09	0	2	3
5	0.086638757	0.086638757	-0.096278907	0.022488643	0.086638757
67	0	PEP COMP avg cat, len 3
3	-1e+09	5.2727275	7.75
4	0.019278445	0.019278445	-0.017894661	0.019278445
70	0	PEP COMP span cat score 1
5	-1e+09	1	12	16	18
6	0.027495127	0.027495127	0.052368946	0	0.034944457	0.027495127
71	0	PEP COMP before cat score 2
4	-1e+09	-1	15	19
5	0.045785567	0.088025877	0.15570378	0.10256935	0
72	0	PEP COMP after cat score 2
5	-1e+09	-1	12	15	18
6	0	0	0.12917085	0.10033403	0.086325082	0
73	0	PEP COMP span cat score 2
6	-1e+09	1	4	8	14	16
7	0.054557087	0.076578373	0.11875945	0.17905121	0.096324653	0	0.031654563
74	0	PEP COMP before cat score 3
5	-1e+09	-1	9	10	16
6	-0.025257295	-0.025257295	0	-0.010342973	-0.014460322	-0.025257295
75	0	PEP COMP after cat score 3
6	-1e+09	-1	7	11	12	19
7	-0.14717221	-0.14717221	-0.065675499	0.012268555	-0.033223022	-0.12894211	-0.14717221
76	0	PEP COMP span cat score 3
2	-1e+09	4
3	-0.01247588	0	-0.033196402
77	0	PEP COMP before cat score 4
6	-1e+09	-1	7	11	18	19
7	-0.020599703	-0.020599703	0.13237418	0.12115332	0.15819909	0.059921	-0.020599703
79	0	PEP COMP span cat score 4
4	-1e+09	5	15	16
5	0	0	0.029464607	0.0055154269	0
80	0	PEP COMP #aa A
1	-1e+09
2	0	0.16111178
85	0	PEP COMP #aa Q
1	-1e+09
2	0	-0.065879387
87	0	PEP COMP #aa G
2	-1e+09	1
3	0.16032771	0.15096908	0.45309842
90	0	PEP COMP #aa K
2	-1e+09	1
3	0	0	-0.0067968659
93	0	PEP COMP #aa P
1	-1e+09
2	0	0.1649779
94	0	PEP COMP #aa S
2	-1e+09	1
3	-0.033920692	-0.034891973	0
100	0	PEP COMP #double combo=W
1	-1e+09
2	0	-0.041937423
104	0	PMCSQS sqs prob for peptide charge
9	-1e+09	0.70933378	0.75683659	0.79295009	0.86910981	0.91510302	0.92713118	0.98019719	0.98911303
10	0.020323687	0.33140307	0.25181188	0.21846886	0.035122066	-0.082412221	-0.32003599	-0.3779851	-0.33473965	-0.27842516
106	0	PMCSQS mass diff from pm1, prob>0.95
7	-1e+09	-0.35510254	-0.14819336	-0.016601562	0.058959961	0.22216797	1.1436768
8	-0.57732356	-0.57732356	-0.18700949	-0.050891115	-0.141572	-0.16193383	-0.11104272	-0.57732356
108	0	PMCSQS score1 for peptide charge
9	-1e+09	1.0280583	1.2246556	1.6608133	1.8734596	1.9747025	2.0738823	2.1696489	2.8573065
10	0.071607077	0.38525404	0.37120781	0.32884877	-0.033695494	-0.068126428	-0.14354375	-0.16045578	-0.23512644	-0.32909696
109	0	PMCSQS score2 for peptide charge
5	-1e+09	-0.14827488	0.44913974	0.92998838	1.8579199
6	-0.095444176	-0.09057983	0	-0.066971968	-0.13739302	-0.10305344
110	0	PMCSQS mass diff from pm2
4	-1e+09	-1.0838623	-0.15783691	1.8548584
5	-0.074724712	-0.12400975	-0.11655415	0	-0.035347547
112	0	PMCSQS score diff from max score with this charge, prob>=0.95
6	-1e+09	4.207375	5.2419014	5.6388402	5.9708567	6.2956028
7	-0.21961475	-0.21961475	-0.029765957	-0.066915791	-0.037149834	-0.11343682	-0.21961475
115	0	PRM N/C delta mass
4	-1e+09	-3.8146973e-05	-7.6293945e-06	3.0517578e-05
5	0.088190049	0.088190049	-0.035846745	-0.075691165	0.088190049
116	0	PRM N/C total breakage score
5	-1e+09	-37.35582	-9.3818989	17.294611	32.065342
6	0.074123321	0.039600219	0.01109959	0	0.1005763	0.12940359
117	0	PRM N/C average breakage score
3	-1e+09	-1.539678	6.0509896
4	0.016694069	0.016694069	0	0.016694069
118	0	PRM N/C normalized average breakage score
3	-1e+09	-0.94488609	4.7858534
4	0.031682798	0.031682798	0	0.031682798
120	0	PRM N/C average path score
3	-1e+09	3.8087094	8.5184174
4	0.0080332899	0.0080332899	-0.0090382383	0.0080332899
121	0	PRM delta num breakage scores (missing)
3	-1e+09	2	4
4	-0.0406306	-0.015694355	0.081626612	-0.075180441
123	0	PRM num breakage scores
4	-1e+09	6	7	8
5	0.0081171451	-0.68283836	-0.3880406	0.31508725	0.75693512
124	0	PRM breakage score min 1
5	-1e+09	-39.469284	-22.845531	-3.5800242	-1.3602418
6	0.13181167	0	0.12319279	0.3828242	0.32608192	0.2912504
125	0	PRM breakage score min 2
3	-1e+09	-24.48852	-10.054441
4	0	0	0.029403531	0
126	0	PRM breakage score min 3
9	-1e+09	-18.593821	-9.4562826	-6.0320315	-0.38577747	5.6121511	6.6882486	7.954886	9.4829254
10	0	0	0.28727685	0.41692977	0.43322765	0.39653756	0.35443808	0.21985023	0.14715154	0
128	0	PRM breakage score max consecutive 3
4	-1e+09	-3.5535817	1.5042093	32.098045
5	0	0	0.0031744337	0.1218209	0
130	0	PRM breakage score max consecutive 2
4	-1e+09	11.623507	22.230324	36.631557
5	0.21585583	0.21585583	0	0.12031708	0.21585583
133	0	PRM #breakage scores 0 - 8
2	-1e+09	1
3	-0.0078517195	-0.030668031	0.036889952
134	0	PRM #breakage scores 8 - 15
2	-1e+09	1
3	-0.010918681	-0.045664091	0.035118183
136	0	PRM %breakage scores below -10
3	-1e+09	0.125	0.14285715
4	0.16520381	0.32285198	0.1672097	0
138	0	PRM %breakage scores above 0
4	-1e+09	0.33333334	0.5714286	0.71428573
5	0.17086464	0.17086464	0.054860655	0	0.17086464
139	0	PRM %breakage scores above 8
4	-1e+09	0.2857143	0.33333334	0.42857143
5	0	0	0.33888773	0.23114022	0
140	0	PRM Score connected to N-terminal
6	-1e+09	-2.9091642	2.1689351	6.7905083	11.301526	12.547067
7	0	0	0.042399518	0.29769566	0.090984843	0.07963425	0
141	0	PRM Score connected to C-terminal
6	-1e+09	-28.397602	2.1479559	4.1818652	10.018798	13.557513
7	-0.38567582	-0.38567582	-0.34875229	0.063155175	0.097368657	-0.28562385	-0.38567582
142	0	PRM %breakages with 1 frag detected
2	-1e+09	0
3	0.0010206404	-0.015644703	0.021718287
143	0	PRM %breakages with 2 frag detected
5	-1e+09	0.083333336	0.125	0.14285715	0.25
6	0.062820024	0.062820024	-0.067926901	-0.052268375	0.0052977547	0.062820024
145	0	PRM %breakages with dual orientation frags
3	-1e+09	0.2	0.30000001
4	-0.0045731636	-0.23121894	0.035180095	0.23519962
148	0	COMP PPP frag 1 obs_ratio
3	-1e+09	0.66666669	0.75
4	0.0019411493	-0.052632948	-0.040066018	0.062568179
149	0	COMP PPP frag 2 obs_ratio
3	-1e+09	0.25	0.625
4	0.074231678	0.038933335	-0.09358104	0.10381995
150	0	COMP PPP frag 3 obs_ratio
4	-1e+09	0.125	0.375	0.75
5	0.053898799	0.17220353	0.20771632	-0.20959459	-0.084446334
153	0	COMP PPP PARTMOBILE sum ranks of missed 1-5
3	-1e+09	43	64
4	0.064420154	0.064420154	0	0.064420154
155	0	COMP PPP sum ranks of missed 1-5
7	-1e+09	20	26	41	56	67	80
8	0.47900201	-1.148204	-1.1983934	-1.2124503	-0.34449154	0.073974684	0.35324528	0.67938196
157	0	COMP PPP PARTMOBILE sum ranks of missed 6-10
3	-1e+09	68	80
4	0.045805305	0.045805305	0	0.045805305
161	0	COMP PPP PARTMOBILE sum ranks of missed 11-15
3	-1e+09	73	94
4	0.019364825	0.019364825	0	0.019364825
162	0	COMP PPP NONMOBILE sum ranks of missed 11-15
4	-1e+09	109	116	148
5	-0.21813797	-0.22315097	0	-0.077246613	-0.20745757
163	0	COMP PPP sum ranks of missed 11-15
3	-1e+09	93	95
4	-0.040409471	-0.069045502	-0.040241952	0
164	0	COMB PPP observed rank of predicted rank 1
5	-1e+09	2	3	4	5
6	-0.14603359	0.18362064	0.072969838	-0.23124609	-0.33163715	-0.39379372
165	0	COMB PPP observed rank of predicted rank 2
5	-1e+09	3	4	6	8
6	0.028486037	0.1370539	0.014175267	-0.03212835	-0.079383075	-0.12163038
166	0	COMB PPP observed rank of predicted rank 3
4	-1e+09	4	6	11
5	0.013614608	0.1520945	-0.10597047	-0.12423627	-0.13817541
167	0	COMB PPP observed rank of predicted rank 4
2	-1e+09	6
3	-0.015809622	0.10335575	-0.10105461
168	0	COMB PPP observed rank of predicted rank 5
3	-1e+09	1	7
4	-0.012058693	-0.012058693	0.0077152415	-0.012058693
169	0	COMB PPP observed rank of predicted rank 6
6	-1e+09	2	3	4	8	9
7	-0.080030206	-0.080030206	-0.05637705	0.073595403	0.093277087	0.01584164	-0.080030206
170	0	COMB PPP observed rank of predicted rank 7
3	-1e+09	4	11
4	-0.029225494	-0.024921851	0.035479028	-0.031805726
171	0	COMB PPP predicted rank of observed rank 1
3	-1e+09	4	7
4	-0.0042415567	0.1311115	0.00030319096	-0.11259289
172	0	COMB PPP predicted rank of observed rank 2
3	-1e+09	3	6
4	0.066421192	0.14661592	-0.14102872	-0.023997282
173	0	COMB PPP predicted rank of observed rank 3
4	-1e+09	9	11	24
5	0.045500313	0.084855142	-0.0083254104	-0.07851377	0.012812003
175	0	COMB PPP predicted rank of observed rank 5
4	-1e+09	1	3	27
5	-0.091565248	-0.091565248	0.09320876	-0.094811004	-0.091565248
176	0	COMB PPP predicted rank of observed rank 6
6	-1e+09	2	6	7	8	18
7	-0.038453946	-0.038453946	0.035807678	-0.014961343	-0.024574856	-0.032667745	-0.038453946
177	0	COMB PPP predicted rank of observed rank 7
2	-1e+09	23
3	-0.00042936783	0.0012830651	-0.0012843336
178	0	COMB PPP rank of missed #1
6	-1e+09	0	3	4	5	7
7	-0.010401853	-0.41575805	-0.7057509	-0.5102366	-0.25642545	0.00518984	0.53654509
179	0	COMB PPP rank of missed #3
4	-1e+09	5	12	14
5	0.09727803	0.0057826662	-0.19294761	-0.16504734	0.19203091
182	0	COMB PPP rank of missed #9
4	-1e+09	9	11	20
5	0.051728125	0.051728125	-0.012660809	-0.053359615	0.051728125
183	0	COMB PPP rank of missed #11
4	-1e+09	12	16	20
5	0.21985307	0.21985307	-0.22829747	-0.093331047	0.21985307
185	0	COMB PPP rank of missed #15
2	-1e+09	24
3	-0.035067209	-0.060572894	0
186	0	COMB PPP rank of missed #17
3	-1e+09	23	32
4	-0.17138314	-0.316762	-0.052523875	0
187	0	COMB PPP delta score #1
3	-1e+09	2.2206445	3.2313657
4	0.073168541	0.16941677	0.10958234	0
188	0	COMB PPP delta score #2
4	-1e+09	-0.24661064	2.0662489	2.4952199
5	0.062314078	0.11978784	0.1908985	0.10480062	0
189	0	COMB PPP delta score #3
4	-1e+09	-1.4432187	0.5405755	0.87156963
5	-0.0164598	0.053141129	0.053776131	0.053141129	-0.10795568
190	0	COMB PPP delta score #4
7	-1e+09	-0.57301807	0.42543221	1.0245924	1.3287768	1.8474989	2.0458851
8	-0.1985461	0.020964665	-0.00077108107	-0.045111292	-0.18711679	-0.19097089	-0.27400873	-0.38850361
191	0	COMB PPP delta score #5
6	-1e+09	-1.5633759	-0.029239655	0.7387476	1.1685121	1.3267374
7	-0.025382374	0.088099697	0.27036949	0.22652748	0.16797296	-0.084237928	-0.12216895
192	0	COMB PPP delta score #6
6	-1e+09	-1.5896378	-1.0324793	0.51758957	1.0766017	1.5588272
7	0.032485913	0.069004533	0.084232199	0.17898041	0.11311526	0.098972029	0
193	0	COMB PPP delta score #7
6	-1e+09	-1.6669264	-0.3493433	0.44883251	0.99498057	1.4705
7	0.10787209	0.10787209	0.39772934	0.4645865	0.09201939	0.19989148	0.10787209
194	0	COMB PPP dot prod pred-obs top 15
2	-1e+09	0.74216545
3	-0.0008884465	-0.001788406	0.00045288978
197	0	COMB PPP dot prod obs-pred top 30
4	-1e+09	0.54591334	0.65369821	0.70820951
5	0.012040046	-0.026823027	-0.061927937	-0.0082795718	0.076608912
199	0	COMB PPP dot prod obs-pred top 45
4	-1e+09	0.43136796	0.51653707	0.55961061
5	0.009574303	0.0050637234	-0.024497273	-0.018133318	0.015330267
