3 3
4  4.195 0.547 3496.570 4.612 0.558 3996.905 4.627 0.635 4497.049 4.394 0.767 1000000000.000
4 0 1 3 5
1 0
1 4
1 13
1 29
1 43
1 59
1 104
1 115
0 147
1 147
0
200
83
4	0	TRYP #num good tryp terminals
3	-1e+09	0	1
4	-1.3148801	-2.3490805	-0.50225512	1.9934096
5	0	TRYP #num missed tryp terminals
3	-1e+09	0	3
4	-0.027409018	-0.027409018	0.025343408	-0.027409018
11	0	TRYP AA at N-terminal When C-term is K
4	-1e+09	4	6	10
5	0.038665044	0.038665044	0.032476895	0	0.038665044
12	0	TRYP AA at N-terminal When C-term is other
3	-1e+09	6	19
4	0	0	-0.027686357	0
13	0	ANN PEAK diff from org pm_with_19
5	-1e+09	-3.0698242	-2.7897949	-2.1257324	-0.8034668
6	-0.11623729	-0.6346036	0.58740258	0.63560338	0.59364614	0.49512629
14	0	ANN PEAK # aas in peptide
2	-1e+09	46
3	0.01207056	-0.20023593	0.19889602
15	0	ANN PEAK %ann intensity
7	-1e+09	0.17825271	0.23042491	0.27208829	0.43057069	0.46846578	0.55858439
8	0.16640127	0.10727212	0.066334118	-0.18040216	-0.1850916	0.085817541	0.18425021	0.2151321
16	0	ANN PEAK %ann peaks
11	-1e+09	0.21985815	0.22695035	0.23404256	0.24137931	0.25	0.25899279	0.26950353	0.28169015	0.29787233	0.3203125
12	-0.21821321	-0.50860779	-0.49955587	-0.48066819	-0.37178543	-0.19635606	-0.19202449	-0.0060122373	0.060015052	0.12350447	0.2309483	0.2732864
17	0	ANN PEAK #ann in top 25
6	-1e+09	4	5	6	7	11
7	-0.13390507	-0.13390507	0.00051689101	0.14732142	-0.089270917	-0.15082073	-0.13390507
18	0	ANN PEAK #ann in top half (up to 50)
7	-1e+09	7	9	10	14	23	25
8	0.3723634	0.3723634	-0.070229136	-0.27838075	-0.41203266	-0.44831708	-0.19531878	0.3723634
20	0	ANN PEAK #ann in top third - #ann in last third
3	-1e+09	-3	0
4	-0.0042867039	-0.0042867039	0.0062405546	-0.0042867039
21	0	ANN PEAK #ann in mid third - #ann in last third
4	-1e+09	-4	1	6
5	0.017169401	0.017169401	0.014310945	-0.016202267	0.017169401
24	0	ANN PEAK #b-H2O annotated
4	-1e+09	0	3	4
5	0.038018042	0.038018042	-0.042549513	0.0055838539	0.038018042
29	0	INTEN BAL c_idx - n_idx
4	-1e+09	2	20	24
5	0.0068867187	0.0068867187	-0.010197761	0.0026108584	0.0068867187
44	0	PEAK OFF y max self offset
6	-1e+09	0.10602951	0.18297195	0.23680496	0.43992996	0.46033859
7	-0.0054002576	-0.031557854	-0.055876449	0.055543546	0.065537765	0.031190771	0.027371487
51	0	PEAK OFF b num frags detected
4	-1e+09	0.1789676	3	5
5	-0.054556917	-0.096372834	-0.23082172	0.0076278514	0.043828546
61	0	PEP COMP len 3 # cat 19-20
2	-1e+09	1
3	-0.00037704904	-0.0033306304	0.0047642161
62	0	PEP COMP len 3 # cat 15-18
5	-1e+09	1	5	10	11
6	-0.21679031	-0.21679031	0.12503987	0.19506429	-0.064520111	-0.21679031
63	0	PEP COMP len 3 # cat 7-14
3	-1e+09	4	8
4	0.002340476	-0.016692939	-0.043168201	0.029481233
65	0	PEP COMP len 3 # cat 1-2
5	-1e+09	0	5	6	7
6	0.0031864941	0.012968614	0.040550357	0.022602828	0.014487818	-0.02312567
67	0	PEP COMP avg cat, len 3
8	-1e+09	4.5185184	7.2162161	7.4545455	7.6944447	9.3461542	10.30303	10.7
9	0.24184013	0.013682022	-0.40984496	-0.24756754	0.003758326	0.048426946	0.089591819	0.42870048	0.48084022
69	0	PEP COMP after cat score 1
2	-1e+09	17
3	0.036508554	0.082712972	0
72	0	PEP COMP after cat score 2
2	-1e+09	9
3	0.016474708	0.031489458	0
73	0	PEP COMP span cat score 2
5	-1e+09	9	12	13	18
6	0.06309647	0.12111009	0.11347357	0.085098639	0	0.0011998673
75	0	PEP COMP after cat score 3
4	-1e+09	3	11	17
5	0.052483134	0.10511139	0.11553969	0.13794523	0
76	0	PEP COMP span cat score 3
3	-1e+09	1	11
4	0.043063913	0.043063913	0	0.043063913
80	0	PEP COMP #aa A
2	-1e+09	1
3	0.023984909	0	0.11000768
83	0	PEP COMP #aa D
3	-1e+09	2	3
4	-0.17175212	-0.17175212	0	-0.17175212
84	0	PEP COMP #aa C
2	-1e+09	2
3	-0.0028202547	-0.0050220069	0
85	0	PEP COMP #aa Q
3	-1e+09	1	2
4	0.0057570332	0.0057570332	0	0.0057570332
86	0	PEP COMP #aa E
3	-1e+09	1	2
4	-0.0063654587	-0.0063654587	0	-0.0063654587
89	0	PEP COMP #aa L
2	-1e+09	2
3	-0.046594896	-0.075953949	0
90	0	PEP COMP #aa K
2	-1e+09	1
3	-0.016843067	0	-0.049650866
91	0	PEP COMP #aa M
2	-1e+09	1
3	-0.20419328	-0.22196842	0
92	0	PEP COMP #aa F
3	-1e+09	2	3
4	0.20837461	0	0.063314067	0.42011263
95	0	PEP COMP #aa T
3	-1e+09	1	2
4	-0.021821419	0	-0.012019393	-0.059290455
97	0	PEP COMP #aa Y
2	-1e+09	1
3	0.048336554	0.1491797	0.25195167
98	0	PEP COMP #aa V
2	-1e+09	1
3	-0.0092532904	0	-0.03622026
102	0	PEP COMP #double combo=N
4	-1e+09	1	11	13
5	0.53662293	0.12170465	0	0.25146788	1.0060875
103	0	PEP COMP #double problematic combos with XG
3	-1e+09	2	12
4	0.094972123	0.094972123	0	0.094972123
104	0	PMCSQS sqs prob for peptide charge
8	-1e+09	0.21695797	0.26976785	0.42040113	0.60538745	0.69203758	0.72799742	0.93315136
9	0.057259474	0.3932488	0.2218172	-0.057011168	-0.088787145	-0.15309377	-0.22256553	-0.38593729	-0.30699494
105	0	PMCSQS prob for peptide charge
3	-1e+09	0.5206666	0.98995388
4	0.020809464	0.020809464	-0.021380514	0.020809464
107	0	PMCSQS mass diff from pm1, prob<=0.95
4	-1e+09	-0.77636719	0.42749023	0.66503906
5	-0.022343117	-0.022343117	0	-0.014304977	-0.022343117
108	0	PMCSQS score1 for peptide charge
7	-1e+09	3.8697443	4.1044044	4.1974564	4.2348843	4.2710571	4.5115461
8	0.048399709	0.51645319	0.20734642	0.15275405	0.093720197	0.032448585	-0.37471379	-0.46042412
109	0	PMCSQS score2 for peptide charge
6	-1e+09	3.7663167	3.8260121	3.8739724	4.0601778	4.1981845
7	-0.39193388	0	-0.39304521	-0.43419349	-0.69001861	-0.79683763	-0.80338389
110	0	PMCSQS mass diff from pm2
7	-1e+09	-2.7727051	-0.79516602	0.12768555	0.89624023	1.168457	1.5002441
8	-0.14460061	-0.12367698	-0.17039628	-0.046719299	-0.082158382	-0.12140579	-0.14499389	-0.17039628
111	0	PMCSQS max  prob for other charges
3	-1e+09	0.0099914074	0.13019496
4	0.055857811	0.055857811	-0.055304162	0.055857811
115	0	PRM N/C delta mass
3	-1e+09	-0.00012207031	-7.6293945e-06
4	0.0078234493	0.0078234493	-0.0065592235	0.0078234493
116	0	PRM N/C total breakage score
4	-1e+09	-39.798599	12.987031	49.369072
5	0.12669829	0.12669829	0.0024208791	0	0.12669829
118	0	PRM N/C normalized average breakage score
4	-1e+09	-1.6878426	0.19685116	1.6744082
5	0.1498791	0.1498791	0.13854093	0	0.1498791
123	0	PRM num breakage scores
7	-1e+09	0	3	4	8	9	11
8	0.49441509	0.40150454	-0.10267767	-0.31546258	-0.4133907	0.047926337	0.101709	0.58002561
130	0	PRM breakage score max consecutive 2
3	-1e+09	4.1818485	12.511691
4	0.087618409	0.087618409	0	0.087618409
133	0	PRM #breakage scores 0 - 8
4	-1e+09	0	5	7
5	0.027948038	-0.078577859	-0.12141659	0.075745235	0.11858396
141	0	PRM Score connected to C-terminal
3	-1e+09	-0.52514321	2.0219488
4	0	0	0.025226907	0
143	0	PRM %breakages with 2 frag detected
3	-1e+09	0.22222222	0.40000001
4	-0.015985876	-0.015985876	0.02067862	-0.015985876
148	0	COMP PPP frag 1 obs_ratio
3	-1e+09	0.1875	0.47058824
4	0.025563328	0.025563328	-0.026025138	0.025563328
149	0	COMP PPP frag 2 obs_ratio
2	-1e+09	0.12
3	-0.0048031699	-0.035543925	0.027906536
150	0	COMP PPP frag 3 obs_ratio
3	-1e+09	0.033333335	0.16
4	-0.0093124718	-0.0093124718	0.0079361597	-0.0093124718
151	0	COMP PPP num missed peaks
3	-1e+09	27	40
4	0.051924116	0.051924116	-0.0078975061	0.051924116
155	0	COMP PPP sum ranks of missed 1-5
5	-1e+09	13	24	32	47
6	-0.16961494	-0.37763582	-0.54972399	-0.47143166	-0.17208817	0
159	0	COMP PPP sum ranks of missed 6-10
4	-1e+09	38	80	101
5	0	0	-0.14118464	-0.12039805	0
161	0	COMP PPP PARTMOBILE sum ranks of missed 11-15
2	-1e+09	124
3	-0.015981162	-0.029745027	0
164	0	COMB PPP observed rank of predicted rank 1
2	-1e+09	4
3	-0.00046864178	0.13526993	-0.13145537
169	0	COMB PPP observed rank of predicted rank 6
3	-1e+09	2	12
4	-0.033444496	-0.033444496	0.02774208	-0.033444496
171	0	COMB PPP predicted rank of observed rank 1
2	-1e+09	12
3	0.001187871	0.035889441	-0.037978287
172	0	COMB PPP predicted rank of observed rank 2
2	-1e+09	19
3	-0.0056362589	0.056167047	-0.06318784
173	0	COMB PPP predicted rank of observed rank 3
7	-1e+09	1	9	11	13	26	38
8	-0.12102224	-0.1088368	0.15519671	-0.098191351	-0.11402277	-0.14408467	-0.12591131	-0.13461925
178	0	COMB PPP rank of missed #1
3	-1e+09	1	2
4	0.040462505	-0.22735625	0.25768503	0.28715247
179	0	COMB PPP rank of missed #3
3	-1e+09	5	9
4	0.013101279	-0.10283568	-0.077015038	0.10232493
181	0	COMB PPP rank of missed #7
2	-1e+09	18
3	-0.024574324	-0.051140074	0
183	0	COMB PPP rank of missed #11
3	-1e+09	12	21
4	-0.062991524	-0.11579527	-0.18433994	0
184	0	COMB PPP rank of missed #13
4	-1e+09	14	18	20
5	-0.012868247	-1.5719878	-1.5997456	-1.5434706	0
187	0	COMB PPP delta score #1
6	-1e+09	0.47109413	1.4900894	1.614399	1.742939	2.5970535
7	0.17644693	0.37870638	0.28598004	0.1809962	0.12852968	-0.016225438	0.0098862148
188	0	COMB PPP delta score #2
5	-1e+09	1.1305885	1.3677082	1.7361698	2.0088348
6	0.092137184	0.25670314	0.14734133	0.14381308	0.040571173	0
189	0	COMB PPP delta score #3
6	-1e+09	0.52440453	0.88372231	0.9998436	1.4636726	2.3187809
7	0.021701083	0.24508883	0.1787778	0.11229225	0.0048639143	-0.14681714	-0.22328697
190	0	COMB PPP delta score #4
6	-1e+09	-0.051740646	0.0067043304	0.81171608	0.92470741	1.1542702
7	-0.22931567	-0.16010646	-0.088489932	0	-0.10156653	-0.20866406	-0.29950008
191	0	COMB PPP delta score #5
7	-1e+09	-0.13062096	0	0.87493134	1.2368908	1.3599854	1.624258
8	-0.26894958	-0.26894958	-0.22929633	0	-0.091195659	-0.11250185	-0.1768937	-0.26894958
192	0	COMB PPP delta score #6
2	-1e+09	0.74088478
3	-0.016825941	0	-0.036998662
193	0	COMB PPP delta score #7
5	-1e+09	-0.54771042	0.85671425	0.98274612	3.4973316
6	0.019748134	0.080994947	0.085369688	0.050543692	-0.09559152	-0.033904854
196	0	COMB PPP dot prod pred-obs top 30
4	-1e+09	0.22270146	0.38236797	0.63046277
5	0.063016569	0.063016569	-0.049584562	0.035010117	0.063016569
197	0	COMB PPP dot prod obs-pred top 30
6	-1e+09	0.09068229	0.21901755	0.29015541	0.30515531	0.61208189
7	0.052435664	0.011764474	-0.12099655	-0.13757778	-0.15475686	-0.21492884	0.091535404
198	0	COMB PPP dot prod pred-obs top 45
3	-1e+09	0.19549251	0.34866807
4	0.019613666	0.016131073	-0.026161899	0.022914564
199	0	COMB PPP dot prod obs-pred top 45
6	-1e+09	0.071655028	0.17306255	0.22927403	0.2411266	0.4836528
7	0.12907501	0.092065881	0.0023429803	-0.0053393842	-0.021924346	-0.07431297	0.16460291
