2 0
3  -2.002 0.848 824.415 -1.866 0.824 924.417 -1.967 0.816 1000000000.000
4 0 1 2 3
1 0
1 4
1 13
1 29
1 43
1 59
1 104
1 115
0 147
1 147
0
200
168
4	0	TRYP #num good tryp terminals
2	-1e+09	1
3	-0.80642481	-0.80642481	0.36140397
5	0	TRYP #num missed tryp terminals
3	-1e+09	0	1
4	0.081382567	0.24302885	-0.21446346	-0.36679032
7	0	TRYP #frags at digest when C-term is R
4	-1e+09	1	4	6
5	0	0	-0.033857643	-0.02313571	0
8	0	TRYP #frags at digest when C-term is K
6	-1e+09	0	2	4	5	6
7	-0.055943848	-0.055943848	-0.21827233	-0.067778007	-0.12372186	-0.083335697	-0.055943848
9	0	TRYP #frags at digest when C-term is other
3	-1e+09	3	4
4	0.041196914	0.12133951	0.0801426	0.12133951
10	0	TRYP AA at N-terminal When C-term is R
10	-1e+09	7	9	11	12	14	15	17	19	20
11	-0.2224348	-0.2224348	-0.20771503	-0.19306395	-0.20779664	-0.26090041	-0.13102255	-0.26090041	-0.17817681	-0.15924871	-0.2224348
11	0	TRYP AA at N-terminal When C-term is K
7	-1e+09	4	6	7	16	20	22
8	-0.22528101	-0.16204431	-0.01010648	-0.12251683	-0.32460331	-0.31449683	-0.32460331	-0.29520553
12	0	TRYP AA at N-terminal When C-term is other
12	-1e+09	4	5	7	9	11	12	14	15	16	19	20
13	0.45816889	0.5073117	0.28443816	0.35674173	0.47029562	0.5073117	0.43690258	0.37918802	0.5073117	0.45383571	0.48770865	0.43401297	0.5073117
13	0	ANN PEAK diff from org pm_with_19
10	-1e+09	-1.0145874	-0.91375732	-0.8336792	-0.72497559	-0.49719238	-0.42419434	-0.1427002	-0.0067749023	0.017578125
11	-0.16965748	0.0051972687	0.17243103	0.15137112	0.13704045	0.21109984	0.23318541	0.2457431	-0.017460539	0.3126899	-0.30649893
14	0	ANN PEAK # aas in peptide
3	-1e+09	8	9
4	0.0066695033	-0.18675828	0.031222537	0.20156297
15	0	ANN PEAK %ann intensity
9	-1e+09	0.27973583	0.39967293	0.43927503	0.5528028	0.65541732	0.74827236	0.81761938	0.89179462
10	0.03627451	0.03627451	0.016993919	-0.010537126	-0.019889048	-0.033470297	0.030852246	-0.0098267654	-0.032660187	0.03627451
16	0	ANN PEAK %ann peaks
9	-1e+09	0.32394367	0.33333334	0.38709676	0.3968254	0.4375	0.46478873	0.48275861	0.50617284
10	0.010140411	-0.12335516	-0.076025444	-0.053079981	-0.0079043748	0.012958137	-0.0059104881	0.056060286	0.10667881	0.13423215
17	0	ANN PEAK #ann in top 25
6	-1e+09	8	11	12	13	15
7	-0.0050420494	-0.032094853	-0.049518588	-0.04546253	0.018069313	-0.030006139	0.041761509
18	0	ANN PEAK #ann in top half (up to 50)
8	-1e+09	11	14	15	16	17	18	20
9	-0.011044809	-0.26327339	-0.19521259	-0.17185331	-0.10492526	-0.052331886	-0.032737175	0.080308379	0.20737945
19	0	ANN PEAK #ann in top third - #ann in mid third
7	-1e+09	0	2	3	4	7	8
8	0.0017455728	0.10153075	0.043670826	-0.065009795	0.010070078	-0.058288343	-0.062656901	-0.069745922
20	0	ANN PEAK #ann in top third - #ann in last third
6	-1e+09	0	3	4	8	10
7	-0.027729679	-0.018923966	0.049901509	0.0030742034	-0.069474365	-0.094445214	-0.033827103
21	0	ANN PEAK #ann in mid third - #ann in last third
5	-1e+09	-3	1	2	3
6	-1.226347e-05	-0.007845117	-0.0015455786	-0.020463683	0.02146008	0.0098193878
22	0	ANN PEAK #y annotated
3	-1e+09	3	5
4	-0.027939565	-0.027939565	-0.033428859	0.0054892944
24	0	ANN PEAK #b-H2O annotated
3	-1e+09	3	4
4	-0.017211996	0.075048882	-0.057320552	-0.094781063
25	0	ANN PEAK #y2 annotated
3	-1e+09	0	1
4	0.025442204	0.025442204	-0.030967207	0.025442204
26	0	ANN PEAK #y-H2O annotated
4	-1e+09	1	2	3
5	0.0041980339	-0.019167865	-0.046294199	0.0068924592	0.034946079
27	0	ANN PEAK #b2 annotated
3	-1e+09	0	1
4	0.061862276	0.025096342	-0.06964524	0.090963581
28	0	ANN PEAK #a annotated
3	-1e+09	1	2
4	0.0024316932	0.0024316932	-0.0040814521	0.00099654215
29	0	INTEN BAL c_idx - n_idx
4	-1e+09	4	6	7
5	-0.04826601	-0.05146132	0.042387308	-0.027933546	-0.034517237
30	0	INTEN BAL RHK N
4	-1e+09	0	1	2
5	0.12650818	0.057404935	0	0.19951342	0.1676158
31	0	INTEN BAL RHK C
5	-1e+09	0	2	3	4
6	0.065796987	0.14388873	0.51271779	0.34324086	0.17413059	0.1358785
32	0	INTEN BAL RHK pair
3	-1e+09	0	2
4	0.015237251	0.038303723	0.025381992	0
33	0	INTEN BAL prefix prop, pair -4,-5
3	-1e+09	0.53770548	0.60547942
4	0.091254238	-0.0047470478	0.17913842	0.21403944
35	0	INTEN BAL prefix prop, pair -1,0,+1
3	-1e+09	0.29813004	0.50640631
4	0.057409794	0.057409794	-0.0078943845	0.057409794
36	0	INTEN BAL prefix prop, pair +2,+3
3	-1e+09	0.20850393	0.43445641
4	-0.04178277	-0.078342583	-0.073571023	0.0198344
37	0	INTEN BAL prefix prop, pair +4,+5
5	-1e+09	0.072486445	0.15250911	0.17946486	0.32565752
6	-0.025326338	-0.025326338	-0.012477944	0.0049318137	0.009834289	-0.025326338
38	0	INTEN BAL all prefix prop, pair -4,-5
4	-1e+09	0.50831217	0.55159473	0.57410771
5	0.15903653	-0.0047540801	0.056789127	0.13195088	0.31961549
40	0	INTEN BAL all prefix prop, pair -1,0,+1
8	-1e+09	0.27140224	0.29260334	0.39856237	0.45168951	0.47193587	0.57370877	0.67336035
9	0.070485406	0.040330354	-0.046918943	-0.05202679	0.13817967	0.22942006	0.3280269	0.19441848	0.09428397
41	0	INTEN BAL all prefix prop, pair +2,+3
7	-1e+09	0.25262329	0.28502274	0.32723063	0.36978802	0.38416144	0.50075465
8	0.042330128	0.042330128	0.011307291	-0.0076871275	-0.029681757	-0.053186129	-0.12701027	0.042330128
42	0	INTEN BAL all prefix prop, pair +4,+5
4	-1e+09	0.17419244	0.24767546	0.44949478
5	0.035478634	-0.037185377	0.079018524	0.10861008	0.10720906
43	0	PEAK OFF y num frags detected
2	-1e+09	6
3	0	-0.16811624	0
44	0	PEAK OFF y max self offset
14	-1e+09	0.054271698	0.067401886	0.084522247	0.091785431	0.10490799	0.1112175	0.12417984	0.13731766	0.1521492	0.16930008	0.19035721	0.25699997	0.28416061
15	0.28406582	0.28406582	0.13727686	0.11919708	0.13484776	0.19785059	0.1229408	0.098188555	0.1268218	0.15412767	0.16352147	0.1747532	0.15381987	0.3002835	0.28406582
45	0	PEAK OFF y avg self offset
13	-1e+09	0.034911346	0.043190766	0.049742017	0.055781227	0.064964294	0.068137363	0.082782745	0.092212677	0.098009109	0.10464314	0.11274948	0.13642247
14	0.29339919	0.38939731	0.35736688	0.38562885	0.26287437	0.33095898	0.26690008	0.25460638	0.23559066	0.21420377	0.19206117	0.12173057	0.081433683	0.18241839
46	0	PEAK OFF y max consecutive offset
10	-1e+09	0.057495117	0.071746826	0.092468262	0.11723328	0.18463135	0.20666504	0.2507019	0.29899597	0.33807373
11	-0.067625489	-0.00055372085	0.0018681585	0.0055085894	0.052102484	0.11777624	0.11895411	0.065423757	0.051736982	0.03566092	-0.12660992
47	0	PEAK OFF y avg consecutive offset
7	-1e+09	0.043624878	0.053255718	0.11345164	0.13013077	0.15326691	0.19476013
8	0.040758304	0.040758304	0.025594223	0.02982383	-0.0056743199	-0.029953082	0.017791001	0.040758304
48	0	PEAK OFF y grab offset #1
5	-1e+09	0.022827148	0.03326416	0.079772949	0.39584351
6	-0.054471206	-0.020927757	-0.040694518	-0.021614861	0.014507501	-0.10381496
49	0	PEAK OFF y grab offset #2
7	-1e+09	0.022979736	0.049316406	0.12414551	0.13781738	0.15591431	0.17871094
8	-0.0044396898	-0.0044396898	-0.056436983	0.024894693	0.039109381	0.057624577	0.011662598	-0.0044396898
50	0	PEAK OFF y grab offset #3
7	-1e+09	0.025817871	0.0390625	0.055786133	0.14813232	3	4
8	-0.026324805	-0.026324805	-0.039185064	-0.072984377	-0.076595587	0	-0.010146692	-0.026324805
51	0	PEAK OFF b num frags detected
8	-1e+09	0.12236297	0.16548431	0.22758758	3	4	5	6
9	0.096738727	0.096738727	0.080573099	0.040351716	-0.10142602	-0.078749441	-0.055196688	0.0049007754	0.096738727
52	0	PEAK OFF b max self offset
8	-1e+09	0.042028707	0.056378484	0.10795867	0.13817108	0.15519989	0.17396271	0.22569549
9	-0.047058795	-0.047058795	0.021607669	-0.0051285752	0.0081969253	-0.0056447425	-0.0032406968	-0.014033829	-0.047058795
53	0	PEAK OFF b avg self offset
11	-1e+09	0.046524048	0.068879545	0.077184953	0.085888982	0.090509139	0.10066041	0.10634033	0.11976898	0.14924347	0.18369719
12	-0.060102028	-0.054276621	-0.045839607	-0.047269356	-0.046086876	-0.080234707	-0.10666112	-0.080093847	-0.13426755	-0.11617769	-0.13426755	-0.098843673
54	0	PEAK OFF b max consecutive offset
5	-1e+09	0.093719482	0.12600708	0.19184875	0.21350098
6	0.096838528	0.10388691	0.098653777	0.15535857	0.005233134	0.096838528
55	0	PEAK OFF b avg consecutive offset
7	-1e+09	0.054016113	0.071983337	0.076089479	0.089111328	0.10411072	0.13219604
8	0.069314339	0.069314339	0.027689338	-0.0010586177	-0.0035563034	0.047937453	0.056250559	0.069314339
56	0	PEAK OFF b grab offset #1
9	-1e+09	0.038818359	0.073181152	0.084106445	0.10723877	0.13110352	0.15686035	0.26184082	0.32116699
10	-0.12905269	-0.053621576	-0.031533588	-0.037156883	-0.1241345	-0.13643919	-0.16175509	-0.17992705	-0.14839346	-0.17992705
57	0	PEAK OFF b grab offset #2
5	-1e+09	0.028106689	0.053833008	0.15185547	0.24719238
6	-0.0069989563	-0.0069989563	-0.043598083	-0.031451736	0.0084812367	-0.0069989563
59	0	PEP COMP start cat N (len 3)
9	-1e+09	1	3	4	9	10	12	16	19
10	-0.058462919	-0.058462919	-0.046980591	0.07518675	0.084566793	0.08147869	0.055509044	-0.00043678336	-0.01210038	-0.058462919
60	0	PEP COMP end cat C (len 3)
9	-1e+09	1	2	3	4	7	10	14	15
10	-0.050536598	-0.11454099	-0.066683865	0.040730166	0.0586621	0.077930463	0.057272933	0.073121781	0.011362251	0.0082580974
62	0	PEP COMP len 3 # cat 15-18
4	-1e+09	0	1	2
5	-0.014772558	-0.014772558	-0.0088856866	0.011980201	-0.011568637
63	0	PEP COMP len 3 # cat 7-14
5	-1e+09	0	1	2	3
6	-0.0023328707	-0.0023328707	-0.036983563	-0.014603389	-0.033964836	0.026860909
64	0	PEP COMP len 3 # cat 3-6
3	-1e+09	0	1
4	-0.011596318	-0.026485123	-0.009069014	0.033723396
65	0	PEP COMP len 3 # cat 1-2
4	-1e+09	0	1	2
5	-0.10043904	0.10250681	0.1873358	-0.0034584232	-0.13314208
66	0	PEP COMP min cat, len 3
5	-1e+09	1	2	3	5
6	-0.033716036	-0.040782114	-0.017848006	-0.041563855	0.02730491	0.09169069
67	0	PEP COMP avg cat, len 3
13	-1e+09	0.75	1.375	1.7142857	2	2.625	4.125	4.7777777	5.1111112	6.2222223	6.6666665	7.6666665	8.272727
14	-0.013107252	-0.20426895	-0.19470438	-0.22783114	-0.20131804	-0.041493545	0.070760583	0.10298055	0.13803869	0.14043666	0.18216102	0.22941703	0.26628445	0.17277958
68	0	PEP COMP before cat score 1
5	-1e+09	2	6	14	18
6	0	0	0.084247829	0.092480159	0.13015692	0
69	0	PEP COMP after cat score 1
10	-1e+09	5	11	12	13	14	15	16	17	19
11	0.12366384	0.17461133	0.24392842	0.27080769	0.19500077	0.14617036	0.2257314	0.31131507	0.34374562	0.31336281	0.072166745
70	0	PEP COMP span cat score 1
9	-1e+09	1	5	7	8	10	14	17	19
10	0.12222706	0.12678802	0.13679604	0.023283097	0.055590144	0.034772048	0.049851627	0.05342621	0.039402925	0.11224057
71	0	PEP COMP before cat score 2
7	-1e+09	1	8	9	12	16	18
8	-0.126301	-0.126301	-0.0092271406	-0.0044825972	0.02377383	-0.10247714	-0.10128998	-0.126301
72	0	PEP COMP after cat score 2
8	-1e+09	6	9	11	12	15	18	19
9	-0.0088140459	-0.0088140459	-0.011269575	-0.012493711	0.0006082629	-0.00057229991	0.013101973	0.00042709585	-0.0088140459
73	0	PEP COMP span cat score 2
9	-1e+09	1	3	7	9	10	14	17	18
10	-0.10180707	-0.10180707	-0.081314914	-0.045852812	-0.11345645	-0.030447912	-0.024072455	-0.041289524	-0.12394375	-0.10180707
74	0	PEP COMP before cat score 3
8	-1e+09	1	3	7	8	14	15	17
9	0.021550042	0.022909927	0.21364402	0.25442124	0.20808721	0.1793073	0.14068812	-0.0010470489	-0.021789827
75	0	PEP COMP after cat score 3
10	-1e+09	1	5	7	11	12	14	16	18	19
11	0.0034946978	-0.00685046	0.046627188	0.060663579	0.13300269	0.088359802	0.043252176	0.0023820007	0.065188895	0.037787988	0.012537624
76	0	PEP COMP span cat score 3
9	-1e+09	1	4	7	10	12	14	16	18
10	-0.012178357	0.0099159487	0.0073104497	0.024964432	0.059117848	0.083864609	0.021646153	-0.015023407	-0.020277357	-0.022954354
77	0	PEP COMP before cat score 4
5	-1e+09	12	15	16	17
6	-0.054622889	-0.052902673	0	-0.022679627	-0.04026379	-0.061092211
78	0	PEP COMP after cat score 4
6	-1e+09	5	7	12	15	19
7	-0.18232757	-0.19225754	-0.022901964	0.054988722	0.072815296	-0.025598763	-0.16467463
79	0	PEP COMP span cat score 4
5	-1e+09	3	5	10	12
6	-0.044827546	-0.0085529546	0	-0.01803412	-0.072273356	-0.083885178
80	0	PEP COMP #aa A
2	-1e+09	1
3	0.062182042	0.18031147	0.32434124
82	0	PEP COMP #aa N
2	-1e+09	1
3	-0.0061996647	0	-0.035083995
83	0	PEP COMP #aa D
2	-1e+09	1
3	0.070953954	0.33756976	0.46761155
84	0	PEP COMP #aa C
2	-1e+09	1
3	-0.029955487	-0.031850859	0
85	0	PEP COMP #aa Q
2	-1e+09	1
3	-0.034742909	-0.17022188	-0.13547897
86	0	PEP COMP #aa E
2	-1e+09	1
3	0.040410122	0.26864745	0.22823733
87	0	PEP COMP #aa G
2	-1e+09	1
3	0.045530701	0.22298648	0.38147209
89	0	PEP COMP #aa L
2	-1e+09	1
3	-0.026670679	0	-0.11888575
90	0	PEP COMP #aa K
2	-1e+09	1
3	0.027616284	0.027616284	-0.17716461
91	0	PEP COMP #aa M
1	-1e+09
2	0	0.0062447711
93	0	PEP COMP #aa P
2	-1e+09	1
3	0.010161534	0.29884629	0.32206879
94	0	PEP COMP #aa S
2	-1e+09	1
3	-0.059272429	-0.1336197	-0.23304231
96	0	PEP COMP #aa W
1	-1e+09
2	0	-0.029744172
97	0	PEP COMP #aa Y
1	-1e+09
2	0	0.16745211
104	0	PMCSQS sqs prob for peptide charge
17	-1e+09	0.24544053	0.41824886	0.53714401	0.62551183	0.69497907	0.74828053	0.78924513	0.82303417	0.85292923	0.92506796	0.93648827	0.94656879	0.9559055	0.97004771	0.97604412	0.99279773
18	0.20641234	0.71801604	0.44766944	0.24012547	0.1271888	0.096068744	0.05387747	0.035585503	-0.037107504	-0.068417769	-0.22844057	-0.261762	-0.32758409	-0.33927769	-0.42199337	-0.48647892	-0.56450981	-0.646463
105	0	PMCSQS prob for peptide charge
6	-1e+09	0.7675944	0.95410019	0.99871039	0.99925077	0.99994498
7	0.025288182	0.041331111	0.0020834945	0.039247441	0.043061515	0.014749282	0.017298533
106	0	PMCSQS mass diff from pm1, prob>0.95
7	-1e+09	-0.2243042	-0.087280273	-0.020019531	-0.0075683594	0.001953125	0.29577637
8	-0.14294872	-0.14294872	-0.081319865	-0.16334371	-0.038826853	0.13077896	-0.090164655	-0.14294872
108	0	PMCSQS score1 for peptide charge
15	-1e+09	3.8689423	4.3246732	4.5890369	4.7946887	4.9512005	5.0811644	5.1943178	5.2973857	5.5533123	5.6317973	5.9201527	6.0477924	6.2504787	6.4329243
16	0.02877232	0.2513021	0.20955278	0.18276391	0.074613986	0.064926597	0.0078361364	0.0065530234	-0.014447864	-0.063455912	-0.11505331	-0.10770381	-0.17633418	-0.19265402	-0.18015521	-0.14771709
109	0	PMCSQS score2 for peptide charge
9	-1e+09	3.0360403	3.1272476	3.2908444	3.3748109	3.4573028	3.7773194	4.1246548	4.6113782
10	-0.16871415	-0.16237523	-0.16437557	-0.1872173	-0.16352101	-0.12146821	-0.074800158	-0.19795264	-0.10781982	-0.16871415
110	0	PMCSQS mass diff from pm2
9	-1e+09	-1.1901855	-1.0466309	-0.97052002	-0.81872559	-0.38793945	-0.31030273	-0.22271729	0.81481934
10	-0.19022484	-0.21299259	-0.12350353	-0.25691572	-0.27321624	-0.28787808	-0.2721264	-0.19065707	-0.081697163	-0.1703454
111	0	PMCSQS max  prob for other charges
6	-1e+09	9.5129013e-05	0.00056153879	0.0048233774	0.012184731	0.083587267
7	-0.019939738	-0.019939738	0.014970924	0.036789856	-0.010024758	-0.055900387	-0.019939738
112	0	PMCSQS score diff from max score with this charge, prob>=0.95
8	-1e+09	7.0317264	8.5191698	8.6137743	8.707077	8.7978249	8.9849052	9.2979984
9	0.037688409	0.13337451	0.0030333976	0.021130998	0.024548968	0.12366238	0.1375018	0.0064809582	-0.091757241
115	0	PRM N/C delta mass
8	-1e+09	-3.0517578e-05	-2.2888184e-05	-1.5258789e-05	0	7.6293945e-06	1.5258789e-05	4.5776367e-05
9	-0.034861821	-0.038251942	-0.057856408	-0.072250892	-0.018880929	0.023176614	0.08391907	-0.024143759	-0.033688748
116	0	PRM N/C total breakage score
5	-1e+09	-30.113039	41.114861	51.424519	70.1287
6	0.056226026	0.056226026	0	0.053562734	0.067519774	0.056226026
117	0	PRM N/C average breakage score
7	-1e+09	1.2691318	2.331331	6.8508048	8.0170527	9.1123352	9.6416264
8	0	0	0.014385787	0.037920834	0.098013153	0.078710951	0.026389922	0
118	0	PRM N/C normalized average breakage score
8	-1e+09	2.9361961	3.4980655	4.0166054	4.9734392	7.0184288	7.8879328	8.9683342
9	0.064077271	0.064077271	0.071335146	0.067166972	0.046814393	0.029290192	0	0.016499404	0.064077271
119	0	PRM N/C path score
7	-1e+09	-19.613604	28.618963	36.07148	42.706886	79.20739	102.90182
8	0.14617659	0.14617659	0.012279396	-0.017871532	-0.03775134	-0.071263384	-0.029246952	0.14617659
120	0	PRM N/C average path score
9	-1e+09	3.4520438	5.146482	6.4823141	7.6061392	8.6182566	9.5460901	12.431129	13.122292
10	0.16568518	0.16568518	0.021574603	-0.018450835	-0.04990743	-0.098155788	-0.18786165	-0.16019257	-0.02580479	0.16568518
121	0	PRM delta num breakage scores (missing)
3	-1e+09	1	2
4	0.0034305906	0.0034305906	-0.0029108711	0.0034305906
123	0	PRM num breakage scores
5	-1e+09	4	5	6	7
6	0.20752189	0.014589126	-0.18189821	-0.036714721	0.16337577	0.52099071
124	0	PRM breakage score min 1
12	-1e+09	-39.624722	-24.289276	-21.703058	-16.522097	-14.025007	-11.668097	-9.5016947	-5.5765982	-2.3243313	2.9881561	4.3789344
13	-0.019233316	-0.1417068	-0.1550655	-0.046829892	-0.0059949979	0.022065251	0.058158801	0.06058941	0.13022495	0.11866974	0.1530676	0.17613741	0.036636732
125	0	PRM breakage score min 2
9	-1e+09	-20.504053	-15.876487	-12.003014	-0.96779686	6.8385921	7.4472876	8.2142363	9.1625681
10	-0.10047045	-0.10047045	-0.0015818986	0.010645008	0.13571467	0.084181195	0.024575014	-0.0030149555	-0.03689645	-0.10047045
126	0	PRM breakage score min 3
14	-1e+09	-14.155598	-7.698617	2.5597878	4.8398008	5.4590373	6.5581408	7.0199714	7.4525251	7.9248538	8.9741983	9.5151205	10.069288	11.538709
15	-0.23516961	-0.18206575	0.02584792	0.13731392	0.14479613	0.11887168	0.083329717	0.021064074	0.01395903	-0.0025658549	-0.016358259	-0.059395743	-0.15235753	-0.2521813	-0.27639898
127	0	PRM breakage score min consecutive 3
8	-1e+09	-53.51786	-22.42304	-5.3541069	9.6698685	14.730942	19.411798	21.718624
9	-0.23131508	-0.23131508	-0.0086244578	-0.12760922	0.013694935	-0.0091548161	-0.1724688	-0.19099626	-0.23131508
128	0	PRM breakage score max consecutive 3
12	-1e+09	-18.308689	18.725807	29.362043	31.185583	35.929668	40.069901	42.783787	44.312607	45.951271	47.805023	50.061127
13	-0.11693849	-0.1076198	-0.012522021	0.088458808	0.14596304	0.12347809	0.11164334	0.047460416	0.031991617	-0.027293519	-0.031655351	-0.055564142	-0.14216774
129	0	PRM breakage score min consecutive 2
11	-1e+09	-42.547573	-21.965137	-14.8592	-5.7691083	3.6597054	7.5053205	11.282003	13.139479	15.093239	17.237602
12	0.082311297	0.082311297	0.012274495	0.028919847	0.077818876	0.11048006	0.12832128	0.11470793	0.13464026	0.20535409	0.19502144	0.082311297
130	0	PRM breakage score max consecutive 2
7	-1e+09	-3.3014696	10.533504	20.762386	25.968264	26.995913	37.613037
8	0.12452786	0.24873181	0.28697738	0.33194092	0.31637676	0.23782884	0.15509083	0
132	0	PRM #breakage scores 0 - -10
3	-1e+09	0	1
4	-0.015573703	-0.027641103	0.014792981	0.033576601
133	0	PRM #breakage scores 0 - 8
4	-1e+09	1	2	3
5	0.0023742772	-0.015842713	-0.0027343741	-0.0076196674	0.024603524
134	0	PRM #breakage scores 8 - 15
5	-1e+09	0	1	2	3
6	0.0027144155	0.0027144155	0.038011525	-0.011124288	-0.02623251	0.0027144155
135	0	PRM #breakage scores above 15
3	-1e+09	0	2
4	-0.007689392	-0.007689392	0.0081230825	-0.007689392
136	0	PRM %breakage scores below -10
5	-1e+09	0	0.16666667	0.2857143	0.33333334
6	0.049603684	0.049603684	-0.033912624	0.025224629	0.048405509	0.049603684
137	0	PRM %breakage scores below 0
4	-1e+09	0.125	0.2857143	0.375
5	0.03690775	0.03690775	-0.022751384	0.021051609	0.03690775
138	0	PRM %breakage scores above 0
5	-1e+09	0.40000001	0.60000002	0.75	0.85714287
6	0.075506547	0.075506547	-0.032715397	-0.066804211	-0.029432559	0.075506547
139	0	PRM %breakage scores above 8
5	-1e+09	0	0.25	0.33333334	0.5
6	-0.015446593	0.061758799	0.090462524	0.021910843	-0.032355029	-0.086664194
140	0	PRM Score connected to N-terminal
13	-1e+09	-40.118607	-27.531666	-17.407175	-1.4566993	1.6801683	2.6419206	5.1306195	6.6720214	8.5107498	9.6172256	16.803724	21.461824
14	-0.25866619	-0.25866619	-0.23267711	-0.14678678	-0.22879078	-0.29734684	-0.29242738	-0.22938216	-0.20743116	-0.13421999	-0.11076956	-0.082092567	-0.25388913	-0.25866619
141	0	PRM Score connected to C-terminal
9	-1e+09	3.5857551	5.0212789	6.8678951	8.0660076	9.3665686	11.785058	12.93465	14.379517
10	0.16749796	-0.074440489	0.090545371	0.13576173	0.098532542	0.12128629	0.13144683	0.20736328	0.24956756	0.42138767
142	0	PRM %breakages with 1 frag detected
2	-1e+09	0.14285715
3	-0.0048815585	-0.043522362	0.042837005
143	0	PRM %breakages with 2 frag detected
5	-1e+09	0	0.1	0.14285715	0.25
6	-0.0021712244	-0.018384764	-0.0083342108	-0.013834826	-0.029500992	0.023024738
144	0	PRM %breakages with > 5 frags detected
5	-1e+09	0.11111111	0.125	0.14285715	0.25
6	0.0092238339	0.0092238339	0.038764429	-0.032863623	-0.042652311	0.0092238339
145	0	PRM %breakages with dual orientation frags
6	-1e+09	0.25	0.42857146	0.5	0.625	0.66666669
7	-0.029297709	-0.029297709	-0.019797354	-0.0042239204	0.018478807	-0.02024341	-0.029297709
148	0	COMP PPP frag 1 obs_ratio
8	-1e+09	0.42857143	0.5714286	0.625	0.69999999	0.75	0.85714287	0.875
9	0.18508325	0.18866085	0.11832919	-0.063822311	-0.084619854	-0.14126795	-0.12734394	-0.14138272	0.18508325
149	0	COMP PPP frag 2 obs_ratio
7	-1e+09	0.33333334	0.625	0.66666669	0.75	0.80000001	0.83333331
8	0.04163494	0.04163494	0.03355154	-0.0001212479	-0.060136761	-0.029917902	-0.00027889189	0.04163494
150	0	COMP PPP frag 3 obs_ratio
4	-1e+09	0.14285715	0.2	0.2857143
5	-0.0022801129	0.17889987	0.0036378041	-0.0012776637	-0.1514152
152	0	COMP PPP MOBILE sum ranks of missed 1-5
9	-1e+09	21	24	45	51	53	59	62	70
10	-0.00030268542	-0.00030268542	-0.058895284	-0.11642923	-0.051002788	-0.056117301	-0.023828426	0.0047381651	0.010710776	-0.00030268542
153	0	COMP PPP PARTMOBILE sum ranks of missed 1-5
3	-1e+09	32	55
4	0.034800763	0.034800763	-0.035244632	0.034800763
155	0	COMP PPP sum ranks of missed 1-5
9	-1e+09	16	23	43	51	59	63	67	72
10	0.11048267	0.01824415	-0.021764228	-0.13701444	-0.04724979	0.1596241	0.17494311	0.31821703	0.45089843	0.58067512
156	0	COMP PPP MOBILE sum ranks of missed 6-10
6	-1e+09	71	83	101	105	108
7	-0.0093012163	-0.033609366	-0.036069025	-0.066475017	-0.050799033	-0.043073096	0.0071580138
157	0	COMP PPP PARTMOBILE sum ranks of missed 6-10
3	-1e+09	97	115
4	-0.038774898	-0.038774898	0	-0.038774898
159	0	COMP PPP sum ranks of missed 6-10
7	-1e+09	55	68	71	86	89	90
8	-0.029307943	-0.085655148	-0.090731139	0.034539274	-0.044969229	-0.026827003	0.0293141	0.039810914
160	0	COMP PPP MOBILE sum ranks of missed 11-15
5	-1e+09	108	120	139	150
6	-0.020239618	-0.020239618	-0.017786931	-0.020239618	-0.0024526872	-0.020239618
161	0	COMP PPP PARTMOBILE sum ranks of missed 11-15
6	-1e+09	109	110	113	120	135
7	0.025275608	0.025275608	0.032487068	0.013287728	-0.013832004	0.061837749	0.025275608
163	0	COMP PPP sum ranks of missed 11-15
6	-1e+09	108	110	125	145	150
7	-0.11670569	-0.11670569	0	-0.044246146	-0.064798293	-0.089618524	-0.11670569
164	0	COMB PPP observed rank of predicted rank 1
5	-1e+09	0	1	3	5
6	-0.027990489	0.078307228	0.081488845	0.0027540079	-0.010142504	-0.21684265
165	0	COMB PPP observed rank of predicted rank 2
8	-1e+09	0	1	3	4	6	8	14
9	-0.13802044	0.10559482	0.11061388	0.10336686	0.14070168	-0.03694215	-0.17062469	-0.33249189	-0.30918894
166	0	COMB PPP observed rank of predicted rank 3
6	-1e+09	0	1	2	3	7
7	-0.070121197	-0.035040866	0.0038151216	0.078016303	0.086901277	0.072917318	-0.10347652
167	0	COMB PPP observed rank of predicted rank 4
5	-1e+09	1	4	8	11
6	-0.0078288861	0.0069981504	0.06519389	0.054432783	-0.08589546	-0.014003201
168	0	COMB PPP observed rank of predicted rank 5
7	-1e+09	1	2	3	4	8	10
8	-0.14592968	-0.14592968	0.031567001	0.059587278	0.087453758	0.13511831	0.062728528	-0.14592968
169	0	COMB PPP observed rank of predicted rank 6
7	-1e+09	1	2	3	7	8	10
8	-0.098937463	-0.098937463	0.0057258464	0.041398384	0.091551482	0.081736091	-0.062132256	-0.098937463
170	0	COMB PPP observed rank of predicted rank 7
8	-1e+09	2	4	5	6	7	9	10
9	-0.051000115	-0.019543952	0.027800413	0.091406215	0.14097693	0.15568123	0.093223344	-0.0091478793	-0.082418592
171	0	COMB PPP predicted rank of observed rank 1
4	-1e+09	0	1	8
5	-0.030249949	0.10335151	0.13171165	0.1328977	-0.14426634
172	0	COMB PPP predicted rank of observed rank 2
4	-1e+09	1	5	8
5	-0.00013341632	-0.00013341632	-0.011923258	0.010492361	-0.00013341632
173	0	COMB PPP predicted rank of observed rank 3
3	-1e+09	0	6
4	-0.0026682608	-0.0026682608	0.0026912665	-0.0026682608
174	0	COMB PPP predicted rank of observed rank 4
8	-1e+09	0	1	3	4	5	12	16
9	0.025404906	0.025404906	0.016783424	0.034464415	-0.0015133094	-0.026212586	-0.047600323	0.022909616	0.025404906
175	0	COMB PPP predicted rank of observed rank 5
7	-1e+09	3	5	7	8	9	14
8	0.078454043	0.08936275	0.050032604	-0.06701527	-0.092875613	-0.084960466	0.033849864	0.061034795
176	0	COMB PPP predicted rank of observed rank 6
6	-1e+09	1	4	7	9	19
7	0.0012468817	0.0012468817	-0.012478627	-0.015242056	0.0064915721	5.2851186e-05	0.0012468817
177	0	COMB PPP predicted rank of observed rank 7
5	-1e+09	4	10	11	16
6	-0.01055546	-0.014274468	-0.0059134211	0.0050558648	0.01016562	-0.0081843887
178	0	COMB PPP rank of missed #1
9	-1e+09	2	3	4	5	7	8	9	10
10	-0.49909884	-0.69515723	-0.66327577	-0.30612476	-0.30367156	-0.053723511	0.0055165843	0.17376398	0.24453313	0.37449462
179	0	COMB PPP rank of missed #3
11	-1e+09	3	4	5	6	8	9	11	13	14	15
12	0.13389885	0.19709613	0.15545726	-0.096067896	-0.13434169	-0.24123858	-0.17237202	-0.10710798	-0.11206785	-0.072569622	-0.065583397	0.03034695
180	0	COMB PPP rank of missed #5
8	-1e+09	6	7	9	10	12	18	19
9	0.088962583	0.088962583	0.0092872808	-0.065879225	-0.076716172	-0.022993116	0.037258531	0.056531949	0.10064438
181	0	COMB PPP rank of missed #7
5	-1e+09	11	14	15	20
6	-0.0054681591	-0.073194249	0.017052552	0.03352079	0.075502193	0.079284302
182	0	COMB PPP rank of missed #9
3	-1e+09	16	17
4	-0.0048337644	-0.0048337644	0.0012375744	-0.0048337644
183	0	COMB PPP rank of missed #11
6	-1e+09	16	19	21	22	27
7	-0.1238689	-0.1238689	-0.1142111	0.021734362	0.047894632	0.08208816	-0.095739893
184	0	COMB PPP rank of missed #13
3	-1e+09	20	29
4	-0.0082057469	-0.0082057469	0.012594147	-0.0082057469
185	0	COMB PPP rank of missed #15
3	-1e+09	23	27
4	-0.035871804	-0.035871804	0	-0.035871804
187	0	COMB PPP delta score #1
9	-1e+09	0	0.30772209	0.93345737	1.1616774	1.4041758	1.9569688	2.6102691	3.0295839
10	-0.06843771	0.27664263	0.28020767	0.13469539	0.083141748	0.037667144	-0.11005711	-0.087442141	-0.14668615	-0.18527187
188	0	COMB PPP delta score #2
10	-1e+09	-0.89044094	-0.37007713	0.63826466	0.80732965	1.1638355	1.3621111	1.5637169	2.0317411	3.0595722
11	-0.17879551	-0.033500344	0.1858844	0.23446345	0.11531147	0.053846228	-0.074514077	-0.14822559	-0.22377957	-0.2342312	-0.34851974
189	0	COMB PPP delta score #3
12	-1e+09	-1.2280588	-0.74873829	-0.034624577	0.26334333	0.41235161	0.56145716	0.8747015	1.0427999	1.217545	1.4036617	1.60431
13	-0.30817401	-0.14270706	0.056027634	0.075503617	0.091285412	0.0077277605	-0.12779881	-0.21416913	-0.17787679	-0.20973519	-0.24514044	-0.33392046	-0.37392558
190	0	COMB PPP delta score #4
10	-1e+09	-1.4124203	0.27577782	0.41696692	0.55940008	0.84914398	0.99985123	1.7174358	1.9437857	2.5555496
11	0.2838204	0.4075185	0.58092648	0.57542006	0.50009554	0.42893642	0.35554748	0.28257529	0.22966014	0	0.12168889
191	0	COMB PPP delta score #5
14	-1e+09	-1.5122395	-1.0219212	-0.45304585	-0.067728043	0.27837563	0.40675449	0.66931915	0.80437613	0.95013905	1.103375	1.4277277	1.6144924	2.4056678
15	0.041874539	0.049177275	0.36953315	0.43695549	0.43060279	0.4204558	0.43749461	0.41589997	0.28335922	0.26670338	0.19580316	0.23239668	0.071456153	0.058805746	0.033155537
192	0	COMB PPP delta score #6
11	-1e+09	-1.5969	-1.0846786	-0.30265617	0	0.24799109	0.63146162	0.76054573	0.89640045	1.5217152	1.9662924
12	-0.052470237	-0.049738405	0.23091267	0.27461949	0.22544914	0.19261173	0.14533244	0.059571565	-0.014625823	-0.00218683	-0.064999807	-0.066178494
193	0	COMB PPP delta score #7
14	-1e+09	-1.6775961	-1.1259766	-0.79052734	-0.55116081	-0.18062687	-0.027074814	0.2353754	0.47530556	0.59824944	0.85370064	1.4649286	1.9000034	2.2103286
15	-0.29290437	-0.29290437	-0.055039106	-0.017909098	-0.057213765	-0.085961731	-0.095159001	-0.077249903	-0.088110295	-0.14300245	-0.1703547	-0.23606936	-0.28087062	-0.28326559	-0.29290437
194	0	COMB PPP dot prod pred-obs top 15
9	-1e+09	0.58273017	0.6913749	0.70478815	0.75784445	0.76789296	0.78174657	0.79896629	0.86256182
10	0.1565107	-0.09393696	-0.029320708	0.050304662	0.036602465	0.070600371	0.045526282	0.044095825	0.17034067	0.24684006
195	0	COMB PPP dot prod obs-pred top 15
10	-1e+09	0.5967986	0.68417978	0.77801007	0.80038369	0.83545488	0.94951046	0.95544839	0.98724449	0.99397624
11	0.088129947	0.088129947	0.050325885	0.012285962	-0.10975746	-0.082281677	-0.092210914	-0.063057831	-0.086117707	-0.065229802	0.088129947
196	0	COMB PPP dot prod pred-obs top 30
6	-1e+09	0.39579192	0.51048535	0.57775623	0.59814101	0.63060355
7	-0.022305124	-0.022305124	-0.0021947394	-0.012033668	0.028642142	-0.04983283	-0.022305124
197	0	COMB PPP dot prod obs-pred top 30
4	-1e+09	0.44390541	0.51930529	0.54207975
5	0	0	-0.0012899802	0.0077085631	0
198	0	COMB PPP dot prod pred-obs top 45
7	-1e+09	0.40409195	0.46644348	0.49970168	0.51061451	0.5595113	0.57959837
8	0.054393264	0.054393264	-0.007693094	0.01671715	-0.027194069	-0.058339171	-0.090382381	0.054393264
199	0	COMB PPP dot prod obs-pred top 45
5	-1e+09	0.3059653	0.35076371	0.41034293	0.42833874
6	-0.0051456157	-0.0051456157	-0.0065486263	-0.014637808	0.0068071308	-0.0051456157
