2 5
2  -1.110 0.785 2896.265 -1.103 0.816 1000000000.000
4 0 1 2 8
1 0
1 4
1 13
1 29
1 43
1 59
1 104
1 115
0 147
1 147
0
200
116
4	0	TRYP #num good tryp terminals
3	-1e+09	0	1
4	-0.15183297	-0.83534515	-0.49533564	1.0802048
5	0	TRYP #num missed tryp terminals
4	-1e+09	0	1	4
5	0.29715987	0.37861474	-0.29086555	-0.30187963	-0.044358739
13	0	ANN PEAK diff from org pm_with_19
7	-1e+09	-3.092041	-1.6442871	-1.4025879	-0.47119141	-0.20800781	0.016357422
8	-0.57415317	-1.2735188	1.2029063	1.0053154	0.9921988	0.7627316	0.72935375	0.56352359
14	0	ANN PEAK # aas in peptide
5	-1e+09	20	23	27	28
6	-0.082235815	-0.082235815	0.096919276	0.059704108	0.028027417	-0.082235815
15	0	ANN PEAK %ann intensity
3	-1e+09	0.30273053	0.39526287
4	0.010232227	0.010232227	-0.0097258799	0.010232227
16	0	ANN PEAK %ann peaks
4	-1e+09	0.19727892	0.22142857	0.3114754
5	7.8588175e-05	-0.11602698	-0.097806572	0.057823582	0.10160753
19	0	ANN PEAK #ann in top third - #ann in mid third
4	-1e+09	-1	1	8
5	-0.023089473	-0.023089473	0.051996311	-0.050825373	-0.023089473
20	0	ANN PEAK #ann in top third - #ann in last third
3	-1e+09	1	9
4	0.12966116	0.12966116	-0.09079433	0.12966116
21	0	ANN PEAK #ann in mid third - #ann in last third
4	-1e+09	-1	1	6
5	0.076627837	0.063565681	-0.046891739	-0.11865336	0.092863612
22	0	ANN PEAK #y annotated
3	-1e+09	7	8
4	-0.13992107	-0.13992107	-0.10455913	0.035361937
25	0	ANN PEAK #y2 annotated
4	-1e+09	0	1	3
5	0.11127975	0.11127975	-0.10770822	-0.023925531	0.11127975
26	0	ANN PEAK #y-H2O annotated
3	-1e+09	2	4
4	0.059314321	0.059314321	-0.052526398	0.059314321
29	0	INTEN BAL c_idx - n_idx
5	-1e+09	9	13	16	17
6	0.0068549079	-0.16759344	-0.050204992	-0.042069002	0.020226717	0.16875143
30	0	INTEN BAL RHK N
2	-1e+09	0
3	0	0	-0.0012720262
31	0	INTEN BAL RHK C
3	-1e+09	2	3
4	0.23048929	0.35146983	0.094012398	-0.0043868837
43	0	PEAK OFF y num frags detected
2	-1e+09	8
3	0	0	0.063128696
45	0	PEAK OFF y avg self offset
4	-1e+09	0.084885404	0.097212113	0.195769
5	0.074749208	0.074749208	0.073143379	0	0.074749208
46	0	PEAK OFF y max consecutive offset
6	-1e+09	0.17572021	0.1918335	0.39862061	0.44934082	0.48077393
7	-0.069708968	-0.069708968	0.096408996	0.12755189	0.10481631	0.065659082	-0.069708968
47	0	PEAK OFF y avg consecutive offset
4	-1e+09	0.10120849	0.14312744	0.20508321
5	0.001923738	0.001923738	0	0.02094217	0.001923738
48	0	PEAK OFF y grab offset #1
7	-1e+09	0.088134766	0.10498047	0.12036133	0.26977539	0.47583008	0.6262207
8	-0.32784943	-0.32784943	-0.0020008065	-0.095357203	-0.16801535	-0.16601455	-0.29071181	-0.32784943
51	0	PEAK OFF b num frags detected
5	-1e+09	0.17528045	3	5	7
6	0.1242291	0.1242291	0	0.0060684435	0.073185111	0.1242291
52	0	PEAK OFF b max self offset
4	-1e+09	0.13617413	0.1757077	0.22639191
5	-0.074043248	-0.074043248	-0.066652428	0	-0.074043248
53	0	PEAK OFF b avg self offset
8	-1e+09	0.077917375	0.08721298	0.10339387	0.11070526	0.1179747	0.13207591	0.13912824
9	-0.16050166	-0.16050166	-0.14893462	-0.090354914	-0.0095272702	0.087636618	0.12917623	0.10588368	-0.16050166
55	0	PEAK OFF b avg consecutive offset
3	-1e+09	0.051727295	0.082684323
4	0.038532044	0.033585784	0	0.063189817
56	0	PEAK OFF b grab offset #1
3	-1e+09	0.064453125	0.2421875
4	0.17975788	0.17975788	0	0.17975788
57	0	PEAK OFF b grab offset #2
4	-1e+09	0.029296875	0.10327148	0.11474609
5	0.17602479	0.17602479	0	0.15861855	0.17602479
59	0	PEP COMP start cat N (len 3)
3	-1e+09	1	10
4	0.0019483759	-0.027070316	0.049276614	0.038568084
60	0	PEP COMP end cat C (len 3)
4	-1e+09	3	9	17
5	-0.0096614863	-0.032111794	-0.0075928485	0.028065568	0.021437462
62	0	PEP COMP len 3 # cat 15-18
4	-1e+09	2	3	4
5	-0.016426584	-0.04516757	0.047862029	0.02316497	0.018523991
63	0	PEP COMP len 3 # cat 7-14
3	-1e+09	3	8
4	-0.0011656338	-0.016371932	-0.019625375	0.017391849
64	0	PEP COMP len 3 # cat 3-6
3	-1e+09	3	4
4	-0.0013065237	-0.0013065237	0.0012902271	-0.0013065237
65	0	PEP COMP len 3 # cat 1-2
5	-1e+09	4	5	6	7
6	0.096210012	0.38990399	0.039274144	-0.042965637	-0.10900525	-0.18755231
67	0	PEP COMP avg cat, len 3
4	-1e+09	4.9200001	5.185185	8.4285717
5	0.011125616	-0.11730888	-0.060403143	0.095948091	0.12553073
69	0	PEP COMP after cat score 1
3	-1e+09	13	15
4	-0.013938784	0	-0.0025524145	-0.024999817
70	0	PEP COMP span cat score 1
4	-1e+09	1	17	19
5	-0.041576962	-0.041576962	0	-0.0068865377	-0.041576962
72	0	PEP COMP after cat score 2
6	-1e+09	4	6	8	17	19
7	-0.13570126	-0.13570126	-0.0090842974	-0.0017235846	0	-0.11272387	-0.13570126
73	0	PEP COMP span cat score 2
3	-1e+09	9	16
4	-0.058622887	-0.058622887	0	-0.058622887
75	0	PEP COMP after cat score 3
3	-1e+09	5	18
4	-0.11016901	-0.038839196	0	-0.17277517
76	0	PEP COMP span cat score 3
4	-1e+09	5	12	17
5	-0.20963266	-0.20963266	0.067319564	0.085911085	-0.20963266
78	0	PEP COMP after cat score 4
6	-1e+09	-1	5	8	11	19
7	-0.092728534	-0.092728534	-0.064808627	0.027289542	0.072650595	0.13259815	-0.092728534
79	0	PEP COMP span cat score 4
5	-1e+09	5	10	17	19
6	-0.095876544	-0.095876544	0.072776771	0.16806102	-0.062295857	-0.095876544
80	0	PEP COMP #aa A
3	-1e+09	1	2
4	0.10476278	0	0.20100585	0.26602677
81	0	PEP COMP #aa R
3	-1e+09	1	2
4	-0.092944413	-0.10624746	-0.013303043	-0.10624746
82	0	PEP COMP #aa N
3	-1e+09	1	2
4	0.1051061	0.1051061	0	0.1051061
83	0	PEP COMP #aa D
2	-1e+09	1
3	0.19553866	0.24854074	0.66717842
84	0	PEP COMP #aa C
1	-1e+09
2	0	-0.72988182
85	0	PEP COMP #aa Q
2	-1e+09	2
3	-0.052543677	-0.069755826	0
86	0	PEP COMP #aa E
2	-1e+09	1
3	0.020096751	0	0.072522307
87	0	PEP COMP #aa G
2	-1e+09	1
3	-0.030421797	-0.030421797	0
88	0	PEP COMP #aa H
1	-1e+09
2	0	-0.060927105
89	0	PEP COMP #aa L
2	-1e+09	2
3	0.043466708	0.075769785	0
92	0	PEP COMP #aa F
2	-1e+09	1
3	-0.091084747	-0.046005619	-0.26180073
94	0	PEP COMP #aa S
4	-1e+09	1	2	3
5	-0.22005212	0	-0.16047294	-0.37153242	-0.47662569
95	0	PEP COMP #aa T
2	-1e+09	1
3	0.044650449	0	0.14306468
96	0	PEP COMP #aa W
1	-1e+09
2	0	-0.2152466
98	0	PEP COMP #aa V
1	-1e+09
2	0	0.033121476
104	0	PMCSQS sqs prob for peptide charge
5	-1e+09	0.26175681	0.4175142	0.6993708	0.97061127
6	-0.0035838574	0.17116315	0.065454416	-0.14940071	-0.15609904	-0.17791207
106	0	PMCSQS mass diff from pm1, prob>0.95
8	-1e+09	-2.3693848	-0.78881836	-0.31005859	-0.26757812	0.12744141	0.60986328	1.5290527
9	-0.43765987	-0.43765987	-0.52414333	-0.050760549	0.070814223	0.10543313	0.057638651	0.043507948	-0.43765987
108	0	PMCSQS score1 for peptide charge
5	-1e+09	4.2780375	4.5403104	4.7615294	5.1487098
6	0.10139999	0.69953608	0.61924634	-0.010249467	-0.18391696	-0.63862664
109	0	PMCSQS score2 for peptide charge
3	-1e+09	3.9062355	4.4136448
4	-0.0019866889	0	-0.03551419	-0.0036670744
110	0	PMCSQS mass diff from pm2
6	-1e+09	-1.5427246	-0.79907227	-0.50952148	0.0390625	0.26489258
7	-0.18963212	-0.18963212	-0.18858833	-0.1843409	0	-0.16488687	-0.18963212
112	0	PMCSQS score diff from max score with this charge, prob>=0.95
5	-1e+09	6.0346365	6.1560545	6.5313206	6.6000977
6	-0.13269444	0.020227897	-0.07226662	-0.17504781	-0.18779932	-0.36056797
116	0	PRM N/C total breakage score
4	-1e+09	-47.986542	7.4350634	23.795591
5	-0.039136513	-0.039136513	0.12673274	0.19457551	-0.039136513
117	0	PRM N/C average breakage score
3	-1e+09	-5.0116906	2.3677993
4	-0.0014489526	-0.0014489526	0.0067966336	-0.0014489526
118	0	PRM N/C normalized average breakage score
8	-1e+09	-2.3685288	0.17138132	0.3631289	0.55318916	0.74820513	1.6542563	1.9705318
9	-0.063101576	-0.063101576	-0.054068363	0.0026817855	0.099855	0.12722635	0.17922273	0.032555936	-0.063101576
121	0	PRM delta num breakage scores (missing)
5	-1e+09	9	10	16	17
6	0.078779788	0.078779788	-0.045445713	-0.076726721	0.0696916	0.078779788
123	0	PRM num breakage scores
10	-1e+09	4	5	7	8	9	10	11	12	13
11	-0.23707633	-0.55303164	-0.60522439	-0.65439132	-0.58798314	-0.56877899	-0.33772719	0.054983314	0.52009416	0.74843558	0.96617252
124	0	PRM breakage score min 1
3	-1e+09	-20.024481	-13.458761
4	0	0	0.0025731087	0
127	0	PRM breakage score min consecutive 3
3	-1e+09	-53.229702	-13.459757
4	0	0	-0.080699862	0
128	0	PRM breakage score max consecutive 3
4	-1e+09	14.457048	16.516996	38.908539
5	-0.061794819	-0.061794819	-0.030989183	0	-0.061794819
129	0	PRM breakage score min consecutive 2
4	-1e+09	-38.686695	-9.3985672	1.6803737
5	-0.01204057	-0.01204057	0	-0.0036342726	-0.01204057
130	0	PRM breakage score max consecutive 2
4	-1e+09	-5.3370123	19.04283	32.551334
5	-0.023683488	-0.023683488	0	-0.080350436	-0.023683488
133	0	PRM #breakage scores 0 - 8
3	-1e+09	3	5
4	-0.031755934	-0.14403683	-0.070712989	0.13105578
136	0	PRM %breakage scores below -10
6	-1e+09	0	0.13333334	0.14285715	0.2	0.33333334
7	0.030108852	0.030108852	0.15200736	0.093665801	0.05423697	0.10281644	0.030108852
137	0	PRM %breakage scores below 0
3	-1e+09	0.2	0.40000001
4	0.012589189	0.012589189	0	0.012589189
138	0	PRM %breakage scores above 0
4	-1e+09	0.55555558	0.5714286	0.66666669
5	0.096126481	0.096126481	0.070272365	0	0.096126481
140	0	PRM Score connected to N-terminal
4	-1e+09	0.1786238	1.4206712	2.2692916
5	-0.057409023	-0.057409023	0.19805033	0.11106273	-0.057409023
143	0	PRM %breakages with 2 frag detected
3	-1e+09	0.15789473	0.36363637
4	-0.0083032701	-0.0083032701	0.0088570737	-0.0083032701
145	0	PRM %breakages with dual orientation frags
5	-1e+09	0	0.33333334	0.36363637	0.44444445
6	0.047595276	0.047595276	-0.045134	-0.020333907	0.038893609	0.047595276
146	0	PRM #orientation switches
3	-1e+09	0	2
4	0.039638043	0.039638043	-0.042745366	0.039638043
148	0	COMP PPP frag 1 obs_ratio
4	-1e+09	0.33333334	0.38461539	0.46666667
5	0.0077659177	0.0077659177	-0.010753855	-0.012993887	0.0077659177
149	0	COMP PPP frag 2 obs_ratio
3	-1e+09	0.1875	0.33333334
4	0.00031536434	0.00031536434	-0.000950914	0.00031536434
150	0	COMP PPP frag 3 obs_ratio
2	-1e+09	0.15384616
3	0.0013081126	-0.006515351	0.0089720721
151	0	COMP PPP num missed peaks
3	-1e+09	32	34
4	-0.030106295	0.042251275	0.080456126	-0.094970519
154	0	COMP PPP NONMOBILE sum ranks of missed 1-5
3	-1e+09	12	18
4	-0.10966025	-0.10966025	0	-0.10966025
155	0	COMP PPP sum ranks of missed 1-5
8	-1e+09	15	28	31	38	45	57	73
9	-1.5308309	-1.7022809	-1.8964535	-1.8573131	-1.5778144	-0.24207972	-0.1288871	-0.09541445	-0.017230223
157	0	COMP PPP PARTMOBILE sum ranks of missed 6-10
3	-1e+09	62	99
4	0.031324704	0.031324704	0	0.031324704
159	0	COMP PPP sum ranks of missed 6-10
5	-1e+09	57	62	67	69
6	-0.072246083	-0.072246083	0	-0.041153864	-0.068511981	-0.072246083
163	0	COMP PPP sum ranks of missed 11-15
3	-1e+09	86	103
4	-0.085639261	-0.14852708	-0.044260796	0
164	0	COMB PPP observed rank of predicted rank 1
4	-1e+09	2	3	7
5	-0.095946575	0.14567103	0.068881286	-0.17882487	-0.34450023
165	0	COMB PPP observed rank of predicted rank 2
4	-1e+09	0	2	5
5	-0.03780795	0.0086629027	0.048364137	0.0091414735	-0.09319593
166	0	COMB PPP observed rank of predicted rank 3
5	-1e+09	0	1	4	6
6	-0.080911863	-0.080911863	0.0014250624	0.092998977	0.055984465	-0.080911863
168	0	COMB PPP observed rank of predicted rank 5
3	-1e+09	0	8
4	-0.0090506973	-0.0090506973	0.0059837448	-0.0090506973
169	0	COMB PPP observed rank of predicted rank 6
3	-1e+09	6	14
4	0.00065770183	0.071108738	0.002294373	-0.065381305
172	0	COMB PPP predicted rank of observed rank 2
5	-1e+09	8	12	14	31
6	0.0098414913	0.025882692	0.015901816	-0.0019649571	-0.02929714	-0.011739312
173	0	COMB PPP predicted rank of observed rank 3
4	-1e+09	0	4	23
5	-0.016605751	0.081469013	0.11866743	-0.082259592	-0.13108703
174	0	COMB PPP predicted rank of observed rank 4
7	-1e+09	1	6	11	16	25	28
8	-0.1379275	-0.1379275	0.12458743	0.028873781	0.0011557429	-0.030392107	-0.047142044	-0.1379275
175	0	COMB PPP predicted rank of observed rank 5
4	-1e+09	1	4	17
5	-0.070752059	-0.070752059	0.046770731	0.066097945	-0.070752059
176	0	COMB PPP predicted rank of observed rank 6
5	-1e+09	8	11	27	45
6	0.055873692	0.055873692	-0.020946754	-0.074724969	-0.051851881	0.055873692
177	0	COMB PPP predicted rank of observed rank 7
2	-1e+09	5
3	0.0066100517	0.033232963	-0.025129053
178	0	COMB PPP rank of missed #1
2	-1e+09	2
3	-0.0019482743	-0.016802651	0.017615393
181	0	COMB PPP rank of missed #7
4	-1e+09	10	11	16
5	-0.051718244	-0.10552851	-0.10647331	-0.17317281	0
182	0	COMB PPP rank of missed #9
2	-1e+09	23
3	-0.052526904	-0.085451121	0
183	0	COMB PPP rank of missed #11
3	-1e+09	16	21
4	-0.066551956	-0.083810156	-0.047052004	0
185	0	COMB PPP rank of missed #15
2	-1e+09	31
3	-0.027430205	-0.063398488	0
187	0	COMB PPP delta score #1
5	-1e+09	1.1412029	1.5845051	1.8967261	2.6197031
6	-0.052840012	0.095141927	0.10652178	-0.20434731	-0.22942279	-0.23955725
188	0	COMB PPP delta score #2
3	-1e+09	0	2.4243078
4	0.10130875	0.10130875	0	0.10130875
189	0	COMB PPP delta score #3
3	-1e+09	1.8184464	1.9762263
4	-0.04486766	0	-0.058489096	-0.086495276
191	0	COMB PPP delta score #5
4	-1e+09	-0.45328856	1.6149533	1.9113977
5	0	0	0.028016018	0.018644601	0
193	0	COMB PPP delta score #7
2	-1e+09	1.5377476
3	-0.0035589949	0	-0.0061559432
194	0	COMB PPP dot prod pred-obs top 15
4	-1e+09	0.52381217	0.76223141	0.8152281
5	-0.06717813	-0.11285693	-0.034538513	0.03249239	0.036086938
195	0	COMB PPP dot prod obs-pred top 15
3	-1e+09	0.46048242	0.76197213
4	0.0010689258	0.0010689258	-0.0017081382	0.0010689258
196	0	COMB PPP dot prod pred-obs top 30
5	-1e+09	0.34169587	0.49111882	0.62453282	0.68090641
6	0.038815404	-0.18794326	-0.22134675	-0.091536887	-0.02490531	0.19806838
197	0	COMB PPP dot prod obs-pred top 30
3	-1e+09	0.29876742	0.72740734
4	0.0059995168	0.0059995168	-0.002726705	0.0059995168
198	0	COMB PPP dot prod pred-obs top 45
2	-1e+09	0.53776819
3	0.021423251	-0.044236666	0.046553001
199	0	COMB PPP dot prod obs-pred top 45
5	-1e+09	0.23607904	0.37896499	0.57478029	0.60807759
6	0.035225657	0.035225657	-0.01767948	-0.0055079482	0.0093052208	0.035225657
