2 2
3  -1.082 0.842 1398.596 -1.042 0.850 1498.640 -0.965 0.871 1000000000.000
4 0 1 2 3
1 0
1 4
1 13
1 29
1 43
1 59
1 104
1 115
0 147
1 147
0
200
128
4	0	TRYP #num good tryp terminals
2	-1e+09	1
3	-0.80300793	-0.80300793	0.59017009
5	0	TRYP #num missed tryp terminals
3	-1e+09	0	2
4	0.14739691	0.27590268	-0.22500709	-0.19852961
11	0	TRYP AA at N-terminal When C-term is K
6	-1e+09	4	7	12	15	22
7	-0.18289401	-0.19088032	-0.026466748	-0.22437345	-0.21129238	-0.22437345	-0.17749465
12	0	TRYP AA at N-terminal When C-term is other
8	-1e+09	6	8	9	12	14	20	22
9	0.23081505	0.23081505	0.19236131	0.21302402	0.23081505	0.15962931	0.23081505	0.10963948	0.23081505
13	0	ANN PEAK diff from org pm_with_19
10	-1e+09	-3.0124512	-1.7554932	-1.5147705	-1.121582	-0.82263184	-0.62475586	-0.36828613	0.11450195	0.34301758
11	-0.56780594	-1.1360754	1.2948253	1.291075	1.2558167	1.2106782	1.1333835	1.1213705	1.1016739	0.83106777	0.78786102
14	0	ANN PEAK # aas in peptide
4	-1e+09	11	12	13
5	-0.046290288	-0.15222929	-0.045370405	-0.0026839504	0.15140942
15	0	ANN PEAK %ann intensity
7	-1e+09	0.36900684	0.42835835	0.46557009	0.56235099	0.60706753	0.68873417
8	0.097519988	0.098372513	0.056590703	0.044928811	-0.11091993	-0.092433188	0.084105545	0.095835398
16	0	ANN PEAK %ann peaks
9	-1e+09	0.2	0.24778761	0.26744187	0.27659574	0.30303031	0.32142857	0.41025642	0.43181819
10	0.0055339679	-0.17352214	-0.096033316	-0.088805931	0.095312088	0.17073928	0.17553364	0.18343634	0.18538818	0.2016526
18	0	ANN PEAK #ann in top half (up to 50)
5	-1e+09	13	16	19	24
6	0.032114786	0.032114786	0.056765017	0.038401053	-0.062541873	0.032114786
19	0	ANN PEAK #ann in top third - #ann in mid third
3	-1e+09	-1	7
4	-0.0026728343	-0.0026728343	0.0026532199	-0.0026728343
20	0	ANN PEAK #ann in top third - #ann in last third
6	-1e+09	1	3	4	10	12
7	-0.021992117	-0.021992117	0.079355668	-0.0080151223	-0.07895409	-0.075652264	-0.021992117
21	0	ANN PEAK #ann in mid third - #ann in last third
4	-1e+09	-2	1	2
5	0.031999502	0.031999502	-0.029271674	-0.021918352	0.031999502
22	0	ANN PEAK #y annotated
6	-1e+09	3	5	6	7	8
7	0.10942188	0.10942188	-0.10406143	-0.1246567	-0.010235561	0.11674452	0.19425157
26	0	ANN PEAK #y-H2O annotated
4	-1e+09	0	1	4
5	0.026790299	0.026790299	-0.022748019	-0.029288692	0.026790299
27	0	ANN PEAK #b2 annotated
3	-1e+09	0	1
4	0.039000595	-0.059258863	-0.11446966	0.15260261
29	0	INTEN BAL c_idx - n_idx
3	-1e+09	7	8
4	0.0021585502	-0.013748347	0.01377301	0.020286628
31	0	INTEN BAL RHK C
3	-1e+09	2	4
4	0.14455015	0.16251828	0	0.059383579
37	0	INTEN BAL prefix prop, pair +4,+5
10	-1e+09	0.082443573	0.12509599	0.18878885	0.21533944	0.26078135	0.29871762	0.36841497	0.58473778	0.65598994
11	-0.095632661	-0.095632661	-0.04262504	-0.039638703	-0.051427977	-0.029120605	-0.011789274	-0.084762003	-0.10766716	-0.1024428	-0.095632661
40	0	INTEN BAL all prefix prop, pair -1,0,+1
4	-1e+09	0.17285943	0.47153121	0.51346576
5	0.10301937	0.10301937	0	0.049187803	0.10301937
42	0	INTEN BAL all prefix prop, pair +4,+5
4	-1e+09	0.11188249	0.3649112	0.54841948
5	0	0	-0.011895979	-0.022894182	0
43	0	PEAK OFF y num frags detected
6	-1e+09	3	5	6	7	8
7	0.12362716	0.064371147	-0.028407416	-0.029517762	0.057270462	0.071505527	0.12362716
45	0	PEAK OFF y avg self offset
5	-1e+09	0.095395662	0.10952683	0.12072182	0.12715857
6	-0.11031272	0	-0.034628364	-0.19525295	-0.22827273	-0.27321864
46	0	PEAK OFF y max consecutive offset
4	-1e+09	0.11230469	0.23635864	0.35717773
5	0.0052561774	0.0052561774	0.021925109	-0.0079960482	0.0052561774
47	0	PEAK OFF y avg consecutive offset
4	-1e+09	0.11596069	0.24103801	0.27477112
5	0.015597541	0.015597541	-0.042421026	0.0074456549	0.015597541
48	0	PEAK OFF y grab offset #1
7	-1e+09	0.030883789	0.055480957	0.15179443	0.17999268	0.3470459	0.39941406
8	-0.092211337	-0.092211337	-0.030047573	0	-0.07284083	-0.11008405	-0.10139611	-0.092211337
49	0	PEAK OFF y grab offset #2
5	-1e+09	0.0071411133	0.014160156	0.028076172	0.094848633
6	0	0	-0.086372862	-0.098177304	-0.11215807	0
50	0	PEAK OFF y grab offset #3
4	-1e+09	0.019775391	0.026611328	4
5	0.024464227	0.024464227	0.010863307	-0.053327931	0.024464227
51	0	PEAK OFF b num frags detected
6	-1e+09	0.22877228	0.49702179	2	3	7
7	0.21863338	0.21863338	0.11735872	0.093214278	0.077500232	0	0.21863338
52	0	PEAK OFF b max self offset
5	-1e+09	0.079073392	0.15141022	0.21641815	0.24083221
6	0.048672824	0.048672824	0.039743822	0	0.037599767	0.048672824
53	0	PEAK OFF b avg self offset
5	-1e+09	0.057031095	0.089159846	0.12127282	0.24319458
6	0.026086058	0.026086058	0.056305574	0.030219516	0.056305574	0.026086058
54	0	PEAK OFF b max consecutive offset
5	-1e+09	0.084686279	0.21002197	0.24537659	0.44515991
6	0.038004723	0.038004723	0.10067891	0.030118806	0.068123529	0.038004723
55	0	PEAK OFF b avg consecutive offset
4	-1e+09	0.047348022	0.08431571	0.14920044
5	0.036057582	0.036057582	0	0.03434336	0.036057582
56	0	PEAK OFF b grab offset #1
3	-1e+09	0.070800781	0.42919922
4	0.0087917441	0.0087917441	0	0.0087917441
57	0	PEAK OFF b grab offset #2
4	-1e+09	0.024108887	0.15966797	0.30541992
5	0.0054498279	0.0054498279	0	0.012276699	0.0054498279
59	0	PEP COMP start cat N (len 3)
6	-1e+09	3	5	12	16	18
7	-0.049553754	-0.080207008	-0.018666887	0.077235913	0.10947049	0.018216526	-0.021430057
62	0	PEP COMP len 3 # cat 15-18
2	-1e+09	2
3	-0.002261118	-0.025607415	0.018444472
64	0	PEP COMP len 3 # cat 3-6
2	-1e+09	1
3	-0.001820567	-0.0064909782	0.0028698178
65	0	PEP COMP len 3 # cat 1-2
3	-1e+09	1	2
4	-0.039873166	0.04951528	0.0078707652	-0.1032454
66	0	PEP COMP min cat, len 3
2	-1e+09	1
3	-0.012807394	-0.032601026	0.019793632
67	0	PEP COMP avg cat, len 3
4	-1e+09	4.909091	5.7692308	9.3076925
5	-0.057599298	-0.057599298	-0.044685906	0.065854797	-0.057599298
68	0	PEP COMP before cat score 1
5	-1e+09	3	15	16	18
6	-0.019901866	0.054751712	0.095487323	0.017075501	0.0046934126	-0.085594153
69	0	PEP COMP after cat score 1
6	-1e+09	8	10	16	18	19
7	-0.12018126	-0.12018126	-0.07507416	0.057425503	0.094268501	-0.11854302	-0.12018126
70	0	PEP COMP span cat score 1
4	-1e+09	8	14	17
5	0.0027928741	0.073901453	0.032657408	0.0013724322	-0.050426811
71	0	PEP COMP before cat score 2
3	-1e+09	15	18
4	0.060104917	0.10453389	0.012130643	0
72	0	PEP COMP after cat score 2
5	-1e+09	3	8	11	18
6	0.063268671	0.063268671	0.025374714	0	0.17714023	0.063268671
73	0	PEP COMP span cat score 2
3	-1e+09	2	17
4	0	0	0.044683529	0
74	0	PEP COMP before cat score 3
5	-1e+09	-1	12	14	16
6	0.049660222	0.049660222	0.0017014009	0	0.0042908178	0.049660222
75	0	PEP COMP after cat score 3
4	-1e+09	3	11	19
5	0	0	0.0019674859	0.047957607	0
76	0	PEP COMP span cat score 3
6	-1e+09	2	3	14	17	18
7	-0.0046060433	-0.0046060433	0.067805669	0.087238591	0.032596744	-0.0054465926	-0.0046060433
77	0	PEP COMP before cat score 4
4	-1e+09	4	10	17
5	0.044822368	0.044822368	0	0.026681318	0.044822368
78	0	PEP COMP after cat score 4
5	-1e+09	2	5	12	18
6	0.03813634	0.071348756	0.073852101	0.12698582	0.11779502	0
80	0	PEP COMP #aa A
2	-1e+09	1
3	0.038292435	0.270058	0.36175149
82	0	PEP COMP #aa N
1	-1e+09
2	0	0.054685773
83	0	PEP COMP #aa D
2	-1e+09	1
3	0.1594921	0.51064337	0.82707169
84	0	PEP COMP #aa C
1	-1e+09
2	0	-0.40200519
86	0	PEP COMP #aa E
1	-1e+09
2	0	0.17688492
87	0	PEP COMP #aa G
2	-1e+09	1
3	0.0053232188	0.15555873	0.16473456
89	0	PEP COMP #aa L
2	-1e+09	1
3	0	0	-0.16725076
92	0	PEP COMP #aa F
2	-1e+09	1
3	-0.003441831	-0.099597024	-0.10738862
93	0	PEP COMP #aa P
1	-1e+09
2	0	0.16365492
94	0	PEP COMP #aa S
2	-1e+09	1
3	-0.046194764	-0.096178252	-0.18119755
104	0	PMCSQS sqs prob for peptide charge
10	-1e+09	0.56999207	0.67011851	0.83474559	0.89480776	0.91554701	0.94506419	0.96423799	0.98942369	0.99210393
11	0.13412748	0.58524801	0.28468632	0.27654358	0.090127733	0.023971632	0.0068408582	-0.0087955867	-0.20746862	-0.30568554	-0.46943358
105	0	PMCSQS prob for peptide charge
3	-1e+09	0.96022761	0.99606711
4	-0.0041627339	-0.0041627339	0.002062316	-0.0041627339
106	0	PMCSQS mass diff from pm1, prob>0.95
9	-1e+09	-1.2071533	-0.47485352	-0.30358887	-0.12561035	-0.0048828125	0.04675293	0.8145752	1.0457764
10	0.15317584	0.15317584	-0.18393004	-0.1516918	-0.12632898	0.038464245	0.051694666	0.16492255	0.25598384	0.15317584
107	0	PMCSQS mass diff from pm1, prob<=0.95
3	-1e+09	-0.29150391	0.22937012
4	-0.048280475	-0.048280475	0.00086422934	-0.048280475
108	0	PMCSQS score1 for peptide charge
6	-1e+09	4.5547662	4.9946303	5.5936508	5.7977171	6.0605578
7	-0.0030505982	0.46754057	0.10872766	-0.11794236	-0.39196996	-0.4042506	-0.5656592
109	0	PMCSQS score2 for peptide charge
5	-1e+09	4.6030474	4.7280979	4.7893386	4.9860997
6	-0.00064110412	0.090086781	0.061071008	-0.07534279	-0.099699172	-0.12570936
110	0	PMCSQS mass diff from pm2
4	-1e+09	-2.0981445	-0.13549805	1.7368164
5	0.068635889	0.068635889	-0.009899938	0.10821063	0.068635889
112	0	PMCSQS score diff from max score with this charge, prob>=0.95
4	-1e+09	6.6006718	8.8805046	8.9701405
5	0.13308719	0.13308719	-0.01130208	-0.0067452284	0.13308719
115	0	PRM N/C delta mass
5	-1e+09	-3.8146973e-05	-7.6293945e-06	7.6293945e-06	4.5776367e-05
6	-0.044071735	-0.044071735	-0.020560515	0.04496056	0.032508147	-0.044071735
116	0	PRM N/C total breakage score
3	-1e+09	-46.670158	51.780506
4	0.030389055	0.030389055	0	0.030389055
118	0	PRM N/C normalized average breakage score
5	-1e+09	-5.1581392	-3.9858482	-0.97032875	4.2741084
6	0.09994673	0.09994673	0.082675307	-0.0033821904	-0.0068997553	0.09994673
120	0	PRM N/C average path score
3	-1e+09	0.38489991	10.659633
4	0.019661175	0.019661175	-0.026208024	0.019661175
121	0	PRM delta num breakage scores (missing)
3	-1e+09	2	5
4	0.025965127	0.025965127	-0.025779762	0.025965127
123	0	PRM num breakage scores
6	-1e+09	5	7	8	9	10
7	0.31945988	-0.28721924	-0.3463038	-0.13410368	0.28188802	0.59439636	0.63738729
124	0	PRM breakage score min 1
5	-1e+09	-20.825396	-15.642922	-12.402105	-7.7905941
6	0.11674449	0	0.073116052	0.13076561	0.16729397	0.18661083
126	0	PRM breakage score min 3
9	-1e+09	-14.470628	-11.710144	-6.0018997	-4.5009499	4.565464	6.0893469	6.8939924	8.8997765
10	-0.18086729	-0.18086729	-0.0096592185	0.054944395	0.11160615	0.18058526	0.13442292	0.076776475	-0.1085825	-0.18086729
127	0	PRM breakage score min consecutive 3
4	-1e+09	-34.013809	-21.628145	-17.917606
5	0	0	0.02955349	0.013931394	0
128	0	PRM breakage score max consecutive 3
2	-1e+09	44.501457
3	0.093342514	0.19078783	0
129	0	PRM breakage score min consecutive 2
3	-1e+09	-29.115374	-12.228458
4	0.011786747	0.011786747	-0.00085631592	0.011786747
130	0	PRM breakage score max consecutive 2
2	-1e+09	24.175705
3	0.00089200505	0.0061792083	-0.0026191177
133	0	PRM #breakage scores 0 - 8
3	-1e+09	2	4
4	-0.01694377	-0.05777792	-0.013076017	0.033634476
134	0	PRM #breakage scores 8 - 15
3	-1e+09	0	2
4	0.0067390753	0.0067390753	-0.0018273506	0.0067390753
136	0	PRM %breakage scores below -10
5	-1e+09	0	0.1	0.125	0.25
6	0.13872204	0.25804348	0.22574842	0.02873743	0	0.032295056
137	0	PRM %breakage scores below 0
5	-1e+09	0.1	0.125	0.33333334	0.5714286
6	0.096424639	0.096424639	0.033076086	0	0.066596054	0.096424639
140	0	PRM Score connected to N-terminal
5	-1e+09	-7.9834309	-3.3260078	-1.6599149	9.6156979
6	0.0087089155	0.0087089155	-0.024109375	-0.050980731	-0.074783943	0.0087089155
142	0	PRM %breakages with 1 frag detected
3	-1e+09	0.083333336	0.25
4	-0.0035914604	-0.0035914604	0.0045589441	-0.0035914604
143	0	PRM %breakages with 2 frag detected
3	-1e+09	0	0.21428573
4	-0.0072666837	-0.0072666837	0.0088454872	-0.0072666837
144	0	PRM %breakages with > 5 frags detected
3	-1e+09	0	0.16666667
4	-0.02117834	-0.02117834	0.014810572	-0.02117834
149	0	COMP PPP frag 2 obs_ratio
3	-1e+09	0.27272728	0.69999999
4	0.020585911	0.020585911	-0.016595854	0.020585911
150	0	COMP PPP frag 3 obs_ratio
6	-1e+09	0.083333336	0.125	0.18181819	0.25	0.36363637
7	-0.004267942	-0.004267942	-0.078207281	-0.035429814	0.0063137593	0.086527527	-0.004267942
151	0	COMP PPP num missed peaks
3	-1e+09	29	36
4	-0.037536744	-0.037536744	0.043797156	-0.037536744
153	0	COMP PPP PARTMOBILE sum ranks of missed 1-5
3	-1e+09	21	54
4	0.015913203	0.015913203	0	0.015913203
155	0	COMP PPP sum ranks of missed 1-5
8	-1e+09	35	38	41	45	55	61	77
9	-1.686847	-1.8073389	-1.6993046	-1.5922796	-1.5888979	-0.88353365	-0.66245941	-0.42078613	-0.11040668
159	0	COMP PPP sum ranks of missed 6-10
5	-1e+09	46	60	96	114
6	0.077821979	0.077821979	0	0.0033878101	0.033567069	0.077821979
161	0	COMP PPP PARTMOBILE sum ranks of missed 11-15
4	-1e+09	80	94	142
5	0.063768193	0.063768193	0.040213751	-0.023554443	0.063768193
163	0	COMP PPP sum ranks of missed 11-15
3	-1e+09	80	99
4	0	0	-0.072040678	0
164	0	COMB PPP observed rank of predicted rank 1
6	-1e+09	1	2	3	5	8
7	0.029965696	0.15944843	0.13748723	-0.014946528	-0.14549629	-0.18934784	-0.19613652
165	0	COMB PPP observed rank of predicted rank 2
6	-1e+09	0	2	3	4	8
7	0.016716667	0.087828451	0.12092239	0.095312794	-0.0010879635	-0.045244695	-0.088468972
166	0	COMB PPP observed rank of predicted rank 3
5	-1e+09	0	5	6	9
6	-0.086430326	-0.086430326	0.15000123	-0.0054854148	-0.058731404	-0.086430326
167	0	COMB PPP observed rank of predicted rank 4
3	-1e+09	0	7
4	-0.024193615	0.0055620726	0.049985921	-0.04985219
168	0	COMB PPP observed rank of predicted rank 5
4	-1e+09	1	2	10
5	-0.11518569	-0.07943587	0.028683741	0.037845122	-0.13527311
169	0	COMB PPP observed rank of predicted rank 6
5	-1e+09	0	2	7	17
6	-0.070139791	-0.070139791	-0.028600264	0.072427086	-0.083401603	-0.070139791
170	0	COMB PPP observed rank of predicted rank 7
4	-1e+09	2	10	11
5	-0.028077729	-0.003007515	0.041955287	-0.037361406	-0.04885237
172	0	COMB PPP predicted rank of observed rank 2
3	-1e+09	0	13
4	0.0024211618	0.016581323	0.051055502	-0.01807289
173	0	COMB PPP predicted rank of observed rank 3
7	-1e+09	0	3	4	8	9	12
8	-0.059435985	-0.01118796	0.10006874	0.072135657	-0.0046431241	-0.011656457	-0.061318058	-0.073053018
174	0	COMB PPP predicted rank of observed rank 4
3	-1e+09	9	17
4	0	0	-0.002542898	0
175	0	COMB PPP predicted rank of observed rank 5
4	-1e+09	1	13	27
5	-0.0085771972	-0.0085771972	0.037282947	-0.025905534	-0.0085771972
176	0	COMB PPP predicted rank of observed rank 6
6	-1e+09	7	8	14	21	29
7	0.046799387	0.046799387	0.042463046	-0.0023640936	0.016149931	-0.078975981	0.046799387
177	0	COMB PPP predicted rank of observed rank 7
7	-1e+09	1	2	9	10	17	23
8	-0.056401766	0.03146081	0.059019435	0.12261096	0.10719093	0.048035629	0.035120341	-0.1254859
178	0	COMB PPP rank of missed #1
9	-1e+09	0	1	2	3	4	5	6	11
10	-0.23841599	-0.23841599	-0.37094159	-0.36024716	-0.28344673	-0.13471501	0.086989699	0.12624526	0.15283673	0.20882086
179	0	COMB PPP rank of missed #3
4	-1e+09	2	13	14
5	0	0	-0.23923713	-0.16092285	0
180	0	COMB PPP rank of missed #5
5	-1e+09	5	8	10	17
6	0	0	-0.0031766125	-0.099950969	-0.059928575	0
181	0	COMB PPP rank of missed #7
4	-1e+09	8	20	21
5	0	0	-0.068694292	-0.035338394	0
183	0	COMB PPP rank of missed #11
3	-1e+09	13	25
4	-0.00590068	-0.00590068	-0.065406666	0
184	0	COMB PPP rank of missed #13
3	-1e+09	16	24
4	0.04931584	0.04931584	-0.050401028	0.04931584
185	0	COMB PPP rank of missed #15
3	-1e+09	18	25
4	0	0	-0.037125002	0
186	0	COMB PPP rank of missed #17
3	-1e+09	21	27
4	0.011975743	0.0014333619	-0.016596815	0.022021705
187	0	COMB PPP delta score #1
6	-1e+09	0.38938618	0.89554405	1.0658398	2.0174484	2.7747402
7	-0.2283049	0	-0.09209448	-0.12316322	-0.14983429	-0.31826772	-0.41396571
188	0	COMB PPP delta score #2
7	-1e+09	-0.62206554	-0.24221611	0.50493336	1.262599	1.4278927	1.7931519
8	0.035776022	0.073901532	0.10127947	0.29189033	0.17721526	0.11953099	0.022410645	0
189	0	COMB PPP delta score #3
6	-1e+09	0	0.40521431	0.82780838	1.1169167	1.2719097
7	-0.05315255	0.023650279	0.0051850109	-0.011057407	-0.050625645	-0.074186443	-0.13003978
190	0	COMB PPP delta score #4
7	-1e+09	-1.0356169	0.6303091	0.76349258	0.90390968	1.6854811	2.6359806
8	-0.12945404	-0.12648425	0	-0.10917183	-0.12465801	-0.24360463	-0.25952235	-0.13585772
191	0	COMB PPP delta score #5
8	-1e+09	-1.1680841	0.19427872	0.99809885	1.143074	1.292716	1.6220608	2.5273838
9	-0.17809851	-0.17809851	0	-0.0083648849	-0.073068309	-0.095839986	-0.17813444	-0.18693131	-0.17809851
192	0	COMB PPP delta score #6
5	-1e+09	-1.2562799	0.57044601	0.69966602	1.9466476
6	-0.049324654	-0.049324654	0.077740787	0.00085655961	-0.048468094	-0.049324654
193	0	COMB PPP delta score #7
5	-1e+09	-0.8786869	1.0787573	1.3707027	1.8994942
6	0.036649664	0.060679437	0.15102539	0.039878099	0.014673087	0
194	0	COMB PPP dot prod pred-obs top 15
3	-1e+09	0.69959819	0.75995833
4	-0.0041378654	-0.13420365	-0.080761512	0.021930584
195	0	COMB PPP dot prod obs-pred top 15
2	-1e+09	0.95140135
3	0.028205816	0	0.028205816
196	0	COMB PPP dot prod pred-obs top 30
6	-1e+09	0.56812054	0.58217824	0.59615815	0.63826472	0.6845758
7	0.011866922	-0.10299549	-0.082848258	0.030767115	0.06527859	0.084703253	0.1076805
