0 -999999999 -999999999 -1 -1
1 0 0 -1 -1
-0.1669 0.1121
356
-9.77236175e-01
0.00000000e+00
0.00000000e+00
0.00000000e+00
0.00000000e+00
0.00000000e+00
0.00000000e+00
0.00000000e+00
0.00000000e+00
0.00000000e+00
0.00000000e+00
0.00000000e+00
0.00000000e+00
0.00000000e+00
0.00000000e+00
0.00000000e+00
0.00000000e+00
0.00000000e+00
0.00000000e+00
0.00000000e+00
0.00000000e+00
0.00000000e+00
0.00000000e+00
0.00000000e+00
0.00000000e+00
0.00000000e+00
0.00000000e+00
0.00000000e+00
0.00000000e+00
0.00000000e+00
0.00000000e+00
0.00000000e+00
0.00000000e+00
0.00000000e+00
0.00000000e+00
0.00000000e+00
0.00000000e+00
0.00000000e+00
0.00000000e+00
0.00000000e+00
0.00000000e+00
0.00000000e+00
0.00000000e+00
0.00000000e+00
0.00000000e+00
0.00000000e+00
0.00000000e+00
0.00000000e+00
0.00000000e+00
0.00000000e+00
0.00000000e+00
4.14970345e-02
3.11910656e-02
-3.21520689e-01
0.00000000e+00
0.00000000e+00
0.00000000e+00
0.00000000e+00
-4.26761599e-01
-1.14384604e-01
-8.56665594e-01
8.78249437e-01
-4.47340888e-02
4.94612333e-01
5.04227960e-01
1.06058453e-01
-1.53302852e-01
-3.38438818e-01
0.00000000e+00
0.00000000e+00
0.00000000e+00
-8.05783367e+00
7.69684302e-02
1.48094518e+00
2.70469961e+00
2.50657174e-02
-3.07061767e-01
4.37589789e+00
3.21072293e-04
-1.94447913e-01
0.00000000e+00
0.00000000e+00
0.00000000e+00
0.00000000e+00
0.00000000e+00
0.00000000e+00
0.00000000e+00
-8.44091374e-01
-5.76238358e-01
4.43093558e-01
-8.44686792e-01
1.32143144e-01
-4.45164804e-01
-1.96091420e-01
-4.62247023e-01
-8.08990970e-01
-2.12159551e+00
4.29763188e-01
3.99551435e-01
-5.53616658e-01
-3.45127971e-03
-2.02001993e-01
0.00000000e+00
0.00000000e+00
1.81636744e+00
2.46227424e+00
0.00000000e+00
0.00000000e+00
0.00000000e+00
0.00000000e+00
0.00000000e+00
0.00000000e+00
-1.54632813e-01
-1.34061803e-01
3.40280198e-02
1.49050882e-01
-9.35557577e-01
-1.75243033e+00
2.18612870e+00
1.80585399e+00
5.38285146e-01
0.00000000e+00
0.00000000e+00
-1.30850102e-01
-1.79523697e-01
-5.77364819e-01
5.86045764e-02
4.78189976e-01
-4.73207037e-01
-2.19199983e+00
6.36374366e+00
6.66122487e+00
6.55062439e+00
6.79676271e+00
6.68034510e+00
6.82507054e+00
-7.54500522e-01
-1.52999099e-02
1.55642913e-01
-5.07710978e-01
-7.57174290e-02
-4.39188182e-01
0.00000000e+00
0.00000000e+00
1.00433710e-01
2.00930500e-01
0.00000000e+00
0.00000000e+00
0.00000000e+00
0.00000000e+00
0.00000000e+00
0.00000000e+00
-5.54209579e-01
3.84025097e+00
0.00000000e+00
0.00000000e+00
-4.23026595e-01
-2.11251697e+00
0.00000000e+00
0.00000000e+00
-1.79378974e+00
-1.85328100e+00
-9.99813875e-01
-1.58622942e+00
-2.79360362e+00
0.00000000e+00
0.00000000e+00
0.00000000e+00
2.65092215e-01
-1.74169615e+00
-7.60860927e-01
-3.14722599e-01
6.02043150e-01
3.65523351e-01
5.27702423e-01
1.02916867e-01
-2.61106391e-01
0.00000000e+00
7.26782004e-01
-3.70820816e-01
-1.46271569e+00
6.73684706e-01
1.92464470e-01
2.29318404e-01
-1.51139064e-02
-7.34523204e-01
-1.24598879e+00
4.28417271e-01
3.55945306e-01
0.00000000e+00
0.00000000e+00
0.00000000e+00
-2.17050420e-02
1.73021356e-01
-1.32871227e-01
9.53121500e-02
1.04414417e-01
-4.28489779e-01
-1.93610564e-02
5.64511385e-02
-1.80617704e-01
0.00000000e+00
-1.99371417e-01
5.67804518e-01
2.70661371e-01
-1.84778063e-01
1.08901058e-02
7.64369458e-02
-5.45905434e-02
-1.48013086e-01
4.02866547e-01
-3.21153242e-02
-1.38480308e+00
-7.32227666e-01
0.00000000e+00
0.00000000e+00
3.61394651e-01
6.50500042e-01
-2.42848466e-01
-1.13987924e+00
-1.47803242e-01
0.00000000e+00
0.00000000e+00
0.00000000e+00
-4.59619954e-01
2.86639741e+00
4.33503286e-02
-4.37789719e-01
-4.34796527e-01
7.69167226e-01
1.23253491e-01
6.32009359e-01
2.38151696e-01
0.00000000e+00
-1.07989299e-01
-1.68321154e-01
-2.75913317e-01
3.50228283e-01
0.00000000e+00
-5.47641513e-02
-3.89023872e-02
0.00000000e+00
3.35343556e-01
6.65506153e-01
-6.52575418e-01
0.00000000e+00
0.00000000e+00
-2.80233334e-01
-1.40880053e+00
-1.06156208e+00
0.00000000e+00
0.00000000e+00
0.00000000e+00
6.11739561e-01
-8.60278284e-01
-8.13023354e-01
-3.47238457e-01
0.00000000e+00
0.00000000e+00
0.00000000e+00
-3.43951041e+00
0.00000000e+00
0.00000000e+00
0.00000000e+00
1.01067154e+00
2.54317654e+00
-5.54453882e-01
8.13012407e-01
-1.65236907e-01
-8.68112636e-01
1.53556266e+00
4.29596162e-01
-1.07716654e-01
0.00000000e+00
-1.54259510e-01
-4.75486942e-01
8.85682311e-02
8.42562478e-01
0.00000000e+00
1.06712019e+00
7.62223583e-01
0.00000000e+00
1.39567604e+00
1.08402096e+00
-6.35805701e-01
0.00000000e+00
0.00000000e+00
0.00000000e+00
1.29498571e+00
3.92480406e-01
6.21688129e-01
9.01755539e-01
-5.62235945e-01
1.11464096e+00
1.28333282e+00
1.27265162e+00
2.62771979e-01
0.00000000e+00
1.46483471e+00
1.09879925e+00
5.37260872e-01
8.87715929e-01
0.00000000e+00
1.37229518e+00
1.24002812e+00
0.00000000e+00
4.55535938e-01
1.32995630e+00
-1.00497625e+00
-8.34033675e-01
0.00000000e+00
9.80046855e-01
-3.63670209e-01
1.15976697e+00
7.76867541e-02
-2.07148740e+00
-3.39723464e-01
0.00000000e+00
0.00000000e+00
0.00000000e+00
-1.13608143e-01
-7.43304786e-01
2.05721531e-01
1.00771952e+00
-3.22467455e+00
1.18266780e-01
-1.25344127e+00
-1.19333384e+00
-1.22439431e+00
0.00000000e+00
-1.58777702e-01
-1.19055532e+00
-1.11533427e-01
-7.38831162e-01
0.00000000e+00
-5.13570608e-01
-1.01653498e-01
0.00000000e+00
-7.41428379e-01
-7.45242246e-01
-1.70942575e-01
4.55100078e-01
2.85013282e-01
-4.77340007e-01
-2.43453416e+00
-1.01924732e+00
0.00000000e+00
-5.10005877e-01
-3.56321351e-01
1.94277980e+00
0.00000000e+00
0.00000000e+00
-1.41528684e+00
-1.00930966e+00
0.00000000e+00
0.00000000e+00
247
-1.12961753e+00
0.00000000e+00
0.00000000e+00
0.00000000e+00
0.00000000e+00
0.00000000e+00
0.00000000e+00
0.00000000e+00
0.00000000e+00
0.00000000e+00
0.00000000e+00
0.00000000e+00
0.00000000e+00
0.00000000e+00
0.00000000e+00
0.00000000e+00
0.00000000e+00
0.00000000e+00
0.00000000e+00
0.00000000e+00
0.00000000e+00
0.00000000e+00
0.00000000e+00
0.00000000e+00
0.00000000e+00
0.00000000e+00
0.00000000e+00
0.00000000e+00
0.00000000e+00
0.00000000e+00
0.00000000e+00
0.00000000e+00
0.00000000e+00
0.00000000e+00
0.00000000e+00
0.00000000e+00
0.00000000e+00
0.00000000e+00
0.00000000e+00
0.00000000e+00
0.00000000e+00
0.00000000e+00
0.00000000e+00
-4.11422829e-01
-1.16099153e-02
-1.53823221e+00
3.64418969e-02
8.20037507e-01
-6.81145443e-03
0.00000000e+00
0.00000000e+00
0.00000000e+00
0.00000000e+00
0.00000000e+00
0.00000000e+00
0.00000000e+00
7.54143868e-02
-5.67348157e-01
-6.35785362e-01
2.95981024e+00
3.71167218e+00
0.00000000e+00
0.00000000e+00
0.00000000e+00
0.00000000e+00
0.00000000e+00
0.00000000e+00
2.09394043e+00
1.75072344e+00
2.29554510e+00
1.58617083e+00
0.00000000e+00
1.64832791e-01
-2.03196036e-01
0.00000000e+00
0.00000000e+00
0.00000000e+00
0.00000000e+00
0.00000000e+00
9.37134901e-01
1.34703620e+00
1.20039998e+00
4.38841245e+00
0.00000000e+00
0.00000000e+00
5.45683785e+00
5.93338264e+00
5.58669046e+00
5.36709923e+00
7.00419369e+00
5.61482860e+00
0.00000000e+00
4.10422188e-01
-5.02729767e-01
-1.98004799e-01
0.00000000e+00
-5.04303408e-01
0.00000000e+00
0.00000000e+00
0.00000000e+00
0.00000000e+00
0.00000000e+00
0.00000000e+00
0.00000000e+00
-1.48535632e+00
1.09783981e+01
0.00000000e+00
3.55738788e-01
0.00000000e+00
0.00000000e+00
0.00000000e+00
-2.23950665e+00
-1.84802272e+00
-1.16357822e+00
-3.67771148e+00
-4.08752937e+00
0.00000000e+00
0.00000000e+00
0.00000000e+00
2.01711696e+00
0.00000000e+00
4.79930119e-01
0.00000000e+00
2.66539471e+00
0.00000000e+00
2.28885707e+00
1.05374065e+00
0.00000000e+00
0.00000000e+00
2.43296149e+00
0.00000000e+00
0.00000000e+00
2.99478040e+00
2.23518882e+00
1.66410469e+00
2.01199352e+00
0.00000000e+00
2.40694986e+00
2.17765335e+00
-1.98963024e+00
-1.02711858e+00
0.00000000e+00
0.00000000e+00
6.54866077e-01
7.37668055e-02
0.00000000e+00
0.00000000e+00
0.00000000e+00
4.57375889e-02
0.00000000e+00
4.46684051e-01
0.00000000e+00
0.00000000e+00
0.00000000e+00
6.44788915e-02
3.80146970e-01
0.00000000e+00
0.00000000e+00
3.72438614e-01
0.00000000e+00
0.00000000e+00
0.00000000e+00
0.00000000e+00
-2.13106570e-01
-1.07522569e-01
0.00000000e+00
1.91195203e-01
-6.30939033e-02
-9.62511662e-01
0.00000000e+00
0.00000000e+00
3.66880338e-01
-2.09789913e+00
-1.21238807e+00
0.00000000e+00
0.00000000e+00
0.00000000e+00
-8.85511058e-01
0.00000000e+00
0.00000000e+00
0.00000000e+00
-4.84128971e+00
0.00000000e+00
0.00000000e+00
0.00000000e+00
4.91728247e+00
1.46037890e+00
0.00000000e+00
0.00000000e+00
0.00000000e+00
3.33769326e+00
4.33599654e+00
1.60162303e+00
0.00000000e+00
0.00000000e+00
4.78874148e+00
1.14800564e+00
0.00000000e+00
2.71341521e+00
0.00000000e+00
2.17542767e+00
4.72708339e+00
0.00000000e+00
-3.09908227e+00
2.17717016e+00
-7.62973869e-01
-2.40050578e+00
0.00000000e+00
5.39575171e-01
-1.63884011e-01
4.89682253e-01
0.00000000e+00
0.00000000e+00
0.00000000e+00
-1.93441331e-01
0.00000000e+00
0.00000000e+00
0.00000000e+00
0.00000000e+00
2.19185777e-01
3.43057377e-01
9.88758443e-01
0.00000000e+00
0.00000000e+00
-4.62485768e-01
0.00000000e+00
0.00000000e+00
1.14904264e+00
0.00000000e+00
7.22159896e-01
2.21981215e-01
0.00000000e+00
3.00554938e+00
2.68660495e-01
1.63753192e+00
-2.86963682e+00
-2.02493251e+00
-1.98736525e+00
-4.07831584e+00
1.23692756e+00
0.00000000e+00
-7.05120828e-01
0.00000000e+00
0.00000000e+00
0.00000000e+00
0.00000000e+00
0.00000000e+00
2 -999999999 -999999999 0 -1
1 0 0 1 -1
-5.2578e-01 2.1126e-01
356
-9.70529942e-01
0.00000000e+00
0.00000000e+00
0.00000000e+00
0.00000000e+00
0.00000000e+00
0.00000000e+00
0.00000000e+00
0.00000000e+00
0.00000000e+00
0.00000000e+00
0.00000000e+00
0.00000000e+00
0.00000000e+00
0.00000000e+00
0.00000000e+00
0.00000000e+00
0.00000000e+00
0.00000000e+00
0.00000000e+00
0.00000000e+00
0.00000000e+00
0.00000000e+00
0.00000000e+00
0.00000000e+00
0.00000000e+00
0.00000000e+00
0.00000000e+00
0.00000000e+00
0.00000000e+00
0.00000000e+00
-9.70529942e-01
0.00000000e+00
-1.98340291e-01
4.12841506e-01
0.00000000e+00
8.08326861e-01
-4.28756026e-01
1.75355074e+00
-3.43433625e-01
3.79329939e-01
0.00000000e+00
0.00000000e+00
0.00000000e+00
0.00000000e+00
0.00000000e+00
0.00000000e+00
0.00000000e+00
0.00000000e+00
0.00000000e+00
0.00000000e+00
2.23673985e-01
-1.21278055e-01
-1.36123054e+00
0.00000000e+00
0.00000000e+00
0.00000000e+00
0.00000000e+00
-7.34187065e-01
5.10934151e-01
-9.25167471e-02
4.19434543e-01
2.20535834e-01
-5.67144085e-02
1.20685294e-01
-4.44232422e-01
-4.85047258e-01
1.16549866e+00
0.00000000e+00
0.00000000e+00
0.00000000e+00
-3.23343063e+00
4.43832887e-02
1.71978324e-01
4.13949562e-01
2.73453765e-02
-6.18556562e-02
1.84895112e+00
7.46020692e-03
2.55219630e-01
0.00000000e+00
0.00000000e+00
0.00000000e+00
0.00000000e+00
0.00000000e+00
0.00000000e+00
0.00000000e+00
-5.54431373e-01
-3.59018294e-01
-5.70802755e-02
-1.16023884e+00
3.88882137e-01
4.61685060e-01
5.96789296e-01
3.21120023e-01
1.11032889e-01
-1.59483771e+00
7.67165892e-01
1.09090262e+00
-7.44546988e-02
2.41212651e-01
-1.05176056e+00
0.00000000e+00
0.00000000e+00
1.71116621e+00
2.22020786e+00
0.00000000e+00
0.00000000e+00
0.00000000e+00
0.00000000e+00
0.00000000e+00
0.00000000e+00
9.07341050e-01
-2.42611503e-01
-1.28223958e-01
-4.92399293e-01
-9.63851265e-01
-1.76195118e+00
3.13747417e+00
1.76629893e+00
0.00000000e+00
0.00000000e+00
0.00000000e+00
0.00000000e+00
-3.31610438e-01
1.11821499e-01
6.44270841e-01
1.66487691e+00
-5.64109363e-01
-2.47832242e+00
5.65631199e+00
5.71135215e+00
5.70662802e+00
6.04118146e+00
6.08185345e+00
6.08963847e+00
9.05651716e-02
-2.47615213e-01
1.59418307e-01
-1.05795980e-01
-1.59868341e-01
-7.08089275e-01
9.04920878e-01
-1.02288137e-01
-7.07156239e-01
-9.56778862e-01
0.00000000e+00
0.00000000e+00
0.00000000e+00
0.00000000e+00
0.00000000e+00
0.00000000e+00
-2.23766482e+00
6.85506384e+00
0.00000000e+00
0.00000000e+00
1.26713488e+00
-2.65747602e+00
0.00000000e+00
0.00000000e+00
-1.61402642e+00
-9.54684918e-01
-1.06766973e+00
-2.23605288e+00
-2.68169615e+00
0.00000000e+00
0.00000000e+00
0.00000000e+00
-5.39100807e-01
0.00000000e+00
-2.16428230e+00
4.27736747e-01
1.40476048e+00
-2.41074202e-01
1.19412815e+00
5.72990934e-01
-2.31006813e-01
0.00000000e+00
6.02063679e-02
1.12582277e+00
-8.08319448e-01
-1.33321827e-01
1.56268285e+00
-6.09586824e-01
-1.55177048e-01
-1.61722220e+00
6.28015018e-01
6.24350783e-01
1.55461364e-01
0.00000000e+00
0.00000000e+00
0.00000000e+00
4.77923262e-01
0.00000000e+00
9.64755415e-01
5.45574620e-01
4.43158397e-01
4.10504616e-01
3.05088956e-01
3.91770337e-01
1.68800027e-02
0.00000000e+00
1.61990708e-01
0.00000000e+00
6.02477795e-01
6.42351240e-01
2.08262149e-01
8.00775832e-01
6.90813429e-01
6.84821321e-01
2.00936889e-01
3.39818735e-01
-1.49973842e+00
-3.80395749e-01
0.00000000e+00
0.00000000e+00
1.27497945e-02
4.43299992e-01
-3.85387900e-01
-4.38307841e-01
3.94727754e-01
0.00000000e+00
0.00000000e+00
0.00000000e+00
-1.18621357e+00
0.00000000e+00
-7.75318471e-01
-1.26911292e+00
0.00000000e+00
-2.16183252e-01
-3.65281622e-01
6.49575456e-01
-3.50319923e-01
0.00000000e+00
-5.40190921e-01
0.00000000e+00
-5.18304208e-01
-6.62893111e-01
0.00000000e+00
-1.34166566e+00
-7.91642371e-01
9.98764154e-01
-3.45336318e-01
2.99241431e-01
-1.11934268e+00
0.00000000e+00
0.00000000e+00
2.10561887e+00
-1.18195772e+00
-1.23363067e+00
0.00000000e+00
0.00000000e+00
-3.56553858e-01
6.46751099e-01
-8.45683731e-01
-1.03469804e+00
5.16729482e-02
0.00000000e+00
0.00000000e+00
0.00000000e+00
-3.19073780e+00
0.00000000e+00
0.00000000e+00
0.00000000e+00
3.76936019e+00
2.83084253e+00
1.01268795e+00
2.22999922e+00
0.00000000e+00
1.71924585e+00
3.18611275e+00
2.58968764e+00
-6.92716085e-01
0.00000000e+00
2.10097523e+00
2.85031502e-01
-8.84603906e-01
2.62067796e+00
0.00000000e+00
3.55990474e+00
2.62850233e+00
7.50592374e-01
6.82979676e-01
2.39785303e+00
-1.13092586e+00
0.00000000e+00
0.00000000e+00
0.00000000e+00
6.38984432e-01
0.00000000e+00
7.49861302e-01
9.89014834e-01
0.00000000e+00
9.88185969e-01
8.35983602e-01
8.85650450e-01
0.00000000e+00
0.00000000e+00
9.70444527e-01
0.00000000e+00
1.03451226e+00
5.44317319e-01
0.00000000e+00
5.90187879e-01
6.10172927e-01
1.71661457e+00
5.09724243e-01
4.30736224e-01
-7.44239054e-01
-4.81801232e-01
0.00000000e+00
1.99854227e-01
2.58748135e-01
-1.50650317e-01
-1.17200662e-01
-2.13950253e-01
2.84622468e-02
0.00000000e+00
0.00000000e+00
0.00000000e+00
4.74383988e-01
0.00000000e+00
-4.17527909e-01
7.18885594e-01
0.00000000e+00
8.23771534e-02
-5.07299636e-01
-7.42271127e-01
0.00000000e+00
0.00000000e+00
-1.05212376e-01
0.00000000e+00
-8.58123590e-01
-8.97053445e-02
0.00000000e+00
6.54894356e-01
7.76533998e-01
9.13375771e-01
-7.76394770e-01
-1.21751300e+00
-2.62437822e-01
-9.48804874e-01
1.99105181e+00
-7.78330404e-01
-2.44649874e+00
-4.72883685e-01
0.00000000e+00
3.73370086e-01
7.10542065e-02
-7.64689722e-02
-1.11063880e+00
0.00000000e+00
-1.97361506e+00
-1.28885994e+00
2.47593209e+00
0.00000000e+00
247
-8.81908219e-01
0.00000000e+00
0.00000000e+00
0.00000000e+00
0.00000000e+00
0.00000000e+00
0.00000000e+00
0.00000000e+00
0.00000000e+00
0.00000000e+00
0.00000000e+00
0.00000000e+00
0.00000000e+00
0.00000000e+00
0.00000000e+00
0.00000000e+00
0.00000000e+00
0.00000000e+00
0.00000000e+00
0.00000000e+00
0.00000000e+00
0.00000000e+00
0.00000000e+00
0.00000000e+00
0.00000000e+00
0.00000000e+00
0.00000000e+00
-8.81908219e-01
0.00000000e+00
1.86686155e+00
-2.74876976e+00
0.00000000e+00
3.00359353e-01
-3.39072145e-01
0.00000000e+00
0.00000000e+00
0.00000000e+00
0.00000000e+00
0.00000000e+00
0.00000000e+00
0.00000000e+00
0.00000000e+00
0.00000000e+00
-1.66431650e+00
4.18345480e-02
-4.14049139e-04
1.88285867e-02
7.82822326e-01
3.82315214e-03
0.00000000e+00
0.00000000e+00
0.00000000e+00
0.00000000e+00
0.00000000e+00
0.00000000e+00
0.00000000e+00
-4.30273352e-01
-4.31903345e-01
-1.97315217e-02
1.44781528e+00
1.95267314e+00
0.00000000e+00
0.00000000e+00
0.00000000e+00
0.00000000e+00
0.00000000e+00
0.00000000e+00
-3.46009273e-01
-1.82355779e-01
-4.64940398e-02
-1.13432336e-01
-7.35121487e-01
-9.06310580e-01
4.83774742e+00
3.99132929e+00
2.03287559e+00
0.00000000e+00
0.00000000e+00
1.29942647e+00
4.73986755e-01
2.41826172e-01
-1.74246918e-01
-3.19439095e-01
-9.06977629e-01
-9.26593535e-01
4.41451278e+00
4.26480300e+00
3.92441338e+00
3.71862307e+00
4.09645568e+00
4.30885676e+00
1.12022594e+00
9.55091841e-01
9.73612641e-01
5.95946930e-01
1.44518204e-01
-5.24674273e-01
0.00000000e+00
0.00000000e+00
0.00000000e+00
0.00000000e+00
0.00000000e+00
0.00000000e+00
0.00000000e+00
-1.22313711e+00
2.05349392e+00
0.00000000e+00
3.41228888e-01
-3.63214051e-01
0.00000000e+00
0.00000000e+00
-8.35995850e-01
-1.49372764e+00
-1.40655110e+00
-1.42803026e+00
-2.32972350e+00
0.00000000e+00
0.00000000e+00
0.00000000e+00
5.47156735e-01
-7.90376766e-02
-1.57643602e+00
-8.42058842e-01
1.61985812e+00
-7.96932117e-01
9.29457560e-02
3.58069902e-01
-3.14101048e+00
0.00000000e+00
-3.07471018e-01
-2.84176375e-01
-8.25543419e-01
-1.93709590e-01
1.48332192e+00
-2.67934000e-01
-2.62843711e-01
4.13399973e-02
1.20274848e+00
9.01988841e-01
-5.07346486e-01
-1.48902619e-01
0.00000000e+00
0.00000000e+00
-5.73401811e-02
-1.43644460e+00
0.00000000e+00
0.00000000e+00
0.00000000e+00
1.58476310e+00
1.45439015e+00
2.10794118e+00
2.13486339e+00
0.00000000e+00
1.77584356e+00
1.79058457e+00
1.16957430e+00
3.15781227e+00
0.00000000e+00
2.00980134e+00
1.75401378e+00
1.68377156e+00
2.11761804e+00
0.00000000e+00
1.90406931e+00
1.66060223e+00
0.00000000e+00
1.42170646e+00
1.19173880e+00
-3.58443867e-01
0.00000000e+00
0.00000000e+00
1.90846559e-01
-1.82237701e+00
-6.87093231e-01
0.00000000e+00
0.00000000e+00
0.00000000e+00
-1.13528378e+00
0.00000000e+00
0.00000000e+00
0.00000000e+00
-2.83458136e+00
0.00000000e+00
0.00000000e+00
0.00000000e+00
1.67531059e+00
1.86618294e+00
-1.09274709e+00
-1.49405164e+00
3.31503262e+00
7.49203829e-01
1.04307572e+00
3.24525089e-01
0.00000000e+00
0.00000000e+00
8.10435955e-01
1.85130413e-01
5.68942289e-01
0.00000000e+00
0.00000000e+00
1.04323066e-01
4.45248957e-01
0.00000000e+00
2.35782501e+00
2.16447548e+00
-1.21814171e+00
9.25204581e-02
0.00000000e+00
2.08888724e-01
7.19097360e-01
-2.50152817e-01
0.00000000e+00
0.00000000e+00
0.00000000e+00
-9.27960104e-02
0.00000000e+00
0.00000000e+00
0.00000000e+00
0.00000000e+00
0.00000000e+00
0.00000000e+00
5.93266918e-01
0.00000000e+00
0.00000000e+00
0.00000000e+00
0.00000000e+00
0.00000000e+00
0.00000000e+00
0.00000000e+00
0.00000000e+00
5.67108319e-01
0.00000000e+00
0.00000000e+00
-1.70772829e-01
-1.31066216e+00
1.20351315e+00
2.64390916e+00
7.94764894e-01
-1.61643965e+00
0.00000000e+00
0.00000000e+00
0.00000000e+00
0.00000000e+00
-1.17368092e-01
-2.42665025e+00
3.38266377e-01
0.00000000e+00
4 1
-1.4026e+00 2.4493e-01
2 0
0 2 
217
-2.34705002e-01
-3.69899955e-01
2.74331560e-01
-4.95535621e-01
5.81301759e-01
2.28737058e+00
1.38764108e+00
-1.77437866e+00
-1.00793975e+00
-7.78014300e-01
-1.19470025e+00
-2.05664144e+00
0.00000000e+00
0.00000000e+00
0.00000000e+00
0.00000000e+00
0.00000000e+00
0.00000000e+00
0.00000000e+00
0.00000000e+00
-9.08221607e-01
3.77626376e-02
1.48734061e+00
3.09535882e+00
-2.13066266e-02
1.44846316e+00
0.00000000e+00
0.00000000e+00
0.00000000e+00
0.00000000e+00
0.00000000e+00
0.00000000e+00
0.00000000e+00
-6.94930421e-01
-5.87188046e-01
1.04741346e+00
0.00000000e+00
9.43844187e-02
3.56510404e-01
0.00000000e+00
0.00000000e+00
0.00000000e+00
0.00000000e+00
0.00000000e+00
0.00000000e+00
3.59910701e-01
-2.65526282e-01
3.56510404e-01
0.00000000e+00
0.00000000e+00
0.00000000e+00
0.00000000e+00
0.00000000e+00
0.00000000e+00
0.00000000e+00
0.00000000e+00
0.00000000e+00
0.00000000e+00
0.00000000e+00
0.00000000e+00
0.00000000e+00
4.50894823e-01
0.00000000e+00
0.00000000e+00
-9.51126108e-01
-3.67247374e-02
4.33735333e-01
1.04709083e+00
2.82685772e-01
9.93510869e-01
0.00000000e+00
-3.25689125e-01
-1.31038465e+00
-4.94929584e-01
-6.73776317e-01
5.85913706e-01
1.00800393e+00
0.00000000e+00
0.00000000e+00
0.00000000e+00
0.00000000e+00
0.00000000e+00
0.00000000e+00
0.00000000e+00
0.00000000e+00
0.00000000e+00
0.00000000e+00
0.00000000e+00
0.00000000e+00
0.00000000e+00
0.00000000e+00
0.00000000e+00
0.00000000e+00
0.00000000e+00
0.00000000e+00
0.00000000e+00
0.00000000e+00
0.00000000e+00
0.00000000e+00
0.00000000e+00
0.00000000e+00
0.00000000e+00
0.00000000e+00
0.00000000e+00
0.00000000e+00
0.00000000e+00
0.00000000e+00
0.00000000e+00
0.00000000e+00
0.00000000e+00
0.00000000e+00
0.00000000e+00
0.00000000e+00
0.00000000e+00
0.00000000e+00
0.00000000e+00
0.00000000e+00
0.00000000e+00
0.00000000e+00
-4.68582232e-01
-4.22186937e+00
-3.24098472e+00
0.00000000e+00
0.00000000e+00
0.00000000e+00
-2.88974687e-01
-1.12370900e+00
-8.89943813e-01
2.82222160e+00
-1.96517518e-02
-2.98525728e-01
2.39372956e-02
-9.14591662e-01
1.45296518e+00
0.00000000e+00
2.25378773e+00
8.98854165e-01
-2.66132998e+00
1.54554073e+00
-2.29913796e+00
3.12663745e+00
2.60500010e+00
-9.64607225e-02
1.44064586e+00
1.50704787e+00
-5.34116491e-01
0.00000000e+00
0.00000000e+00
0.00000000e+00
1.87069412e+00
1.11986421e+00
1.43525874e+00
-1.37671745e-01
-3.39946730e-02
1.26764208e+00
1.63570180e+00
2.05435518e+00
7.24630855e-01
0.00000000e+00
5.77932473e-01
8.69094208e-01
2.03879580e+00
1.18799430e+00
2.90585421e+00
1.69979894e-01
1.21345439e-01
-2.40627417e-01
8.09792865e-01
1.16326131e+00
-3.80731929e+00
0.00000000e+00
0.00000000e+00
0.00000000e+00
-1.82362384e+00
1.99424545e+00
1.47460500e+00
8.89907742e-01
0.00000000e+00
-4.83667733e+00
3.07392159e+00
-3.29241069e+00
0.00000000e+00
0.00000000e+00
-3.18468323e+00
1.07739238e+00
-1.01904031e-03
0.00000000e+00
3.51879965e-01
-9.84789553e-01
1.24697008e-01
0.00000000e+00
0.00000000e+00
2.56942549e-01
-7.65020902e-01
0.00000000e+00
0.00000000e+00
0.00000000e+00
5.12229176e-01
7.43552353e-01
-9.37335423e-01
-5.76120239e-01
0.00000000e+00
2.01340569e+00
-1.13203090e+00
1.70842864e+00
0.00000000e+00
0.00000000e+00
8.73576248e-01
1.23455919e+00
-2.37615954e-03
0.00000000e+00
1.02939334e+00
1.03065004e+00
-8.79859465e-02
0.00000000e+00
0.00000000e+00
-2.63142006e-02
136
-1.64818500e+00
0.00000000e+00
0.00000000e+00
0.00000000e+00
0.00000000e+00
4.21084748e+00
1.06408659e-02
5.41807978e+00
-2.33266701e-03
0.00000000e+00
0.00000000e+00
0.00000000e+00
0.00000000e+00
0.00000000e+00
0.00000000e+00
0.00000000e+00
-6.77513659e-01
-5.62841589e-01
-4.07829755e-01
-4.78777922e-01
3.04987566e-02
-1.19990584e+00
0.00000000e+00
0.00000000e+00
0.00000000e+00
0.00000000e+00
0.00000000e+00
-4.78777922e-01
1.17605218e+00
-1.14555343e+00
-1.19990584e+00
0.00000000e+00
0.00000000e+00
0.00000000e+00
0.00000000e+00
0.00000000e+00
0.00000000e+00
0.00000000e+00
0.00000000e+00
0.00000000e+00
0.00000000e+00
0.00000000e+00
0.00000000e+00
0.00000000e+00
0.00000000e+00
0.00000000e+00
0.00000000e+00
-1.62433135e+00
3.43750433e-01
-4.91336996e-02
-4.42258230e-02
0.00000000e+00
6.97274261e-01
7.64565244e-01
9.35794643e-01
-1.64805018e+00
0.00000000e+00
0.00000000e+00
0.00000000e+00
0.00000000e+00
0.00000000e+00
-1.16940708e+00
0.00000000e+00
0.00000000e+00
0.00000000e+00
0.00000000e+00
0.00000000e+00
0.00000000e+00
0.00000000e+00
0.00000000e+00
0.00000000e+00
0.00000000e+00
0.00000000e+00
0.00000000e+00
0.00000000e+00
0.00000000e+00
0.00000000e+00
0.00000000e+00
0.00000000e+00
0.00000000e+00
0.00000000e+00
0.00000000e+00
0.00000000e+00
0.00000000e+00
0.00000000e+00
0.00000000e+00
4.25910349e-02
-3.00778726e+00
-2.74250097e+00
0.00000000e+00
0.00000000e+00
0.00000000e+00
1.87718515e+00
-8.02767858e-01
1.00898675e+00
1.95492279e+00
1.04856988e+00
1.24769816e+00
2.07177976e+00
1.86119593e+00
2.14838280e-01
0.00000000e+00
1.93059483e+00
-3.07773049e-01
5.70540010e-01
1.48075467e+00
1.81862143e+00
1.95792803e+00
1.69775001e+00
-4.39135718e-01
1.21295731e+00
1.72423957e+00
-3.46811382e+00
0.00000000e+00
0.00000000e+00
0.00000000e+00
2.68559634e-01
2.77528033e+00
-8.40650032e-01
-6.08271696e-01
-1.19535090e+00
-5.84503348e-02
4.17991489e-01
-2.97086263e-01
-1.10353475e+00
0.00000000e+00
-5.84362472e-01
3.07695241e+00
-1.48887510e+00
1.65864853e-01
-1.21745795e+00
2.66741288e-02
-2.61603949e-01
-2.61382302e+00
3.61012211e-01
-2.90982412e-01
6 2
-4.6132e+00 3.7545e-01
3 -1
0 2 4 
217
3.48122406e+00
6.08544478e+00
-6.13619950e+00
-6.16589851e+00
0.00000000e+00
0.00000000e+00
9.56839919e+00
-1.77739530e+01
-7.55681938e-01
1.04762242e+01
1.45652171e+01
2.14946710e+00
0.00000000e+00
0.00000000e+00
0.00000000e+00
0.00000000e+00
0.00000000e+00
1.47564559e+00
-1.98380161e-01
1.98549424e+00
5.15785383e+00
-4.69105148e-01
1.48750264e+01
-1.13393040e+01
2.60588695e-02
5.01209937e+00
0.00000000e+00
0.00000000e+00
0.00000000e+00
0.00000000e+00
0.00000000e+00
0.00000000e+00
0.00000000e+00
0.00000000e+00
1.95431662e+01
6.29285905e+00
0.00000000e+00
-1.47567209e+00
-3.51328186e+00
0.00000000e+00
0.00000000e+00
0.00000000e+00
0.00000000e+00
0.00000000e+00
0.00000000e+00
2.53192008e+00
-4.00759217e+00
-1.61637983e+00
0.00000000e+00
0.00000000e+00
0.00000000e+00
0.00000000e+00
0.00000000e+00
0.00000000e+00
0.00000000e+00
0.00000000e+00
0.00000000e+00
0.00000000e+00
0.00000000e+00
0.00000000e+00
0.00000000e+00
3.48122406e+00
0.00000000e+00
0.00000000e+00
-4.01719363e+00
-1.03998333e+00
1.05138414e+01
3.39189056e+00
-3.01542376e+00
1.39098866e+01
0.00000000e+00
6.44619506e-01
0.00000000e+00
1.47613956e+01
-7.65435739e+00
-1.19247910e+01
-5.63443494e+00
0.00000000e+00
-3.09205192e+00
0.00000000e+00
0.00000000e+00
0.00000000e+00
0.00000000e+00
0.00000000e+00
0.00000000e+00
0.00000000e+00
0.00000000e+00
0.00000000e+00
0.00000000e+00
0.00000000e+00
0.00000000e+00
0.00000000e+00
0.00000000e+00
0.00000000e+00
0.00000000e+00
0.00000000e+00
0.00000000e+00
0.00000000e+00
0.00000000e+00
0.00000000e+00
0.00000000e+00
0.00000000e+00
0.00000000e+00
0.00000000e+00
0.00000000e+00
0.00000000e+00
0.00000000e+00
0.00000000e+00
0.00000000e+00
0.00000000e+00
0.00000000e+00
0.00000000e+00
0.00000000e+00
0.00000000e+00
0.00000000e+00
0.00000000e+00
0.00000000e+00
0.00000000e+00
0.00000000e+00
-8.60732576e-01
0.00000000e+00
-1.32721115e+01
0.00000000e+00
0.00000000e+00
0.00000000e+00
-1.00980317e+01
-2.65480668e-01
-1.86587273e-02
0.00000000e+00
0.00000000e+00
7.89028260e-01
9.00563469e+00
0.00000000e+00
-5.70078023e-03
0.00000000e+00
0.00000000e+00
0.00000000e+00
0.00000000e+00
-4.11719962e-02
0.00000000e+00
-1.91142128e-02
0.00000000e+00
0.00000000e+00
-1.21787176e+00
0.00000000e+00
-2.33548401e-01
0.00000000e+00
0.00000000e+00
0.00000000e+00
7.96758817e+00
-2.94331369e-01
-4.47431211e-02
0.00000000e+00
0.00000000e+00
-3.93223655e+00
-1.49471647e+00
0.00000000e+00
-8.72347530e-03
0.00000000e+00
0.00000000e+00
0.00000000e+00
0.00000000e+00
-2.95469651e-02
0.00000000e+00
-4.72421336e-02
0.00000000e+00
0.00000000e+00
-2.10140055e+00
0.00000000e+00
-1.20570555e+01
0.00000000e+00
0.00000000e+00
0.00000000e+00
0.00000000e+00
9.03761096e+00
0.00000000e+00
0.00000000e+00
0.00000000e+00
0.00000000e+00
-4.39332884e-02
-2.76837067e-02
0.00000000e+00
0.00000000e+00
0.00000000e+00
0.00000000e+00
0.00000000e+00
0.00000000e+00
0.00000000e+00
-1.32310457e-01
0.00000000e+00
0.00000000e+00
0.00000000e+00
0.00000000e+00
3.60481361e+00
0.00000000e+00
0.00000000e+00
0.00000000e+00
0.00000000e+00
4.45245562e+00
0.00000000e+00
0.00000000e+00
0.00000000e+00
0.00000000e+00
-7.40348482e-02
-5.95750385e-02
0.00000000e+00
0.00000000e+00
0.00000000e+00
0.00000000e+00
0.00000000e+00
0.00000000e+00
0.00000000e+00
-2.22142730e-01
0.00000000e+00
0.00000000e+00
0.00000000e+00
0.00000000e+00
136
-3.10428966e-01
-3.18113532e-01
1.48605892e-02
1.08601944e-01
-2.04376722e-03
5.70552017e-02
-2.59521633e-03
-1.57972579e-01
6.45608528e-04
0.00000000e+00
0.00000000e+00
0.00000000e+00
0.00000000e+00
0.00000000e+00
0.00000000e+00
0.00000000e+00
1.90882628e-01
2.50279049e-01
-7.51590643e-01
-1.16917764e-01
5.40836030e-01
-9.75038265e-03
-7.24596849e-01
0.00000000e+00
0.00000000e+00
0.00000000e+00
0.00000000e+00
-1.16917764e-01
3.90658300e-01
1.93043002e-01
-8.55191311e-01
0.00000000e+00
1.18224447e+00
-3.36803543e-01
-7.24596849e-01
0.00000000e+00
0.00000000e+00
0.00000000e+00
0.00000000e+00
0.00000000e+00
0.00000000e+00
0.00000000e+00
0.00000000e+00
0.00000000e+00
0.00000000e+00
0.00000000e+00
0.00000000e+00
-3.03543577e-01
5.93874124e-01
2.99737576e-01
-5.74482994e-02
0.00000000e+00
1.41311973e+00
4.33347737e-01
8.18367300e-01
-1.42022670e+00
0.00000000e+00
-3.88407773e-01
1.48080170e-02
3.59328748e-01
-6.89483069e-01
-1.93511202e-01
0.00000000e+00
0.00000000e+00
0.00000000e+00
0.00000000e+00
0.00000000e+00
0.00000000e+00
0.00000000e+00
0.00000000e+00
0.00000000e+00
0.00000000e+00
0.00000000e+00
0.00000000e+00
0.00000000e+00
0.00000000e+00
0.00000000e+00
0.00000000e+00
0.00000000e+00
0.00000000e+00
0.00000000e+00
0.00000000e+00
0.00000000e+00
0.00000000e+00
0.00000000e+00
0.00000000e+00
2.69338133e-01
-2.94935546e+00
-1.35717807e+00
0.00000000e+00
0.00000000e+00
0.00000000e+00
6.97394584e-01
-2.75409868e+00
-3.05734679e-01
3.37989379e-01
-1.11495259e-01
1.00005767e-01
8.69221401e-01
6.42465924e-01
-7.38437852e-01
0.00000000e+00
5.75834667e-01
-1.41231901e+00
-5.33298807e-01
7.07798573e-01
5.85490398e-01
7.29374790e-01
4.42839745e-01
-1.60574695e+00
3.54899687e-02
3.80047975e-01
-3.49536396e+00
0.00000000e+00
0.00000000e+00
0.00000000e+00
9.31459141e-02
2.84099360e+00
-6.52917898e-01
-7.68227416e-01
-9.06051399e-01
3.85385566e-02
3.46969732e-01
-9.64638344e-01
-9.85860944e-01
0.00000000e+00
-6.70510361e-01
3.10799460e+00
-1.50343714e+00
-4.24945139e-02
-8.51063532e-01
1.09523603e-01
-2.64546257e-02
-2.98855462e+00
3.87723821e-01
-6.00429922e-02
