1 2 -999999999 -1 -1
1 1 0 -1 -1
-0.09803 0.3455
356
7.21235688e-02
1.24360036e-01
-5.22364668e-02
-8.86458525e-01
0.00000000e+00
0.00000000e+00
0.00000000e+00
0.00000000e+00
0.00000000e+00
-1.16284337e+00
2.96675766e-01
0.00000000e+00
0.00000000e+00
-3.61686504e-01
-2.71554602e-01
-2.53217420e-01
0.00000000e+00
0.00000000e+00
0.00000000e+00
0.00000000e+00
0.00000000e+00
0.00000000e+00
0.00000000e+00
0.00000000e+00
0.00000000e+00
0.00000000e+00
0.00000000e+00
0.00000000e+00
0.00000000e+00
0.00000000e+00
0.00000000e+00
0.00000000e+00
0.00000000e+00
0.00000000e+00
0.00000000e+00
0.00000000e+00
0.00000000e+00
0.00000000e+00
0.00000000e+00
0.00000000e+00
0.00000000e+00
0.00000000e+00
0.00000000e+00
0.00000000e+00
0.00000000e+00
0.00000000e+00
0.00000000e+00
0.00000000e+00
0.00000000e+00
0.00000000e+00
0.00000000e+00
-4.19851670e-01
7.09993009e-02
-5.13956097e-01
0.00000000e+00
0.00000000e+00
0.00000000e+00
0.00000000e+00
-6.57872004e-01
-3.43506128e-02
-2.68478368e-01
4.97297638e-01
2.08678806e-01
1.11941209e-02
3.69409938e-01
1.66890941e-01
4.20385197e-01
-5.47558808e-01
5.35130739e-02
-4.94394726e-02
9.21186916e-01
-2.19270940e+00
8.56004477e-03
1.27016052e+00
4.86587151e-01
2.19659552e-03
6.46095629e-01
1.72473274e+00
8.11245990e-04
1.94680056e-01
9.06125990e-02
-5.57566324e-02
3.72676022e-02
0.00000000e+00
0.00000000e+00
0.00000000e+00
0.00000000e+00
0.00000000e+00
0.00000000e+00
0.00000000e+00
1.21879021e+00
-2.22109620e-01
-1.49847356e-01
-6.12600713e-02
-9.96605198e-01
-1.64604668e-01
-4.56725484e-01
-8.93943542e-01
1.11585636e-01
-5.41935871e-02
2.74553478e-01
-8.12555408e-01
0.00000000e+00
0.00000000e+00
2.03130097e+00
2.04276134e+00
7.71837719e-01
8.61975024e-01
5.71789660e-02
4.39332206e-01
-2.68644619e-01
-8.40793206e-01
5.36362637e-01
-3.53698712e-01
-5.16666997e-01
-4.70769769e-01
-3.04200150e-01
-1.87109050e+00
0.00000000e+00
0.00000000e+00
0.00000000e+00
0.00000000e+00
0.00000000e+00
0.00000000e+00
-2.84801446e-01
-1.72390405e-01
-2.65801724e-01
1.24577128e-02
-1.44606774e-01
-1.11549514e+00
4.72890568e+00
5.12643966e+00
5.05078618e+00
5.19655510e+00
5.18597077e+00
5.13981383e+00
4.40971606e-01
5.41146275e-01
4.32342152e-01
3.88951573e-01
5.60397708e-01
5.14316587e-01
2.77022927e-01
-6.42732337e-02
-4.30717998e-01
-2.79952352e-01
-3.64370876e-01
-4.10396480e-01
1.02088609e+00
0.00000000e+00
0.00000000e+00
0.00000000e+00
0.00000000e+00
0.00000000e+00
0.00000000e+00
0.00000000e+00
-9.48762522e-01
3.17487997e-01
0.00000000e+00
0.00000000e+00
-6.71615469e-01
-6.46544535e-01
-1.28756193e+00
-1.32409324e+00
-1.95917740e+00
0.00000000e+00
0.00000000e+00
0.00000000e+00
-2.62075041e-01
-6.38688857e-02
-9.19016977e-01
-7.91562784e-01
1.01224254e+00
-9.24920537e-01
-7.64806516e-01
3.53959396e-02
1.00547877e+00
0.00000000e+00
-1.05143533e+00
3.81356883e-01
-1.08105043e-01
3.53476719e-01
4.30461587e-02
1.76948692e-01
4.91988839e-01
-1.64465749e+00
7.51192293e-01
3.20144379e-01
1.26643107e-01
0.00000000e+00
0.00000000e+00
0.00000000e+00
-1.15256990e-01
5.06736727e-01
1.64265876e-01
3.99130860e-01
-9.49868040e-01
3.93437762e-01
4.03735275e-01
2.84025455e-01
-1.51128172e-02
0.00000000e+00
1.37863664e-01
-3.51583205e-01
-6.33254148e-01
-6.18974962e-02
-6.65394320e-02
1.84655365e-01
-5.84252593e-02
-1.03282076e-02
-1.64804756e-01
7.98624743e-02
-6.17511818e-01
-2.87770896e-01
-3.71482937e-01
6.76334493e-01
3.66505610e-01
2.68687904e-01
-2.42101416e-01
-3.14357384e-01
-3.33570005e-01
0.00000000e+00
0.00000000e+00
0.00000000e+00
-5.05555376e-01
-3.84203381e-01
-1.50948481e-01
-5.18830556e-01
0.00000000e+00
-3.25876398e-01
-1.40319681e-01
3.65118239e-01
-2.71263323e-01
0.00000000e+00
-5.50805018e-01
-6.62259539e-01
-3.57080783e-01
1.68347849e-01
1.35575044e+00
-3.89897581e-01
-2.54044398e-01
-3.04842716e-02
2.38523175e-01
2.77004752e-01
-3.29740922e-01
1.07445679e+00
0.00000000e+00
0.00000000e+00
-1.34166558e+00
-3.83844573e-01
-4.76361407e-01
-4.81703656e-01
-6.62236525e-01
6.40108200e-01
-2.78493019e-01
0.00000000e+00
-9.57821010e-01
-5.35707037e-02
0.00000000e+00
0.00000000e+00
-1.97063778e+00
0.00000000e+00
0.00000000e+00
0.00000000e+00
3.36388502e-01
4.60461083e-01
-1.71284335e-01
4.91806967e-01
0.00000000e+00
5.79752514e-01
1.51455486e+00
5.20880864e-01
9.33735251e-01
0.00000000e+00
1.02304465e+00
2.34580040e-02
-9.72257542e-01
1.43815905e+00
-1.71594141e+00
1.20381225e-01
-3.11995609e-01
-5.11125182e-01
-3.12473884e-03
6.49762209e-01
-7.62453137e-01
0.00000000e+00
0.00000000e+00
0.00000000e+00
5.98306895e-01
8.22485163e-01
5.07544898e-01
6.49960143e-01
0.00000000e+00
4.36635811e-01
2.59656932e-01
4.94101220e-01
2.84255658e-01
0.00000000e+00
3.18504656e-01
6.74698006e-01
6.41192238e-01
2.64508205e-01
6.50075102e-01
7.67991812e-01
8.91308908e-01
3.85099462e-01
7.86839840e-01
5.54589814e-01
-7.30238736e-01
-1.24959989e-01
0.00000000e+00
-1.20217511e-01
4.98950552e-01
3.56914586e-01
-8.19436617e-02
-3.99930914e-01
-2.78609497e-01
0.00000000e+00
0.00000000e+00
0.00000000e+00
1.30133383e-01
-4.72474152e-01
-9.98855645e-02
2.67170183e-01
0.00000000e+00
-2.08566463e-02
2.55717903e-01
-8.32559291e-01
-4.56577003e-02
0.00000000e+00
4.23776072e-01
-1.18941797e-01
5.67634948e-01
2.89032672e-01
-8.93433475e-01
5.96174256e-02
-6.18934056e-02
5.27059957e-01
2.67716979e-01
-9.49072193e-01
-6.05278746e-01
0.00000000e+00
0.00000000e+00
0.00000000e+00
-1.24039904e+00
-5.21584546e-01
0.00000000e+00
0.00000000e+00
1.12529849e-01
3.79538572e-01
-4.34851062e-01
-4.66272055e-01
-7.18814494e-01
0.00000000e+00
0.00000000e+00
0.00000000e+00
247
-5.74097662e-01
-1.92039660e+00
1.34629893e+00
0.00000000e+00
3.11518144e+00
0.00000000e+00
0.00000000e+00
0.00000000e+00
0.00000000e+00
0.00000000e+00
0.00000000e+00
0.00000000e+00
0.00000000e+00
0.00000000e+00
0.00000000e+00
0.00000000e+00
0.00000000e+00
0.00000000e+00
0.00000000e+00
0.00000000e+00
0.00000000e+00
0.00000000e+00
0.00000000e+00
0.00000000e+00
0.00000000e+00
0.00000000e+00
0.00000000e+00
0.00000000e+00
0.00000000e+00
0.00000000e+00
0.00000000e+00
0.00000000e+00
0.00000000e+00
0.00000000e+00
0.00000000e+00
0.00000000e+00
0.00000000e+00
0.00000000e+00
0.00000000e+00
0.00000000e+00
0.00000000e+00
0.00000000e+00
0.00000000e+00
0.00000000e+00
0.00000000e+00
-2.62814432e+00
4.14366904e-02
5.56326646e-01
1.11394637e-02
0.00000000e+00
2.73271396e-01
-9.30678428e-02
0.00000000e+00
0.00000000e+00
0.00000000e+00
0.00000000e+00
0.00000000e+00
0.00000000e+00
0.00000000e+00
2.30656029e+00
2.08315009e+00
0.00000000e+00
0.00000000e+00
0.00000000e+00
0.00000000e+00
2.47006477e+00
9.62029623e-01
-1.05460784e+00
-1.18069088e+00
-7.45180349e-01
-6.99835230e-01
-5.73321318e-02
-2.72469989e-01
0.00000000e+00
0.00000000e+00
0.00000000e+00
0.00000000e+00
0.00000000e+00
0.00000000e+00
-2.94707253e-01
-1.99843371e-01
5.22598662e-02
1.89736463e-01
-1.19646389e-01
-2.28504707e+00
6.50640935e+00
5.94122440e+00
5.56371862e+00
6.08549356e+00
7.68652279e+00
5.76330848e+00
0.00000000e+00
0.00000000e+00
0.00000000e+00
0.00000000e+00
1.58998813e-01
-2.02166697e-01
0.00000000e+00
0.00000000e+00
0.00000000e+00
0.00000000e+00
0.00000000e+00
1.20994618e+00
1.12945846e+00
0.00000000e+00
0.00000000e+00
0.00000000e+00
-1.70355613e+00
2.42163481e-01
0.00000000e+00
0.00000000e+00
-1.12319038e+00
-1.75746757e+00
-1.30003461e+00
-1.35721314e+00
-2.88065795e+00
0.00000000e+00
0.00000000e+00
0.00000000e+00
5.15402528e-01
-2.35712182e-01
-1.89615040e-01
0.00000000e+00
1.22326819e+00
-1.92203083e+00
2.10207835e-01
-1.14025264e+00
1.09196694e+00
0.00000000e+00
1.35330365e+00
4.77875663e-01
0.00000000e+00
0.00000000e+00
1.57502923e+00
-1.38331165e+00
0.00000000e+00
0.00000000e+00
0.00000000e+00
9.51025583e-01
-4.44810176e-01
-8.24511936e-01
0.00000000e+00
0.00000000e+00
7.17185548e-01
2.72614503e-01
0.00000000e+00
0.00000000e+00
0.00000000e+00
0.00000000e+00
0.00000000e+00
0.00000000e+00
0.00000000e+00
0.00000000e+00
1.28975176e+00
0.00000000e+00
1.22331200e+00
0.00000000e+00
0.00000000e+00
-1.74675041e-01
0.00000000e+00
0.00000000e+00
0.00000000e+00
0.00000000e+00
1.10258196e+00
0.00000000e+00
0.00000000e+00
0.00000000e+00
1.51744290e-01
3.79701760e-01
0.00000000e+00
0.00000000e+00
0.00000000e+00
-2.43584778e+00
-2.98678445e-01
0.00000000e+00
8.30377665e-03
1.49433034e+00
-2.13716933e+00
1.28114808e+00
0.00000000e+00
0.00000000e+00
-2.65724775e+00
0.00000000e+00
0.00000000e+00
0.00000000e+00
6.91549607e-01
0.00000000e+00
-6.40997344e-01
1.05891346e+00
4.19133510e+00
9.66102719e-01
1.49534469e+00
1.08386909e+00
0.00000000e+00
0.00000000e+00
2.36904988e+00
0.00000000e+00
0.00000000e+00
2.08749268e+00
0.00000000e+00
9.43968087e-01
1.27645763e+00
0.00000000e+00
9.48187888e-01
1.63769786e+00
-1.00102136e+00
-3.92721757e-01
0.00000000e+00
0.00000000e+00
0.00000000e+00
-1.23460115e-01
0.00000000e+00
0.00000000e+00
0.00000000e+00
5.30730481e-01
0.00000000e+00
1.32107346e+00
0.00000000e+00
3.39419886e-01
-5.46856561e-02
6.15831304e-01
5.85307772e-01
0.00000000e+00
0.00000000e+00
1.62489634e-01
0.00000000e+00
0.00000000e+00
0.00000000e+00
0.00000000e+00
6.88203324e-01
4.46504431e-01
0.00000000e+00
0.00000000e+00
0.00000000e+00
-6.08299598e-01
0.00000000e+00
0.00000000e+00
0.00000000e+00
-1.65622640e+00
-9.07312850e-01
0.00000000e+00
0.00000000e+00
0.00000000e+00
-7.48913545e-01
0.00000000e+00
0.00000000e+00
0.00000000e+00
0 -999999999 -999999999 1 -1
1 0 0 1 -1
-2.5495e-01 5.3006e-01
356
-8.49038583e-01
0.00000000e+00
0.00000000e+00
0.00000000e+00
0.00000000e+00
0.00000000e+00
0.00000000e+00
0.00000000e+00
0.00000000e+00
0.00000000e+00
0.00000000e+00
0.00000000e+00
0.00000000e+00
0.00000000e+00
0.00000000e+00
0.00000000e+00
0.00000000e+00
0.00000000e+00
0.00000000e+00
0.00000000e+00
0.00000000e+00
0.00000000e+00
0.00000000e+00
0.00000000e+00
0.00000000e+00
0.00000000e+00
0.00000000e+00
0.00000000e+00
0.00000000e+00
0.00000000e+00
0.00000000e+00
-2.20683203e+00
0.00000000e+00
-1.51508015e+00
-2.10883884e+00
0.00000000e+00
0.00000000e+00
-6.40017127e-01
6.03296031e-01
-5.17347467e-02
-1.45468307e+00
0.00000000e+00
0.00000000e+00
0.00000000e+00
0.00000000e+00
0.00000000e+00
0.00000000e+00
0.00000000e+00
0.00000000e+00
0.00000000e+00
0.00000000e+00
5.28383175e-01
8.08825135e-01
-5.51009445e-01
0.00000000e+00
0.00000000e+00
0.00000000e+00
0.00000000e+00
-6.68610413e-01
-8.30699206e-01
-1.07146463e+00
7.98283988e-01
-4.20352968e-01
4.42546169e-02
9.74897146e-01
-1.80575385e+00
3.36492284e-01
-4.11202607e-01
-1.24354074e+00
1.08503192e-02
4.74472701e-01
-9.60425073e-01
1.62833534e-03
3.55956339e-01
-6.35155185e-01
-8.30577654e-04
1.76766278e-01
1.99008242e+00
1.11108050e-02
-8.53822369e-01
0.00000000e+00
7.39107747e-01
8.10537683e-01
0.00000000e+00
0.00000000e+00
0.00000000e+00
0.00000000e+00
0.00000000e+00
0.00000000e+00
0.00000000e+00
-1.17871685e-01
5.34378912e-01
-5.32743148e-01
1.09159964e+00
-2.12832757e-01
-4.24377756e-01
-1.03899195e+00
1.86825188e-01
1.36391489e+00
-1.17710863e-01
0.00000000e+00
0.00000000e+00
0.00000000e+00
0.00000000e+00
3.32264064e+00
2.09375075e+00
0.00000000e+00
8.66264703e-01
2.33821193e+00
0.00000000e+00
2.61467624e+00
2.19598620e+00
-8.67981181e-01
-3.26581990e-01
-3.13110232e-01
-4.34248630e-01
-4.13783907e-01
-1.00930549e+00
0.00000000e+00
0.00000000e+00
0.00000000e+00
0.00000000e+00
0.00000000e+00
0.00000000e+00
-1.02539757e+00
-4.53806403e-01
-3.42892337e-01
-2.00397815e-02
-2.60266874e-01
-8.40386370e-01
5.17551671e+00
5.80618442e+00
5.46762017e+00
5.57160543e+00
5.96778619e+00
5.64795560e+00
-2.64905698e-01
-7.42855826e-01
-6.70435315e-01
-8.32466230e-01
-2.66464458e-01
-1.09418091e+00
0.00000000e+00
-1.00635695e-01
1.56445219e-01
-2.95919759e-02
2.54432763e-01
-2.78862591e-01
-8.06667790e-01
0.00000000e+00
0.00000000e+00
0.00000000e+00
0.00000000e+00
0.00000000e+00
0.00000000e+00
0.00000000e+00
-4.23707931e-02
6.55513519e-01
-1.98876391e+00
0.00000000e+00
-2.17143280e+00
-1.36639294e+00
-1.14825128e-02
-1.57639640e+00
-2.18291531e+00
0.00000000e+00
0.00000000e+00
0.00000000e+00
5.17636695e-01
-7.96265433e-01
-9.72084944e-01
-2.97121074e-01
7.88484231e-01
8.01161657e-01
2.88860694e-01
1.27494951e-01
1.22596784e+00
0.00000000e+00
-2.47967893e-01
-4.72387676e-01
-7.27937264e-02
2.14014892e-02
5.49166722e-01
-1.16122287e+00
-4.09552135e-01
-1.16088254e+00
-5.27796193e-01
-3.85015103e-01
-2.57386550e-02
0.00000000e+00
0.00000000e+00
0.00000000e+00
2.68234767e-01
0.00000000e+00
9.15181665e-01
9.84754669e-01
0.00000000e+00
0.00000000e+00
8.67778906e-01
3.21357698e-01
0.00000000e+00
0.00000000e+00
8.49548868e-01
0.00000000e+00
0.00000000e+00
0.00000000e+00
0.00000000e+00
7.05884154e-01
3.87213029e-01
0.00000000e+00
0.00000000e+00
1.12362329e+00
-9.59462012e-01
-8.79023647e-01
6.83197254e-01
7.29041310e-01
-7.15198704e-01
2.79053561e+00
0.00000000e+00
0.00000000e+00
3.35412461e-01
0.00000000e+00
0.00000000e+00
0.00000000e+00
-5.67596737e-01
0.00000000e+00
-1.08529959e+00
-6.76828017e-01
0.00000000e+00
0.00000000e+00
1.32671364e+00
7.89579708e-01
0.00000000e+00
0.00000000e+00
4.17930029e-01
0.00000000e+00
0.00000000e+00
0.00000000e+00
0.00000000e+00
1.27562177e-01
4.75237085e-01
0.00000000e+00
0.00000000e+00
-1.17627034e+00
-8.04383646e-02
1.11318077e+00
1.10908550e+00
0.00000000e+00
-1.22345330e+00
0.00000000e+00
0.00000000e+00
0.00000000e+00
0.00000000e+00
0.00000000e+00
0.00000000e+00
0.00000000e+00
6.89558518e-02
6.85418089e-01
0.00000000e+00
0.00000000e+00
-2.94278934e+00
0.00000000e+00
0.00000000e+00
0.00000000e+00
2.10827285e+00
3.39299257e-01
4.53892688e-01
6.48115226e-01
4.31419006e-01
1.06543586e+00
1.43808101e+00
4.95664672e-01
1.29448306e+00
0.00000000e+00
1.27780443e+00
-5.23468108e-04
2.27917197e-01
2.49667507e+00
0.00000000e+00
7.97449274e-01
1.64413381e+00
-2.26336880e-01
1.78847084e+00
1.11789018e+00
-1.02424407e+00
0.00000000e+00
0.00000000e+00
0.00000000e+00
4.21158115e-01
1.24448339e+00
7.22938425e-01
1.32595743e+00
2.52718944e+00
8.09698977e-01
8.47187731e-01
9.20394959e-01
4.82972758e-01
0.00000000e+00
9.07190503e-01
1.53953896e+00
5.79557107e-01
3.86977782e-01
0.00000000e+00
9.61601498e-01
4.16838537e-01
1.06738704e+00
5.11028504e-01
9.89284663e-01
-1.42330639e+00
-1.79186959e-01
0.00000000e+00
8.28998611e-01
2.81300927e-01
2.24403390e+00
-8.31691937e-02
0.00000000e+00
5.04055450e-02
0.00000000e+00
0.00000000e+00
0.00000000e+00
5.45897297e-01
-7.54970743e-01
-6.35654371e-01
-2.25215861e-02
4.68563363e-01
-7.61940234e-01
-2.95210188e-01
-7.23243869e-01
-1.55661185e+00
0.00000000e+00
8.15370334e-02
5.35821977e-02
-5.24151925e-01
1.17330653e-01
0.00000000e+00
-3.10907713e-01
-7.41561883e-01
1.70004561e-01
1.13057413e-01
-3.93152917e-01
-1.24411943e+00
0.00000000e+00
1.74469469e+00
1.45018021e+00
-1.51948295e+00
-1.18720598e+00
0.00000000e+00
0.00000000e+00
-4.85804274e-02
2.94555710e+00
0.00000000e+00
0.00000000e+00
-3.32276966e-01
0.00000000e+00
0.00000000e+00
3.56288859e-01
247
1.02139384e+00
0.00000000e+00
0.00000000e+00
0.00000000e+00
0.00000000e+00
0.00000000e+00
0.00000000e+00
0.00000000e+00
0.00000000e+00
0.00000000e+00
0.00000000e+00
0.00000000e+00
0.00000000e+00
0.00000000e+00
0.00000000e+00
0.00000000e+00
0.00000000e+00
0.00000000e+00
0.00000000e+00
0.00000000e+00
0.00000000e+00
0.00000000e+00
0.00000000e+00
0.00000000e+00
0.00000000e+00
0.00000000e+00
0.00000000e+00
1.02139384e+00
0.00000000e+00
1.02139384e+00
0.00000000e+00
0.00000000e+00
-5.70635871e-01
-1.61828780e+00
0.00000000e+00
0.00000000e+00
0.00000000e+00
0.00000000e+00
0.00000000e+00
0.00000000e+00
0.00000000e+00
1.97739397e-01
2.10989413e-02
6.87058157e-01
-2.51450673e-03
4.18908689e-01
-1.53398580e-03
-2.82312407e-01
2.24167479e-02
2.64377330e-01
5.23427177e-01
2.33589330e-01
0.00000000e+00
0.00000000e+00
0.00000000e+00
0.00000000e+00
0.00000000e+00
0.00000000e+00
0.00000000e+00
4.64673092e+00
4.27059531e+00
7.96307024e-01
1.18870970e+00
3.62287493e-02
-2.20033656e-01
3.11859632e-01
-8.57463860e-01
1.59436624e-01
-9.46463619e-02
-9.30994863e-01
-4.28461230e-01
-1.58332981e+00
-2.00294903e+00
0.00000000e+00
0.00000000e+00
0.00000000e+00
0.00000000e+00
0.00000000e+00
0.00000000e+00
-1.13527499e+00
-4.88250301e-02
-5.34130408e-01
-2.19467987e-01
-1.84625848e-02
-1.29304047e+00
6.48876818e+00
6.20221650e+00
6.49316455e+00
6.05831903e+00
6.70808738e+00
6.11873692e+00
-8.03312437e-01
-8.43570703e-01
-2.97935805e-01
-6.89860842e-01
1.02799214e-01
-3.69283021e-01
1.67776679e+00
-8.01856204e-01
1.45051926e-02
5.96574738e-01
6.32614610e-01
1.42061074e-01
1.25560759e+00
0.00000000e+00
0.00000000e+00
0.00000000e+00
-2.34213751e-01
6.61080232e-01
-1.85370168e+00
0.00000000e+00
-1.94936549e+00
1.77730089e-01
-9.27710270e-01
-1.07800075e+00
-1.77163540e+00
0.00000000e+00
0.00000000e+00
0.00000000e+00
-7.45929637e-01
-3.77367677e-01
-1.84227437e-01
-3.96845876e-01
0.00000000e+00
3.77806452e-01
5.16098301e-01
1.54951575e-01
9.80495763e-01
0.00000000e+00
-1.63798618e-01
-2.76715777e-01
3.42401833e-01
-1.86585324e-01
-2.99714393e-01
9.88177124e-01
1.33629474e+00
0.00000000e+00
1.34169612e+00
9.46399083e-03
-3.43010216e-01
-2.34145362e-01
9.56939569e-01
0.00000000e+00
0.00000000e+00
-1.04065665e-01
0.00000000e+00
0.00000000e+00
0.00000000e+00
9.86994271e-01
0.00000000e+00
0.00000000e+00
0.00000000e+00
0.00000000e+00
0.00000000e+00
0.00000000e+00
0.00000000e+00
0.00000000e+00
0.00000000e+00
0.00000000e+00
0.00000000e+00
0.00000000e+00
0.00000000e+00
0.00000000e+00
0.00000000e+00
0.00000000e+00
0.00000000e+00
0.00000000e+00
0.00000000e+00
-1.08864853e-01
-2.45832461e-01
2.90920159e-01
-1.53952551e-01
-1.42862519e+00
0.00000000e+00
0.00000000e+00
0.00000000e+00
0.00000000e+00
2.86594943e-01
-6.98916780e-01
1.12908998e+00
0.00000000e+00
-2.00571102e+00
0.00000000e+00
0.00000000e+00
0.00000000e+00
1.66498517e+00
1.86371418e+00
8.43963344e-01
1.43866897e+00
0.00000000e+00
1.17848995e+00
1.51677953e+00
1.15537710e+00
7.94819887e-01
0.00000000e+00
1.85191903e+00
5.42914101e-01
1.13855438e+00
1.85333254e+00
0.00000000e+00
1.87509665e+00
1.09747934e+00
0.00000000e+00
6.44500464e-01
1.46384194e+00
-6.33618706e-01
-3.27275975e-01
0.00000000e+00
7.76973344e-01
3.57116912e-01
-6.84259689e-01
0.00000000e+00
0.00000000e+00
0.00000000e+00
5.61566527e-01
1.65532848e+00
6.95228327e-01
3.97589537e-01
0.00000000e+00
9.39210284e-01
7.47019608e-01
8.63329343e-01
2.00569366e+00
0.00000000e+00
5.14982527e-01
9.42547229e-01
4.58843931e-02
9.47310733e-01
0.00000000e+00
-3.69832166e-01
6.67491483e-01
0.00000000e+00
9.81578630e-01
2.08030755e-01
-3.06342731e-01
0.00000000e+00
3.19634897e-01
1.41118434e-01
-1.37209231e+00
-6.00434295e-01
0.00000000e+00
0.00000000e+00
-1.31147668e-01
-7.71658014e-01
0.00000000e+00
0.00000000e+00
-4.27134491e-01
3 1
-7.2013e-01 3.9823e-01
2 1
1 0 
217
5.70368473e-01
-7.01484859e-01
2.12723219e-01
-2.40686174e-01
-2.02987952e-01
7.47385886e-03
-5.51704166e-02
5.70506859e-01
3.92866601e-01
5.65827113e-01
7.66469348e-01
1.90523772e-01
-3.30809107e-01
-1.79463888e+00
3.40674493e-01
-4.14602887e-03
-1.55050738e-01
-1.31162155e+00
1.02158507e-03
8.51293224e-01
1.03040353e+00
-8.02006007e-03
3.09553034e-01
5.10911998e-01
2.73645539e-05
2.40631602e-01
1.79114374e-01
2.47691328e-01
1.43562772e-01
0.00000000e+00
0.00000000e+00
0.00000000e+00
0.00000000e+00
0.00000000e+00
0.00000000e+00
0.00000000e+00
0.00000000e+00
4.72187459e-02
5.23149728e-01
0.00000000e+00
0.00000000e+00
0.00000000e+00
0.00000000e+00
0.00000000e+00
0.00000000e+00
3.61351959e-01
-3.14133214e-01
5.23149728e-01
0.00000000e+00
0.00000000e+00
0.00000000e+00
0.00000000e+00
0.00000000e+00
0.00000000e+00
0.00000000e+00
0.00000000e+00
0.00000000e+00
0.00000000e+00
0.00000000e+00
0.00000000e+00
5.23149728e-01
-3.14133214e-01
3.61351959e-01
0.00000000e+00
-3.14133214e-01
0.00000000e+00
4.78395168e-01
6.76576750e-01
4.06106519e-01
1.14123354e+00
4.82749968e-01
-1.21398008e-01
-8.88676311e-01
2.07530768e-01
4.72308644e-03
1.48574550e-03
1.39679763e+00
0.00000000e+00
0.00000000e+00
0.00000000e+00
0.00000000e+00
0.00000000e+00
0.00000000e+00
0.00000000e+00
0.00000000e+00
0.00000000e+00
0.00000000e+00
0.00000000e+00
0.00000000e+00
0.00000000e+00
0.00000000e+00
0.00000000e+00
0.00000000e+00
0.00000000e+00
0.00000000e+00
0.00000000e+00
0.00000000e+00
0.00000000e+00
0.00000000e+00
0.00000000e+00
0.00000000e+00
0.00000000e+00
0.00000000e+00
0.00000000e+00
0.00000000e+00
0.00000000e+00
0.00000000e+00
0.00000000e+00
0.00000000e+00
0.00000000e+00
0.00000000e+00
0.00000000e+00
0.00000000e+00
0.00000000e+00
0.00000000e+00
0.00000000e+00
0.00000000e+00
0.00000000e+00
0.00000000e+00
-1.54699735e+00
-1.53592059e+00
-1.91268043e+00
0.00000000e+00
0.00000000e+00
0.00000000e+00
-1.55832491e+00
1.60336467e+00
-2.19562895e-01
-5.76474032e-01
0.00000000e+00
7.23639199e-02
-8.27146776e-01
-5.09029096e-01
1.36887656e+00
0.00000000e+00
-1.57780513e+00
1.85207344e+00
6.59467442e-03
8.30041832e-01
-5.27123514e-01
1.30217079e+00
-1.26298452e+00
-9.91833756e-01
-3.92873131e-02
2.30001091e-01
4.75829662e-02
0.00000000e+00
0.00000000e+00
0.00000000e+00
9.77600095e-01
-5.46318374e-01
-2.51408057e-02
7.41045288e-01
0.00000000e+00
-3.24922391e-01
6.50771204e-01
3.62270920e-01
-6.70948131e-01
0.00000000e+00
9.69578566e-01
-8.58662486e-01
-1.99859614e-01
1.02488018e-01
-1.54627234e-01
-3.69641075e-01
7.59190765e-01
-5.31780363e-01
3.55713773e-01
2.92019398e-01
-1.47174098e+00
0.00000000e+00
0.00000000e+00
0.00000000e+00
-1.75063547e-01
-1.64419177e-01
-3.26410975e-01
6.09985483e-01
-5.07038899e-03
6.75734415e-01
6.01969782e-01
1.32106336e+00
7.22423078e-01
0.00000000e+00
-7.43527135e-02
1.06939740e+00
-1.44096359e-01
-1.29786779e-01
9.98831029e-01
-3.27196112e-01
-6.30900178e-01
-5.60486603e-02
-1.38936457e-01
5.12234311e-02
-9.18964001e-01
0.00000000e+00
0.00000000e+00
0.00000000e+00
7.77383386e-01
3.50366082e-01
4.92234254e-01
4.33828280e-01
-9.25470342e-03
-6.52331713e-02
5.74456141e-01
3.82188737e-01
4.57986907e-01
0.00000000e+00
6.72584828e-01
2.59958253e-01
2.09413892e-02
9.96561149e-01
1.90604142e-01
8.87936953e-01
8.40946325e-01
-1.04401188e-01
8.80216977e-01
8.60025624e-01
136
4.67974407e-01
-6.13557755e-01
1.77927810e-02
7.76072922e-01
-8.70113199e-03
3.44947119e-01
-3.48707536e-03
-3.94878789e-02
1.56256681e-03
2.92371411e-01
1.83666958e-01
-8.06396138e-03
0.00000000e+00
0.00000000e+00
0.00000000e+00
0.00000000e+00
0.00000000e+00
0.00000000e+00
0.00000000e+00
0.00000000e+00
4.39456095e-01
2.85183121e-02
0.00000000e+00
0.00000000e+00
0.00000000e+00
0.00000000e+00
0.00000000e+00
0.00000000e+00
1.56348425e+00
-1.12402816e+00
2.85183121e-02
0.00000000e+00
0.00000000e+00
0.00000000e+00
0.00000000e+00
0.00000000e+00
0.00000000e+00
0.00000000e+00
0.00000000e+00
0.00000000e+00
0.00000000e+00
0.00000000e+00
0.00000000e+00
0.00000000e+00
0.00000000e+00
0.00000000e+00
0.00000000e+00
-1.12402816e+00
3.03408402e-01
-6.87782915e-01
-1.76006129e+00
9.08281361e-01
6.55202894e-01
3.07787551e-01
1.01364640e+00
-9.18974758e-01
0.00000000e+00
0.00000000e+00
0.00000000e+00
0.00000000e+00
2.85183121e-02
-1.12402816e+00
1.56348425e+00
0.00000000e+00
0.00000000e+00
0.00000000e+00
0.00000000e+00
0.00000000e+00
0.00000000e+00
0.00000000e+00
0.00000000e+00
0.00000000e+00
0.00000000e+00
0.00000000e+00
0.00000000e+00
0.00000000e+00
0.00000000e+00
0.00000000e+00
0.00000000e+00
0.00000000e+00
0.00000000e+00
0.00000000e+00
0.00000000e+00
0.00000000e+00
0.00000000e+00
0.00000000e+00
-1.14054458e+00
-9.55689775e-01
-1.45554441e+00
0.00000000e+00
0.00000000e+00
0.00000000e+00
-4.61509048e-02
1.39295288e-01
-7.16557417e-01
-1.27406118e-02
-5.01661282e-01
-8.40309802e-01
2.15133402e-01
8.52459814e-02
8.74798687e-01
0.00000000e+00
5.18837556e-02
4.39079391e-01
-6.95357486e-01
4.02411471e-01
-3.92582879e-01
3.67776650e-01
2.76826363e-01
-1.87693100e+00
4.92962404e-01
2.81333583e-01
-1.70428822e+00
0.00000000e+00
0.00000000e+00
0.00000000e+00
9.60976244e-02
-2.15555233e-01
-6.51880664e-01
2.19421097e-01
-1.04446170e-01
2.16087932e-01
5.26442256e-01
2.80139970e-03
3.53471700e-03
0.00000000e+00
8.34796852e-02
-3.62124761e-01
-1.15799944e+00
4.64996498e-01
5.96007697e-01
3.12974112e-02
-6.37367748e-02
-1.60324950e+00
6.58415211e-02
1.48696486e-01
4 1
-2.8002e+00 5.8768e-01
3 0
1 0 3 
217
-2.86094521e+00
-1.23973433e+00
8.77572758e+00
-7.11040663e-01
-3.21552168e+00
1.11434295e+01
5.37150568e-01
8.62107540e+00
4.05765195e+00
-1.74449995e+00
0.00000000e+00
0.00000000e+00
0.00000000e+00
0.00000000e+00
-2.66629506e+00
-1.39518935e-01
7.44756267e+00
-8.17382414e+00
2.75266530e-02
2.04338974e+00
3.95338771e+00
2.57835427e-02
2.79876604e-01
0.00000000e+00
0.00000000e+00
0.00000000e+00
0.00000000e+00
-2.49088795e+00
-3.70057268e-01
0.00000000e+00
0.00000000e+00
0.00000000e+00
0.00000000e+00
0.00000000e+00
0.00000000e+00
0.00000000e+00
0.00000000e+00
-9.31159274e+00
-1.78250766e+01
0.00000000e+00
0.00000000e+00
0.00000000e+00
0.00000000e+00
0.00000000e+00
0.00000000e+00
-8.21586560e+00
-1.09572714e+00
-5.04926586e+00
0.00000000e+00
0.00000000e+00
0.00000000e+00
0.00000000e+00
0.00000000e+00
0.00000000e+00
0.00000000e+00
0.00000000e+00
0.00000000e+00
0.00000000e+00
0.00000000e+00
0.00000000e+00
3.45437519e+00
-1.09572714e+00
-5.21959326e+00
0.00000000e+00
-1.68678103e+01
0.00000000e+00
2.46249518e+00
1.14989875e+00
1.15443699e+01
6.84895751e+00
0.00000000e+00
-5.21959326e+00
0.00000000e+00
3.12966400e+00
-1.44460407e+00
-7.71015952e-01
3.42737065e+00
0.00000000e+00
-1.43608586e+01
0.00000000e+00
1.75818662e+01
-2.51339125e+01
0.00000000e+00
0.00000000e+00
0.00000000e+00
0.00000000e+00
0.00000000e+00
0.00000000e+00
0.00000000e+00
0.00000000e+00
0.00000000e+00
0.00000000e+00
0.00000000e+00
0.00000000e+00
0.00000000e+00
0.00000000e+00
0.00000000e+00
0.00000000e+00
0.00000000e+00
0.00000000e+00
0.00000000e+00
0.00000000e+00
0.00000000e+00
0.00000000e+00
0.00000000e+00
0.00000000e+00
0.00000000e+00
0.00000000e+00
0.00000000e+00
0.00000000e+00
0.00000000e+00
0.00000000e+00
0.00000000e+00
0.00000000e+00
0.00000000e+00
0.00000000e+00
0.00000000e+00
0.00000000e+00
0.00000000e+00
4.44321460e+00
8.54497791e+00
4.79706575e+00
0.00000000e+00
0.00000000e+00
0.00000000e+00
0.00000000e+00
0.00000000e+00
1.38624234e+01
-1.84640632e+00
0.00000000e+00
1.39644887e+01
6.47140054e+00
-2.37853476e+01
1.91181750e+01
0.00000000e+00
-1.19177332e+01
-2.91907667e+00
0.00000000e+00
-3.82432678e+00
0.00000000e+00
0.00000000e+00
0.00000000e+00
0.00000000e+00
0.00000000e+00
5.26170183e+00
-8.92467931e+00
0.00000000e+00
0.00000000e+00
0.00000000e+00
0.00000000e+00
0.00000000e+00
-5.63439274e+00
3.24309215e+00
0.00000000e+00
-1.26422176e+01
-4.23448016e+00
1.68855845e+01
-1.24161801e+01
0.00000000e+00
4.63950006e+00
-7.00125486e+00
0.00000000e+00
1.58720069e+01
0.00000000e+00
0.00000000e+00
0.00000000e+00
0.00000000e+00
0.00000000e+00
-9.94159659e-01
-1.18181254e+01
0.00000000e+00
0.00000000e+00
0.00000000e+00
-4.82753030e+00
0.00000000e+00
-1.65000291e-03
-2.87665594e+00
0.00000000e+00
2.00575681e+00
2.56172390e+01
-1.16786867e+00
0.00000000e+00
0.00000000e+00
3.02452106e+00
-2.88998807e-02
0.00000000e+00
0.00000000e+00
1.80704137e+01
-2.55122646e+00
7.03133472e+00
0.00000000e+00
-2.43446235e+00
6.16713590e+00
-5.40613010e+00
0.00000000e+00
0.00000000e+00
0.00000000e+00
-2.83011303e+00
0.00000000e+00
-4.51991003e-03
-1.95829508e+00
0.00000000e+00
4.28128519e+00
2.95362418e+00
1.20038222e+01
0.00000000e+00
0.00000000e+00
1.43487019e+01
-4.38585044e-02
0.00000000e+00
0.00000000e+00
3.35974165e+00
-3.92077683e-01
1.62547389e+00
0.00000000e+00
8.90390030e+00
1.32804710e+01
136
-2.52420127e-01
4.45469862e-02
-2.53678339e-03
-2.00993023e-01
-1.92750491e-03
-1.66617590e-01
-9.34623044e-03
7.06435008e-02
-3.70343465e-03
0.00000000e+00
7.45256966e-01
6.29537652e-01
0.00000000e+00
0.00000000e+00
0.00000000e+00
0.00000000e+00
0.00000000e+00
0.00000000e+00
0.00000000e+00
0.00000000e+00
-5.72402769e-01
-5.44330514e-01
8.64313156e-01
0.00000000e+00
0.00000000e+00
0.00000000e+00
0.00000000e+00
0.00000000e+00
-4.59513251e-01
-1.12889518e-01
6.27442814e-02
0.00000000e+00
9.29927836e-01
-1.53700263e+00
8.64313156e-01
0.00000000e+00
0.00000000e+00
0.00000000e+00
0.00000000e+00
0.00000000e+00
0.00000000e+00
0.00000000e+00
0.00000000e+00
0.00000000e+00
0.00000000e+00
0.00000000e+00
0.00000000e+00
-2.31864959e+00
1.54309933e-02
-4.17413072e-01
-2.21273539e+00
0.00000000e+00
3.11164320e+00
4.39878284e-01
8.11261998e-01
-1.15212727e+00
-5.09761967e-01
1.03479036e-04
5.28661049e-02
-5.80027117e-02
-1.83919116e-01
-1.12889518e-01
4.70414586e-01
0.00000000e+00
0.00000000e+00
0.00000000e+00
0.00000000e+00
0.00000000e+00
0.00000000e+00
0.00000000e+00
0.00000000e+00
0.00000000e+00
0.00000000e+00
0.00000000e+00
0.00000000e+00
0.00000000e+00
0.00000000e+00
0.00000000e+00
0.00000000e+00
0.00000000e+00
0.00000000e+00
0.00000000e+00
0.00000000e+00
0.00000000e+00
0.00000000e+00
0.00000000e+00
4.23744711e-01
-2.54881492e-01
-8.41583037e-01
0.00000000e+00
0.00000000e+00
0.00000000e+00
1.55934029e-01
-1.14653317e-01
-3.94719889e-01
3.52022703e-01
-3.91168293e-01
-1.78931547e-01
3.85868041e-01
1.15549774e-01
2.95362977e-01
0.00000000e+00
2.91418049e-01
1.15718267e-02
-9.71480748e-01
2.31814408e-01
-2.93793151e-02
2.23589512e-01
1.74196518e-01
-1.38272126e+00
2.90038615e-01
9.41048780e-02
-1.36674777e+00
0.00000000e+00
0.00000000e+00
0.00000000e+00
8.88636282e-04
-5.08589576e-01
-7.20954075e-01
4.16002666e-01
3.82015270e-01
2.47547648e-01
3.18518557e-01
1.43284924e-01
-1.54904653e-01
0.00000000e+00
2.15893533e-01
-1.48209101e-01
-1.13663654e+00
6.60455414e-01
5.77603965e-01
-1.39957627e-01
-7.86333858e-02
-1.67711292e+00
1.68735780e-01
6.73037095e-02
2 1
-2.4767e+00 5.7546e-01
4 0
1 0 3 4 
217
5.10624834e+00
-2.11475728e+00
-3.64216665e+00
-1.14874381e+00
1.84295347e+00
4.21305527e+00
8.69371608e+00
-4.06395541e+00
-3.43130980e+00
6.85640215e-01
-1.99911141e+00
4.58046826e+00
0.00000000e+00
0.00000000e+00
1.43515181e+00
3.64396794e-02
1.95982877e+00
4.32591195e+00
-4.75017156e-02
2.57134338e+00
6.59560426e-02
-3.18235720e-02
2.74727656e+00
0.00000000e+00
0.00000000e+00
0.00000000e+00
0.00000000e+00
1.73329138e+00
3.38962694e+00
0.00000000e+00
0.00000000e+00
0.00000000e+00
0.00000000e+00
0.00000000e+00
0.00000000e+00
0.00000000e+00
0.00000000e+00
6.95691244e-01
1.73892072e-01
4.23666503e+00
0.00000000e+00
0.00000000e+00
0.00000000e+00
0.00000000e+00
0.00000000e+00
-8.11440130e-01
1.50713137e+00
-1.89529416e-01
0.00000000e+00
0.00000000e+00
0.00000000e+00
-1.55441703e-01
0.00000000e+00
0.00000000e+00
0.00000000e+00
0.00000000e+00
0.00000000e+00
0.00000000e+00
0.00000000e+00
0.00000000e+00
2.73496783e+00
1.50713137e+00
8.64149135e-01
0.00000000e+00
2.39286239e+00
0.00000000e+00
1.00003855e+00
2.23084410e+00
1.71334741e+00
4.25959941e+00
0.00000000e+00
1.22250560e+00
-1.25847970e+00
1.95443765e+00
-1.58653206e-01
1.92930509e+00
1.16404063e+00
0.00000000e+00
-6.25741905e-01
0.00000000e+00
3.19808640e+00
-6.90424875e+00
2.11440197e+00
5.21597226e-01
1.51633037e+00
1.74606458e+00
0.00000000e+00
0.00000000e+00
0.00000000e+00
0.00000000e+00
0.00000000e+00
0.00000000e+00
0.00000000e+00
0.00000000e+00
0.00000000e+00
0.00000000e+00
0.00000000e+00
0.00000000e+00
0.00000000e+00
0.00000000e+00
0.00000000e+00
0.00000000e+00
0.00000000e+00
0.00000000e+00
0.00000000e+00
0.00000000e+00
0.00000000e+00
0.00000000e+00
0.00000000e+00
0.00000000e+00
0.00000000e+00
0.00000000e+00
0.00000000e+00
0.00000000e+00
0.00000000e+00
0.00000000e+00
0.00000000e+00
0.00000000e+00
0.00000000e+00
-4.05053901e+00
1.65110608e+00
-5.04740114e+00
0.00000000e+00
0.00000000e+00
0.00000000e+00
3.30377447e+00
-2.92587065e+00
-4.67689441e-03
-3.59167689e+00
0.00000000e+00
8.40521180e-01
1.10820190e+01
2.39632383e+00
0.00000000e+00
0.00000000e+00
7.32443925e+00
2.06008343e-02
0.00000000e+00
-4.37063536e+00
0.00000000e+00
-2.22074692e+00
-8.23036727e+00
-5.26741091e-03
-2.35461794e-02
1.09578877e+01
-1.60463370e+00
0.00000000e+00
0.00000000e+00
0.00000000e+00
1.15773153e+00
3.27173117e+00
-1.11627382e-02
2.60319621e+00
0.00000000e+00
5.94073288e-01
-3.72350930e+00
-6.43482498e-01
0.00000000e+00
0.00000000e+00
-3.03129056e+00
8.34118755e-01
0.00000000e+00
4.45491329e+00
0.00000000e+00
3.56007364e+00
4.45614446e+00
-7.94374741e-03
-2.28105438e-02
-2.65888097e+00
-3.87701800e+00
0.00000000e+00
0.00000000e+00
0.00000000e+00
-2.34706384e-01
-1.64422447e-02
-1.36319449e+00
6.87105972e+00
0.00000000e+00
0.00000000e+00
2.89339180e+00
-1.41697312e+00
-3.86249764e-02
0.00000000e+00
0.00000000e+00
0.00000000e+00
-8.62128512e-01
0.00000000e+00
0.00000000e+00
-8.49211489e-01
-3.22896137e-02
0.00000000e+00
0.00000000e+00
5.86371298e+00
1.35219897e-02
0.00000000e+00
0.00000000e+00
0.00000000e+00
-3.31331473e-01
-2.12422814e-02
1.47172828e+00
-1.90033460e+00
0.00000000e+00
0.00000000e+00
3.78678900e-01
1.84364723e+00
-9.88911445e-02
0.00000000e+00
0.00000000e+00
0.00000000e+00
-2.76773163e+00
0.00000000e+00
0.00000000e+00
-1.34409383e+00
-7.07769077e-02
0.00000000e+00
0.00000000e+00
-3.20457727e+00
136
-7.80971021e-01
1.64585580e-02
2.44676208e-03
-2.17952927e-01
-3.92984243e-04
-2.44068225e-01
-1.72984384e-03
-3.35408427e-01
5.61396832e-03
5.25507271e-02
-2.97791628e-01
-5.35730120e-01
0.00000000e+00
0.00000000e+00
0.00000000e+00
0.00000000e+00
0.00000000e+00
0.00000000e+00
0.00000000e+00
0.00000000e+00
7.91561336e-02
-1.37732171e+00
-1.65656855e+00
0.00000000e+00
0.00000000e+00
0.00000000e+00
0.00000000e+00
0.00000000e+00
3.61765952e-01
-2.82609818e-01
3.56230054e-02
0.00000000e+00
1.09682757e+00
-2.24736629e+00
2.79583823e-01
0.00000000e+00
-3.46869766e-01
0.00000000e+00
-7.61577306e-01
0.00000000e+00
0.00000000e+00
0.00000000e+00
0.00000000e+00
0.00000000e+00
0.00000000e+00
0.00000000e+00
0.00000000e+00
-3.06390660e+00
9.08648198e-02
-3.81638682e-01
-1.17821789e+00
0.00000000e+00
3.86414152e+00
8.50635002e-01
1.15694697e+00
0.00000000e+00
-3.33819878e-01
-5.75384293e-01
5.42118750e-02
3.48785316e-01
4.31362220e-01
1.80990653e-01
3.23281064e-01
-2.24331903e-01
3.92448114e-01
-1.69010047e-01
0.00000000e+00
0.00000000e+00
0.00000000e+00
0.00000000e+00
0.00000000e+00
0.00000000e+00
0.00000000e+00
0.00000000e+00
0.00000000e+00
0.00000000e+00
0.00000000e+00
0.00000000e+00
0.00000000e+00
0.00000000e+00
0.00000000e+00
0.00000000e+00
0.00000000e+00
0.00000000e+00
0.00000000e+00
0.00000000e+00
4.12697397e-02
-4.80994005e-01
-9.83475366e-01
0.00000000e+00
0.00000000e+00
0.00000000e+00
3.29702664e-02
8.94316996e-02
-4.60935545e-01
1.99562775e-01
-3.85105402e-01
-2.65391225e-01
1.53842165e-01
1.89604501e-01
5.53852103e-01
0.00000000e+00
1.07437720e-01
-7.49420637e-02
-3.34791989e-01
1.29135764e-01
5.32213856e-02
1.35138790e-01
7.36244437e-02
-1.51886012e+00
2.92483118e-01
4.62462440e-02
-1.47327441e+00
0.00000000e+00
0.00000000e+00
0.00000000e+00
7.56870156e-02
-1.86164739e-01
-7.29698293e-01
2.58439699e-01
3.48890821e-01
3.48886831e-01
4.51878574e-01
7.84306353e-02
-3.12325363e-02
0.00000000e+00
1.64099858e-01
-1.77051566e-01
-1.32676182e+00
5.14568531e-01
6.39310669e-01
-1.04744420e-01
-8.49955847e-02
-2.00518194e+00
8.52591726e-02
2.07104689e-01
5 2
-2.1873e+00 5.2660e-01
5 -1
1 0 3 4 2 
217
2.00771763e+00
-3.37587988e-01
4.16650289e-01
-2.45508696e+00
-1.03877264e-01
-1.89710772e+00
-1.60601178e+00
1.53941884e+00
3.60542141e-01
9.19514348e-03
3.35706453e+00
3.60911044e-01
0.00000000e+00
0.00000000e+00
0.00000000e+00
0.00000000e+00
0.00000000e+00
0.00000000e+00
0.00000000e+00
0.00000000e+00
0.00000000e+00
0.00000000e+00
0.00000000e+00
-1.41342073e+00
4.64443074e-06
4.67654222e-01
-3.97720077e-01
8.13107531e-01
1.59233017e+00
0.00000000e+00
0.00000000e+00
0.00000000e+00
0.00000000e+00
0.00000000e+00
0.00000000e+00
0.00000000e+00
0.00000000e+00
-3.31341979e-01
-1.03588158e+00
5.90065453e-01
0.00000000e+00
0.00000000e+00
0.00000000e+00
0.00000000e+00
0.00000000e+00
-1.03433423e+00
7.02992255e-01
9.81987757e-01
0.00000000e+00
1.91300306e+00
0.00000000e+00
-3.70988837e-01
0.00000000e+00
0.00000000e+00
0.00000000e+00
0.00000000e+00
0.00000000e+00
0.00000000e+00
0.00000000e+00
0.00000000e+00
4.26056547e-01
7.02992255e-01
8.78668823e-01
0.00000000e+00
2.92586796e-01
0.00000000e+00
1.34723602e+00
7.29590372e-01
3.67894814e-01
8.32139583e-01
-3.98330198e-01
1.27699902e+00
0.00000000e+00
3.66245157e-01
3.26324068e-01
7.62803646e-01
1.50973496e+00
0.00000000e+00
-1.54703918e-02
-4.34705458e-01
4.04115990e-01
-6.07193800e-01
0.00000000e+00
0.00000000e+00
1.01733594e+00
7.64918598e-01
0.00000000e+00
0.00000000e+00
0.00000000e+00
0.00000000e+00
0.00000000e+00
-1.10997104e+00
-2.53254549e+00
0.00000000e+00
0.00000000e+00
0.00000000e+00
0.00000000e+00
0.00000000e+00
0.00000000e+00
0.00000000e+00
0.00000000e+00
0.00000000e+00
0.00000000e+00
0.00000000e+00
0.00000000e+00
0.00000000e+00
0.00000000e+00
0.00000000e+00
0.00000000e+00
0.00000000e+00
0.00000000e+00
0.00000000e+00
0.00000000e+00
0.00000000e+00
0.00000000e+00
0.00000000e+00
0.00000000e+00
0.00000000e+00
0.00000000e+00
-1.41147593e+00
-9.66290207e-02
-2.23702707e+00
0.00000000e+00
0.00000000e+00
0.00000000e+00
-4.31738207e+00
8.59485767e-01
2.28984397e+00
2.47678570e+00
0.00000000e+00
-1.24457827e+00
-1.59051393e+00
1.27890340e+00
-1.70820384e+00
0.00000000e+00
7.38612218e-01
-2.69599948e-03
-5.88466397e-03
-9.43558642e-01
1.76433586e+00
6.47727918e+00
-8.86610173e-01
0.00000000e+00
0.00000000e+00
-2.87529385e+00
-7.56149849e-01
0.00000000e+00
0.00000000e+00
0.00000000e+00
3.03681622e+00
3.91479968e-02
-9.15133778e-01
-1.08261471e+00
0.00000000e+00
1.27994274e+00
2.23248697e+00
-5.25198658e-01
2.62176509e+00
0.00000000e+00
1.42358365e+00
-6.16968959e-03
-8.10625613e-03
1.09708192e+00
-1.32328578e+00
-3.46895887e+00
1.74720430e+00
0.00000000e+00
0.00000000e+00
1.71262916e+00
-1.53128781e+00
0.00000000e+00
0.00000000e+00
0.00000000e+00
1.49691713e+00
-8.09545670e-03
3.73304554e+00
-3.02733199e-01
0.00000000e+00
-1.64086048e+00
2.84862158e-01
7.32068219e-01
-1.95958527e-02
0.00000000e+00
1.18797484e-01
-7.87147144e-01
-9.17148526e-02
-2.24196324e-01
-1.51726563e+00
1.12961071e+00
1.24009932e+00
-1.64004741e-02
2.98219468e+00
-1.38012432e-02
-6.33980511e-01
0.00000000e+00
0.00000000e+00
0.00000000e+00
-7.79484288e-01
-8.71285885e-03
-1.45374785e+00
8.75167352e-01
0.00000000e+00
1.46393681e+00
5.77385534e-01
4.33695494e-02
-2.62667555e-02
0.00000000e+00
6.75467036e-01
-6.90804273e-01
-8.67107635e-02
-4.58284020e-01
1.96093803e-01
-7.88516041e-01
-9.05635890e-01
-3.37821768e-02
-1.21780924e+00
-2.20530053e-02
136
2.27388166e-01
0.00000000e+00
0.00000000e+00
-3.28662389e-02
2.36207916e-02
3.24994221e-01
-6.42797178e-03
-1.10581400e-01
4.12113333e-04
1.62581815e-01
8.67562097e-02
-2.19498587e-02
0.00000000e+00
0.00000000e+00
0.00000000e+00
0.00000000e+00
0.00000000e+00
0.00000000e+00
0.00000000e+00
0.00000000e+00
5.14621067e-02
-1.73837736e-01
-3.38047449e-01
6.87811244e-01
0.00000000e+00
0.00000000e+00
0.00000000e+00
0.00000000e+00
8.42439867e-01
-1.25354572e-01
2.62507483e-01
0.00000000e+00
3.17150979e-01
-1.56375757e+00
4.63301783e-01
0.00000000e+00
6.85008082e-02
-2.20301891e-01
-7.52238982e-01
0.00000000e+00
0.00000000e+00
0.00000000e+00
0.00000000e+00
0.00000000e+00
0.00000000e+00
0.00000000e+00
0.00000000e+00
-2.09055789e+00
5.81864387e-01
-4.46496056e-01
-1.11303164e+00
8.77114473e-01
1.71597133e-01
-3.82398173e-02
5.27059659e-01
-9.72539682e-01
-1.49630099e-01
2.25182814e-01
1.01611103e-01
4.85539570e-01
-3.89236428e-02
7.94171936e-01
7.04866185e-01
-3.55934214e-01
4.99647466e-01
-7.62238161e-02
-1.34790648e-01
3.47789362e-01
4.93797990e-02
1.44634472e-01
-1.75786803e-01
0.00000000e+00
0.00000000e+00
0.00000000e+00
0.00000000e+00
0.00000000e+00
0.00000000e+00
0.00000000e+00
0.00000000e+00
0.00000000e+00
0.00000000e+00
0.00000000e+00
0.00000000e+00
0.00000000e+00
0.00000000e+00
0.00000000e+00
-1.02110704e+00
-9.53292591e-01
-1.43432211e+00
0.00000000e+00
0.00000000e+00
0.00000000e+00
-1.98173372e-02
3.22556608e-01
-7.01354438e-01
-3.15794776e-02
-4.40722075e-01
-7.65464208e-01
1.66120974e-01
1.46414894e-02
7.50011876e-01
0.00000000e+00
2.43005955e-02
4.20731307e-01
-7.39466670e-01
4.71413388e-01
-4.40852422e-01
4.12392368e-01
2.30443108e-01
-1.99857703e+00
5.29030615e-01
3.61869220e-01
-1.71726283e+00
0.00000000e+00
0.00000000e+00
0.00000000e+00
8.12087259e-02
-1.39825299e-01
-6.24635717e-01
1.91242676e-01
-2.23161456e-01
1.17001082e-01
4.08312277e-01
1.25357176e-01
1.46281753e-01
0.00000000e+00
1.32669395e-01
-4.20734092e-01
-1.14544844e+00
4.15462868e-01
5.85828657e-01
1.82397357e-02
3.23425884e-02
-1.71740921e+00
1.10777913e-01
1.89226536e-01
7 2
-2.2400e+00 5.3057e-01
6 5
1 0 3 4 2 5 
217
-4.03694822e-01
-4.40815901e-01
4.72488097e-01
-4.23730082e-01
1.43076984e-01
3.93745625e-01
-5.69553738e-01
6.18906004e-01
6.91591538e-01
-6.04925303e-02
-6.68809606e-01
-2.80469568e-01
0.00000000e+00
0.00000000e+00
0.00000000e+00
0.00000000e+00
0.00000000e+00
0.00000000e+00
0.00000000e+00
0.00000000e+00
0.00000000e+00
0.00000000e+00
0.00000000e+00
-7.55898567e-03
-2.63011139e-03
-6.59838442e-01
4.42599602e-02
2.61052508e-01
-7.09007291e-01
0.00000000e+00
0.00000000e+00
0.00000000e+00
0.00000000e+00
0.00000000e+00
0.00000000e+00
0.00000000e+00
0.00000000e+00
1.35579501e-01
-1.59478634e-02
9.99386818e-01
0.00000000e+00
0.00000000e+00
0.00000000e+00
0.00000000e+00
0.00000000e+00
7.49071759e-01
2.34465090e+00
1.24475751e+00
0.00000000e+00
-4.02565526e-01
0.00000000e+00
2.32322080e+00
0.00000000e+00
0.00000000e+00
0.00000000e+00
0.00000000e+00
0.00000000e+00
0.00000000e+00
0.00000000e+00
0.00000000e+00
8.32420501e-01
-8.14380258e-01
-4.21735066e-01
0.00000000e+00
-1.85429839e+00
0.00000000e+00
5.52328240e-01
2.13955445e+00
8.98275325e-01
7.66711245e-01
-8.54860178e-01
1.20136641e+00
0.00000000e+00
-1.14517825e-01
-2.01540877e+00
-6.35683230e-01
-1.68087049e-01
0.00000000e+00
-3.97435652e-02
0.00000000e+00
-1.06349124e-01
2.07094026e+00
-3.21906293e-01
-1.98873661e+00
4.36616386e-01
1.62356978e+00
0.00000000e+00
0.00000000e+00
0.00000000e+00
0.00000000e+00
0.00000000e+00
2.82998651e+00
4.23258621e-01
0.00000000e+00
0.00000000e+00
0.00000000e+00
2.12143687e-01
-7.25736145e-02
0.00000000e+00
-1.04234884e+00
0.00000000e+00
0.00000000e+00
0.00000000e+00
-1.10999399e+00
-4.35746400e-01
0.00000000e+00
0.00000000e+00
0.00000000e+00
0.00000000e+00
0.00000000e+00
0.00000000e+00
0.00000000e+00
0.00000000e+00
0.00000000e+00
0.00000000e+00
0.00000000e+00
0.00000000e+00
0.00000000e+00
0.00000000e+00
-9.77452736e-01
-1.35204823e+00
-3.03782898e+00
0.00000000e+00
0.00000000e+00
0.00000000e+00
5.33700509e-01
-1.98226232e-01
-1.09407072e+00
3.08832639e+00
1.19968122e+00
-3.95865360e-01
-5.32972434e-01
2.73577637e+00
-3.34862203e-02
0.00000000e+00
4.45846012e-01
-6.02713024e-01
-1.20577353e-01
7.54961850e-01
-2.46873260e+00
4.71331777e-01
3.44786685e-01
0.00000000e+00
-4.45397210e-01
1.25510799e+00
-3.39762397e-01
0.00000000e+00
0.00000000e+00
0.00000000e+00
1.23007858e-01
-3.46049358e-01
1.39157210e+00
4.73196755e-01
-1.15469301e+00
8.89615091e-01
1.14604494e+00
-4.07862501e-01
-7.41769170e-02
0.00000000e+00
1.33668915e+00
8.13962743e-01
1.34725074e-01
1.42003280e+00
1.68306954e+00
1.51149409e+00
1.18124891e+00
0.00000000e+00
1.02456179e+00
1.14125226e+00
-4.20935533e+00
0.00000000e+00
0.00000000e+00
0.00000000e+00
1.34951069e+00
-9.92365652e-01
-1.45545720e+00
-2.86248729e+00
0.00000000e+00
2.12367798e+00
6.64538821e-01
2.10348818e+00
5.82146938e+00
0.00000000e+00
2.26900974e-01
-1.90633720e+00
1.23543766e+00
-5.07781341e-01
-1.96601017e-01
8.22211177e-02
1.43933699e-01
-1.00515440e-02
-1.15182770e-01
1.16153973e+00
-5.20670708e-01
0.00000000e+00
0.00000000e+00
0.00000000e+00
8.07086447e-01
1.87417819e+00
1.67760483e+00
3.15731635e+00
0.00000000e+00
6.88116660e-01
1.31643237e+00
9.39815843e-01
-1.41833445e+00
0.00000000e+00
1.23795942e+00
2.26282325e+00
-1.39840999e-01
2.59426500e+00
9.85096355e-01
1.25805680e+00
1.32902775e+00
-1.26189591e-02
2.03342297e+00
1.06492359e+00
136
1.69447771e-01
0.00000000e+00
0.00000000e+00
-3.01964841e-02
2.04269165e-02
1.97921210e-01
2.17009630e-03
-4.90680617e-02
5.18135065e-04
2.15307364e-01
8.21479691e-02
-1.28007562e-01
0.00000000e+00
0.00000000e+00
0.00000000e+00
0.00000000e+00
0.00000000e+00
0.00000000e+00
0.00000000e+00
0.00000000e+00
4.18777672e-02
-1.46260927e-01
-2.29532263e-01
3.50287987e-01
0.00000000e+00
0.00000000e+00
0.00000000e+00
0.00000000e+00
8.74162611e-01
1.28809759e-01
1.32179456e-01
0.00000000e+00
4.38010808e-01
-1.51545211e+00
9.14192611e-02
0.00000000e+00
-1.07471003e-01
0.00000000e+00
-6.66146436e-01
0.00000000e+00
0.00000000e+00
0.00000000e+00
0.00000000e+00
0.00000000e+00
0.00000000e+00
0.00000000e+00
0.00000000e+00
-1.79447381e+00
6.57407147e-01
-3.53993596e-01
-1.23154024e+00
8.12545222e-01
2.12587750e-01
-5.18106129e-02
5.60213685e-01
-1.11005976e+00
1.43272696e-01
-1.20496319e-01
-2.44523135e-02
4.36380363e-01
3.69757015e-02
6.53787696e-01
5.93506784e-01
-4.35807372e-01
5.66243251e-01
2.76924472e-01
-1.25539269e-01
2.71330026e-01
3.66677026e-02
1.16031978e-01
-2.01107550e-01
0.00000000e+00
4.70089705e-03
3.16146800e-01
7.35133474e-02
-9.16412483e-01
0.00000000e+00
0.00000000e+00
0.00000000e+00
0.00000000e+00
0.00000000e+00
0.00000000e+00
0.00000000e+00
0.00000000e+00
0.00000000e+00
0.00000000e+00
-9.34322296e-01
-9.06532111e-01
-1.42463712e+00
0.00000000e+00
0.00000000e+00
0.00000000e+00
-4.98234414e-02
2.46085294e-01
-6.85112652e-01
1.35518383e-02
-5.05578032e-01
-8.23132506e-01
1.42110856e-01
-3.78428194e-02
9.68728012e-01
0.00000000e+00
-3.18563475e-03
3.68356884e-01
-5.86387302e-01
3.66812929e-01
-4.39994233e-01
4.55315605e-01
3.10610187e-01
-2.07151689e+00
4.97646429e-01
4.08718358e-01
-1.70862672e+00
0.00000000e+00
0.00000000e+00
0.00000000e+00
1.92198242e-02
-2.78913175e-01
-6.99813059e-01
1.97077323e-01
-2.00333019e-01
8.83368589e-02
5.17822597e-01
1.28127431e-01
1.34069427e-01
0.00000000e+00
1.46349818e-01
-3.11798033e-01
-1.11654983e+00
3.70016134e-01
6.65106762e-01
9.99199189e-02
-1.36192719e-01
-1.68771755e+00
5.27078770e-02
3.03936698e-01
