0 7 -999999999 -1 -1
1 2 0 -1 -1
0.2362 -1.511
356
-4.82670767e-01
-3.06544315e-01
-1.76126452e-01
-6.17309173e-01
0.00000000e+00
0.00000000e+00
0.00000000e+00
0.00000000e+00
0.00000000e+00
0.00000000e+00
0.00000000e+00
0.00000000e+00
0.00000000e+00
-2.34950637e-01
-7.33905091e-01
3.51546556e-01
0.00000000e+00
0.00000000e+00
0.00000000e+00
0.00000000e+00
0.00000000e+00
0.00000000e+00
0.00000000e+00
0.00000000e+00
0.00000000e+00
0.00000000e+00
0.00000000e+00
0.00000000e+00
0.00000000e+00
0.00000000e+00
0.00000000e+00
0.00000000e+00
0.00000000e+00
0.00000000e+00
0.00000000e+00
0.00000000e+00
0.00000000e+00
0.00000000e+00
0.00000000e+00
0.00000000e+00
0.00000000e+00
0.00000000e+00
0.00000000e+00
0.00000000e+00
0.00000000e+00
0.00000000e+00
0.00000000e+00
0.00000000e+00
0.00000000e+00
0.00000000e+00
0.00000000e+00
-1.55678569e+00
4.67713359e-01
1.69436229e+00
0.00000000e+00
0.00000000e+00
0.00000000e+00
0.00000000e+00
-1.58754449e-01
-2.66757028e-01
-2.72158564e-01
-1.95046118e-02
-7.01657284e-01
1.11324891e+00
1.43905385e-01
1.86935153e-01
5.05994144e-01
-1.03083625e+00
-7.48043651e-01
-3.21409729e-04
3.94166784e-01
-6.44592834e-02
-4.71368241e-03
2.07167819e-01
-5.45212177e-02
3.49308666e-03
1.18448579e-01
3.84353384e-01
4.23582127e-03
4.35225935e-02
7.25002254e-01
-1.18198477e-01
-2.14154052e-01
-8.86294736e-01
0.00000000e+00
0.00000000e+00
0.00000000e+00
0.00000000e+00
0.00000000e+00
0.00000000e+00
-1.72158560e+00
-1.04974858e+00
-2.90694960e+00
-9.53357845e-01
-4.96745138e-01
-2.76947950e-01
2.16643604e-01
-4.76136226e-02
-1.07638489e+00
-3.86789498e-01
-5.14545183e-01
-6.27865321e-01
0.00000000e+00
0.00000000e+00
3.23060335e+00
2.42854286e+00
1.02454389e+00
5.39905529e-01
5.18956215e-01
8.91014948e-02
-7.76557386e-01
-1.21478069e+00
-1.64981702e-01
-2.42971111e-03
-4.94635352e-01
-9.36862107e-01
-1.20344288e+00
-1.09209143e+00
0.00000000e+00
0.00000000e+00
0.00000000e+00
0.00000000e+00
0.00000000e+00
0.00000000e+00
4.69770021e-01
-8.21471096e-01
-2.86953150e-01
-8.81556078e-02
-1.00504847e+00
-1.17935532e+00
4.44138293e+00
4.30548709e+00
4.43822535e+00
4.24616104e+00
4.51275144e+00
4.08496306e+00
5.86583090e-01
4.84012515e-01
8.75706597e-01
6.82699426e-01
1.25032793e+00
5.55683629e-01
-2.62406932e-01
5.33154430e-01
-5.26708287e-01
-1.99467195e-01
-1.18733943e+00
-1.09283916e+00
1.81169059e-01
0.00000000e+00
0.00000000e+00
0.00000000e+00
0.00000000e+00
0.00000000e+00
0.00000000e+00
0.00000000e+00
-6.63839826e-01
-5.19485929e-02
-2.19413326e+00
0.00000000e+00
-1.08602484e+00
-1.01453529e+00
-4.33116020e-01
-1.89667833e+00
-1.51914086e+00
0.00000000e+00
0.00000000e+00
0.00000000e+00
-4.70444332e-01
4.48165263e-01
-4.14560263e-01
-3.69761681e-01
2.38691484e+00
7.26764497e-01
-1.67884751e+00
-2.56020630e-01
1.78473168e-01
0.00000000e+00
-4.24282674e-01
-1.22249029e+00
3.23839396e-01
6.16851510e-01
-1.22314007e+00
2.17856563e-01
-1.68753974e-02
-1.23307197e-01
2.35771831e-02
-2.41853234e-01
1.74991052e-01
0.00000000e+00
0.00000000e+00
0.00000000e+00
4.21481809e-01
0.00000000e+00
-2.96218614e-02
3.92037675e-01
2.09702284e-02
-1.70854270e-01
3.63150080e-01
7.27862958e-01
6.03631819e-01
0.00000000e+00
1.30378775e-01
7.52145457e-01
-2.07395626e-02
3.77033661e-02
3.43989006e-01
1.27935539e-01
1.80517961e-01
1.20686809e-01
2.14220537e-01
9.07735907e-02
-5.07499474e-01
-2.00374819e-01
5.91666754e-01
2.96929488e-01
-2.93375855e-02
1.22286355e+00
-6.14057183e-02
-1.36183265e+00
-8.92329429e-02
0.00000000e+00
0.00000000e+00
0.00000000e+00
-1.17821770e-01
0.00000000e+00
1.72070022e-01
-6.83459791e-01
4.97694743e-01
1.26250633e+00
2.09260052e-01
-9.77275391e-01
4.90578457e-01
0.00000000e+00
5.64577309e-02
7.87798983e-02
7.45172627e-01
2.62565937e-02
-4.48192225e-01
-8.13577347e-01
-3.39336507e-01
4.79573241e-01
2.56501436e-02
7.32607569e-01
-3.07124656e-01
1.27502559e+00
3.99719954e-01
-1.80747774e+00
-1.01164139e+00
-8.85650024e-01
-2.78556979e-01
-9.19678772e-01
0.00000000e+00
1.20894418e+00
0.00000000e+00
0.00000000e+00
-1.25991365e-01
3.99118821e-01
0.00000000e+00
0.00000000e+00
-2.91121362e+00
0.00000000e+00
0.00000000e+00
0.00000000e+00
-8.67151475e-01
-6.70233225e-01
-1.53919363e+00
1.32609071e+00
-3.79841175e-01
4.12582126e-01
-4.31215426e-02
2.47137020e+00
-4.03893606e-01
0.00000000e+00
2.28500866e-02
-6.37473859e-01
-1.83907369e+00
-1.32241643e+00
2.27951999e+00
1.83193592e+00
3.41209344e-01
-4.89570387e-01
-1.55399610e+00
-1.85080688e+00
7.04444877e-01
0.00000000e+00
0.00000000e+00
0.00000000e+00
-2.10576324e-02
-3.21896731e-01
4.17066996e-01
1.66257624e-02
3.38743486e-01
-2.05180056e-01
3.20594421e-01
-5.64607732e-01
4.19724184e-02
0.00000000e+00
-4.85454685e-01
-1.01451767e-01
3.18506334e-01
3.52434843e-01
-5.01037099e-01
-7.28290765e-02
-1.53313669e-01
2.32035226e-01
4.44770341e-01
6.48523497e-01
-6.40035864e-01
-1.41943664e-01
0.00000000e+00
-1.70984651e-02
-1.63836985e-02
1.66874200e+00
9.35912313e-02
-1.90427690e+00
-8.01809667e-01
0.00000000e+00
0.00000000e+00
0.00000000e+00
-8.64652545e-02
-1.05519194e-01
-1.30881731e-01
5.23441487e-01
1.68431532e-01
1.20838783e-01
-4.92911752e-01
8.28222013e-01
-4.09310266e-01
0.00000000e+00
4.05394556e-02
-1.95285772e-01
-1.28792770e-01
-1.91030055e-01
4.89639652e-01
1.33274444e-01
2.33876504e-01
-2.62188678e-04
-6.04780065e-01
-9.94834490e-01
-4.98092200e-01
0.00000000e+00
2.69068120e-01
-3.11172593e-01
-2.27117776e+00
-8.72591627e-01
0.00000000e+00
0.00000000e+00
4.43558478e-02
1.92727271e+00
-1.35081416e+00
0.00000000e+00
-1.39858613e+00
0.00000000e+00
0.00000000e+00
0.00000000e+00
247
-6.86545878e-01
-1.93369953e-01
-4.93175925e-01
-2.54364033e-01
6.09940803e-02
0.00000000e+00
0.00000000e+00
0.00000000e+00
0.00000000e+00
0.00000000e+00
0.00000000e+00
0.00000000e+00
0.00000000e+00
0.00000000e+00
0.00000000e+00
0.00000000e+00
0.00000000e+00
0.00000000e+00
0.00000000e+00
0.00000000e+00
0.00000000e+00
0.00000000e+00
0.00000000e+00
0.00000000e+00
0.00000000e+00
0.00000000e+00
0.00000000e+00
0.00000000e+00
0.00000000e+00
0.00000000e+00
0.00000000e+00
0.00000000e+00
0.00000000e+00
0.00000000e+00
0.00000000e+00
0.00000000e+00
0.00000000e+00
0.00000000e+00
0.00000000e+00
0.00000000e+00
0.00000000e+00
1.49120097e-01
-1.15452026e-02
-3.41252960e-01
1.67817406e-03
-3.92290084e-01
5.58890513e-03
-1.02122931e-01
-9.41647100e-03
2.01693985e+00
-7.77093526e-02
-5.49779094e-01
-2.07595533e+00
0.00000000e+00
0.00000000e+00
0.00000000e+00
0.00000000e+00
0.00000000e+00
0.00000000e+00
4.94872559e+00
3.76916392e+00
0.00000000e+00
9.84963178e-01
5.49858270e-01
9.40656192e-01
-1.80292233e-01
-2.14414515e-01
2.21627599e+00
1.57442592e+00
1.71163756e+00
0.00000000e+00
0.00000000e+00
0.00000000e+00
0.00000000e+00
0.00000000e+00
0.00000000e+00
0.00000000e+00
0.00000000e+00
0.00000000e+00
1.14308606e+00
-3.30356602e-01
-1.02407378e+00
-6.77021911e-01
-1.74547585e+00
-1.82186771e+00
6.80175704e+00
6.25175708e+00
6.09028879e+00
6.48814529e+00
6.53687489e+00
7.00259721e+00
0.00000000e+00
7.41092082e-01
2.72337249e-01
4.17937496e-01
9.26638731e-01
1.19791245e+00
0.00000000e+00
0.00000000e+00
0.00000000e+00
0.00000000e+00
0.00000000e+00
0.00000000e+00
1.11048169e+00
0.00000000e+00
0.00000000e+00
0.00000000e+00
-1.79702756e+00
-6.00109345e-01
-2.92059459e+00
0.00000000e+00
-1.77266442e+00
-9.42012465e-01
-7.04110458e-01
-1.70012589e+00
-2.71467688e+00
0.00000000e+00
0.00000000e+00
0.00000000e+00
1.93315909e+00
0.00000000e+00
1.73942873e-01
1.16860314e+00
2.51165024e+00
1.53445927e+00
1.48581280e+00
2.59753960e+00
-5.77471298e-01
0.00000000e+00
3.75942483e-01
0.00000000e+00
0.00000000e+00
2.08372333e+00
1.56866763e+00
1.63232997e+00
-2.00451656e-01
0.00000000e+00
1.66316715e+00
1.11429912e+00
-2.45744853e-01
8.65318944e-01
-1.02336887e-01
2.75339176e-01
7.46907572e-01
-1.05251214e+00
0.00000000e+00
0.00000000e+00
0.00000000e+00
0.00000000e+00
0.00000000e+00
0.00000000e+00
0.00000000e+00
0.00000000e+00
0.00000000e+00
0.00000000e+00
1.05878632e+00
0.00000000e+00
0.00000000e+00
0.00000000e+00
0.00000000e+00
0.00000000e+00
0.00000000e+00
0.00000000e+00
0.00000000e+00
0.00000000e+00
0.00000000e+00
0.00000000e+00
0.00000000e+00
-1.11106380e+00
1.07040307e-02
-9.38980070e-02
-4.30310936e-01
-2.46893203e+00
0.00000000e+00
0.00000000e+00
0.00000000e+00
0.00000000e+00
1.69051332e-01
3.30445953e-02
0.00000000e+00
0.00000000e+00
-2.40423635e+00
0.00000000e+00
0.00000000e+00
0.00000000e+00
1.24592446e+00
0.00000000e+00
2.64670452e-01
1.07096904e+00
0.00000000e+00
2.83845648e+00
1.03400717e-01
2.20222400e+00
0.00000000e+00
0.00000000e+00
-4.86004790e-01
-2.19735416e+00
-2.67414948e+00
2.31222979e+00
1.34906873e+00
6.71172684e-01
2.13942039e+00
0.00000000e+00
-1.65624257e-01
-3.47375737e-01
-7.71351747e-01
-3.64749111e-02
0.00000000e+00
1.00354221e+00
4.23178224e-01
1.84772764e-02
0.00000000e+00
0.00000000e+00
0.00000000e+00
-6.04524915e-01
0.00000000e+00
2.91243129e-01
4.18223369e-01
0.00000000e+00
2.64132026e-01
4.31870686e-01
-7.76631060e-01
0.00000000e+00
0.00000000e+00
4.01075067e-02
8.22504321e-01
9.56517448e-01
2.19142421e-01
-9.04082930e-02
-4.54778804e-01
-7.00423166e-01
0.00000000e+00
2.84449184e-01
4.02606148e-01
-7.34876836e-01
0.00000000e+00
-2.11991060e-01
2.74009391e-01
-1.63288460e+00
-6.67635546e-01
0.00000000e+00
0.00000000e+00
-8.57327557e-01
-9.65249054e-01
0.00000000e+00
0.00000000e+00
0.00000000e+00
4 -999999999 -999999999 0 -1
1 0 0 1 -1
-4.9540e-02 -9.5506e-01
356
-1.11190474e+00
0.00000000e+00
0.00000000e+00
0.00000000e+00
0.00000000e+00
0.00000000e+00
0.00000000e+00
0.00000000e+00
0.00000000e+00
0.00000000e+00
0.00000000e+00
0.00000000e+00
0.00000000e+00
0.00000000e+00
0.00000000e+00
0.00000000e+00
0.00000000e+00
0.00000000e+00
0.00000000e+00
0.00000000e+00
0.00000000e+00
0.00000000e+00
0.00000000e+00
0.00000000e+00
0.00000000e+00
0.00000000e+00
0.00000000e+00
0.00000000e+00
0.00000000e+00
0.00000000e+00
0.00000000e+00
5.85441158e-01
-1.69734590e+00
-3.65046016e+00
-2.26048735e+00
2.86706721e-01
1.27031555e-01
2.35329837e+00
8.78842171e-01
1.88260295e+00
8.32770140e-01
0.00000000e+00
0.00000000e+00
0.00000000e+00
0.00000000e+00
0.00000000e+00
0.00000000e+00
0.00000000e+00
0.00000000e+00
0.00000000e+00
0.00000000e+00
-7.16202990e-01
6.19895805e-01
-2.70308464e+00
0.00000000e+00
0.00000000e+00
0.00000000e+00
0.00000000e+00
-2.60135943e+00
9.65101265e-01
7.16159618e-01
-1.13158053e-01
8.82515948e-01
-9.30195685e-01
-4.54304410e-02
4.45036208e-01
-6.37904398e-02
1.11308204e+00
-1.49299533e-01
-6.15221784e-03
1.12211394e+00
-1.23939745e+00
-1.16285156e-02
1.57382443e+00
2.76792239e-01
-1.05314526e-01
8.73665840e-01
0.00000000e+00
0.00000000e+00
0.00000000e+00
1.33007095e+00
-4.47961569e-01
-1.07835951e+00
-9.15654614e-01
0.00000000e+00
0.00000000e+00
0.00000000e+00
0.00000000e+00
0.00000000e+00
0.00000000e+00
-7.61991436e-01
-1.82595070e-01
-2.68863846e-02
1.71541566e-01
2.49047873e+00
6.48185245e-01
7.08980279e-01
2.03645990e-01
-6.47390775e-01
3.87881791e-02
-5.40688200e-01
-5.99612336e-01
0.00000000e+00
0.00000000e+00
4.94245840e+00
1.93805621e+00
-9.51552981e-01
2.59617431e-01
1.56294636e-02
9.09549228e-01
-7.55319613e-02
-1.96896305e-01
-8.57353904e-01
-9.47619625e-01
-1.56298772e+00
-1.43845401e+00
-8.23959458e-01
0.00000000e+00
0.00000000e+00
0.00000000e+00
0.00000000e+00
0.00000000e+00
0.00000000e+00
0.00000000e+00
5.92718813e-01
-5.04212198e-01
7.03215590e-02
3.53831759e-02
-1.63983402e+00
-1.60433828e+00
8.09303785e+00
7.92505948e+00
8.36403879e+00
8.90877876e+00
8.58718322e+00
8.79798414e+00
8.83650730e-01
2.21978666e-01
-7.84149600e-01
-5.73862654e-01
-6.51098466e-01
4.21819547e-01
0.00000000e+00
-1.38040671e+00
-2.43687978e+00
-2.37354276e+00
0.00000000e+00
-2.56944011e+00
-3.91851252e-02
0.00000000e+00
0.00000000e+00
0.00000000e+00
0.00000000e+00
0.00000000e+00
0.00000000e+00
0.00000000e+00
-1.07271962e+00
-1.68388694e+00
-4.11673796e+00
0.00000000e+00
-7.94735921e-01
-1.49291803e+00
-1.14288926e+00
-1.55704292e+00
-1.93762518e+00
0.00000000e+00
0.00000000e+00
0.00000000e+00
-1.23019393e+00
1.84373832e-01
-2.47662892e+00
-4.75162340e-01
1.27345424e+00
1.04044632e+00
2.84749767e-01
5.99253978e-01
-6.23578027e-01
0.00000000e+00
6.91669180e-01
-1.78996164e+00
-1.67771055e+00
9.95456266e-01
-2.93973168e-01
1.22914477e+00
1.55034198e-01
-1.43956912e+00
9.29168251e-01
6.86401720e-01
2.31612380e-02
0.00000000e+00
0.00000000e+00
0.00000000e+00
3.99662698e-01
0.00000000e+00
5.60087739e-02
-1.82921786e-01
0.00000000e+00
0.00000000e+00
-9.36574407e-01
-8.89269163e-02
0.00000000e+00
0.00000000e+00
-5.19927670e-02
0.00000000e+00
8.58667216e-01
7.96628300e-01
-1.96103512e-02
3.31821533e-02
5.69800836e-01
0.00000000e+00
0.00000000e+00
-1.83963231e-01
-8.59878288e-01
-4.05132415e-01
-6.14681719e-01
2.09549304e-01
0.00000000e+00
9.24606870e-02
-1.66875362e+00
0.00000000e+00
-9.80609231e-03
0.00000000e+00
0.00000000e+00
0.00000000e+00
4.96488493e-01
0.00000000e+00
-1.40746617e+00
-1.10411007e+00
0.00000000e+00
0.00000000e+00
1.08622804e+00
-2.28961285e-01
0.00000000e+00
0.00000000e+00
-2.75807054e-01
0.00000000e+00
7.00333490e-01
9.16783984e-01
-1.27526618e+00
-4.57869644e-01
1.51448380e-01
0.00000000e+00
0.00000000e+00
4.51243405e-01
-4.54745872e-01
-4.09073714e-01
-4.56721580e-02
0.00000000e+00
-1.07774689e+00
0.00000000e+00
0.00000000e+00
0.00000000e+00
0.00000000e+00
0.00000000e+00
0.00000000e+00
0.00000000e+00
-6.88143383e-01
-6.88143383e-01
0.00000000e+00
0.00000000e+00
-3.04996096e+00
0.00000000e+00
0.00000000e+00
0.00000000e+00
-1.45979082e+00
-1.28475857e+00
-1.03562177e+00
6.67549370e-01
1.48482816e+00
6.19017339e-01
8.20007869e-01
1.19096178e+00
-1.33247424e+00
0.00000000e+00
-4.92023736e-01
1.36526129e-01
-1.09873404e+00
1.66022162e-02
9.40421621e-01
1.87824570e-01
-9.21101639e-01
-8.95033697e-01
-7.52233285e-01
1.58071790e-01
-5.51483278e-01
0.00000000e+00
0.00000000e+00
0.00000000e+00
7.36969381e-01
0.00000000e+00
7.59531966e-01
1.81650791e-02
-4.82946335e-02
3.19089714e-01
4.12231840e-01
-7.16632256e-02
3.43811349e-01
0.00000000e+00
4.07403630e-01
0.00000000e+00
3.20049843e-01
4.28978219e-01
-3.47365451e-01
3.61825171e-01
8.08413055e-01
1.25326283e+00
5.83483398e-01
5.45332039e-01
-1.24208361e+00
-4.83698320e-01
0.00000000e+00
1.36915005e-01
1.52103751e-01
8.65393500e-01
-1.63823204e+00
2.89140216e-01
-3.50830778e-01
0.00000000e+00
0.00000000e+00
0.00000000e+00
-2.92668152e-01
0.00000000e+00
3.46306535e-01
1.15416198e+00
1.44794199e+00
8.66089335e-01
4.98933809e-01
5.06493687e-01
-1.18889822e-01
0.00000000e+00
-8.89232510e-01
0.00000000e+00
-9.00779734e-01
-8.62688873e-01
7.26500426e-01
2.71792561e-01
-6.07004759e-01
-2.13733379e+00
-3.38406006e-01
-5.96262567e-01
-7.58385292e-01
0.00000000e+00
5.65845757e-01
7.65231230e-02
-1.80787734e+00
-1.00921971e+00
0.00000000e+00
0.00000000e+00
1.33144140e+00
2.76587374e-01
0.00000000e+00
0.00000000e+00
-7.98657631e-01
0.00000000e+00
2.17342053e+00
-3.85469826e-01
247
-9.20729797e-01
0.00000000e+00
0.00000000e+00
0.00000000e+00
0.00000000e+00
0.00000000e+00
0.00000000e+00
0.00000000e+00
0.00000000e+00
0.00000000e+00
0.00000000e+00
0.00000000e+00
0.00000000e+00
0.00000000e+00
0.00000000e+00
0.00000000e+00
0.00000000e+00
0.00000000e+00
0.00000000e+00
0.00000000e+00
0.00000000e+00
0.00000000e+00
0.00000000e+00
0.00000000e+00
0.00000000e+00
0.00000000e+00
0.00000000e+00
-1.24327679e+00
3.22546995e-01
-1.94498097e+00
7.01704181e-01
-2.22755822e+00
1.99341974e+00
1.27551522e-01
0.00000000e+00
0.00000000e+00
0.00000000e+00
0.00000000e+00
0.00000000e+00
0.00000000e+00
0.00000000e+00
-9.00212400e-01
2.12061287e-02
-3.27011826e-01
-7.05015661e-03
3.06494429e-01
-2.50420573e-02
0.00000000e+00
0.00000000e+00
-1.24457775e+00
-5.99218208e-01
-1.51972003e-02
-3.57059383e-03
0.00000000e+00
0.00000000e+00
0.00000000e+00
0.00000000e+00
0.00000000e+00
0.00000000e+00
6.30706235e+00
3.92338058e+00
-1.63705010e-01
7.41007605e-02
4.00955231e-01
3.85867831e-01
4.22975730e-01
-1.01475200e+00
-5.92881279e-01
-1.99931866e-01
-6.30260376e-01
-1.38873622e+00
-1.46426298e+00
-3.05716196e+00
0.00000000e+00
0.00000000e+00
0.00000000e+00
0.00000000e+00
0.00000000e+00
0.00000000e+00
3.63860316e-01
-6.21419638e-01
-3.37283069e-01
-3.99684859e-01
-1.88002172e+00
-1.96956141e+00
1.07202271e+01
1.11801815e+01
1.11397972e+01
1.12500610e+01
1.19106062e+01
1.13298810e+01
0.00000000e+00
-5.63342239e-01
-8.09736710e-01
-9.70506570e-01
1.83918744e-01
-4.04721788e-01
-2.18855321e-01
-6.22282053e-01
-1.29332202e+00
-7.01827809e-01
-6.24336123e-01
-9.72294547e-01
1.05442540e-01
0.00000000e+00
0.00000000e+00
0.00000000e+00
-1.02617234e+00
1.15206258e+00
-4.45155357e+00
0.00000000e+00
-1.07414485e+00
-1.70209373e+00
-1.66784114e+00
-1.95756237e+00
-2.77623858e+00
0.00000000e+00
0.00000000e+00
0.00000000e+00
2.19273722e+00
2.19860168e+00
2.43918259e+00
3.05466644e+00
3.73413943e+00
3.20302779e+00
2.25516395e+00
4.43312352e+00
0.00000000e+00
0.00000000e+00
2.13392016e+00
1.60124007e+00
9.74456438e-01
-3.31043012e+00
2.56319508e+00
2.85999197e+00
3.18348995e+00
0.00000000e+00
0.00000000e+00
1.49603398e+00
-1.77958409e+00
-9.77485204e-01
-9.80102252e-01
2.61704813e-03
0.00000000e+00
-4.32294431e-01
0.00000000e+00
0.00000000e+00
0.00000000e+00
9.77095477e-01
1.75643905e+00
7.54918853e-01
7.95655385e-01
0.00000000e+00
6.67364704e-01
0.00000000e+00
4.54994416e-01
0.00000000e+00
0.00000000e+00
9.52501134e-01
1.36125645e+00
0.00000000e+00
4.06969792e+00
7.46056687e-01
9.74752145e-01
7.23984516e-01
0.00000000e+00
0.00000000e+00
8.34426558e-01
-8.02098890e-01
-8.14947382e-01
1.28484922e-02
0.00000000e+00
-9.96654484e-01
-9.66596468e-02
-9.66596468e-02
0.00000000e+00
0.00000000e+00
-8.99994838e-01
-8.99994838e-01
0.00000000e+00
0.00000000e+00
-3.62540351e+00
0.00000000e+00
0.00000000e+00
0.00000000e+00
7.28106123e-02
0.00000000e+00
8.18227101e-01
1.79432080e+00
2.07675953e+00
1.82328192e+00
1.60192115e+00
1.74075544e+00
-8.27997276e-01
0.00000000e+00
3.53550580e-01
-4.86739815e-02
2.86274972e-01
4.65167440e-01
-8.55958690e-01
1.69445322e+00
9.42455028e-01
1.01235608e+00
2.22614066e-01
1.12599881e+00
-1.37052952e+00
-4.81521095e-01
0.00000000e+00
1.55662417e-02
1.83612880e-01
-2.47127547e-01
0.00000000e+00
0.00000000e+00
0.00000000e+00
6.66461966e-01
0.00000000e+00
1.46114453e-01
-4.35701251e-01
3.84336527e-01
1.36033291e-01
9.98017087e-01
6.27982121e-02
6.59412956e-01
0.00000000e+00
1.21061300e+00
0.00000000e+00
1.98857237e-01
8.46478446e-01
4.18821999e-01
1.53886261e-01
7.77396668e-01
1.13027603e+00
1.20704272e+00
1.36705673e+00
-8.89008429e-01
0.00000000e+00
8.20023472e-01
4.51305183e-01
-2.25487399e+00
-1.18632005e+00
0.00000000e+00
0.00000000e+00
2.30994539e+00
-1.06855394e+00
0.00000000e+00
0.00000000e+00
3.43485883e-01
1 -999999999 6 0 4
1 0 2 1 1
-4.3404e-02 -9.6496e-01
356
-3.17518125e-01
0.00000000e+00
0.00000000e+00
0.00000000e+00
0.00000000e+00
0.00000000e+00
0.00000000e+00
0.00000000e+00
0.00000000e+00
0.00000000e+00
0.00000000e+00
0.00000000e+00
0.00000000e+00
0.00000000e+00
0.00000000e+00
0.00000000e+00
-3.97901721e-01
0.00000000e+00
7.94324702e-01
-2.20120015e+00
-4.61896432e-01
1.28693251e-01
0.00000000e+00
0.00000000e+00
-2.90532197e-02
-7.70304585e-02
0.00000000e+00
0.00000000e+00
6.21183255e-01
2.10378433e-01
-3.72369856e-02
1.17538192e+00
-1.49290005e+00
-3.49462894e+00
-1.06703161e+00
2.96898884e-01
-1.57737301e-01
2.35689441e+00
1.17126014e+00
2.31311645e+00
1.12553323e+00
-4.73318009e-02
-2.70186324e-01
1.26477072e-02
-7.06484646e-01
1.72076011e-01
-1.42268711e-01
-4.48425008e-02
2.48846155e-01
-1.51370074e-02
1.44308501e-01
-7.43332809e-01
1.24896282e-01
-2.88167418e+00
0.00000000e+00
0.00000000e+00
0.00000000e+00
0.00000000e+00
-6.68536597e-01
-2.33863058e-01
-2.64921493e-01
3.68086038e-01
2.56961557e-01
2.67671603e-01
2.17892344e-01
-2.42449262e-03
1.41086065e-01
2.69669095e-01
1.58928865e+00
-7.45122760e-04
1.93336794e-01
-1.20523571e+00
-2.74859556e-03
1.20474047e+00
-6.15794537e-01
-2.20055178e-02
9.66818777e-01
0.00000000e+00
0.00000000e+00
0.00000000e+00
8.78456265e-01
7.40866211e-02
-4.78562893e-01
-7.91498117e-01
0.00000000e+00
0.00000000e+00
0.00000000e+00
0.00000000e+00
0.00000000e+00
0.00000000e+00
4.42010006e-01
1.73419188e-01
-1.00463917e+00
-3.96246744e-01
-1.52683611e+00
-8.80484225e-02
-6.16292586e-01
-7.08936243e-02
1.28299798e-01
-4.48675801e-02
-6.36215829e-02
-1.72831557e-01
0.00000000e+00
0.00000000e+00
4.71386670e+00
2.52288716e+00
-2.78076479e-01
6.73265239e-01
7.18104629e-01
3.19982777e-01
-3.36226532e-01
-1.09558819e+00
3.79233256e-02
-3.64160803e-01
-1.16808402e+00
-4.14570754e-01
-1.91335179e+00
-1.21060222e+00
0.00000000e+00
0.00000000e+00
0.00000000e+00
0.00000000e+00
0.00000000e+00
0.00000000e+00
1.14969090e+00
-1.86177379e-01
4.20399843e-01
-2.48416278e-01
-1.32844006e+00
-2.64746231e+00
6.95659256e+00
6.95468922e+00
7.45680746e+00
7.21274406e+00
7.60783108e+00
7.80948741e+00
1.71525898e+00
6.14441743e-01
-1.22251347e-01
1.38337103e-01
3.01185861e-01
2.90442848e-01
4.15124424e-01
5.13333414e-01
-7.50059118e-01
6.31935887e-02
-6.25799237e-01
-2.21546263e-01
1.46144057e-03
0.00000000e+00
0.00000000e+00
0.00000000e+00
0.00000000e+00
0.00000000e+00
0.00000000e+00
0.00000000e+00
-3.18979565e-01
-5.20993412e-01
-3.21435509e+00
0.00000000e+00
-1.27743455e+00
-1.47923709e+00
-5.39595182e-01
-1.36116819e+00
-1.81702974e+00
0.00000000e+00
0.00000000e+00
0.00000000e+00
-1.24578898e+00
5.83564349e-02
-6.11131086e-01
4.22516762e-01
3.12715645e+00
-5.70602907e-01
-1.72359223e+00
9.90847799e-01
-2.57721216e-01
0.00000000e+00
-7.24746358e-01
-3.76602417e-01
-9.30804876e-01
7.70552825e-01
-7.58304766e-02
1.62931369e-01
-4.23819150e-01
-1.58365892e+00
1.00628690e+00
1.68620333e-01
-1.10262894e-01
0.00000000e+00
0.00000000e+00
0.00000000e+00
1.41919240e-01
0.00000000e+00
7.78661914e-03
1.53996038e-01
0.00000000e+00
3.25970917e-01
5.83206355e-01
1.62823555e-01
-1.14887630e-01
0.00000000e+00
-1.21771611e-01
3.55560100e-01
-4.94452771e-01
-3.37415856e-01
2.35480194e-01
1.70262057e-01
6.52934398e-01
0.00000000e+00
0.00000000e+00
-2.07300748e-01
-5.49085142e-01
1.56425031e-02
-4.42863403e-01
4.58505906e-01
0.00000000e+00
1.05494367e+00
-6.92268320e-01
-3.47032842e-01
-1.56888984e-01
0.00000000e+00
0.00000000e+00
0.00000000e+00
-1.34053521e-01
0.00000000e+00
2.02194655e-01
-3.53284313e-01
0.00000000e+00
4.29982827e-01
1.66334584e-01
9.79985383e-02
5.24868525e-01
0.00000000e+00
2.87298537e-01
-2.58036975e-01
-1.30929851e-01
7.71888219e-01
-4.14414006e-01
-6.14688230e-01
-4.18342599e-01
0.00000000e+00
0.00000000e+00
1.32014820e-01
-5.64727645e-01
1.61355535e-01
-7.26083180e-01
0.00000000e+00
-1.26794460e+00
0.00000000e+00
0.00000000e+00
0.00000000e+00
0.00000000e+00
0.00000000e+00
0.00000000e+00
0.00000000e+00
2.51324625e-02
2.51324625e-02
0.00000000e+00
0.00000000e+00
-2.84040528e+00
0.00000000e+00
0.00000000e+00
0.00000000e+00
-3.20931098e-01
0.00000000e+00
-3.15204098e-01
2.26485853e-02
7.91001002e-01
4.12290726e-01
1.13507713e+00
1.01995436e+00
-1.43142233e+00
0.00000000e+00
-2.54583903e-01
-1.27391630e+00
-2.44764118e-01
1.73544201e-01
1.16995151e-01
1.08277026e+00
-2.02330625e-01
-8.81420010e-01
1.22345931e-01
6.77685513e-01
-2.99750129e-01
0.00000000e+00
0.00000000e+00
0.00000000e+00
-5.88124493e-02
0.00000000e+00
4.13414894e-01
6.11132092e-01
5.33495793e-01
5.53992701e-01
3.22220579e-01
1.92964737e-01
3.27723474e-01
0.00000000e+00
1.81251554e-01
2.36884915e-01
4.75551101e-01
3.48703907e-01
2.66410176e-02
8.05980474e-02
3.00502148e-01
9.99692038e-01
6.91386923e-01
3.04406153e-01
-9.89873303e-01
-6.59366680e-01
0.00000000e+00
3.13737670e-01
-3.03588605e-01
1.13688905e+00
-9.37551174e-01
-8.58704553e-01
-4.71267089e-01
0.00000000e+00
0.00000000e+00
0.00000000e+00
9.80542658e-01
0.00000000e+00
-3.07832500e-01
2.44409951e-01
8.58895440e-02
-1.71444270e-01
-5.43397109e-02
-5.56962803e-01
-6.02041337e-01
0.00000000e+00
1.99734196e-01
1.08901427e+00
1.03154602e-01
-3.89301021e-01
7.54242472e-01
4.84144662e-01
3.64464435e-01
-1.00963799e+00
-5.43480313e-01
2.52129325e-01
-3.30506623e-01
0.00000000e+00
-1.04117294e+00
-3.08840952e-01
-1.85053198e+00
-8.19870412e-01
0.00000000e+00
0.00000000e+00
-8.03926670e-01
3.66995447e-02
-1.55926993e+00
7.02699978e-01
-1.03066157e+00
0.00000000e+00
0.00000000e+00
-9.12906729e-01
247
-3.02351226e-01
0.00000000e+00
0.00000000e+00
0.00000000e+00
0.00000000e+00
0.00000000e+00
0.00000000e+00
0.00000000e+00
0.00000000e+00
0.00000000e+00
0.00000000e+00
0.00000000e+00
0.00000000e+00
0.00000000e+00
-4.10075711e-01
0.00000000e+00
3.13809879e-01
-7.23885590e-01
-2.54923390e-01
0.00000000e+00
0.00000000e+00
0.00000000e+00
0.00000000e+00
8.40361837e-01
3.49821517e-01
0.00000000e+00
0.00000000e+00
3.65244138e-01
-6.67595363e-01
3.07747095e+00
-2.71222681e+00
-7.47083162e-01
6.58592138e-01
-6.99393955e-01
-2.57845675e-01
-4.45055503e-02
1.59862242e-01
-4.17707917e-01
0.00000000e+00
5.22577910e-01
-7.42348057e-02
5.29396095e-01
6.60828818e-03
2.32711842e-01
-8.40865000e-03
-9.86712250e-01
-4.73276891e-03
0.00000000e+00
0.00000000e+00
3.92946670e-01
-9.81128398e-01
-3.18462363e-01
3.75623012e-01
0.00000000e+00
0.00000000e+00
0.00000000e+00
0.00000000e+00
0.00000000e+00
0.00000000e+00
6.46226494e+00
3.14854716e+00
8.28528899e-01
-5.73241252e-03
4.88306336e-01
3.19360959e-01
5.03812540e-02
-2.96781936e-01
-1.28931609e-01
3.28833157e-01
-7.97434111e-02
6.42345423e-01
0.00000000e+00
0.00000000e+00
0.00000000e+00
0.00000000e+00
0.00000000e+00
0.00000000e+00
0.00000000e+00
0.00000000e+00
2.74111613e-01
-7.91056805e-01
-5.12024088e-01
6.26401324e-01
-4.61351260e-01
-2.58697917e+00
9.18812130e+00
9.20447117e+00
9.70114660e+00
9.86025409e+00
1.00757838e+01
9.24121728e+00
0.00000000e+00
3.86426167e-01
-6.76432524e-01
-3.47451666e-01
9.23684191e-01
-4.14531912e-01
1.66308112e+00
-5.16520736e-01
-4.87780140e-01
-1.25104368e+00
-2.28444003e-01
1.26720203e+00
1.38406310e+00
0.00000000e+00
0.00000000e+00
0.00000000e+00
-1.68641433e+00
-1.16597804e+00
-3.84200271e+00
0.00000000e+00
-1.48314515e+00
-1.43946831e+00
-2.25275928e+00
-1.19813910e+00
-2.92261346e+00
0.00000000e+00
0.00000000e+00
0.00000000e+00
-3.53506319e-01
-6.13620335e-01
-9.68169520e-02
1.31529573e+00
2.73848076e-01
5.28261025e-01
8.60635205e-03
1.32915380e+00
-2.24300616e+00
0.00000000e+00
7.33416197e-01
1.19370999e+00
-2.38349331e+00
-9.73074756e-01
4.41739369e-01
3.68628785e-01
8.05110453e-01
-2.12558547e+00
-9.47293798e-01
-1.83986129e-01
-2.22563731e-01
4.03502915e-01
-1.63686223e-01
5.67189138e-01
0.00000000e+00
6.18371436e-02
0.00000000e+00
0.00000000e+00
0.00000000e+00
7.17591826e-01
0.00000000e+00
3.89964523e-01
8.19361518e-02
0.00000000e+00
2.40546012e-01
7.75626779e-01
2.40590096e-01
0.00000000e+00
0.00000000e+00
6.29755709e-01
0.00000000e+00
8.17934455e-01
9.13815976e-01
4.80682666e-01
8.86428745e-01
2.57182177e-01
0.00000000e+00
0.00000000e+00
3.75187354e-01
-6.26066645e-01
-7.86223788e-03
-6.18204408e-01
0.00000000e+00
-2.70004972e+00
0.00000000e+00
0.00000000e+00
0.00000000e+00
0.00000000e+00
-8.13401662e-01
-8.13401662e-01
0.00000000e+00
0.00000000e+00
-3.45089838e+00
0.00000000e+00
0.00000000e+00
0.00000000e+00
1.52207308e-01
-5.37493049e-03
-5.89226635e-01
9.88585525e-01
3.78421591e-01
-1.26878058e-01
6.80026341e-01
1.26609887e+00
-2.91274861e+00
0.00000000e+00
-3.99621268e-01
-2.23496319e-02
-2.07589420e+00
1.77005652e-01
6.00208501e-01
1.26637552e+00
-4.66162594e-02
-1.67969027e+00
-5.40446930e-01
-5.60980892e-01
-1.40225422e+00
-1.54857218e+00
0.00000000e+00
1.10935490e+00
2.02677417e-01
9.41166920e-01
0.00000000e+00
0.00000000e+00
0.00000000e+00
-3.59381285e-01
8.36835079e-02
7.40072540e-02
-1.76252118e-01
-2.40935571e-01
5.52004191e-01
-3.01513489e-02
-3.37587821e-01
6.08840757e-01
0.00000000e+00
1.36746700e-01
-1.49066487e-01
2.11139925e-01
2.89742578e-01
2.47643747e-01
-5.29067980e-01
-4.20103676e-02
2.67800064e-01
5.24374543e-02
2.81573718e-01
1.46317961e-01
0.00000000e+00
-2.73358639e+00
-7.52362835e-01
-2.04864417e+00
-7.04187103e-01
0.00000000e+00
0.00000000e+00
-1.89503828e+00
-1.34445706e+00
0.00000000e+00
0.00000000e+00
-7.07333279e-01
2 1
-3.1141e-01 -3.1837e-01
3 0
0 4 1 
217
-1.41448147e-01
-8.80023146e-01
8.81768145e-01
-4.94276827e-01
-2.22842577e-01
-1.43826231e-01
-2.79704778e-01
4.45744136e-01
7.04520249e-02
7.99662615e-01
2.04068398e-01
-1.34579197e-01
8.65787854e-02
-8.94025893e-01
2.11823812e-01
-5.79839514e-03
4.03436193e-01
-1.22275195e-01
-1.16744910e-02
4.68286869e-01
1.10530053e-01
-5.64815428e-04
3.73527813e-02
-3.41526817e-01
1.03628855e-02
-1.63808068e-02
6.09634207e-01
-6.01033438e-01
-2.55432853e-01
1.05383938e-01
0.00000000e+00
0.00000000e+00
0.00000000e+00
0.00000000e+00
0.00000000e+00
0.00000000e+00
-7.72916549e-02
-1.15057097e-01
-2.44361334e-01
2.95261939e-01
0.00000000e+00
0.00000000e+00
0.00000000e+00
0.00000000e+00
-7.72916549e-02
1.58446161e-01
-2.06438675e-01
1.29315389e-01
-6.70645831e-02
5.20964759e-01
-8.94641482e-01
2.95261939e-01
0.00000000e+00
0.00000000e+00
0.00000000e+00
0.00000000e+00
0.00000000e+00
0.00000000e+00
0.00000000e+00
0.00000000e+00
9.45542088e-01
-1.16814474e+00
1.58446161e-01
-9.30060241e-01
-3.15376155e-01
-1.27660230e+00
1.25489202e+00
5.41743545e-01
-1.50903768e-01
4.82967745e-01
9.15331559e-01
-3.80276876e-01
-1.48599866e+00
-4.03694023e-01
6.70351065e-01
-2.72808807e-01
4.26215023e-01
8.05638932e-02
-7.65326732e-02
9.41075368e-02
-2.46469473e-01
8.33844704e-02
1.00990106e-01
7.81461836e-01
0.00000000e+00
0.00000000e+00
0.00000000e+00
0.00000000e+00
0.00000000e+00
0.00000000e+00
0.00000000e+00
0.00000000e+00
0.00000000e+00
0.00000000e+00
0.00000000e+00
0.00000000e+00
0.00000000e+00
0.00000000e+00
0.00000000e+00
0.00000000e+00
0.00000000e+00
0.00000000e+00
0.00000000e+00
0.00000000e+00
0.00000000e+00
0.00000000e+00
0.00000000e+00
0.00000000e+00
0.00000000e+00
0.00000000e+00
0.00000000e+00
0.00000000e+00
0.00000000e+00
0.00000000e+00
0.00000000e+00
0.00000000e+00
0.00000000e+00
0.00000000e+00
0.00000000e+00
-6.33484018e-01
-2.58608822e+00
-1.85480411e+00
0.00000000e+00
0.00000000e+00
0.00000000e+00
8.08485820e-02
-9.77101357e-01
9.26857995e-02
5.30769243e-01
6.79172669e-01
1.06022193e+00
-1.00415517e+00
3.31246087e-01
7.87941172e-01
0.00000000e+00
5.22920065e-01
-1.44898339e-01
-3.82911509e-01
-4.05461841e-01
-3.34277452e-01
-5.64767766e-01
3.07666760e-01
-2.25452976e+00
6.14548358e-02
-2.41628058e-01
2.61568743e-01
0.00000000e+00
0.00000000e+00
0.00000000e+00
3.93532731e-02
-2.12339238e-01
-1.33971162e-01
-2.64503567e-01
1.73520506e-01
-3.55129521e-01
1.81878942e-01
1.89292485e-02
-3.05828987e-01
0.00000000e+00
-2.35362245e-01
1.43349580e-01
-1.95811750e-01
4.25159485e-01
-1.29661418e-02
4.91102745e-01
-2.50105704e-02
4.36551892e-01
-1.71715786e-01
2.64362039e-01
-3.73400034e+00
0.00000000e+00
0.00000000e+00
0.00000000e+00
-8.27725483e-01
-2.01191704e-03
-9.59240496e-01
8.52964233e-01
-1.77004349e-03
-1.08495119e+00
5.17170497e-01
8.40703811e-01
-2.67452115e-01
0.00000000e+00
1.15842702e+00
-3.96623975e-01
-1.66105134e-01
9.11341127e-01
-1.45313360e+00
9.44103541e-01
-7.08790002e-01
-3.53413413e-01
1.02490775e+00
1.18724251e+00
-2.97399262e-01
0.00000000e+00
0.00000000e+00
0.00000000e+00
9.65597986e-01
-6.74682542e-03
7.19863301e-01
5.67465703e-01
6.03888204e-01
1.71762497e+00
7.37923593e-01
3.02678208e-01
5.20375702e-01
0.00000000e+00
6.99568403e-02
3.50092523e-01
-1.50805980e-01
1.00624359e-01
1.11446265e+00
5.90143596e-01
1.21759876e+00
-6.16821035e-01
2.30070667e-01
1.36867313e-01
136
1.88207677e+00
1.40910918e+00
-1.41216893e-02
3.88140567e-01
-3.38680853e-03
-1.42922932e-01
4.91242121e-03
2.27749962e-01
5.83498118e-03
1.86902847e+00
3.38261076e-01
-1.42518146e-01
-2.06619005e-01
0.00000000e+00
0.00000000e+00
0.00000000e+00
0.00000000e+00
0.00000000e+00
0.00000000e+00
0.00000000e+00
-8.41310476e-02
9.67227050e-01
9.98980770e-01
0.00000000e+00
0.00000000e+00
0.00000000e+00
0.00000000e+00
0.00000000e+00
2.99749997e-01
-3.07632472e-01
1.27425801e+00
-7.62485716e-02
1.70502988e+00
-2.01206084e+00
9.98980770e-01
0.00000000e+00
0.00000000e+00
0.00000000e+00
0.00000000e+00
0.00000000e+00
0.00000000e+00
0.00000000e+00
0.00000000e+00
0.00000000e+00
0.00000000e+00
0.00000000e+00
-1.89014563e+00
-5.05796254e-01
8.11934215e-01
-4.35565817e-01
-2.01982992e+00
1.24262005e+00
6.85911256e-01
4.00843593e-01
3.04667929e-01
-2.52128397e+00
1.32404603e+00
-5.76704962e-02
4.02272564e-01
7.30793074e-02
-1.14675015e+00
-2.39594188e+00
2.99749997e-01
0.00000000e+00
0.00000000e+00
0.00000000e+00
0.00000000e+00
0.00000000e+00
0.00000000e+00
0.00000000e+00
0.00000000e+00
0.00000000e+00
0.00000000e+00
0.00000000e+00
0.00000000e+00
0.00000000e+00
0.00000000e+00
0.00000000e+00
0.00000000e+00
0.00000000e+00
0.00000000e+00
0.00000000e+00
0.00000000e+00
0.00000000e+00
0.00000000e+00
0.00000000e+00
2.49992100e-01
-1.75658552e+00
-1.80842993e+00
0.00000000e+00
0.00000000e+00
0.00000000e+00
4.29462931e-02
-1.78099728e+00
-1.95383615e-01
7.02276080e-01
5.10884762e-01
1.02035636e+00
9.49272926e-01
1.37551856e+00
-4.85425083e-01
0.00000000e+00
7.07997669e-01
-1.48919596e+00
-1.06160393e+00
1.99248963e-01
-3.50391089e-01
7.59972077e-01
-4.64247856e-01
-2.28185521e+00
2.88481529e-01
-2.56285133e-01
-2.93221732e+00
0.00000000e+00
0.00000000e+00
0.00000000e+00
5.26439610e-02
-3.45571649e+00
-1.91117241e-03
3.40796395e-01
-2.35114142e-01
9.30997668e-01
5.65960747e-02
4.35868470e-01
-6.92665104e-01
0.00000000e+00
6.16217138e-01
-5.23827924e-01
-7.43985378e-01
4.22960183e-01
-3.60731538e-01
4.50458465e-01
2.69446205e-03
-1.11774179e+00
4.26918428e-01
4.63324972e-01
5 1
-5.6659e-01 -2.1052e-01
4 0
0 4 1 2 
217
2.35415083e-01
-1.13234754e+00
5.62744820e-01
1.48871662e-01
1.14558746e-01
-5.75039421e-01
-5.29746139e-01
1.46944072e+00
6.36261650e-01
3.83672953e-02
1.44063400e-01
5.18850534e-01
-1.29722573e-01
-5.22730842e-01
3.16737766e-01
1.11457468e-03
3.98750527e-01
8.98941032e-01
-1.88459293e-02
3.34194470e-01
-4.19064185e-01
-4.31684426e-03
4.36841644e-01
-5.61199530e-01
-4.54874658e-03
4.15178718e-01
9.37329259e-01
-1.14920020e-01
-2.03106337e-01
-3.83887818e-01
0.00000000e+00
0.00000000e+00
0.00000000e+00
0.00000000e+00
0.00000000e+00
0.00000000e+00
0.00000000e+00
-1.58268277e-01
-1.11530600e-01
-2.53114080e-02
5.30525368e-01
0.00000000e+00
0.00000000e+00
0.00000000e+00
0.00000000e+00
-4.73965783e-01
3.79722349e-01
1.72112624e-02
-3.77059211e-01
6.75770885e-01
-3.88972181e-01
4.19428745e-01
0.00000000e+00
1.57060810e-01
-5.48479270e-01
7.40814258e-01
-2.41221067e-02
3.87060495e-01
-1.57261491e+00
5.30525368e-01
6.25594731e-01
-3.86309043e-01
-3.87060472e-03
-1.17580401e+00
-1.04268695e+00
-1.86105672e+00
1.95306854e+00
7.38545537e-01
5.00837501e-01
9.19467376e-01
1.05195499e+00
-3.94175531e-01
-2.08457410e+00
-1.27338934e-01
2.07207393e-01
-2.95025441e-01
8.88253683e-01
3.41852338e-01
2.43545657e-01
-3.13005436e-01
-7.59811893e-03
2.24782157e-02
-3.42384793e-01
3.75042098e-01
0.00000000e+00
2.52136068e-01
2.45028043e-01
1.05710059e-01
-2.91494958e-01
-1.22431043e-01
-6.67437675e-01
0.00000000e+00
0.00000000e+00
0.00000000e+00
0.00000000e+00
0.00000000e+00
0.00000000e+00
0.00000000e+00
0.00000000e+00
0.00000000e+00
0.00000000e+00
0.00000000e+00
0.00000000e+00
0.00000000e+00
0.00000000e+00
0.00000000e+00
0.00000000e+00
0.00000000e+00
0.00000000e+00
0.00000000e+00
0.00000000e+00
0.00000000e+00
0.00000000e+00
0.00000000e+00
0.00000000e+00
0.00000000e+00
0.00000000e+00
0.00000000e+00
0.00000000e+00
-1.26565418e+00
-3.11985902e+00
-1.41489995e+00
0.00000000e+00
0.00000000e+00
0.00000000e+00
-1.90919940e-01
-8.02758237e-01
6.42819966e-01
-5.45326563e-01
1.77429752e+00
6.17870942e-01
-1.43212690e+00
1.32563988e+00
9.80605012e-01
0.00000000e+00
-1.65925906e-01
-1.01425210e+00
-9.10895728e-01
-5.83442779e-01
1.96151560e+00
-3.06985618e-01
-1.91216257e-01
-2.20892388e+00
1.48373899e-01
-5.13248862e-01
5.95248755e-02
0.00000000e+00
0.00000000e+00
0.00000000e+00
1.28021167e-01
-2.51988805e-01
-4.85195063e-01
3.57051334e-01
-1.63429690e-01
-3.30105587e-01
5.43559593e-01
-6.62244293e-01
-4.13034599e-01
0.00000000e+00
1.50473083e-01
4.77090323e-01
-1.24241895e-01
6.51860943e-01
-7.71350582e-01
3.84303553e-01
-2.90672948e-02
4.45813811e-01
-1.22728443e-01
2.74737321e-01
-3.13646704e+00
0.00000000e+00
0.00000000e+00
0.00000000e+00
-1.26350000e+00
-2.26870752e+00
-1.45879921e+00
9.15691378e-01
6.54285626e-01
-7.88451759e-01
8.04037811e-01
1.37838661e+00
-1.24502890e+00
0.00000000e+00
-3.95695174e-01
-2.62100039e-01
-7.41306152e-01
7.94681775e-01
-2.01441983e+00
2.38920800e+00
5.80337331e-01
-2.26613656e+00
1.55372641e+00
4.97323155e-01
-2.06294664e-01
0.00000000e+00
0.00000000e+00
0.00000000e+00
5.39123603e-01
-1.06151020e+00
8.98941978e-01
8.80023686e-02
-1.41700150e-01
1.19045516e+00
-3.23585114e-02
-5.76062852e-01
-8.74852314e-02
0.00000000e+00
-6.47376789e-02
-2.17210260e-01
-2.55477618e-01
-3.94345992e-01
5.90430178e-01
-7.55335193e-01
-8.97068713e-02
8.02964603e-01
-6.31208799e-01
-9.07320072e-03
136
1.10591730e+00
1.89807116e+00
-4.46692895e-02
2.88217888e-02
-3.83309490e-03
-5.15554954e-01
4.86180081e-03
-3.05420689e-01
5.72991257e-03
1.44004100e+00
6.38380879e-02
-2.86785143e-01
-1.23473813e-01
0.00000000e+00
0.00000000e+00
0.00000000e+00
0.00000000e+00
0.00000000e+00
0.00000000e+00
0.00000000e+00
-1.96363455e-01
9.93248363e-02
7.77083004e-01
4.25872918e-01
0.00000000e+00
0.00000000e+00
0.00000000e+00
0.00000000e+00
-1.25800388e+00
3.29609682e-01
1.25147278e+00
5.72525823e-01
1.83828894e+00
-1.56099873e+00
-9.85610803e-02
1.59504915e-01
-8.02383216e-01
-1.80706203e-01
1.09277251e+00
-4.46348728e-01
8.97294584e-01
-1.11442301e+00
4.25872918e-01
0.00000000e+00
0.00000000e+00
0.00000000e+00
-2.01968547e+00
-2.21150791e-01
8.71214977e-01
-3.43068275e-01
-1.06741164e+00
7.73989773e-01
1.86888669e-01
4.58441705e-01
3.76475652e-01
-1.04243491e+00
1.03597496e+00
-4.43708368e-01
4.21714393e-01
1.46914211e-01
-1.24140863e+00
-3.31757631e+00
1.83216444e+00
2.70084389e-01
3.36438660e-01
-5.68268044e-01
0.00000000e+00
0.00000000e+00
0.00000000e+00
0.00000000e+00
0.00000000e+00
0.00000000e+00
0.00000000e+00
0.00000000e+00
0.00000000e+00
0.00000000e+00
0.00000000e+00
0.00000000e+00
0.00000000e+00
0.00000000e+00
0.00000000e+00
0.00000000e+00
0.00000000e+00
0.00000000e+00
0.00000000e+00
0.00000000e+00
7.72855860e-02
-1.95015547e+00
-1.92680761e+00
0.00000000e+00
0.00000000e+00
0.00000000e+00
1.01180476e-01
-2.02196372e+00
-9.47322275e-02
8.19511747e-01
3.07933948e-01
1.09722157e+00
7.56608390e-01
1.42404812e+00
-4.63580484e-01
0.00000000e+00
6.84795095e-01
-1.33229588e+00
-9.76124502e-01
1.68323761e-01
-5.53161847e-01
8.48061770e-01
-2.79937305e-01
-2.70973910e+00
2.26165888e-01
7.08767047e-02
-3.10350530e+00
0.00000000e+00
0.00000000e+00
0.00000000e+00
1.50178119e-01
-3.48340465e+00
-4.02379621e-01
3.21419270e-01
-3.23612788e-01
4.58414348e-01
3.09283742e-01
5.57769932e-01
-4.45731293e-01
0.00000000e+00
7.66358314e-01
-4.41724315e-01
-5.91461924e-01
2.86667492e-01
-3.41470211e-01
5.79967997e-01
1.74830768e-01
-1.70799020e+00
4.29800603e-01
5.99579115e-01
3 1
-7.1270e-01 -1.3087e-01
5 4
0 4 1 2 5 
217
2.91492526e-01
-4.48075194e-01
4.95616892e-02
-1.34380769e+00
-6.74808676e-01
-3.15376919e-01
-3.52236507e-01
1.02376550e+00
8.56630450e-01
-1.03464403e+00
2.78758617e-01
2.45883190e-01
1.83148641e-01
-1.32105324e+00
5.56260758e-01
-2.51393564e-02
4.53996210e-01
-7.23498603e-01
-4.02613314e-03
6.17839160e-01
4.71873992e-01
-7.53792544e-02
4.92091836e-01
0.00000000e+00
0.00000000e+00
0.00000000e+00
0.00000000e+00
-6.40616380e-01
-3.20970096e-01
5.93410178e-01
0.00000000e+00
0.00000000e+00
0.00000000e+00
0.00000000e+00
0.00000000e+00
0.00000000e+00
0.00000000e+00
-9.04374900e-01
-8.53433033e-02
2.23625550e-01
1.69281324e-01
8.88303855e-01
0.00000000e+00
0.00000000e+00
0.00000000e+00
-2.36312761e-01
-9.27869686e-01
-1.95283899e-01
5.73716737e-01
1.07978962e+00
-4.63831262e-01
3.50696437e-01
0.00000000e+00
-4.43278726e-01
1.14903242e+00
8.37165513e-01
0.00000000e+00
1.22380706e+00
-3.19099993e-01
8.81008187e-01
2.55085827e-01
4.90132355e-01
-4.53725657e-01
-5.77355461e-01
-2.62874345e+00
-1.37855490e+00
1.62065412e+00
8.15972995e-01
1.87693732e+00
1.56969217e+00
-9.06820158e-01
-1.13505030e-01
-6.56820015e-01
7.11588077e-01
4.84468632e-01
6.00229637e-01
1.37782394e-02
0.00000000e+00
4.09318687e-01
-9.75060920e-01
-9.29166576e-02
3.24705859e-01
-2.49095041e-02
3.76545533e-01
-1.78278360e-01
3.59183552e-01
-1.72787518e-01
-2.46812251e-01
1.67048189e-01
3.57399586e-01
-6.68904011e-02
-2.66790300e-01
6.45993436e-01
4.08446529e-01
-5.48340157e-01
-5.75439435e-01
4.60629546e-01
5.32578353e-01
0.00000000e+00
0.00000000e+00
0.00000000e+00
0.00000000e+00
0.00000000e+00
0.00000000e+00
0.00000000e+00
0.00000000e+00
0.00000000e+00
0.00000000e+00
0.00000000e+00
0.00000000e+00
0.00000000e+00
0.00000000e+00
0.00000000e+00
0.00000000e+00
0.00000000e+00
0.00000000e+00
0.00000000e+00
0.00000000e+00
0.00000000e+00
-5.02405405e-01
-2.93490612e+00
-1.64058812e+00
0.00000000e+00
0.00000000e+00
0.00000000e+00
4.00724292e-02
-9.24756958e-03
-5.65810733e-01
3.08075031e-01
7.94269400e-02
1.56434276e-01
2.05359777e-01
1.23881836e-01
6.17767551e-01
0.00000000e+00
-8.50620129e-01
-2.16637464e-01
-5.27733781e-01
1.89750040e+00
-6.34781271e-01
8.60171223e-01
8.88233460e-01
-9.57010340e-02
-1.20306455e-01
4.59679880e-01
-4.57965670e-01
0.00000000e+00
0.00000000e+00
0.00000000e+00
8.43938742e-01
-2.96776632e-02
4.70674262e-01
6.33250288e-01
4.59133210e-01
8.91065701e-01
1.25356043e+00
1.30554855e+00
9.86589452e-02
0.00000000e+00
5.81311561e-01
8.96746613e-01
-1.46954710e-01
-2.54001070e-01
1.29388194e+00
7.59297013e-01
4.67980710e-01
-7.22770048e-01
-1.15339235e-02
3.20690761e-01
-3.02763493e+00
0.00000000e+00
0.00000000e+00
0.00000000e+00
-1.66954950e-01
-6.91736854e-02
6.49170376e-02
1.39385213e+00
7.04214573e-01
1.61860140e+00
1.82812849e-01
-2.91188312e-02
-1.73501035e-01
0.00000000e+00
-9.62692226e-02
8.77426904e-01
2.29557374e-01
-8.65270913e-01
2.46975862e-02
-1.74103210e-02
2.66441886e-01
5.86103755e-01
1.98915386e-01
-1.78895997e+00
-8.79802320e-01
0.00000000e+00
0.00000000e+00
0.00000000e+00
9.84978526e-01
-1.86724391e-01
5.71751703e-01
5.19233750e-01
6.80017560e-01
3.10351438e-01
9.18600625e-01
1.15577679e+00
-1.68941389e-01
0.00000000e+00
9.63162167e-01
5.47679520e-01
5.37631846e-01
1.46737354e+00
2.73945483e-01
1.09549438e+00
8.48835931e-01
-6.75340683e-02
8.95464621e-01
1.74257345e+00
136
1.24181211e+00
9.13697728e-01
-1.83707403e-02
4.98312437e-01
-6.05030021e-03
8.39347351e-01
-5.46848476e-02
0.00000000e+00
0.00000000e+00
6.00410458e-01
1.09422258e-01
-3.09010477e-02
3.72283331e-01
0.00000000e+00
0.00000000e+00
0.00000000e+00
0.00000000e+00
0.00000000e+00
0.00000000e+00
0.00000000e+00
-6.67140235e-02
4.41655824e-02
1.53816385e-01
3.81539425e-01
7.29004746e-01
0.00000000e+00
0.00000000e+00
0.00000000e+00
-9.15181707e-01
-1.14951013e+00
7.92417400e-01
-1.66448269e-01
1.88543257e+00
-1.26277492e+00
1.90803044e+00
2.17742373e+00
-1.17789439e+00
-1.22160336e+00
5.35137184e-01
-7.78606641e-01
9.08584208e-01
-9.65517460e-01
6.72323477e-01
0.00000000e+00
0.00000000e+00
0.00000000e+00
-1.59076780e+00
-1.77626926e+00
6.73951189e-01
-4.83445693e-01
-1.16895179e+00
3.01526710e-01
1.63178278e+00
5.13732704e-01
3.03761244e-01
-3.10798686e+00
0.00000000e+00
1.62816309e+00
3.75347057e-01
1.54961417e-01
-9.39853401e-01
-8.71816367e-01
-9.35303362e-01
-1.91930972e-01
9.62035656e-02
-3.01278782e-01
1.21271811e+00
6.43068217e-01
-3.05079560e-02
1.92304957e-01
-2.45189805e-01
0.00000000e+00
0.00000000e+00
0.00000000e+00
0.00000000e+00
0.00000000e+00
0.00000000e+00
0.00000000e+00
0.00000000e+00
0.00000000e+00
0.00000000e+00
0.00000000e+00
0.00000000e+00
0.00000000e+00
0.00000000e+00
0.00000000e+00
4.30467041e-01
-1.87969929e+00
-1.43345479e+00
0.00000000e+00
0.00000000e+00
0.00000000e+00
-3.28874773e-01
-1.57945248e+00
-4.92671080e-01
6.13809229e-01
7.12580575e-01
7.81049359e-01
1.91496033e-01
1.12982508e+00
-8.61795953e-02
0.00000000e+00
-2.48092942e-01
-1.32532886e+00
-9.29276625e-01
7.16844865e-01
-1.19305600e-01
7.56119831e-01
-4.20562803e-01
-1.32314500e+00
3.98094186e-01
1.19615817e-01
-3.18559651e+00
0.00000000e+00
0.00000000e+00
0.00000000e+00
-2.00151940e-01
-3.33517326e+00
-3.23322649e-01
5.06171405e-01
-2.50952006e-01
1.47062584e+00
2.79976107e-01
6.89791474e-01
-4.32031468e-01
0.00000000e+00
2.80333570e-01
-3.02671747e-01
-8.39767395e-01
9.68707819e-02
-4.90652004e-01
3.09096198e-01
-2.60502345e-02
-1.32722527e+00
3.69794667e-01
3.39741429e-01
8 1
-7.9638e-01 -9.8813e-02
6 4
0 4 1 2 5 3 
217
-1.44476803e+00
4.39016599e-01
8.20415604e-01
0.00000000e+00
-8.38340458e-01
-1.40504353e-02
-1.12305214e+00
9.25488394e-01
-4.44200690e-01
5.63291758e-01
1.32730526e-01
1.61891206e-01
8.28094735e-01
-1.13244234e+00
-9.89083900e-02
-3.15250967e-02
1.49593969e+00
-1.09609504e+00
5.50012028e-03
1.31744862e+00
0.00000000e+00
0.00000000e+00
0.00000000e+00
0.00000000e+00
0.00000000e+00
0.00000000e+00
0.00000000e+00
-1.20918129e+00
-9.17081665e-01
6.81494925e-01
0.00000000e+00
0.00000000e+00
0.00000000e+00
0.00000000e+00
0.00000000e+00
0.00000000e+00
0.00000000e+00
-4.00667160e-01
-1.32530527e+00
-3.76851862e-02
1.09216428e-02
-1.78690055e-01
4.86658000e-01
0.00000000e+00
0.00000000e+00
-1.64129432e+00
-9.70759946e-01
6.47505906e-02
1.10155908e+00
7.73412833e-01
-2.33293806e-01
1.26413671e-02
0.00000000e+00
-9.60552607e-01
0.00000000e+00
1.31627153e+00
0.00000000e+00
2.06428992e+00
-1.91694700e+00
3.44154104e-01
-1.67808169e-01
-9.82741167e-01
-2.94218690e-01
-4.23925584e-01
-2.99451586e+00
-1.40235968e+00
1.64972420e+00
-2.19312922e-01
3.23949216e-01
1.90832588e+00
0.00000000e+00
-9.88655263e-01
2.50177960e-01
5.32053768e-02
3.04614678e-01
-5.09318140e-01
-8.71843176e-01
0.00000000e+00
-1.26515718e+00
-1.27263540e-01
1.54067083e-01
1.15365795e-01
-3.33677932e-01
6.09544930e-01
-6.62023381e-01
-2.30960817e-01
-1.24386558e+00
-3.35222606e-01
1.06076868e-01
-2.16561223e-01
-4.26653946e-01
-7.02698838e-01
1.45892908e-01
5.60298758e-01
-3.26972495e-04
-2.29117862e-01
-8.87635124e-01
-6.81171366e-02
0.00000000e+00
-4.52415186e-01
-2.30128457e+00
-8.78453431e-01
1.57409742e-01
-1.13899410e-01
1.19629113e-01
0.00000000e+00
0.00000000e+00
0.00000000e+00
0.00000000e+00
0.00000000e+00
0.00000000e+00
0.00000000e+00
0.00000000e+00
0.00000000e+00
0.00000000e+00
0.00000000e+00
0.00000000e+00
0.00000000e+00
0.00000000e+00
5.78311018e-01
-3.04934921e+00
-4.23293393e-01
0.00000000e+00
0.00000000e+00
0.00000000e+00
-7.33518266e-01
0.00000000e+00
-2.74214048e+00
-1.80722728e-02
-4.20767910e-01
2.40087059e-01
-2.27258898e-01
4.31487546e+00
6.98797979e-01
0.00000000e+00
1.10601894e+00
5.64299949e-01
-9.39886727e-01
2.67788754e+00
2.27560622e+00
8.17988411e-01
1.13118490e+00
-1.31002506e+00
9.34436301e-01
-1.52683991e+00
-1.03946120e+00
0.00000000e+00
0.00000000e+00
0.00000000e+00
1.63676453e+00
0.00000000e+00
1.25050771e+00
1.29909230e+00
1.05486502e+00
1.02668879e+00
1.44471932e+00
-2.17592823e-01
5.01585243e-01
0.00000000e+00
4.61650151e-01
4.06231329e-01
1.15531242e-01
3.45412249e-01
5.61528392e-01
1.03881891e+00
7.95819454e-01
5.31877653e-02
6.32286730e-01
1.64920709e+00
-3.41062334e+00
0.00000000e+00
0.00000000e+00
0.00000000e+00
5.24430100e-01
-2.68358795e-02
-3.87155009e+00
1.49444502e+00
5.89575575e-01
2.74769007e-01
-5.02618854e-01
1.71348249e+00
-4.28512011e-02
0.00000000e+00
7.46110562e-01
1.71517813e+00
-5.42962286e-01
-1.41056441e+00
-3.76279420e-01
1.56433894e+00
7.20848561e-01
8.01645033e-01
2.14339735e+00
1.66257117e-01
-7.43348056e-01
0.00000000e+00
0.00000000e+00
0.00000000e+00
6.10225711e-01
-4.99031854e-02
2.14153647e+00
5.41822410e-01
1.12633928e+00
1.08813932e+00
1.27298027e+00
3.85548270e-01
-1.23612087e-03
0.00000000e+00
5.25874091e-01
-9.21753187e-01
7.51928645e-01
1.54846464e+00
7.40002040e-01
5.34695649e-01
6.31848770e-01
3.71881784e-01
2.50300658e-01
1.09447427e+00
136
8.36741108e-01
-2.95963560e-01
1.18691531e-02
7.67592425e-02
-3.85955397e-03
1.05594543e+00
-6.51122525e-01
0.00000000e+00
0.00000000e+00
0.00000000e+00
1.67710363e+00
1.60574276e+00
1.87109885e+00
0.00000000e+00
0.00000000e+00
0.00000000e+00
0.00000000e+00
0.00000000e+00
0.00000000e+00
0.00000000e+00
2.98062375e-01
-1.49797711e-01
-8.46072113e-02
-8.51481485e-02
7.57757840e-02
7.82456020e-01
0.00000000e+00
0.00000000e+00
-4.44601377e-01
-9.57171761e-01
5.45905153e-01
-6.86916463e-01
1.47888221e+00
-6.67240600e-01
2.04723312e+00
1.72839688e+00
-7.60977681e-01
-2.93711094e-01
5.60269826e-02
-9.41311749e-01
-7.17609122e-02
-5.87304099e-01
3.91292494e-01
0.00000000e+00
0.00000000e+00
0.00000000e+00
-1.24393306e+00
-1.16132583e+00
9.56363748e-01
-2.71357123e-01
-8.97169055e-01
0.00000000e+00
2.78994105e+00
6.88879877e-01
3.31961094e-01
0.00000000e+00
0.00000000e+00
6.18148588e-02
1.95443102e-01
-1.13454787e-01
-1.99022356e+00
-1.87601186e+00
-3.27370671e+00
-5.00670677e-01
-2.25516348e-01
-1.58258233e-01
3.03329485e-02
7.91577483e-01
-1.59089671e-02
2.07126435e-01
-3.20916019e-01
0.00000000e+00
1.47234806e+00
3.99667619e-01
1.99256895e-01
-5.42516387e-01
0.00000000e+00
0.00000000e+00
0.00000000e+00
0.00000000e+00
0.00000000e+00
0.00000000e+00
0.00000000e+00
0.00000000e+00
0.00000000e+00
0.00000000e+00
4.28599721e-01
-1.67761754e+00
-1.50944074e+00
0.00000000e+00
0.00000000e+00
0.00000000e+00
-9.00114030e-02
-1.57506979e+00
-6.50260579e-01
7.23460839e-01
7.63563725e-01
1.16744995e+00
-2.66974794e-01
1.45075709e+00
-9.26192589e-01
0.00000000e+00
-5.15332395e-01
-4.58074596e-01
-1.51785725e+00
6.48964365e-01
-9.46580281e-02
7.44956520e-01
-2.02619724e-01
-1.40229608e+00
6.01076377e-01
8.96776077e-02
-3.36931286e+00
0.00000000e+00
0.00000000e+00
0.00000000e+00
3.45493141e-01
-1.99008350e-01
1.15699817e-01
1.19839627e+00
5.96403611e-01
1.84470373e+00
9.04872497e-01
8.15022055e-01
-1.32829164e-01
0.00000000e+00
6.12885719e-01
8.70826902e-02
-1.74210016e-01
5.03022283e-01
-4.39810213e-01
8.64947568e-01
4.10191482e-01
-5.27153305e-01
7.09570281e-01
7.85211383e-01
10 1
-1.0125e+00 -1.4139e-02
7 4
0 4 1 2 5 3 8 
217
1.26791616e+00
1.87106608e-01
-7.40681442e-01
-1.26967605e+00
-8.19089532e-01
6.17203434e-01
-3.08623799e-02
3.58879865e-01
6.02212334e-01
-1.42786864e+00
-7.95119927e-01
4.84669642e-01
2.31077566e+00
-5.85489122e+00
4.46291880e-01
4.55871830e-03
2.91002545e-01
-5.12444389e-02
-1.15685463e-03
7.40942321e-01
8.72868715e-01
-3.11045782e-01
1.17735337e+00
0.00000000e+00
0.00000000e+00
0.00000000e+00
0.00000000e+00
8.90237661e-01
3.56139810e-01
2.15386853e-02
0.00000000e+00
0.00000000e+00
0.00000000e+00
0.00000000e+00
0.00000000e+00
0.00000000e+00
0.00000000e+00
1.18983943e+00
-2.61836324e-01
-9.34386420e-01
-7.83831967e-01
-5.99894423e-01
-7.07869618e-02
2.72881282e+00
0.00000000e+00
-1.23896009e+00
-2.20776942e+00
3.27455282e-01
-6.93866889e-01
1.50932906e+00
-5.75070253e-02
1.77946292e+00
1.11724735e+00
-5.61334733e-01
1.67759737e+00
6.27390552e-01
-1.99269148e-01
8.04825156e-02
-1.26809062e+00
3.75749045e-01
4.39772244e-01
-2.26560027e-01
1.05470394e+00
-1.04017180e+00
-5.91486595e-01
-1.19074259e+00
1.47204411e+00
1.13243157e+00
1.42753043e+00
1.34632345e+00
0.00000000e+00
1.36280614e-02
5.85924131e-01
2.09532029e-01
4.22510611e-01
1.04475607e+00
1.81344093e+00
0.00000000e+00
-2.58373695e-01
-1.81402528e+00
5.21896964e-01
3.47326479e-01
1.00439289e+00
1.13838046e+00
0.00000000e+00
-6.46715943e-01
7.19612931e-01
1.11687851e+00
-7.06694715e-01
7.32893816e-01
-5.33294624e-01
0.00000000e+00
8.77899270e-01
4.47704515e-01
-3.32036173e-02
5.45227732e-01
3.59115733e-01
2.07690913e-01
0.00000000e+00
-5.00085513e-02
0.00000000e+00
-2.90822217e-01
4.93014134e-01
1.60874692e+00
1.19981980e+00
0.00000000e+00
-1.75156316e-01
0.00000000e+00
6.89909838e-02
-1.19686600e+00
1.16242291e+00
1.37161384e+00
0.00000000e+00
0.00000000e+00
0.00000000e+00
0.00000000e+00
0.00000000e+00
0.00000000e+00
0.00000000e+00
-4.89072421e-01
-2.93449050e+00
-1.72706861e+00
0.00000000e+00
0.00000000e+00
0.00000000e+00
-1.25092342e+00
-8.68860998e-01
-2.28338855e+00
-6.88547872e-01
9.43407127e-01
3.03569919e-01
-3.12184164e-02
1.04019975e+00
1.70093186e-01
0.00000000e+00
-2.71831778e+00
2.34270031e+00
-4.21181546e-01
1.22318935e+00
-2.02760607e+00
4.19887196e+00
-2.50780288e-01
-1.20497197e+00
1.77134171e+00
-1.97464501e+00
-8.27892610e-02
0.00000000e+00
0.00000000e+00
0.00000000e+00
4.45400846e-01
-5.74365221e-01
9.42448721e-01
1.70293201e-01
-1.17786591e-01
-4.44416084e-02
6.32515840e-01
9.37405549e-02
-9.26015325e-03
0.00000000e+00
1.00327555e+00
-1.18045717e+00
-5.69890279e-01
-7.19570997e-03
1.24054770e+00
-2.08718238e+00
4.90460038e-02
-5.38113829e-01
-1.35529217e-01
6.04164474e-01
-3.99371345e+00
0.00000000e+00
0.00000000e+00
0.00000000e+00
-1.48535235e+00
-9.70103856e-03
-1.57916216e+00
2.47137260e+00
2.36836646e+00
2.43310946e+00
1.04273152e+00
-7.88511505e-01
8.64173789e-02
0.00000000e+00
2.82161809e+00
-1.32696715e+00
-1.18621396e-01
-7.02525556e-01
-7.97820720e-01
1.02232585e-01
-6.67080128e-01
3.41586508e-01
4.12569143e-01
-1.13738696e+00
-1.06356903e+00
0.00000000e+00
0.00000000e+00
0.00000000e+00
1.57414008e+00
-1.33797243e-02
1.20616740e+00
1.20842605e-01
4.87516112e-01
-1.29494628e-02
7.45637513e-01
1.89859952e+00
-6.19123889e-01
0.00000000e+00
-7.80264349e-01
4.25431286e-01
9.05490145e-01
1.44594192e+00
1.22826309e+00
1.40069909e+00
1.21409921e+00
-1.76639496e-01
1.12413734e+00
1.58904919e+00
136
-6.55947394e-01
-4.53300428e-01
3.45269259e-03
-4.96447914e-01
-3.65126413e-03
2.93800947e-01
-4.98041802e-01
0.00000000e+00
0.00000000e+00
0.00000000e+00
1.59537901e+00
1.73925296e+00
2.41633151e+00
0.00000000e+00
0.00000000e+00
0.00000000e+00
0.00000000e+00
0.00000000e+00
0.00000000e+00
0.00000000e+00
4.42368975e-01
-1.10725485e-01
-1.38018405e-01
-3.50919937e-01
-3.82430381e-01
-6.17571940e-01
5.01349778e-01
0.00000000e+00
-6.23677246e-01
-9.47579296e-01
9.84432469e-01
-3.81880249e-01
1.86848280e+00
-7.11187636e-01
2.37253945e+00
1.03688582e+00
-1.38722985e+00
-1.22759207e+00
4.59284154e-01
-2.10031423e+00
3.56457616e-01
-9.82146523e-01
6.27577387e-01
0.00000000e+00
0.00000000e+00
0.00000000e+00
-2.44841935e+00
-2.86539483e+00
4.73874612e-01
-5.71796359e-01
-7.24636201e-01
0.00000000e+00
2.13373370e+00
6.65061020e-01
2.15188679e-01
-2.67892501e+00
0.00000000e+00
-1.13845145e+00
-4.36614600e-02
-3.54931164e-01
-6.89155298e-01
-5.49935520e-01
-1.57983561e+00
-1.08066845e-01
1.31388988e-01
-4.22073157e-01
4.39801868e-01
1.43543964e+00
1.79917410e-01
3.13156738e-01
-2.43237911e-01
0.00000000e+00
7.13690920e-01
1.85696247e-01
1.79330019e-01
-1.01640164e+00
1.56976952e+00
2.28848397e+00
-6.41821346e-03
5.20910048e-01
0.00000000e+00
0.00000000e+00
0.00000000e+00
0.00000000e+00
0.00000000e+00
0.00000000e+00
6.84027297e-01
-1.88417943e+00
-1.27864871e+00
0.00000000e+00
0.00000000e+00
0.00000000e+00
2.43006451e-01
-1.62292218e+00
-1.06044263e+00
7.75198379e-01
3.04418351e-01
1.01712333e+00
5.26908599e-01
1.61073585e+00
-9.12618055e-01
0.00000000e+00
-4.45622233e-01
-6.01682365e-01
-1.49443347e+00
3.07926191e-01
1.32473546e-01
1.05244982e+00
4.51202194e-02
-1.62111052e+00
2.12171135e-01
2.52650853e-01
-3.69983426e+00
0.00000000e+00
0.00000000e+00
0.00000000e+00
4.80078513e-01
-1.98399459e-01
3.05631853e-01
1.55694723e+00
7.68598038e-01
2.16656828e+00
1.36744036e+00
1.11618354e+00
2.97779537e-01
0.00000000e+00
1.18360894e+00
5.15274562e-01
1.02511795e-01
7.92260175e-01
-4.34860014e-01
1.16184171e+00
7.97653330e-01
-6.74106023e-02
1.15792303e+00
1.04771758e+00
9 1
-1.1685e+00 7.3177e-02
8 4
0 4 1 2 5 3 8 10 
217
3.65173271e-01
1.76279991e-01
-5.02680112e-01
-4.07264023e-01
-1.11316350e+00
-1.47880087e-01
-4.27571948e-01
6.27877730e-01
4.41842527e-01
1.06912545e-01
8.39439518e-01
-8.39145001e-01
6.24626679e-01
-1.19371574e-02
-8.97683285e-01
2.27455761e-02
1.72678952e+00
3.70067660e-01
1.74429221e-03
1.73625295e+00
9.26541605e-01
-5.41350881e-02
1.82053151e+00
0.00000000e+00
0.00000000e+00
0.00000000e+00
1.49312705e+00
2.23632805e-01
-2.92754664e-01
-1.05883192e+00
0.00000000e+00
0.00000000e+00
0.00000000e+00
0.00000000e+00
0.00000000e+00
0.00000000e+00
0.00000000e+00
-2.17004420e-02
-5.73943821e-01
-1.91857204e-01
-1.63641091e-01
4.58044819e-01
4.17254917e-01
4.41016093e-01
0.00000000e+00
-9.93578401e-01
-4.28652564e-01
-2.37891172e-01
-7.20959434e-01
1.72713627e+00
-4.35447715e-01
1.04326216e+00
8.01670257e-01
-4.52345617e-01
1.40594679e+00
1.50281001e-01
-7.01511147e-01
1.99055098e-01
-2.02781469e+00
1.03602244e+00
6.32191331e-04
3.13543140e-02
3.33186766e-01
-1.28401036e+00
-8.22758142e-01
-1.25977467e+00
1.64470520e+00
1.00554188e+00
8.27236578e-01
1.12582921e+00
6.83582421e-02
-2.08891217e-01
0.00000000e+00
6.64960692e-01
9.32506875e-02
-1.59254445e-01
-1.88009607e-01
0.00000000e+00
2.45430298e-01
-8.51071351e-01
-1.52641795e-01
4.00322354e-02
2.72384768e-01
1.16442007e+00
-7.25484162e-02
2.64175564e-02
2.07903254e-01
-1.46698623e-01
3.68173542e-01
5.58002754e-01
-1.06984435e-01
-1.06607673e-01
4.15727231e-02
6.80586478e-01
9.81118863e-04
-9.53230007e-01
4.29227102e-01
6.65263098e-01
0.00000000e+00
-1.52617935e-01
0.00000000e+00
1.16795795e+00
-5.31294088e-01
5.30987570e-01
1.04496372e+00
6.20704833e-01
2.23115945e-01
0.00000000e+00
1.49435038e-01
-8.06135534e-01
-6.28082545e-01
-8.49795866e-01
3.02344584e-01
-2.84442843e-01
-1.15368240e+00
2.81641406e-03
-8.53873640e-01
3.44455116e-01
-9.12386192e-02
-7.16529471e-01
-3.39998243e+00
-1.21113187e+00
0.00000000e+00
0.00000000e+00
0.00000000e+00
9.94031010e-01
2.24565713e-01
-1.10130261e+00
5.11562199e-01
-6.73429256e-01
-9.72054522e-01
1.38251505e+00
7.08120067e-01
-9.56582407e-01
0.00000000e+00
-2.03706311e-01
7.92472261e-02
-8.59040534e-01
6.61366647e-01
-9.49998178e-01
1.59706793e+00
4.06508190e-01
-2.17560177e+00
2.35067226e-01
-1.19467533e-01
-2.93883927e-01
0.00000000e+00
0.00000000e+00
0.00000000e+00
-7.29188889e-01
-4.20737404e-01
3.38271767e-01
-2.21747606e-01
7.02285553e-01
7.96654321e-01
-4.87842121e-01
-1.06660731e-01
7.95921733e-01
0.00000000e+00
-2.29551941e-01
-1.69615291e-02
-1.80474710e-01
-5.65053838e-01
4.77092679e-01
-6.53966462e-01
-2.99064450e-01
8.86201324e-01
-9.47553117e-02
-2.84306311e-01
-2.98325435e+00
0.00000000e+00
0.00000000e+00
0.00000000e+00
6.94333945e-01
-2.27657950e-02
5.74341169e-01
2.81120499e-01
4.13234933e-01
1.61694600e+00
4.91756011e-01
-1.95425851e-01
-4.06571306e-01
0.00000000e+00
-7.82829129e-01
-1.87422768e-01
-7.51933343e-01
2.23364609e-01
-3.51351471e-01
1.19868825e-01
-3.80178282e-01
-7.82548240e-01
-1.33832420e+00
-4.48948058e-01
-9.64748876e-01
0.00000000e+00
0.00000000e+00
0.00000000e+00
-8.39513576e-02
-3.25586767e-02
-4.52384273e-01
1.15761428e-01
2.35429744e-01
-1.44665918e-01
1.81286555e-01
7.42725586e-01
-4.28816271e-01
0.00000000e+00
7.18017752e-01
-5.22849107e-01
6.24533958e-01
5.41332287e-01
7.93872691e-02
3.44097198e-01
1.39265420e-01
-2.03452646e-01
6.50059412e-01
2.74092081e-01
136
9.56402229e-01
3.19211582e-01
6.96611709e-03
7.43894952e-01
-4.47912805e-03
8.12749774e-01
-6.97750813e-02
0.00000000e+00
0.00000000e+00
4.88996145e-01
-6.58362923e-02
-6.05646813e-02
4.86363852e-01
0.00000000e+00
0.00000000e+00
0.00000000e+00
0.00000000e+00
0.00000000e+00
0.00000000e+00
0.00000000e+00
1.01961876e+00
9.98769123e-02
-1.49363369e-01
-2.60530654e-01
-2.12966022e-01
-1.82192285e-01
6.41958890e-01
0.00000000e+00
-8.62448296e-01
-4.08324067e-01
6.80397764e-01
1.14299921e-01
1.17472894e+00
-4.25587879e-01
1.33908606e+00
1.28925269e+00
-8.18787751e-01
-7.17237554e-01
7.61681692e-01
-1.26257507e+00
4.32034341e-01
-8.68513373e-01
5.28394816e-01
0.00000000e+00
0.00000000e+00
0.00000000e+00
-1.08181298e+00
-1.19687236e+00
7.66707858e-01
-2.16232693e-01
-1.09687038e+00
-4.06190034e-01
4.72694805e-01
3.57323718e-01
4.77199203e-02
-2.51814307e+00
0.00000000e+00
5.72318461e-01
2.42669738e-01
9.81506489e-02
-8.07494593e-01
-1.43755789e+00
-1.95587572e+00
-3.34682657e-01
-8.10974229e-02
-2.05061249e-01
5.26882543e-01
8.11462979e-01
6.67149457e-02
1.96627620e-01
-1.16035458e-01
2.92025640e-01
8.19642030e-01
1.48603338e-01
2.26697945e-01
-1.29444728e+00
1.43178025e+00
1.01865280e+00
-1.46616779e-01
2.88336836e-01
0.00000000e+00
2.86948442e-01
2.14753644e-01
-3.74437070e-01
4.16700327e-01
-1.15947026e+00
5.72994800e-01
-2.76060071e+00
-1.35058004e+00
0.00000000e+00
0.00000000e+00
0.00000000e+00
-3.53068920e-02
-2.17003385e+00
-1.02590312e+00
8.56578972e-01
5.65751351e-01
7.89561147e-01
6.02640476e-01
1.41365592e+00
-3.43900097e-01
0.00000000e+00
-2.22296386e-01
-1.14797226e+00
-1.02451462e+00
7.53016267e-01
2.42180945e-01
1.14783925e+00
9.26576768e-02
-2.45769719e+00
2.25266528e-01
3.87895828e-01
-3.57877284e+00
0.00000000e+00
0.00000000e+00
0.00000000e+00
-4.85256862e-02
-3.85151146e+00
-4.44006837e-01
5.71021455e-01
-5.04989546e-01
1.14040497e+00
2.74073271e-01
7.30148423e-01
-5.24969452e-01
0.00000000e+00
3.54675166e-01
-5.93762035e-02
-8.42291861e-01
7.76862045e-02
-5.67222381e-01
5.53455882e-01
1.75798341e-01
-1.44943349e+00
3.24793427e-01
5.11496934e-01
6 2
-1.3739e+00 1.0952e-01
8 -1
0 4 1 2 5 3 8 10 
217
1.03871442e+00
8.80994354e-02
-2.01050060e-01
-4.44740761e-01
1.76378576e-01
-2.00749729e-01
-3.32571287e-01
1.04544647e+00
6.89206663e-01
-6.39292478e-01
1.03402813e+00
-1.79541968e-02
-5.28327662e-01
-2.28120028e-01
0.00000000e+00
0.00000000e+00
0.00000000e+00
0.00000000e+00
0.00000000e+00
0.00000000e+00
2.08690795e-02
6.52783480e-03
2.47672995e-01
4.55437013e-01
2.95414477e-03
4.31969819e-01
1.43691854e+00
-8.23082619e-02
-3.96011278e-01
8.01154275e-02
0.00000000e+00
0.00000000e+00
0.00000000e+00
0.00000000e+00
0.00000000e+00
0.00000000e+00
0.00000000e+00
-1.06460747e+00
1.74167196e-01
5.96163449e-01
7.40249548e-01
7.85088649e-01
-2.47092533e-01
5.47455902e-02
0.00000000e+00
-1.00063223e+00
2.49973926e+00
1.19331852e-01
-1.31681300e-01
1.60072511e-01
-1.09076174e+00
6.30860317e-02
0.00000000e+00
2.26322537e-01
0.00000000e+00
4.48342590e-02
2.70953253e-02
2.71566851e-01
-3.03438346e-01
1.43375871e+00
3.15123035e-01
-1.36516335e-01
8.60107724e-01
4.48119773e-01
-7.27745877e-01
-9.47142246e-01
7.72415211e-01
7.23890031e-01
5.45925317e-01
1.93750595e-01
-5.18673353e-01
4.38975762e-01
0.00000000e+00
5.51667665e-01
3.60397509e-01
5.66744351e-01
5.13726366e-01
8.46571329e-01
-2.37554950e-01
0.00000000e+00
1.32185770e-01
2.11125255e-01
2.97512276e-01
5.57090582e-03
1.47061376e-01
4.72093015e-01
-1.85241254e-01
3.46043601e-01
5.39308064e-02
7.35164323e-02
4.37513105e-01
1.47061376e-01
8.46659286e-01
-3.23080824e-02
2.09095945e-01
-9.98900982e-02
-1.64102182e-01
-2.49507853e-01
2.07867524e+00
-7.35252628e-01
-3.44876233e-01
-1.20393734e-01
-1.54411094e-03
-1.84314454e-01
6.24816560e-01
4.69457448e-01
-2.37914188e-02
0.00000000e+00
7.36525019e-01
-9.75069569e-01
-1.43476623e-01
8.03310859e-01
-8.69433470e-01
-2.26743372e-01
-7.86516061e-01
1.54143019e+00
-1.05853696e+00
5.93461073e-01
1.65718022e-01
-2.22771964e+00
-3.67726762e+00
-2.36016508e+00
0.00000000e+00
0.00000000e+00
0.00000000e+00
1.71429515e+00
-2.31174748e-01
3.93180113e-01
7.11301501e-01
1.09491448e+00
1.55489011e-02
-2.58208273e-01
2.09347328e+00
9.46729458e-01
0.00000000e+00
1.89345904e-01
-1.07402050e+00
-5.53786148e-01
1.72578007e+00
1.60626463e+00
4.31676324e-01
-2.07326150e-01
-1.49387935e+00
5.73214299e-01
9.85879227e-01
-1.11681957e+00
0.00000000e+00
0.00000000e+00
0.00000000e+00
5.33176829e-01
-3.43845765e-01
6.13167404e-01
8.81461508e-01
1.06874380e+00
1.39376536e+00
1.37727704e+00
3.26179181e-01
1.65250110e-01
0.00000000e+00
1.16729750e+00
1.71760909e+00
6.42787949e-01
4.70614818e-01
8.44591974e-01
1.61451810e+00
1.42914351e+00
1.26254544e+00
1.43836994e+00
8.24455772e-01
-4.33464023e+00
0.00000000e+00
0.00000000e+00
0.00000000e+00
2.80968749e-01
-3.30156431e-03
-4.67772177e-02
3.64427985e-01
3.41584772e-01
9.43862448e-01
-1.62956273e+00
-5.87788908e-01
-4.67672764e-02
0.00000000e+00
-3.15391711e-01
7.59194498e-02
5.27235800e-01
1.31757540e+00
1.78383270e-02
5.81913815e-01
-1.41353925e+00
4.78055693e-01
7.19007848e-01
3.97498466e-01
-3.16703991e-01
0.00000000e+00
0.00000000e+00
0.00000000e+00
4.75716038e-01
-6.36453496e-03
4.54762228e-01
3.42867082e-01
7.99931981e-01
2.80114538e-01
1.55067845e+00
8.67390883e-01
-7.70212761e-02
0.00000000e+00
1.00398533e+00
7.59061443e-01
4.37125277e-02
6.32547333e-02
7.15207702e-01
2.67205800e-01
1.13326242e+00
1.57445643e-01
4.53238338e-01
6.16448739e-01
136
8.56201597e-01
0.00000000e+00
0.00000000e+00
-1.76907513e-04
1.20325514e-02
7.27027414e-01
-6.67380805e-03
1.27490823e-01
4.41188374e-03
7.66983542e-01
1.82400180e-01
7.47841211e-02
-1.67966245e-01
0.00000000e+00
0.00000000e+00
0.00000000e+00
0.00000000e+00
0.00000000e+00
0.00000000e+00
0.00000000e+00
4.96296534e-01
3.04388706e-01
1.77786469e-01
-2.04169160e-01
-1.71821152e-01
-2.17040102e-01
4.70768860e-01
0.00000000e+00
-3.60975026e-01
-9.45437244e-03
4.55652107e-01
-2.29701583e-01
1.17262916e+00
-9.28515150e-01
9.31335696e-01
6.69267056e-01
-6.58929331e-01
1.08355551e-02
4.92481597e-01
-1.39871684e-01
2.22632767e-01
-8.79644672e-01
1.08468032e-01
0.00000000e+00
0.00000000e+00
0.00000000e+00
-8.23865649e-01
-6.83227759e-01
9.05043004e-01
-7.84296993e-02
-9.30923102e-01
5.75920000e-02
6.17450805e-01
4.21613093e-01
1.96600692e-01
-1.53950466e+00
8.68149683e-01
-2.69280654e-01
1.72627671e-01
-6.87120102e-03
-6.40720281e-01
-6.97148085e-01
-3.15344206e-01
1.43857655e-02
1.84739314e-01
-1.51863620e-01
8.64098327e-01
2.06659772e-01
1.17327189e-02
1.33445754e-01
-1.99969770e-01
1.14653409e+00
-3.15960887e-01
2.20223653e-02
1.09776574e-02
-9.28027512e-01
8.92999685e-01
5.81121308e-01
-1.89645960e-01
1.80802250e-01
0.00000000e+00
3.53837664e-01
2.79745063e-01
-1.44517102e-01
3.92081812e-01
-1.23645023e+00
-1.19472982e-01
-2.96362402e+00
-1.78333372e+00
0.00000000e+00
0.00000000e+00
0.00000000e+00
2.03859796e-01
-2.13861921e+00
-1.79576503e-01
7.61983791e-01
4.15919503e-01
5.16349843e-01
5.25735510e-01
1.24199259e+00
-4.59392688e-01
0.00000000e+00
6.28856790e-01
-1.03267679e+00
-8.75420934e-01
4.40463039e-01
-3.17407347e-01
9.20390279e-01
-3.15989192e-01
-2.26112967e+00
-4.81226103e-02
1.89450078e-01
-3.66259287e+00
0.00000000e+00
0.00000000e+00
0.00000000e+00
-8.62288021e-02
-3.19055794e+00
-3.64511788e-01
4.76082210e-01
-4.90364611e-01
1.16997168e+00
3.45170951e-01
5.19727210e-01
-5.45053064e-01
0.00000000e+00
5.48610610e-01
-5.31280375e-01
-7.79547886e-01
5.14864363e-03
-5.11114788e-01
7.55307034e-01
1.18572710e-01
-1.76366933e+00
1.04161479e-01
5.56983183e-01
7 2
-2.6073e+00 1.7286e-01
8 -1
0 4 1 2 5 3 8 10 
217
-7.15054199e+00
3.18727198e+00
2.01189764e+00
0.00000000e+00
2.20188144e+00
-4.97510080e+00
-4.39061748e+00
-1.68438126e+00
-9.43919686e+00
2.09605683e+01
9.55248824e-01
-2.46558576e+00
3.52214208e+00
3.60502020e+00
-6.69970103e+00
9.11494454e-03
1.01974421e+01
0.00000000e+00
0.00000000e+00
0.00000000e+00
0.00000000e+00
0.00000000e+00
0.00000000e+00
0.00000000e+00
0.00000000e+00
0.00000000e+00
0.00000000e+00
-2.94116638e+00
-4.13635926e+00
0.00000000e+00
0.00000000e+00
0.00000000e+00
0.00000000e+00
0.00000000e+00
0.00000000e+00
0.00000000e+00
0.00000000e+00
-4.10295115e+00
7.10234353e-01
-2.71014633e+00
-8.45167037e-01
-2.22959850e+00
-5.82998853e+00
7.85707521e+00
0.00000000e+00
-1.41504794e+00
3.08557108e+00
0.00000000e+00
0.00000000e+00
1.19643540e+01
0.00000000e+00
1.77740019e+01
0.00000000e+00
3.13479140e+00
0.00000000e+00
0.00000000e+00
0.00000000e+00
1.82568051e+01
0.00000000e+00
1.69266603e+01
-4.85534549e+00
-4.74393783e+00
2.44874132e+00
0.00000000e+00
3.48301737e+00
0.00000000e+00
3.43755620e+00
-1.61925220e+00
3.80035784e+00
1.94182002e+01
0.00000000e+00
9.65533716e-01
0.00000000e+00
-1.29753001e+00
2.86678826e+00
-6.81854570e+00
2.03254535e+00
0.00000000e+00
-8.21052923e-02
0.00000000e+00
-6.91978698e+00
1.56295695e+00
-1.48649718e-01
6.38704482e+00
0.00000000e+00
1.81466039e+00
-2.54991838e+00
6.56435028e+00
-2.02620573e+00
2.25735867e+00
-7.29423195e-01
0.00000000e+00
5.37738210e+00
2.48221161e+00
2.17661869e+00
8.33880778e-01
3.08236855e+00
3.93937249e+00
0.00000000e+00
-4.15396309e+00
0.00000000e+00
5.12451612e-01
-2.09304566e+00
-3.50903051e+00
-3.16823972e+00
0.00000000e+00
-1.27297186e+00
0.00000000e+00
1.46042936e-01
8.58356294e-01
-6.02361307e+00
-6.82685244e+00
0.00000000e+00
-5.66016463e+00
0.00000000e+00
-1.34573672e-01
-1.01218324e+00
-1.35580369e+00
-2.18242783e+00
2.12400730e+00
-7.01940627e+00
-8.85315399e+00
0.00000000e+00
0.00000000e+00
0.00000000e+00
1.14933758e+01
-5.91905268e-01
1.41757188e+01
-7.25576763e+00
0.00000000e+00
-4.22855827e+00
-8.86553055e+00
0.00000000e+00
-3.73064352e-02
0.00000000e+00
4.71274943e+00
-1.65584261e+01
0.00000000e+00
0.00000000e+00
0.00000000e+00
1.32528711e+00
8.34634210e+00
-4.46907630e-02
0.00000000e+00
1.61391185e-01
2.17716873e+00
0.00000000e+00
0.00000000e+00
0.00000000e+00
-8.49814090e+00
-9.65318065e-01
-5.42185151e+00
1.06368133e+01
0.00000000e+00
-6.46916225e-01
6.86001938e+00
0.00000000e+00
2.56745493e+00
0.00000000e+00
-5.07942906e+00
1.01562384e+01
0.00000000e+00
0.00000000e+00
0.00000000e+00
2.08022617e+00
-3.70631442e+00
-8.10550028e-02
0.00000000e+00
1.00395703e+00
-2.89352644e+00
0.00000000e+00
0.00000000e+00
0.00000000e+00
-1.95270595e+00
-1.91162520e-03
-7.47191266e+00
-5.88681306e-01
-1.41905613e-01
-1.97293121e+00
1.83106750e+01
6.16209032e+00
0.00000000e+00
0.00000000e+00
2.10777523e+00
0.00000000e+00
0.00000000e+00
3.60726021e+00
2.52549813e+00
9.96673529e+00
-1.10087130e+01
-7.77819411e-02
7.28063530e+00
4.62823187e+00
-1.08911753e+01
0.00000000e+00
0.00000000e+00
0.00000000e+00
7.98388871e+00
-2.28866435e-03
8.96682872e+00
9.59410994e+00
6.90415707e+00
4.46447115e+00
-6.88946237e+00
3.42321739e+00
0.00000000e+00
0.00000000e+00
4.49554446e+00
0.00000000e+00
0.00000000e+00
5.79992500e+00
3.99099443e+00
1.67720641e+00
1.22313187e+01
-1.26614074e-01
3.61625794e+00
-3.70113455e+00
136
-3.75102321e+00
-3.17110595e+00
6.68754385e-03
-5.79917260e-01
-4.03170183e+00
0.00000000e+00
0.00000000e+00
0.00000000e+00
0.00000000e+00
0.00000000e+00
-7.23275717e-02
-7.78379140e-02
0.00000000e+00
0.00000000e+00
0.00000000e+00
0.00000000e+00
0.00000000e+00
0.00000000e+00
0.00000000e+00
0.00000000e+00
1.27528267e+00
-1.68395565e-01
-3.10467380e-01
-8.94666000e-01
-1.21465843e+00
-1.35146784e+00
-1.08665066e+00
0.00000000e+00
9.55441192e-01
1.34487428e+00
1.91359925e+00
-3.35617111e-01
1.81081695e+00
-8.01170329e-01
1.19469169e+00
3.19633142e+00
-2.91430244e-02
0.00000000e+00
-4.41512544e-02
-1.09203552e+00
-1.06078995e+00
-2.21403434e+00
-1.17010209e+00
0.00000000e+00
0.00000000e+00
0.00000000e+00
-3.99088820e+00
-3.33049777e+00
4.76045072e-01
-4.96350232e-01
-9.41453060e-01
0.00000000e+00
4.45711088e+00
1.00460173e+00
9.08464177e-01
-3.33975025e+00
0.00000000e+00
-6.77833552e-02
7.54377468e-01
1.84708019e-01
-7.52884573e-02
8.69757466e-01
-1.35886017e+00
-5.15707769e-02
4.98233569e-01
-1.13552313e-01
7.29486357e-01
3.30116306e+00
4.05698616e-01
7.09126762e-01
1.33562463e-01
0.00000000e+00
-5.32198089e+00
-8.48219645e-01
-9.20785046e-01
0.00000000e+00
0.00000000e+00
1.03013220e+01
1.41984170e+00
2.09417360e+00
0.00000000e+00
0.00000000e+00
-4.67206621e+00
-8.69830656e-01
-5.29639597e-01
-5.49570354e-01
1.56639985e+00
-1.89650567e+00
-7.67827758e-01
0.00000000e+00
0.00000000e+00
0.00000000e+00
5.09378680e-02
-2.03687267e+00
-1.00031085e+00
8.50973567e-01
-8.00065372e-02
1.12290807e+00
8.43666061e-01
1.44591621e+00
-2.98253467e-02
0.00000000e+00
-5.81540742e-01
-2.86014449e-01
-1.93743171e+00
1.35905388e-01
3.00793332e-01
9.74288682e-01
3.60678526e-01
-2.07612032e+00
3.49646340e-01
8.24580817e-01
-4.78483994e+00
0.00000000e+00
0.00000000e+00
0.00000000e+00
8.00897222e-01
-3.49470634e-01
1.87195802e+00
2.54001707e+00
1.68737098e+00
3.15382493e+00
2.33744570e+00
2.31810020e+00
1.27034072e+00
0.00000000e+00
1.73499181e+00
3.29289016e-01
1.04362630e+00
1.85988950e+00
1.16537438e+00
2.64231076e+00
1.72689223e+00
-9.66969201e-01
1.61350936e+00
2.14332931e+00
