0 7 -999999999 -1 -1
1 2 0 -1 -1
0.345 -2.063
356
3.35076659e-01
2.35909650e-01
9.91670090e-02
2.56247842e-01
-9.58523517e-02
0.00000000e+00
0.00000000e+00
0.00000000e+00
0.00000000e+00
1.33373424e-01
4.47398762e-02
0.00000000e+00
0.00000000e+00
-1.06786638e-01
1.44410998e-01
2.18623482e-01
0.00000000e+00
0.00000000e+00
0.00000000e+00
0.00000000e+00
0.00000000e+00
0.00000000e+00
0.00000000e+00
0.00000000e+00
0.00000000e+00
0.00000000e+00
0.00000000e+00
0.00000000e+00
0.00000000e+00
0.00000000e+00
0.00000000e+00
0.00000000e+00
0.00000000e+00
0.00000000e+00
0.00000000e+00
0.00000000e+00
0.00000000e+00
0.00000000e+00
0.00000000e+00
0.00000000e+00
0.00000000e+00
0.00000000e+00
0.00000000e+00
0.00000000e+00
0.00000000e+00
0.00000000e+00
0.00000000e+00
0.00000000e+00
0.00000000e+00
0.00000000e+00
0.00000000e+00
-8.98312182e-01
-5.24731247e-01
1.56642072e+00
0.00000000e+00
0.00000000e+00
0.00000000e+00
0.00000000e+00
-4.95358922e-02
1.25363497e-01
1.31562860e-01
2.26017667e-02
3.36826079e-01
1.30617130e-01
3.43925434e-01
-6.32163597e-01
-4.27701821e-01
-3.02816523e-01
-2.28222267e-02
-8.38552775e-04
2.71750433e-03
9.90655398e-01
-8.57819333e-03
-2.87535162e-01
4.48905795e-01
-9.99075920e-03
-2.47072809e-01
-1.08166231e+00
-1.04200811e-03
1.67677680e-03
0.00000000e+00
0.00000000e+00
8.76822719e-01
6.39329520e-01
1.30957513e-01
-4.98643293e-01
-5.08989958e-01
-1.49170627e-01
0.00000000e+00
0.00000000e+00
-1.80662677e+00
-2.35943176e-01
-2.65381525e+00
-7.79777342e-01
-1.26333681e+00
-6.33222202e-01
-2.06517975e-01
-6.17027773e-02
1.81191396e-01
-1.20626359e-01
-1.18184482e-02
-8.64688209e-02
0.00000000e+00
0.00000000e+00
4.03676163e+00
2.65453616e+00
0.00000000e+00
0.00000000e+00
0.00000000e+00
4.24732415e-01
7.48422896e-01
5.80966382e-01
-3.47424137e-01
-1.74507208e-01
-1.91610789e-01
-7.01303307e-01
-1.15096321e+00
-2.83357536e+00
0.00000000e+00
1.50193533e-01
0.00000000e+00
0.00000000e+00
0.00000000e+00
-1.86757226e+00
6.59712115e-01
-8.51733485e-02
2.33960399e-01
1.42862559e-01
-5.63568473e-01
-8.93881622e-01
4.47394757e+00
4.55728217e+00
4.39222827e+00
4.52557179e+00
4.72660881e+00
4.70498080e+00
2.14877538e-01
4.73722181e-01
5.06207562e-01
6.63909293e-02
2.41044835e-01
-3.03104261e-01
1.10152948e+00
5.13549323e-01
4.06416889e-01
2.46599047e-01
1.06840669e-01
4.13003465e-02
1.69769904e+00
0.00000000e+00
0.00000000e+00
0.00000000e+00
-1.81337113e+00
1.19057298e-01
0.00000000e+00
0.00000000e+00
4.50748744e-01
-2.57941475e-01
-2.01555389e+00
0.00000000e+00
-6.32687143e-01
-1.50052431e+00
-1.05344393e+00
-8.18935192e-01
-1.68613107e+00
0.00000000e+00
0.00000000e+00
0.00000000e+00
-2.19681900e-01
7.12049030e-01
-2.40304532e-01
4.75298003e-02
9.58435742e-01
1.09939440e+00
8.56108381e-03
8.24142999e-01
-9.30483009e-01
0.00000000e+00
-7.79286443e-01
-9.05555163e-01
-1.01344924e+00
-3.82741224e-01
-8.01226645e-01
4.68794333e-01
5.10965494e-01
-9.13075375e-01
-8.43330040e-02
-4.58674179e-02
5.62210666e-01
0.00000000e+00
0.00000000e+00
0.00000000e+00
2.39746116e-01
-1.35396353e-01
1.73812620e-02
2.09195296e-01
1.39460381e-01
-1.74416182e-01
1.86885176e-01
-5.49368119e-01
2.56870688e-01
0.00000000e+00
1.55438079e-01
9.82218320e-02
2.39799620e-01
5.98875181e-02
-1.57727112e-01
-1.44932619e-01
-1.22104680e-01
2.69001352e-01
7.83369031e-02
-1.04068491e-01
-4.11976752e-01
-2.51948213e-01
-5.54168769e-01
-4.24152279e-01
-5.90542663e-02
2.01738010e+00
-5.94459966e-01
-1.67486834e+00
-1.07413164e+00
0.00000000e+00
0.00000000e+00
0.00000000e+00
-6.79960007e-01
1.15760381e-01
-5.06551380e-02
7.81687379e-01
-2.39958730e-01
4.69549358e-01
4.07091113e-01
-1.24663395e+00
2.29544447e-01
0.00000000e+00
-1.71392368e-01
5.20736003e-01
-5.19363079e-02
-4.43966914e-02
-6.72378210e-01
-6.36090716e-01
-4.51473028e-01
2.18263147e-01
-7.51697647e-02
5.03281441e-01
-1.60028540e-01
4.62708779e-01
1.10777828e+00
4.69905678e-01
-1.27415432e+00
-3.80738930e-01
-7.97453912e-01
-2.82708072e-01
-7.90400831e-01
2.84401299e+00
-2.00084191e+00
0.00000000e+00
-8.93415392e-01
1.45958755e+00
0.00000000e+00
0.00000000e+00
-2.31945950e+00
0.00000000e+00
0.00000000e+00
0.00000000e+00
-7.78549565e-01
1.91199854e-01
-2.64279282e-01
-1.03706048e+00
1.44267564e+00
6.13617358e-01
1.74291391e-02
2.47567988e-01
-8.65544168e-01
0.00000000e+00
-7.50146810e-01
-9.13370772e-01
-5.23730534e-01
4.89726948e-01
1.00228618e-01
3.24415245e-01
7.70055973e-01
-6.81468679e-01
-2.66887397e-01
-4.35338578e-01
6.49658815e-01
0.00000000e+00
0.00000000e+00
0.00000000e+00
3.99238635e-02
-2.32623855e-01
-6.83331289e-02
4.93796875e-01
-2.35327904e-01
-1.20970498e-01
2.76663757e-01
-1.89560266e-01
1.05477738e-01
0.00000000e+00
-4.69932819e-02
-4.37479886e-02
1.78257611e-01
6.60373372e-02
8.73491702e-02
-4.85707510e-02
-2.82823478e-01
3.72463764e-01
2.37994647e-01
6.06452037e-02
-7.57995502e-01
-2.44277325e-01
5.27829808e-02
-3.42898362e-01
-1.40036384e-01
1.81646030e+00
-7.76517011e-01
-1.28422062e+00
-3.49607731e-01
0.00000000e+00
0.00000000e+00
0.00000000e+00
-4.68041064e-02
7.33456905e-01
4.64613478e-02
-1.33474913e+00
4.75582572e-01
-2.64216709e-01
-7.90543455e-01
7.38451698e-01
-9.27242702e-02
0.00000000e+00
-1.56713405e-01
-2.48089762e-01
-1.96333426e-03
1.28903484e-01
3.27845941e-01
4.93936608e-01
1.86632997e-01
6.00927465e-02
-3.90859243e-02
-5.66081936e-01
-5.13718176e-01
3.07026216e+00
7.90384220e-01
-7.04165125e-01
-1.56146400e+00
-1.25624698e+00
7.07468139e-01
1.51372727e+00
3.79704144e-01
2.02455735e+00
-2.69825471e+00
-5.82549619e-01
-3.05217016e-01
2.86383993e+00
1.07287505e+00
-4.91552198e-01
247
-1.39874319e+00
-6.43821555e-01
-7.54921640e-01
-1.27405768e-01
-5.16415787e-01
0.00000000e+00
0.00000000e+00
0.00000000e+00
0.00000000e+00
0.00000000e+00
0.00000000e+00
0.00000000e+00
0.00000000e+00
0.00000000e+00
0.00000000e+00
0.00000000e+00
0.00000000e+00
0.00000000e+00
0.00000000e+00
0.00000000e+00
0.00000000e+00
0.00000000e+00
0.00000000e+00
0.00000000e+00
0.00000000e+00
0.00000000e+00
0.00000000e+00
0.00000000e+00
0.00000000e+00
0.00000000e+00
0.00000000e+00
0.00000000e+00
0.00000000e+00
0.00000000e+00
0.00000000e+00
0.00000000e+00
0.00000000e+00
0.00000000e+00
0.00000000e+00
0.00000000e+00
0.00000000e+00
-7.42632063e-01
4.63733047e-02
1.28794633e-01
-1.67390858e-03
-4.19375561e-01
-4.22957343e-03
-3.65530203e-01
-2.70986886e-03
0.00000000e+00
0.00000000e+00
-3.69397371e-01
2.30780813e-01
6.31882328e-01
-6.63944167e-01
-5.31162420e-01
-1.04894640e-01
0.00000000e+00
0.00000000e+00
6.08531563e+00
1.38298136e+00
0.00000000e+00
0.00000000e+00
0.00000000e+00
0.00000000e+00
0.00000000e+00
0.00000000e+00
-2.53446585e-01
-2.53601820e-01
-9.29489176e-01
-1.40660096e+00
-1.58478484e+00
-3.19461727e+00
0.00000000e+00
0.00000000e+00
0.00000000e+00
0.00000000e+00
0.00000000e+00
0.00000000e+00
6.11720221e-02
3.42432775e-01
3.05251736e-01
-6.93011912e-01
-2.00118917e-01
-7.88751714e-01
4.90413202e+00
5.56780137e+00
4.88393686e+00
4.77719288e+00
3.11995288e+00
5.13331596e+00
9.43674181e-01
-1.76171154e-01
-1.35749253e-01
0.00000000e+00
1.03551759e+00
1.29695120e+00
1.20350528e+00
-8.56911168e-01
-6.40467038e-02
0.00000000e+00
6.66020831e-01
0.00000000e+00
0.00000000e+00
0.00000000e+00
0.00000000e+00
0.00000000e+00
2.71473518e-01
-5.27281607e-01
0.00000000e+00
0.00000000e+00
2.57495439e-01
-4.44356916e-01
-1.26434075e+00
-1.40153762e+00
-1.86861477e-01
0.00000000e+00
0.00000000e+00
0.00000000e+00
-7.29469787e-01
1.01215277e+00
5.32139155e-01
-4.51022610e-01
3.02432572e-01
1.51936935e+00
2.88198451e-01
8.28365970e-01
0.00000000e+00
0.00000000e+00
3.64655875e-01
0.00000000e+00
0.00000000e+00
8.41099045e-01
-6.94865736e-01
6.66121333e-01
1.17413102e+00
0.00000000e+00
1.72478576e-01
2.51606491e-01
1.44708941e-01
2.67059580e-01
4.22956724e-01
-4.43774163e-01
-5.73389695e-01
-2.52896666e-01
0.00000000e+00
0.00000000e+00
0.00000000e+00
7.38910813e-01
8.21434146e-01
3.09529334e-01
4.20014022e-01
6.26450757e-01
5.66730108e-02
8.38906546e-02
6.53907182e-01
0.00000000e+00
0.00000000e+00
2.32158512e-01
0.00000000e+00
0.00000000e+00
0.00000000e+00
1.02364685e+00
3.83040383e-01
3.26493945e-01
0.00000000e+00
0.00000000e+00
-5.02626446e-02
-1.22350639e-01
0.00000000e+00
-9.99976370e-02
-6.69308112e-01
-3.31570418e-01
-9.56414072e-03
0.00000000e+00
0.00000000e+00
0.00000000e+00
-3.22006277e-01
0.00000000e+00
0.00000000e+00
0.00000000e+00
-2.66587836e+00
0.00000000e+00
0.00000000e+00
0.00000000e+00
5.76644547e-02
0.00000000e+00
-1.66199423e-01
8.92970652e-02
9.37792799e-04
1.09595342e+00
4.28669705e-01
5.19788292e-01
0.00000000e+00
0.00000000e+00
2.60823234e-01
-1.09514160e+00
-4.95036164e-01
-3.97286083e-01
-9.26587443e-01
5.92817583e-01
2.53551684e-01
-2.31464391e-01
5.22361405e-01
5.20326201e-02
-1.04377425e+00
-4.76134399e-01
0.00000000e+00
3.59966404e-01
-3.20944558e-01
-2.28556458e-01
0.00000000e+00
0.00000000e+00
0.00000000e+00
2.99046743e-01
0.00000000e+00
1.64121322e-01
4.42968848e-01
0.00000000e+00
1.43610766e-01
6.25529332e-01
-3.28877058e-01
0.00000000e+00
0.00000000e+00
5.52735701e-01
9.10278170e-01
5.64640331e-01
6.99381280e-01
0.00000000e+00
7.63151952e-02
4.00411350e-01
0.00000000e+00
5.91007359e-01
7.72573817e-01
-5.67639848e-01
1.20972831e+00
-7.55140673e-01
-2.54799073e-01
-1.62210411e+00
-7.88206346e-01
1.14696369e+00
2.91022154e-02
-5.92708306e-01
-8.33897768e-01
5.46901644e-01
2.10157395e-01
0.00000000e+00
1 -999999999 6 0 -1
1 0 2 1 -1
-5.6004e-01 3.2750e-01
356
-5.72366901e-01
0.00000000e+00
0.00000000e+00
0.00000000e+00
0.00000000e+00
0.00000000e+00
0.00000000e+00
0.00000000e+00
0.00000000e+00
0.00000000e+00
0.00000000e+00
0.00000000e+00
0.00000000e+00
0.00000000e+00
0.00000000e+00
0.00000000e+00
-1.89131031e-01
-3.83235870e-01
-9.12758303e-02
4.36365519e-01
-9.34301706e-02
1.94295471e-02
0.00000000e+00
0.00000000e+00
-3.95042185e-02
-5.59988479e-02
0.00000000e+00
0.00000000e+00
-2.30107081e-01
-1.31954230e-01
2.70785481e-01
-1.85934177e-01
-3.86432724e-01
-2.68779305e+00
-5.51990832e+00
1.30532498e+00
6.02156308e-01
1.41496784e+00
1.55607610e+00
1.08689103e+00
1.53715054e+00
0.00000000e+00
0.00000000e+00
0.00000000e+00
0.00000000e+00
0.00000000e+00
0.00000000e+00
0.00000000e+00
0.00000000e+00
0.00000000e+00
0.00000000e+00
1.79525648e-01
-4.42825021e-01
-9.47790341e-01
0.00000000e+00
0.00000000e+00
0.00000000e+00
0.00000000e+00
-7.14374221e-01
1.78468956e-01
-6.79198794e-02
4.86507444e-01
5.37627037e-01
-1.46203571e-01
2.22443228e-01
-3.97357124e-01
-5.50143066e-01
-6.86473931e-02
0.00000000e+00
0.00000000e+00
0.00000000e+00
-6.60433980e-02
2.57380598e-02
-7.83866901e-01
-1.40939128e+00
7.03368848e-03
4.67001600e-01
9.48769374e-01
-1.82230800e-04
-5.96563593e-02
0.00000000e+00
0.00000000e+00
6.72713761e-01
3.83217003e-02
-5.02537717e-01
-1.06504636e-02
-4.22563937e-02
-5.78077998e-01
0.00000000e+00
0.00000000e+00
1.88689993e-01
-2.20724940e-01
-1.94764646e-01
2.16113033e-01
-3.31856490e-01
-1.31703602e-01
-2.12915004e-01
-2.32858586e-01
1.12726499e-02
1.86097501e-01
5.87516853e-01
5.50712682e-04
0.00000000e+00
0.00000000e+00
3.00431884e+00
2.70143699e+00
0.00000000e+00
0.00000000e+00
0.00000000e+00
6.81902861e-01
2.60428136e-01
-1.10069331e-01
-5.52648596e-01
8.91684487e-02
-1.72655358e-01
-4.41817643e-01
-1.08819023e+00
-2.12679510e+00
0.00000000e+00
0.00000000e+00
0.00000000e+00
0.00000000e+00
0.00000000e+00
0.00000000e+00
6.44351859e-01
-2.45789585e-01
3.23104094e-01
-2.93829048e-01
-4.38349974e-01
-1.63691289e+00
4.96485536e+00
5.18015884e+00
5.02528652e+00
5.33983578e+00
5.25328214e+00
5.22177417e+00
2.29659684e-01
3.89019240e-01
7.69311029e-01
2.08838311e-01
4.87470665e-01
-6.80941768e-02
3.39592403e-01
5.96265941e-01
6.88420518e-01
1.61173590e-01
-1.38949721e-01
6.01701458e-02
7.16252750e-01
0.00000000e+00
0.00000000e+00
0.00000000e+00
0.00000000e+00
0.00000000e+00
0.00000000e+00
0.00000000e+00
3.37758694e-01
-2.13366735e-01
-2.21445741e+00
0.00000000e+00
-8.97186249e-01
-9.30472375e-01
-4.65042082e-01
-9.78295961e-01
-1.36222833e+00
0.00000000e+00
0.00000000e+00
0.00000000e+00
4.39318893e-01
1.14769434e+00
-1.87984131e-01
4.83379140e-02
1.04984460e+00
4.07491932e-01
1.22821362e-01
-2.91358628e-01
3.49577315e-01
0.00000000e+00
4.41328936e-01
-1.17445140e+00
-1.53458152e+00
-7.75849955e-02
-6.58087521e-01
-3.74669151e-02
-2.66165470e-01
-6.52196327e-01
1.85652196e-01
-6.74418903e-01
-1.62782851e-01
0.00000000e+00
0.00000000e+00
0.00000000e+00
-1.69151781e-01
-4.53084186e-01
-1.68999450e-02
1.85090926e-01
1.41223379e-02
-2.01013249e-01
-4.36657088e-02
4.02425393e-01
-2.65356490e-01
0.00000000e+00
-1.77108055e-01
9.06254941e-02
2.62582868e-01
3.59569690e-02
-2.60754524e-02
-1.35790471e-02
1.98469659e-01
8.02475218e-02
-9.82623543e-02
3.18922494e-02
-2.44383837e-01
-1.77907426e-01
1.40138275e+00
1.42177856e+00
2.01907282e-01
1.23047381e+00
-3.85173623e-01
-1.02320761e+00
2.91670501e-01
0.00000000e+00
0.00000000e+00
0.00000000e+00
-1.11294204e-01
7.00170240e-01
1.73874860e-02
3.25175728e-01
-4.25164150e-01
1.83650877e-01
3.26187789e-01
-8.78731811e-01
7.56034113e-01
0.00000000e+00
4.44706236e-01
-6.11807037e-02
2.66144790e-01
-9.62560031e-02
-9.91201768e-01
-5.77982126e-01
-2.35037369e-01
-8.49751659e-02
2.42002437e-01
4.92034105e-01
-6.64764106e-02
5.71486675e-01
-3.28215874e-01
-1.33883286e+00
-1.11784449e+00
-7.19278823e-01
-5.26460494e-01
-2.40741224e-01
-2.14624344e+00
1.94894146e+00
-1.83455833e+00
-8.33661948e-01
-3.98565672e-01
4.14393172e-01
-4.40702630e-01
-1.56509926e+00
-1.90876834e+00
0.00000000e+00
0.00000000e+00
0.00000000e+00
-5.56343818e-01
-5.39417219e-01
-7.96894771e-01
-1.68451383e-01
5.87362552e-01
3.85694374e-01
8.91690004e-01
1.12903594e-01
-1.22201915e+00
0.00000000e+00
-1.75948624e-01
-8.45160237e-01
-3.53506047e-01
-8.62081001e-02
1.10006154e+00
-9.66662679e-02
-4.72660648e-01
-7.64515115e-01
5.21203526e-01
5.70107449e-01
-2.02822845e-02
0.00000000e+00
0.00000000e+00
0.00000000e+00
-1.26417582e-01
5.53091315e-01
-2.30489453e-01
-2.35954609e-01
-2.82247340e-01
-1.73231316e-01
-1.09398664e-02
1.36494334e-02
3.21454581e-02
0.00000000e+00
-5.69291076e-02
1.16088148e-01
1.36806238e-01
1.97217404e-01
-3.20263731e-01
4.67326327e-02
1.18254827e-01
8.21290277e-02
-6.35673967e-02
1.83643633e-01
-2.14929400e-01
-2.04026301e-01
2.55557102e-01
-7.13701296e-01
-3.14917330e-01
9.34381417e-01
-1.94011751e-01
-9.44395967e-01
2.50445707e-01
0.00000000e+00
0.00000000e+00
0.00000000e+00
6.92909489e-01
-3.37685068e-01
-3.58041956e-01
-1.96774472e+00
4.73115170e-01
9.50172555e-02
-3.21556009e-01
4.02696032e-01
-4.16493066e-01
0.00000000e+00
2.80501270e-01
8.04270295e-02
1.99071781e-01
-1.76311505e-02
5.44907644e-01
4.91734264e-01
-1.96662129e-01
1.01443778e+00
2.30021230e-02
-4.31560028e-01
-1.09030992e-02
2.03630547e-01
-4.91426420e-01
-8.53016279e-01
-1.69383893e+00
-7.26446073e-01
0.00000000e+00
-2.51529073e-01
4.21576609e-02
1.64986772e+00
-1.61778243e+00
0.00000000e+00
-9.67392861e-01
-8.94171821e-01
1.27142360e+00
4.94436753e-01
247
-1.18196552e+00
0.00000000e+00
0.00000000e+00
0.00000000e+00
0.00000000e+00
0.00000000e+00
0.00000000e+00
0.00000000e+00
0.00000000e+00
0.00000000e+00
0.00000000e+00
0.00000000e+00
0.00000000e+00
0.00000000e+00
-5.95011522e-01
-5.86953995e-01
-3.79661923e-01
-2.15349599e-01
4.82881242e-01
0.00000000e+00
0.00000000e+00
0.00000000e+00
0.00000000e+00
1.71316657e-01
1.45177761e-01
0.00000000e+00
0.00000000e+00
-1.09431833e+00
0.00000000e+00
2.62557265e-01
-1.35687559e+00
0.00000000e+00
1.04457981e+00
-7.94705501e-01
0.00000000e+00
0.00000000e+00
0.00000000e+00
0.00000000e+00
0.00000000e+00
0.00000000e+00
0.00000000e+00
0.00000000e+00
0.00000000e+00
-6.70425631e-02
-4.10384608e-04
-5.69923937e-01
2.13806584e-03
-4.63129143e-01
8.07207783e-04
0.00000000e+00
0.00000000e+00
-8.82698062e-01
-3.12980568e-01
-8.94455483e-02
1.23790026e-01
1.27350150e-01
3.29999842e-02
0.00000000e+00
0.00000000e+00
2.47350150e+00
2.58458007e+00
0.00000000e+00
0.00000000e+00
0.00000000e+00
0.00000000e+00
0.00000000e+00
4.00344886e-02
-3.02049517e-01
3.98298090e-01
2.83780347e-01
-1.74712129e-01
-1.01985353e+00
-2.69648524e+00
0.00000000e+00
1.28874043e-01
0.00000000e+00
0.00000000e+00
0.00000000e+00
-2.03184437e+00
7.77576350e-01
-3.69398209e-02
9.62144518e-02
-1.89658746e-01
-1.12937709e+00
-1.25899723e+00
4.79480527e+00
4.93486970e+00
4.98188741e+00
5.02071867e+00
5.00416467e+00
4.99173814e+00
-1.67810777e-02
8.11245672e-02
-1.96348938e-01
-1.45255378e-01
-9.39142111e-02
-2.56290615e-01
5.33249748e-01
3.56268849e-01
3.73468411e-01
1.23507566e-01
-3.23560535e-02
-1.73120366e-01
-1.44445028e-01
-2.02536349e+00
6.83834253e-02
0.00000000e+00
9.87843005e-01
-1.20118331e+00
-2.64802718e+00
-2.49947704e+00
-5.08191979e-01
-4.99247856e-01
-6.48778320e-01
-6.18290224e-01
-1.00743983e+00
0.00000000e+00
0.00000000e+00
0.00000000e+00
4.61418185e-01
-8.40382511e-01
-2.65409051e-01
2.26170066e-01
1.45360577e+00
1.09244506e-01
2.29261519e-01
7.81335241e-01
-8.00889575e-01
0.00000000e+00
-3.83908308e-01
-4.00264841e-01
-8.96171886e-01
-7.16761753e-01
2.69915220e-01
4.23040021e-01
3.34207694e-01
2.08705865e-01
-9.04306698e-02
-1.11012532e+00
3.66411220e-01
9.73601439e-01
6.20808759e-01
7.90819116e-01
6.50151703e-01
-9.16662935e-01
0.00000000e+00
0.00000000e+00
0.00000000e+00
-8.18339673e-02
0.00000000e+00
4.87562699e-02
-5.91440320e-01
-8.64445206e-02
-1.34376480e-01
-8.25818309e-03
-3.18585404e-02
-3.30914223e-01
0.00000000e+00
2.68417291e-01
1.19558386e-01
7.77732229e-02
1.55906279e-01
5.82785853e-01
-1.62307113e-01
-1.52465730e-01
-3.00958877e-01
1.06376309e-01
3.11286311e-01
-6.07190219e-01
-1.75477198e+00
-1.53823969e+00
-9.21632552e-01
-1.37385105e+00
-1.48179342e+00
3.29150858e-01
1.56096362e+00
-1.19263222e+00
1.07942364e-01
-5.91477880e-01
-9.08405606e-01
-2.51170344e+00
-1.26706854e+00
0.00000000e+00
0.00000000e+00
0.00000000e+00
-6.82083660e-01
-1.24530232e+00
-2.48644193e-01
5.34921837e-01
1.40236252e+00
4.97021047e-01
7.99928654e-01
6.59920100e-02
-8.08116297e-01
0.00000000e+00
-8.17416068e-01
-1.18394206e+00
-1.70838081e-01
5.38011887e-01
-6.39725341e-01
3.02800044e-01
2.41078923e-01
2.05414567e-01
2.06280253e-01
-2.64812263e-01
3.56511301e-01
7.28191915e-01
-2.29496175e-01
-1.18089845e-01
-2.55639616e-01
-7.42626425e-01
0.00000000e+00
0.00000000e+00
0.00000000e+00
-1.85291573e-01
8.66010173e-01
3.46628155e-03
6.78062594e-02
-6.33673688e-01
3.89813174e-02
1.73996592e-01
-2.80946259e-01
2.94487262e-01
0.00000000e+00
1.35681924e-01
-4.37905201e-01
-7.53757610e-02
-9.60607992e-02
-1.32816047e-01
-2.61874049e-01
-2.48549737e-01
-1.93649056e-01
-1.63664446e-01
3.86750380e-01
-3.71680613e-01
4.29549083e-01
-9.49772987e-02
-1.79992224e-01
-1.62357985e+00
-1.37697023e+00
0.00000000e+00
-2.02531193e-01
1.01928729e-01
-2.46609611e-01
1.29174689e+00
1.02913725e+00
6.27697822e-01
5 1
-6.6479e-01 8.6635e-02
2 0
0 1 
217
1.28934015e+00
-1.65370454e+00
3.08746366e-02
-2.81540484e-01
2.83514932e-02
7.79905141e-01
8.56335086e-01
-7.35363049e-02
8.68133745e-01
-7.14416379e-01
-2.60246095e-01
-6.31572275e-01
-2.03234083e-01
-1.04059145e-01
-3.58630803e-02
-1.09013546e-02
-1.10300842e-02
1.19544849e+00
-4.67294174e-03
-6.81439038e-02
4.18801545e-01
-6.50637837e-03
1.27397581e-01
-2.89046805e-01
-1.30265975e-03
2.07025404e-01
0.00000000e+00
0.00000000e+00
6.00658012e-01
2.87028266e-01
8.00353136e-02
3.51919270e-01
2.83147460e-01
1.96027720e-02
0.00000000e+00
0.00000000e+00
3.15281448e-01
1.24574132e-01
8.49484566e-01
0.00000000e+00
0.00000000e+00
0.00000000e+00
0.00000000e+00
0.00000000e+00
3.15281448e-01
5.00189250e-01
-3.75615117e-01
8.49484566e-01
0.00000000e+00
0.00000000e+00
0.00000000e+00
0.00000000e+00
0.00000000e+00
0.00000000e+00
0.00000000e+00
0.00000000e+00
0.00000000e+00
0.00000000e+00
0.00000000e+00
0.00000000e+00
8.49484566e-01
-3.75615117e-01
5.00189250e-01
0.00000000e+00
-5.17515640e-02
-1.25068505e+00
7.94538777e-01
1.51413335e+00
5.55135040e-01
1.55513386e+00
0.00000000e+00
8.15470698e-01
-1.36652280e+00
8.36065122e-02
-7.06303630e-01
3.90262937e-01
-8.21839622e-02
0.00000000e+00
0.00000000e+00
0.00000000e+00
0.00000000e+00
0.00000000e+00
0.00000000e+00
0.00000000e+00
0.00000000e+00
0.00000000e+00
0.00000000e+00
0.00000000e+00
0.00000000e+00
0.00000000e+00
0.00000000e+00
0.00000000e+00
0.00000000e+00
0.00000000e+00
0.00000000e+00
0.00000000e+00
0.00000000e+00
0.00000000e+00
0.00000000e+00
0.00000000e+00
0.00000000e+00
0.00000000e+00
0.00000000e+00
0.00000000e+00
0.00000000e+00
0.00000000e+00
0.00000000e+00
0.00000000e+00
0.00000000e+00
0.00000000e+00
0.00000000e+00
0.00000000e+00
0.00000000e+00
0.00000000e+00
0.00000000e+00
0.00000000e+00
0.00000000e+00
0.00000000e+00
0.00000000e+00
-2.67736763e+00
-1.37765342e+00
-2.07833032e+00
0.00000000e+00
0.00000000e+00
0.00000000e+00
-1.17565692e-01
-1.04363844e+00
3.08078553e-01
8.47322510e-01
1.12789103e-01
7.12773925e-01
-9.92130398e-02
1.30390958e+00
-1.83687347e-02
0.00000000e+00
-4.76744630e-01
-6.64093716e-01
-1.47979336e+00
-8.26136947e-01
8.90406167e-01
1.18039265e+00
1.71216456e-01
-1.55547836e-01
-1.69792462e+00
-1.02619225e+00
-3.21227534e-01
0.00000000e+00
0.00000000e+00
0.00000000e+00
3.53620448e-01
-1.56835540e+00
-3.42564849e-01
-2.45106078e-01
3.79595997e-01
-5.02638738e-02
1.23493979e-01
-1.92804710e-01
-2.47848026e-01
0.00000000e+00
6.46384176e-02
-1.62437167e-01
2.49779196e-01
4.54432550e-01
-2.70441616e-01
-4.76499480e-01
4.59168251e-02
-8.80722499e-02
1.14159785e+00
5.10090650e-01
-1.43441109e+00
0.00000000e+00
0.00000000e+00
0.00000000e+00
-5.50294546e-01
-5.20466542e-01
3.42358605e-02
2.26904982e-01
1.69766710e-01
-8.03228960e-01
5.29797713e-01
-5.59291633e-01
-2.03777515e-01
0.00000000e+00
2.95287603e-01
-6.46636104e-01
-9.48656301e-02
8.87035805e-01
-1.91250118e+00
3.38722203e-01
1.20988019e+00
-3.65417734e-01
6.98702282e-01
-1.68264602e-01
-2.51878809e-01
0.00000000e+00
0.00000000e+00
0.00000000e+00
2.94381548e-01
-6.47913874e-01
2.84657539e-01
-4.57422241e-02
2.94033225e-01
9.79751435e-01
-8.33752698e-02
3.66763513e-01
-6.42215490e-01
0.00000000e+00
-3.18398895e-01
-7.70880038e-01
-2.20581921e-01
-1.16949529e-01
1.11747122e+00
4.13609850e-02
-6.83063357e-01
2.19504809e-01
-1.75215407e-01
-1.45467083e-01
136
8.33392382e-01
7.78477087e-02
1.39047246e-02
5.41476416e-01
-4.73306979e-03
2.93998754e-01
-1.43478484e-03
-7.99304966e-02
1.06741457e-03
0.00000000e+00
0.00000000e+00
2.78931757e-01
-7.81408073e-02
-8.81870459e-03
4.70771318e-01
3.84571329e-01
4.62568044e-02
0.00000000e+00
0.00000000e+00
5.01187181e-01
-3.79388097e-02
3.70144011e-01
0.00000000e+00
0.00000000e+00
0.00000000e+00
0.00000000e+00
0.00000000e+00
5.01187181e-01
6.36586654e-01
-6.74525464e-01
3.70144011e-01
0.00000000e+00
0.00000000e+00
0.00000000e+00
0.00000000e+00
0.00000000e+00
0.00000000e+00
0.00000000e+00
0.00000000e+00
0.00000000e+00
0.00000000e+00
0.00000000e+00
0.00000000e+00
0.00000000e+00
0.00000000e+00
0.00000000e+00
0.00000000e+00
-1.94782361e-01
1.06901016e+00
-6.95294567e-01
-2.75791347e-01
0.00000000e+00
1.13880220e+00
-2.49167966e-01
7.70912731e-01
-1.46168468e+00
0.00000000e+00
0.00000000e+00
0.00000000e+00
0.00000000e+00
3.70144011e-01
-6.74525464e-01
6.36586654e-01
0.00000000e+00
0.00000000e+00
0.00000000e+00
0.00000000e+00
0.00000000e+00
0.00000000e+00
0.00000000e+00
0.00000000e+00
0.00000000e+00
0.00000000e+00
0.00000000e+00
0.00000000e+00
0.00000000e+00
0.00000000e+00
0.00000000e+00
0.00000000e+00
0.00000000e+00
0.00000000e+00
0.00000000e+00
0.00000000e+00
0.00000000e+00
0.00000000e+00
0.00000000e+00
-1.73666977e+00
-1.09999279e+00
-2.44157694e+00
0.00000000e+00
0.00000000e+00
0.00000000e+00
2.29418306e-01
-1.83908567e+00
9.57026656e-02
5.99344804e-01
1.90673916e-01
3.43179632e-01
6.24383914e-01
1.34559194e+00
-7.91372564e-01
0.00000000e+00
-4.94777693e-01
-1.71485476e+00
-1.26977058e+00
-3.58358802e-01
1.19563186e+00
9.68840804e-01
6.01073331e-01
-1.48682297e+00
-2.86525703e-01
-3.93849377e-01
-1.76531451e+00
0.00000000e+00
0.00000000e+00
0.00000000e+00
2.13261144e-01
-1.82612641e+00
-4.60627441e-01
5.97795942e-01
1.84556185e-01
3.68826995e-01
1.05979965e+00
1.23344788e-01
-1.31549429e+00
0.00000000e+00
5.14155114e-01
-1.05096336e+00
-4.60203882e-01
7.56999081e-01
-6.96852772e-01
4.72421513e-01
5.60546593e-01
-1.09931789e+00
-1.02386376e-01
3.94950907e-01
2 1
-7.2104e-01 1.0789e-01
3 0
0 1 5 
217
-2.77492093e-03
-1.12472416e+00
1.12714613e+00
-4.49678279e-01
-3.73998623e-01
1.21546020e-01
-7.71670321e-02
7.27817584e-01
4.46894799e-01
8.75947242e-01
1.09809636e+00
-1.06361139e+00
-1.09660043e+00
-1.05080455e-01
-7.50698867e-05
-1.42047583e-02
1.41536466e-01
2.40774825e-01
-1.29538352e-02
1.97492413e-01
-1.87759921e-01
-1.32451840e-02
2.17920815e-01
-5.57147545e-02
-2.60363303e-03
-2.75820750e-01
0.00000000e+00
0.00000000e+00
6.20947572e-01
-1.28632621e-02
1.71488903e-01
2.66264257e-01
-3.08802971e-01
-4.81429390e-01
0.00000000e+00
0.00000000e+00
5.88009997e-01
-5.77814739e-01
-6.23297822e-01
6.10327642e-01
0.00000000e+00
0.00000000e+00
0.00000000e+00
0.00000000e+00
5.88009997e-01
-8.04935902e-01
2.14876724e-03
5.00272086e-01
2.24972397e-01
2.86409249e-01
-1.40997916e+00
6.10327642e-01
0.00000000e+00
0.00000000e+00
0.00000000e+00
0.00000000e+00
0.00000000e+00
0.00000000e+00
0.00000000e+00
0.00000000e+00
-2.99379429e-01
2.14876724e-03
-2.93554256e-01
0.00000000e+00
-5.75933619e-01
-6.59269455e-01
5.26241969e-01
1.88616587e+00
6.58311065e-02
9.43044530e-01
0.00000000e+00
2.95370119e-01
-1.33080257e+00
-1.17526044e-01
-7.73234366e-01
-1.79704618e-01
-4.74325674e-01
0.00000000e+00
2.85494949e-01
-7.29504148e-02
2.66766189e-01
-8.21280928e-01
-5.55036059e-01
5.93754699e-02
0.00000000e+00
0.00000000e+00
0.00000000e+00
0.00000000e+00
0.00000000e+00
0.00000000e+00
0.00000000e+00
0.00000000e+00
0.00000000e+00
0.00000000e+00
0.00000000e+00
0.00000000e+00
0.00000000e+00
0.00000000e+00
0.00000000e+00
0.00000000e+00
0.00000000e+00
0.00000000e+00
0.00000000e+00
0.00000000e+00
0.00000000e+00
0.00000000e+00
0.00000000e+00
0.00000000e+00
0.00000000e+00
0.00000000e+00
0.00000000e+00
0.00000000e+00
0.00000000e+00
0.00000000e+00
0.00000000e+00
0.00000000e+00
0.00000000e+00
0.00000000e+00
0.00000000e+00
-1.86439110e+00
-1.14527288e+00
-2.79363276e+00
0.00000000e+00
0.00000000e+00
0.00000000e+00
5.19765507e-01
-7.12570835e-01
-8.83308167e-01
2.26263988e-01
-2.19285892e-01
-2.93453745e-01
2.80137432e-01
8.82911572e-01
-3.16457434e-01
0.00000000e+00
-9.76014315e-02
-8.90520054e-01
-7.33424281e-01
-1.34532267e+00
3.76232156e-01
5.52404008e-01
9.45958481e-01
-3.35154298e-01
-2.20951130e-01
-5.29255965e-01
1.76438845e-01
0.00000000e+00
0.00000000e+00
0.00000000e+00
-4.81573689e-02
-6.38705573e-01
2.65194990e-01
2.68481629e-01
3.73903323e-01
1.52526304e-01
4.22681615e-02
-1.32578096e-01
-5.64557138e-03
0.00000000e+00
-9.26808190e-02
6.48190273e-02
-9.97620069e-02
5.75810524e-01
-8.86285479e-02
4.60772293e-02
-3.95047223e-01
-3.39921428e-01
2.83721827e-02
2.00112108e-01
-2.40328888e+00
0.00000000e+00
0.00000000e+00
0.00000000e+00
-6.35551774e-02
-5.60520232e-01
-1.10168379e+00
1.41845851e-01
4.69035779e-01
-2.51241640e-01
3.91125413e-01
-1.37791592e+00
-8.92127506e-01
0.00000000e+00
9.65516208e-01
-4.66590790e-01
-3.52027823e-01
-6.66906317e-01
-8.69881718e-01
1.06320347e+00
8.16406003e-01
-3.84458042e-01
2.69650823e-01
4.66836534e-01
4.33398494e-02
0.00000000e+00
0.00000000e+00
0.00000000e+00
2.44172748e-02
-6.05376901e-01
3.28522965e-01
-9.67662833e-02
-3.34239705e-01
8.16404677e-01
6.76650875e-01
7.94929896e-01
3.51428140e-01
0.00000000e+00
-5.75351129e-01
-3.82179981e-01
-4.76651597e-01
5.62790422e-01
7.37132124e-01
-4.06636719e-01
-1.85569325e-01
-5.74742419e-01
-3.42450895e-01
-2.68971571e-01
136
8.45891321e-01
5.96932141e-02
9.52990056e-03
3.98351529e-01
-4.97935061e-04
2.81923841e-01
7.30116024e-04
1.05922736e-01
1.12670874e-03
0.00000000e+00
0.00000000e+00
1.91439948e-01
-1.29990975e-01
-1.99860960e-02
4.19383198e-01
4.42140462e-01
1.47541073e-01
0.00000000e+00
0.00000000e+00
1.74017229e-01
-2.75225441e-01
3.39903086e-01
6.07196447e-01
0.00000000e+00
0.00000000e+00
0.00000000e+00
0.00000000e+00
1.74017229e-01
1.09332992e-01
-3.74397142e-01
1.42788439e-01
0.00000000e+00
9.54258657e-01
-7.57144010e-01
6.07196447e-01
0.00000000e+00
0.00000000e+00
0.00000000e+00
0.00000000e+00
0.00000000e+00
0.00000000e+00
0.00000000e+00
0.00000000e+00
0.00000000e+00
0.00000000e+00
0.00000000e+00
0.00000000e+00
-9.34974556e-01
1.02919672e+00
-6.61279385e-01
-1.29287494e-02
0.00000000e+00
1.22778775e+00
-1.37727409e-01
7.58919091e-01
-1.76287031e+00
0.00000000e+00
1.04715133e-01
-3.40777429e-01
-5.60183402e-02
2.65478562e-01
-3.74397142e-01
1.05343036e+00
0.00000000e+00
0.00000000e+00
0.00000000e+00
0.00000000e+00
0.00000000e+00
0.00000000e+00
0.00000000e+00
0.00000000e+00
0.00000000e+00
0.00000000e+00
0.00000000e+00
0.00000000e+00
0.00000000e+00
0.00000000e+00
0.00000000e+00
0.00000000e+00
0.00000000e+00
0.00000000e+00
0.00000000e+00
0.00000000e+00
0.00000000e+00
0.00000000e+00
0.00000000e+00
-1.81516783e+00
-1.23622109e+00
-2.45865324e+00
0.00000000e+00
0.00000000e+00
0.00000000e+00
2.51728048e-01
-1.99854889e+00
1.13279297e-01
5.32490796e-01
2.74174214e-01
4.43011653e-01
5.59198296e-01
1.33855856e+00
-7.96413174e-01
0.00000000e+00
-4.55742956e-01
-1.90555123e+00
-1.36414625e+00
-3.45043942e-01
1.24970890e+00
9.32837913e-01
5.87295320e-01
-1.32292921e+00
-1.88102425e-01
-3.64458160e-01
-1.74284721e+00
0.00000000e+00
0.00000000e+00
0.00000000e+00
1.72516304e-01
-1.60820831e+00
-1.61183494e-01
5.57632562e-01
3.25290470e-01
3.93607709e-01
7.52391047e-01
1.02294995e-01
-1.46692711e+00
0.00000000e+00
4.26190845e-01
-1.17652121e+00
-4.16955798e-01
7.46703859e-01
-6.38570072e-01
5.19747718e-01
5.10551982e-01
-9.82267694e-01
-6.58704107e-02
2.66729392e-01
3 1
-8.7024e-01 1.4479e-01
4 1
0 1 5 2 
217
1.77138389e-01
4.23794894e-02
-1.68603568e-01
-3.56218749e-01
-6.65610640e-01
1.04577841e-01
-3.35699119e-02
4.16645702e-01
1.88062995e-01
7.48158755e-02
2.13841927e-01
-1.88466424e-02
4.74414019e-01
-8.52065128e-01
0.00000000e+00
0.00000000e+00
0.00000000e+00
-1.04273852e-02
-7.71539624e-03
1.15387749e+00
-1.19795571e-01
5.97151186e-03
7.56594134e-01
3.12899647e-01
3.86633610e-03
7.02141837e-01
0.00000000e+00
0.00000000e+00
1.05378650e+00
1.92456005e-01
-4.51991099e-01
9.11855219e-02
1.13309814e-01
-8.16051839e-01
0.00000000e+00
0.00000000e+00
0.00000000e+00
-2.43914318e-01
6.75247767e-02
-2.17381413e-01
5.99155430e-01
0.00000000e+00
0.00000000e+00
0.00000000e+00
0.00000000e+00
-2.95133910e-01
-6.03893147e-02
3.34189203e-01
0.00000000e+00
-1.13978062e-01
-3.47550830e-01
7.73621649e-01
1.11781450e-01
-4.66361289e-01
6.62341923e-01
2.95776350e-01
0.00000000e+00
5.68235612e-01
0.00000000e+00
5.99155430e-01
4.62518702e-01
-6.03893147e-02
-1.96744911e-01
2.35180303e-01
-1.75354690e+00
-7.58510027e-01
9.53875842e-01
1.61159177e+00
7.41629142e-01
1.90462243e+00
0.00000000e+00
-2.24990998e-01
-1.79982620e+00
2.50374267e-01
-1.50904116e+00
1.51755120e-01
-1.37959548e-01
0.00000000e+00
3.98260056e-01
-1.63307951e-01
-3.20136670e-01
2.93962887e-01
-5.66832665e-02
5.53629539e-02
0.00000000e+00
1.06641836e-01
-1.00573722e+00
-4.17963463e-02
-3.21676834e-01
-4.34053702e-02
-1.16541858e-01
0.00000000e+00
0.00000000e+00
0.00000000e+00
0.00000000e+00
0.00000000e+00
0.00000000e+00
0.00000000e+00
0.00000000e+00
0.00000000e+00
0.00000000e+00
0.00000000e+00
0.00000000e+00
0.00000000e+00
0.00000000e+00
0.00000000e+00
0.00000000e+00
0.00000000e+00
0.00000000e+00
0.00000000e+00
0.00000000e+00
0.00000000e+00
0.00000000e+00
0.00000000e+00
0.00000000e+00
0.00000000e+00
0.00000000e+00
0.00000000e+00
0.00000000e+00
-2.11190235e+00
-1.98789520e+00
-2.13398981e+00
0.00000000e+00
0.00000000e+00
0.00000000e+00
5.76789402e-01
-6.79854603e-01
-2.96329357e-01
4.57795251e-01
-1.07938693e+00
1.21759769e-01
-8.45488192e-01
1.12427036e+00
5.90470157e-01
0.00000000e+00
-3.58322364e-01
-8.59073632e-01
-1.15002461e+00
1.60709542e-01
2.89149971e-01
2.79016118e-01
6.70995906e-01
-2.74493828e-01
-2.28871951e-01
-6.33100821e-01
-1.44836136e-01
0.00000000e+00
0.00000000e+00
0.00000000e+00
-1.88255289e-01
-1.21751547e+00
1.45616584e-01
3.27146300e-01
6.13693739e-01
1.57253333e-01
5.55442094e-01
-5.34066389e-02
-2.59979323e-01
0.00000000e+00
1.82868852e-01
-2.48029704e-01
-2.75533200e-01
-3.17476135e-01
-1.35346552e-01
4.25818938e-01
8.47882740e-02
-2.28306268e-01
1.58135121e-02
2.70570816e-01
-2.37259075e+00
0.00000000e+00
0.00000000e+00
0.00000000e+00
-2.34457864e-01
-7.59969531e-01
-2.21197327e-01
-2.18129615e-01
-5.31265072e-01
-5.25262963e-02
6.07487488e-01
-1.06897245e+00
-5.33989787e-01
0.00000000e+00
9.15024663e-01
-7.75430559e-01
-2.53279139e-02
8.79226722e-01
-1.14546026e+00
1.16372472e+00
3.41138027e-01
-2.12081803e-01
-2.92149256e-01
-2.08234632e-01
-1.18552921e-01
0.00000000e+00
0.00000000e+00
0.00000000e+00
1.93159232e-01
-1.77706036e+00
-2.35018727e-01
1.80546206e-01
2.38804208e-01
3.94190485e-02
-3.45559625e-02
5.07211245e-01
-1.40331939e-01
0.00000000e+00
-4.90659823e-02
-3.24472850e-01
-1.29622873e-01
1.67932201e-01
5.69271343e-01
-3.39748952e-01
8.71185287e-02
1.70440043e-01
3.93936344e-01
3.63486331e-01
136
4.14171920e-01
0.00000000e+00
0.00000000e+00
-4.94558494e-02
-1.27739566e-03
2.86702176e-01
-1.01144848e-03
2.15556862e-01
1.11651787e-03
0.00000000e+00
0.00000000e+00
1.54693416e-01
-2.08476348e-01
-1.47307286e-01
1.14808752e-01
2.65318697e-01
3.40890144e-01
0.00000000e+00
0.00000000e+00
2.28948632e-01
-3.14259648e-02
-1.51294618e-01
-4.55203582e-02
4.13464230e-01
0.00000000e+00
0.00000000e+00
0.00000000e+00
2.28948632e-01
-2.33212418e-01
-4.04107456e-01
5.60573287e-01
0.00000000e+00
3.69585250e-01
-4.94159746e-01
3.87391219e-01
5.92123308e-01
-5.08066797e-01
-1.10227703e-01
-1.41197324e-01
3.10010901e-02
1.93054684e-02
-3.11019721e-01
4.13464230e-01
0.00000000e+00
0.00000000e+00
0.00000000e+00
3.55760359e-02
-4.89247031e-01
1.22216975e+00
-5.03219062e-01
7.08278531e-02
0.00000000e+00
5.15883681e-01
-2.11406429e-01
5.71895705e-01
-1.44091846e+00
0.00000000e+00
-3.17210107e-02
-6.10221814e-02
2.94796655e-02
-2.83043631e-01
-3.87133896e-01
6.96322311e-01
-3.16790076e-01
2.98504960e-01
-3.58558123e-01
0.00000000e+00
0.00000000e+00
0.00000000e+00
0.00000000e+00
0.00000000e+00
0.00000000e+00
0.00000000e+00
0.00000000e+00
0.00000000e+00
0.00000000e+00
0.00000000e+00
0.00000000e+00
0.00000000e+00
0.00000000e+00
0.00000000e+00
0.00000000e+00
0.00000000e+00
0.00000000e+00
0.00000000e+00
0.00000000e+00
-1.78659872e+00
-1.03178016e+00
-2.42292474e+00
0.00000000e+00
0.00000000e+00
0.00000000e+00
2.72324486e-01
-1.75578824e+00
7.89515917e-02
5.41055472e-01
3.14677616e-01
3.07519293e-01
5.91390137e-01
1.26749985e+00
-9.13725279e-01
0.00000000e+00
-5.61346497e-01
-1.54344063e+00
-1.11313573e+00
-2.86234943e-01
1.16929581e+00
7.40834307e-01
3.52099489e-01
-1.34871751e+00
-9.88775341e-02
-4.37306431e-01
-1.65815909e+00
0.00000000e+00
0.00000000e+00
0.00000000e+00
1.63441695e-01
-1.45304682e+00
-2.07590154e-01
5.09361209e-01
3.40028861e-01
6.80480820e-01
1.14850974e+00
8.89408289e-02
-1.34744993e+00
0.00000000e+00
2.72557960e-01
-1.11443202e+00
-5.16168739e-01
6.54189422e-01
-5.62711178e-01
4.32874034e-01
3.48470799e-01
-1.15614142e+00
-1.06697275e-01
1.67223087e-01
4 1
-1.5557e+00 2.6398e-01
5 1
0 1 5 2 3 
217
-2.02539006e-01
-4.26050652e-01
2.77568081e-01
-8.22895035e-02
-2.72399365e-01
6.42014213e-02
-5.52333043e-04
5.49381717e-03
6.43754908e-02
-2.16589312e-01
2.13202742e-01
-3.52774066e-01
-2.07165541e-01
-6.07034553e-01
0.00000000e+00
0.00000000e+00
0.00000000e+00
-3.82419716e-01
6.38220970e-04
7.82049621e-01
1.42129519e-01
2.62826028e-03
6.19907325e-01
1.22472685e+00
9.04790464e-04
2.88717267e-01
0.00000000e+00
0.00000000e+00
1.18411267e+00
3.54998664e-01
-9.92181071e-02
1.85743368e-01
1.50169045e-01
-4.86012726e-01
0.00000000e+00
0.00000000e+00
3.15616927e-01
-8.32523779e-01
-6.48992857e-01
1.49414762e-01
1.52310519e-01
6.61635422e-01
0.00000000e+00
0.00000000e+00
2.22787902e-01
-8.98981827e-01
-1.88995763e-01
6.77324290e-01
0.00000000e+00
1.20641599e-01
0.00000000e+00
9.36407821e-01
1.86101841e-01
-6.73324254e-01
7.96331356e-01
3.17883825e-01
0.00000000e+00
3.51081477e-01
0.00000000e+00
1.50425306e+00
-3.27620899e-01
-2.81824788e-01
9.12897545e-02
0.00000000e+00
-1.98672946e+00
-6.16217848e-01
1.35864871e+00
1.46764863e+00
9.76637280e-01
1.59765019e+00
0.00000000e+00
-5.36020224e-01
-1.88697161e+00
7.47526081e-01
-7.89700389e-01
-3.08707586e-01
5.30094701e-01
0.00000000e+00
9.53061735e-01
-2.06206094e-01
-5.62637993e-01
8.05165342e-02
-7.90283829e-02
-1.27084631e-01
0.00000000e+00
2.13762242e-01
-2.46133720e-01
-8.48262452e-02
-4.19062862e-01
1.82065595e-01
1.34412516e-01
0.00000000e+00
-1.50557991e-01
3.55299274e-01
4.04792121e-01
-3.93401768e-01
-3.99315602e-01
8.20533830e-02
0.00000000e+00
0.00000000e+00
0.00000000e+00
0.00000000e+00
0.00000000e+00
0.00000000e+00
0.00000000e+00
0.00000000e+00
0.00000000e+00
0.00000000e+00
0.00000000e+00
0.00000000e+00
0.00000000e+00
0.00000000e+00
0.00000000e+00
0.00000000e+00
0.00000000e+00
0.00000000e+00
0.00000000e+00
0.00000000e+00
0.00000000e+00
-1.60128142e+00
-1.30558376e+00
-3.27131470e+00
0.00000000e+00
0.00000000e+00
0.00000000e+00
3.30934871e-01
-3.60659228e-01
-2.78097942e-01
-1.10283227e+00
2.04055690e-01
-5.48042874e-02
2.53689755e-02
1.79808644e+00
-5.35485494e-02
0.00000000e+00
-1.30726511e-01
-1.52186132e-02
-1.15840868e+00
2.49774028e-01
3.04866627e-01
4.28444958e-01
7.07802709e-01
-7.13529515e-01
-8.07804698e-01
4.30611231e-01
-2.41366298e-04
0.00000000e+00
0.00000000e+00
0.00000000e+00
2.29229520e-01
-4.88615241e-01
3.33883258e-01
8.25737058e-01
3.18518388e-01
5.28478401e-01
3.88772298e-01
9.10938414e-03
5.16824450e-01
0.00000000e+00
4.01594012e-01
-3.60160492e-02
2.72022705e-01
5.37642395e-01
1.37487231e-01
5.65027285e-01
3.00978369e-01
4.83456546e-01
9.02409967e-01
2.52288509e-01
-2.22631050e+00
0.00000000e+00
0.00000000e+00
0.00000000e+00
1.86979168e-01
-6.41179257e-01
1.09313225e+00
1.11946756e+00
3.94076948e-01
-6.09756585e-01
3.20508158e-01
-4.60141736e-01
-1.86938901e-01
0.00000000e+00
-9.16238309e-01
1.42479943e-01
-3.85388298e-01
-3.91961835e-01
-9.71286911e-01
4.37891254e-02
1.61258222e-01
-1.16623269e-01
-2.53149909e-01
-7.55336875e-01
-9.98133046e-02
0.00000000e+00
0.00000000e+00
0.00000000e+00
1.97868661e-03
-1.54191550e+00
-5.02850536e-01
-2.70059361e-01
1.58702426e-01
6.65300103e-01
2.58980104e-01
5.16903514e-01
-9.94416619e-01
0.00000000e+00
4.83188742e-01
-7.44899563e-01
1.09242918e-01
5.63669899e-01
2.97375177e-01
2.27746891e-01
8.61781612e-02
-3.01244587e-02
1.31641715e-01
4.83544396e-01
136
3.09820106e-01
0.00000000e+00
0.00000000e+00
-2.67799232e-02
1.30688374e-03
2.34429649e-01
1.58149846e-03
1.41187502e-01
1.58841777e-03
0.00000000e+00
0.00000000e+00
1.75950942e-01
-1.78062498e-01
-1.34667376e-01
1.24088501e-01
2.05480282e-01
1.88945890e-01
0.00000000e+00
0.00000000e+00
1.06620111e-01
1.01145883e-01
-7.04134854e-02
7.47802986e-02
3.81746947e-03
9.38698298e-02
0.00000000e+00
0.00000000e+00
1.06620111e-01
-9.69741261e-02
-3.79688104e-01
5.66794274e-01
0.00000000e+00
5.78268793e-01
-4.12746451e-01
5.07455887e-02
5.24721503e-01
-4.48131408e-01
-1.67673321e-01
-3.93807689e-01
4.23232567e-02
7.42946542e-02
-3.04557409e-01
5.70083195e-01
0.00000000e+00
0.00000000e+00
0.00000000e+00
1.15333550e-01
-7.06786725e-01
1.19721728e+00
-5.33607865e-01
1.30019393e-02
0.00000000e+00
7.81254329e-01
-3.48882633e-01
6.70596520e-01
-1.60678156e+00
8.99511249e-02
-3.78089885e-01
-1.40296984e-01
-2.82839189e-02
-2.24765397e-01
-2.89677754e-01
4.80925225e-01
-2.95293030e-01
2.82379281e-01
-4.05046807e-01
0.00000000e+00
5.76309968e-01
-1.27433074e-01
3.40214412e-01
-2.93495584e-01
0.00000000e+00
0.00000000e+00
0.00000000e+00
0.00000000e+00
0.00000000e+00
0.00000000e+00
0.00000000e+00
0.00000000e+00
0.00000000e+00
0.00000000e+00
0.00000000e+00
0.00000000e+00
0.00000000e+00
0.00000000e+00
0.00000000e+00
-1.74243845e+00
-1.11735320e+00
-2.42875901e+00
0.00000000e+00
0.00000000e+00
0.00000000e+00
2.68334774e-01
-1.85028393e+00
1.12345369e-01
6.08462273e-01
3.30908181e-01
3.63227048e-01
5.27161287e-01
1.25112761e+00
-9.24741341e-01
0.00000000e+00
-5.07265262e-01
-1.42862244e+00
-1.13391209e+00
-3.86136078e-01
1.15519573e+00
8.84895148e-01
4.62695317e-01
-1.42799758e+00
-2.82318826e-01
-4.51834214e-01
-1.73839959e+00
0.00000000e+00
0.00000000e+00
0.00000000e+00
1.85933645e-01
-1.58697358e+00
-2.83071256e-01
5.16574187e-01
2.98747012e-01
5.90110880e-01
9.90682034e-01
9.51415081e-02
-1.25898953e+00
0.00000000e+00
2.88456183e-01
-1.21458675e+00
-5.08684487e-01
6.17718731e-01
-4.95022637e-01
4.55597306e-01
4.40023801e-01
-1.08177685e+00
-3.05349568e-02
2.42255168e-01
9 1
-1.3748e+00 2.7509e-01
6 1
0 1 5 2 3 4 
217
-7.63448963e-02
2.87493521e-01
1.49599263e-01
-3.94985832e-01
-9.82654542e-01
4.25962252e-01
-2.46079086e-01
7.19430012e-01
4.34780381e-01
1.76520107e-01
2.12095156e-01
-2.95445046e-01
5.05513195e-01
4.51493364e-01
0.00000000e+00
0.00000000e+00
0.00000000e+00
-2.40891375e-01
1.64067031e-03
1.73291164e+00
-7.94511637e-01
1.80796439e-03
1.86496768e+00
9.82032050e-01
2.19514833e-03
1.18331979e+00
0.00000000e+00
0.00000000e+00
1.33590421e+00
3.26769819e-01
-3.51637214e-01
-1.00239107e-01
-2.22086847e-02
-7.49622636e-01
0.00000000e+00
0.00000000e+00
0.00000000e+00
-1.08560246e-01
-3.07644265e-01
-3.88913635e-01
-3.14246648e-02
1.48684581e-01
6.11532890e-01
0.00000000e+00
1.94752272e-01
-7.99519036e-01
-6.26499647e-01
9.08494712e-01
0.00000000e+00
2.00972402e-01
-9.02796758e-01
8.27511861e-01
9.77461507e-01
-6.82672110e-01
6.71475231e-01
-2.24815764e-01
0.00000000e+00
-3.54365796e-01
-7.70961116e-01
5.88441286e-01
-1.28951020e-01
-4.31727818e-01
4.84353498e-01
0.00000000e+00
-5.92533165e-01
-7.45462424e-01
5.52041305e-01
1.53031124e+00
-8.79937485e-02
9.68029314e-01
0.00000000e+00
-5.47194701e-01
-1.73608485e+00
4.75254261e-01
-1.49280282e+00
-4.40445610e-03
8.60605094e-02
0.00000000e+00
3.77251104e-01
1.43701857e-01
-2.00420034e-02
-1.26786407e-01
-4.74980059e-01
-4.43575585e-01
0.00000000e+00
-2.38510255e-01
-3.13350186e-01
-4.77221301e-03
-1.44212081e-01
1.25511510e-01
1.87161771e-01
0.00000000e+00
-6.76368560e-01
3.47643869e-01
6.04308462e-01
-4.78566657e-01
-4.28479807e-03
3.26516255e-01
0.00000000e+00
-1.31196802e+00
-1.52094241e+00
9.15742439e-01
-8.84986638e-01
3.19951207e-01
2.24625715e-01
0.00000000e+00
0.00000000e+00
0.00000000e+00
0.00000000e+00
0.00000000e+00
0.00000000e+00
0.00000000e+00
0.00000000e+00
0.00000000e+00
0.00000000e+00
0.00000000e+00
0.00000000e+00
0.00000000e+00
0.00000000e+00
-1.77368339e+00
-1.96898462e+00
-1.48573039e+00
0.00000000e+00
0.00000000e+00
0.00000000e+00
4.92397563e-02
-6.85804517e-01
7.94410933e-01
1.00043092e+00
1.87189710e-02
-1.60571022e+00
4.46982490e-02
7.69935174e-01
-4.42456639e-01
0.00000000e+00
-6.68811435e-01
-1.22702242e+00
-2.25815233e-02
-9.91068867e-01
-1.61916518e-01
1.42770268e+00
1.12540263e+00
-2.40861558e-01
-9.36317878e-01
2.66281874e-01
-4.97498534e-01
0.00000000e+00
0.00000000e+00
0.00000000e+00
-5.55198948e-02
-1.21242380e+00
-3.71815436e-01
-9.31906161e-02
-5.59435166e-02
7.00350323e-01
3.39234743e-01
1.76414016e-01
2.61743110e-01
0.00000000e+00
2.93737377e-01
2.20723610e-02
-6.13981574e-01
3.82006503e-01
1.57219752e-01
-1.22428571e-01
-2.32197074e-01
-3.22796555e-01
4.83600874e-01
-2.33580554e-01
-2.19370102e+00
0.00000000e+00
0.00000000e+00
0.00000000e+00
2.27271264e-01
-9.77397138e-02
-1.10780968e+00
-4.15799850e-01
7.57301113e-03
-2.45452863e-01
4.56507658e-01
-2.93381020e-01
-1.31148387e-01
0.00000000e+00
1.10459020e+00
-9.89331973e-02
1.81981091e-01
5.10002899e-01
6.31058214e-01
1.04993871e+00
-2.30469791e-01
-7.64074944e-01
4.86660842e-01
8.28020456e-01
-7.24739571e-01
0.00000000e+00
0.00000000e+00
0.00000000e+00
4.94142867e-01
-1.54957022e-01
5.74551477e-01
3.56789047e-01
2.59674159e-01
6.51773736e-01
4.42949421e-01
7.17067287e-01
8.27845111e-02
0.00000000e+00
8.26354489e-02
-4.99566355e-01
2.19523379e-01
8.06263380e-01
1.49970065e-01
1.37610131e-01
6.51964919e-01
6.95817008e-01
4.79128487e-01
3.77614947e-01
136
2.90413003e-01
0.00000000e+00
0.00000000e+00
-2.52137290e-02
-2.29924832e-03
2.05450012e-01
-5.18128900e-04
1.74318989e-01
1.35707486e-03
0.00000000e+00
0.00000000e+00
8.65401026e-02
-2.09067649e-01
-1.48333777e-01
1.05020087e-01
2.47289236e-01
3.08453428e-01
0.00000000e+00
0.00000000e+00
9.23205695e-02
1.80828167e-01
-1.36241758e-01
-1.41114473e-01
-4.01014437e-02
8.59326924e-02
2.48789248e-01
0.00000000e+00
-7.13122424e-02
-1.03313060e-01
-2.78113270e-01
5.57387525e-01
0.00000000e+00
4.59188124e-01
-4.51663614e-01
2.02618476e-01
4.79038466e-01
-4.01650941e-01
-1.95276672e-01
-2.42513830e-01
7.36387304e-02
8.28431181e-02
-2.36073714e-01
4.17023083e-01
0.00000000e+00
0.00000000e+00
0.00000000e+00
5.27806561e-02
-7.33950148e-01
1.23263997e+00
-5.06651071e-01
1.36431646e-01
0.00000000e+00
5.21070771e-01
-2.16219329e-01
5.62044743e-01
-1.68442851e+00
4.46616729e-02
-3.00415696e-01
-7.27235964e-02
2.77010438e-03
-3.02135819e-01
-3.97013665e-01
3.77979684e-01
-2.96343287e-01
2.72197661e-01
-3.03738808e-01
0.00000000e+00
3.28006431e-01
8.85382371e-02
2.08238754e-01
-3.52314793e-01
0.00000000e+00
2.96706018e-01
-8.17778327e-02
4.43287359e-01
-2.18099926e-01
0.00000000e+00
0.00000000e+00
0.00000000e+00
0.00000000e+00
0.00000000e+00
0.00000000e+00
0.00000000e+00
0.00000000e+00
0.00000000e+00
0.00000000e+00
-1.80710835e+00
-1.05813610e+00
-2.44227733e+00
0.00000000e+00
0.00000000e+00
0.00000000e+00
2.22443493e-01
-1.73020762e+00
5.28659272e-02
5.23896868e-01
3.02198602e-01
3.59279130e-01
4.83106798e-01
1.27105433e+00
-8.64897278e-01
0.00000000e+00
-5.58468805e-01
-1.43564182e+00
-1.14775692e+00
-3.83059191e-01
1.13831549e+00
8.22098481e-01
4.20286746e-01
-1.35733652e+00
-9.57239155e-02
-4.64731124e-01
-1.69536733e+00
0.00000000e+00
0.00000000e+00
0.00000000e+00
1.68766908e-01
-1.55236795e+00
-2.07934187e-01
5.45538499e-01
2.95521332e-01
6.13131591e-01
1.06960059e+00
7.73923798e-02
-1.28178952e+00
0.00000000e+00
2.92574778e-01
-1.15680430e+00
-5.13904873e-01
6.49761921e-01
-5.48635938e-01
4.38301599e-01
3.95345514e-01
-1.16540570e+00
-2.74851711e-02
2.13025203e-01
10 1
-1.9665e+00 3.4700e-01
7 1
0 1 5 2 3 4 9 
217
5.19749525e-01
-8.81126271e-02
-3.19690142e-01
-4.72666832e-01
-3.69429615e-01
4.63985255e-02
-9.77896658e-02
1.39832700e-01
-1.08133548e-01
2.60617569e-01
3.08592538e-01
-4.10245005e-01
7.86509815e-01
-7.33002024e-01
0.00000000e+00
0.00000000e+00
0.00000000e+00
-5.34378167e-01
3.37027569e-02
5.98508390e-01
8.70631541e-01
-1.05063621e-02
1.42985961e+00
5.67844909e-01
-2.02711338e-03
1.39128769e+00
0.00000000e+00
0.00000000e+00
6.99277740e-01
1.27320516e-01
1.96215690e-01
1.95856670e-01
5.15222887e-01
-6.01215839e-01
0.00000000e+00
0.00000000e+00
0.00000000e+00
-5.22841673e-01
-1.57258900e-01
1.96917148e-01
-1.22432239e-01
1.45069280e-01
4.52718173e-01
5.27577735e-01
0.00000000e+00
-1.93085920e-01
-3.59458919e-01
4.30912283e-01
0.00000000e+00
5.23058681e-03
0.00000000e+00
1.14020561e+00
-5.14396198e-01
-3.82170407e-01
1.66857754e+00
-2.01854778e-01
0.00000000e+00
1.16838016e-01
0.00000000e+00
6.04834806e-01
-1.24933405e-01
-3.73442867e-01
1.01812580e+00
0.00000000e+00
-9.64089608e-01
-2.38217320e+00
1.14138862e+00
1.53113831e+00
3.79521576e-01
1.14598917e+00
0.00000000e+00
-6.09945282e-01
-2.36545698e+00
1.00962982e+00
-7.28927470e-01
4.91687577e-01
1.43754975e-01
0.00000000e+00
4.36150573e-01
7.11190670e-01
8.64813058e-02
5.60605212e-02
-1.27143858e-03
2.20821589e-01
0.00000000e+00
2.37579883e-02
-1.60867551e-01
4.55963518e-01
-5.95007936e-01
4.16389336e-02
-2.94725837e-01
0.00000000e+00
-3.19824939e-01
-1.08286132e+00
1.23824426e-01
1.91160140e-01
7.15750038e-01
7.45196233e-01
0.00000000e+00
-7.51790555e-01
1.38190117e+00
1.04854354e+00
-1.26275013e+00
2.22996539e-01
3.53126571e-02
0.00000000e+00
-1.62458628e-01
-5.19566452e-01
2.64206328e-01
-3.96761108e-01
4.18001825e-01
1.96541571e-01
0.00000000e+00
0.00000000e+00
0.00000000e+00
0.00000000e+00
0.00000000e+00
0.00000000e+00
0.00000000e+00
-2.49495439e+00
-2.09645979e+00
-1.77208680e+00
0.00000000e+00
0.00000000e+00
0.00000000e+00
2.18177139e-01
-5.21672544e-01
-1.95249175e-01
-2.38904485e-01
-1.41021667e-01
-7.90335349e-01
6.01829496e-02
1.89966451e+00
5.82567981e-01
0.00000000e+00
-6.90985153e-01
-1.66794951e+00
-1.23804848e+00
3.82395496e-01
5.79411547e-01
4.70405046e-01
-8.99750539e-01
-3.93248482e-01
-8.62759279e-02
8.98549836e-01
-4.48042558e-01
0.00000000e+00
0.00000000e+00
0.00000000e+00
3.64146530e-02
-1.00637578e+00
-1.72117684e-01
-4.78842245e-03
-2.31578523e-02
2.31284703e-01
1.39686936e-01
-3.61955207e-01
-8.13459212e-02
0.00000000e+00
2.40994594e-01
6.54007613e-01
-2.40751886e-01
-4.65056339e-05
1.30793367e-02
9.26444265e-02
3.46739149e-01
1.69740995e-02
2.08395936e-01
-5.37724751e-01
-1.41219240e+00
0.00000000e+00
0.00000000e+00
0.00000000e+00
-1.53730437e+00
-2.44670004e-02
9.90275134e-02
4.92478841e-01
1.17896865e+00
3.22065279e-01
1.54335336e+00
1.45721139e-01
4.04899865e-01
0.00000000e+00
-2.72177907e-01
-2.35747127e-01
6.80422468e-01
1.43909197e+00
-9.92636934e-01
2.20364239e-01
1.21094471e+00
5.26854522e-02
-1.88795549e+00
2.37681936e-01
-1.10968509e+00
0.00000000e+00
0.00000000e+00
0.00000000e+00
1.44506228e+00
-5.96494736e-02
4.05508515e-01
3.61726187e-01
8.54510923e-02
2.30990748e-01
1.86218695e-01
7.61163307e-01
-1.31844446e-01
0.00000000e+00
6.34825044e-01
-6.89999770e-01
-4.56011999e-03
3.45993277e-01
8.20212760e-01
7.64541669e-01
-1.16971218e-02
-1.51161596e-01
1.69109968e+00
5.39429610e-01
136
1.95821696e-01
0.00000000e+00
0.00000000e+00
5.31777715e-02
-7.44396335e-04
1.12586557e-01
1.64033632e-03
1.71072342e-01
1.59752697e-03
0.00000000e+00
0.00000000e+00
2.59213593e-01
-7.86225248e-02
-1.01076374e-01
4.72120739e-02
1.16640193e-01
1.21091662e-01
0.00000000e+00
0.00000000e+00
7.74119028e-02
2.54953348e-01
-4.72770134e-02
-9.96903708e-02
-9.61517593e-02
-1.86165797e-01
1.16583852e-01
1.76157534e-01
-9.47150024e-02
-5.92856878e-02
-2.24909487e-01
5.67936165e-01
0.00000000e+00
4.75009391e-01
-4.25689305e-01
2.65879652e-02
3.85437588e-01
-3.66125152e-01
-1.77940257e-01
-3.23265425e-01
1.54063878e-02
9.82626189e-02
-7.75340033e-03
3.01421702e-01
0.00000000e+00
0.00000000e+00
0.00000000e+00
7.36569236e-02
-5.98376805e-01
1.16665736e+00
-4.81535555e-01
1.25330523e-01
0.00000000e+00
4.59710945e-01
-2.64805737e-01
5.41136967e-01
-1.68361228e+00
4.97385170e-02
-3.42605775e-01
-8.61217903e-02
1.81782172e-02
-2.57848491e-01
-3.47165859e-01
2.77617080e-01
-2.94750892e-01
2.53373921e-01
-3.45715863e-01
0.00000000e+00
3.21211435e-01
8.93769148e-02
1.86814711e-01
-3.34865510e-01
0.00000000e+00
2.21388245e-01
6.10386645e-02
3.62474515e-01
-4.49802788e-01
0.00000000e+00
4.72697502e-01
-2.57463890e-01
2.62167002e-01
-4.24525116e-01
0.00000000e+00
0.00000000e+00
0.00000000e+00
0.00000000e+00
0.00000000e+00
-1.78820116e+00
-1.12858577e+00
-2.43173866e+00
0.00000000e+00
0.00000000e+00
0.00000000e+00
2.37602960e-01
-1.74457901e+00
7.03459374e-02
5.35906261e-01
3.85739822e-01
3.49272929e-01
4.79096257e-01
1.15638971e+00
-7.98797402e-01
0.00000000e+00
-5.12249520e-01
-1.54859843e+00
-1.08580812e+00
-4.15176713e-01
1.07939831e+00
8.59255071e-01
4.15934942e-01
-1.31957636e+00
-9.21049455e-02
-4.83790370e-01
-1.75815117e+00
0.00000000e+00
0.00000000e+00
0.00000000e+00
1.80255502e-01
-1.67076812e+00
-2.15630489e-01
5.11624797e-01
2.63973471e-01
5.94218706e-01
1.01149032e+00
8.72479096e-02
-1.24335422e+00
0.00000000e+00
3.24804374e-01
-1.14392895e+00
-5.34310402e-01
6.90307430e-01
-4.43467743e-01
4.11520697e-01
3.55308570e-01
-1.09898266e+00
-8.47178854e-02
2.46257534e-01
8 1
-2.0041e+00 3.6782e-01
8 1
0 1 5 2 3 4 9 10 
217
2.84471544e-01
-1.39682069e-01
-3.31714699e-01
-1.07404639e-01
-6.98126965e-01
1.05694079e-01
1.15645996e-01
-3.69652793e-01
1.03167542e-01
-7.88605203e-02
-3.62078864e-01
1.32434593e+00
1.12586383e+00
-6.50367301e-01
0.00000000e+00
0.00000000e+00
0.00000000e+00
2.28997050e-01
-1.25560621e-03
1.31714398e+00
-1.97604132e-03
-1.09428339e-03
1.35771830e+00
6.50724346e-02
-1.02716997e-03
1.40773795e+00
0.00000000e+00
0.00000000e+00
3.15038686e-01
-1.89611634e-01
-1.89101923e-01
5.86465068e-01
2.58786272e-01
-4.78810244e-01
0.00000000e+00
0.00000000e+00
0.00000000e+00
-3.00113501e-02
-2.15060373e-01
-2.54358793e-01
-8.30943202e-02
-2.07525726e-01
1.56897774e-01
9.17624332e-01
0.00000000e+00
-4.80498806e-01
-1.58808934e-01
7.09599245e-01
0.00000000e+00
5.64609014e-02
0.00000000e+00
1.43416009e-01
-2.34079738e-01
-1.61109904e-01
-6.24289636e-02
5.67855337e-01
0.00000000e+00
1.20657652e-01
0.00000000e+00
4.67798834e-01
-1.06272358e-01
2.88784506e-02
3.61865451e-01
0.00000000e+00
-1.28358055e+00
-5.54280440e-01
9.63618384e-01
1.63062044e+00
4.60560885e-01
1.70435948e+00
0.00000000e+00
-5.11908089e-01
-3.22000690e+00
4.61105322e-01
-7.09988659e-01
3.35274310e-01
1.77323061e-01
0.00000000e+00
2.24342801e-01
3.82109837e-01
1.84980916e-01
-1.27633836e-02
-2.68724994e-01
1.15542601e-01
0.00000000e+00
1.55552008e-01
-3.01609021e-01
1.62604898e-01
-4.12089109e-01
-1.77558183e-01
2.52625515e-02
0.00000000e+00
-4.55193604e-01
-3.26321116e-01
5.58503398e-01
-6.73277534e-02
1.81161749e-01
6.46737604e-01
0.00000000e+00
-5.25496415e-01
1.89810257e-01
7.74907334e-01
-9.68322843e-01
3.50606244e-02
-2.73045685e-01
0.00000000e+00
-2.19657711e-01
-2.28584213e-01
6.33222888e-01
-5.48327528e-01
-1.29093634e-01
1.24168185e-02
0.00000000e+00
2.74986846e-01
-1.13570387e-01
1.71912078e-01
4.91722579e-02
-1.62427380e-01
4.46681786e-02
-1.87304750e+00
-1.76780363e+00
-1.66146358e+00
0.00000000e+00
0.00000000e+00
0.00000000e+00
1.28013337e-01
-1.32337510e-02
3.62216926e-01
4.65046143e-01
4.81538681e-01
1.91273063e-01
-5.19797125e-01
1.65933361e+00
4.69934178e-01
0.00000000e+00
7.50975597e-02
-3.07840697e-04
-1.45616905e-01
1.80516516e-01
4.67220408e-01
2.95443650e-01
1.20264079e+00
-1.34450219e+00
7.96575882e-01
3.28685848e-01
-9.00122124e-01
0.00000000e+00
0.00000000e+00
0.00000000e+00
7.13466967e-01
-2.63610458e-02
2.61698565e-01
9.05603739e-01
6.13441160e-01
7.60621169e-01
1.10201395e+00
4.15498942e-01
6.66225829e-01
0.00000000e+00
7.33321870e-01
-9.56706420e-04
5.45124665e-02
6.46925575e-01
5.37527482e-01
9.01896773e-01
4.40636990e-01
1.04695385e+00
6.26804127e-01
7.92736802e-01
-1.58858746e+00
0.00000000e+00
0.00000000e+00
0.00000000e+00
-2.43719474e+00
-3.40102054e-01
1.15707575e-01
-1.67116279e-02
1.94948426e-01
9.60242129e-02
3.25195348e-01
-3.94422432e-01
-1.57300134e-01
0.00000000e+00
5.56960397e-01
-6.33175227e-01
-1.52656238e-02
1.92400565e+00
-1.09731492e+00
1.25222114e+00
4.25399161e-01
-6.31672611e-01
-7.34771881e-01
-2.11181228e-02
-4.43985611e-01
0.00000000e+00
0.00000000e+00
0.00000000e+00
1.31116576e+00
-1.24121724e+00
-2.07837779e-01
2.10487372e-01
-2.43463026e-01
1.09511490e-04
3.33039770e-01
2.61726859e-01
-2.59406979e-01
0.00000000e+00
-7.98053583e-03
-1.05684046e+00
-3.08662461e-01
-3.66190974e-01
3.16900746e-01
-2.44595660e-01
4.91587197e-02
2.36051240e-01
6.24887834e-01
1.48681687e-01
136
2.38583318e-01
0.00000000e+00
0.00000000e+00
-4.42222521e-03
-4.22558816e-04
2.52961305e-01
5.12150672e-04
2.22970027e-01
1.44580140e-03
0.00000000e+00
0.00000000e+00
3.26473861e-01
-6.67867642e-02
-2.72512185e-02
8.89027954e-02
1.13678976e-01
6.18100263e-02
0.00000000e+00
0.00000000e+00
8.81248093e-02
2.77041504e-01
-4.45754424e-02
-1.09439000e-01
-1.14611220e-01
-1.73950150e-01
-5.80692478e-02
3.74062065e-01
-1.54573176e-01
-1.21139796e-02
-1.94405910e-01
5.50476443e-01
0.00000000e+00
5.49419909e-01
-5.15393643e-01
7.38311051e-02
2.44419392e-01
-2.87477567e-01
-2.63300873e-01
-2.74806881e-01
6.52885809e-02
1.59037243e-01
1.22178864e-02
2.79394252e-01
0.00000000e+00
0.00000000e+00
0.00000000e+00
1.22836023e-02
-8.11460810e-01
1.04107418e+00
-5.59118246e-01
1.42468874e-02
0.00000000e+00
5.88468599e-01
-2.15689869e-01
5.23283743e-01
-1.76129869e+00
6.50122404e-03
-3.98283775e-01
-7.07542827e-02
-1.45089169e-02
-2.12251347e-01
-4.29949674e-01
1.81076004e-01
-2.75391361e-01
2.10989324e-01
-4.10833144e-01
0.00000000e+00
4.41587778e-01
6.88535233e-02
2.21501194e-01
-3.85810002e-01
0.00000000e+00
2.57623836e-01
8.04106890e-02
3.45692229e-01
-3.45736655e-01
0.00000000e+00
5.77719851e-01
-1.94134008e-01
2.46165429e-01
-4.82664817e-01
0.00000000e+00
2.75050676e-01
-3.09791750e-02
2.61807385e-01
-1.16249065e-01
-1.80979381e+00
-1.22454511e+00
-2.45737813e+00
0.00000000e+00
0.00000000e+00
0.00000000e+00
2.09921291e-01
-1.84595724e+00
5.56695557e-02
5.32373614e-01
3.64568971e-01
3.28536764e-01
4.00959499e-01
1.12645995e+00
-7.57573511e-01
0.00000000e+00
-4.66398061e-01
-1.40599275e+00
-1.08044940e+00
-3.37825942e-01
1.04833323e+00
8.63684351e-01
3.85417930e-01
-1.28562835e+00
-7.90845788e-02
-5.14393456e-01
-1.80055141e+00
0.00000000e+00
0.00000000e+00
0.00000000e+00
2.12402689e-01
-1.79764667e+00
-2.00681946e-01
5.14956398e-01
2.60900785e-01
6.28768198e-01
9.03166728e-01
1.31699294e-01
-1.20825237e+00
0.00000000e+00
2.88947323e-01
-1.13955517e+00
-4.74716012e-01
6.83906973e-01
-4.43214215e-01
4.54892628e-01
3.55721462e-01
-1.14397387e+00
-4.46725014e-02
2.16798869e-01
6 2
-2.1847e+00 3.8475e-01
8 -1
0 1 5 2 3 4 9 10 
217
1.94146293e+00
-2.46700793e-01
-1.61450479e+00
6.20513389e-01
2.88503952e-01
1.23650040e+00
1.53522160e+00
-1.06231499e+00
3.81095725e-01
-3.96128166e-01
4.86816046e-01
-1.26328189e+00
-7.50174387e-01
2.65227223e+00
1.25828082e+00
2.18705243e-02
-5.47791506e-02
1.30610154e+00
-1.07750883e-02
4.47572990e-01
-7.31602324e-03
-5.06566974e-03
6.69118179e-01
-6.15603397e-01
4.19173011e-03
8.62299203e-01
0.00000000e+00
0.00000000e+00
9.20242510e-01
7.78631810e-01
5.48337404e-01
4.95729075e-01
1.08079770e+00
5.84541629e-01
0.00000000e+00
0.00000000e+00
0.00000000e+00
3.96548425e-01
2.74525896e-03
-2.45887698e-01
-3.01805882e-01
-7.25640937e-01
-3.76275396e-01
0.00000000e+00
0.00000000e+00
-5.66384652e-01
-9.74143291e-02
8.77265072e-01
0.00000000e+00
1.57131347e-01
0.00000000e+00
9.09620165e-01
-6.71460804e-02
-6.83661079e-01
2.45734694e-01
4.75061492e-01
0.00000000e+00
4.84922998e-01
0.00000000e+00
9.56519244e-01
3.70526357e-01
6.57443404e-01
9.13493172e-01
0.00000000e+00
-1.06203375e+00
-1.31167633e-01
9.04839318e-01
1.62373032e+00
1.70563527e+00
1.80961743e+00
0.00000000e+00
7.97202678e-02
-1.39552760e+00
1.05342301e+00
-6.40219873e-01
8.08319660e-01
3.40722251e-01
0.00000000e+00
5.45290755e-01
-4.21349738e-01
3.22337246e-01
4.84792400e-02
6.80812835e-01
8.99562676e-02
0.00000000e+00
2.20509539e-01
-1.80139397e-01
6.68402167e-01
-3.79291294e-01
6.59529130e-01
3.00584492e-01
0.00000000e+00
-5.52065568e-02
-5.91592573e-01
7.56128962e-01
-4.17188162e-01
1.24054053e+00
3.29472356e-01
0.00000000e+00
-7.93245903e-01
-2.55309143e-01
9.62867961e-01
-3.42281939e-01
1.77184087e+00
1.38386470e+00
0.00000000e+00
7.29863371e-01
-3.80649892e-01
7.60885555e-01
-1.73563987e-02
4.50714007e-01
-2.67345343e-01
0.00000000e+00
-1.85411142e-01
-5.91297280e-01
1.14099233e+00
-6.67923910e-01
1.15651497e+00
7.08567344e-01
-1.77932245e+00
-1.78981689e+00
-1.48875069e+00
0.00000000e+00
0.00000000e+00
0.00000000e+00
1.25232564e+00
-1.90086275e-02
-3.03484228e-01
8.78422578e-01
4.05045498e-01
1.80787957e-01
1.01267366e-02
1.49028178e+00
-9.65371310e-01
0.00000000e+00
3.25824368e-01
6.15360558e-01
-1.18761320e+00
-5.63182235e-01
1.40415558e+00
1.44597655e+00
1.19956076e+00
-1.34823122e+00
-5.87230238e-01
-8.60978709e-02
-9.15110642e-01
0.00000000e+00
0.00000000e+00
0.00000000e+00
3.18526291e-01
-3.94605056e-02
5.09140118e-01
4.57870653e-01
3.67762583e-01
3.40080053e-01
1.05111422e+00
5.70667207e-01
3.75876633e-01
0.00000000e+00
2.49772285e-01
-7.61752308e-01
8.38372006e-01
7.84159816e-01
2.41606139e-01
2.63282030e-01
1.44344646e-01
1.02346663e+00
8.57884852e-01
6.89046752e-01
-1.35576325e+00
0.00000000e+00
0.00000000e+00
0.00000000e+00
1.43696965e-01
-1.28998402e+00
-1.41209096e+00
7.18381786e-01
-7.42292628e-01
2.25340090e-01
1.54825939e-01
-1.05954983e+00
-3.16374536e-01
0.00000000e+00
2.56908424e-01
-2.62662526e-01
-1.29019563e+00
2.63104312e+00
-5.60863723e-02
5.05946186e-01
1.14434292e+00
7.70709285e-03
-1.97493761e-01
-5.17225518e-01
-2.66286998e-01
0.00000000e+00
0.00000000e+00
0.00000000e+00
5.78733753e-02
-3.84854594e-01
3.16792708e-01
-4.05640199e-01
5.64310926e-01
1.44805632e-01
5.66325894e-02
6.54259363e-01
-6.23480381e-02
0.00000000e+00
8.47594550e-02
-1.23273142e-01
6.03541490e-01
-1.03014606e+00
9.87103302e-02
-8.14384548e-02
-5.10654656e-01
-6.50128058e-01
2.56032665e-01
1.44477670e-01
136
3.20280323e-01
3.82865098e-01
-3.13686178e-03
-1.53944779e-01
1.68704099e-04
-1.32776408e-01
3.65532796e-03
2.24136413e-01
7.76410288e-04
0.00000000e+00
0.00000000e+00
-4.23018653e-02
-1.64303069e-01
1.41578244e-01
5.03257356e-01
3.72322245e-01
4.09211999e-02
0.00000000e+00
0.00000000e+00
2.10841220e-01
3.60588655e-01
-5.38455129e-04
-1.61767838e-01
-2.58378893e-01
-3.64217401e-01
-1.87998646e-01
7.21751683e-01
-2.36686182e-01
3.51157560e-02
-1.58412873e-01
5.35196845e-01
0.00000000e+00
7.82890903e-01
-6.02476432e-01
1.89755601e-01
2.50561513e-02
-1.88149685e-01
-5.77414416e-01
-2.64288042e-01
7.57533635e-02
2.93092547e-01
1.25516603e-02
4.00753815e-01
0.00000000e+00
0.00000000e+00
0.00000000e+00
-4.67869168e-02
-1.41730050e+00
9.16674965e-01
-7.25135354e-01
4.14371065e-02
0.00000000e+00
7.84987029e-01
-1.03157299e-01
5.72322261e-01
-1.88990608e+00
-5.46150037e-02
-7.74967442e-01
-1.38329336e-01
-1.25226099e-01
-1.65821418e-01
-6.52812576e-01
1.61937752e-01
-3.03046713e-01
2.26134428e-01
-3.90518114e-01
0.00000000e+00
6.82704996e-01
1.49659260e-01
2.47916633e-01
-4.28045226e-01
0.00000000e+00
5.29118419e-01
-2.24862692e-02
4.55217028e-01
-2.48255449e-01
0.00000000e+00
1.04574479e+00
-6.71560172e-02
3.32855094e-01
-3.98118250e-01
0.00000000e+00
5.15496329e-01
6.23003701e-03
2.69488151e-01
-6.65013156e-01
-1.96602829e+00
-1.34553868e+00
-2.56481411e+00
0.00000000e+00
0.00000000e+00
0.00000000e+00
1.94884522e-01
-1.83562707e+00
9.76235055e-02
4.90530418e-01
3.43820336e-01
3.08703601e-01
3.93834787e-01
1.08956658e+00
-6.16605975e-01
0.00000000e+00
-5.05122609e-01
-1.37936724e+00
-1.19023029e+00
-3.81180760e-01
1.04817541e+00
8.39735208e-01
3.56493094e-01
-1.24996474e+00
-9.48839711e-02
-4.75198916e-01
-1.92716922e+00
0.00000000e+00
0.00000000e+00
0.00000000e+00
1.72374322e-01
-1.87749235e+00
-2.03018830e-01
5.22735783e-01
2.45359175e-01
6.29851698e-01
9.28104824e-01
1.73667085e-01
-1.18436823e+00
0.00000000e+00
2.79908646e-01
-1.20820912e+00
-5.25198466e-01
6.76661788e-01
-4.08157736e-01
4.15402049e-01
3.40350480e-01
-1.12119165e+00
1.40189081e-02
2.02032396e-01
7 2
-2.2331e+00 4.1049e-01
8 -1
0 1 5 2 3 4 9 10 
217
4.36431577e-01
-7.84663960e-01
6.81813767e-01
2.08723846e-01
-8.02838489e-01
1.54574312e-01
1.82350173e-01
-3.92293199e-01
3.38943593e-02
-2.99425188e-02
1.75575452e-01
-6.53933591e-02
8.47450082e-01
3.21066003e-01
-1.99252517e+00
1.93637832e-02
1.61468073e+00
-1.59861009e-01
1.27448161e-02
9.98879077e-01
8.44845215e-01
7.39777232e-03
8.58426711e-01
1.74397254e+00
-4.22388179e-04
6.82690297e-01
0.00000000e+00
0.00000000e+00
1.40016749e+00
8.60438328e-02
5.38218957e-01
3.32807325e-01
-8.69450502e-01
-1.04797771e+00
0.00000000e+00
0.00000000e+00
0.00000000e+00
-3.95089979e-01
-1.31944328e-01
-1.15979257e-01
3.92904048e-01
9.78253031e-02
-2.57783228e-01
8.46499019e-01
0.00000000e+00
-9.43059719e-03
-6.54425161e-03
6.32128247e-01
0.00000000e+00
-4.02437004e-01
8.26525843e-02
1.61094539e-01
-1.06552003e-01
-6.06309642e-02
-5.48312433e-01
-2.92614396e-02
0.00000000e+00
5.00279757e-01
1.65996637e-01
2.93036813e-01
8.45262316e-02
-2.42132559e-01
5.94037904e-01
0.00000000e+00
-6.44209549e-01
4.05741594e-01
7.72483118e-01
1.12251173e+00
3.12296233e-01
1.25595583e+00
0.00000000e+00
-3.14359119e-01
-2.22653701e+00
9.26474459e-01
-1.51334845e+00
-1.75683763e-01
7.90704314e-02
0.00000000e+00
-3.64191749e-01
1.59336507e-02
6.23070188e-01
-6.16879968e-01
1.77553137e-01
4.00077891e-02
0.00000000e+00
2.21875210e-01
-7.95959576e-01
-7.93169878e-02
1.82704737e-01
2.93873354e-01
1.08040467e-01
0.00000000e+00
-1.00583937e-01
-3.39674170e-01
4.41273669e-01
-3.85891842e-01
9.57418445e-02
3.96682244e-02
0.00000000e+00
-1.09376529e+00
-9.34748070e-01
1.49336880e+00
-4.42526693e-01
3.68280640e-02
5.76816067e-01
0.00000000e+00
-6.52283371e-03
2.58241727e-01
1.57968409e-01
-4.74215879e-01
2.84986001e-01
3.22619274e-01
0.00000000e+00
3.53771975e-01
-5.35739835e-01
-8.97889468e-02
7.28640063e-01
1.72448548e-01
-4.98094656e-01
-2.54154858e+00
-2.32734377e+00
-3.27131631e+00
0.00000000e+00
0.00000000e+00
0.00000000e+00
6.80302361e-01
-5.60559813e-02
1.95047500e+00
9.84052190e-01
1.79025417e+00
1.51030119e-02
1.03431354e+00
1.70084716e+00
-6.85019209e-01
0.00000000e+00
1.17135918e+00
-2.30580694e+00
-1.02680536e-01
-2.18394699e+00
2.39369550e+00
2.03742102e-01
6.30264427e-01
-1.98186213e+00
-1.45990139e+00
1.90404020e-01
-8.22753436e-01
0.00000000e+00
0.00000000e+00
0.00000000e+00
9.91994974e-01
-9.83501457e-02
1.33773363e-01
4.25665049e-01
4.85427899e-01
9.05850192e-01
8.38331466e-01
4.42517724e-01
7.26045829e-01
0.00000000e+00
7.46160372e-02
1.29848709e+00
7.61525096e-01
1.37942266e+00
2.84576490e-01
1.19548719e+00
1.03362732e+00
1.55751432e+00
1.26181714e+00
6.28815570e-01
-2.24598186e+00
0.00000000e+00
0.00000000e+00
0.00000000e+00
6.19414657e-01
-6.36415226e-02
3.68471205e-01
3.03550862e-01
-5.32032907e-01
1.65935417e+00
9.78705668e-01
-9.71151589e-01
-1.20734930e+00
0.00000000e+00
9.30908242e-01
7.64429687e-03
2.13172303e-01
9.35126403e-01
-8.69747171e-02
8.00369070e-01
-1.67404270e+00
-4.98359365e-01
-9.36367782e-01
5.68060994e-01
-6.29963393e-01
0.00000000e+00
0.00000000e+00
0.00000000e+00
3.65688027e-01
-1.22141794e-01
3.21846029e-03
2.73484159e-01
6.52084357e-01
-2.65135047e-01
1.74970224e-01
8.76929489e-01
7.34286165e-01
0.00000000e+00
4.16375193e-01
2.24203503e-01
-1.33898643e-01
2.20961657e-02
4.63038698e-01
2.97091144e-01
1.28518610e+00
-8.85598810e-02
1.30405639e+00
5.39408406e-01
136
2.92282891e-01
-4.44750308e-01
8.83704308e-03
7.45555795e-02
9.42798250e-04
3.05445696e-01
1.00541312e-03
3.57031924e-01
-5.40664883e-04
0.00000000e+00
0.00000000e+00
4.37315739e-01
1.35800935e-01
4.76778327e-02
2.02199249e-01
6.27203815e-02
-1.24043199e-01
0.00000000e+00
0.00000000e+00
1.96952719e-01
3.38916034e-01
1.41662001e-02
-1.74812448e-01
-2.39339497e-01
-3.55126915e-01
-1.57586482e-01
6.69113280e-01
-1.68687263e-01
2.73351795e-02
-2.13266264e-01
4.14889949e-01
0.00000000e+00
7.12335934e-01
-5.27336187e-01
1.53868108e-01
-1.49645359e-02
-2.42491498e-01
-4.39284100e-01
-2.73244291e-01
1.42767226e-01
3.69018788e-01
-4.89895845e-02
3.77468763e-01
0.00000000e+00
0.00000000e+00
0.00000000e+00
3.10202770e-02
-1.27791832e+00
8.69019298e-01
-6.75210486e-01
8.16482754e-02
0.00000000e+00
8.55577400e-01
-9.40364073e-02
5.87231941e-01
-1.84670117e+00
-4.03759699e-03
-9.05675227e-01
-1.76207768e-01
-1.55188991e-01
-1.83263831e-01
-5.71348414e-01
1.81829474e-01
-2.65245858e-01
2.05676799e-01
-2.65040505e-01
0.00000000e+00
5.87119200e-01
1.58224148e-01
2.10349988e-01
-3.43008530e-01
0.00000000e+00
4.92484362e-01
-2.44730301e-02
4.42941520e-01
-3.21116740e-01
0.00000000e+00
1.00872939e+00
-1.04083949e-01
3.50204100e-01
-4.40405128e-01
0.00000000e+00
3.95933970e-01
-3.11722130e-02
2.76376879e-01
-6.34070046e-01
-1.87175559e+00
-1.31876801e+00
-2.41534199e+00
0.00000000e+00
0.00000000e+00
0.00000000e+00
1.99009310e-01
-1.91587083e+00
4.23849069e-02
5.53285708e-01
3.33855910e-01
3.53092732e-01
3.80181190e-01
1.02664028e+00
-6.34639099e-01
0.00000000e+00
-4.50369034e-01
-1.38430467e+00
-1.05207828e+00
-3.07572750e-01
9.57116327e-01
8.26644988e-01
3.36420497e-01
-1.18434613e+00
-6.11564541e-02
-4.33636579e-01
-1.84489549e+00
0.00000000e+00
0.00000000e+00
0.00000000e+00
2.06466088e-01
-1.78360115e+00
-2.38186663e-01
5.19655386e-01
2.20824130e-01
6.16048286e-01
9.39927987e-01
1.76914139e-01
-1.16815833e+00
0.00000000e+00
2.54879843e-01
-1.18312585e+00
-5.19689605e-01
6.59643286e-01
-3.44912267e-01
4.47238952e-01
3.21893788e-01
-1.08296846e+00
-4.41868612e-02
1.56441807e-01
