0 7 -999999999 -1 -1
1 2 0 -1 -1
0.2587 -1.761
356
2.32044361e-01
2.32044361e-01
0.00000000e+00
3.54027270e-01
-5.41664320e-01
0.00000000e+00
0.00000000e+00
0.00000000e+00
0.00000000e+00
-6.14654027e-01
-5.59034282e-01
0.00000000e+00
0.00000000e+00
2.48589655e-01
5.15108726e-01
-4.09671111e-01
0.00000000e+00
0.00000000e+00
0.00000000e+00
0.00000000e+00
0.00000000e+00
0.00000000e+00
0.00000000e+00
0.00000000e+00
0.00000000e+00
0.00000000e+00
0.00000000e+00
0.00000000e+00
0.00000000e+00
0.00000000e+00
0.00000000e+00
0.00000000e+00
0.00000000e+00
0.00000000e+00
0.00000000e+00
0.00000000e+00
0.00000000e+00
0.00000000e+00
0.00000000e+00
0.00000000e+00
0.00000000e+00
0.00000000e+00
0.00000000e+00
0.00000000e+00
0.00000000e+00
0.00000000e+00
0.00000000e+00
0.00000000e+00
0.00000000e+00
0.00000000e+00
0.00000000e+00
-3.84573016e-01
-8.97841004e-01
6.56055157e-01
0.00000000e+00
0.00000000e+00
0.00000000e+00
0.00000000e+00
-1.10068454e+00
6.44956353e-01
9.35626703e-01
-1.44367281e-01
8.79987726e-01
-5.72469285e-01
2.13989161e-01
-6.03774888e-01
-6.96874684e-01
-9.47639793e-01
4.43723487e-01
2.11773433e-02
-5.09493697e-01
-3.51792045e-02
-2.13260544e-02
2.20466551e-02
-1.18779754e-01
-3.25663856e-02
-4.01692757e-01
0.00000000e+00
0.00000000e+00
0.00000000e+00
0.00000000e+00
0.00000000e+00
0.00000000e+00
0.00000000e+00
0.00000000e+00
0.00000000e+00
0.00000000e+00
2.11763798e-01
5.86711505e-01
-5.49940587e-01
-8.13289566e-01
-2.61428120e-02
-2.30157855e-01
-8.24485238e-01
-2.19578259e+00
-7.51242779e-01
-9.17575921e-01
4.15225775e-01
-3.67354432e-01
1.90818934e-01
-3.09726085e+00
-1.39455790e+00
0.00000000e+00
0.00000000e+00
3.40100857e+00
2.86722547e+00
0.00000000e+00
0.00000000e+00
0.00000000e+00
0.00000000e+00
0.00000000e+00
0.00000000e+00
2.04449147e-01
-2.43639320e-01
4.52831778e-01
-1.77890866e-01
-1.38616781e+00
-2.01854714e+00
1.56812724e+00
2.22081100e+00
2.22826375e+00
0.00000000e+00
-3.98399172e-01
3.71700246e-01
-1.68139765e-01
-5.90079272e-01
7.90431620e-01
5.18473047e-01
4.75579270e-01
-1.45957671e+00
7.09782906e+00
6.66570069e+00
6.81315498e+00
6.62077763e+00
6.77409556e+00
6.59479649e+00
-1.10349162e+00
-1.02774325e+00
-5.99851722e-01
-1.74181996e-01
2.40269582e-01
-2.43813830e-01
0.00000000e+00
0.00000000e+00
1.15070495e-01
1.43506913e+00
0.00000000e+00
-2.91727075e-01
0.00000000e+00
0.00000000e+00
0.00000000e+00
0.00000000e+00
-2.20186930e+00
3.35307595e+00
0.00000000e+00
0.00000000e+00
2.43391366e+00
7.58839482e-01
0.00000000e+00
0.00000000e+00
-1.46719653e+00
-2.82808243e+00
-1.70176768e+00
1.92901317e-01
-3.16896421e+00
0.00000000e+00
0.00000000e+00
0.00000000e+00
1.56712452e-01
9.64486690e-01
-3.03410464e-01
-4.85325141e+00
2.77172676e+00
-1.99262219e+00
6.19110518e-01
1.24004433e+00
1.68406291e+00
0.00000000e+00
2.76736281e-02
-2.05647208e-01
1.00190695e+00
-1.81030148e+00
-1.44138936e+00
3.67618959e-01
-1.22596193e+00
-1.56010319e+00
1.80266792e+00
-4.12288104e-01
1.83655677e-01
0.00000000e+00
0.00000000e+00
0.00000000e+00
-8.00909927e-02
-7.99821987e-01
9.28919386e-02
1.67536940e+00
-4.65270096e-01
8.03275207e-01
-1.30498575e-01
-7.42764534e-01
-4.77356558e-01
0.00000000e+00
-1.05005179e-01
2.64911746e-01
-5.93358250e-01
4.14209857e-01
2.11976713e-01
-3.08148523e-01
3.48889945e-01
3.96186575e-01
-5.89176409e-01
2.67435397e-01
-1.18361658e+00
-1.95633248e+00
0.00000000e+00
-1.24127040e-01
7.79371134e-02
4.94673970e+00
-4.35192462e-01
0.00000000e+00
-6.40707810e-01
0.00000000e+00
0.00000000e+00
0.00000000e+00
-9.83776676e-01
1.72636293e-01
-5.27301521e-01
1.41828989e-01
-6.51846828e-01
-4.48078441e-01
8.81693019e-01
-3.36136067e-01
1.72081011e+00
0.00000000e+00
4.72874307e-01
1.31224887e+00
-2.54147882e-01
-6.60189775e-01
-1.67117654e+00
-4.00340199e-01
1.53549971e-01
-1.62017529e-01
8.56739195e-01
-2.58077105e-01
7.72715905e-01
0.00000000e+00
-1.06482839e+00
-8.39226998e-01
-1.98534764e+00
4.89135954e-01
0.00000000e+00
0.00000000e+00
1.27196106e-01
2.74449964e+00
-1.99890093e+00
-2.56462763e-01
0.00000000e+00
0.00000000e+00
0.00000000e+00
0.00000000e+00
-2.63518111e+00
0.00000000e+00
0.00000000e+00
0.00000000e+00
-1.99279039e+00
1.29986933e+00
-1.32149013e+00
-5.45355603e-02
3.87151356e+00
-9.30347192e-01
1.39113369e+00
1.56903104e-01
-4.71060176e-01
0.00000000e+00
3.98299196e-01
1.94884985e+00
-2.12662824e+00
-1.61864814e+00
4.34466550e-01
2.46949306e-01
-1.79483621e+00
0.00000000e+00
-1.41146348e+00
2.73021295e-01
-6.48879572e-01
0.00000000e+00
0.00000000e+00
0.00000000e+00
1.02001254e+00
0.00000000e+00
-5.83828018e-01
3.78183814e-01
-5.47765924e-01
-3.37299578e-01
8.67802922e-01
7.60071654e-02
9.04855681e-01
0.00000000e+00
3.24916526e-01
7.63373351e-01
0.00000000e+00
1.32848783e+00
1.46681583e-01
8.63556529e-01
1.12259688e+00
0.00000000e+00
1.41143960e+00
7.76845219e-01
-1.75052522e+00
-2.72073808e+00
-1.48524609e-01
-2.72406618e-01
0.00000000e+00
8.32574004e+00
0.00000000e+00
0.00000000e+00
7.08708468e-01
0.00000000e+00
0.00000000e+00
0.00000000e+00
-1.28484743e+00
0.00000000e+00
8.03578012e-01
-1.01947324e+00
2.45491894e+00
-7.76725826e-01
3.39923424e-01
9.52171622e-01
2.04271017e+00
0.00000000e+00
-8.25761915e-03
-9.48557060e-01
0.00000000e+00
2.14961544e+00
9.37864617e-01
4.44069160e-01
-1.24080852e+00
0.00000000e+00
4.37507603e-01
-9.12921599e-01
9.70212867e-01
5.14451097e-01
4.55761769e-01
0.00000000e+00
-8.84655895e-01
-1.07344345e-01
-5.27817609e-02
0.00000000e+00
0.00000000e+00
1.65523754e+00
0.00000000e+00
0.00000000e+00
-7.77311550e-01
4.50760533e-01
0.00000000e+00
0.00000000e+00
247
-1.67628946e+00
-1.67628946e+00
0.00000000e+00
-1.56258688e+00
-1.13702579e-01
0.00000000e+00
0.00000000e+00
0.00000000e+00
0.00000000e+00
0.00000000e+00
0.00000000e+00
0.00000000e+00
0.00000000e+00
0.00000000e+00
0.00000000e+00
0.00000000e+00
0.00000000e+00
0.00000000e+00
0.00000000e+00
0.00000000e+00
0.00000000e+00
0.00000000e+00
0.00000000e+00
0.00000000e+00
0.00000000e+00
0.00000000e+00
0.00000000e+00
0.00000000e+00
0.00000000e+00
0.00000000e+00
0.00000000e+00
0.00000000e+00
0.00000000e+00
0.00000000e+00
0.00000000e+00
0.00000000e+00
0.00000000e+00
0.00000000e+00
0.00000000e+00
0.00000000e+00
0.00000000e+00
-2.93965039e-01
4.82144288e-04
-2.79289510e-01
-2.88707860e-02
-1.10292844e+00
-4.94662080e-02
0.00000000e+00
0.00000000e+00
0.00000000e+00
0.00000000e+00
0.00000000e+00
0.00000000e+00
0.00000000e+00
0.00000000e+00
0.00000000e+00
1.78290439e+00
1.75625958e+00
0.00000000e+00
3.15440487e+00
3.05820194e+00
0.00000000e+00
0.00000000e+00
0.00000000e+00
0.00000000e+00
0.00000000e+00
0.00000000e+00
-7.17543201e-01
-6.59390539e-01
-9.55389749e-01
1.86772409e-01
-1.43401834e+00
-1.25112491e+00
1.98354890e+00
0.00000000e+00
0.00000000e+00
0.00000000e+00
0.00000000e+00
0.00000000e+00
-2.85636508e-01
-8.94137242e-01
-4.07226669e-01
0.00000000e+00
0.00000000e+00
0.00000000e+00
8.90786802e+00
1.00580828e+01
1.09359581e+01
1.10354252e+01
1.00743367e+01
0.00000000e+00
2.01438657e+00
5.32961623e-01
-1.67797893e-01
8.16361937e-01
5.37564806e-01
1.57141939e+00
0.00000000e+00
0.00000000e+00
0.00000000e+00
0.00000000e+00
0.00000000e+00
0.00000000e+00
0.00000000e+00
-4.66108030e+00
1.88014411e+00
0.00000000e+00
2.98479084e+00
1.93055638e+00
0.00000000e+00
0.00000000e+00
-1.43366724e+00
-3.39702708e+00
-2.57814792e+00
-2.15634348e+00
-4.83069433e+00
0.00000000e+00
0.00000000e+00
0.00000000e+00
2.55252296e+00
8.88168843e-01
1.01777851e+00
0.00000000e+00
1.27797238e+00
2.79527637e+00
2.21208233e+00
3.20323443e+00
0.00000000e+00
0.00000000e+00
4.50867064e+00
1.04238754e+00
2.22860087e+00
1.39978818e+00
2.62917817e+00
1.94337760e+00
-6.46504556e-01
0.00000000e+00
0.00000000e+00
3.47888907e+00
-1.54009360e+00
-5.46370305e-01
0.00000000e+00
-3.87280302e-01
3.45137313e-01
-5.17548311e-01
0.00000000e+00
0.00000000e+00
0.00000000e+00
0.00000000e+00
0.00000000e+00
0.00000000e+00
0.00000000e+00
1.81601762e+00
0.00000000e+00
4.29058883e-01
1.46078614e+00
0.00000000e+00
0.00000000e+00
8.83828163e-01
-9.81962233e-02
0.00000000e+00
5.97689388e-01
1.46970653e+00
5.12590904e-01
6.46727284e-01
0.00000000e+00
0.00000000e+00
0.00000000e+00
-9.93723294e-01
0.00000000e+00
0.00000000e+00
0.00000000e+00
-3.29060073e+00
-8.87296937e-01
0.00000000e+00
0.00000000e+00
6.75533027e-01
0.00000000e+00
0.00000000e+00
0.00000000e+00
0.00000000e+00
-4.73449140e+00
0.00000000e+00
0.00000000e+00
0.00000000e+00
1.37642992e+00
5.70968003e+00
0.00000000e+00
0.00000000e+00
0.00000000e+00
0.00000000e+00
0.00000000e+00
0.00000000e+00
0.00000000e+00
0.00000000e+00
0.00000000e+00
4.82143608e+00
0.00000000e+00
0.00000000e+00
0.00000000e+00
0.00000000e+00
0.00000000e+00
0.00000000e+00
0.00000000e+00
0.00000000e+00
1.06079492e+00
1.85950562e+00
-3.10845728e-01
2.21186091e+00
0.00000000e+00
-1.18633319e+00
0.00000000e+00
0.00000000e+00
0.00000000e+00
9.58708747e-02
0.00000000e+00
0.00000000e+00
0.00000000e+00
0.00000000e+00
0.00000000e+00
0.00000000e+00
0.00000000e+00
0.00000000e+00
0.00000000e+00
0.00000000e+00
0.00000000e+00
0.00000000e+00
0.00000000e+00
0.00000000e+00
0.00000000e+00
0.00000000e+00
0.00000000e+00
0.00000000e+00
0.00000000e+00
-7.98710697e-01
3.73045322e-01
0.00000000e+00
0.00000000e+00
0.00000000e+00
0.00000000e+00
0.00000000e+00
0.00000000e+00
0.00000000e+00
0.00000000e+00
0.00000000e+00
0.00000000e+00
0.00000000e+00
2 -999999999 -999999999 0 -1
1 0 0 1 -1
-4.8073e-01 9.1863e-02
356
-6.21295036e-01
0.00000000e+00
0.00000000e+00
0.00000000e+00
0.00000000e+00
0.00000000e+00
0.00000000e+00
0.00000000e+00
0.00000000e+00
0.00000000e+00
0.00000000e+00
0.00000000e+00
0.00000000e+00
0.00000000e+00
0.00000000e+00
0.00000000e+00
0.00000000e+00
0.00000000e+00
0.00000000e+00
0.00000000e+00
0.00000000e+00
0.00000000e+00
0.00000000e+00
0.00000000e+00
0.00000000e+00
0.00000000e+00
0.00000000e+00
0.00000000e+00
0.00000000e+00
0.00000000e+00
0.00000000e+00
-6.21295036e-01
0.00000000e+00
-1.88070827e+00
-2.15447502e+00
3.01543493e+00
1.08501051e-01
7.34391002e-01
1.18557121e+00
5.25022228e-01
1.59191110e+00
0.00000000e+00
0.00000000e+00
0.00000000e+00
0.00000000e+00
0.00000000e+00
0.00000000e+00
0.00000000e+00
0.00000000e+00
0.00000000e+00
0.00000000e+00
-3.74043866e-01
-1.78735970e+00
1.22784432e-01
0.00000000e+00
0.00000000e+00
0.00000000e+00
0.00000000e+00
-5.90153827e-03
-1.09102561e-01
2.78990576e-01
3.23807906e-01
6.39404625e-01
-6.68069153e-01
-4.76323564e-01
-4.53350720e-01
-1.05746513e+00
3.63394622e+00
-1.83516158e+00
3.29036008e-02
5.52200371e-02
9.58425251e-01
1.29279864e-02
-9.83294822e-01
2.55985911e-01
9.82236695e-03
-4.44887076e-01
0.00000000e+00
0.00000000e+00
0.00000000e+00
0.00000000e+00
0.00000000e+00
0.00000000e+00
0.00000000e+00
0.00000000e+00
0.00000000e+00
0.00000000e+00
5.71769177e-01
1.83855543e-01
-1.37500686e+00
-3.28176956e-01
8.44420392e-02
-6.20533017e-01
-1.22257782e-01
7.71036948e-02
-3.64677458e-02
-3.20690530e-01
-8.31394914e-01
2.12620092e-01
-5.08319418e-01
-5.50279563e-01
6.00065107e-01
0.00000000e+00
0.00000000e+00
3.97207124e+00
8.05572592e+00
0.00000000e+00
0.00000000e+00
0.00000000e+00
0.00000000e+00
0.00000000e+00
0.00000000e+00
-7.43703083e-01
5.37862229e-01
-3.14587619e-01
-2.45033642e-01
-6.42962636e-01
-3.18494152e+00
1.72403944e+00
7.83280690e-01
0.00000000e+00
0.00000000e+00
0.00000000e+00
0.00000000e+00
1.54844630e+00
2.09988541e-01
-1.01178035e+00
-6.64987585e-01
0.00000000e+00
0.00000000e+00
1.25593668e+01
1.23749401e+01
1.31569971e+01
1.35868426e+01
1.36489853e+01
1.31604845e+01
0.00000000e+00
-3.49016994e-01
1.31013980e+00
1.61093975e+00
2.66495865e+00
2.75501121e+00
0.00000000e+00
0.00000000e+00
1.25154884e+00
0.00000000e+00
0.00000000e+00
0.00000000e+00
0.00000000e+00
0.00000000e+00
0.00000000e+00
0.00000000e+00
-4.55828711e+00
6.00218052e+00
0.00000000e+00
0.00000000e+00
3.93699208e+00
6.98325057e-01
0.00000000e+00
-5.96691031e+00
-3.03269036e+00
-2.72997703e+00
-1.56067592e+00
1.98663797e-02
-4.59336627e+00
0.00000000e+00
0.00000000e+00
0.00000000e+00
1.21253483e+00
8.45585626e-02
-1.20978268e+00
-1.39339000e+00
1.44505808e+00
-1.42768595e+00
-6.25033769e-01
5.93440869e-01
-1.34499366e+00
0.00000000e+00
1.50050922e+00
6.13766495e-01
-2.60312923e+00
6.69961959e-01
-9.00384892e-01
-4.74628339e-01
4.13389488e-01
-1.02012393e+00
-4.60051342e-01
3.32618022e-01
-9.55521634e-01
0.00000000e+00
0.00000000e+00
0.00000000e+00
3.19750775e-01
0.00000000e+00
-2.97040366e-01
5.45139434e-01
-9.39501226e-03
1.17275434e+00
6.54942326e-01
-8.19688505e-01
4.48781088e-01
0.00000000e+00
2.01572831e-02
-4.86137470e-01
0.00000000e+00
5.23677689e-01
1.45606482e+00
3.57977544e-01
-6.50601993e-01
0.00000000e+00
-5.01596551e-01
-1.10358244e+00
-7.32228019e-01
-7.30826060e-01
0.00000000e+00
1.23976902e+00
5.68130417e-01
2.24190547e+00
-1.52768058e+00
-1.44505095e+00
5.42667598e-01
0.00000000e+00
0.00000000e+00
0.00000000e+00
1.65999930e+00
0.00000000e+00
-1.11327413e+00
-1.72721824e+00
-1.32177081e+00
3.97980117e-01
-1.04719917e+00
1.57985846e+00
1.39379857e-01
0.00000000e+00
1.39148852e-01
5.39055042e-01
0.00000000e+00
5.83089658e-02
-3.01405614e+00
-2.22114653e-01
1.62596603e+00
0.00000000e+00
6.37597247e-01
1.46221545e+00
-1.40195946e-03
0.00000000e+00
-1.62771177e+00
-1.37560778e+00
-3.86113826e+00
-2.30186430e+00
0.00000000e+00
0.00000000e+00
3.70049723e+00
2.96559093e+00
0.00000000e+00
0.00000000e+00
-1.55927396e+00
0.00000000e+00
1.41577337e+00
1.62294859e+00
-2.71011065e+00
0.00000000e+00
0.00000000e+00
0.00000000e+00
-1.41465285e+00
3.62021989e+00
0.00000000e+00
1.00808606e+00
0.00000000e+00
7.86070489e-01
2.45366091e+00
-2.53489339e-01
3.52405167e+00
0.00000000e+00
-8.54247801e-01
3.51960241e+00
0.00000000e+00
3.61687224e+00
7.43169480e-02
2.18447783e+00
6.54544182e-01
0.00000000e+00
0.00000000e+00
5.77180292e-01
-1.67245928e+00
0.00000000e+00
0.00000000e+00
0.00000000e+00
2.14538794e+00
0.00000000e+00
0.00000000e+00
0.00000000e+00
0.00000000e+00
5.57087515e-01
1.60543503e+00
1.37350367e+00
1.88472980e+00
0.00000000e+00
-2.61158484e+00
3.34562928e-02
0.00000000e+00
4.53078968e-01
8.43147151e-01
2.08136509e+00
2.40318624e+00
0.00000000e+00
0.00000000e+00
-1.45590825e+00
-1.74607602e-01
4.54278609e-01
-1.16347857e+00
1.61775718e+00
0.00000000e+00
3.92747912e+00
0.00000000e+00
2.08513936e+00
-1.16835293e+00
0.00000000e+00
0.00000000e+00
0.00000000e+00
1.37781345e+00
0.00000000e+00
0.00000000e+00
0.00000000e+00
0.00000000e+00
-8.78634930e-01
1.16760131e+00
-9.88423286e-01
2.46851995e+00
0.00000000e+00
-1.74115614e+00
2.64533550e-01
0.00000000e+00
-2.90685027e+00
3.29663116e+00
-4.64282113e-01
-9.15282368e-01
0.00000000e+00
0.00000000e+00
-1.36132329e+00
-6.28886210e-01
-1.80077484e-01
-4.48808726e-01
0.00000000e+00
-2.53550305e+00
0.00000000e+00
0.00000000e+00
0.00000000e+00
0.00000000e+00
0.00000000e+00
0.00000000e+00
0.00000000e+00
6.48752590e-01
9.69759379e-01
0.00000000e+00
0.00000000e+00
247
-1.13942853e+00
0.00000000e+00
0.00000000e+00
0.00000000e+00
0.00000000e+00
0.00000000e+00
0.00000000e+00
0.00000000e+00
0.00000000e+00
0.00000000e+00
0.00000000e+00
0.00000000e+00
0.00000000e+00
0.00000000e+00
0.00000000e+00
0.00000000e+00
0.00000000e+00
0.00000000e+00
0.00000000e+00
0.00000000e+00
0.00000000e+00
0.00000000e+00
0.00000000e+00
0.00000000e+00
0.00000000e+00
0.00000000e+00
0.00000000e+00
-1.13942853e+00
0.00000000e+00
3.03305431e+00
-4.17248284e+00
0.00000000e+00
-2.56828522e-01
-8.36322904e-01
0.00000000e+00
0.00000000e+00
0.00000000e+00
0.00000000e+00
0.00000000e+00
0.00000000e+00
0.00000000e+00
-8.11399279e-01
3.21385814e-02
-3.49142942e-02
-8.59435574e-03
-2.85087712e-01
-2.67871839e-02
0.00000000e+00
0.00000000e+00
0.00000000e+00
0.00000000e+00
0.00000000e+00
0.00000000e+00
0.00000000e+00
0.00000000e+00
0.00000000e+00
1.69647780e-01
1.09652254e-01
-1.34000175e+00
8.23396792e-01
3.56209005e+00
0.00000000e+00
0.00000000e+00
0.00000000e+00
0.00000000e+00
0.00000000e+00
0.00000000e+00
6.27428953e-01
1.99388517e-01
1.24148561e-01
-1.79876988e-01
-1.17854056e+00
-1.55537381e+00
-3.83346513e-01
2.44453972e+00
0.00000000e+00
0.00000000e+00
8.35311603e-01
7.28310858e-01
1.04894347e-01
-6.03845958e-02
5.21183965e-01
5.37819933e-01
-9.12646714e-02
-3.08908907e+00
5.76118435e+00
4.98787602e+00
5.15667192e+00
4.73774769e+00
5.14979740e+00
4.23958011e+00
1.40553574e-01
-1.13097690e+00
-4.56496571e-01
1.36182769e-01
1.70337723e-01
3.66099910e-01
0.00000000e+00
0.00000000e+00
5.13345018e-01
7.88816336e-01
0.00000000e+00
-2.36125609e-01
0.00000000e+00
-2.62467850e+00
2.66075102e+00
0.00000000e+00
1.48524997e+00
1.83304674e-01
0.00000000e+00
-3.80741512e+00
-1.27252331e+00
-6.90302015e-01
-9.79651345e-01
8.55478739e-02
-1.96282532e+00
0.00000000e+00
0.00000000e+00
0.00000000e+00
-1.13276387e+00
-2.29049835e-01
-1.45994544e-01
-8.95337093e-01
1.76451569e+00
3.67420334e-01
-8.20928237e-02
5.30489300e-01
1.04483413e+00
0.00000000e+00
-7.61721959e-01
4.12354509e-01
-5.71736281e-01
-9.52022552e-02
6.21729939e-01
-8.25815501e-01
-4.85334522e-01
-1.38769607e+00
2.05537330e-01
-2.96961803e-01
-2.39682409e-01
4.66396550e-02
0.00000000e+00
1.23801882e+00
-5.12614739e-02
-2.11281149e+00
0.00000000e+00
0.00000000e+00
0.00000000e+00
1.27182420e+00
1.57527593e+00
1.71005180e+00
2.10858399e+00
3.02304157e+00
2.02880269e+00
1.99870709e+00
0.00000000e+00
1.79061652e+00
0.00000000e+00
0.00000000e+00
2.50427749e+00
0.00000000e+00
0.00000000e+00
2.27280517e+00
2.28950192e+00
0.00000000e+00
0.00000000e+00
0.00000000e+00
0.00000000e+00
-2.86322064e-01
0.00000000e+00
3.01153130e-01
-4.66842710e-02
-1.72314291e+00
-1.31916296e+00
0.00000000e+00
0.00000000e+00
0.00000000e+00
-4.03979951e-01
0.00000000e+00
0.00000000e+00
6.26331171e-01
-8.94103471e-01
0.00000000e+00
0.00000000e+00
0.00000000e+00
-1.88276438e+00
3.92988590e+00
-1.09820245e+00
-5.09705729e-01
3.26846950e+00
1.32420985e-02
2.45593112e-01
2.07078291e-01
-3.03196087e-01
0.00000000e+00
-1.28701099e-01
3.20853916e+00
-2.10790953e+00
-2.61861006e+00
3.70976563e-01
-6.41729098e-01
-1.15856015e+00
0.00000000e+00
-7.15066871e-01
1.65666569e-01
6.30174387e-01
6.13449724e-01
6.16358031e-01
-2.90830699e-03
0.00000000e+00
-4.66433095e-01
0.00000000e+00
0.00000000e+00
0.00000000e+00
1.15579385e+00
0.00000000e+00
1.30054495e-01
1.50770269e-01
0.00000000e+00
1.06032113e-01
-7.21961358e-01
4.82370839e-01
5.42549520e-01
0.00000000e+00
4.47768054e-01
1.52811571e-01
0.00000000e+00
1.92292292e+00
-3.40519387e-01
9.09495022e-01
1.52948439e+00
0.00000000e+00
6.95620172e-01
7.80560795e-01
1.67246635e-02
-1.96043758e-01
5.82011200e-01
0.00000000e+00
-1.52427786e+00
0.00000000e+00
0.00000000e+00
0.00000000e+00
0.00000000e+00
6.88232104e-02
4.58662208e-01
0.00000000e+00
0.00000000e+00
5 1
-4.9190e-01 -9.0654e-02
2 0
0 2 
217
9.44031795e-01
-2.97646572e-01
-4.45674167e-01
5.29484854e-01
-1.24220235e-02
1.13677986e-01
2.06085500e-01
1.25093229e+00
1.40327575e+00
-2.26961074e+00
-4.93645457e-01
-1.04836923e+00
0.00000000e+00
0.00000000e+00
-2.85842353e+00
5.33557350e-02
1.01414680e+00
1.76566439e+00
7.64800498e-03
-1.31200362e+00
2.03679093e+00
-7.47679730e-02
-7.59454775e-01
0.00000000e+00
0.00000000e+00
0.00000000e+00
0.00000000e+00
0.00000000e+00
0.00000000e+00
0.00000000e+00
0.00000000e+00
0.00000000e+00
0.00000000e+00
9.40981737e-01
4.32235154e-01
-4.29185096e-01
0.00000000e+00
2.71341727e-01
6.72690068e-01
0.00000000e+00
0.00000000e+00
0.00000000e+00
0.00000000e+00
0.00000000e+00
0.00000000e+00
5.07449205e-01
-2.36107478e-01
6.72690068e-01
0.00000000e+00
0.00000000e+00
0.00000000e+00
0.00000000e+00
0.00000000e+00
0.00000000e+00
0.00000000e+00
0.00000000e+00
0.00000000e+00
0.00000000e+00
0.00000000e+00
0.00000000e+00
0.00000000e+00
0.00000000e+00
9.44031795e-01
0.00000000e+00
-2.36107478e-01
0.00000000e+00
1.31406225e+00
1.00683624e+00
-1.33922974e-01
9.70275759e-01
0.00000000e+00
7.37487331e-01
0.00000000e+00
9.07446323e-01
-8.98842888e-01
-4.70863733e-01
2.48000623e+00
0.00000000e+00
0.00000000e+00
0.00000000e+00
0.00000000e+00
0.00000000e+00
0.00000000e+00
0.00000000e+00
0.00000000e+00
0.00000000e+00
0.00000000e+00
0.00000000e+00
0.00000000e+00
0.00000000e+00
0.00000000e+00
0.00000000e+00
0.00000000e+00
0.00000000e+00
0.00000000e+00
0.00000000e+00
0.00000000e+00
0.00000000e+00
0.00000000e+00
0.00000000e+00
0.00000000e+00
0.00000000e+00
0.00000000e+00
0.00000000e+00
0.00000000e+00
0.00000000e+00
0.00000000e+00
0.00000000e+00
0.00000000e+00
0.00000000e+00
0.00000000e+00
0.00000000e+00
0.00000000e+00
0.00000000e+00
0.00000000e+00
0.00000000e+00
0.00000000e+00
0.00000000e+00
0.00000000e+00
-1.98042878e+00
-3.06449125e+00
-2.05003079e+00
0.00000000e+00
0.00000000e+00
0.00000000e+00
-1.77686336e+00
-4.92213182e-01
-6.83788817e-01
-3.42796087e+00
4.37781127e+00
1.16261382e+00
-4.85950380e-01
1.39412413e+00
6.60107753e-01
0.00000000e+00
5.64762810e-01
2.07190221e+00
-2.15074445e+00
-5.54075712e-01
-2.78269635e+00
-1.63861289e-01
7.83680219e-01
-3.65928524e-01
1.29598275e+00
-1.47693281e+00
-2.30090685e-02
0.00000000e+00
0.00000000e+00
0.00000000e+00
1.15551993e+00
1.57010256e-01
3.45091354e-01
1.53437274e+00
-2.52236221e+00
-5.23579289e-01
2.33069449e-01
-1.42266280e-01
8.53500897e-02
0.00000000e+00
-5.44275495e-01
-1.12711019e+00
-2.56153425e-01
6.53102761e-01
1.75387671e+00
5.71171841e-02
3.81914378e-01
-1.82346003e+00
-4.17917163e-01
9.77690160e-01
-3.87783502e+00
0.00000000e+00
0.00000000e+00
0.00000000e+00
3.02852937e+00
4.90200523e+00
9.73744665e-02
0.00000000e+00
0.00000000e+00
-2.97717347e-02
-1.22569187e-02
1.91481073e+00
9.19312935e-01
0.00000000e+00
3.31152144e+00
4.08141098e+00
0.00000000e+00
5.47427953e-01
-3.50184365e+00
2.48685459e+00
-7.36093694e+00
0.00000000e+00
0.00000000e+00
1.45872320e+00
-2.50216746e+00
0.00000000e+00
0.00000000e+00
0.00000000e+00
1.43829319e-02
1.22146726e+00
9.30199350e-01
0.00000000e+00
0.00000000e+00
1.06191887e+00
-2.00256667e-02
7.85439126e-01
1.92020276e+00
0.00000000e+00
-8.97665378e-01
1.87002181e+00
0.00000000e+00
4.62700323e-01
4.85959009e+00
8.76752647e-01
5.27863799e+00
0.00000000e+00
0.00000000e+00
5.33551663e-01
136
1.52293856e+00
-7.90746805e-01
4.45757387e-02
7.10057650e-01
-1.88266864e-03
1.60747398e+00
-3.16364770e-02
0.00000000e+00
0.00000000e+00
0.00000000e+00
0.00000000e+00
0.00000000e+00
0.00000000e+00
0.00000000e+00
0.00000000e+00
0.00000000e+00
1.66382605e+00
1.38915655e+00
-1.51430666e+00
-1.94107179e-01
9.15915908e-01
8.01129835e-01
0.00000000e+00
0.00000000e+00
0.00000000e+00
0.00000000e+00
0.00000000e+00
-1.94107179e-01
2.28167899e+00
-1.36576308e+00
8.01129835e-01
0.00000000e+00
0.00000000e+00
0.00000000e+00
0.00000000e+00
0.00000000e+00
0.00000000e+00
0.00000000e+00
0.00000000e+00
0.00000000e+00
0.00000000e+00
0.00000000e+00
0.00000000e+00
0.00000000e+00
0.00000000e+00
0.00000000e+00
0.00000000e+00
-1.55987026e+00
-2.60229128e-01
-8.79078556e-01
1.24170099e+00
7.21534078e-01
1.36603773e+00
1.86343069e-01
7.78037925e-01
-1.08102229e-01
0.00000000e+00
0.00000000e+00
0.00000000e+00
0.00000000e+00
0.00000000e+00
0.00000000e+00
1.71704574e+00
0.00000000e+00
0.00000000e+00
0.00000000e+00
0.00000000e+00
0.00000000e+00
0.00000000e+00
0.00000000e+00
0.00000000e+00
0.00000000e+00
0.00000000e+00
0.00000000e+00
0.00000000e+00
0.00000000e+00
0.00000000e+00
0.00000000e+00
0.00000000e+00
0.00000000e+00
0.00000000e+00
0.00000000e+00
0.00000000e+00
0.00000000e+00
0.00000000e+00
0.00000000e+00
-1.97043318e+00
-3.89132549e+00
-2.18284317e+00
0.00000000e+00
0.00000000e+00
0.00000000e+00
-2.36558718e-01
-1.58470277e+00
-7.51948805e-02
-6.60701274e-01
6.90637832e-01
3.70490068e-01
1.28194912e-01
1.02002176e+00
6.69490732e-02
0.00000000e+00
6.04723848e-01
4.37558533e-01
-1.11034323e+00
-1.65250079e-01
1.02707617e+00
1.63777469e-01
-4.37553730e-01
-1.91775421e+00
-3.04361612e-01
-1.99852330e-01
-4.27152191e+00
0.00000000e+00
0.00000000e+00
0.00000000e+00
1.33919246e-01
2.59528299e+00
-5.09483860e-01
-4.23043192e-01
1.06780383e+00
-2.07083946e+00
5.61109849e-01
1.53378773e+00
-5.95013038e-01
0.00000000e+00
7.17012249e-01
2.20688781e+00
-2.72543128e+00
-1.23324139e-01
-1.53340950e-01
8.13250589e-01
-1.46941746e-01
-3.84626486e-03
-1.19265160e-01
9.06248945e-01
1 1
-9.0328e-01 1.4941e-01
3 -1
0 2 5 
217
1.94810246e+00
5.36234899e-01
-7.54919755e-01
0.00000000e+00
5.64995217e-01
-5.88309769e-01
2.64316167e-01
-2.85980229e-01
3.87237880e-02
2.27429826e-01
-2.49866655e-01
1.67627160e-01
1.32993394e+00
-3.51864606e+00
-6.66793630e-01
1.43587350e-02
6.01564528e-01
-7.19750640e-01
2.75977576e-02
2.34280858e-01
9.95601467e-01
1.16492487e-02
3.10285726e-01
2.33904526e+00
1.17274276e-02
-2.32110630e-01
0.00000000e+00
0.00000000e+00
0.00000000e+00
0.00000000e+00
0.00000000e+00
0.00000000e+00
0.00000000e+00
4.28706787e-01
1.25637005e+00
3.47472533e-01
0.00000000e+00
-8.62399379e-01
-9.85709418e-01
9.85878263e-01
0.00000000e+00
0.00000000e+00
0.00000000e+00
0.00000000e+00
0.00000000e+00
-5.45134028e-01
-3.17265351e-01
1.25124815e+00
0.00000000e+00
5.53315367e-01
0.00000000e+00
9.85878263e-01
0.00000000e+00
0.00000000e+00
0.00000000e+00
0.00000000e+00
0.00000000e+00
0.00000000e+00
0.00000000e+00
0.00000000e+00
0.00000000e+00
0.00000000e+00
-8.62230535e-01
0.00000000e+00
-2.97205288e-01
0.00000000e+00
1.12592763e+00
1.14784844e+00
1.11938012e+00
1.24292267e+00
0.00000000e+00
6.27823585e-01
0.00000000e+00
-5.00640602e-01
-1.51874941e-01
-3.69771272e-01
-1.29071385e-01
0.00000000e+00
9.42273855e-01
4.60772319e-01
3.39182938e-01
-2.64364006e+00
-1.59026224e+00
3.21340319e-01
0.00000000e+00
0.00000000e+00
0.00000000e+00
0.00000000e+00
0.00000000e+00
0.00000000e+00
0.00000000e+00
0.00000000e+00
0.00000000e+00
0.00000000e+00
0.00000000e+00
0.00000000e+00
0.00000000e+00
0.00000000e+00
0.00000000e+00
0.00000000e+00
0.00000000e+00
0.00000000e+00
0.00000000e+00
0.00000000e+00
0.00000000e+00
0.00000000e+00
0.00000000e+00
0.00000000e+00
0.00000000e+00
0.00000000e+00
0.00000000e+00
0.00000000e+00
0.00000000e+00
0.00000000e+00
0.00000000e+00
0.00000000e+00
0.00000000e+00
0.00000000e+00
0.00000000e+00
-7.12553745e-01
-2.89284948e+00
-1.14524990e+00
0.00000000e+00
0.00000000e+00
0.00000000e+00
2.60657070e+00
-1.71513276e-01
1.30066456e+00
-3.19552065e+00
-1.29394931e+00
2.90687175e+00
2.17193810e-02
-1.37996311e+00
2.32085342e+00
0.00000000e+00
-5.40407369e-01
-1.78784417e+00
-6.27923508e-01
-3.47373469e+00
1.64812924e+00
5.86452583e-01
-6.98647746e-01
-7.96238595e-02
3.44674002e+00
4.22460001e-02
-8.61256624e-01
0.00000000e+00
0.00000000e+00
0.00000000e+00
-1.77367445e-01
-9.63233382e-01
-1.84357136e+00
1.91957593e+00
6.07143054e-01
-4.62256267e-01
9.11927075e-01
1.25231410e+00
-8.66011940e-03
0.00000000e+00
6.02560436e-01
1.21852984e+00
-7.84253263e-02
1.54740660e+00
-1.13110752e-01
6.61727932e-01
6.76565450e-01
-1.95390344e-01
-7.26330865e-01
6.23315580e-01
-2.93814959e+00
0.00000000e+00
0.00000000e+00
0.00000000e+00
4.72835186e-01
4.47104573e+00
-5.65461487e-03
2.51441909e+00
0.00000000e+00
0.00000000e+00
-4.43412157e-01
1.13954139e-01
-8.24369828e-05
0.00000000e+00
-3.25088536e+00
5.79381236e-01
0.00000000e+00
6.63048918e-02
-6.28831852e-02
2.78409266e+00
-5.32902860e-01
-8.43836944e-02
0.00000000e+00
7.32034776e-01
-1.07441470e+00
0.00000000e+00
0.00000000e+00
0.00000000e+00
9.84607670e-01
-8.70485626e-01
-2.56816962e-02
-1.57980590e-01
0.00000000e+00
0.00000000e+00
3.90921398e-01
8.96423156e-01
-2.93829985e-04
0.00000000e+00
2.21082500e+00
1.89761640e+00
0.00000000e+00
5.72043867e-02
1.76872216e-01
1.90340035e-01
7.53071583e-01
-1.35789869e-01
0.00000000e+00
7.51631486e-01
136
1.56314678e+00
4.30235229e-01
9.08934989e-04
1.70443464e-01
-2.55658067e-03
-8.37955146e-02
7.04688139e-03
1.04626360e+00
-1.01545902e-02
0.00000000e+00
0.00000000e+00
0.00000000e+00
0.00000000e+00
0.00000000e+00
0.00000000e+00
0.00000000e+00
1.42438509e+00
1.03696275e+00
-7.91480048e-01
1.32561805e-01
7.22851399e-01
-3.18183589e-02
7.39551934e-01
0.00000000e+00
0.00000000e+00
0.00000000e+00
0.00000000e+00
1.32561805e-01
8.42506169e-01
-1.19654770e-01
1.38503516e+00
0.00000000e+00
2.30864868e-01
-1.64771838e+00
7.39551934e-01
0.00000000e+00
0.00000000e+00
0.00000000e+00
0.00000000e+00
0.00000000e+00
0.00000000e+00
0.00000000e+00
0.00000000e+00
0.00000000e+00
0.00000000e+00
0.00000000e+00
0.00000000e+00
-1.63481135e+00
-7.10746266e-02
-6.19910935e-01
1.26794570e+00
3.70060661e-02
1.16892678e+00
-1.38483127e-02
2.77663420e-01
7.16804993e-01
9.72236603e-01
1.26821176e+00
7.30693701e-02
4.49819577e-01
1.04737023e-03
0.00000000e+00
1.43058497e+00
0.00000000e+00
0.00000000e+00
0.00000000e+00
0.00000000e+00
0.00000000e+00
0.00000000e+00
0.00000000e+00
0.00000000e+00
0.00000000e+00
0.00000000e+00
0.00000000e+00
0.00000000e+00
0.00000000e+00
0.00000000e+00
0.00000000e+00
0.00000000e+00
0.00000000e+00
0.00000000e+00
0.00000000e+00
0.00000000e+00
0.00000000e+00
0.00000000e+00
0.00000000e+00
-1.93363919e+00
-3.45268259e+00
-1.94266117e+00
0.00000000e+00
0.00000000e+00
0.00000000e+00
-1.14960649e-01
-9.25926193e-01
-1.99724569e-01
-5.70714004e-01
8.41762457e-02
2.95195053e-01
2.14481515e-01
7.76596506e-01
2.41957464e-01
0.00000000e+00
4.30860792e-01
7.17164736e-01
-1.10221776e+00
6.84038259e-02
6.94282075e-01
1.27795554e-01
-4.08153945e-01
-1.75074116e+00
-5.48316755e-01
2.71801014e-02
-4.24713761e+00
0.00000000e+00
0.00000000e+00
0.00000000e+00
-1.39116735e-01
2.38460573e+00
-1.20700975e+00
-8.35104611e-01
5.83708366e-01
-2.08151663e+00
8.62638576e-01
1.11847778e+00
-3.08984236e-01
0.00000000e+00
1.08065455e-01
3.20078402e+00
-2.31404481e+00
3.04780258e-02
1.38124525e-01
5.44394090e-01
-8.55449349e-01
-5.87298705e-03
-5.62135752e-01
7.63542040e-01
3 1
-1.9379e+00 3.0935e-01
4 1
0 2 5 1 
217
-5.47270396e-02
2.67799002e-01
5.75262024e-02
0.00000000e+00
1.68607012e-01
-1.05830265e+00
-7.92072222e-02
2.78363210e+00
2.40663345e+00
1.45914011e+00
1.25825480e+00
6.97989711e+00
0.00000000e+00
0.00000000e+00
-1.62627895e+00
4.52814653e-02
-3.29591565e-01
-1.06614195e+00
-1.32813390e-02
3.26570493e-01
6.46707922e-01
2.61361538e-02
-1.21447049e+00
1.99098594e+00
-3.73150640e-02
-3.32801367e-01
0.00000000e+00
0.00000000e+00
0.00000000e+00
0.00000000e+00
0.00000000e+00
0.00000000e+00
0.00000000e+00
-3.97150517e-01
1.72236368e+00
0.00000000e+00
0.00000000e+00
-6.48403921e-02
-6.17021691e-01
-7.06588488e-01
1.33372353e+00
0.00000000e+00
0.00000000e+00
0.00000000e+00
0.00000000e+00
2.85610644e-02
0.00000000e+00
-8.93887863e-01
0.00000000e+00
-8.33917326e-03
0.00000000e+00
-9.78447479e-01
0.00000000e+00
7.75927907e-01
-4.89973682e-01
1.75271820e+00
0.00000000e+00
0.00000000e+00
0.00000000e+00
1.33372353e+00
1.89153675e+00
0.00000000e+00
1.00524671e+00
0.00000000e+00
-6.26331214e-01
0.00000000e+00
1.38627515e+00
-4.38231272e-01
-8.14670979e-01
4.44846199e-01
0.00000000e+00
1.06425659e+00
0.00000000e+00
3.13110012e+00
5.40781914e-01
4.08185565e-01
-1.98914059e+00
0.00000000e+00
1.50657541e+00
3.79939581e-01
-2.57255185e-01
-1.06758036e+00
-8.77416029e-01
4.74266662e-01
0.00000000e+00
2.66995218e+00
0.00000000e+00
-1.47013507e+00
-3.98543625e-01
4.10161319e-01
2.82240202e+00
0.00000000e+00
0.00000000e+00
0.00000000e+00
0.00000000e+00
0.00000000e+00
0.00000000e+00
0.00000000e+00
0.00000000e+00
0.00000000e+00
0.00000000e+00
0.00000000e+00
0.00000000e+00
0.00000000e+00
0.00000000e+00
0.00000000e+00
0.00000000e+00
0.00000000e+00
0.00000000e+00
0.00000000e+00
0.00000000e+00
0.00000000e+00
0.00000000e+00
0.00000000e+00
0.00000000e+00
0.00000000e+00
0.00000000e+00
0.00000000e+00
0.00000000e+00
-1.08666559e+00
-5.83215973e+00
-1.11169164e+00
0.00000000e+00
0.00000000e+00
0.00000000e+00
-2.57706460e+00
0.00000000e+00
1.94765434e+00
3.12494609e-01
0.00000000e+00
-4.19217787e-01
7.03581151e+00
-1.56688864e-03
4.62172401e-01
0.00000000e+00
2.85489624e+00
0.00000000e+00
-4.17770858e-02
-2.45555386e+00
-1.04455764e+00
-1.94251085e+00
4.83877811e+00
-9.56254971e-03
-2.97816753e+00
1.00854510e+00
-2.16565240e+00
0.00000000e+00
0.00000000e+00
0.00000000e+00
2.85571640e+00
0.00000000e+00
-6.34512468e-01
1.05717051e+00
0.00000000e+00
1.46731740e+00
-1.11428834e+00
-3.93568432e-03
1.28300863e+00
0.00000000e+00
8.32937882e-01
0.00000000e+00
-7.28879378e-02
1.73297674e+00
2.55632929e+00
2.37514124e+00
-1.99335495e-01
-1.02943747e-02
2.83055958e+00
3.79696515e-01
-1.02880840e+01
0.00000000e+00
0.00000000e+00
0.00000000e+00
-1.58336563e-02
-7.16753523e-01
-6.46610409e-03
-1.82596950e-03
0.00000000e+00
0.00000000e+00
3.89439300e+00
-1.86591340e-02
0.00000000e+00
0.00000000e+00
9.05373244e-01
2.57007109e+00
-1.12630478e-03
0.00000000e+00
-4.55751831e-02
2.87139408e+00
2.13395897e+00
0.00000000e+00
0.00000000e+00
1.80529419e-01
2.81330349e-01
0.00000000e+00
0.00000000e+00
0.00000000e+00
-2.26537906e-02
2.16000115e+00
-2.42574431e-02
-6.87805250e-03
0.00000000e+00
0.00000000e+00
-4.89138664e-01
-3.60736858e-02
0.00000000e+00
0.00000000e+00
1.19655239e+00
1.59501774e+00
-4.47013113e-03
0.00000000e+00
-1.85071384e-01
7.50368517e-01
1.89591115e-01
0.00000000e+00
0.00000000e+00
1.43475077e+00
136
1.52435278e+00
4.80418311e-01
-8.82731606e-04
3.03202759e-01
-3.90877268e-03
-7.40848948e-02
4.29998964e-03
8.14816608e-01
-1.81495878e-03
0.00000000e+00
0.00000000e+00
0.00000000e+00
0.00000000e+00
0.00000000e+00
0.00000000e+00
0.00000000e+00
1.23374473e+00
9.71887333e-01
-6.68400677e-01
-7.70362339e-02
4.21868302e-01
6.27571630e-02
3.35185304e-01
7.81578248e-01
0.00000000e+00
0.00000000e+00
0.00000000e+00
-7.70362339e-02
3.61056756e-01
2.70522805e-02
2.52348842e-01
0.00000000e+00
1.21665886e-01
-1.04722509e+00
1.04771273e+00
0.00000000e+00
7.93622178e-01
-5.76546572e-02
3.06447721e-01
0.00000000e+00
-6.94774246e-01
0.00000000e+00
7.81578248e-01
0.00000000e+00
0.00000000e+00
0.00000000e+00
0.00000000e+00
-1.44530534e+00
1.17533748e-01
-4.27112641e-01
1.14092246e+00
-1.43272198e-01
6.81565804e-01
-7.71613315e-03
1.93206550e-01
5.45409761e-01
5.38900097e-01
1.10069605e+00
4.10236724e-02
2.11110176e-01
-1.48654690e-01
5.56910504e-01
9.25035355e-01
-2.90421264e-03
4.84367249e-01
0.00000000e+00
0.00000000e+00
0.00000000e+00
0.00000000e+00
0.00000000e+00
0.00000000e+00
0.00000000e+00
0.00000000e+00
0.00000000e+00
0.00000000e+00
0.00000000e+00
0.00000000e+00
0.00000000e+00
0.00000000e+00
0.00000000e+00
0.00000000e+00
0.00000000e+00
0.00000000e+00
0.00000000e+00
0.00000000e+00
0.00000000e+00
-1.88456046e+00
-3.33627263e+00
-1.89668148e+00
0.00000000e+00
0.00000000e+00
0.00000000e+00
-1.13950688e-01
-8.76251564e-01
-2.48695925e-01
-4.21978769e-01
2.26688571e-01
2.48286929e-01
2.06923757e-01
8.36350581e-01
2.58135707e-01
0.00000000e+00
3.94840323e-01
5.06845778e-01
-1.13318035e+00
1.59263617e-02
5.50918278e-01
1.03545801e-01
-4.55810539e-01
-1.60910426e+00
-3.81288079e-01
-4.88338823e-03
-4.08545288e+00
0.00000000e+00
0.00000000e+00
0.00000000e+00
-2.11565559e-02
2.16242438e+00
-1.17793447e+00
-8.42124925e-01
2.82835779e-01
-2.23518383e+00
7.83147677e-01
9.41345624e-01
-2.84337009e-01
0.00000000e+00
9.21071957e-02
3.04570005e+00
-2.51066484e+00
-3.98720809e-01
-4.50952467e-02
5.68996499e-01
-8.97391543e-01
-1.13768980e-02
-6.28132564e-01
4.99506198e-01
9 1
-2.1994e+00 3.2767e-01
5 1
0 2 5 1 3 
217
4.03271545e+00
-1.07240485e-01
-1.34030480e+00
-6.85134734e-01
-5.33733179e+00
1.29322997e+01
5.12347150e+00
-1.99992540e+00
3.91094063e+00
1.52680302e-02
1.66105424e+00
9.13322502e+00
0.00000000e+00
0.00000000e+00
0.00000000e+00
0.00000000e+00
0.00000000e+00
-1.58641183e+00
2.11404095e-02
-1.83267510e+00
-1.51623490e+00
1.13412080e-02
1.13465144e+00
-6.35045056e+00
1.79965448e-02
3.42990479e+00
0.00000000e+00
0.00000000e+00
0.00000000e+00
0.00000000e+00
0.00000000e+00
0.00000000e+00
0.00000000e+00
1.33488245e+00
4.29335123e+00
0.00000000e+00
0.00000000e+00
3.69619852e+00
1.48064192e+00
3.52636890e+00
9.81608041e-01
0.00000000e+00
0.00000000e+00
0.00000000e+00
0.00000000e+00
-6.10633922e+00
0.00000000e+00
-1.77977778e+00
0.00000000e+00
0.00000000e+00
0.00000000e+00
-6.50980969e+00
0.00000000e+00
4.05432304e-01
0.00000000e+00
2.51163664e+00
0.00000000e+00
0.00000000e+00
0.00000000e+00
6.94114553e+00
6.66497498e+00
0.00000000e+00
-2.60608981e+00
0.00000000e+00
-5.55350318e-01
-9.26286068e-01
1.77742994e+00
1.49642207e+00
2.81063582e+00
5.84953485e+00
0.00000000e+00
2.51052326e-02
0.00000000e+00
-6.74899466e-01
3.64950892e+00
1.30891358e+00
2.25244861e+00
0.00000000e+00
1.79241610e+00
-1.89818985e+00
3.25217436e-01
-2.92841808e+00
-1.45886722e+00
-1.25339618e+00
0.00000000e+00
3.92242276e+00
0.00000000e+00
-8.35278625e+00
-1.47912628e+00
1.11256868e-01
1.17382241e+01
0.00000000e+00
6.97710460e+00
0.00000000e+00
1.21733690e+00
2.33319931e+00
0.00000000e+00
0.00000000e+00
0.00000000e+00
0.00000000e+00
0.00000000e+00
0.00000000e+00
0.00000000e+00
0.00000000e+00
0.00000000e+00
0.00000000e+00
0.00000000e+00
0.00000000e+00
0.00000000e+00
0.00000000e+00
0.00000000e+00
0.00000000e+00
0.00000000e+00
0.00000000e+00
0.00000000e+00
0.00000000e+00
0.00000000e+00
0.00000000e+00
0.00000000e+00
-2.79652456e+00
-1.04399049e+01
-8.07893965e+00
0.00000000e+00
0.00000000e+00
0.00000000e+00
-4.94708375e-01
-8.98285284e-04
-5.03903191e-04
-8.05035405e+00
0.00000000e+00
-8.47953189e-02
-3.04580643e+00
-2.25273767e+00
-4.47949863e-01
0.00000000e+00
9.60124801e+00
-1.00189544e+01
0.00000000e+00
-1.20489679e+01
0.00000000e+00
-1.05432860e-02
0.00000000e+00
0.00000000e+00
-2.58677148e-03
7.85448464e+00
-6.76831542e-01
0.00000000e+00
0.00000000e+00
0.00000000e+00
-7.23811060e-01
-2.65268112e-03
-1.43956761e-03
5.18585578e+00
0.00000000e+00
-8.40337680e-02
3.07592180e+00
3.47797963e+00
4.26286127e+00
0.00000000e+00
-8.07733026e+00
6.58953513e+00
0.00000000e+00
6.82303507e+00
0.00000000e+00
-1.61035468e-02
0.00000000e+00
0.00000000e+00
-3.48330407e-03
-1.78694062e+00
-7.34009780e+00
0.00000000e+00
0.00000000e+00
0.00000000e+00
2.98551060e+00
1.50376487e+00
0.00000000e+00
0.00000000e+00
0.00000000e+00
0.00000000e+00
0.00000000e+00
-9.41159058e-03
0.00000000e+00
0.00000000e+00
0.00000000e+00
8.81068468e-01
0.00000000e+00
0.00000000e+00
-6.94441219e-04
0.00000000e+00
0.00000000e+00
-8.14510702e-02
0.00000000e+00
6.65808483e+00
-3.95056318e+00
0.00000000e+00
0.00000000e+00
0.00000000e+00
1.66466692e+00
1.27400121e+00
0.00000000e+00
0.00000000e+00
0.00000000e+00
0.00000000e+00
0.00000000e+00
-2.02105880e-02
0.00000000e+00
0.00000000e+00
0.00000000e+00
2.94931454e+00
0.00000000e+00
0.00000000e+00
-2.34515522e-03
0.00000000e+00
0.00000000e+00
-8.40378281e-02
0.00000000e+00
-2.96493209e+00
136
1.09218071e+00
2.78288674e-01
1.85653146e-03
1.82850061e-01
-4.30400462e-03
-1.52899572e-01
4.52218746e-03
7.83941546e-01
-6.37881932e-03
0.00000000e+00
0.00000000e+00
0.00000000e+00
0.00000000e+00
0.00000000e+00
0.00000000e+00
0.00000000e+00
1.02662200e+00
8.26196490e-01
-7.56060464e-01
-1.05477143e-01
2.87564773e-01
3.71249722e-01
5.89993574e-02
-1.07702191e-01
5.87546191e-01
0.00000000e+00
0.00000000e+00
-1.05477143e-01
8.31116629e-01
9.35660844e-02
-2.68468358e-01
0.00000000e+00
2.39207272e-01
-1.28151420e+00
9.59330922e-01
0.00000000e+00
6.68746858e-01
3.01380598e-01
3.53297177e-01
0.00000000e+00
-7.01712550e-01
0.00000000e+00
9.11744428e-01
0.00000000e+00
0.00000000e+00
0.00000000e+00
0.00000000e+00
-1.90108167e+00
1.09908695e-01
-4.51224964e-01
1.12692834e+00
-1.89129800e-01
6.75369630e-01
1.56811181e-02
3.62962697e-01
3.90951016e-01
3.68415857e-01
1.06010475e+00
9.36003880e-02
1.66872333e-01
-1.80896804e-02
1.64554800e-01
3.47299953e-01
-1.94644206e-01
2.72220712e-01
0.00000000e+00
0.00000000e+00
1.66693674e+00
1.68573680e-01
3.17484595e-01
0.00000000e+00
0.00000000e+00
0.00000000e+00
0.00000000e+00
0.00000000e+00
0.00000000e+00
0.00000000e+00
0.00000000e+00
0.00000000e+00
0.00000000e+00
0.00000000e+00
0.00000000e+00
0.00000000e+00
0.00000000e+00
0.00000000e+00
0.00000000e+00
-1.90058295e+00
-3.21263598e+00
-1.92697313e+00
0.00000000e+00
0.00000000e+00
0.00000000e+00
-5.87537021e-02
-9.03681697e-01
-3.03846266e-01
-5.18897979e-01
9.54066986e-02
2.17111260e-01
2.18563975e-01
8.44347636e-01
2.22620294e-01
0.00000000e+00
4.00389430e-01
5.74534079e-01
-1.08633487e+00
-4.50076052e-02
6.30586145e-01
1.33388925e-01
-4.10723071e-01
-1.71385378e+00
-2.78216958e-01
5.53943591e-02
-4.06700655e+00
0.00000000e+00
0.00000000e+00
0.00000000e+00
-1.67972096e-02
2.26357524e+00
-1.23426110e+00
-9.48714386e-01
2.19333864e-01
-2.18844343e+00
8.93802488e-01
9.12482420e-01
-3.09892588e-01
0.00000000e+00
1.85036153e-01
3.13426480e+00
-2.46440901e+00
-2.04363661e-01
-1.83915574e-01
4.76852426e-01
-8.54328663e-01
-3.97128796e-03
-5.78438189e-01
6.83624912e-01
4 1
-3.1877e+00 3.8144e-01
6 1
0 2 5 1 3 9 
217
-1.29086153e-01
1.65994646e+00
-6.95388088e-01
0.00000000e+00
1.36602019e-01
-2.74246493e+00
-3.80965162e+00
1.77090805e+00
-3.92177959e-02
-2.04100285e+00
4.45201515e-02
-4.28651484e+00
3.53866109e+00
-9.40039382e+00
0.00000000e+00
0.00000000e+00
0.00000000e+00
-3.05747254e+00
1.65807039e-02
-1.06847361e-01
1.35618145e-01
3.68706988e-03
-1.24181646e+00
5.10918477e+00
-1.14484182e-01
-1.36930085e+00
0.00000000e+00
0.00000000e+00
0.00000000e+00
0.00000000e+00
0.00000000e+00
0.00000000e+00
0.00000000e+00
7.94368221e+00
6.21748119e+00
0.00000000e+00
0.00000000e+00
-4.01342417e+00
-5.54265695e-01
1.21838808e+00
4.28765054e+00
5.35165790e+00
0.00000000e+00
0.00000000e+00
0.00000000e+00
3.10365802e-01
6.17509912e-01
-2.94089298e+00
0.00000000e+00
0.00000000e+00
0.00000000e+00
1.90177930e+00
0.00000000e+00
2.69184146e+00
0.00000000e+00
1.56274809e+00
0.00000000e+00
0.00000000e+00
0.00000000e+00
8.44335346e-01
-5.67876059e-02
0.00000000e+00
-6.67740469e-02
0.00000000e+00
-1.91080883e+00
0.00000000e+00
1.01496842e+00
2.84639933e-01
7.66754254e-01
-8.40612830e-02
0.00000000e+00
3.78077728e+00
0.00000000e+00
-1.19674315e-01
8.14087095e-01
-4.17640256e-01
-9.35610155e-01
0.00000000e+00
3.50938174e+00
1.09433502e+00
-2.43238722e+00
2.69839482e+00
6.72532845e-02
7.82666296e-01
0.00000000e+00
2.44681266e+00
0.00000000e+00
3.45234539e+00
-1.25929339e+00
-2.09601015e+00
-1.28333419e+00
0.00000000e+00
8.79941901e-01
0.00000000e+00
4.71501618e-01
-2.49525087e+00
1.07605403e+00
2.64892185e+00
0.00000000e+00
3.57264155e-01
0.00000000e+00
0.00000000e+00
0.00000000e+00
1.36837409e+00
1.48908217e+00
0.00000000e+00
0.00000000e+00
0.00000000e+00
0.00000000e+00
0.00000000e+00
0.00000000e+00
0.00000000e+00
0.00000000e+00
0.00000000e+00
0.00000000e+00
0.00000000e+00
0.00000000e+00
0.00000000e+00
0.00000000e+00
-1.79473528e+00
-5.23266437e+00
-2.86894999e+00
0.00000000e+00
0.00000000e+00
0.00000000e+00
-6.94396024e-01
-2.06939842e-04
-2.45813419e-01
-5.10483723e-05
0.00000000e+00
-3.62188707e-03
-2.90910781e-01
3.25017514e+00
5.29253596e-02
0.00000000e+00
-3.47478930e+00
1.66021086e+00
-1.50672279e-03
-3.41594603e-04
1.52367778e+00
1.80456125e+00
2.35286097e+00
-3.37545916e-04
1.68710558e+00
-3.85983814e+00
-1.02482652e+00
0.00000000e+00
0.00000000e+00
0.00000000e+00
1.84179941e+00
-9.94356093e-04
-9.96751612e-01
-2.54404042e-04
0.00000000e+00
-1.81698329e-02
1.52917942e+00
4.05532946e-01
2.10542590e+00
0.00000000e+00
1.90071290e+00
2.21142037e-01
-6.97862201e-03
-1.37549148e-03
3.87382112e-01
-3.49514463e-01
4.29607330e-01
-1.36946751e-03
3.17107255e-01
1.59851871e+00
-7.01139693e+00
0.00000000e+00
0.00000000e+00
0.00000000e+00
5.82115576e+00
4.54468716e-01
-4.03856129e-02
0.00000000e+00
0.00000000e+00
0.00000000e+00
0.00000000e+00
-1.59228592e-02
0.00000000e+00
0.00000000e+00
1.54540421e+00
-3.35119585e+00
0.00000000e+00
0.00000000e+00
0.00000000e+00
7.57235086e+00
-7.58757771e-02
0.00000000e+00
0.00000000e+00
-3.81075895e+00
-6.95136569e-01
0.00000000e+00
0.00000000e+00
0.00000000e+00
-2.92066587e+00
1.57571019e+00
-3.27817284e-02
0.00000000e+00
0.00000000e+00
0.00000000e+00
0.00000000e+00
-4.75883775e-02
0.00000000e+00
0.00000000e+00
-1.12212551e+00
3.58681462e+00
0.00000000e+00
0.00000000e+00
0.00000000e+00
-2.09404289e+00
-1.59905599e-01
0.00000000e+00
0.00000000e+00
-3.41086059e-01
136
1.84298020e+00
8.52339086e-01
-1.28449491e-02
4.06857250e-01
-5.33934558e-03
5.13361461e-02
1.64505464e-03
5.32447717e-01
5.29916425e-03
0.00000000e+00
0.00000000e+00
0.00000000e+00
0.00000000e+00
0.00000000e+00
0.00000000e+00
0.00000000e+00
1.13507946e+00
9.45987618e-01
-2.07113967e-01
-2.81560412e-01
4.40319777e-01
6.64705801e-01
4.10390221e-01
-3.06907016e-01
1.30123656e+00
0.00000000e+00
0.00000000e+00
-2.81560412e-01
1.13430085e+00
2.25370184e-01
2.09162081e-01
0.00000000e+00
3.59081351e-01
-1.79017980e+00
1.14502995e+00
0.00000000e+00
6.18940545e-01
-1.32054748e-02
6.43519859e-01
0.00000000e+00
-7.91174146e-01
0.00000000e+00
1.30549983e+00
0.00000000e+00
0.00000000e+00
0.00000000e+00
0.00000000e+00
-2.78138012e+00
-4.60672010e-02
-7.65614433e-01
1.36287260e+00
2.06952937e-02
8.25443689e-01
4.24193771e-02
3.37868551e-01
2.07405667e-01
9.23115176e-01
1.41996325e+00
1.76008031e-01
2.66671336e-01
1.80313797e-01
-4.32521968e-01
-6.16553711e-02
-5.06541290e-01
1.68948250e-01
0.00000000e+00
9.90362819e-01
8.19133779e-01
-1.23341094e-01
2.52354668e-01
0.00000000e+00
8.57514516e-01
1.01360020e+00
-3.10045537e-01
5.78147316e-01
-1.62396866e+00
0.00000000e+00
0.00000000e+00
0.00000000e+00
0.00000000e+00
0.00000000e+00
0.00000000e+00
0.00000000e+00
0.00000000e+00
0.00000000e+00
0.00000000e+00
-1.71681936e+00
-3.40430856e+00
-1.86167402e+00
0.00000000e+00
0.00000000e+00
0.00000000e+00
-1.14911859e-01
-8.57414850e-01
-2.01226279e-01
-5.10811757e-01
2.71116718e-01
3.16182125e-01
1.25637752e-01
7.72482405e-01
2.76762496e-01
0.00000000e+00
3.88120628e-01
5.14524659e-01
-1.09928930e+00
-6.07968260e-02
6.34071322e-01
9.87461685e-02
-3.97421704e-01
-1.70173949e+00
-3.40185244e-01
2.44790160e-02
-4.23483698e+00
0.00000000e+00
0.00000000e+00
0.00000000e+00
-8.26756647e-03
2.21604978e+00
-1.06170736e+00
-4.29390695e-01
3.22470993e-01
-2.30998576e+00
1.08772699e+00
9.99665609e-01
-2.19298751e-01
0.00000000e+00
2.61595059e-01
3.08514587e+00
-2.60162976e+00
-2.17354083e-01
-5.54191305e-02
4.84572781e-01
-6.89684307e-01
-2.19965005e-02
-3.41355580e-01
6.07127770e-01
7 2
-2.9832e+00 3.7502e-01
7 -1
0 2 5 1 3 9 4 
217
1.28620182e-02
1.71505019e-01
-4.92763032e-01
-1.69361520e+00
1.07246846e+00
1.96097853e+00
1.22406608e+00
5.63316594e-01
-1.81652500e+00
2.40717596e-01
8.22183112e-01
5.98346160e-01
-1.28933063e+00
-6.16467976e-01
0.00000000e+00
0.00000000e+00
0.00000000e+00
0.00000000e+00
0.00000000e+00
0.00000000e+00
0.00000000e+00
0.00000000e+00
0.00000000e+00
2.36374253e+00
-5.10657788e-04
1.18494409e+00
0.00000000e+00
0.00000000e+00
0.00000000e+00
0.00000000e+00
0.00000000e+00
0.00000000e+00
0.00000000e+00
1.04018982e-01
9.29555431e-01
-1.02071239e+00
0.00000000e+00
-1.59399885e+00
1.14671991e+00
-1.57650743e+00
-9.59897919e-01
0.00000000e+00
0.00000000e+00
0.00000000e+00
0.00000000e+00
2.42604452e+00
1.68719888e+00
-1.98974145e+00
0.00000000e+00
-2.16538510e+00
0.00000000e+00
1.28318827e+00
0.00000000e+00
0.00000000e+00
0.00000000e+00
1.36577939e-01
0.00000000e+00
0.00000000e+00
0.00000000e+00
0.00000000e+00
4.01621340e-01
0.00000000e+00
-3.86653930e-01
0.00000000e+00
-2.79710266e+00
0.00000000e+00
1.09450782e+00
1.13704909e+00
1.71545686e+00
1.20189075e+00
-8.94083402e-01
-8.43534199e-01
0.00000000e+00
1.28345351e+00
2.72128314e-01
4.67026112e-01
2.62223194e+00
5.72194287e-01
-3.12187535e-01
-8.81301902e-01
-5.75815584e-02
-2.34086069e+00
-1.89563175e-01
-1.44811752e+00
-2.26218934e+00
-9.71567924e-01
0.00000000e+00
-1.41930050e+00
-3.64535726e+00
0.00000000e+00
0.00000000e+00
7.39771099e-01
1.56563531e+00
0.00000000e+00
1.54305202e+00
-7.22097027e-01
0.00000000e+00
0.00000000e+00
7.39771099e-01
-1.64807646e+00
0.00000000e+00
3.07829127e+00
-3.94249755e+00
-2.15712389e+00
2.53010454e+00
-1.65263566e+00
7.40980976e-01
0.00000000e+00
6.80704575e-01
-1.95290409e+00
0.00000000e+00
0.00000000e+00
0.00000000e+00
0.00000000e+00
0.00000000e+00
0.00000000e+00
0.00000000e+00
0.00000000e+00
0.00000000e+00
6.17028665e-01
-3.29837290e+00
-2.84442103e+00
0.00000000e+00
0.00000000e+00
0.00000000e+00
9.27258706e-01
1.49275408e+00
-4.65148611e-02
-2.92610496e+00
1.43802145e+00
-1.39739858e+00
-1.27413056e+00
-2.95578009e-03
2.91021112e+00
0.00000000e+00
1.67199369e+00
5.44313946e-01
-1.53231678e-02
-4.09322513e+00
-2.54635091e-01
1.22565125e+00
1.00973965e+00
-5.30020268e-02
4.14589156e+00
1.42221150e+00
-3.31989482e-01
0.00000000e+00
0.00000000e+00
0.00000000e+00
-1.00886548e-01
-1.27235832e+00
6.12219633e-01
2.58028476e+00
-1.03744222e+00
3.06889523e-01
1.83427193e+00
-5.07195891e-03
-4.21515089e-01
0.00000000e+00
-4.65196619e-01
-4.57951971e-01
-2.00478195e-02
2.00567547e+00
6.06524823e-01
-7.49203110e-01
9.44021321e-02
-1.19557667e-01
-2.29764474e+00
7.91894924e-01
-4.50683965e+00
0.00000000e+00
0.00000000e+00
0.00000000e+00
2.99955465e+00
5.63874316e+00
-6.05438302e-02
0.00000000e+00
0.00000000e+00
0.00000000e+00
-2.95470332e-01
5.79998434e-01
0.00000000e+00
0.00000000e+00
0.00000000e+00
4.25408011e+00
0.00000000e+00
0.00000000e+00
-9.33917743e-01
3.22944949e+00
0.00000000e+00
0.00000000e+00
0.00000000e+00
9.46159807e-02
-9.54983616e-01
0.00000000e+00
0.00000000e+00
0.00000000e+00
-6.74552345e-01
-6.34910142e-02
-1.54151032e-01
0.00000000e+00
0.00000000e+00
0.00000000e+00
-4.77503946e-01
7.94110509e-01
0.00000000e+00
0.00000000e+00
0.00000000e+00
6.36008398e-01
0.00000000e+00
0.00000000e+00
1.51908969e+00
-6.90761220e-01
0.00000000e+00
0.00000000e+00
0.00000000e+00
6.36823115e-01
136
7.60929899e-01
0.00000000e+00
0.00000000e+00
4.31929570e-02
1.32806485e-02
4.59696058e-01
-3.28243823e-03
2.58040884e-01
1.90997032e-04
0.00000000e+00
0.00000000e+00
0.00000000e+00
0.00000000e+00
0.00000000e+00
0.00000000e+00
0.00000000e+00
1.05839009e+00
7.26612303e-01
-9.87823414e-01
5.18328463e-02
2.38280082e-01
2.59127909e-01
-1.18744342e-01
-6.10473211e-01
5.93428465e-01
4.32988492e-01
0.00000000e+00
5.18328463e-02
4.47812620e-01
1.77819938e-01
-1.83716538e-01
0.00000000e+00
8.65439780e-02
-1.29154872e+00
9.81808829e-01
0.00000000e+00
2.14076831e-01
3.61718002e-03
2.27856549e-01
0.00000000e+00
-5.00476189e-01
0.00000000e+00
6.45688518e-01
0.00000000e+00
0.00000000e+00
0.00000000e+00
0.00000000e+00
-1.15866470e+00
2.96217465e-01
-3.20145551e-01
1.17452439e+00
-3.86388266e-01
6.67637017e-01
-1.39892959e-02
3.06330412e-01
1.86001608e-01
1.70841255e-01
7.49916836e-01
-1.44438648e-01
1.80239330e-01
1.85855172e-01
4.88992295e-01
8.91215879e-01
5.46178438e-03
4.38567428e-01
0.00000000e+00
4.80514776e-01
2.56659916e-01
-8.22904136e-03
1.24409393e-01
0.00000000e+00
5.08135776e-01
2.23229027e-01
-2.69539421e-01
4.69566304e-01
-6.08310571e-01
1.17342401e-01
5.01821394e-01
-5.08670607e-01
5.19564663e-01
0.00000000e+00
0.00000000e+00
0.00000000e+00
0.00000000e+00
0.00000000e+00
0.00000000e+00
-1.91052286e+00
-3.43013178e+00
-1.99342845e+00
0.00000000e+00
0.00000000e+00
0.00000000e+00
-2.38112972e-01
-9.27349673e-01
-2.73515317e-01
-5.22624334e-01
4.19589119e-01
2.94931059e-01
1.43868376e-01
8.69054025e-01
2.01206702e-01
0.00000000e+00
5.83550923e-01
3.83619935e-01
-1.24555827e+00
7.00507826e-02
6.65039326e-01
1.36546339e-01
-4.68853806e-01
-1.80598509e+00
-2.52435451e-01
-2.64501246e-02
-4.11838843e+00
0.00000000e+00
0.00000000e+00
0.00000000e+00
-2.64951703e-01
1.91876921e+00
-1.32755748e+00
-8.30734372e-01
3.00201853e-01
-2.58863965e+00
8.45330074e-01
8.92815315e-01
-5.65300155e-01
0.00000000e+00
1.70153157e-01
2.92876472e+00
-2.41383114e+00
-6.32628973e-03
-1.99181770e-01
2.37986741e-01
-9.92949131e-01
-2.35096587e-03
-2.86475160e-01
5.15973558e-01
6 2
-3.6708e+00 3.9729e-01
8 -1
0 2 5 1 3 9 4 7 
217
7.88640861e-01
2.11410853e+01
8.24733878e+00
0.00000000e+00
-9.30990866e-01
-1.49967127e+01
-2.12377480e+00
1.93228266e+01
6.16004423e+00
3.02444401e+00
0.00000000e+00
0.00000000e+00
0.00000000e+00
0.00000000e+00
7.88640861e-01
-8.61663067e-02
7.70046226e+00
0.00000000e+00
0.00000000e+00
0.00000000e+00
0.00000000e+00
0.00000000e+00
0.00000000e+00
0.00000000e+00
0.00000000e+00
0.00000000e+00
0.00000000e+00
0.00000000e+00
0.00000000e+00
0.00000000e+00
0.00000000e+00
0.00000000e+00
0.00000000e+00
-1.91156014e+00
2.70020100e+00
0.00000000e+00
0.00000000e+00
-4.41494940e+00
-7.17079766e+00
1.23743879e+01
0.00000000e+00
0.00000000e+00
0.00000000e+00
0.00000000e+00
0.00000000e+00
-9.58960587e+00
0.00000000e+00
-3.13223348e+01
0.00000000e+00
0.00000000e+00
0.00000000e+00
0.00000000e+00
0.00000000e+00
0.00000000e+00
0.00000000e+00
0.00000000e+00
0.00000000e+00
0.00000000e+00
0.00000000e+00
0.00000000e+00
-1.46049781e+01
0.00000000e+00
1.53936189e+01
0.00000000e+00
0.00000000e+00
0.00000000e+00
1.36335130e+00
-5.49797976e+00
0.00000000e+00
0.00000000e+00
0.00000000e+00
-2.15454667e+01
0.00000000e+00
0.00000000e+00
0.00000000e+00
0.00000000e+00
0.00000000e+00
0.00000000e+00
-1.22587432e+01
0.00000000e+00
-1.33938511e+01
-3.07022255e-03
0.00000000e+00
0.00000000e+00
5.92093624e+00
5.74898140e+00
0.00000000e+00
0.00000000e+00
0.00000000e+00
0.00000000e+00
0.00000000e+00
2.78542027e+00
-3.59654510e-01
0.00000000e+00
0.00000000e+00
0.00000000e+00
0.00000000e+00
0.00000000e+00
2.78542027e+00
7.35297195e-01
0.00000000e+00
0.00000000e+00
0.00000000e+00
0.00000000e+00
0.00000000e+00
-6.78981158e-01
2.45475072e+00
0.00000000e+00
0.00000000e+00
0.00000000e+00
0.00000000e+00
0.00000000e+00
0.00000000e+00
7.88640861e-01
0.00000000e+00
0.00000000e+00
0.00000000e+00
0.00000000e+00
0.00000000e+00
-2.56268657e+01
-1.97359232e+01
1.14305258e+01
0.00000000e+00
0.00000000e+00
0.00000000e+00
0.00000000e+00
0.00000000e+00
2.98087622e-01
6.79953823e+00
0.00000000e+00
-3.50230159e-02
3.25009653e+01
0.00000000e+00
0.00000000e+00
0.00000000e+00
6.94588383e+00
0.00000000e+00
0.00000000e+00
-1.03487045e+01
0.00000000e+00
0.00000000e+00
-1.03245964e-02
0.00000000e+00
0.00000000e+00
0.00000000e+00
-2.42861051e+01
0.00000000e+00
0.00000000e+00
0.00000000e+00
0.00000000e+00
0.00000000e+00
1.06208865e+00
6.06353311e+00
0.00000000e+00
-3.66694459e-02
-5.12212534e+00
0.00000000e+00
0.00000000e+00
0.00000000e+00
1.25921007e+01
0.00000000e+00
0.00000000e+00
4.83610815e+00
0.00000000e+00
0.00000000e+00
-2.15635336e-02
0.00000000e+00
0.00000000e+00
0.00000000e+00
-3.10349983e+01
0.00000000e+00
0.00000000e+00
0.00000000e+00
0.00000000e+00
0.00000000e+00
0.00000000e+00
0.00000000e+00
0.00000000e+00
0.00000000e+00
0.00000000e+00
0.00000000e+00
0.00000000e+00
0.00000000e+00
0.00000000e+00
0.00000000e+00
0.00000000e+00
0.00000000e+00
5.66395442e+00
0.00000000e+00
0.00000000e+00
0.00000000e+00
0.00000000e+00
0.00000000e+00
-1.14472296e+01
0.00000000e+00
0.00000000e+00
0.00000000e+00
0.00000000e+00
0.00000000e+00
0.00000000e+00
0.00000000e+00
0.00000000e+00
0.00000000e+00
0.00000000e+00
0.00000000e+00
0.00000000e+00
0.00000000e+00
0.00000000e+00
0.00000000e+00
0.00000000e+00
0.00000000e+00
6.03013625e+00
0.00000000e+00
0.00000000e+00
0.00000000e+00
0.00000000e+00
0.00000000e+00
136
1.02310893e+00
3.56130085e-01
1.33371118e-02
6.66978842e-01
-1.57733566e-01
0.00000000e+00
0.00000000e+00
0.00000000e+00
0.00000000e+00
0.00000000e+00
0.00000000e+00
0.00000000e+00
0.00000000e+00
0.00000000e+00
0.00000000e+00
0.00000000e+00
2.28376548e+00
2.25626741e+00
0.00000000e+00
0.00000000e+00
5.07681020e-01
1.24261881e+00
1.84105360e+00
2.58105902e+00
1.96995106e+00
0.00000000e+00
0.00000000e+00
0.00000000e+00
3.26710963e+00
-4.60059833e-01
1.79716512e+00
0.00000000e+00
-5.45336673e-01
0.00000000e+00
-3.45961911e+00
0.00000000e+00
4.36381460e+00
1.76587367e+00
3.17969985e+00
0.00000000e+00
-9.10593761e-01
0.00000000e+00
0.00000000e+00
0.00000000e+00
0.00000000e+00
0.00000000e+00
0.00000000e+00
-4.76985134e+00
-1.21682451e+00
-1.99307076e+00
1.74191559e+00
0.00000000e+00
-1.70070907e+00
-7.69792603e-01
2.41128994e-01
-1.02291287e+00
0.00000000e+00
6.03790017e+00
-7.85006254e-02
2.17345376e+00
1.37442275e+00
1.06787767e+00
1.52901420e+00
-3.78541368e-01
-1.87230524e-02
0.00000000e+00
1.38333051e+00
6.71361472e-02
-7.20558302e-01
2.61250334e-01
0.00000000e+00
8.64965955e-01
7.78194174e-01
-1.24727359e+00
6.54755198e-01
4.22755625e-02
-7.92297073e-02
1.17304580e+00
-9.28101187e-01
1.07846090e+00
0.00000000e+00
0.00000000e+00
-8.68331821e-01
-5.57215970e-02
-4.51676945e-01
0.00000000e+00
-2.06126736e+00
-5.14239521e+00
-4.96803348e+00
0.00000000e+00
0.00000000e+00
0.00000000e+00
2.91247027e+00
-1.59174243e-01
3.09201493e+00
2.35043078e+00
3.77727011e+00
3.04377121e+00
2.74202995e+00
2.97624156e+00
3.14336312e+00
0.00000000e+00
2.89674359e+00
2.63350581e+00
1.08139066e+00
2.33079835e+00
3.08577304e+00
3.17276804e+00
2.62660449e+00
-8.36747594e-02
3.01689869e+00
3.03146182e+00
-6.98053716e+00
0.00000000e+00
0.00000000e+00
0.00000000e+00
2.44316521e+00
0.00000000e+00
1.03512536e+00
8.07348177e-01
3.82514966e+00
1.99765505e+00
3.14966799e+00
3.69311328e+00
2.43270418e+00
0.00000000e+00
2.90039581e+00
5.59318909e+00
0.00000000e+00
2.30199429e+00
2.44449641e+00
2.92055378e+00
2.98343136e+00
0.00000000e+00
2.66264474e+00
2.87636355e+00
8 1
-3.5440e+00 3.9764e-01
8 1
0 2 5 1 3 9 4 7 
217
-4.23370054e-01
-1.01171952e+00
9.91021036e-01
0.00000000e+00
-2.16701142e+00
-3.65940443e+00
-3.83379020e+00
2.17622417e+00
-2.12769210e+00
9.92496513e-01
0.00000000e+00
0.00000000e+00
-5.44107911e+00
4.85479156e+00
0.00000000e+00
0.00000000e+00
0.00000000e+00
-1.21658803e+00
1.51772523e-02
4.59771287e+00
9.45649206e+00
8.93539376e-03
1.99737171e+00
-2.93476735e+00
-6.55317343e-02
7.90465558e+00
0.00000000e+00
0.00000000e+00
0.00000000e+00
0.00000000e+00
0.00000000e+00
0.00000000e+00
0.00000000e+00
4.92025448e+00
3.91019672e+00
0.00000000e+00
0.00000000e+00
-3.85595073e+00
-4.44551111e-01
-2.18887564e+00
2.86726441e+00
2.46536287e+00
7.33380136e-01
0.00000000e+00
0.00000000e+00
-2.35791497e+00
0.00000000e+00
9.28323124e-02
0.00000000e+00
-2.98804920e+00
0.00000000e+00
-8.70648680e-01
0.00000000e+00
0.00000000e+00
0.00000000e+00
0.00000000e+00
0.00000000e+00
0.00000000e+00
0.00000000e+00
-1.04965583e+01
1.00839103e+00
0.00000000e+00
-1.43176109e+00
0.00000000e+00
-2.63121103e+00
0.00000000e+00
2.37989778e+00
2.02417110e+00
-1.72056803e-01
-2.27319103e+00
0.00000000e+00
2.19845227e+00
0.00000000e+00
-6.81298951e-01
3.68958577e+00
1.19100418e+00
2.27459857e+00
0.00000000e+00
-1.43225386e-04
1.83188830e+00
2.68956813e+00
-1.85425027e+00
4.70542292e-03
3.33996103e+00
0.00000000e+00
-4.61905686e+00
0.00000000e+00
1.00121127e+01
-4.25329161e+00
0.00000000e+00
0.00000000e+00
0.00000000e+00
8.20669241e+00
0.00000000e+00
3.06902009e+00
-1.94830440e+00
0.00000000e+00
0.00000000e+00
0.00000000e+00
-8.02788423e+00
0.00000000e+00
0.00000000e+00
0.00000000e+00
0.00000000e+00
0.00000000e+00
0.00000000e+00
4.93911226e+00
0.00000000e+00
-2.48884316e+00
1.38077431e-01
7.19897985e-02
2.20616479e+00
0.00000000e+00
3.54482174e-01
0.00000000e+00
0.00000000e+00
0.00000000e+00
5.84159682e+00
5.95467234e+00
-1.12033667e+00
-9.21676399e+00
-3.94766891e+00
0.00000000e+00
0.00000000e+00
0.00000000e+00
8.05569958e+00
-2.34632969e-03
-3.95731514e-02
0.00000000e+00
0.00000000e+00
0.00000000e+00
1.35862166e+00
-2.75999089e+00
-2.51511507e-03
0.00000000e+00
1.07728630e+00
-4.01214005e-04
-1.11135090e-03
-4.91260480e-02
-1.50195392e+00
6.69074053e+00
-7.60717212e+00
-5.50852870e-03
0.00000000e+00
1.07943206e+00
-1.86385654e+00
0.00000000e+00
0.00000000e+00
0.00000000e+00
-1.90871767e-01
-4.83815092e-03
-7.65424810e-02
0.00000000e+00
0.00000000e+00
0.00000000e+00
1.82822641e+00
2.59966776e+00
-4.75866687e-03
0.00000000e+00
1.71233809e-01
-2.24622521e-03
-2.49197554e-03
-7.24359434e-02
-1.66712689e+00
8.76555075e-01
4.78581241e+00
-2.56727373e-02
0.00000000e+00
-3.18595922e+00
-5.70695428e+00
0.00000000e+00
0.00000000e+00
0.00000000e+00
-1.59959301e+00
-7.55236839e-01
0.00000000e+00
-3.26441099e-03
0.00000000e+00
0.00000000e+00
0.00000000e+00
-6.73295105e-03
0.00000000e+00
0.00000000e+00
0.00000000e+00
4.60849458e+00
0.00000000e+00
0.00000000e+00
-5.21301878e+00
-6.63942138e-04
-1.65548678e-03
0.00000000e+00
0.00000000e+00
3.72491192e+00
-3.84332576e+00
0.00000000e+00
0.00000000e+00
0.00000000e+00
-1.01323438e+00
3.61946975e+00
0.00000000e+00
-1.32668453e-02
0.00000000e+00
0.00000000e+00
0.00000000e+00
-1.96531316e-02
0.00000000e+00
0.00000000e+00
0.00000000e+00
1.77955457e+00
0.00000000e+00
0.00000000e+00
2.41476283e+00
-1.95126825e-03
-5.44915217e-03
0.00000000e+00
0.00000000e+00
-9.45153984e-02
136
1.24202126e+00
7.54518380e-01
-1.15914114e-02
4.21824697e-01
-7.90389089e-03
-1.75639376e-01
2.05776188e-03
2.41317561e-01
5.32964911e-03
0.00000000e+00
0.00000000e+00
0.00000000e+00
0.00000000e+00
0.00000000e+00
0.00000000e+00
0.00000000e+00
9.67219225e-01
7.36792504e-01
-4.30227754e-01
-2.24992961e-01
2.32748622e-01
3.16610158e-01
-1.07165569e-01
-2.86613370e-01
7.28459170e-01
8.03263936e-01
0.00000000e+00
-2.25750697e-01
6.59767240e-01
3.87768142e-02
9.76204207e-02
0.00000000e+00
-3.22050070e-02
-1.77147308e+00
1.26530929e+00
0.00000000e+00
6.47011087e-01
3.14394068e-01
8.86822811e-01
0.00000000e+00
-1.86880647e-01
0.00000000e+00
8.31147772e-01
0.00000000e+00
0.00000000e+00
0.00000000e+00
0.00000000e+00
-2.92657170e+00
-1.60616490e-02
-7.59559192e-01
9.27614687e-01
-9.36379396e-02
3.37727524e-01
-1.40063792e-02
1.53241809e-01
3.58772475e-01
5.04479109e-01
1.29631024e+00
5.54723748e-02
3.12846719e-01
-5.16180414e-02
4.62909623e-02
5.06765345e-01
-1.27126728e-01
2.67454247e-01
0.00000000e+00
6.48310848e-01
4.79592799e-01
2.62936231e-02
1.64202433e-01
0.00000000e+00
7.66151122e-01
4.10906634e-01
1.25811764e-01
2.46837665e-01
-1.13377754e+00
2.59632441e-01
8.49013671e-01
-4.58758281e-01
5.87755533e-01
0.00000000e+00
0.00000000e+00
1.05433322e+00
-1.66758159e-01
5.88596064e-01
-1.80482406e-01
-1.76878217e+00
-3.13682640e+00
-1.91588222e+00
0.00000000e+00
0.00000000e+00
0.00000000e+00
-1.34441589e-01
-8.02162673e-01
-2.05167453e-01
-5.21235914e-01
3.12523890e-01
3.29737845e-01
1.04034728e-01
8.66836170e-01
2.06015360e-01
0.00000000e+00
3.84648908e-01
4.67706369e-01
-1.20201105e+00
-6.51010554e-02
6.30471412e-01
9.58415153e-02
-4.68085050e-01
-1.65317996e+00
-3.08141043e-01
4.58273739e-02
-4.14782578e+00
0.00000000e+00
0.00000000e+00
0.00000000e+00
7.32000512e-02
2.21128848e+00
-1.01829745e+00
-6.72805145e-01
4.78269065e-01
-2.20868382e+00
1.08231011e+00
9.78900132e-01
-2.47147816e-01
0.00000000e+00
3.93577866e-01
3.05686103e+00
-2.51324232e+00
-1.22120357e-01
-2.30707230e-01
4.85044648e-01
-7.21029298e-01
-1.14074600e-02
-2.13820017e-02
7.74369552e-01
10 1
-3.9023e+00 4.0374e-01
8 1
0 2 5 1 3 9 4 7 
217
-4.51554882e+00
-1.50667681e+01
1.27991857e+01
1.53500114e+00
-1.33820546e+01
-7.91921955e+00
7.28822349e+00
-1.73544235e+01
-9.65237431e+00
-5.98571616e+00
0.00000000e+00
0.00000000e+00
0.00000000e+00
0.00000000e+00
0.00000000e+00
0.00000000e+00
0.00000000e+00
-6.08247201e+00
1.34629598e-03
4.80125347e+00
9.58780121e+00
-7.87743060e-03
1.01363734e+00
2.35733015e+00
-7.25093029e-01
1.64769305e+01
0.00000000e+00
0.00000000e+00
0.00000000e+00
0.00000000e+00
0.00000000e+00
0.00000000e+00
0.00000000e+00
-4.14559760e-01
7.64337761e+00
0.00000000e+00
0.00000000e+00
-4.19092680e+00
5.73084491e+00
-9.10967462e+00
3.74776828e+00
2.13087240e+00
0.00000000e+00
0.00000000e+00
0.00000000e+00
6.18451598e+00
0.00000000e+00
-5.66384337e+00
0.00000000e+00
0.00000000e+00
0.00000000e+00
-1.50309621e+00
0.00000000e+00
0.00000000e+00
0.00000000e+00
0.00000000e+00
0.00000000e+00
0.00000000e+00
0.00000000e+00
2.11613132e+01
-2.09574238e+00
0.00000000e+00
-2.14247453e+00
0.00000000e+00
-1.18742820e+00
2.26003755e+01
-1.22086876e+00
-2.10691916e+00
-2.10725187e+00
8.53719968e+00
0.00000000e+00
-5.01487426e+00
0.00000000e+00
1.46882603e+01
-2.85379056e-01
-1.39344479e+01
-2.19370623e+01
0.00000000e+00
1.14651945e+00
-1.00406548e+01
-1.40161622e+00
-1.36375386e+00
0.00000000e+00
0.00000000e+00
0.00000000e+00
3.45065483e-01
0.00000000e+00
1.67641818e+01
-3.01356943e+00
0.00000000e+00
0.00000000e+00
0.00000000e+00
1.10541988e+01
0.00000000e+00
-7.08222307e+00
-1.11654772e+01
0.00000000e+00
0.00000000e+00
0.00000000e+00
1.47239540e+00
0.00000000e+00
4.83816991e+00
8.94005385e+00
0.00000000e+00
0.00000000e+00
0.00000000e+00
2.53058444e+00
0.00000000e+00
-8.74012701e+00
3.82750756e+00
-7.58518786e-01
2.98314131e+00
0.00000000e+00
-8.59624768e+00
0.00000000e+00
0.00000000e+00
0.00000000e+00
2.84191587e+00
4.53687894e+00
-3.60423680e+00
-1.55526385e+01
-1.08105915e+01
0.00000000e+00
0.00000000e+00
0.00000000e+00
-1.34476419e-02
0.00000000e+00
-1.39099270e-02
0.00000000e+00
0.00000000e+00
0.00000000e+00
-6.92573216e+00
0.00000000e+00
0.00000000e+00
0.00000000e+00
-6.75673447e+00
-9.44516168e-03
0.00000000e+00
-2.12087907e-03
-1.76666458e-01
-2.33782740e+00
0.00000000e+00
0.00000000e+00
-4.86577253e-03
-1.33233134e-04
-4.67893800e+00
0.00000000e+00
0.00000000e+00
0.00000000e+00
-5.10583141e-02
0.00000000e+00
-2.91889305e-02
0.00000000e+00
0.00000000e+00
0.00000000e+00
4.47610023e+00
0.00000000e+00
0.00000000e+00
0.00000000e+00
7.49423585e+00
-1.35545530e-02
0.00000000e+00
-2.14067269e-03
-2.82260354e-01
3.35277709e+00
0.00000000e+00
0.00000000e+00
-5.62872118e-03
-4.33783011e-04
-1.31008358e+01
0.00000000e+00
0.00000000e+00
0.00000000e+00
-6.33939442e-03
1.67249095e+01
-6.45889428e-02
0.00000000e+00
0.00000000e+00
0.00000000e+00
0.00000000e+00
-2.64978565e-03
0.00000000e+00
0.00000000e+00
0.00000000e+00
1.57864962e+01
0.00000000e+00
0.00000000e+00
-2.83801166e-03
0.00000000e+00
0.00000000e+00
0.00000000e+00
0.00000000e+00
-1.53796157e-03
-6.08087939e+00
0.00000000e+00
0.00000000e+00
0.00000000e+00
-8.07599403e-03
2.87133755e+00
-1.34731542e-01
0.00000000e+00
0.00000000e+00
0.00000000e+00
0.00000000e+00
-7.89304140e-03
0.00000000e+00
0.00000000e+00
0.00000000e+00
4.65440817e+00
0.00000000e+00
0.00000000e+00
-1.14646789e-02
0.00000000e+00
0.00000000e+00
0.00000000e+00
0.00000000e+00
-4.27317942e-03
136
1.20724036e+00
7.84497617e-01
-5.62608642e-03
3.73795589e-01
-5.26731250e-03
-1.72277407e-01
2.85997384e-03
2.21224565e-01
4.38505323e-03
0.00000000e+00
0.00000000e+00
0.00000000e+00
0.00000000e+00
0.00000000e+00
0.00000000e+00
0.00000000e+00
9.38143343e-01
8.08610107e-01
-3.52862255e-01
-1.65281182e-01
6.61557792e-04
1.83319173e-01
4.15433706e-02
-8.86957181e-02
5.02702403e-01
1.08014840e+00
0.00000000e+00
-1.65281182e-01
6.30617313e-01
3.11458163e-01
1.28076786e-01
0.00000000e+00
2.48968587e-03
-1.81670309e+00
9.02255375e-01
0.00000000e+00
7.01331374e-01
5.12114618e-01
8.38867866e-01
0.00000000e+00
-1.13166147e-01
0.00000000e+00
1.07479880e+00
0.00000000e+00
0.00000000e+00
0.00000000e+00
0.00000000e+00
-2.95803069e+00
-4.42773992e-02
-7.10734011e-01
9.09733385e-01
-2.90394085e-01
1.77712244e-01
-6.18460720e-02
9.51878895e-02
6.03940397e-01
3.94900115e-01
1.39361194e+00
-3.17066532e-02
3.33661408e-01
1.72221113e-01
1.62610499e-01
7.71827184e-01
-9.35675674e-02
2.67103143e-01
0.00000000e+00
7.05999912e-01
4.14163474e-01
4.10472194e-02
1.19594309e-01
0.00000000e+00
6.50679362e-01
5.85817485e-01
-1.00642233e-01
4.32313188e-01
-1.78270234e+00
3.23117611e-01
7.07637105e-01
-5.15549179e-01
5.48653495e-01
0.00000000e+00
0.00000000e+00
8.58349313e-01
4.09017708e-02
4.45057545e-01
-5.52653220e-01
-1.74841631e+00
-3.30572168e+00
-1.92338141e+00
0.00000000e+00
0.00000000e+00
0.00000000e+00
-8.60146931e-02
-8.70247226e-01
-2.55945592e-01
-4.81202602e-01
2.54394088e-01
3.52287480e-01
1.09350508e-01
8.18712356e-01
2.61275360e-01
0.00000000e+00
3.16919441e-01
4.63602945e-01
-1.20930100e+00
-6.46049061e-02
6.58985697e-01
1.21693088e-01
-4.15178828e-01
-1.52132666e+00
-3.77551560e-01
7.70698066e-04
-4.24761981e+00
0.00000000e+00
0.00000000e+00
0.00000000e+00
6.57457126e-02
2.15308381e+00
-9.84250024e-01
-5.43520472e-01
5.80206027e-01
-2.25102082e+00
1.06295919e+00
1.09174266e+00
-1.78165564e-01
0.00000000e+00
5.34493266e-01
3.01745929e+00
-2.66297733e+00
-1.50813688e-01
-2.81490182e-02
6.96538498e-01
-7.36639745e-01
-4.49779134e-02
5.54508092e-03
7.80953954e-01
