4
2 800.00 1200.00
0
3 0.0000 1.0000 0.0000 1.0000 0.0000 1.0000
3 0.0000 1.0000 0.0000 1.0000 0.0000 1.0000
3 0.0000 1.0000 0.0000 1.0000 0.0000 1.0000
2 0 0
139
6.70819983e-01
-2.96125632e+00
-1.48311388e-01
-1.64530895e-02
2.29437424e-01
3.56722966e-02
7.09070110e-01
-3.55218120e-01
3.44342173e-01
3.27212802e-01
-2.19757490e-01
-5.44467945e-01
-3.89047416e-01
-1.64552388e-01
4.63642650e-01
-1.61811459e-01
3.20534102e-01
-3.13322741e-01
-4.34569622e-01
-2.04826030e-01
9.59096448e-02
-3.37169874e-01
2.69559403e-01
-2.31144884e-01
3.67732785e-01
4.55223713e-02
1.75358387e-01
4.02742122e-02
5.09750546e-02
-2.15469665e+00
7.83771849e-01
2.84566996e-01
3.89775082e-01
2.81044901e-01
-2.14892506e-01
-1.11362704e-01
-4.32358016e-01
5.90384564e-02
1.23478530e-02
2.94944105e-01
-3.52594837e+00
1.40504599e-01
2.68018711e-01
7.73575343e-02
-1.26844965e-01
4.29380169e-01
-1.45576967e+00
-6.55706644e-01
-1.67161685e-01
1.42232543e-01
5.28587439e-01
5.40977571e-01
-1.40680081e-02
-3.72430006e-01
5.80257549e-02
-1.77975700e-01
3.71124786e-01
-3.54770124e-01
3.76699065e-01
3.37909482e-01
2.56437547e-01
4.16828447e-01
4.08892899e-02
-2.22455189e+00
-2.03812371e+00
-9.91856172e-01
1.37005381e-01
-5.99280157e-02
1.00790890e-03
1.90323909e-01
-7.61813988e-02
-2.36193281e-01
-6.98915134e-02
-1.79080100e-01
3.88490912e-01
7.68782359e-01
1.38241704e+00
-3.16170427e-01
9.70469664e-01
-5.53955681e-01
-8.45502395e-01
1.48728054e+00
5.64167519e-02
1.26489819e-01
-2.61450735e-02
-4.45903967e-01
1.14410047e+00
-2.27797107e+00
-1.75895837e+00
-2.43782692e-01
3.73480619e-01
-5.04217998e-02
0.00000000e+00
-2.05708875e+00
0.00000000e+00
-3.06935513e-02
0.00000000e+00
-3.99145017e-02
0.00000000e+00
-1.43175503e-01
0.00000000e+00
-2.63655063e-02
0.00000000e+00
2.99176954e-01
0.00000000e+00
-1.34063130e+00
0.00000000e+00
-7.29224633e-02
0.00000000e+00
-6.76418457e-02
0.00000000e+00
9.90911645e-02
0.00000000e+00
1.04226164e-02
0.00000000e+00
3.03285754e-01
0.00000000e+00
3.13070458e-01
0.00000000e+00
1.15556640e+00
0.00000000e+00
1.27228258e+00
0.00000000e+00
1.74822770e+00
0.00000000e+00
6.37011802e-01
0.00000000e+00
1.12481952e-01
0.00000000e+00
-1.35489953e-02
0.00000000e+00
-1.72012816e-01
0.00000000e+00
-7.80638745e-02
0.00000000e+00
-5.92661340e-01
0.00000000e+00
6.35270824e-01
0.00000000e+00
2 0 1
139
-1.11623487e-01
9.74146793e-01
9.52324791e-03
2.01594491e-02
2.84916208e-01
-1.22243200e-01
-6.41562277e-01
4.54700908e-01
8.38914860e-02
3.53275342e-01
3.72102264e-02
3.34167031e-02
-3.04029995e-01
1.37037203e-01
-2.00083251e-01
3.51743667e-02
2.37197002e-01
-7.16146426e-02
-4.87618119e-01
1.27436998e-01
-3.52984104e-01
-8.56521633e-02
1.73840110e-01
1.05031391e-01
1.52900789e-01
1.83588074e-01
1.20826563e-01
9.59979009e-03
6.33566856e-02
-1.58819843e+00
1.16741354e+00
3.68766289e-01
1.92872204e-01
-3.04495692e-01
-1.32616852e-01
-1.84315208e-02
-1.88451905e-01
1.51189692e-01
2.55343199e-01
5.21297665e-02
-1.74791608e+00
5.26561271e-01
-4.30526583e-01
-4.13772071e-02
-1.65511178e-01
-2.28334020e-01
-6.38075512e-01
3.56155462e-01
-2.12183665e-01
1.04018085e-01
-2.15641572e-01
-3.65247269e-02
9.36770555e-02
-1.44360724e-01
8.25363027e-02
9.55574286e-02
1.61110356e-01
1.53561903e-01
7.12495420e-01
-4.84895220e-01
-1.34782331e-01
1.21243348e-02
7.95404254e-02
-1.37297572e+00
2.51664923e-01
-2.54529391e-01
1.47215777e-01
-4.40901865e-02
6.86525141e-02
1.59786369e-01
-1.08980622e-01
-1.85934574e-01
5.43672464e-02
9.34051327e-02
-3.07873857e-01
7.34900328e-01
1.04490489e-01
1.01560996e-02
4.59859161e-01
-2.77660497e-01
-7.20289035e-01
4.00045468e-01
2.17276176e-01
-6.73869910e-03
1.99086081e-01
-8.32071776e-02
-1.97625265e-02
-3.76134144e+00
-2.50320295e+00
-8.04020651e-01
5.40995803e-01
1.00713993e-01
0.00000000e+00
-1.42396848e+00
0.00000000e+00
-8.13629508e-03
0.00000000e+00
4.16844091e-02
0.00000000e+00
-3.83354529e-02
0.00000000e+00
1.74298795e-02
0.00000000e+00
-3.69653386e-01
0.00000000e+00
-1.42566038e+00
0.00000000e+00
4.76622754e-02
0.00000000e+00
-1.05589924e-02
0.00000000e+00
1.08519519e-01
0.00000000e+00
2.58940236e-02
0.00000000e+00
-1.25835389e-01
0.00000000e+00
9.74728131e-02
0.00000000e+00
-1.21430444e+00
0.00000000e+00
-1.89538537e-01
0.00000000e+00
-6.02918001e-01
0.00000000e+00
-8.35126798e-01
0.00000000e+00
3.01991579e-02
0.00000000e+00
2.42545296e-02
0.00000000e+00
-6.08575154e-02
0.00000000e+00
-3.64531599e-02
0.00000000e+00
-6.11386432e-01
0.00000000e+00
6.45588249e-01
0.00000000e+00
2 0 2
139
-3.54570194e+00
4.36306235e+00
5.96908400e-01
1.01132557e+00
7.96686879e-01
-3.30465140e-01
4.15907891e+00
4.61710997e+00
-1.23444466e+01
2.37144897e-01
1.00424767e+00
3.06290275e-01
5.18924178e-01
2.30099050e-01
-6.61895819e-03
-9.19192572e-01
-2.61747312e-01
-2.59524967e-01
1.79060381e-01
1.81464028e-01
-7.94382504e-02
-6.32466699e-01
4.13788792e-01
5.65813908e-01
7.28171873e-02
3.39859004e-01
-2.86726512e-01
4.86337933e-02
-6.75535898e-01
-4.90610070e-01
4.45312530e+00
1.25871855e+00
-1.02351722e+00
-2.52218472e+00
5.35363254e-01
1.89338383e-01
7.51912504e-01
1.66205029e-01
-2.59359684e-01
-1.12271748e+00
-2.92210144e+00
-1.29896362e+00
-5.06866190e-01
-3.75622942e+00
-5.62738760e-01
2.27423214e+00
-5.77234224e-01
1.67072953e+00
-4.43043736e-01
-2.01211375e+00
-1.53358819e+00
4.78959623e+00
3.02675927e-01
5.51266152e-01
-5.71835798e-01
8.28353057e-01
-6.51888801e-01
6.58993189e-01
-1.70359594e-01
-2.93598779e+00
-6.78107574e+00
-2.91092047e-01
1.77686851e+00
1.70496739e+00
1.87406180e-01
5.88111569e-01
-4.13184385e-01
2.00647174e-01
7.38049414e-01
-1.08771447e+00
-4.70830719e-01
-1.12859851e+00
2.42912178e+00
3.02484745e+00
4.97364943e-01
-2.28220192e+00
1.48332333e+00
9.67743518e-02
8.44361715e-01
1.13316493e+00
1.55582982e-01
-2.07856941e+00
-1.64526026e+00
1.28319262e+00
7.91158098e-01
-1.68255103e+00
-1.88572542e+00
-2.12469012e+00
-1.44662797e+00
-1.04166967e+00
3.77095131e-01
-3.76641119e-01
0.00000000e+00
0.00000000e+00
0.00000000e+00
1.11362756e-01
0.00000000e+00
-3.40394990e-01
0.00000000e+00
2.87028772e-01
0.00000000e+00
-1.44394763e-01
0.00000000e+00
-1.06928011e-01
0.00000000e+00
0.00000000e+00
0.00000000e+00
4.72041913e-01
0.00000000e+00
7.09374817e-01
0.00000000e+00
5.88477360e-02
0.00000000e+00
3.89337791e-01
0.00000000e+00
-7.95636999e-02
0.00000000e+00
2.43516750e-01
0.00000000e+00
-1.65800912e+00
0.00000000e+00
1.32236205e+00
0.00000000e+00
-1.96585947e+00
0.00000000e+00
-2.44159121e-01
0.00000000e+00
-1.75666016e-01
0.00000000e+00
-1.96000227e-01
0.00000000e+00
4.13193225e-01
0.00000000e+00
3.20037717e-01
0.00000000e+00
3.07850350e-01
0.00000000e+00
1.56652135e+00
0.00000000e+00
3 0 0
139
2.32205697e-01
-1.71990339e-01
-1.28363971e-01
3.64234857e-01
3.99349703e-01
-1.28653619e+00
5.81877277e-01
-1.32339026e+00
9.81131982e-01
1.51075926e-01
1.41995789e+00
-3.07655662e-01
7.72347797e-02
2.38332322e-02
-2.03094265e-01
3.30830096e-01
2.58043059e-01
1.91492586e-02
1.86541076e-01
-2.39288415e-02
-1.81065657e-01
1.86438474e-01
1.91574153e-01
-3.26805034e-01
-2.20285003e-02
-1.09306360e-01
1.44391450e-01
4.77620059e-02
6.64689012e-02
-1.23008682e-01
-1.16914583e-01
3.16737514e-02
3.18217461e-01
-8.60117640e-02
-2.36560699e-01
-6.13234812e-02
-3.59988165e-01
3.39194127e-01
-1.47627923e-01
-1.19135791e-01
-2.16368891e-02
-1.03638436e-01
3.67335929e-01
2.45818177e-01
-5.30491814e-01
1.03797684e+00
-9.42683633e-01
5.17466875e-02
-7.05359528e-02
1.48418477e-01
8.37872198e-02
1.09122957e-01
6.24623396e-02
-7.46345396e-02
1.54339177e-01
-3.16378701e-01
-2.06620373e-01
-8.51337405e-01
6.28196298e-02
2.02518792e-01
3.87539623e-01
1.65660197e-01
1.58527394e+00
-1.14426881e+00
-6.99156669e-01
4.96143580e-02
2.09726459e-01
-2.85353475e-01
1.84854827e-01
1.68751844e-01
8.74846604e-02
-1.66459968e-01
1.64817343e-01
-1.41721372e-01
-5.47296885e-01
2.01585045e-01
7.50903232e-01
-4.49723866e-01
-5.45727081e-01
3.44132441e-01
-1.30880909e-01
-5.47259304e-01
9.17760390e-01
2.33706294e-01
-8.85027796e-01
9.00294527e-02
1.49591169e-01
5.73601115e-01
-1.20090035e+00
-6.05709233e-01
4.32890290e-01
-1.34195926e-01
0.00000000e+00
-3.51898244e-01
0.00000000e+00
2.92418714e-02
0.00000000e+00
-8.67485440e-02
0.00000000e+00
9.63888820e-02
0.00000000e+00
-3.56273234e-02
0.00000000e+00
2.21073927e-01
0.00000000e+00
6.13324252e-01
0.00000000e+00
4.28092469e-01
0.00000000e+00
1.58417972e-01
0.00000000e+00
7.32399944e-01
0.00000000e+00
7.03303643e-02
0.00000000e+00
7.86623032e-02
0.00000000e+00
2.15251283e-01
0.00000000e+00
-3.55903650e-01
0.00000000e+00
2.78228235e-02
0.00000000e+00
-9.81976662e-01
0.00000000e+00
5.05637785e-01
0.00000000e+00
-6.71470106e-02
0.00000000e+00
-5.11212206e-02
0.00000000e+00
-3.04306808e-01
0.00000000e+00
8.80875983e-02
0.00000000e+00
6.26072981e-01
0.00000000e+00
-4.77814952e-01
0.00000000e+00
3 2 0
139
-6.23499152e-01
8.67628803e-01
2.79684160e-01
-1.02875652e-01
-2.24894566e-02
-3.43368211e+00
-7.35392391e-01
-9.21962716e-01
1.03556428e+00
6.42944233e-01
2.59245199e+00
3.04047981e+00
1.92939334e+00
3.46395396e-01
-1.31891103e-01
1.75981933e+00
-3.97183167e-01
2.65694008e+00
3.14248836e+00
6.98529439e-01
1.26813187e+00
4.43454301e+00
-7.42132863e-01
3.83539757e-01
-1.40002291e+00
-1.21309513e+00
-2.67472368e+00
-3.52134086e-01
3.44949726e-01
7.22457764e+00
5.57795833e+00
-1.19019460e+00
5.95996070e-01
-1.21949522e+00
4.69563163e-01
4.77842448e-01
-7.28047188e-01
1.39640471e+00
4.46943427e-01
-1.84702797e+00
-3.95858935e-04
-1.35231472e+00
-2.41902620e-01
6.46499370e-02
-2.30431244e+00
-9.86483636e-01
7.78145418e-01
2.31325812e-01
-3.34344337e-01
7.32126672e-01
-1.35562582e+00
8.01193654e-02
9.43979216e-01
1.32168771e+00
3.12329059e-01
1.03494702e+00
-7.98019492e-01
-2.16868269e+00
-6.78291667e-01
2.12352676e-02
5.89735823e-02
-4.82384736e-01
-1.55552453e+00
-2.87634245e-02
6.69212758e-02
2.32239310e+00
-6.21215376e-01
-2.04973488e+00
1.08407528e+00
-5.88003740e-01
-1.04900850e+00
-6.74023151e-01
-2.63138015e-01
5.67640593e-03
5.69040887e-01
8.06908838e-01
1.64404530e-01
2.28844787e+00
-1.02182467e+01
4.65043545e+00
3.08029684e-01
-1.02421488e+00
9.43944695e-02
-1.35857054e+00
-1.92079050e+00
-1.42744394e+00
8.05653134e-01
2.50465148e+00
4.23760605e+00
-1.10431959e+00
-2.96643968e+00
6.59984424e-02
0.00000000e+00
8.04109226e-01
0.00000000e+00
-3.88361138e-01
0.00000000e+00
8.92992202e-01
0.00000000e+00
5.22537098e-01
0.00000000e+00
1.47175974e+00
0.00000000e+00
4.59376559e-01
0.00000000e+00
6.00100956e-01
0.00000000e+00
-2.24463679e-01
0.00000000e+00
4.39287799e-01
0.00000000e+00
-1.16818499e+00
0.00000000e+00
-1.06872992e+00
0.00000000e+00
-5.03555640e-02
0.00000000e+00
-4.20624118e-02
0.00000000e+00
-7.65717079e-01
0.00000000e+00
-1.79924359e-01
0.00000000e+00
-7.44057700e-01
0.00000000e+00
-6.51698798e-01
0.00000000e+00
-9.10898237e-01
0.00000000e+00
-5.78767537e-01
0.00000000e+00
9.43721495e-01
0.00000000e+00
1.50801772e+00
0.00000000e+00
-2.16593872e-02
0.00000000e+00
4.71774440e-01
0.00000000e+00
