4
2 800.00 1200.00
0
3 0.0000 1.0000 0.0000 1.0000 0.0000 1.0000
3 0.0000 1.0000 0.0000 1.0000 0.0000 1.0000
3 0.0000 1.0000 0.0000 1.0000 0.0000 1.0000
2 0 0
139
1.27740041e+00
-3.11109002e+00
1.16162723e-01
-2.83638095e-01
-6.36716184e-02
6.93052595e-03
-9.72094888e-01
1.43206836e+00
8.08221620e-01
1.07744270e-01
1.77793117e-01
-5.85189966e-02
3.03978274e-01
4.53073813e-01
2.26690449e-01
3.50972221e-01
-4.15040667e-02
-4.29047066e-02
8.49209060e-02
2.76809979e-01
3.68617360e-01
4.89788491e-01
-1.57969264e-01
-1.56149236e-02
-1.41926580e-01
2.19057716e-01
-1.38816135e-01
1.76263793e-01
1.16465067e-01
-1.22308472e+00
-6.94051369e-01
2.52864260e-01
9.58451435e-01
3.18948972e-01
-3.34648303e-01
-7.51398732e-02
1.80065191e-01
-1.70073334e-01
2.44208407e-01
-4.29218677e-01
-3.46207409e+00
-1.99519790e-02
-1.51994184e-01
-3.92456257e-01
-3.44192680e-01
5.04175846e-01
-7.05332249e-01
1.52617895e+00
-1.68124121e-01
8.28447842e-01
4.48952565e-01
-2.38357511e-01
1.38103205e-01
3.31075248e-01
-1.58436479e-01
3.76682255e-01
-1.27793075e+00
9.69148147e-02
1.24841828e-01
-5.32840058e-01
-7.37455094e-01
-3.11830577e-01
6.28314918e-01
-5.29275016e-01
2.08735237e-01
1.63505825e-01
2.10480502e-01
-1.51010603e-01
-1.16365315e-02
-1.32472610e-01
8.48711678e-01
-1.44794883e-01
3.80846017e-01
3.44999171e-01
-1.24139059e-01
-1.76057300e-01
1.31744386e+00
-1.79491179e-01
6.50186773e-02
-1.09734378e-01
-2.18472535e+00
1.46728723e+00
1.98563464e+00
-2.09810217e-05
-2.24188744e-01
-3.80699062e-02
1.30626687e+00
-1.03112078e+00
-1.00814036e+00
1.83351299e+00
-4.83504203e+00
-6.89790748e-01
0.00000000e+00
-2.52522429e-01
0.00000000e+00
-9.99818995e-01
0.00000000e+00
-1.62047999e-02
0.00000000e+00
-6.52921086e-01
0.00000000e+00
6.59291306e-01
0.00000000e+00
-6.89790748e-01
0.00000000e+00
-2.52522429e-01
0.00000000e+00
4.56088043e-01
0.00000000e+00
-1.62047999e-02
0.00000000e+00
1.56086215e-01
0.00000000e+00
-9.39515939e-01
0.00000000e+00
-3.95337367e-03
0.00000000e+00
-3.81675608e-03
0.00000000e+00
-2.79870313e-01
0.00000000e+00
-1.04824694e-01
0.00000000e+00
-6.07079387e-01
0.00000000e+00
-2.63250593e-01
0.00000000e+00
-3.46897909e-01
0.00000000e+00
-6.75496106e-01
0.00000000e+00
3.00001827e-01
0.00000000e+00
9.23311139e-01
0.00000000e+00
3.27209062e-01
0.00000000e+00
1.58425897e-01
0.00000000e+00
2 0 1
139
-3.29637055e-01
7.64458974e-01
1.17388226e-01
7.80803226e-02
-1.88640156e-01
-5.10823969e-01
5.62966353e-01
-9.43343864e-01
3.94808193e-02
2.90350847e-01
2.79500860e-01
-2.52567447e-01
1.56641218e-01
7.50385644e-01
4.26818839e-01
1.28438102e-01
-7.07110015e-01
-1.98624642e-01
-3.29806724e-01
4.28530690e-01
-1.92367907e-01
8.40348728e-01
-4.69446489e-01
-5.39433121e-02
6.19186848e-01
4.86448797e-01
-7.11910410e-01
3.21855200e-01
-2.37663347e-01
1.30761861e+00
-1.07568526e+00
5.36022946e-01
6.51082333e-01
-9.80719387e-01
-6.83685547e-01
3.44478775e-01
9.06061912e-01
2.04837568e-02
5.89978529e-01
-8.50386199e-01
-1.95109253e+00
6.90301554e-01
-1.20552468e+00
-3.56682693e-01
2.01923002e-01
3.54872839e-01
5.26384340e-01
-4.28943042e-01
8.63301127e-01
1.00528798e+00
-1.33492503e+00
-2.87153200e+00
5.31195920e-01
-3.52291958e-01
-2.38974463e-01
6.84863146e-01
8.31025113e-01
4.54524829e-01
1.08661075e+00
-1.28021891e+00
-2.94218413e-01
-1.23586152e-01
1.26497667e+00
2.77193037e-01
-5.75445624e-01
8.14664913e-01
5.84306716e-01
1.25835205e+00
2.59459697e-01
-9.48848360e-02
-1.68141144e+00
-3.96311205e-01
7.46934361e-02
-6.24642916e-02
-9.10103840e-01
2.49190795e-01
1.46502566e-01
-6.01411126e-01
1.86365343e-01
-8.89136320e-02
-8.32402079e+00
3.37516935e+00
4.60795422e+00
-1.82665469e-01
-3.21333435e-01
6.25617804e-01
-9.66514078e-01
1.17228458e-01
-1.70949528e+00
2.53437941e+00
-4.47016052e+00
-1.26780914e+00
0.00000000e+00
0.00000000e+00
0.00000000e+00
-1.78014375e+00
0.00000000e+00
-5.27869433e-01
0.00000000e+00
-1.31550291e+00
0.00000000e+00
-5.29807107e-01
0.00000000e+00
-1.26780914e+00
0.00000000e+00
0.00000000e+00
0.00000000e+00
1.37815106e+00
0.00000000e+00
-5.27869433e-01
0.00000000e+00
9.28535465e-01
0.00000000e+00
-5.28406570e-01
0.00000000e+00
-3.29278595e-02
0.00000000e+00
1.52391367e-03
0.00000000e+00
-3.86070656e-02
0.00000000e+00
-5.76796239e-02
0.00000000e+00
7.23801051e-01
0.00000000e+00
1.09789875e-01
0.00000000e+00
-4.64640837e-01
0.00000000e+00
1.93767368e-03
0.00000000e+00
4.49615592e-01
0.00000000e+00
5.37137264e-04
0.00000000e+00
-7.62408116e-01
0.00000000e+00
-1.67469499e-01
0.00000000e+00
3 0 0
139
-4.80967251e+00
7.18730317e+00
5.87345450e-01
1.24359362e+00
1.47298637e-01
-9.00226181e-01
1.31064806e-01
-4.24735371e+00
-6.51146429e-01
-6.18239800e-01
4.93474311e-01
1.11768642e-01
-4.70183631e-01
-5.04892227e-01
-2.79517852e-01
3.03712037e-01
8.79313160e-01
-7.56123177e-02
-5.60698146e-01
-1.20523271e-01
-1.41566468e-01
-4.01900972e-01
5.60974340e-01
1.87381462e-01
-1.37951189e-01
9.05143480e-02
7.05612838e-01
-3.84369472e-01
3.18338915e-01
1.86089158e+00
-3.49548001e-01
-4.03044962e+00
-1.62882611e+00
-3.18084640e+00
-9.66053584e-02
1.49474826e-01
6.56443162e-01
-1.80202188e-01
2.34864396e-01
-1.60685599e+00
-1.27254905e+00
-5.57358070e-01
6.56761687e-01
1.68346588e+00
-1.01521513e-01
-8.19924581e-03
4.70403642e-01
-1.75613803e+00
-7.51334442e-02
-1.67552378e+00
-3.13414873e+00
-1.95129300e-01
3.69368298e-01
2.28215667e+00
-4.45586342e-01
5.95725440e-01
-4.32023288e+00
3.47497272e-04
-7.40482877e-01
8.74268634e-01
3.13748984e+00
4.57927494e-01
-5.98844815e-01
6.46325696e-01
4.04712532e-01
-1.92380068e-01
6.54211680e-02
-1.62571303e+00
2.65385004e-01
-3.60865221e-01
2.71337740e+00
1.83125342e-01
-2.17506403e-01
-1.45402426e+00
5.90645489e-01
-1.75922687e-01
-2.16085077e+00
-9.28035369e-02
4.78509990e-02
1.12297481e+00
4.21443553e+00
-2.68273950e+00
-6.29913105e+00
6.90126822e-01
3.87836463e-01
-2.40714899e+00
-2.36028796e+00
-7.11567449e-01
-5.26518829e-02
-6.96200760e-01
8.22057610e-01
-9.80691177e-01
0.00000000e+00
1.22091017e+00
0.00000000e+00
4.37906709e-01
0.00000000e+00
4.93010148e-02
0.00000000e+00
5.94566251e-02
0.00000000e+00
3.75934709e-01
0.00000000e+00
-9.80691177e-01
0.00000000e+00
1.22091017e+00
0.00000000e+00
-1.07868921e+00
0.00000000e+00
4.93010148e-02
0.00000000e+00
-3.91040608e-01
0.00000000e+00
-2.38694359e-01
0.00000000e+00
7.13318850e-02
0.00000000e+00
1.69725743e-02
0.00000000e+00
4.71360069e-01
0.00000000e+00
1.54525177e-01
0.00000000e+00
-6.32611942e-01
0.00000000e+00
-5.72137224e-01
0.00000000e+00
3.78450083e-01
0.00000000e+00
-3.26633694e-01
0.00000000e+00
-6.87648600e-01
0.00000000e+00
2.87995374e-01
0.00000000e+00
1.10397201e+00
0.00000000e+00
7.26662398e-01
0.00000000e+00
3 0 1
139
-5.94858612e+00
2.35887468e+00
1.94114440e+00
-3.10748749e-02
-2.21850024e-01
-1.00317821e+00
-1.07210247e+01
4.42744592e+00
4.06873157e-01
5.95806633e-01
-1.17764982e+00
-1.75977002e+00
-7.48622313e-01
-1.76353625e-01
1.11492693e+00
-7.51266234e-01
-1.13639198e-01
-1.06133761e+00
-5.42757778e-01
-4.95224255e-01
5.09729822e-01
-9.51942199e-01
8.78634673e-01
-6.98432527e-01
6.05196632e-01
-2.05864177e-01
2.00675868e-01
3.18868267e-01
-9.92274429e-01
-2.61546242e+00
3.01351585e+00
1.10432962e+00
-5.44677729e-01
-5.40390839e+00
7.79395036e-01
1.19513240e+00
9.29362767e-01
-7.95456518e-01
1.51360225e+00
9.23565289e-01
-1.14229113e+00
-4.15515851e-01
-4.89194229e+00
-3.17932453e+00
8.78431791e-01
-1.67595917e-01
3.89221528e-01
-8.22280165e-01
1.18473476e-01
-2.69361939e-01
-5.67922418e+00
-1.32356125e-01
1.29843980e+00
-7.80778539e-01
-1.00456957e+00
1.71490143e+00
4.01472864e-01
1.97564306e-01
-3.60612798e+00
-5.26848857e+00
9.31512935e-01
6.78835674e-01
-5.22992237e-02
1.90812728e+00
4.39241237e-01
2.93989012e+00
-2.92819401e-01
1.71014242e+00
2.09116649e-01
-2.01291592e-01
5.22092797e-01
3.19061304e+00
3.76545761e-01
-4.11083753e+00
-1.15297179e-01
-1.51890602e+00
-1.26152138e+00
3.12596098e-01
4.01606349e-01
-2.91495289e-02
-9.57963932e+00
-2.61572400e+00
6.30866583e+00
4.66348257e-01
2.18616513e-01
5.27183236e-01
-6.41389030e+00
-9.98541153e-01
-2.66520155e-01
-4.51739383e-01
-1.40631493e-01
-3.99048956e-01
0.00000000e+00
0.00000000e+00
0.00000000e+00
-2.36294518e-01
0.00000000e+00
6.30223243e-01
0.00000000e+00
-1.73392572e+00
0.00000000e+00
-3.13731643e-01
0.00000000e+00
-3.99048956e-01
0.00000000e+00
0.00000000e+00
0.00000000e+00
7.66775673e-01
0.00000000e+00
6.30223243e-01
0.00000000e+00
1.37609698e+00
0.00000000e+00
7.52308066e-01
0.00000000e+00
2.66211238e-02
0.00000000e+00
1.57927634e-02
0.00000000e+00
1.06668340e-02
0.00000000e+00
1.82493635e-02
0.00000000e+00
6.28659725e-01
0.00000000e+00
-8.34196422e-02
0.00000000e+00
1.49763120e+00
0.00000000e+00
9.43954887e-01
0.00000000e+00
-6.09321304e-01
0.00000000e+00
-1.22084823e-01
0.00000000e+00
-6.17992884e-01
0.00000000e+00
1.01669008e-01
0.00000000e+00
3 2 0
139
-5.42455433e+00
3.47108079e+00
5.43609813e-01
5.72533738e-01
-9.15785829e-01
-2.62135863e+00
-4.91805142e+00
-2.84214990e+00
2.35209594e+00
-1.48671293e+00
5.25725168e-01
1.26493042e+00
-2.33724188e+00
-2.06005910e+00
-8.92942392e-01
-3.92327440e-01
-3.43678827e-01
7.73255292e-01
-2.66609494e+00
-1.24180319e+00
-6.07918039e-01
-9.50268718e-01
1.95257056e-01
4.91675369e-01
-2.85024235e-01
3.28852837e-01
5.57940953e-01
-8.18256269e-01
-5.38935649e-01
7.76498905e+00
3.58141932e-01
-4.16461410e+00
-4.88694030e-01
-4.93586030e+00
9.62086309e-01
1.28601813e+00
1.25895255e+00
2.31094661e-02
-1.00055719e+00
-1.77336045e+00
9.06120449e-01
-1.06498716e+00
2.24675880e+00
-4.04903382e-01
7.09677337e-01
-1.07339257e+00
6.03141796e-01
-3.57349963e+00
7.30025411e-01
-2.57798263e-01
-5.16675607e+00
7.22406530e-02
1.39617499e+00
9.08595160e-01
-3.68518361e-01
-1.05970085e+00
-3.82767135e-01
-7.33856182e-01
-2.26640257e+00
3.07106424e+00
2.39947055e+00
1.66858420e+00
-9.21002557e-01
-1.34309486e-01
1.34463754e-01
-6.55220752e-01
-1.43894264e-01
3.50357303e-01
3.91631696e-01
5.91454903e-02
-1.39059319e+00
1.20141588e+00
-8.24304382e-01
-2.80437402e+00
-1.52390188e-01
7.37451391e-01
-3.70796340e+00
1.07749366e+00
-2.78893007e+00
-7.09569764e-01
3.23161492e+00
5.53658607e+00
-1.41763064e+01
-1.72744887e+00
-6.93570094e-01
3.13789939e+00
-8.54600427e+00
4.62100821e+00
6.32628236e+00
8.02984611e+00
2.34751707e+01
1.37984009e-02
0.00000000e+00
6.05314160e-03
0.00000000e+00
-3.95285917e-01
0.00000000e+00
6.71462840e-01
0.00000000e+00
-8.19862088e-01
0.00000000e+00
-7.82578890e-02
0.00000000e+00
1.37984009e-02
0.00000000e+00
6.05314160e-03
0.00000000e+00
-3.95027508e-01
0.00000000e+00
6.71462840e-01
0.00000000e+00
7.24688603e-01
0.00000000e+00
1.28232774e+00
0.00000000e+00
3.29171071e-03
0.00000000e+00
6.56803449e-05
0.00000000e+00
-9.89015684e-03
0.00000000e+00
5.93359111e-02
0.00000000e+00
6.52013457e-02
0.00000000e+00
-9.47453919e-02
0.00000000e+00
4.24576171e-01
0.00000000e+00
7.49720729e-01
0.00000000e+00
-1.11971611e+00
0.00000000e+00
-6.10864905e-01
0.00000000e+00
-7.50915011e-02
0.00000000e+00
1.54081303e-01
0.00000000e+00
3 2 1
139
-7.86069618e-01
-4.45664218e-01
1.34092063e+00
-9.76206036e-01
-5.04186651e-01
9.47445392e-02
-6.79658848e-01
1.55107821e-01
-2.58796117e-01
-2.62522858e+00
-1.82959337e+00
-4.60261159e+00
6.29486846e-02
-3.26813593e+00
1.09414672e+00
-9.28755818e-01
-2.69519678e+00
-3.94133652e+00
-1.13638865e-01
-5.25694053e-01
2.52959727e+00
-2.29608006e+00
-1.54843425e+00
-6.61274978e-01
-1.43545059e+00
1.76587514e-01
1.36732427e+00
-2.74244237e+00
-1.14676271e+00
-1.33374631e+00
-3.52362299e+00
4.05686680e+00
2.02052561e+00
-2.80659523e+00
2.76063740e-01
6.56341379e-02
1.34880605e+00
-4.47361997e+00
1.22142419e+00
8.16058997e-01
-1.91415636e-02
-1.74358051e+00
-6.03814939e+00
-2.65478529e+00
4.24813540e+00
1.41368534e+00
5.22458079e-01
-2.99175136e+00
6.20848441e-01
2.24064518e-02
-8.08476070e-01
0.00000000e+00
6.16443203e+00
5.52245907e-01
-4.27481467e+00
1.12928239e+00
1.80624129e+00
-3.12941388e-01
-2.46922340e+00
-2.62548823e+00
-2.02012733e-01
4.19147916e+00
-1.87731627e-02
2.71901124e-01
7.95106521e-03
2.94433766e-01
2.16974249e+00
7.96559852e-01
-1.98803899e-01
9.21412785e-02
-9.90182319e-01
7.25642997e-01
-3.41266147e+00
-2.45277254e+00
1.43245838e+00
2.50557005e-01
-2.99970243e+00
7.13078178e+00
-4.04345525e+00
-3.13206183e+00
1.47241068e+00
3.27872846e+00
-5.53448682e+00
-1.18031311e+00
1.13557569e+00
3.42512887e+00
-4.20847568e+00
1.43185358e+00
7.47861727e+00
5.79957870e+00
1.02950466e+01
0.00000000e+00
0.00000000e+00
0.00000000e+00
0.00000000e+00
1.58723529e-02
0.00000000e+00
5.00194106e-01
0.00000000e+00
-1.60170284e+00
0.00000000e+00
3.37589218e+00
0.00000000e+00
0.00000000e+00
0.00000000e+00
0.00000000e+00
0.00000000e+00
1.58723529e-02
0.00000000e+00
5.00194106e-01
0.00000000e+00
1.17915977e+00
0.00000000e+00
3.37589218e+00
0.00000000e+00
2.24306374e-02
0.00000000e+00
-1.27550232e-04
0.00000000e+00
-6.41366147e-02
0.00000000e+00
1.62377942e-03
0.00000000e+00
-1.32658041e-01
0.00000000e+00
1.67754025e-02
0.00000000e+00
1.61757520e+00
0.00000000e+00
-2.87569808e+00
0.00000000e+00
-1.16328742e+00
0.00000000e+00
-2.87569808e+00
0.00000000e+00
6.85214264e-02
0.00000000e+00
-1.51516231e-02
0.00000000e+00
