4
2 800.00 1200.00
0
3 0.0000 1.0000 0.0000 1.0000 0.0000 1.0000
3 0.0000 1.0000 0.0000 1.0000 0.0000 1.0000
3 0.0000 1.0000 0.0000 1.0000 0.0000 1.0000
2 0 0
139
1.80574465e-01
3.27463767e-01
4.53467287e-02
5.26701738e-02
-2.59934988e-01
-4.43181471e-01
6.02540432e-01
-9.09984100e-01
4.83806289e-01
5.73807589e-01
1.20572139e-01
-2.12472483e-01
-1.80386029e-02
-1.83610111e-01
2.35582679e-01
2.31203612e-01
2.00986124e-01
-2.20602401e-01
-1.81600988e-01
-4.20306318e-01
2.60263164e-01
4.55041881e-01
3.72188638e-01
8.13049977e-03
-2.46809427e-02
1.63562232e-01
-2.23838487e-01
2.36696685e-01
-1.71202534e-01
-1.46673506e+00
1.23226008e+00
2.91301948e-01
9.91240277e-01
-8.10665812e-01
-2.64919681e-01
1.42937347e-01
1.67863606e+00
-6.77730553e-03
3.46002585e-03
-1.56478801e+00
-8.55135564e-01
4.17934757e-01
-2.07314586e-01
4.49345093e-01
-9.71000645e-01
-6.10119104e-01
4.12591237e-01
3.04011882e+00
-1.37185914e-01
7.90719731e-01
-6.10145265e-01
2.56889651e-02
3.87627830e-01
1.52210858e+00
-5.42783317e-02
2.08945641e-01
-2.00372526e+00
-6.82376479e-02
1.66328333e-01
6.95034869e-02
8.95011503e-01
1.21021211e-01
-5.15845705e-01
2.11920205e-01
1.89141552e+00
2.90251040e-01
2.66783056e-01
1.56527715e-01
4.75004110e-02
-2.05487910e-01
4.38937361e-01
2.51607588e-01
-2.76819257e-01
-4.45666506e-01
-9.42740528e-02
2.00671019e-01
1.14870340e+00
-1.25902295e-01
-1.54021517e-01
-3.25176734e-01
1.01822797e+00
-1.64296941e+00
8.01102647e-01
-1.11687190e-01
-4.93405727e-01
1.24729096e+00
-1.07092926e+00
-3.87912036e-01
1.07424735e+00
-9.34157403e-01
1.36543121e+00
2.91082074e-01
0.00000000e+00
-3.02310536e-01
0.00000000e+00
-1.54342171e-02
0.00000000e+00
-2.60704449e-01
0.00000000e+00
2.33090742e-01
0.00000000e+00
-1.78325953e-01
0.00000000e+00
-1.28062210e-02
0.00000000e+00
8.31929960e-01
0.00000000e+00
-9.03308823e-02
0.00000000e+00
2.96365172e-01
0.00000000e+00
-5.09301000e-01
0.00000000e+00
2.67771096e-01
0.00000000e+00
-7.60476521e-01
0.00000000e+00
-2.81375261e-01
0.00000000e+00
-7.68704059e-01
0.00000000e+00
-2.37340705e-01
0.00000000e+00
1.29284736e-01
0.00000000e+00
1.15037036e-01
0.00000000e+00
-2.48524959e-01
0.00000000e+00
-8.23784965e-02
0.00000000e+00
4.18970118e-01
0.00000000e+00
2.85940812e-02
0.00000000e+00
-8.97988801e-01
0.00000000e+00
-3.52377748e-01
0.00000000e+00
2 0 1
139
-3.23677963e-01
4.72169389e-01
1.21233225e-01
5.43394382e-01
-3.61154467e-01
-9.76476735e-01
1.00365289e-01
-2.15269405e+00
1.72066042e+00
1.02374585e-01
1.20561279e-01
2.01577743e-02
3.45128560e-01
-3.73556346e-01
1.01471573e-01
-6.73539015e-01
9.25438649e-01
2.90361002e-01
3.62730436e-01
-3.23236446e-01
6.32045417e-02
-5.71548240e-01
5.35993899e-01
-2.70203761e-01
3.82675860e-02
-1.76025779e-02
-1.01990506e-01
-5.03193859e-02
3.89444602e-01
-2.02940803e+00
1.54378124e+00
1.45281545e+00
1.10965408e+00
-1.43333205e+00
-2.30199084e-01
4.54496207e-01
2.63896454e+00
-4.35095884e-01
4.11069039e-01
-6.81439209e-01
-1.78568018e+00
4.32394158e-02
-5.63037180e-02
5.76221833e-01
3.16562780e-01
-2.45442370e-01
3.39497131e-01
-5.06884543e-01
-5.78927720e-03
9.42725733e-01
-1.26640370e+00
1.49102403e-01
5.08810735e-01
2.79301246e-01
-1.58156206e-01
-4.03641430e-01
1.73359091e+00
-3.00427884e-01
-6.44388869e-01
6.24012683e-01
-9.58116265e-01
-1.38741728e-01
-4.34240218e-01
4.48550489e-01
-1.97096943e-01
4.15772305e-01
2.34097391e-01
2.35966270e+00
-2.76935250e-01
8.14712677e-01
-2.41503049e+00
6.87629302e-01
-6.80317065e-01
1.53433865e+00
1.88798578e-01
-1.09054786e-01
-3.09787478e-01
-6.01145488e-02
-2.29350705e-01
-3.83551070e-01
-2.94447648e-01
-5.00737497e-01
4.63516966e-01
-2.82780549e-01
-3.90225102e-01
8.50582054e-01
-1.18225131e+00
-3.33611415e-01
1.86724760e+00
-6.11646483e-01
1.45671825e+00
1.69014398e-01
0.00000000e+00
7.88312095e-01
0.00000000e+00
1.85866540e-01
0.00000000e+00
1.59775840e-01
0.00000000e+00
2.25763414e-01
0.00000000e+00
2.73893493e-01
0.00000000e+00
4.91413056e-01
0.00000000e+00
-8.50217503e-01
0.00000000e+00
-2.46892149e-01
0.00000000e+00
-4.35465503e-02
0.00000000e+00
-1.35882443e-01
0.00000000e+00
-2.24957178e-01
0.00000000e+00
-1.30640088e+00
0.00000000e+00
-6.64321035e-01
0.00000000e+00
-2.25253262e-01
0.00000000e+00
-9.13900268e-01
0.00000000e+00
-6.05882462e-02
0.00000000e+00
-2.90184488e-02
0.00000000e+00
-3.98968740e-02
0.00000000e+00
-1.14117653e-01
0.00000000e+00
-1.11009705e-01
0.00000000e+00
1.81410628e-01
0.00000000e+00
-1.64665019e-01
0.00000000e+00
-8.84881820e-01
0.00000000e+00
2 0 2
139
-1.36844716e-01
2.36085092e-01
9.60494948e-01
6.40873433e-01
-4.47723960e+00
2.89281640e+00
-4.12309424e-01
-1.20402137e+00
1.47924567e+00
-6.09599898e+00
1.05980909e-01
-6.00515398e+00
4.21513899e+00
4.43878183e+00
2.01308687e+00
6.34379958e+00
6.12141207e-01
-3.22559282e+00
2.63421755e+00
3.57640325e+00
-1.34135999e+00
1.18255433e+00
9.40058341e-01
-2.77956201e+00
3.35444691e+00
1.58092093e+00
5.16124490e+00
8.62378656e-01
-3.27917065e-01
-9.21386146e-01
-1.17559779e+00
-4.00565558e-02
2.93724669e+00
-3.07409141e+00
2.38060037e+00
-5.15402415e+00
3.49904743e-01
-4.88093719e+00
6.07962865e+00
-1.59515718e+00
-7.97051210e-02
3.21175961e+00
1.38184944e+00
-2.68881681e+00
-1.13571538e+00
8.41647696e-01
-3.28568448e+00
-1.56756340e+00
-3.07409141e+00
1.33793202e+00
-1.47477674e+00
1.97071374e+00
4.11602684e+00
6.81779806e-01
-2.69969714e+00
2.17382992e+00
-1.42889127e+00
4.82256527e+00
-6.76070553e-01
3.62907333e+00
-6.75962979e-01
3.94345880e+00
-7.66297686e-01
6.69012494e-01
6.67265960e-01
6.06542191e+00
-2.46290568e+00
-3.31874822e-01
-2.18123677e+00
3.90579895e+00
-1.66264998e-01
3.88783146e+00
-2.24722421e+00
-2.01285363e+00
1.60794471e+00
-3.95469731e+00
-2.23482906e+00
-3.86462709e+00
9.34868137e-01
2.94670448e+00
1.96198590e+00
-1.52091499e+00
-5.78156207e-01
8.79352233e-01
-8.62404165e-01
-1.69799152e+00
1.56090467e+00
-8.06354662e-01
4.73262554e-01
5.67739565e-01
-1.59099727e+00
1.45399332e+00
0.00000000e+00
-6.02222433e-01
0.00000000e+00
1.05907586e+00
0.00000000e+00
3.67273637e+00
0.00000000e+00
0.00000000e+00
0.00000000e+00
-3.23328292e-01
0.00000000e+00
-8.43173319e-02
0.00000000e+00
-3.22109874e+00
0.00000000e+00
-3.38260396e+00
0.00000000e+00
2.59216439e+00
0.00000000e+00
0.00000000e+00
0.00000000e+00
1.50562498e-01
0.00000000e+00
2.99991001e-02
0.00000000e+00
1.51393088e-02
0.00000000e+00
1.45328591e-02
0.00000000e+00
6.79975563e-02
0.00000000e+00
-1.25373677e-02
0.00000000e+00
-4.89704709e-02
0.00000000e+00
1.05907586e+00
0.00000000e+00
3.99606467e+00
0.00000000e+00
-3.38260396e+00
0.00000000e+00
2.44160189e+00
0.00000000e+00
2.70702278e-02
0.00000000e+00
1.16968027e-01
0.00000000e+00
3 0 0
139
-2.16537962e+00
-7.04426638e+00
2.59434976e-01
1.91870116e-01
-7.61694809e-02
-5.11401784e-01
-1.71709577e+00
-3.02421949e-02
-4.16852808e-01
1.12432673e+00
-3.26089104e-01
4.58169501e-01
-2.91268616e-02
-1.56054275e-01
-5.61887533e-01
-4.15251474e-01
-7.91990560e-01
4.79377642e-01
-1.13794905e-01
-2.18395608e-01
-1.02614424e+00
1.58918680e-01
-9.88823808e-01
-2.12090715e-02
4.64258388e-01
8.46682093e-02
-5.74170336e-01
6.23414552e-02
1.96833786e-01
1.74490376e-01
-3.09869196e-02
2.50846716e+00
8.12069589e-03
-2.17350031e+00
-7.48849177e-03
5.24141517e-01
2.14145670e+00
-2.88080192e-01
9.28164747e-02
-3.10543713e+00
-8.74594942e-01
5.99986293e-01
-5.87074872e-01
6.05264210e-01
-5.16226143e-01
-4.48413365e-01
7.63337410e-01
1.13485145e+00
3.07194260e-01
-9.39153489e-02
-2.07146427e+00
1.71768709e-01
6.20089884e-01
2.19676054e+00
-3.34056942e-01
1.76022479e-01
-4.08541960e+00
-2.16287124e-01
4.18204747e-01
-3.27538277e-01
1.66492733e+00
2.92008456e-02
-5.00627197e-01
4.67710321e-01
2.41708000e+00
2.85773572e-01
1.32938611e-01
-5.53031433e-02
4.59753055e-02
-8.32033569e-02
9.79982466e-01
1.81785777e-01
-2.59536940e-01
-1.05966350e+00
5.22126768e-02
2.95626915e-01
-1.28222862e+00
1.07714516e-01
-3.78785701e-01
1.34781317e-01
-3.34231288e+00
2.33389898e+00
-1.15577872e+00
-2.55039894e-01
1.18756984e-01
-1.37136054e+00
-7.92833323e-01
1.66074515e+00
1.22938013e+00
1.31062572e+00
1.00601760e+00
-9.14228166e-01
0.00000000e+00
-1.76086877e-01
0.00000000e+00
8.75814241e-02
0.00000000e+00
-1.39596636e+00
0.00000000e+00
1.15912596e-01
0.00000000e+00
-8.12769346e-01
0.00000000e+00
1.01484046e+00
0.00000000e+00
6.17066230e-02
0.00000000e+00
-3.08731436e-01
0.00000000e+00
1.11484564e+00
0.00000000e+00
-2.43352737e-02
0.00000000e+00
8.76124458e-01
0.00000000e+00
2.12223317e+00
0.00000000e+00
9.27493404e-01
0.00000000e+00
6.62348960e+00
0.00000000e+00
3.56534734e+00
0.00000000e+00
-9.59378993e-01
0.00000000e+00
-2.45479360e+00
0.00000000e+00
-2.83311721e-02
0.00000000e+00
-5.83197010e-01
0.00000000e+00
-2.84396162e-01
0.00000000e+00
2.38721207e-01
0.00000000e+00
7.58286861e+00
0.00000000e+00
6.02014093e+00
0.00000000e+00
3 0 1
139
-5.96744656e-01
1.03762747e+00
-1.32631560e-02
-1.18854481e-01
-5.08792370e-02
-5.91514212e-01
-1.83513823e+00
8.55471109e-01
3.91619491e-01
-2.77695295e-01
7.08081229e-01
1.09590254e+00
-9.65609950e-01
-1.90184553e+00
-1.91223461e+00
-9.09661611e-01
7.36017622e-01
8.39291625e-01
-1.19561755e+00
-1.73326848e+00
-1.35748795e+00
-7.41149382e-02
8.16004712e-02
2.56610969e-01
-5.54746807e-01
2.30007542e-01
-8.35546679e-01
-1.68577075e-01
6.54417171e-01
-5.52102103e-01
2.20723719e-01
5.39468367e+00
1.32227778e+00
-1.91902243e+00
-2.07540479e-01
6.32253535e-01
-1.13426020e-01
8.15400007e-01
-4.15530699e-01
-5.47308946e-01
-1.28915720e+00
-2.35943088e-01
-8.66114546e-01
1.81849419e+00
-3.51378151e-01
-5.76673247e-01
1.21729360e+00
-8.25072275e-01
5.85240764e-01
1.16138088e+00
-1.75812554e+00
1.56784894e-01
7.44017556e-01
-6.92602114e-01
7.89104605e-01
-4.35893070e-01
-3.33347923e-01
-1.00242187e+00
-3.18369690e-01
6.57308620e-02
-1.79452318e-01
3.12195714e-01
-3.65203695e-01
8.24768926e-01
3.91918683e-01
3.91390399e-01
1.67498188e-01
5.79175856e-01
2.62965613e-02
2.03612227e-02
-2.13961058e-01
8.24276146e-02
-9.31844898e-01
1.99794645e+00
-2.11470200e-01
3.92524124e-01
-1.21699072e+00
8.94835462e-02
-5.89850228e-01
-2.74154984e-01
-3.42082799e-01
2.42171794e+00
-2.66768116e+00
-7.83053100e-01
8.53366702e-03
-6.60832031e-01
7.27865917e-02
4.67326969e+00
3.51915008e+00
1.60723436e+00
9.08083825e-01
-1.73801669e+00
0.00000000e+00
1.43203008e-02
0.00000000e+00
5.05150926e-01
0.00000000e+00
4.84386585e-01
0.00000000e+00
3.69635826e-01
0.00000000e+00
5.65306993e-01
0.00000000e+00
1.59801690e+00
0.00000000e+00
8.55004615e-01
0.00000000e+00
-1.10035455e+00
0.00000000e+00
-3.61970970e-01
0.00000000e+00
-8.14485626e-01
0.00000000e+00
-2.75716178e-01
0.00000000e+00
3.78653231e-01
0.00000000e+00
1.02850727e-01
0.00000000e+00
8.62386147e-01
0.00000000e+00
2.20230472e-01
0.00000000e+00
1.15699805e-01
0.00000000e+00
-3.63223747e-01
0.00000000e+00
1.35515100e-01
0.00000000e+00
-8.09204079e-02
0.00000000e+00
-2.85868920e-01
0.00000000e+00
-8.62547844e-02
0.00000000e+00
7.46686343e-01
0.00000000e+00
5.83454220e-01
0.00000000e+00
3 0 2
139
-1.16924006e-01
1.59442315e-02
8.79201413e-01
-3.98571241e-02
-1.63796311e+00
-2.97151484e-01
2.95961096e-01
1.29550111e-01
-5.42597833e-01
-3.65474604e-01
-1.71165184e+00
1.02274118e+00
6.21277379e-01
-6.98068904e-01
4.99661303e-01
4.94050247e-01
-4.34827719e-02
6.44409942e-02
-4.87690206e-01
-2.75429424e-02
1.12692712e-01
-2.14181955e-02
3.36883365e-02
9.58300213e-01
3.86968590e-01
1.10896764e+00
5.15468440e-01
-6.70525943e-01
-7.71711081e-02
4.89796372e-01
2.71192476e-01
1.01866832e-02
6.41113114e-01
-7.58037120e-01
1.10399339e+00
5.13380213e-01
-1.51530928e-01
9.09815877e-01
4.64529790e-01
-2.74380485e-01
-6.06520185e-01
4.65830237e-01
-6.25251179e-01
-2.25487628e-01
-1.35068948e+00
2.53468661e-01
-5.17456574e-01
-1.72736177e-01
-1.46012781e+00
8.78166800e-01
-9.95090807e-01
1.59922757e+00
-3.15892566e-01
-3.93229983e-03
6.80276737e-01
-6.62897425e-01
-1.36604723e-01
-9.24698257e-02
1.95891389e+00
8.52199903e-01
1.75554336e-01
-1.01066410e+00
2.08670870e+00
9.19912659e-01
1.75978149e-01
-2.90999293e+00
-6.14176153e-01
-1.47598628e-01
2.29539179e-01
1.12742724e+00
-1.37775766e-01
-1.49308352e+00
-1.47745108e+00
-4.01041968e-01
-1.83324012e+00
-1.43736929e+00
-3.48714376e-01
-1.96792240e+00
7.23270193e-01
1.48882640e-01
-7.69550146e-01
1.10382041e+00
-4.51356920e-01
-2.17426798e+00
1.07849766e+00
2.07691219e-01
-3.24777979e-01
8.95437785e-01
4.77287605e-01
1.05084745e-01
-4.81452516e-02
-4.26063653e-02
0.00000000e+00
-9.23083135e-02
0.00000000e+00
-3.09055105e-02
0.00000000e+00
-5.36368741e-02
0.00000000e+00
0.00000000e+00
0.00000000e+00
-1.27506855e+00
0.00000000e+00
-4.26063653e-02
0.00000000e+00
-9.23083135e-02
0.00000000e+00
-3.09055105e-02
0.00000000e+00
-5.36368741e-02
0.00000000e+00
0.00000000e+00
0.00000000e+00
-1.27506855e+00
0.00000000e+00
-1.90217980e-03
0.00000000e+00
-5.95161407e-04
0.00000000e+00
-1.49524395e-02
0.00000000e+00
-4.28204422e-03
0.00000000e+00
0.00000000e+00
0.00000000e+00
-7.56622644e-03
0.00000000e+00
-3.09055105e-02
0.00000000e+00
1.22143167e+00
0.00000000e+00
-3.09055105e-02
0.00000000e+00
1.22143167e+00
0.00000000e+00
-1.49524395e-02
0.00000000e+00
3.28418201e-03
0.00000000e+00
3 2 0
139
-6.06957065e+00
-3.00364051e+01
5.44557578e-01
-2.43790147e-02
8.32649270e-01
6.90555444e-01
-8.11473850e+00
5.04366262e+00
-2.93806818e+00
4.99379192e-01
-1.18826821e+00
1.42437325e+00
-1.60719117e-01
8.84473951e-02
-1.37857738e+00
-1.34071621e+00
-9.57559811e-01
1.73058416e+00
1.26569600e-01
7.31079450e-02
-2.20605866e+00
-1.46075670e+00
-6.35503042e-01
-3.06210255e-01
8.27481622e-01
-2.87291639e-01
1.20040091e-01
1.53411385e-02
-3.22057180e-01
2.33117506e+00
-8.41389906e-01
2.60850179e+00
-2.69127577e+00
-3.37829487e+00
1.25703145e-01
3.53633571e-01
9.29407505e-01
-1.00502448e+00
-2.90774618e-01
-4.13576872e-01
1.49150296e-01
1.46671486e+00
-1.33802076e+00
-2.93712565e-02
1.07054402e+00
-1.32303757e-01
1.65825557e+00
-4.81247809e+00
8.00704381e-01
-2.71587490e+00
-3.35369574e+00
2.84660766e-01
2.46986534e-01
3.00586748e-03
-5.68061801e-01
-4.95707358e-01
4.65090257e-02
-7.44045832e-02
2.12238592e+00
-1.59792835e+00
-8.86417721e-01
1.12168433e-02
-9.12639403e-01
1.79419885e+00
-1.08511461e+00
-6.55574945e-03
4.60859454e-02
9.26400050e-01
-4.36960177e-01
2.04945003e-01
-4.60086362e-01
-6.55676077e-01
2.59913622e-01
8.57046536e-01
7.80328269e-01
-1.35941938e-01
-3.72736295e+00
9.16940231e-01
-3.51239349e-01
1.47764334e+00
-1.56119541e+01
1.08917995e+01
-1.28898603e+00
4.61620807e-02
1.99717589e+00
-7.30134432e+00
1.29220332e+00
-3.16224583e+00
-9.36579619e-01
3.31992858e+00
-1.82717138e+00
-1.80795906e+00
0.00000000e+00
-7.87257119e-01
0.00000000e+00
3.59397964e-01
0.00000000e+00
-1.41819653e+00
0.00000000e+00
8.98181739e-01
0.00000000e+00
-4.26960181e-01
0.00000000e+00
1.52805545e+00
0.00000000e+00
8.40432713e-01
0.00000000e+00
-8.40838063e-01
0.00000000e+00
1.05074956e+00
0.00000000e+00
-7.55352361e-01
0.00000000e+00
5.31435679e-01
0.00000000e+00
1.22593356e+01
0.00000000e+00
5.11487302e+00
0.00000000e+00
2.28068620e+01
0.00000000e+00
1.40805819e+01
0.00000000e+00
-1.17335367e+00
0.00000000e+00
-3.88424539e+00
0.00000000e+00
-5.38783775e-01
0.00000000e+00
-9.91236352e-01
0.00000000e+00
-8.54857024e-02
0.00000000e+00
5.19313997e-01
0.00000000e+00
2.39802157e+01
0.00000000e+00
1.79648273e+01
0.00000000e+00
3 2 1
139
-1.34580865e+00
2.71098339e+00
-1.67166961e+00
-1.23117758e+00
1.17914484e+00
3.41460792e+00
2.04236950e+00
6.59184375e+00
-9.97242791e+00
1.55310081e+00
-2.59725819e+00
-1.25408002e-01
-1.44142617e+00
-1.51312775e+00
-1.63393116e+00
-3.19173167e-01
-2.52509343e-01
-6.41481418e-01
-1.30696391e+00
-1.36265107e+00
-1.09803013e+00
-1.04473334e+00
5.45677795e-01
5.16073594e-01
-5.35901259e-01
-1.34462297e-01
7.25560148e-01
-1.50476926e-01
-7.98186862e-01
3.59756086e+00
-2.08905749e+00
6.50359469e+00
-6.57376029e-01
-6.88432618e-01
6.35684785e-01
-5.24265948e-01
-1.58813559e+00
1.64732343e+00
-1.91764835e+00
-7.58868267e-01
3.30166801e+00
-1.30818188e+00
6.75973311e-01
-5.29199494e-01
-2.65961384e+00
2.42860076e-01
6.93475812e-01
-3.16022990e-01
8.11126065e-01
-5.62985743e-01
-7.82822904e-01
-3.67362768e-01
4.32865695e-01
1.51021658e+00
2.03612394e+00
-7.84314894e-01
-6.55339561e+00
-1.30691652e+00
-1.35894455e-01
-8.70129106e-01
1.66675449e-01
-4.13001907e-01
3.96413469e-01
2.45968172e+00
-1.60879526e-01
1.15837348e+00
-3.31645233e-01
-3.09835210e+00
-3.88797261e-01
-1.13333295e+00
5.79452673e+00
-1.17228727e+00
1.54610148e+00
-6.95875078e-01
-1.53555254e-01
-1.76620674e+00
-1.55142921e-01
1.70317638e+00
5.04295455e-01
-5.16573653e-01
-2.50687147e+00
7.38483178e+00
-6.21617580e+00
-1.28483892e+00
2.97574855e+00
-1.79854340e+00
4.60329036e-01
5.07894324e+00
1.06634605e-01
1.40799038e+00
-1.74718017e+00
3.57753965e-01
0.00000000e+00
4.94502434e-01
0.00000000e+00
1.72031383e-01
0.00000000e+00
-2.67350554e-01
0.00000000e+00
-2.54240623e-01
0.00000000e+00
3.41697311e-01
0.00000000e+00
-8.76965349e-01
0.00000000e+00
-1.41002665e-01
0.00000000e+00
-1.67078560e-01
0.00000000e+00
6.19499887e-01
0.00000000e+00
5.12651391e-01
0.00000000e+00
5.25423436e-01
0.00000000e+00
9.01943449e-01
0.00000000e+00
4.09546996e-01
0.00000000e+00
1.25512310e+00
0.00000000e+00
7.78280292e-01
0.00000000e+00
3.30427641e-01
0.00000000e+00
-8.54023442e-02
0.00000000e+00
4.26272006e-01
0.00000000e+00
-6.09047865e-01
0.00000000e+00
-6.79729951e-01
0.00000000e+00
9.40764596e-02
0.00000000e+00
9.24695470e-01
0.00000000e+00
8.63682635e-01
0.00000000e+00
3 2 2
139
3.19479649e-02
2.30554465e-03
7.30435028e-02
4.89568653e-01
-6.19260151e-02
-1.88283089e-01
3.83702594e-02
1.47202318e-01
-1.53631464e-01
2.42816299e-01
-2.80033792e-01
1.10799163e-01
-2.64895770e-01
-2.59398494e-01
8.45528276e-02
-1.07598448e-01
-9.68160531e-02
-3.56247524e-04
-5.87014147e-02
1.06937072e-01
-2.38853515e-02
9.72628720e-02
7.38352687e-02
1.11155421e-01
1.08438180e-01
-2.06194342e-01
-2.04861319e-01
-3.66335561e-01
-1.70651322e-01
4.16143982e-01
3.53315048e-01
6.17797716e-02
-9.50871515e-03
4.14566800e-02
1.12531738e+00
1.24370040e-01
-1.25688310e-01
-6.93016506e-01
-6.14295409e-01
-1.43912793e-01
0.00000000e+00
-4.91043782e-01
-6.69857730e-01
-1.35743628e-01
0.00000000e+00
-2.00635722e-01
-4.03669844e-01
-9.96865972e-02
0.00000000e+00
3.65117429e-01
-3.33169465e-01
7.93526142e-01
-6.23425475e-01
1.83900487e-01
5.81533065e-01
1.10385137e-01
1.44883275e-02
-3.79779024e-02
5.63401766e-01
1.10527816e-01
3.30839051e-02
-3.47416251e-01
5.57882158e-01
8.89077885e-02
-1.84580112e-02
-3.57808505e-01
-4.18917827e-01
-3.09588797e-01
-1.27454955e+00
-7.24680544e-01
-1.58401121e-01
-1.05444550e+00
-7.80385541e-01
-1.68827534e-01
-7.58517911e-01
-4.92577644e-01
-8.12286071e-02
-1.51338881e+00
1.94499468e+00
-1.19202772e-01
-2.58848139e-01
3.20264978e-01
-2.94757764e-02
-1.43214568e+00
1.74454865e+00
1.31456110e-01
-9.95150403e-02
2.62509078e-01
1.57979318e-01
1.04349036e-01
5.92514429e-02
-2.94493390e-02
0.00000000e+00
-7.63806088e-02
0.00000000e+00
-4.24857523e-02
0.00000000e+00
-7.54784909e-02
0.00000000e+00
0.00000000e+00
0.00000000e+00
-4.14964354e-01
0.00000000e+00
-2.72998907e-02
0.00000000e+00
-7.05677270e-02
0.00000000e+00
-3.71212926e-02
0.00000000e+00
-7.48864393e-02
0.00000000e+00
0.00000000e+00
0.00000000e+00
-4.11376384e-01
0.00000000e+00
4.34786106e-04
0.00000000e+00
-1.19859875e-05
0.00000000e+00
-3.05234621e-03
0.00000000e+00
6.57505428e-05
0.00000000e+00
1.93639625e-05
0.00000000e+00
-3.03033505e-03
0.00000000e+00
-4.24857523e-02
0.00000000e+00
3.39485863e-01
0.00000000e+00
-3.71212926e-02
0.00000000e+00
3.36489945e-01
0.00000000e+00
-3.07171017e-03
0.00000000e+00
3.09608552e-03
0.00000000e+00
