1 0
1  0.000 1.000 1000000000.000
4 0 1 2 8
1 0
1 4
1 13
0 29
1 29
1 45
0 90
1 90
0 156
1 156
0
209
153
5	0	TRYP #num missed tryp terminals
2	-1e+09	0
3	0.26903344	0.26903344	-0.28006517
6	0	TRYP C-term AA
6	-1e+09	5	7	9	10	12
7	0.0055559538	-0.086997315	-0.28735011	-0.8634441	-0.83071649	-0.091086967	0.10271051
8	0	TRYP #frags at digest when C-term is K
2	-1e+09	0
3	0.0061359361	0	0.059770956
9	0	TRYP #frags at digest when C-term is other
6	-1e+09	1	4	5	6	8
7	0.071703006	0.094266791	0.20850928	0.076844063	0.17334834	0.018120575	0.071703006
12	0	TRYP AA at N-terminal When C-term is other
10	-1e+09	4	7	10	11	14	15	18	21	22
11	-0.31916401	-0.30344022	-0.22599818	-0.6194524	-0.47441214	-0.4471721	-0.58812138	-0.6295664	-0.51003161	-0.5867082	-0.34069021
13	0	ANN PEAK diff from org pm_with_19
15	-1e+09	-2.3487549	-2.2485962	-2.048584	-1.9487305	-1.1486816	-1.1486206	-0.94873047	-0.65600586	-0.2487793	-0.048583984	0.35131836	0.35137939	0.45141602	0.85137939
16	-0.35267263	-0.11635958	0.12285449	0.16629404	0.13997633	0.29862446	0.060059392	0.041535884	0.09457137	0.18935493	0.22900063	0.41664255	0.32361968	0.0055953375	-0.44086717	-0.66000901
15	0	ANN PEAK %ann intensity
18	-1e+09	0.099321149	0.11820977	0.17490107	0.24680722	0.2649402	0.30054566	0.31771207	0.33454013	0.37656602	0.40350747	0.42250887	0.44216996	0.45246336	0.48619211	0.51216108	0.54428583	0.56193358
19	-0.067730806	-0.060514749	0.12021256	0.12969298	0.15766162	0.13252008	0.014325186	-0.05965485	0.026542322	0.0066158866	-0.072961685	-0.032886139	0.023567967	-0.064459073	-0.11060215	-0.13989757	-0.15690572	-0.083578446	-0.0806756
16	0	ANN PEAK %ann peaks
20	-1e+09	0.094827585	0.12030075	0.13253012	0.13600001	0.15463917	0.15789473	0.16071428	0.1637931	0.16666667	0.18181819	0.18803419	0.19130434	0.19834711	0.21495327	0.22988506	0.23529412	0.24786325	0.25600001	0.32432431
21	0.1386375	0.2112771	0.058100685	0.072987585	0.049548893	-0.056187404	0.050091569	0.013353549	-0.03485559	-0.079163756	-0.080723664	-0.088058547	-0.091926418	-0.066212316	-0.10742291	-0.092450125	-0.07562796	-0.0502768	-0.035687358	-0.0089467198	0.075374154
17	0	ANN PEAK #ann in top 25
10	-1e+09	6	7	8	9	11	12	13	14	15
11	0.0090091155	-0.20154096	-0.14087814	-0.19228699	-0.13874044	-0.056105581	0.0082903624	0.030707504	0.056324823	0.14512901	0.25164906
18	0	ANN PEAK #ann in top half (up to 50)
16	-1e+09	10	11	13	14	15	16	17	18	19	20	22	23	24	25	27
17	0.035917514	-0.8166762	-0.66145439	-0.46528896	-0.12814448	-0.17133372	-0.039638589	0.062489752	0.14243906	0.16653769	0.23990318	0.29772462	0.41595215	0.41691841	0.46752098	0.56897016	0.84325661
19	0	ANN PEAK #ann in top third - #ann in mid third
9	-1e+09	-3	-1	1	3	5	7	11	15
10	0.038322896	0.038322896	0.051659282	0.00031470307	-0.015629666	0.0044829014	-0.013197047	-0.029763525	0.037418621	0.038322896
20	0	ANN PEAK #ann in top third - #ann in last third
11	-1e+09	2	6	8	12	14	15	17	18	20	21
12	0.22409484	0.22409484	-0.059574013	-0.12559427	-0.26313612	-0.23357035	-0.07865532	0.02443333	0.044923078	0.064203716	0.11985406	0.22409484
21	0	ANN PEAK #ann in mid third - #ann in last third
11	-1e+09	-1	2	3	4	5	7	8	9	10	11
12	0.01657491	-0.082433742	-0.067294163	-0.082412552	-0.10437364	-0.06271638	-0.036377642	-0.02953498	-0.0052571127	0.025878306	0.1252709	0.14875815
22	0	ANN PEAK #y annotated
3	-1e+09	2	3
4	0.0058823779	0.0058823779	-0.0034210447	0.0058823779
23	0	ANN PEAK #b annotated
5	-1e+09	1	2	3	4
6	0.12440241	0.20223944	0.091347226	-0.037466809	-0.19274932	-0.014435366
24	0	ANN PEAK #b-H2O annotated
6	-1e+09	0	1	2	3	4
7	0.0707128	0.22575192	0.076115466	-0.095692805	-0.16716017	-0.20453172	-0.10617241
26	0	ANN PEAK #y-H2O annotated
4	-1e+09	0	1	2
5	0.020472247	0.1025719	0.050063016	-0.0029227532	-0.1102201
28	0	ANN PEAK #a annotated
4	-1e+09	0	1	2
5	0.031092535	-0.0071964127	-0.066541805	-0.0099821798	0.071829196
30	0	PEAK OFF y max self offset
19	-1e+09	0.019664764	0.038524628	0.053638458	0.062793732	0.071208954	0.075359344	0.083507538	0.087535858	0.10408401	0.13444138	0.15934372	0.1709404	0.18375778	0.19078445	0.22514725	0.236866	0.26426315	0.33460617
20	-0.18378774	-0.18378774	-0.11594412	-0.0355272	-0.020862971	0.076870926	0.059667081	0.014403364	0.082989858	0.12411832	0.095224044	0.093116117	0.1115655	0.038947779	-0.0045111483	-0.037788718	-0.054281742	-0.066005713	-0.075703799	-0.18378774
31	0	PEAK OFF y avg self offset
14	-1e+09	0.009552002	0.028949738	0.041540783	0.060410816	0.065647125	0.076569878	0.085346222	0.091777802	0.098723091	0.12861252	0.16131516	0.22569911	0.28881836
15	0.04477017	0.10453075	0.11149193	0.034745346	-0.076148323	-0.018339219	-0.10224484	-0.13210881	-0.21759069	-0.20267552	-0.17298869	-0.2085326	-0.18673121	-0.081894363	0.04477017
32	0	PEAK OFF y max consecutive offset
9	-1e+09	0.093688965	0.10202026	0.10595703	0.1361084	0.14318848	0.17150879	0.17596436	0.25309753
10	0.03341749	0.03341749	0.044448137	0.074458914	0.077732605	0.068935754	0.036217587	0.016483166	0	0.03341749
33	0	PEAK OFF y avg consecutive offset
6	-1e+09	0.052467346	0.06388855	0.12525177	0.14402008	0.18354797
7	0.054514128	0.054514128	0.12977044	0.15912894	0.081332796	0	0.054514128
34	0	PEAK OFF y grab offset #1
6	-1e+09	0.0093994141	0.012695312	0.042114258	0.098144531	0.14294434
7	-0.068006952	-0.068006952	-0.034400999	-0.0078624417	0.068635404	0.011264878	-0.068006952
37	0	PEAK OFF b num frags detected
17	-1e+09	0.056963801	0.073290706	0.080431819	0.098340154	0.14118683	0.16282928	0.18095672	0.20054901	0.20738494	0.23081696	0.24913299	0.33335602	0.35673797	0.42186248	0.4647342	1
18	0.10745045	0.10745045	0.045710144	0.0078432004	0.008621998	-0.013049501	-0.023070704	-0.066872583	-0.065316265	-0.10746668	-0.11313119	-0.057141614	-0.094562149	-0.051496089	-0.015067133	0.065718505	0.24426208	0.10745045
38	0	PEAK OFF b max self offset
17	-1e+09	0.020206809	0.028551936	0.039075017	0.066705167	0.079247892	0.08558929	0.09553802	0.099069059	0.11427033	0.12720978	0.14170563	0.15861785	0.16509776	0.17912567	0.19574757	0.21589386
18	-0.42279309	-0.42279309	-0.25935102	-0.24440793	-0.20856802	-0.26035073	-0.27108137	-0.24659591	-0.26804153	-0.30323246	-0.26746212	-0.22718316	-0.35298937	-0.29821521	-0.43348267	-0.40235401	-0.36953398	-0.42279309
39	0	PEAK OFF b avg self offset
12	-1e+09	0.025036931	0.053527832	0.071044922	0.082998812	0.11291504	0.13195527	0.14468384	0.15344238	0.19616699	0.20294189	0.21011353
13	-0.14369878	-0.120588	-0.033682683	0.042592274	-0.069799134	-0.11684843	-0.062471868	-0.081542669	-0.1075471	-0.1088851	-0.11658272	-0.16051032	-0.16674873
40	0	PEAK OFF b max consecutive offset
6	-1e+09	0.095230103	0.1040802	0.11050415	0.12490845	0.17037964
7	0.013263851	0.077379796	0.013666974	-0.020478988	-0.036447281	-0.075450602	-0.04157295
41	0	PEAK OFF b avg consecutive offset
7	-1e+09	0.020141602	0.040176392	0.061767578	0.07220459	0.092895508	0.12792969
8	-0.12096293	-0.12096293	-0.0089724817	-0.0064103553	-0.032647106	-0.057880565	-0.051470209	-0.12096293
42	0	PEAK OFF b grab offset #1
4	-1e+09	0.016845703	0.063171387	0.23193359
5	0.059761716	0.11230125	0.11867665	-0.034078728	0.029938215
45	0	PEP COMP start cat N (len 3)
8	-1e+09	1	3	7	12	13	14	19
9	-0.13620754	-0.51165631	-0.31148672	-0.23810253	0.0084668374	0.028462766	0.034778696	0.24685686	0.32117344
46	0	PEP COMP end cat C (len 3)
8	-1e+09	2	3	4	10	11	14	16
9	-0.17577107	-0.25192592	-0.24102184	-0.1561874	-0.14197311	-0.10681918	-0.022440786	0	-0.070762529
52	0	PEP COMP min cat, len 3
12	-1e+09	1	2	4	5	6	10	12	14	15	16	18
13	0.026460666	-0.00099904619	-0.00022867393	0.037417183	0.038188403	-0.019011682	-0.020820091	-0.031985642	0.044488635	0.050641293	0.04987092	0.04396793	0.070563947
53	0	PEP COMP avg cat, len 3
9	-1e+09	0.40000001	1	1.8	2	2.4000001	2.8	3.2	3.5999999
10	0.011759271	-0.029987502	0.0043734814	-0.0013487856	-0.0022511848	-0.016649719	0.002485494	0.0097254186	0.0080592219	0.029077746
54	0	PEP COMP before cat score 1
10	-1e+09	3	5	7	8	9	11	13	15	17
11	0.0057150864	-0.017547324	-0.011897766	0.0072992422	0.042255545	0.011112911	-0.0781298	0.038821236	0.053765333	-0.033309242	0.025513666
55	0	PEP COMP after cat score 1
7	-1e+09	7	9	10	14	16	17
8	-0.022624065	-0.022624065	0.017345972	0.0097306993	-0.0066876172	-0.016896887	0.039177622	-0.022624065
56	0	PEP COMP span cat score 1
7	-1e+09	4	9	12	17	18	19
8	0.043375965	0.043375965	0.034182851	0.020065117	-0.011308707	-0.032459313	0.042610017	0.043375965
57	0	PEP COMP before cat score 2
8	-1e+09	1	8	9	11	13	15	18
9	0.029860053	0.029860053	0.090630014	0.082065499	-0.050427016	0.035688589	0.05739575	0.10493899	0.029860053
58	0	PEP COMP after cat score 2
11	-1e+09	3	5	10	12	14	15	16	17	18	19
12	0.05904095	0.10028385	0.11678427	0.18410487	0.059237488	0.05843338	0.031062299	0.081545262	0.14125373	0.11446658	0.14331722	0.0080358805
59	0	PEP COMP span cat score 2
10	-1e+09	3	5	6	9	11	12	14	17	19
11	0.049958773	0.049958773	0.047602755	0.063674569	0.059470879	0.0031574139	-0.0040206316	0.032087366	0.093292256	-0.034275339	0.049958773
60	0	PEP COMP before cat score 3
10	-1e+09	4	8	10	13	15	16	17	18	19
11	0.00041091191	0.084196793	0.023030171	-0.071099762	-0.064589875	-0.15830852	-0.04773156	0.07114838	-0.10431581	-0.057995323	-0.063703186
61	0	PEP COMP after cat score 3
9	-1e+09	1	5	8	12	13	15	16	19
10	-0.10982013	-0.10982013	-0.10350463	-0.0060738561	-0.082911738	-0.13699576	0.0056809485	0.043907059	0.1320279	-0.10982013
62	0	PEP COMP span cat score 3
8	-1e+09	2	3	8	12	13	17	19
9	0.039597877	0.051918084	-0.019219631	-0.075385378	-0.093580584	-0.080416422	-0.060484376	-0.11222467	0.022651717
66	0	PEP COMP #aa A
2	-1e+09	1
3	-0.06433949	-0.06433949	0.071739903
68	0	PEP COMP #aa N
1	-1e+09
2	0	-0.0524456
69	0	PEP COMP #aa D
2	-1e+09	1
3	0.03926107	0.03926107	0
70	0	PEP COMP #aa C
1	-1e+09
2	0	0.025426559
71	0	PEP COMP #aa Q
2	-1e+09	1
3	-0.05050246	-0.57064568	-0.67139935
73	0	PEP COMP #aa G
2	-1e+09	1
3	0.019687875	0.068450147	0.048762272
75	0	PEP COMP #aa L
2	-1e+09	1
3	0.018692065	0.019572762	0
76	0	PEP COMP #aa K
2	-1e+09	1
3	0	0	-0.14443436
77	0	PEP COMP #aa M
1	-1e+09
2	0	0.20674294
78	0	PEP COMP #aa F
1	-1e+09
2	0	-0.30220866
79	0	PEP COMP #aa P
1	-1e+09
2	0	0.34530436
81	0	PEP COMP #aa T
1	-1e+09
2	0	-0.068908609
84	0	PEP COMP #aa V
2	-1e+09	1
3	0.001560862	0.087715104	0.091649706
96	0	PRM N/-C delta mass
10	-1e+09	-0.8777771	-0.13523865	-0.059112549	-0.048019409	-0.028434753	-0.0038909912	0.059936523	0.072067261	0.16695404
11	0.0031129212	0.0031129212	0.20739325	0.19714045	0.1906225	0.1850546	0.052797478	0.055910399	0.051539912	0.035010214	0.0031129212
97	0	PRM N/-C total breakage score
3	-1e+09	-92.586136	-50.633728
4	0.023461048	0.023461048	0	0.023461048
98	0	PRM N/-C average breakage score
7	-1e+09	-20.20653	-13.210034	-11.456795	-7.8920531	-3.02706	-2.0543065
8	0.08577382	0.08577382	0	0.02475491	0.048536734	0.18194921	0.093226559	0.08577382
100	0	PRM N/-C path score
7	-1e+09	23.108265	28.924406	38.387375	48.195797	65.604942	68.114883
8	0.036882919	0.062899956	0.062133713	0.036882259	0.02602542	0.010901328	0.00077205283	0
101	0	PRM N/-C average path score
7	-1e+09	3.8513775	4.8207345	6.3978958	8.0326328	10.934157	11.352481
8	0.037931353	0.075419402	0.074647887	0.050761596	0.035955978	0.017924389	0.00078686048	0
102	0	PRM -N/C delta mass
16	-1e+09	-0.87124634	-0.37992859	-0.21433258	-0.18549347	-0.10888672	-0.072662354	-0.051841736	-0.027816772	-0.006149292	0.0092315674	0.072311401	0.088493347	0.12454987	0.17429352	0.24658203
17	-0.097309868	-0.28161277	0.043323628	0.32066378	0.38604553	0.44229157	0.45886047	0.60912736	0.61980199	0.70317176	0.71190726	0.73191861	0.70772099	0.57075623	0.5537796	0.47171497	0.079911553
103	0	PRM -N/C total breakage score
4	-1e+09	-90.000122	-66.657669	17.069506
5	-0.0088107029	-0.0088107029	0.011950705	0.0031400022	-0.0088107029
104	0	PRM -N/C average breakage score
8	-1e+09	-24.919415	-16.26383	-12.316003	-7.0670505	-4.9851422	-2.9183881	8.1630096
9	-0.060183576	-0.060183576	-0.081619684	-0.087095487	-0.075128152	-0.0059246719	-0.038377638	-0.0033221425	-0.060183576
106	0	PRM -N/C path score
7	-1e+09	5.7145681	48.562035	63.852757	68.200478	79.219154	92.565765
8	0.045067575	0.045067575	0.036896276	0.043258988	0.047518365	0.048299386	-0.019574408	0.045067575
107	0	PRM -N/C average path score
7	-1e+09	0.95242804	8.0936728	10.642126	11.366746	13.203193	15.427628
8	0.011834723	0.011834723	0.0043379723	0.0078256345	0.0095410949	0.012712468	-0.015871247	0.011834723
108	0	PRM -N/-C delta mass
7	-1e+09	-0.34605408	-0.18904114	-0.033432007	0.036743164	0.080589294	0.24888611
8	-0.060941867	-0.060941867	0.15653798	0.27164132	0.17830167	0.16632277	0.14797283	-0.060941867
109	0	PRM -N/-C total breakage score
7	-1e+09	-68.097351	-19.729067	-17.424158	-5.8839993	23.277193	26.595928
8	-0.044917358	-0.044917358	-0.027348408	-0.025776191	0.00083561299	0.032478961	-0.014178071	-0.044917358
110	0	PRM -N/-C average breakage score
5	-1e+09	-19.891336	-16.729254	-10.27989	-2.7319973
6	0.081077502	0.081077502	0.027639942	-0.017718365	0.046618769	0.081077502
112	0	PRM -N/-C path score
10	-1e+09	7.0644541	15.791894	38.373512	41.660366	57.17503	59.793133	64.147766	80.272667	84.587906
11	0.080255234	0.080255234	0.07712596	-0.073290244	0.022145391	0.015836749	0.028327212	0.033621448	0.047130204	0.051052007	0.080255234
113	0	PRM -N/-C average path score
9	-1e+09	1.1774091	2.6319823	6.3955855	6.9433942	9.5291719	10.691295	13.378778	14.097984
10	0.053992935	0.053992935	0.051656623	-0.043257196	0.014665403	0.0074409747	0.0127155	0.019293123	0.024487198	0.053992935
114	0	PRM path score
14	-1e+09	-72.554871	-54.951344	-52.017155	-46.436829	-38.847519	-34.068546	-15.681381	-4.3695459	2.7686169	7.7867994	13.250129	16.278795	26.38888
15	-0.061302633	-0.061302633	-0.038469505	-0.035136272	0.017436651	0.050107615	0.041100867	0.037909262	0.043086135	0.036670645	0.057968044	0.061910996	0.05711026	0.041330016	-0.061302633
115	0	PRM total breakage score
21	-1e+09	4.660696	22.744257	29.138746	33.21067	41.845592	44.154026	47.719002	48.932404	51.401875	52.605717	53.855095	57.707047	59.044495	60.458618	61.909294	66.693138	68.466255	74.715012	80.160683	83.696259
22	0.24925593	0.24925593	0.24365162	0.10923666	0.020319918	0.021903795	-0.04652442	-0.085123936	-0.092446318	-0.08850493	-0.10569968	-0.19268151	-0.19031398	-0.17455318	-0.14179529	-0.13077697	-0.092669582	-0.10689541	-0.086580942	-0.043156827	0.10340647	0.24925593
116	0	PRM SeqPath rank
14	-1e+09	0	1	2	3	6	8	9	11	14	25	28	41	45
15	0.048528027	-0.16036045	-0.21846565	-0.22524364	-0.22117508	-0.16414058	-0.064689268	-0.058626756	0.002315062	0.12603483	0.12996962	0.13705068	0.14501773	0.17725284	0.27363732
117	0	PRM multipath score
16	-1e+09	21.686722	27.176449	32.950371	34.550777	36.037933	40.194134	47.691963	51.211243	54.829525	57.242237	62.396008	63.774517	66.609276	73.075691	85.725174
17	-0.057695238	-0.1811767	-0.13032851	-0.066001115	-0.051260515	-0.044551213	0.013682172	-0.063556541	0.011820826	0.063558762	0.044695004	0.075298972	0.16946072	0.17530435	0.19630902	0.22100663	0.19703233
118	0	PRM delta score
21	-1e+09	0	1.3553619	3.5880508	5.7765121	10.908878	13.453682	15.785942	18.79565	20.78524	21.790318	22.78196	24.757858	26.74966	29.773655	33.962196	35.074001	39.68779	44.810463	47.698479	57.215614
22	-0.94519486	-0.11429906	-0.23496107	-0.17563718	-0.22452395	-0.23208084	-0.43168205	-0.44700486	-0.55682841	-0.66519992	-0.55713592	-0.56512615	-0.65043445	-0.69728867	-0.76550698	-0.81826848	-0.843371	-0.87514559	-0.89541344	-0.93641496	-0.95002066	-0.94519486
119	0	PRM rank, delta score<=1.5
2	-1e+09	1
3	0.093826848	0.093826848	0
121	0	PRM rank, 7.5<delta score<=15
3	-1e+09	8	13
4	-0.0057125165	-0.0057125165	0	-0.0057125165
122	0	PRM rank, delta score>15
10	-1e+09	4	12	14	18	27	34	42	45	61
11	0.019896632	-0.024698944	-0.033146053	0.066165167	0.075325799	0.010518103	0.048208826	0.045859002	0.049997224	0.067061333	0.069216823
123	0	PRM tag, percent in top 5 denovo
4	-1e+09	0.2	0.60000002	0.80000001
5	0.072740802	-0.0052264193	0.034058436	0.039853216	0.17904985
124	0	PRM tag, percent in top 20 denovo
17	-1e+09	0.050000001	0.1	0.15000001	0.2	0.25	0.30000001	0.34999999	0.40000001	0.44999999	0.5	0.55000001	0.60000002	0.64999998	0.69999999	0.80000001	0.89999998
18	0.26717706	0.21135654	0.21292657	0.31901738	0.25037256	0.37343503	0.36305225	0.42838772	0.40110721	0.50184407	0.50497635	0.49517636	0.48166658	0.4946062	0.48358484	0.52395517	0.51925437	0.51689518
125	0	PRM tag, percent in all denovo
11	-1e+09	0.02	0.059999999	0.079999998	0.1	0.12	0.16	0.2	0.25999999	0.40000001	0.46000001
12	0.22550915	-0.061789506	0.025113386	0.029197553	0.17067557	0.20116516	0.22766431	0.30922673	0.37273178	0.388902	0.38734638	0.41514811
126	0	PRM tag, rank if in top 5
11	-1e+09	0	1	3	5	8	9	15	17	19	30
12	0.62550745	0.77869941	0.73644995	0.67429846	0.61384908	0.56650998	0.62866148	0.50162764	0.14790897	0.50162764	0.61891318	0.53315571
127	0	PRM tag, rank if in top 5-20
3	-1e+09	1	5
4	0.020802452	-0.0084835516	0.017424357	0.050276151
128	0	PRM tag, rank if in top 20-all
18	-1e+09	0	1	2	3	4	6	9	11	12	13	15	19	21	30	32	37	40
19	0.29090424	0.0076374791	-0.18354628	-0.2637012	-0.2956652	-0.056734757	0.26193246	0.23758746	0.2659772	0.22612339	0.21014404	0.11905787	0.032377115	0.4094908	0.47192846	0.43653346	0.32899245	0.43393031	0.45867483
130	0	PRM delta num breakage scores (missing)
4	-1e+09	0	1	2
5	-0.21210401	-0.21210401	0.038441759	-0.1958935	-0.21210401
131	0	PRM num forbidden node pairs
2	-1e+09	0
3	0.14017502	0.14017502	-0.15405604
133	0	PRM breakage score min 1
20	-1e+09	-49.296806	-47.026417	-45.936008	-41.253281	-38.077507	-37.001381	-35.888065	-33.664646	-32.61311	-30.474794	-25.574598	-24.664537	-21.746834	-18.680939	-15.429817	-13.132619	-11.934676	-6.4808512	-4.8241258
21	0.072078922	0.072078922	0.043522544	0.032403394	-0.023028122	-0.028408432	-0.032701197	-0.042183962	-0.07694613	-0.017928521	-0.01235382	0.052340798	0.13541369	0.092216041	0.041408204	0.046217912	0.039252428	-0.00028671817	-0.010676729	0.043937247	0.072078922
134	0	PRM breakage score min 2
17	-1e+09	-44.117653	-34.377743	-25.719458	-23.350924	-21.204147	-17.41605	-14.903999	-11.77175	-11.034352	-8.8527393	-6.6816039	-5.9914799	-3.9088449	0.61984265	2.403456	3.3759246
18	0.28230686	0.28230686	0.2380174	0.31399205	0.27499889	0.12619502	0.29911386	0.30928092	0.26521736	0.22483094	0.20530301	0.13734509	0.18236893	0.19940264	0.21154979	0.20746077	0.31884193	0.28230686
135	0	PRM breakage score min 3
18	-1e+09	-26.990366	-24.148115	-15.756293	-14.645516	-12.581999	-10.777568	-9.9870796	-6.3977938	-3.4637246	-2.8965926	-0.75632465	0.25483909	1.3197999	2.924535	5.1772223	8.6280403	11.443594
19	0.44444517	0.41365334	0.33512309	0.23121059	0.25336679	0.25033979	0.28694723	0.43088222	0.2941526	0.27935854	0.36041875	0.38348922	0.38071123	0.39363227	0.49780619	0.42392426	0.49828471	0.51029939	0.48359967
136	0	PRM breakage score min consecutive 3
15	-1e+09	-109.81802	-98.520416	-76.155327	-72.450569	-62.981236	-50.63026	-40.266529	-30.790028	-28.966635	-23.535086	-16.265793	-4.587822	-0.11356354	17.615044
16	0.13284856	0.13619767	0.20456569	0.32176677	0.2986207	0.20072895	0.14308366	0.1606498	0.15749267	0.20462263	0.19426596	0.13147095	0.054072825	0.065384837	0.12334151	0.12099628
137	0	PRM breakage score max consecutive 3
14	-1e+09	-53.991039	-44.040569	-40.294842	-33.981129	-28.499952	-9.9610777	-8.1391859	0.26539966	1.88837	5.1111412	14.198064	15.730177	25.79071
15	0.1635754	0.17773406	0.1534947	0.19960965	0.19883676	0.16170401	0.077225148	0.078793535	0.16937053	0.14209994	0.12142098	0.10286891	0.10526989	0.1424406	0.12863551
138	0	PRM breakage score min consecutive 2
13	-1e+09	-82.810699	-43.625462	-39.118279	-37.622353	-34.744183	-33.349728	-27.654926	-24.866697	-12.993992	-6.1549315	-2.0734386	0.16075706
14	-0.01389589	0.0086455734	0.016651146	0.074780788	0.0059716613	-0.0070444078	-0.020553356	-0.064987609	-0.065753392	-0.064186297	-0.046675359	-0.053957627	-0.031233149	-0.027088131
139	0	PRM breakage score max consecutive 2
13	-1e+09	-5.7685823	-2.7489903	5.6781783	8.5896969	10.43369	13.125831	16.655676	19.270739	23.742844	26.823078	30.726974	34.20702
14	0.0068578847	0.0068578847	-0.073450292	-0.011447419	0.0088807852	-0.021120115	0.018774322	-0.1031565	-0.10392743	-0.021070546	0.12398684	-0.018501645	-0.012209329	0.0068578847
141	0	PRM #breakage scores 0 - -10
4	-1e+09	0	1	2
5	-0.0060450571	0.00080559522	0.015665004	-0.010208385	-0.015038555
142	0	PRM #breakage scores 0 - 8
3	-1e+09	0	2
4	-0.035934031	-0.035934031	0.038683679	-0.035934031
143	0	PRM #breakage scores 8 - 15
2	-1e+09	0
3	-0.0038228063	-0.0071155674	0.011565718
144	0	PRM #breakage scores above 15
3	-1e+09	0	1
4	-0.0016062763	-0.0016062763	0.0040256019	-0.0016062763
145	0	PRM %breakage scores below -10
6	-1e+09	0.2	0.25	0.33333334	0.40000001	0.5
7	0.035799681	0.035799681	0.0018458959	-0.019662979	-0.038960883	0.031131534	0.035799681
146	0	PRM %breakage scores below 0
5	-1e+09	0	0.5	0.75	0.80000001
6	-0.032633099	-0.032633099	-0.0098305415	0.024173389	-0.015467283	-0.032633099
147	0	PRM %breakage scores above 0
3	-1e+09	0.2	0.40000001
4	-0.010584963	-0.010584963	0	-0.010584963
148	0	PRM %breakage scores above 8
3	-1e+09	0.2	0.25
4	-0.01820025	-0.01820025	0.02220471	-0.015284007
149	0	PRM Score connected to N-terminal
10	-1e+09	-11.663585	-4.104425	0.18220851	0.71172857	3.0119519	5.3373303	7.4132872	11.147381	11.532516
11	0.31730345	0.31730345	0.17123247	0.024354796	0.18843207	0.20777717	0.17800161	0.24213417	0.15802081	0.26743373	0.31730345
150	0	PRM Score connected to C-terminal
12	-1e+09	-1.5678444	0	4.0219092	7.336689	7.9833655	8.5583467	11.658607	11.949934	13.078147	14.835389	16.57555
13	0.49783978	0.39462308	0.098899199	0.37932338	0.43818489	0.55031842	0.51903402	0.4912172	0.49645621	0.51304549	0.53915617	0.48756212	0.56378024
151	0	PRM %breakages with 1 frag detected
3	-1e+09	0	0.16666667
4	-0.053844268	-0.094743102	0.025833914	0.086570162
152	0	PRM %breakages with 2 frag detected
5	-1e+09	0	0.16666667	0.2	0.33333334
6	-0.040046505	-0.13733171	0.011324795	0.051139159	0.10944928	0.11581887
153	0	PRM %breakages with > 5 frags detected
4	-1e+09	0	0.16666667	0.33333334
5	0.026229776	0.078800798	-0.019295781	-0.0086483251	-0.081250173
154	0	PRM %breakages with dual orientation frags
8	-1e+09	0.16666667	0.2	0.33333334	0.40000001	0.5	0.60000002	0.66666669
9	-0.10237124	-0.29094485	-0.054064801	-0.038006418	0.07212871	0.10881818	0.23090325	0.2662843	0.15991251
155	0	PRM #orientation switches
2	-1e+09	0
3	0.049104567	0.052216657	-0.032583594
157	0	COMP PPP frag 1 obs_ratio
6	-1e+09	0	0.25	0.40000001	0.60000002	0.75
7	0.0033454216	-0.024130328	-0.05143379	0.0070487898	-0.025448752	0.068005842	0.019475586
158	0	COMP PPP frag 2 obs_ratio
10	-1e+09	0	0.25	0.33333334	0.40000001	0.5	0.60000002	0.75	0.80000001	0.83333331
11	0.14228752	0.21103697	0.047331939	0.014014049	-0.075044359	-0.17260691	-0.14299675	-0.011424992	0.047517562	0.15014847	0.05465454
159	0	COMP PPP frag 3 obs_ratio
9	-1e+09	0	0.2	0.25	0.33333334	0.40000001	0.66666669	0.75	0.80000001
10	0.0075137627	0.15732189	0.16525894	0.1335053	0.027673649	0.10442986	0.091184397	0.10420453	-0.17167959	-0.13901838
160	0	COMP PPP num missed peaks
4	-1e+09	33	35	38
5	0.01351242	0.01351242	-0.0065521993	-0.014273687	0.01351242
161	0	COMP PPP MOBILE sum ranks of missed 1-5
5	-1e+09	18	48	57	63
6	0	0	-0.17117666	-0.041689547	-0.01256886	0
162	0	COMP PPP PARTMOBILE sum ranks of missed 1-5
11	-1e+09	13	19	25	29	33	34	35	41	54	70
12	0.078550128	0.078550128	0.027728007	0.0043311616	-0.0011974987	0.02822248	0.020942328	0.06562264	0.078765227	0.098788753	0.064300335	0.095983445
163	0	COMP PPP NONMOBILE sum ranks of missed 1-5
9	-1e+09	12	17	24	26	29	33	41	64
10	0.10632409	0.10632409	0.073077984	0.0062851966	0.13251533	0.24072948	0.23444428	0.24072948	0.17763087	0.10632409
164	0	COMP PPP sum ranks of missed 1-5
18	-1e+09	18	20	24	28	29	34	35	40	41	44	47	50	53	57	60	64	66
19	0.13026381	0.13026381	-0.21859632	-0.2346994	-0.21648415	-0.18097899	-0.15914384	-0.12430486	-0.12194855	-0.11505206	-0.10878373	-0.072835214	0.030452633	0.034112622	0.095899545	0.13260158	0.15678033	0.15875578	0.16621232
166	0	COMP PPP PARTMOBILE sum ranks of missed 6-10
3	-1e+09	46	77
4	-0.0033991523	-0.0033991523	0.012376215	-0.0033991523
167	0	COMP PPP NONMOBILE sum ranks of missed 6-10
4	-1e+09	58	59	68
5	0.079782932	0.079782932	0.041446413	0	0.079782932
168	0	COMP PPP sum ranks of missed 6-10
5	-1e+09	47	53	76	80
6	0.018563611	0.018563611	0.072905722	-0.0099584915	-0.056695062	0.018563611
170	0	COMP PPP PARTMOBILE sum ranks of missed 11-15
4	-1e+09	95	115	120
5	0.0075070234	0.0075070234	-0.0072386284	0.0015072303	0.0075070234
173	0	COMB PPP observed rank of predicted rank 1
9	-1e+09	1	2	3	4	5	6	7	8
10	0.12053202	0.39127013	0.3320433	0.17674616	0.041790753	-0.037307467	-0.095960201	-0.1729308	-0.25824743	-0.27221502
174	0	COMB PPP observed rank of predicted rank 2
8	-1e+09	0	2	3	4	5	6	7
9	-0.068907566	0.12877315	0.19702081	0.13423824	0.084063475	-0.081929689	-0.10345413	-0.14917482	-0.22826837
175	0	COMB PPP observed rank of predicted rank 3
10	-1e+09	1	3	4	5	6	7	8	9	11
11	0.041682669	0.1355575	0.15729881	0.14424398	0.022152792	-0.0015770299	-0.032850792	-0.053070455	-0.093382906	-0.12985395	-0.033432577
176	0	COMB PPP observed rank of predicted rank 4
7	-1e+09	0	4	5	7	9	11
8	-0.074415505	-0.074415505	0.081594453	0.061420149	0.047252781	0.023425715	-0.097201185	-0.074415505
177	0	COMB PPP observed rank of predicted rank 5
6	-1e+09	0	1	6	9	12
7	-0.019494539	-0.013259254	-0.00085933781	0.048043369	0.016377296	-0.075193498	-0.028109942
178	0	COMB PPP observed rank of predicted rank 6
9	-1e+09	0	1	2	3	6	7	8	12
10	-0.039607187	-0.036282689	-0.026254789	-0.0075202698	-0.0047813787	-0.00056144503	0.031897714	0.060992873	-0.064450632	-0.043342786
179	0	COMB PPP observed rank of predicted rank 7
7	-1e+09	2	3	5	8	9	12
8	-0.051460044	-0.049021396	-0.040528832	0.018538412	0.056575899	0.041779021	0.038242155	-0.05720384
180	0	COMB PPP predicted rank of observed rank 1
3	-1e+09	6	11
4	0.033948483	0.082023735	-0.05735604	-0.023864077
181	0	COMB PPP predicted rank of observed rank 2
6	-1e+09	1	3	4	5	6
7	-0.016490668	0.069548458	0.06868466	0.027067344	0.002295491	-0.0023764069	-0.10402721
182	0	COMB PPP predicted rank of observed rank 3
10	-1e+09	0	1	2	4	5	7	8	11	13
11	-0.053546717	-0.041167494	0.072477843	0.15418898	0.15567393	0.056621787	0.025074773	0.048122831	-0.13383901	-0.094365738	-0.091141233
183	0	COMB PPP predicted rank of observed rank 4
6	-1e+09	2	7	9	10	13
7	0.043870567	0.04940212	0.042648508	-0.032353304	-0.019182382	-0.00037220507	0.033049994
184	0	COMB PPP predicted rank of observed rank 5
4	-1e+09	6	8	9
5	0.011358974	0.011358974	-0.0126942	0.0075546049	0.0099482992
185	0	COMB PPP predicted rank of observed rank 6
6	-1e+09	2	4	8	9	14
7	0.013448445	0.017611647	0.026563104	0.021056492	-0.027446672	-0.022698407	0.0050657582
186	0	COMB PPP predicted rank of observed rank 7
5	-1e+09	3	5	7	12
6	0.019130116	0.019130116	0.027003522	0.052907723	-0.056631203	0.019130116
187	0	COMB PPP rank of missed #1
13	-1e+09	0	1	2	3	4	5	6	7	8	9	10	12
14	0.043287869	-0.35703069	-0.35392832	-0.27793433	-0.043640032	-0.074126039	0.061169866	0.12173297	0.10125045	0.16994886	0.22698583	0.31103103	0.4036588	0.4357507
188	0	COMB PPP rank of missed #3
11	-1e+09	2	3	6	7	8	9	11	13	14	15
12	0.098842728	0.030078601	-0.03315465	-0.079772085	-0.14415143	-0.1325529	-0.056525191	-0.030016916	0.03797266	0.18960075	0.20066847	0.18933477
189	0	COMB PPP rank of missed #5
5	-1e+09	5	8	11	12
6	0.02284604	0.02284604	-0.01599908	-0.026968081	0.024393386	0.02284604
190	0	COMB PPP rank of missed #7
3	-1e+09	9	16
4	0.01169749	0.01169749	-0.0074724657	0.01169749
191	0	COMB PPP rank of missed #9
4	-1e+09	14	16	18
5	-0.0019775173	-0.0019775173	0.03292946	-0.025353169	-0.0019775173
195	0	COMB PPP rank of missed #17
5	-1e+09	23	25	26	28
6	0.0099484465	0.0099484465	-0.0079213888	-0.0066955493	-9.4918236e-05	0.0099484465
196	0	COMB PPP delta score #1
14	-1e+09	0.074399471	0.24837351	0.3362236	0.42051411	0.59201193	0.85264015	1.0273147	1.8015761	2.0275936	2.1488352	2.2860966	2.4316423	3.1835461
15	-0.25956323	0.072898892	0.11579869	0.097165247	0.060852165	-0.015876873	-0.13372104	-0.090210156	-0.16908767	-0.32263227	-0.40361102	-0.43614462	-0.49777074	-0.61196394	-0.61992781
197	0	COMB PPP delta score #2
18	-1e+09	-1.9448285	-0.94659996	-0.71816397	-0.40257502	-0.16419721	-0.05663681	0	0.03929472	0.451231	0.5191977	0.58908844	0.87173772	1.0220842	1.0980041	1.4390409	2.1692324	3.1641004
19	-0.22228852	-0.076869126	-0.048865048	-0.042428611	-0.043219439	-0.059678616	-0.065159592	-0.00044418765	-0.068451374	-0.094562977	-0.15423535	-0.20216329	-0.25010348	-0.23443227	-0.27892772	-0.29128758	-0.3358917	-0.4225878	-0.37607045
198	0	COMB PPP delta score #3
21	-1e+09	-1.4784589	-1.1934233	-0.8222003	-0.36214137	-0.27019191	-0.18612885	0	0.049887896	0.17156196	0.35433221	0.41583598	0.59889066	0.66286516	0.79342031	1.0841522	1.2494566	1.4403439	1.5489184	1.809036	2.6720493
22	-0.26837171	-0.096313089	-0.079614786	0.049459147	0.036944564	0.029603869	0.027779341	-0.060630356	-0.048253773	-0.024884092	-0.077023966	-0.046761448	-0.15895709	-0.20307851	-0.23138751	-0.25458798	-0.33842815	-0.38849064	-0.40567034	-0.45862498	-0.51902554	-0.51980059
199	0	COMB PPP delta score #4
15	-1e+09	-2.1162214	-1.6288652	-1.1364074	-0.9741385	-0.61973858	-0.21395755	0.17478299	0.23300064	0.40706158	0.52705657	0.84869123	0.92150211	1.25528	1.5947493
16	-0.24274372	-0.1558096	-0.0006041209	0.028385352	0.0690801	0.10618322	0.06866295	0.071853569	0.063853219	0.012819702	-0.0085291944	-0.031444527	-0.049223942	-0.032570649	-0.20140078	-0.33293737
200	0	COMB PPP delta score #5
14	-1e+09	-2.1792526	-1.2435288	-0.57197642	-0.28295612	-0.030780792	0.073200226	0.30136657	0.41876674	0.73514199	0.80408216	0.95524597	1.1278561	1.4590523
15	-0.22560628	-0.22560628	-0.023940079	0.062567722	0.051309465	0.041931032	0.020078348	-0.012535146	-0.025394776	-0.090735161	-0.11030451	-0.15319175	-0.19778946	-0.27359093	-0.22560628
201	0	COMB PPP delta score #6
21	-1e+09	-2.2663295	-1.7911401	-1.3171203	-0.92638707	-0.37660623	-0.31188822	-0.24782538	-0.18698311	-0.066740274	-0.0065820217	0.062642813	0.29122722	0.34813571	0.40539515	0.46608591	0.72651744	1.0491142	1.2550578	1.5155072	2.1578736
22	-0.18569689	-0.18569689	-0.11876571	0.039010107	0.023776611	0.062359315	0.054753191	0.034514707	0.010243239	0.0094708142	0.041516083	0.040734238	0.04882848	-0.026196989	-0.038277897	-0.074365907	-0.096603061	-0.11537985	-0.15998483	-0.24090648	-0.37036573	-0.18569689
202	0	COMB PPP delta score #7
14	-1e+09	-1.8807538	-1.6108987	-0.92361546	-0.75419188	-0.6036942	-0.1630466	-0.047739744	0.096615791	0.15299225	0.3879354	0.58273876	1.070189	1.437207
15	0.040795435	0.040795435	0.19366004	0.20416068	0.23035643	0.070224117	0.15799351	0.13815239	0.14628923	0.18998031	0.19981417	0.13042784	0.098452234	0.10316721	0.040795435
203	0	COMB PPP dot prod pred-obs top 15
14	-1e+09	0.39669508	0.49029675	0.57840812	0.59611696	0.63090092	0.63885927	0.64586681	0.66688299	0.69010174	0.74823838	0.76178014	0.76942456	0.80770612
15	0.033311761	0.033311761	0.029428125	0.013726819	0.031708671	0.033679136	-0.026316078	-0.052484865	-0.027867664	-0.012684878	0.0078454752	0.025500929	0.03877303	0.057826545	0.033311761
204	0	COMB PPP dot prod obs-pred top 15
16	-1e+09	0.229379	0.35400361	0.49954873	0.50961441	0.55582875	0.58399695	0.60786307	0.6354894	0.64196402	0.65113622	0.66163695	0.68094915	0.68822706	0.83232939	0.86759144
17	0.11038474	0.09203485	-0.068280854	-0.037921243	-0.023010495	-0.010358223	-0.014296359	-0.004132963	-0.044461072	-0.032519585	0.083012655	0.12493373	0.10679068	0.10524552	0.094403106	0.14362753	0.12870576
205	0	COMB PPP dot prod pred-obs top 30
15	-1e+09	0.23222885	0.3393366	0.36330375	0.38343784	0.41774046	0.42228851	0.43218747	0.45710087	0.46150491	0.48793536	0.50308347	0.5098877	0.54508758	0.57575577
16	-0.024766955	-0.024766955	-0.0010716289	0.0055837579	-0.015134454	-0.0077571018	0.0099858524	0.040990129	0.043584975	0.031570887	0.0054338492	-0.01305964	-0.044614032	0.0088974119	0.0037144687	-0.024766955
206	0	COMB PPP dot prod obs-pred top 30
18	-1e+09	0.14882429	0.22968249	0.3241142	0.33064494	0.36062944	0.37890539	0.39439005	0.41231439	0.41651523	0.42246628	0.42927927	0.44653133	0.45102769	0.48355359	0.48805895	0.53130805	0.55583858
19	-0.051500838	-0.063160812	-0.078135173	-0.051738894	-0.040385987	-0.018110425	-0.018919786	-0.0081003557	-0.015185646	-0.0003224237	0.0089870176	0.019913591	0.0183072	0.012529258	0.053097525	0.032817907	0.023523438	-0.010135566	-0.033084576
207	0	COMB PPP dot prod pred-obs top 45
7	-1e+09	0.18350181	0.26813585	0.28707415	0.36119044	0.38555515	0.40290135
8	-0.0015536369	-0.0015536369	0.00077588434	0.0023504952	2.8743014e-05	-0.00074065363	-0.0030958657	-0.0015536369
208	0	COMB PPP dot prod obs-pred top 45
18	-1e+09	0.11759748	0.18148974	0.25610748	0.2612679	0.28496099	0.29940218	0.31163779	0.32580119	0.32912061	0.333823	0.33920646	0.35283861	0.35639155	0.38209277	0.38565278	0.41982722	0.43921068
19	-0.047361906	-0.063071023	-0.13401955	-0.096623611	-0.075231891	-0.0052423105	-0.006027723	0.003241536	-0.018432998	0.0073337853	0.064343812	0.081841945	0.079367853	0.074290296	0.10982028	0.097837597	0.056149827	0.039732837	-0.036671166
