3 1
1  0.000 1.000 1000000000.000
4 0 1 3 5
1 0
1 4
1 13
0 29
1 29
1 45
0 90
1 90
0 156
1 156
0
209
152
5	0	TRYP #num missed tryp terminals
2	-1e+09	0
3	0.078395173	0.078395173	-0.25591119
7	0	TRYP #frags at digest when C-term is R
3	-1e+09	0	2
4	0	0	0.12310195	0
8	0	TRYP #frags at digest when C-term is K
2	-1e+09	2
3	0	0	0.0015817844
9	0	TRYP #frags at digest when C-term is other
5	-1e+09	1	3	4	7
6	-0.092997675	-0.05905982	0	-0.060772649	-0.13231422	-0.12558844
12	0	TRYP AA at N-terminal When C-term is other
7	-1e+09	5	7	10	14	18	22
8	0.42397137	0.42397137	0.25573928	-0.033680639	0.14536344	0.079104689	0.2952262	0.42397137
13	0	ANN PEAK diff from org pm_with_19
16	-1e+09	-2.9023438	-2.095459	-1.6950684	-1.5878906	-1.3953857	-1.295166	-1.1027832	-1.0952148	-0.99511719	-0.68798828	-0.59545898	-0.50341797	-0.29541016	-0.095214844	0.012207031
17	-0.038082985	0.45657029	0.52383293	0.4946667	0.45432709	0.33354627	0.32148799	0.29314884	0.24012676	0.23856942	0.086873897	-0.061050127	-0.095733969	-0.12827254	-0.21485819	-0.51428117	-0.52402727
15	0	ANN PEAK %ann intensity
22	-1e+09	0.10323083	0.11278038	0.12192751	0.13045762	0.16289052	0.1706351	0.19962937	0.20711748	0.21448579	0.23594514	0.25093839	0.26685977	0.28304392	0.29143003	0.29989427	0.33750701	0.42517087	0.44141614	0.45964077	0.50314581	0.53140122
23	0.062243004	0.39031859	0.31385702	0.27312591	0.19798998	0.1441395	0.12595609	0.066304283	-0.029708107	-0.06040376	-0.084723071	-0.11429249	-0.18950068	-0.19761329	-0.16140827	-0.153315	-0.26178718	-0.19159804	-0.16189747	-0.19995123	-0.28639785	-0.23044355	-0.22038571
16	0	ANN PEAK %ann peaks
12	-1e+09	0.068965517	0.085714288	0.10185185	0.1147541	0.12871288	0.1491228	0.15686275	0.17708333	0.19148937	0.21978022	0.24175824
13	-0.029144323	-0.1476323	-0.13430658	-0.094208376	-0.076465928	-0.030553172	0.084105704	0.089731043	0.13644343	0.16821886	0.14191621	0.1450421	0.10998538
17	0	ANN PEAK #ann in top 25
5	-1e+09	1	6	7	9
6	0.024222385	0.02265541	-0.020839985	-0.013972943	-0.0037596627	0.032326502
18	0	ANN PEAK #ann in top half (up to 50)
12	-1e+09	5	6	7	8	10	11	12	13	15	16	18
13	-0.028448661	-0.28719326	-0.28562526	-0.27691939	-0.21565873	-0.28184784	-0.16556414	-0.13161615	-0.034757218	-0.020829455	0.038321741	0.097456264	0.26860836
19	0	ANN PEAK #ann in top third - #ann in mid third
10	-1e+09	-4	-3	-1	1	3	5	6	7	8
11	0.058343574	0.058343574	0.010582628	-0.059332392	-0.032374801	-0.0072088444	0.0001800134	0.033469144	0.012787989	-0.01195578	0.058343574
20	0	ANN PEAK #ann in top third - #ann in last third
7	-1e+09	2	4	5	8	9	11
8	0.10006879	0.10006879	-0.03747892	-0.04531926	-0.058122453	0.00502235	0.058892677	0.10006879
21	0	ANN PEAK #ann in mid third - #ann in last third
5	-1e+09	2	4	5	6
6	0.0026608489	-0.0044458899	-0.0094816993	0.011204194	0.034482671	0.032869749
22	0	ANN PEAK #y annotated
4	-1e+09	1	2	3
5	0.0071181221	0.0071181221	-0.0051327865	0.0017787517	0.0071181221
23	0	ANN PEAK #b annotated
4	-1e+09	1	3	4
5	-0.058037545	-0.058037545	0.038461139	0.019312111	-0.058037545
24	0	ANN PEAK #b-H2O annotated
4	-1e+09	0	1	3
5	0.023522515	0.023522515	-0.033103443	-0.038688493	0.023522515
25	0	ANN PEAK #y2 annotated
6	-1e+09	0	1	2	3	4
7	0.17260536	0.12116938	-0.046027802	-0.15506652	-0.25470867	-0.12258536	0.22144912
26	0	ANN PEAK #y-H2O annotated
3	-1e+09	0	2
4	-0.010937029	-0.010937029	0.0041964809	-0.010937029
27	0	ANN PEAK #b2 annotated
6	-1e+09	0	1	2	3	4
7	0.095092917	0.095092917	0.072481703	-0.057667611	-0.094523318	-0.053826671	0.095092917
29	0	PEAK OFF y num frags detected
5	-1e+09	1	2	3	4
6	0.022203684	0.022203684	-0.030658156	-0.024816299	0.001456941	0.022203684
30	0	PEAK OFF y max self offset
16	-1e+09	0.032093048	0.061260223	0.071788788	0.080921173	0.14293289	0.15769577	0.17261887	0.19585037	0.22073746	0.23833084	0.24735641	0.31733322	0.37305832	0.40752029	0.47157669
17	0.034249761	0.086430826	0.15706735	0.29486181	0.30606512	0.338664	0.27312026	0.30120398	0.26246051	0.26560492	0.11544045	0.11224764	0.010871926	-0.08588974	-0.23768411	-0.24085763	-0.08180163
31	0	PEAK OFF y avg self offset
20	-1e+09	0.023426056	0.03294754	0.040042877	0.046220142	0.056743622	0.066135406	0.080400847	0.094263457	0.11908646	0.12434616	0.17352295	0.20460892	0.21339417	0.25238419	0.30126572	0.33025742	0.3463707	0.40391922	0.42720923
21	0.09945284	-0.045640975	-0.13586791	-0.18163889	-0.18449859	-0.32527152	-0.38249728	-0.37765926	-0.34519974	-0.43668294	-0.45494979	-0.41903694	-0.39145751	-0.35199086	-0.25570824	-0.15801929	-0.1452785	-0.012008633	0.024159965	0.20310572	0.28715668
32	0	PEAK OFF y max consecutive offset
11	-1e+09	0.06048584	0.144104	0.15496826	0.16070557	0.19836426	0.2121582	0.26165771	0.27178955	0.30688477	0.32080078
12	0.096101172	0.15844054	0.28708697	0.24792243	0.23272963	0.084540796	0.13291196	0.16341231	0.1468114	0.10966284	0.013294772	-0.026482182
33	0	PEAK OFF y avg consecutive offset
5	-1e+09	0.071609497	0.12421417	0.13824463	0.24510956
6	-0.0027436939	-0.0027436939	-0.014025731	-0.0040702798	0.019782498	-0.0027436939
34	0	PEAK OFF y grab offset #1
3	-1e+09	0.04296875	0.11480713
4	0	0	-0.022995016	0
35	0	PEAK OFF y grab offset #2
4	-1e+09	0.047363281	0.096679688	0.2578125
5	0	0	-0.051446034	-0.076826724	0
37	0	PEAK OFF b num frags detected
11	-1e+09	0.030041814	0.075390935	0.090527654	0.13170135	0.26527131	0.36571014	0.40269744	0.47337615	1	3
12	0.037064128	0.037064128	0.048435303	0.13384931	0.14391834	0.15078834	0.070866017	0.065810146	0.028549701	0.0059009864	0.12972068	0.037064128
38	0	PEAK OFF b max self offset
11	-1e+09	0.022875667	0.052599788	0.083522439	0.12165558	0.13868988	0.14439255	0.17609894	0.18308747	0.21356983	0.22230621
12	-0.027590582	-0.027590582	0.018817691	0.0090168264	-0.033681867	-0.048573529	-0.051947571	-0.067301442	-0.040442339	-0.029641884	-0.098779634	-0.027590582
39	0	PEAK OFF b avg self offset
10	-1e+09	0.083483577	0.10161072	0.12654205	0.15375793	0.2199707	0.26063049	0.28686798	0.33556229	0.40100098
11	0.047386413	0.18429286	0.1035744	0.08661954	0.056702292	0.040908027	0.01401364	-0.007501265	-0.043942062	-0.06201987	-0.035097011
40	0	PEAK OFF b max consecutive offset
2	-1e+09	0.15496826
3	-0.014931281	0	-0.040014208
42	0	PEAK OFF b grab offset #1
2	-1e+09	0.14990234
3	0.0031770023	0.0063462506	0
45	0	PEP COMP start cat N (len 3)
5	-1e+09	2	4	5	10
6	0.0087811098	-0.097842974	0.060782061	0.070152395	0.096774777	0.10011555
46	0	PEP COMP end cat C (len 3)
6	-1e+09	3	4	7	10	16
7	-0.12474999	-0.296118	-0.28174914	-0.070354472	-0.14722539	0.07083476	0.056812712
52	0	PEP COMP min cat, len 3
8	-1e+09	3	7	8	10	14	18	19
9	-0.011072321	-0.012744471	-0.00081776729	0.0095904464	0.012970379	0.014642529	0.0047764976	-0.0035800305	0.004920231
53	0	PEP COMP avg cat, len 3
8	-1e+09	0.60000002	1.2	1.4	2	2.8	3.4000001	3.8
9	-0.014687919	-0.035174591	-0.011376715	0.0097176162	0.020753189	0.022451906	0.013336362	-0.0088648793	0.0010999334
54	0	PEP COMP before cat score 1
9	-1e+09	5	9	11	12	14	15	17	19
10	-0.067730517	-0.1180777	-0.029401227	-0.054449233	-0.0064681553	0.037131414	0.075784519	0.0022543366	0.0254275	-0.0010291287
55	0	PEP COMP after cat score 1
8	-1e+09	4	7	8	10	15	16	17
9	-0.048985677	-0.0012700218	0.08426487	0.022387046	-0.018405615	-0.0019405451	0.018202359	0.19201358	-0.097748607
56	0	PEP COMP span cat score 1
12	-1e+09	4	5	7	8	9	10	12	16	17	18	19
13	0.076148711	0.076148711	-0.081189108	-0.055884319	-0.011837189	-0.016676755	-0.086469166	-0.10240199	-0.010548469	0.013221499	-0.031768288	-0.0024790998	0.076148711
57	0	PEP COMP before cat score 2
11	-1e+09	5	8	10	11	12	13	14	16	18	19
12	-0.0296988	-0.0296988	0.040507649	-0.00065788203	0.056947343	0.055382201	0.01771271	0.056986262	-0.041560043	0.017606842	-0.007696187	-0.0296988
58	0	PEP COMP after cat score 2
9	-1e+09	5	8	12	14	15	17	18	19
10	-0.091704786	-0.085084874	-0.021200845	0.0048395444	-0.10856072	-0.036517585	0.069999638	0.047196566	0.0011074787	-0.10363222
59	0	PEP COMP span cat score 2
12	-1e+09	3	4	5	6	8	9	12	13	15	16	19
13	0.01907924	0.01907924	0.011748006	-0.068169938	0.0065678034	0.0088701165	0.035688225	0.022105301	-0.050990937	-0.059759684	0.048073929	0.044791462	0.01907924
60	0	PEP COMP before cat score 3
10	-1e+09	9	10	12	13	15	16	17	18	19
11	-0.0029458447	-0.0029458447	-0.00097356348	0.016824097	-0.041222444	-0.10146893	-0.0011422596	0.11005157	-0.079626984	-0.031234961	-0.0029458447
61	0	PEP COMP after cat score 3
11	-1e+09	3	5	9	11	12	13	14	15	17	19
12	0.062924019	0.059270636	0.024791582	0.12037456	0.12354096	0.11989275	-0.074482336	0.093835306	0.12936042	0.1918895	0.18677948	0.076615073
62	0	PEP COMP span cat score 3
12	-1e+09	1	2	5	6	9	10	12	13	15	18	19
13	-0.15757108	-0.15757108	0.024344527	-0.097846663	-0.09308	-0.06588112	-0.1327448	-0.14119019	-0.15035327	-0.14538667	-0.12386105	-0.12989811	-0.15757108
69	0	PEP COMP #aa D
2	-1e+09	1
3	-0.010260618	0	-0.052588524
71	0	PEP COMP #aa Q
2	-1e+09	1
3	-0.1337245	-0.51161363	-0.76443776
72	0	PEP COMP #aa E
2	-1e+09	1
3	-0.032959018	-0.14451143	-0.20205174
73	0	PEP COMP #aa G
1	-1e+09
2	0	0.10113628
74	0	PEP COMP #aa H
1	-1e+09
2	0	0.087842786
76	0	PEP COMP #aa K
2	-1e+09	1
3	0	0	-0.055160364
77	0	PEP COMP #aa M
1	-1e+09
2	0	0.19663501
78	0	PEP COMP #aa F
2	-1e+09	1
3	-0.077279149	-0.32641737	-0.4782434
79	0	PEP COMP #aa P
2	-1e+09	1
3	0.11385904	0.36640362	0.63189082
80	0	PEP COMP #aa S
1	-1e+09
2	0	0.030387252
81	0	PEP COMP #aa T
2	-1e+09	1
3	-0.086710622	-0.086710622	0
83	0	PEP COMP #aa Y
2	-1e+09	1
3	-0.0031632547	-0.0031632547	0
84	0	PEP COMP #aa V
2	-1e+09	1
3	-0.019902753	0	-0.096229187
96	0	PRM N/-C delta mass
13	-1e+09	-0.90975952	-0.67095184	-0.29401398	-0.19491577	-0.13845062	-0.11439514	0.13533783	0.18015289	0.21208191	0.30768585	0.37477112	0.68206024
14	-0.26241277	-0.26241277	-0.085573135	0.083739799	0.29118621	0.33493043	0.42614036	0.51561271	0.48115989	0.42028504	0.18015571	0.1379328	0.095841153	-0.26241277
97	0	PRM N/-C total breakage score
5	-1e+09	18.436529	19.491535	40.529045	50.022129
6	0.010210448	0.010210448	-0.010917248	-0.071343471	-0.025327557	0.010210448
98	0	PRM N/-C average breakage score
4	-1e+09	4.3474398	8.1498604	12.977858
5	0.011410697	0.011410697	-0.067198446	-0.016895307	0.011410697
99	0	PRM N/-C normalized average breakage score
5	-1e+09	3.0727549	3.2485893	6.7548409	8.3370218
6	0	0	-0.011810475	-0.026619146	-0.023968775	0
100	0	PRM N/-C path score
3	-1e+09	40.723873	67.311241
4	0	0	-0.006698688	0
101	0	PRM N/-C average path score
3	-1e+09	6.787312	11.21854
4	0	0	-0.0031662016	0
102	0	PRM -N/C delta mass
18	-1e+09	-0.87589264	-0.65274811	-0.45767212	-0.35939026	-0.23693848	-0.14299011	-0.12182617	-0.067436218	-0.01272583	0.02935791	0.15731049	0.17854309	0.2106781	0.25559235	0.31945801	0.72853851	1.0522461
19	-0.85744774	-0.85744774	-0.84631811	0.61057613	0.63085885	0.68568708	0.78345801	0.85080035	0.88948428	1.2972929	1.3194716	1.4733702	1.2231401	1.0069046	0.88558564	0.77017575	0.19525939	-0.39132785	-0.85744774
104	0	PRM -N/C average breakage score
5	-1e+09	-6.7550492	-3.3251019	-2.013684	0.7395497
6	0.017753448	-0.015346261	-0.0642731	-0.078656705	0.036235828	0.060279737
105	0	PRM -N/C normalized average breakage score
2	-1e+09	0.15265755
3	-0.03057311	-0.05482429	0
106	0	PRM -N/C path score
4	-1e+09	43.57819	58.309109	66.401154
5	-0.03559745	-0.097141701	-0.02809141	-0.011894318	0.026675089
107	0	PRM -N/C average path score
4	-1e+09	7.2630315	9.7181845	11.066859
5	-0.025180065	-0.10096495	-0.050654931	-0.0095071814	0.023660033
108	0	PRM -N/-C delta mass
16	-1e+09	-0.7554245	-0.65332031	-0.51869965	-0.29715729	-0.25038147	-0.19302368	-0.14350128	-0.017425537	0.053627014	0.095291138	0.19730377	0.22897339	0.30271149	0.7331543	0.85456085
17	0.019381574	-0.11930597	0.18503216	0.37818656	0.35033341	0.52241659	0.50186791	0.57350295	0.5843077	0.45920222	0.45120743	0.48539785	0.42545962	0.39388724	0.3434115	0.28853008	0.13793745
109	0	PRM -N/-C total breakage score
7	-1e+09	11.046671	29.1926	34.159245	40.833164	45.148331	46.697346
8	0.039956356	0.087299788	0.049645727	0.072822452	0.038051708	0.039811663	0.033140166	-0.0014888364
111	0	PRM -N/-C normalized average breakage score
6	-1e+09	1.8411118	4.8654332	5.6932073	6.8055272	7.5247216
7	0.0082861342	0.009911994	0.0082784631	0.011591515	0.0015798695	0.008178551	0.0065526912
112	0	PRM -N/-C path score
12	-1e+09	34.505974	37.307396	40.628242	45.134338	49.841267	53.634659	55.952553	60.996563	64.918144	80.188179	84.191185
13	0.15454894	0.15454894	0.091689199	0.12203188	0.097347203	0.035775801	0.044587866	0.035639341	-0.0027434703	0.014491081	-0.018261425	0.096395073	0.15454894
113	0	PRM -N/-C average path score
8	-1e+09	5.7509956	6.2178993	8.3068781	9.3254251	10.166094	10.819691	14.031864
9	0.040108934	0.040108934	0.0032749363	0.03332242	0.052912979	0.042064059	0.053351105	0.034683678	0.040108934
114	0	PRM path score
13	-1e+09	-18.707457	-6.396791	-4.0318384	15.000873	20.540695	24.587902	25.927727	31.220575	36.879173	39.91806	46.614433	53.183537
14	-0.041732384	-0.041732384	0.0079839525	0.049504683	0.012625646	0.097227678	0.055179423	0.037439364	-0.033669673	-0.035249371	0.044261638	0.072843511	0.039391978	-0.041732384
115	0	PRM total breakage score
21	-1e+09	26.139908	29.441401	33.437836	34.954529	37.529858	38.649437	40.657692	45.081093	48.230412	50.527275	54.371422	56.803059	59.362488	60.227798	61.126202	62.088139	66.37413	69.010681	70.515869	79.091713
22	0.25205705	0.25205705	0.19138677	0.13557699	0.075290964	-0.041012072	-0.023688121	0.031158867	-0.084636943	-0.10291658	-0.1100668	-0.16576345	-0.18301707	-0.091437727	-0.079617264	-0.037056558	-0.016521335	0.024551232	0.056898066	0.15327768	0.16195648	0.25205705
116	0	PRM SeqPath rank
11	-1e+09	0	2	5	13	15	27	29	41	62	73
12	0.2850048	0.2850048	0.21377727	0.0055035563	0.0026041979	-0.0030188682	-0.082555686	-0.080770129	-0.046480955	0.029953991	0.03466642	0.04464102
117	0	PRM multipath score
14	-1e+09	37.209358	40.617912	42.019375	46.566578	55.11248	55.90435	58.281189	67.175766	70.618927	71.920525	74.909714	78.842033	85.077858
15	-0.036895368	-0.13199545	-0.14334803	-0.085769458	-0.063630209	-0.058672891	0.013303915	0.046690414	0.02912111	0.086165913	0.074249073	0.067825127	0.083048791	0.11265666	0.063422889
118	0	PRM delta score
20	-1e+09	0	2.0707703	4.1041107	4.97789	8.1187363	9.5121841	10.153263	13.756023	14.908875	17.157745	18.26989	19.436714	20.00403	22.420181	25.115616	25.852608	26.633358	29.309948	31.535461
21	0.9944407	1.4367777	1.3032497	1.2082019	1.2015896	1.1010157	0.96970863	0.96321638	0.86426475	0.86750598	0.76483744	0.7839362	0.72768237	0.67904088	0.65635271	0.52795948	0.39896899	0.28188029	0.2664983	0.30296299	0.26453574
119	0	PRM rank, delta score<=1.5
4	-1e+09	0	1	2
5	0.12072087	0.17219648	0.12411154	0	0.12072087
120	0	PRM rank, 1.5<delta score<=7.5
5	-1e+09	3	4	11	12
6	-0.011821066	-0.011821066	0.040036151	0.057003674	0.026512	-0.011821066
121	0	PRM rank, 7.5<delta score<=15
8	-1e+09	5	14	17	24	39	42	51
9	0.056868061	0.056868061	0.012233298	0.068457229	0.046296084	0.044704223	0.083658538	0.085245705	0.056868061
122	0	PRM rank, delta score>15
7	-1e+09	11	19	27	30	43	70
8	-0.03057776	-0.03057776	-0.019300082	-0.064480358	-0.054611674	-0.045180276	-0.070904102	-0.03057776
123	0	PRM tag, percent in top 5 denovo
3	-1e+09	0.40000001	0.80000001
4	-0.0079504474	-0.020491325	0.014557321	0.0025731106
124	0	PRM tag, percent in top 20 denovo
4	-1e+09	0.15000001	0.44999999	0.5
5	0	0	-0.018344843	-0.0049402354	0
125	0	PRM tag, percent in all denovo
8	-1e+09	0.02	0.039999999	0.079999998	0.12	0.14	0.18000001	0.60000002
9	-0.0098188404	-0.034658362	-0.022310101	0.034615068	0.049446268	0.058127955	0.083194894	0.11136508	0.10970506
126	0	PRM tag, rank if in top 5
10	-1e+09	0	1	5	9	10	13	17	21	99
11	0.24163399	0.24163399	0.20767623	0.10479151	-0.042671991	0.014229941	0.05852061	0.11810089	0.12127879	0.20599726	0.24163399
127	0	PRM tag, rank if in top 5-20
3	-1e+09	5	28
4	0.0016863646	0.0016863646	-0.082118757	0.0016863646
128	0	PRM tag, rank if in top 20-all
12	-1e+09	0	4	5	6	7	15	21	22	30	41	52
13	0.29302878	0.30023743	0.15750087	0.076742894	0.15825534	0.18503309	0.22357997	0.060220489	0.14766145	0.1492898	0.085951792	0.10429703	0.11519322
133	0	PRM breakage score min 1
16	-1e+09	-26.165012	-23.363207	-22.140295	-17.350904	-15.816871	-15.16847	-14.622849	-12.35965	-8.8147345	-7.0951719	-4.9649653	-3.1412003	-2.2504692	1.4441271	3.1796896
17	0.017328601	0.017328601	0.00122811	-0.071595289	-0.090009337	-0.065637937	0.063671573	0.016667421	-0.047225788	-0.050615218	-0.13190187	-0.13028014	-0.13349094	-0.05494151	-0.070694366	-0.014618558	0.017328601
134	0	PRM breakage score min 2
14	-1e+09	-18.343552	-12.281498	-5.9563189	-4.8228202	-1.9582024	-0.61469156	0	0.25212961	0.86515832	1.158049	3.8203692	7.2320409	8.9008989
15	-0.020363587	-0.020363587	-0.064108929	-0.022422137	-0.15141104	-0.074756636	-0.046921431	-0.078304552	-0.064760221	-0.051778961	0.03639615	0.071450906	0.046283246	-0.0099827219	-0.020363587
135	0	PRM breakage score min 3
13	-1e+09	-5.6522613	-2.242409	-0.34572166	0.70063663	1.9059961	2.2056472	3.0638282	5.8794212	6.7599425	7.7101316	8.4206829	9.1709452
14	-0.19341222	-0.19341222	-0.2735295	-0.26183622	-0.16043196	-0.20853296	-0.16527144	-0.14581716	-0.19089442	-0.25631144	-0.12525346	-0.10161852	-0.13127596	-0.19341222
136	0	PRM breakage score min consecutive 3
17	-1e+09	-34.545464	-26.843662	-21.83246	-14.614291	-11.735634	-9.1951742	-5.6510129	-4.5850739	-2.4683881	0.55177236	5.209146	12.846491	14.916355	16.039352	28.77306	32.038673
18	0.31289372	0.37780711	0.38780096	0.3395613	0.28068575	0.35013083	0.39380386	0.26325277	0.19672246	0.16915677	0.16756408	0.22489322	0.23920031	0.28690736	0.20985291	0.20499078	0.24277044	0.26205706
137	0	PRM breakage score max consecutive 3
14	-1e+09	2.7162242	6.6588602	11.228085	13.779075	14.949959	17.095184	19.958818	21.858902	26.92503	37.406727	44.67622	50.595135	53.50642
15	0.032982748	0.032982748	0.083339633	0.039955589	-0.057749653	0.10686167	0.15258748	0.081695099	0.06916658	0.077285487	-0.010616472	-0.02569257	-0.024089096	0.0026991347	0.032982748
138	0	PRM breakage score min consecutive 2
13	-1e+09	-30.321766	-20.612206	-16.927158	-13.892033	-8.5654202	-6.2182512	-4.7033567	-3.958149	0.29972839	2.3902006	3.9227087	4.6969709
14	0.049533708	0.049533708	0.11349308	0.10852168	0.14667986	0.13655086	0.15714103	0.13263218	0.12732112	0.096016011	0.085742262	0.13029927	0.10224166	0.049533708
139	0	PRM breakage score max consecutive 2
13	-1e+09	-2.8846133	4.0166745	9.9257183	10.944546	11.866674	14.391677	15.84212	18.407331	19.572348	21.249559	33.42128	38.321182
14	0.042457793	0.042457793	0.044116095	0.072266845	-0.003061405	-0.0078022528	-0.065527823	-0.044105324	-0.050428939	-0.04077131	-0.11993716	-0.03527643	-0.096431075	0.042457793
141	0	PRM #breakage scores 0 - -10
3	-1e+09	0	1
4	-0.0032357205	-0.0032357205	0.0036384838	-0.0032357205
142	0	PRM #breakage scores 0 - 8
3	-1e+09	0	2
4	-0.050641052	-0.050641052	0.03237475	-0.043903391
143	0	PRM #breakage scores 8 - 15
4	-1e+09	1	2	3
5	0.035839785	0.035839785	0.030553896	-0.033365419	0.035839785
145	0	PRM %breakage scores below -10
4	-1e+09	0	0.2	0.33333334
5	0.051923338	0.051923338	-0.051438617	0.0066564032	0.051923338
146	0	PRM %breakage scores below 0
4	-1e+09	0.16666667	0.2	0.40000001
5	-0.011168296	-0.011168296	-0.0034504061	0.010153315	-0.011168296
147	0	PRM %breakage scores above 0
3	-1e+09	0.5	0.80000001
4	-0.0033613188	-0.0033613188	0	-0.0033613188
148	0	PRM %breakage scores above 8
7	-1e+09	0	0.33333334	0.40000001	0.5	0.60000002	0.75
8	-0.024502872	-0.024502872	-0.037114511	-0.032328892	-0.043241805	0.0080825855	0.020264784	-0.024502872
149	0	PRM Score connected to N-terminal
12	-1e+09	1.3888386	1.7954202	2.4676554	3.3846872	4.2398515	4.5409279	5.1615171	10.619153	11.066303	11.52747	22.052769
13	-0.18969606	-0.34645705	-0.32852393	-0.1917455	-0.15616821	-0.13418079	-0.1214532	-0.063020775	-0.024188483	0.066482283	0.098329002	0.14742258	-0.012534952
150	0	PRM Score connected to C-terminal
6	-1e+09	1.3463424	2.2997336	2.8485751	2.9603426	3.1180949
7	0.073313974	0	0.042092698	0.13024333	0.14628194	0.14825719	0.15666809
151	0	PRM %breakages with 1 frag detected
2	-1e+09	0
3	0.013991843	0.013991843	-0.047272035
152	0	PRM %breakages with 2 frag detected
5	-1e+09	0	0.16666667	0.2	0.33333334
6	0.017061887	-0.0078086487	-0.016356558	-0.028888456	-0.032876705	0.037084614
153	0	PRM %breakages with > 5 frags detected
5	-1e+09	0	0.2	0.40000001	0.5
6	0.054173652	0.23333101	0.098104728	-0.0046804583	-0.1271631	-0.24349426
154	0	PRM %breakages with dual orientation frags
6	-1e+09	0.2	0.5	0.66666669	0.80000001	0.83333337
7	0.060545262	0.015261362	-0.095415626	-0.022268652	0.091930449	-0.0035099795	0.073812886
155	0	PRM #orientation switches
2	-1e+09	0
3	0.085720124	0.12161543	-0.086982942
157	0	COMP PPP frag 1 obs_ratio
6	-1e+09	0.25	0.33333334	0.40000001	0.5	0.75
7	0	0	-0.094626297	-0.12674019	-0.21422203	-0.0069215904	0
158	0	COMP PPP frag 2 obs_ratio
4	-1e+09	0.16666667	0.5	0.60000002
5	-0.049838686	-0.069473106	-0.14240554	-0.13219062	0
159	0	COMP PPP frag 3 obs_ratio
6	-1e+09	0.16666667	0.33333334	0.5	0.66666669	0.83333331
7	0.23948996	0.20462708	0.022905792	0	0.10672129	0.23223272	0.27033452
160	0	COMP PPP num missed peaks
6	-1e+09	31	32	33	34	39
7	-0.003437922	-0.003437922	-0.0001319256	0.0031881979	0.0066127037	0.010037208	-0.003437922
161	0	COMP PPP MOBILE sum ranks of missed 1-5
10	-1e+09	24	26	29	35	36	45	50	59	65
11	-0.055987105	-0.055987105	-0.057590192	-0.044373856	-0.042171076	-0.0025725598	0.13705838	0.13963094	0.11448551	0.074983341	0.083643831
164	0	COMP PPP sum ranks of missed 1-5
10	-1e+09	13	18	24	25	28	42	43	45	61
11	0.10545938	0.035740051	-0.018380508	-0.019968621	-0.025157775	-0.031619828	-0.013943863	-0.015557077	0.054162257	0.071432376	0.10545938
165	0	COMP PPP MOBILE sum ranks of missed 6-10
3	-1e+09	60	66
4	-0.0017401451	0	-0.063801822	-0.0036030153
168	0	COMP PPP sum ranks of missed 6-10
5	-1e+09	60	69	72	77
6	0.0082196467	0.0082196467	0.00083374757	-0.0039828582	0.003403041	0.0082196467
172	0	COMP PPP sum ranks of missed 11-15
6	-1e+09	100	115	120	125	130
7	-0.023819884	-0.023819884	0.026928232	0.022196958	0.0045410512	-0.0015969628	-0.023819884
173	0	COMB PPP observed rank of predicted rank 1
6	-1e+09	1	3	5	6	8
7	-0.020038237	0.19827906	0.11368086	0.026193213	0.0096716094	-0.24216254	-0.067082707
174	0	COMB PPP observed rank of predicted rank 2
4	-1e+09	1	3	4
5	-0.045753972	0.016370461	0.00054635367	-0.039859205	-0.052272435
175	0	COMB PPP observed rank of predicted rank 3
6	-1e+09	0	1	3	4	6
7	-0.054849028	-0.028153043	0.016116428	0.023771249	0.01544541	-0.067516157	-0.069156459
176	0	COMB PPP observed rank of predicted rank 4
6	-1e+09	1	4	5	6	9
7	0.003879507	0.011513189	0.043877388	-0.015138991	-0.026850054	-0.066282086	-0.017612717
177	0	COMB PPP observed rank of predicted rank 5
4	-1e+09	1	3	9
5	-0.0052343842	-0.0052343842	0.0031785117	0.013820054	-0.0052343842
178	0	COMB PPP observed rank of predicted rank 6
6	-1e+09	0	2	4	7	11
7	-0.0016973537	-0.0016973537	0.0027060556	0.066342538	0.063636483	0.061939129	-0.0016973537
179	0	COMB PPP observed rank of predicted rank 7
7	-1e+09	1	3	4	5	7	10
8	0.0042276901	0.0042276901	-0.013195013	0.066284968	0.085945114	0.1040279	0.080279016	0.0042276901
181	0	COMB PPP predicted rank of observed rank 2
7	-1e+09	2	4	6	7	9	11
8	-0.013559796	-0.013559796	-0.018664013	0.051340764	0.0047357847	0.046722924	-0.010314109	-0.013559796
182	0	COMB PPP predicted rank of observed rank 3
6	-1e+09	2	3	4	5	7
7	-0.016932996	0.073802485	0.055931743	0.0032370731	-0.00085070943	-0.082132893	-0.098515808
183	0	COMB PPP predicted rank of observed rank 4
4	-1e+09	5	7	9
5	0.018916134	0.018916134	0.015937557	-0.031454787	0.018916134
184	0	COMB PPP predicted rank of observed rank 5
10	-1e+09	1	2	4	5	6	8	9	10	16
11	0.027002421	0.027002421	0.096727093	0.098949021	0.084293525	0.054877534	0.020281525	-0.0082351587	-0.050708717	-0.06471521	0.027002421
185	0	COMB PPP predicted rank of observed rank 6
6	-1e+09	2	3	6	7	14
7	-0.041608309	-0.033051596	0.018707908	0.032548175	0.055592572	0.011793198	-0.05010823
186	0	COMB PPP predicted rank of observed rank 7
9	-1e+09	2	3	4	6	7	9	11	15
10	-0.01345655	-0.01345655	0.010764634	0.0056634009	0.016483948	-0.0096640282	-0.058280558	-0.045607719	0.017914871	-0.01345655
187	0	COMB PPP rank of missed #1
11	-1e+09	0	1	2	3	4	5	6	7	9	10
12	0.019074308	-0.045122779	-0.049934912	0.033484632	0.039634846	0.27255484	0.40554836	0.41721325	0.46215673	0.51737047	0.52452749	0.67880808
188	0	COMB PPP rank of missed #3
8	-1e+09	3	4	6	8	10	13	14
9	0.05911238	0.05911238	0.053648644	-0.031159516	0.012290072	-0.087513323	-0.089119961	-0.067906932	0.10256197
189	0	COMB PPP rank of missed #5
8	-1e+09	5	7	8	9	10	11	14
9	0.020032825	0.06783479	0.038218628	0.063909531	0.086472329	-0.069328807	-0.13515898	-0.13246886	-0.070015433
190	0	COMB PPP rank of missed #7
6	-1e+09	8	11	12	13	16
7	0.046272504	0.046272504	0.02562074	0.00790107	-0.049152108	0.0018246004	0.046272504
191	0	COMB PPP rank of missed #9
3	-1e+09	15	17
4	-0.0023027943	-0.0023027943	0.0027243617	-0.0023027943
192	0	COMB PPP rank of missed #11
5	-1e+09	17	21	23	24
6	-0.032288299	-0.032288299	0.016283314	0.0093834468	-0.010688105	-0.032288299
194	0	COMB PPP rank of missed #15
5	-1e+09	20	25	26	28
6	-0.0076747751	-0.0076747751	0	-0.0019485209	-0.003996627	-0.0076747751
195	0	COMB PPP rank of missed #17
6	-1e+09	22	27	28	29	30
7	-0.011522901	-0.011522901	0.010936328	0.007100229	0.0030303418	0.0011497561	-0.011522901
196	0	COMB PPP delta score #1
15	-1e+09	0	0.14758396	0.23412633	0.40836692	0.45070481	0.58184433	0.62723207	0.71969056	0.76800084	0.93151021	1.5600007	1.6866603	1.8353636	2.2368367
16	-0.20798267	0.036570357	0.096163346	0.061645125	0.025518088	-0.051053428	-0.12279032	-0.089775514	-0.045025246	-0.11619244	-0.25765257	-0.28637975	-0.32242616	-0.35806797	-0.4229604	-0.56395457
197	0	COMB PPP delta score #2
19	-1e+09	-0.56675839	-0.17367029	-0.044559717	0.075897217	0.20334482	0.24511242	0.28660345	0.46469474	0.51043272	0.60506845	0.7653532	0.94997263	1.1005082	1.1844172	1.5127571	1.6569623	1.8343611	2.0551085
20	-0.25553354	-0.080209647	-0.093552982	-0.078481562	-0.031383562	-0.047699732	-0.071144398	-0.097102501	-0.1541838	-0.16540791	-0.21737113	-0.1330377	-0.15651405	-0.23559348	-0.29020283	-0.37520489	-0.37045979	-0.40012438	-0.41695798	-0.43473143
198	0	COMB PPP delta score #3
19	-1e+09	-0.54972315	-0.18954349	-0.13244009	-0.027366161	0	0.13164282	0.17313838	0.35199308	0.60355163	0.66042256	0.71803236	0.78047609	0.91664886	1.0724218	1.1596081	1.364704	1.4888362	2.3164611
20	0.21480758	0.30328423	0.36356992	0.34276693	0.30843902	0.34522162	0.29857429	0.31779075	0.30071633	0.31418783	0.30923528	0.34639942	0.30712165	0.28611373	0.27246153	0.27003477	0.25735291	0.26385553	0.11313731	0.12038894
199	0	COMB PPP delta score #4
17	-1e+09	-0.79800248	-0.67383718	-0.21424294	-0.10273099	0.033324003	0.37769818	0.53674698	0.59361196	0.71301651	0.91132236	0.9875958	1.150208	1.2411984	1.5772077	1.8996918	2.1277242
18	0.23309151	0.37956664	0.48520561	0.53108369	0.43427345	0.45929215	0.41710108	0.44230495	0.32942547	0.31017486	0.35635487	0.35275592	0.28148951	0.21609517	0.17832108	0.14666317	0.13973073	0.096402589
200	0	COMB PPP delta score #5
13	-1e+09	-1.388519	-0.54705858	-0.24702477	-0.12596846	0	0.18754768	0.28492808	0.33369398	0.58850121	0.76486254	0.97238445	1.9794142
14	0.10233169	0.10233169	0.20584263	0.18982931	0.19159901	0.15714565	0.087499026	0.14320577	0.18346432	0.18860773	0.15003772	0.099463681	0.10731333	0.10233169
201	0	COMB PPP delta score #6
11	-1e+09	-1.4756866	-1.1588664	-0.82128215	-0.70629919	-0.071563482	0.21447158	0.54187214	0.94805717	1.3308692	2.9993229
12	0.026400757	0.049205315	0.11942592	0.20015339	0.17495484	0.15938333	0.080732323	0.090748605	0.024333124	0.029223754	-0.016515018	0.017999882
202	0	COMB PPP delta score #7
13	-1e+09	-0.76537633	-0.57056522	-0.48630106	-0.088242054	0	0.4728632	0.60187447	0.67156267	1.2008593	1.7409738	1.9135839	2.3209374
14	0.076840567	0.076840567	0.13217709	0.10951789	0.10438978	0.17510659	0.13967851	0.17660473	0.25095039	0.13840022	0.09131625	0.072767927	0.036519278	0.076840567
203	0	COMB PPP dot prod pred-obs top 15
12	-1e+09	0.27948636	0.40384459	0.43609732	0.51007438	0.59414214	0.61937934	0.62828618	0.6862734	0.69506121	0.75449258	0.82415235
13	-0.031134552	-0.031134552	0.086460026	0.03630645	-0.0079085545	0.016646165	-0.0084797893	-0.033527427	-0.04928313	-0.018412425	-0.010094336	-0.039235327	-0.031134552
204	0	COMB PPP dot prod obs-pred top 15
8	-1e+09	0.33548412	0.4344981	0.47643638	0.56713951	0.66652542	0.74231756	0.80208445
9	-0.039185895	-0.047179926	-0.049871162	-0.051463831	0.042977846	0.035958092	0.037550761	-0.032617363	-0.034229886
205	0	COMB PPP dot prod pred-obs top 30
16	-1e+09	0.20809789	0.23901916	0.30322	0.32876244	0.37182716	0.39496303	0.43806043	0.44499221	0.4720313	0.4879863	0.49524695	0.50405228	0.53197187	0.54297566	0.60094845
17	0.060604436	0.025736553	0.0070384639	-0.0058705014	-0.013039855	0.017405785	-0.03478179	-0.040252949	-0.020984138	0.03157688	0.049822532	0.082993882	0.089513114	0.056707443	0.12166625	0.11998328	0.091621583
206	0	COMB PPP dot prod obs-pred top 30
5	-1e+09	0.21766677	0.28190845	0.30911857	0.40992048
6	-0.01433683	-0.039494503	-0.041750164	-0.044225846	-0.018113052	0.047288778
207	0	COMB PPP dot prod pred-obs top 45
16	-1e+09	0.14501275	0.16443409	0.18886735	0.23959735	0.25978041	0.31209055	0.34614512	0.35162246	0.3729881	0.38559538	0.39133257	0.39829034	0.42035174	0.42904666	0.47485542
17	0.0082681081	-0.01498094	-0.013403506	-0.039317665	-0.051665078	-0.067817036	-0.033256262	-0.036858245	-0.024049735	-0.0095328246	0.0037558075	0.030071453	0.03334893	0.005653144	0.032427051	0.030811383	0.018462466
208	0	COMB PPP dot prod obs-pred top 45
6	-1e+09	0.17199521	0.22275747	0.24425827	0.29075974	0.34171268
7	0.0021990608	0.0021990608	-0.0027409137	-0.0088825307	0.00070759532	-0.0013594071	0.0021990608
