1 3 -999999999 -1 -1
1 1 0 -1 -1
0.2319 -0.5081
356
9.77892494e-01
6.91263562e-01
2.86628931e-01
-1.62698664e-01
-7.50514725e-02
-8.24751519e-01
7.45918205e-01
0.00000000e+00
0.00000000e+00
4.22120675e-02
-7.88913349e-02
-3.63263479e-01
6.36072510e-02
-7.81687469e-02
-5.13610739e-01
4.29080822e-01
0.00000000e+00
0.00000000e+00
0.00000000e+00
0.00000000e+00
0.00000000e+00
0.00000000e+00
0.00000000e+00
0.00000000e+00
0.00000000e+00
0.00000000e+00
0.00000000e+00
0.00000000e+00
0.00000000e+00
0.00000000e+00
0.00000000e+00
0.00000000e+00
0.00000000e+00
0.00000000e+00
0.00000000e+00
0.00000000e+00
0.00000000e+00
0.00000000e+00
0.00000000e+00
0.00000000e+00
0.00000000e+00
0.00000000e+00
0.00000000e+00
0.00000000e+00
0.00000000e+00
0.00000000e+00
0.00000000e+00
0.00000000e+00
0.00000000e+00
0.00000000e+00
0.00000000e+00
-3.48590846e-01
-9.94719871e-01
1.03850087e+00
0.00000000e+00
0.00000000e+00
0.00000000e+00
0.00000000e+00
-5.31335523e-01
1.62853712e+00
1.23072629e+00
6.31652050e-01
1.64104258e+00
-9.06681770e-01
6.96026559e-01
-1.87599414e+00
-2.05856741e+00
-3.86079188e-01
-1.19490320e-01
-3.45439446e-02
2.25812488e-01
9.98157841e-01
-1.22209854e-02
-1.05652837e+00
-4.07938038e-01
4.63100488e-03
-6.64470059e-01
5.07163011e-01
3.61244606e-03
-1.04675850e+00
0.00000000e+00
0.00000000e+00
0.00000000e+00
0.00000000e+00
0.00000000e+00
0.00000000e+00
0.00000000e+00
-4.09536487e-01
3.44629622e-01
1.04279936e+00
-8.36836920e-01
-3.89482958e-01
-2.12294518e-01
1.37888779e-01
-6.18140618e-01
-2.31396785e-01
-5.80510849e-01
-2.82690102e-02
1.55701350e-01
-8.80595022e-02
7.63442298e-01
2.20508258e-01
0.00000000e+00
0.00000000e+00
2.67920649e+00
3.21900847e+00
0.00000000e+00
0.00000000e+00
0.00000000e+00
0.00000000e+00
0.00000000e+00
0.00000000e+00
8.15112199e-01
2.86250283e-01
5.84740490e-01
8.35093464e-02
-1.45288989e+00
-2.01803643e+00
1.45678886e+00
9.97281839e-01
0.00000000e+00
0.00000000e+00
0.00000000e+00
-8.90148859e-01
-3.36235276e-01
5.28007820e-02
-2.33991194e-02
-1.21288984e-01
-4.98812403e-01
-4.37684926e-01
4.58996368e+00
4.37187417e+00
4.53482178e+00
4.40822333e+00
4.70306908e+00
3.96994610e+00
0.00000000e+00
3.54134382e-01
-1.49120812e-01
-1.96405909e-02
2.87258630e-02
-2.70066431e-01
-6.12096259e-02
-3.59508439e-01
-4.54277957e-01
-4.43453504e-01
-1.26729734e+00
-8.52158249e-01
0.00000000e+00
0.00000000e+00
0.00000000e+00
0.00000000e+00
-8.76496052e-01
3.78944113e+00
0.00000000e+00
0.00000000e+00
1.85438855e+00
-9.39485681e-02
0.00000000e+00
-6.63520332e-01
-3.90391006e-01
-2.76269208e-01
-1.31092299e+00
-1.30132644e+00
-1.70131400e+00
0.00000000e+00
0.00000000e+00
0.00000000e+00
5.25667587e-01
0.00000000e+00
-1.51676082e+00
3.55242831e-01
3.26320262e+00
1.16156544e+00
1.13699597e+00
6.20349109e-01
7.25881829e-01
0.00000000e+00
-1.00531643e+00
2.38093815e+00
4.85000853e-01
4.77095378e-01
1.28740833e+00
6.93211962e-01
3.14481843e-01
0.00000000e+00
-7.80849978e-01
3.24238199e-01
-5.18130546e-01
0.00000000e+00
0.00000000e+00
0.00000000e+00
9.37621365e-01
0.00000000e+00
1.72466091e+00
1.13657917e+00
-7.75890207e-01
3.85206360e-01
9.33816484e-01
3.85090983e-01
9.96008659e-01
0.00000000e+00
1.01841874e+00
5.80647294e-01
-4.49015581e-01
7.97738994e-01
2.39589367e-01
1.07016183e+00
9.28246024e-01
0.00000000e+00
8.83746399e-01
1.04346258e+00
-1.09794149e+00
-2.34952762e-01
0.00000000e+00
2.66501863e-01
5.70734343e-02
1.67634603e-01
-5.97122576e-02
-3.42875107e-01
1.82813891e-01
0.00000000e+00
0.00000000e+00
0.00000000e+00
-1.19736678e+00
0.00000000e+00
-8.16130524e-01
-9.56765220e-01
9.63341450e-01
-2.24274176e-02
-1.97925486e-01
4.07831771e-01
8.72659279e-02
0.00000000e+00
-2.76204884e-01
-2.77851559e-01
3.14789417e-01
1.50125305e-01
3.31171030e-01
-4.82733668e-01
-3.65892417e-01
0.00000000e+00
2.70772706e-02
-8.68115579e-01
-8.62988725e-01
0.00000000e+00
3.43072901e-01
-1.04239464e-01
-6.03372509e-01
-1.55438244e-01
0.00000000e+00
0.00000000e+00
-7.09941446e-01
1.41572542e-01
1.91142374e-01
-4.88153161e-01
-4.47934265e-01
0.00000000e+00
0.00000000e+00
0.00000000e+00
-1.57759565e+00
0.00000000e+00
0.00000000e+00
0.00000000e+00
6.09391312e-01
-1.77799505e+00
-6.21088650e-01
1.35633715e-01
-8.49387631e-01
9.71053482e-01
1.52158694e+00
1.40509038e-01
-1.36555983e-01
0.00000000e+00
2.19134417e-01
1.96741255e+00
-9.56493341e-01
1.15991510e+00
-1.29855339e+00
7.87441335e-01
4.12764775e-01
0.00000000e+00
3.51362406e-01
8.92863434e-01
1.68484399e-01
0.00000000e+00
0.00000000e+00
0.00000000e+00
2.96640460e-01
0.00000000e+00
7.45751529e-01
8.08964157e-01
1.43734554e-01
-2.00875166e-01
-6.58021739e-03
-6.34136398e-01
8.96456519e-01
0.00000000e+00
4.17215792e-01
3.17665856e-01
6.03145605e-01
-2.62939783e-01
-7.44660066e-01
2.45290229e-01
5.57088252e-01
0.00000000e+00
1.44299694e-01
5.13981826e-01
-5.55231777e-01
-3.58753440e-02
-2.28565224e-01
-3.14924470e-01
-1.18565703e-01
8.53588227e-02
5.02496164e-02
-1.71483783e-01
-9.85447820e-01
0.00000000e+00
0.00000000e+00
0.00000000e+00
9.18217094e-01
0.00000000e+00
-3.38936248e-01
3.27833645e-01
-1.33118439e+00
1.18321699e-01
4.43692970e-01
1.14293727e-01
-7.52901200e-01
0.00000000e+00
-5.92861650e-01
2.34567967e-01
-3.12409216e-01
-2.14563491e-01
0.00000000e+00
6.33143415e-01
-1.07651705e-02
0.00000000e+00
-2.62140955e-02
5.58626994e-02
-5.19356433e-01
2.03895291e+00
2.76370232e-01
-4.38731705e-02
-1.02236387e+00
-2.40393864e-01
1.56425359e-01
2.32470621e-01
3.64152565e-01
2.34487130e-01
7.94690007e-03
-4.82827894e-01
-7.81970006e-01
2.60426811e+00
1.05635142e+00
0.00000000e+00
247
-1.04361808e+00
-7.39302898e-01
-3.04315181e-01
-2.81268362e-01
-4.58034536e-01
0.00000000e+00
0.00000000e+00
0.00000000e+00
0.00000000e+00
0.00000000e+00
0.00000000e+00
0.00000000e+00
0.00000000e+00
0.00000000e+00
0.00000000e+00
0.00000000e+00
0.00000000e+00
0.00000000e+00
0.00000000e+00
0.00000000e+00
0.00000000e+00
0.00000000e+00
0.00000000e+00
0.00000000e+00
0.00000000e+00
0.00000000e+00
0.00000000e+00
0.00000000e+00
0.00000000e+00
0.00000000e+00
0.00000000e+00
0.00000000e+00
0.00000000e+00
0.00000000e+00
0.00000000e+00
0.00000000e+00
0.00000000e+00
0.00000000e+00
0.00000000e+00
0.00000000e+00
0.00000000e+00
-1.87818082e-01
2.85187814e-02
2.01941759e-01
-7.01992386e-03
-1.13903207e+00
1.28595344e-02
8.12903173e-02
-7.16177266e-04
0.00000000e+00
0.00000000e+00
0.00000000e+00
0.00000000e+00
0.00000000e+00
0.00000000e+00
0.00000000e+00
-4.35438048e-01
-7.86864597e-01
1.78684566e-01
1.88946699e+00
3.33128823e+00
0.00000000e+00
0.00000000e+00
0.00000000e+00
0.00000000e+00
0.00000000e+00
0.00000000e+00
-5.77855690e-01
3.21512058e-01
-3.52317151e-01
-5.72266277e-01
-6.17993894e-01
-1.13416411e+00
-6.10302829e-01
0.00000000e+00
0.00000000e+00
0.00000000e+00
0.00000000e+00
0.00000000e+00
-1.35085576e+00
1.51977983e-01
-2.03042040e-01
-3.99081146e-02
-5.90769091e-01
2.07652518e-01
6.07732541e+00
5.73164807e+00
6.03325429e+00
5.61751403e+00
5.86007379e+00
5.36557259e+00
0.00000000e+00
-3.57226109e-01
-4.51614050e-01
-8.40834439e-01
-9.22977100e-01
-1.55875625e+00
0.00000000e+00
5.99614995e-01
3.56005176e-01
1.07582928e+00
0.00000000e+00
0.00000000e+00
0.00000000e+00
-2.54996180e+00
6.12297164e+00
0.00000000e+00
1.50634372e+00
5.33060107e-01
0.00000000e+00
-2.17082712e+00
-8.77731424e-01
-2.05535364e+00
-5.58110763e-01
-1.64596843e+00
-2.93308507e+00
0.00000000e+00
0.00000000e+00
0.00000000e+00
1.62218571e+00
0.00000000e+00
0.00000000e+00
-3.64483928e-01
0.00000000e+00
1.92361137e+00
7.30064482e-01
1.48091120e+00
1.68755338e+00
0.00000000e+00
1.22608644e+00
2.66434606e+00
0.00000000e+00
0.00000000e+00
1.98148567e+00
1.61589389e+00
2.47222363e+00
0.00000000e+00
0.00000000e+00
9.70293238e-01
-1.75282207e+00
-6.37893357e-01
0.00000000e+00
7.04746074e-01
2.51601726e-01
-1.26965997e-01
0.00000000e+00
0.00000000e+00
0.00000000e+00
1.18980846e+00
0.00000000e+00
0.00000000e+00
6.03831507e-01
0.00000000e+00
4.73531757e-01
8.13779397e-01
-1.46844165e-01
0.00000000e+00
0.00000000e+00
4.10220247e-01
1.47088117e-01
0.00000000e+00
0.00000000e+00
0.00000000e+00
6.69844494e-02
-2.05638820e-01
0.00000000e+00
0.00000000e+00
6.89039173e-01
-1.11492872e+00
0.00000000e+00
1.94945012e+00
0.00000000e+00
-1.18026299e+00
-2.39838067e-01
0.00000000e+00
0.00000000e+00
7.55064557e-01
-9.40424925e-01
0.00000000e+00
0.00000000e+00
1.45005538e+00
-2.20407919e+00
0.00000000e+00
0.00000000e+00
0.00000000e+00
7.15212238e-01
-2.53087045e+00
0.00000000e+00
5.53218330e-01
1.84255688e+00
4.26806855e-01
9.74474645e-01
1.57703307e-02
-1.26082624e+00
0.00000000e+00
1.28946903e+00
2.26638054e+00
0.00000000e+00
0.00000000e+00
1.46931193e+00
1.45709369e-01
8.38187727e-01
0.00000000e+00
0.00000000e+00
-4.89881226e-01
-1.22594801e+00
-9.54869345e-01
7.65074548e-01
6.96818245e-01
3.65650353e-01
7.37454282e-01
0.00000000e+00
0.00000000e+00
0.00000000e+00
5.08510361e-01
0.00000000e+00
0.00000000e+00
0.00000000e+00
9.90032707e-01
1.45862201e+00
0.00000000e+00
-7.76664604e-02
1.78024008e+00
0.00000000e+00
0.00000000e+00
2.04148374e-01
0.00000000e+00
0.00000000e+00
-3.79288777e-01
0.00000000e+00
0.00000000e+00
0.00000000e+00
0.00000000e+00
0.00000000e+00
-2.71078670e-01
2.57979604e+00
0.00000000e+00
0.00000000e+00
-9.78131178e-01
3.96758582e-01
-9.94543510e-01
-7.85242006e-01
-8.29407718e-01
-1.37488976e+00
2.45684334e+00
0.00000000e+00
0.00000000e+00
2 -999999999 10 1 -1
1 0 1 1 -1
-4.5646e-01 7.0493e-01
356
-9.36799481e-01
0.00000000e+00
0.00000000e+00
0.00000000e+00
0.00000000e+00
0.00000000e+00
0.00000000e+00
0.00000000e+00
0.00000000e+00
0.00000000e+00
0.00000000e+00
0.00000000e+00
0.00000000e+00
0.00000000e+00
0.00000000e+00
0.00000000e+00
-4.70579006e-01
-4.66220475e-01
-3.58183954e-01
0.00000000e+00
0.00000000e+00
0.00000000e+00
0.00000000e+00
0.00000000e+00
7.85623562e-01
-3.29857483e-01
1.51070176e+00
-6.17689439e-01
-1.40467460e-01
1.25678638e-01
-3.43395132e-01
7.98869452e-01
-1.73566893e+00
-1.63292554e+00
-1.69474154e+00
-1.08684830e+00
-2.75805737e-01
1.52037762e+00
8.78962407e-04
9.11417368e-01
3.68447766e-01
0.00000000e+00
0.00000000e+00
0.00000000e+00
0.00000000e+00
0.00000000e+00
0.00000000e+00
0.00000000e+00
0.00000000e+00
0.00000000e+00
0.00000000e+00
-3.51247814e-01
1.73227931e-01
-7.91239922e-01
0.00000000e+00
0.00000000e+00
0.00000000e+00
0.00000000e+00
-6.07847988e-01
1.33580423e+00
8.39601359e-01
-6.54572538e-01
4.06846439e-01
1.96572281e-01
0.00000000e+00
0.00000000e+00
-2.36492344e-01
2.46872593e+00
5.26890859e-01
-4.96382206e-02
7.76988450e-01
-4.87865036e-01
-1.78811553e-03
-4.12507681e-01
-8.47985514e-01
8.99957614e-03
-5.74614049e-01
-1.27839790e-01
9.84935529e-04
-4.23003011e-01
0.00000000e+00
0.00000000e+00
0.00000000e+00
0.00000000e+00
0.00000000e+00
0.00000000e+00
0.00000000e+00
-1.14867056e+00
-2.24915955e-01
4.36787038e-01
-6.09566609e-01
-1.52804829e-01
-2.85868088e-01
-1.65924044e-01
-1.68126928e-01
-2.10717067e-02
-1.77634657e-01
4.66731798e-01
4.87585580e-01
2.97194235e-01
3.69372612e-01
4.26351526e-02
0.00000000e+00
0.00000000e+00
1.16724161e+00
3.64736174e+00
0.00000000e+00
0.00000000e+00
0.00000000e+00
0.00000000e+00
0.00000000e+00
0.00000000e+00
8.19399105e-01
-3.81415073e-01
3.63321392e-01
-1.41634552e-01
-1.72865008e+00
-1.03506188e+00
6.99210715e-01
2.25502419e+00
0.00000000e+00
0.00000000e+00
0.00000000e+00
0.00000000e+00
-8.59959954e-01
-5.92997060e-02
1.69740208e-01
-9.43080243e-02
-1.13444926e+00
-4.03680343e-01
6.43629131e+00
6.19717470e+00
6.39254573e+00
6.01202684e+00
6.01775780e+00
5.52798965e+00
0.00000000e+00
-4.46292265e-01
-6.40010840e-01
-6.10206200e-01
-2.85866003e-01
-1.55395377e+00
0.00000000e+00
-1.17401782e+00
-5.12698509e-01
5.22032509e-02
0.00000000e+00
-1.63480173e+00
0.00000000e+00
0.00000000e+00
0.00000000e+00
0.00000000e+00
-2.20220414e+00
4.51756668e+00
0.00000000e+00
0.00000000e+00
1.26540466e+00
2.97463482e-01
0.00000000e+00
0.00000000e+00
-8.39747905e-01
-2.12502965e-01
-1.26429319e+00
-9.48668433e-01
-2.10404110e+00
0.00000000e+00
0.00000000e+00
0.00000000e+00
5.44205328e-01
-1.44232689e+00
-3.72435533e-01
3.06695919e-01
2.16052618e+00
1.17452080e+00
9.25873755e-01
2.47822861e-01
9.57181269e-01
0.00000000e+00
-5.27523622e-01
1.73979038e+00
-1.74280392e+00
5.49020352e-01
6.90640156e-01
5.39108455e-01
1.89573704e-01
0.00000000e+00
2.12638088e-01
1.24966108e+00
-1.06633767e+00
0.00000000e+00
0.00000000e+00
0.00000000e+00
7.44904745e-02
3.47486400e-01
-7.23221805e-01
2.72107921e-02
-9.43260876e-01
-2.98261877e-01
-1.26282051e-01
1.13215057e+00
5.23167655e-01
0.00000000e+00
-1.06985885e+00
-1.45159534e+00
0.00000000e+00
2.39493010e-01
1.17588833e+00
4.92110543e-01
1.99194953e-01
0.00000000e+00
-2.40207678e-01
6.96784304e-01
-1.11027747e+00
-3.09928013e-01
0.00000000e+00
6.07164788e-01
7.13511463e-03
5.50220705e-02
-1.31122743e-01
-2.33827340e-01
7.93966104e-01
0.00000000e+00
0.00000000e+00
0.00000000e+00
-9.38526303e-01
3.01777466e-01
9.63523028e-01
8.88238736e-01
1.70790331e-01
1.31792367e+00
-3.91339232e-01
-1.21092161e+00
2.26103941e-01
0.00000000e+00
1.45767450e+00
4.18701495e-01
0.00000000e+00
-8.69833744e-01
-1.70682341e-01
-3.23340440e-01
6.21428968e-01
0.00000000e+00
0.00000000e+00
1.51431360e-01
-8.00349461e-01
0.00000000e+00
9.71185172e-02
-4.97203400e-02
-9.93763621e-01
-5.29819892e-01
0.00000000e+00
0.00000000e+00
5.13579867e-02
1.24086954e-01
2.75444834e-01
-9.29351680e-01
-4.63943729e-01
0.00000000e+00
0.00000000e+00
-5.39771993e-01
-1.16117140e+00
0.00000000e+00
0.00000000e+00
0.00000000e+00
6.95402983e-01
-1.31697639e+00
-9.33550154e-01
4.98848806e-01
5.89485698e-01
3.14514823e-01
6.31110753e-01
1.91633342e-01
1.27975992e+00
0.00000000e+00
2.56433111e-01
2.43025162e+00
-4.07264830e-01
9.06385004e-01
4.49252869e-01
7.43957263e-01
3.29429657e-01
0.00000000e+00
-1.48472657e+00
5.66683694e-01
-8.47266296e-01
0.00000000e+00
0.00000000e+00
0.00000000e+00
-9.28340736e-03
3.63414061e-01
-2.84773084e-01
-7.11115780e-01
3.23812171e-01
-1.02439677e+00
-2.25176611e-01
3.36199753e-01
-1.05457113e+00
0.00000000e+00
1.69943050e-01
-1.60523361e+00
0.00000000e+00
-1.31458933e-02
4.53351076e-01
2.54366851e-01
-9.78091073e-02
0.00000000e+00
8.84369160e-01
5.20465502e-01
-3.05730286e-01
1.13666018e-02
1.41066756e+00
2.98927001e-01
3.25696885e-01
2.50617118e-01
6.06000002e-03
-2.45310516e-01
2.32867904e-01
0.00000000e+00
0.00000000e+00
0.00000000e+00
4.66170204e-01
0.00000000e+00
-6.88555740e-01
-2.87994698e-01
-1.53074346e-01
1.41909521e-01
5.25765593e-01
4.77084674e-01
1.67032693e+00
0.00000000e+00
-1.08835894e+00
3.11443433e-01
0.00000000e+00
6.14878139e-01
-3.65928342e-01
-1.28168638e-01
-3.35847757e-01
0.00000000e+00
0.00000000e+00
-1.30391302e+00
-3.17096888e-01
8.52976716e-01
-3.14491893e-01
1.70520103e-01
-8.55441111e-01
-2.23869567e-01
1.31619902e+00
-1.53665807e-02
6.63936779e-01
8.10553978e-01
1.49687720e-01
-1.18411126e+00
-6.31571545e-01
8.45866449e-01
1.78541550e-01
6.77443512e-01
247
-7.97649012e-01
0.00000000e+00
0.00000000e+00
0.00000000e+00
0.00000000e+00
0.00000000e+00
0.00000000e+00
0.00000000e+00
0.00000000e+00
0.00000000e+00
0.00000000e+00
0.00000000e+00
0.00000000e+00
0.00000000e+00
-3.85824854e-01
-4.11824158e-01
-2.90014149e-01
-9.58107049e-02
0.00000000e+00
0.00000000e+00
0.00000000e+00
0.00000000e+00
0.00000000e+00
0.00000000e+00
0.00000000e+00
0.00000000e+00
0.00000000e+00
-6.65374002e-01
0.00000000e+00
6.28500356e-01
-1.29387436e+00
3.77856202e-01
-3.99406302e-02
-1.73491306e-01
0.00000000e+00
0.00000000e+00
0.00000000e+00
0.00000000e+00
0.00000000e+00
0.00000000e+00
0.00000000e+00
-5.48432716e-01
7.73408939e-03
-6.27188843e-01
2.99038650e-03
-1.39764369e-01
1.03096064e-02
5.17736915e-01
3.64862370e-03
0.00000000e+00
0.00000000e+00
0.00000000e+00
0.00000000e+00
0.00000000e+00
0.00000000e+00
0.00000000e+00
-1.08663704e+00
5.93594291e-02
2.29628601e-01
1.07057383e+00
2.82546321e+00
0.00000000e+00
0.00000000e+00
0.00000000e+00
0.00000000e+00
0.00000000e+00
0.00000000e+00
3.30313197e-01
2.83333578e-01
6.86609448e-01
2.77373227e-01
-1.41412948e+00
-2.03172281e+00
7.93296390e-01
8.19021411e-01
0.00000000e+00
0.00000000e+00
0.00000000e+00
-8.97991904e-01
5.87799842e-02
1.26093177e-01
-3.66011330e-01
-3.82019634e-01
-8.08764117e-01
-1.07224919e+00
4.84048082e+00
4.71416903e+00
4.43309755e+00
4.35553544e+00
5.04873480e+00
3.67848069e+00
2.17985663e-01
3.39293573e-01
3.13032944e-01
1.72886064e-01
7.15693686e-01
1.57898977e-01
-1.85002715e-01
-6.44371698e-01
-3.96154426e-01
-3.35956066e-01
-8.87465652e-01
-4.78203404e-01
0.00000000e+00
-1.17894111e+00
2.76856365e+00
0.00000000e+00
3.81292098e-01
4.16552015e-01
0.00000000e+00
0.00000000e+00
-9.10743975e-01
-9.57478872e-01
-7.41840562e-01
-3.17390295e-01
-1.86822285e+00
0.00000000e+00
0.00000000e+00
0.00000000e+00
3.95301132e-01
-8.19454537e-01
-7.38965333e-01
6.83030270e-01
1.58098712e+00
4.44853410e-01
1.07566376e+00
-9.08676033e-01
8.59168461e-01
0.00000000e+00
-8.24837925e-01
1.23600655e+00
-4.27273188e-01
9.47447840e-02
5.40910324e-01
7.05482411e-01
-7.82482830e-02
0.00000000e+00
-1.22428363e+00
4.28967709e-01
-6.88880615e-01
-1.69415249e-02
0.00000000e+00
4.07834866e-01
1.79591727e-02
-8.03836637e-01
0.00000000e+00
0.00000000e+00
0.00000000e+00
3.50442238e-01
0.00000000e+00
-4.62658561e-01
-5.58657718e-01
0.00000000e+00
2.85339809e-01
1.66379758e-02
4.64101933e-01
3.25553318e-01
0.00000000e+00
1.81165419e-01
-1.96490436e-01
2.88856271e-01
8.47179719e-02
-7.86253559e-01
-3.61482002e-03
-7.50668051e-02
0.00000000e+00
8.64285417e-01
-8.86463769e-01
-6.71939090e-01
0.00000000e+00
3.40898022e-01
4.22520400e-02
-1.17934223e+00
-8.93802450e-01
0.00000000e+00
0.00000000e+00
5.20582546e-01
-2.85539782e-01
0.00000000e+00
0.00000000e+00
2.76124923e-01
-1.05923086e+00
0.00000000e+00
0.00000000e+00
0.00000000e+00
6.44834041e-01
-1.30203356e+00
1.37858247e-01
8.09242376e-01
-1.07166405e+00
9.53454452e-01
9.91279974e-01
-8.97871239e-01
1.69854237e-02
0.00000000e+00
-2.39379326e-01
2.22842560e+00
-6.68644378e-01
9.71133605e-01
-2.63934787e+00
8.99801655e-01
1.52101877e+00
0.00000000e+00
-5.04348580e-01
1.10062465e+00
-3.52906672e-01
6.10627947e-02
2.35596260e+00
1.27309123e+00
7.92677414e-01
-3.38778612e-01
0.00000000e+00
0.00000000e+00
0.00000000e+00
-4.82106837e-02
0.00000000e+00
4.58991290e-01
-4.15387083e-01
1.43308342e+00
5.88534706e-01
4.21920887e-01
2.76926357e-01
-7.30308737e-01
0.00000000e+00
1.10400968e+00
-2.49825888e-01
0.00000000e+00
8.06090229e-02
0.00000000e+00
5.17022101e-01
-4.57640856e-01
0.00000000e+00
3.25192098e-01
2.25832994e-01
-4.13969466e-01
6.07141866e-01
7.84677137e-02
3.57201546e-01
-7.06324186e-01
-8.02903357e-01
2.32859324e+00
1.06203443e+00
-5.40658568e-01
9.65791710e-02
5.75516653e-01
-6.45596319e-01
-2.50309661e-01
0 -999999999 7 1 2
1 0 1 1 1
-8.2912e-01 5.2740e-01
356
-5.22004763e-02
0.00000000e+00
0.00000000e+00
0.00000000e+00
0.00000000e+00
0.00000000e+00
0.00000000e+00
0.00000000e+00
0.00000000e+00
0.00000000e+00
0.00000000e+00
0.00000000e+00
0.00000000e+00
0.00000000e+00
0.00000000e+00
0.00000000e+00
1.47221559e+00
-1.52441606e+00
-4.61312007e-01
-7.54589189e-01
3.55548168e-01
-9.77416279e-01
0.00000000e+00
0.00000000e+00
4.11643650e-01
-7.94319724e-01
-4.32625604e-01
2.20410557e-01
1.33172441e-01
-1.84589392e-01
-4.09895056e-01
-3.91298268e-01
3.39097791e-01
-1.26645739e+00
-2.23284882e-01
-6.00277976e-01
1.21876843e-01
9.91547280e-01
-7.58313897e-01
-1.16388162e-01
7.49718359e-01
-6.10025467e-01
0.00000000e+00
-1.33457109e+00
2.11260025e+00
2.30047957e+00
5.60351871e-01
9.61263983e-02
-6.07211121e-01
6.28419222e-01
3.01265586e+00
2.30597697e-01
-1.23781996e+00
-3.27647313e-01
0.00000000e+00
0.00000000e+00
0.00000000e+00
0.00000000e+00
7.24545303e-01
3.04589462e-01
5.87859524e-01
1.35235613e+00
0.00000000e+00
0.00000000e+00
0.00000000e+00
0.00000000e+00
0.00000000e+00
0.00000000e+00
4.50357740e-01
-9.56323181e-02
1.94248891e+00
-1.53243104e+00
3.36386124e-02
2.71232447e-01
1.15090252e+00
-3.47957015e-02
-8.90879405e-01
-1.21029699e-01
9.91988248e-03
-2.11756131e+00
0.00000000e+00
0.00000000e+00
0.00000000e+00
0.00000000e+00
0.00000000e+00
0.00000000e+00
0.00000000e+00
1.13499463e-01
6.82130453e-01
-8.47830392e-01
0.00000000e+00
0.00000000e+00
0.00000000e+00
0.00000000e+00
9.65938265e-01
-1.34180211e+00
0.00000000e+00
0.00000000e+00
0.00000000e+00
0.00000000e+00
3.07806599e-01
6.25940864e-02
0.00000000e+00
0.00000000e+00
2.43607373e+00
5.72684784e+00
0.00000000e+00
0.00000000e+00
0.00000000e+00
0.00000000e+00
0.00000000e+00
0.00000000e+00
1.86883364e+00
1.39806387e-01
-1.00393159e-01
-3.52993275e-01
-2.81230895e+00
-1.23121885e+00
5.46316868e+00
0.00000000e+00
0.00000000e+00
0.00000000e+00
0.00000000e+00
0.00000000e+00
1.96958804e+00
2.28740626e+00
2.62107203e+00
2.90311513e+00
0.00000000e+00
0.00000000e+00
0.00000000e+00
4.58502940e+00
5.15593147e+00
5.38610532e+00
7.29457761e+00
6.70391743e+00
0.00000000e+00
0.00000000e+00
0.00000000e+00
0.00000000e+00
1.75565847e-01
-1.29175956e+00
0.00000000e+00
0.00000000e+00
0.00000000e+00
-9.02104257e-01
0.00000000e+00
0.00000000e+00
0.00000000e+00
0.00000000e+00
0.00000000e+00
0.00000000e+00
-2.42758391e+00
5.45906201e+00
0.00000000e+00
0.00000000e+00
2.37538343e+00
-3.03793313e+00
0.00000000e+00
-2.25461028e+00
-9.98699810e-01
-2.12197676e+00
-1.48957440e+00
-1.40246127e+00
-2.48827421e+00
0.00000000e+00
0.00000000e+00
0.00000000e+00
4.47041494e-01
0.00000000e+00
0.00000000e+00
3.09314481e+00
2.94357272e+00
4.15932220e+00
2.80913844e-01
0.00000000e+00
2.73608483e+00
0.00000000e+00
0.00000000e+00
6.50099943e+00
0.00000000e+00
2.74814644e+00
4.10298316e+00
8.54540731e-01
0.00000000e+00
0.00000000e+00
0.00000000e+00
2.22992324e+00
-2.59635495e-01
0.00000000e+00
0.00000000e+00
0.00000000e+00
0.00000000e+00
0.00000000e+00
0.00000000e+00
-3.13981576e-01
5.45519396e-01
-1.67897983e+00
6.96997090e-01
0.00000000e+00
-9.76931906e-01
0.00000000e+00
0.00000000e+00
-1.64787800e+00
0.00000000e+00
0.00000000e+00
0.00000000e+00
-4.15119811e-01
0.00000000e+00
0.00000000e+00
0.00000000e+00
0.00000000e+00
-1.38904381e+00
-5.48114602e-01
0.00000000e+00
0.00000000e+00
1.02616155e+00
-6.93161582e-01
2.03589529e-01
-5.85425484e-02
1.25842360e+00
0.00000000e+00
0.00000000e+00
0.00000000e+00
0.00000000e+00
0.00000000e+00
0.00000000e+00
-2.11254132e+00
-5.13847512e-01
1.61840670e+00
-5.25318848e+00
0.00000000e+00
0.00000000e+00
0.00000000e+00
0.00000000e+00
-2.17923047e+00
0.00000000e+00
0.00000000e+00
0.00000000e+00
-3.42692563e-01
0.00000000e+00
0.00000000e+00
0.00000000e+00
0.00000000e+00
-8.40929206e-01
0.00000000e+00
6.07633071e-01
5.23343869e-01
-1.09923040e+00
-4.50585208e-01
0.00000000e+00
0.00000000e+00
0.00000000e+00
0.00000000e+00
0.00000000e+00
-5.46587048e-01
-6.48645190e-01
0.00000000e+00
0.00000000e+00
0.00000000e+00
-3.52443803e+00
0.00000000e+00
0.00000000e+00
0.00000000e+00
2.29089652e+00
0.00000000e+00
0.00000000e+00
0.00000000e+00
0.00000000e+00
0.00000000e+00
2.87290696e+00
0.00000000e+00
2.24259347e+00
0.00000000e+00
0.00000000e+00
3.04583311e+00
0.00000000e+00
0.00000000e+00
0.00000000e+00
3.13377000e+00
0.00000000e+00
0.00000000e+00
0.00000000e+00
2.29189070e+00
4.41214032e-01
0.00000000e+00
0.00000000e+00
0.00000000e+00
0.00000000e+00
0.00000000e+00
0.00000000e+00
0.00000000e+00
0.00000000e+00
0.00000000e+00
0.00000000e+00
0.00000000e+00
0.00000000e+00
0.00000000e+00
0.00000000e+00
-1.59227567e+00
0.00000000e+00
0.00000000e+00
0.00000000e+00
-4.37617750e-01
0.00000000e+00
0.00000000e+00
0.00000000e+00
0.00000000e+00
-7.42599271e-01
3.05618132e-01
0.00000000e+00
2.89096303e+00
2.71793650e+00
5.07400536e-01
-2.55499820e-01
5.37174161e-02
3.44504632e-01
0.00000000e+00
0.00000000e+00
0.00000000e+00
0.00000000e+00
0.00000000e+00
0.00000000e+00
0.00000000e+00
0.00000000e+00
0.00000000e+00
0.00000000e+00
0.00000000e+00
0.00000000e+00
0.00000000e+00
0.00000000e+00
1.33686387e+00
0.00000000e+00
0.00000000e+00
0.00000000e+00
1.52947972e+00
0.00000000e+00
0.00000000e+00
0.00000000e+00
0.00000000e+00
-1.04821740e+00
2.42856924e+00
3.91164334e+00
2.25696195e+00
0.00000000e+00
0.00000000e+00
0.00000000e+00
0.00000000e+00
0.00000000e+00
0.00000000e+00
0.00000000e+00
0.00000000e+00
0.00000000e+00
0.00000000e+00
0.00000000e+00
0.00000000e+00
247
-6.74997362e-01
0.00000000e+00
0.00000000e+00
0.00000000e+00
0.00000000e+00
0.00000000e+00
0.00000000e+00
0.00000000e+00
0.00000000e+00
-1.31027619e+00
0.00000000e+00
0.00000000e+00
0.00000000e+00
0.00000000e+00
-3.71966370e-01
-3.03030991e-01
-3.50982943e-01
-2.09834278e-02
7.89692347e-01
4.19064045e-01
0.00000000e+00
0.00000000e+00
0.00000000e+00
-2.56447613e-01
-2.49093481e-01
3.84501359e-02
-5.87335318e-02
2.95739358e-01
-9.70736720e-01
2.26742735e+00
-1.97168800e+00
0.00000000e+00
-4.58201826e-01
-6.35839517e-01
-6.74997362e-01
0.00000000e+00
-6.40957223e-01
-3.40401391e-02
-1.10507596e+00
8.58230315e-03
1.92678121e-01
2.11858017e+00
-9.63998021e-02
-1.33665342e-01
1.60965840e-03
-6.65213687e-01
-4.40126164e-03
-1.99469850e+00
8.77386497e-03
0.00000000e+00
0.00000000e+00
0.00000000e+00
0.00000000e+00
0.00000000e+00
0.00000000e+00
0.00000000e+00
-6.10531108e-01
1.81158227e-01
-2.45624481e-01
1.51687829e+00
4.18537209e+00
0.00000000e+00
0.00000000e+00
0.00000000e+00
0.00000000e+00
0.00000000e+00
0.00000000e+00
2.03973409e+00
-5.13723550e-01
-8.04926713e-02
-6.75159542e-01
-2.01946290e+00
-9.42771074e-01
1.52595550e+00
0.00000000e+00
0.00000000e+00
0.00000000e+00
0.00000000e+00
0.00000000e+00
7.25835808e-01
1.23284742e+00
1.94923669e+00
1.67244752e+00
0.00000000e+00
0.00000000e+00
0.00000000e+00
3.62527489e+00
3.51501813e+00
4.72811998e+00
5.52266652e+00
5.16668922e+00
0.00000000e+00
1.34939821e+00
0.00000000e+00
-1.24368318e-02
8.81152247e-01
-6.93410535e-01
0.00000000e+00
0.00000000e+00
0.00000000e+00
7.81842576e-01
0.00000000e+00
-1.05906486e+00
0.00000000e+00
-9.29133382e-01
4.44182828e+00
0.00000000e+00
2.54136020e-01
-6.85480900e-01
0.00000000e+00
-2.25806274e+00
-1.07627186e+00
-1.11560379e+00
-1.15983243e+00
-1.44247429e+00
-2.19187565e+00
0.00000000e+00
0.00000000e+00
0.00000000e+00
1.08225480e+00
0.00000000e+00
0.00000000e+00
2.58954292e+00
2.50950391e+00
2.04647995e+00
2.58193045e+00
0.00000000e+00
3.00318668e+00
0.00000000e+00
-5.07323562e-01
4.16536708e+00
0.00000000e+00
2.06404206e+00
2.46275622e+00
3.09109978e+00
0.00000000e+00
0.00000000e+00
0.00000000e+00
2.11541727e+00
-9.60439346e-01
-5.53485681e-01
0.00000000e+00
-1.21512917e-01
1.80245572e-01
-6.47650443e-01
0.00000000e+00
0.00000000e+00
0.00000000e+00
-5.85273844e-01
0.00000000e+00
0.00000000e+00
1.06867785e+00
1.53045762e+00
6.36954589e-01
2.46673594e-01
0.00000000e+00
5.32696842e-01
0.00000000e+00
0.00000000e+00
9.95347078e-01
0.00000000e+00
3.82511379e-01
0.00000000e+00
-1.25160877e-01
0.00000000e+00
0.00000000e+00
0.00000000e+00
0.00000000e+00
-4.06953665e-01
0.00000000e+00
-1.28866621e+00
-4.07886693e-01
-1.23143630e+00
-5.22786179e-01
0.00000000e+00
0.00000000e+00
0.00000000e+00
-7.08650124e-01
0.00000000e+00
0.00000000e+00
0.00000000e+00
-2.60230672e+00
0.00000000e+00
0.00000000e+00
0.00000000e+00
3.44192786e+00
0.00000000e+00
0.00000000e+00
0.00000000e+00
0.00000000e+00
0.00000000e+00
2.82494508e+00
1.59211452e+00
2.22465379e+00
0.00000000e+00
0.00000000e+00
4.67674059e+00
0.00000000e+00
0.00000000e+00
0.00000000e+00
4.01245219e+00
0.00000000e+00
0.00000000e+00
0.00000000e+00
2.97179053e+00
-7.91925761e-01
4.56798360e-01
-4.64011148e-01
7.71436716e-01
-3.05919894e-01
2.95544173e-01
0.00000000e+00
0.00000000e+00
0.00000000e+00
-9.73794910e-02
0.00000000e+00
0.00000000e+00
0.00000000e+00
0.00000000e+00
0.00000000e+00
0.00000000e+00
0.00000000e+00
1.94944706e+00
0.00000000e+00
0.00000000e+00
-1.65260610e+00
0.00000000e+00
0.00000000e+00
0.00000000e+00
-9.94222337e-01
0.00000000e+00
0.00000000e+00
0.00000000e+00
0.00000000e+00
-1.24872412e+00
9.64884780e-01
2.32074394e+00
1.37081706e+00
-1.81038096e+00
0.00000000e+00
0.00000000e+00
0.00000000e+00
0.00000000e+00
-1.93750168e-01
7.26979371e-01
0.00000000e+00
0.00000000e+00
6 2
-3.3181e-01 2.4752e-01
3 -1
1 2 0 
217
1.67686164e-01
1.17444687e-01
-2.22421937e-01
-2.42717102e-01
-6.15109210e-01
5.32853736e-01
1.75863482e-01
7.30161412e-01
5.88281401e-01
3.85379702e-02
4.53002541e-02
-2.79195603e-01
0.00000000e+00
0.00000000e+00
2.71942267e-01
-8.18414414e-02
1.40426605e+00
-1.25960754e-01
1.03204544e-02
5.14868428e-01
1.11501143e-01
1.09283456e-02
9.12675099e-02
-8.97964923e-02
-2.11333163e-04
3.53249904e-01
0.00000000e+00
0.00000000e+00
0.00000000e+00
0.00000000e+00
0.00000000e+00
0.00000000e+00
0.00000000e+00
-6.28804301e-01
6.56669710e-02
7.30823495e-01
0.00000000e+00
-3.50677214e-01
1.63204522e-01
3.55158857e-01
0.00000000e+00
0.00000000e+00
0.00000000e+00
0.00000000e+00
0.00000000e+00
1.10080436e-01
-2.55699286e-01
4.92185541e-01
-2.05058365e-01
-3.59975297e-01
3.09942776e-02
3.55158857e-01
0.00000000e+00
0.00000000e+00
0.00000000e+00
0.00000000e+00
0.00000000e+00
0.00000000e+00
0.00000000e+00
0.00000000e+00
2.61778377e-02
-2.05058365e-01
3.46566692e-01
2.29520934e-01
-6.59284307e-01
-9.04292752e-01
7.79092563e-01
-1.15212211e+00
-1.81643026e-01
5.92388526e-01
0.00000000e+00
4.96526088e-01
-1.44824530e+00
-1.35563694e-01
4.26333384e-01
7.58203083e-01
-1.95643518e-01
1.69092604e-01
1.77474087e-01
1.23718642e-01
-1.71317180e-01
-1.02271354e-01
-7.56334730e-03
-1.26896615e-01
0.00000000e+00
0.00000000e+00
0.00000000e+00
0.00000000e+00
0.00000000e+00
0.00000000e+00
0.00000000e+00
0.00000000e+00
0.00000000e+00
0.00000000e+00
0.00000000e+00
0.00000000e+00
0.00000000e+00
0.00000000e+00
0.00000000e+00
0.00000000e+00
0.00000000e+00
0.00000000e+00
0.00000000e+00
0.00000000e+00
0.00000000e+00
0.00000000e+00
0.00000000e+00
0.00000000e+00
0.00000000e+00
0.00000000e+00
0.00000000e+00
0.00000000e+00
0.00000000e+00
0.00000000e+00
0.00000000e+00
0.00000000e+00
0.00000000e+00
0.00000000e+00
0.00000000e+00
-4.49934861e-02
-1.21647489e+00
-1.23639431e+00
0.00000000e+00
0.00000000e+00
0.00000000e+00
7.08548246e-01
-1.38335549e-01
-9.79247986e-02
1.28985969e+00
3.46096383e-01
-5.55902248e-01
1.22977092e+00
-7.96901611e-01
4.97861817e-01
0.00000000e+00
-1.12563440e-01
2.29212963e+00
-1.80489621e-01
2.41043654e-01
-1.80984428e-02
9.64628711e-01
7.37288235e-01
-1.75829060e-01
-3.67179763e-02
3.05784263e-01
-9.16141625e-01
0.00000000e+00
0.00000000e+00
0.00000000e+00
8.09256389e-01
-1.92246128e-01
6.18713590e-01
6.05919263e-01
2.91704898e-02
1.63486837e+00
7.68772762e-01
1.50306694e+00
8.59169122e-01
0.00000000e+00
1.04531986e+00
2.27712647e-01
-7.05784121e-02
6.62195989e-01
9.33319084e-01
9.87813823e-01
6.84840841e-01
-2.83400673e-01
4.71055534e-01
1.08820580e+00
-1.12199110e+00
0.00000000e+00
0.00000000e+00
0.00000000e+00
-2.31035020e-01
2.00571210e-02
1.16329286e-01
9.98904528e-02
2.69650519e-01
-5.25405621e-01
1.47540966e+00
-4.78362667e-01
-5.11789855e-01
0.00000000e+00
-4.60642767e-01
2.14778927e+00
-1.40449811e-01
4.80805233e-01
8.20561578e-01
2.33351288e-01
1.03817862e-01
-4.92801724e-04
-2.11591350e-02
5.58674440e-01
-9.99082268e-01
0.00000000e+00
0.00000000e+00
0.00000000e+00
7.70146450e-01
6.45474030e-01
2.68715532e-01
9.10796344e-01
-1.25351010e-01
7.05324281e-01
1.54838681e-01
1.16322806e-01
9.09671129e-01
0.00000000e+00
6.32636532e-01
5.26022534e-01
-2.89341728e-01
5.08548670e-01
3.38830793e-01
9.24441112e-01
6.94133811e-01
-1.50999742e-03
1.60731193e-01
6.29815881e-01
136
2.48514722e-01
2.82865494e-01
-1.65068789e-02
4.47951772e-01
-2.56013495e-03
-5.37084833e-03
-3.92828040e-03
-4.76931696e-01
-4.27561257e-04
0.00000000e+00
0.00000000e+00
0.00000000e+00
0.00000000e+00
0.00000000e+00
0.00000000e+00
0.00000000e+00
-8.58739208e-02
1.09767392e-01
2.24621250e-01
4.47930362e-01
-8.11022498e-02
-2.29423583e-01
1.11110193e-01
0.00000000e+00
0.00000000e+00
0.00000000e+00
0.00000000e+00
4.47930362e-01
1.78099413e-01
-4.99948660e-01
7.47709775e-02
2.40746996e-01
-3.37292716e-01
3.30981551e-02
1.11110193e-01
0.00000000e+00
0.00000000e+00
0.00000000e+00
0.00000000e+00
0.00000000e+00
0.00000000e+00
0.00000000e+00
0.00000000e+00
0.00000000e+00
0.00000000e+00
0.00000000e+00
4.88121068e-01
-2.66294215e-01
5.98411687e-01
4.85585212e-02
-1.47378038e+00
0.00000000e+00
1.04216881e+00
-4.74921056e-02
5.18896126e-01
-1.37155976e+00
2.34184088e-01
-3.33319953e-02
-8.00365723e-01
3.48373885e-01
-7.69142045e-01
2.40746996e-01
-2.47078269e-01
0.00000000e+00
0.00000000e+00
0.00000000e+00
0.00000000e+00
0.00000000e+00
0.00000000e+00
0.00000000e+00
0.00000000e+00
0.00000000e+00
0.00000000e+00
0.00000000e+00
0.00000000e+00
0.00000000e+00
0.00000000e+00
0.00000000e+00
0.00000000e+00
0.00000000e+00
0.00000000e+00
0.00000000e+00
0.00000000e+00
0.00000000e+00
0.00000000e+00
0.00000000e+00
2.38839447e-01
-1.36562468e+00
-1.84854718e+00
0.00000000e+00
0.00000000e+00
0.00000000e+00
1.67719726e+00
-1.28061019e+00
3.72959920e-01
1.22685245e+00
1.73753500e-01
1.40636361e+00
1.90372450e+00
5.76580540e-01
1.24950346e+00
0.00000000e+00
5.54904631e-01
2.19563659e+00
-1.08587846e+00
8.51909563e-01
1.46857686e+00
1.59984170e+00
1.45695080e+00
-5.16560222e-01
-4.85803512e-01
1.60016803e+00
-2.14304004e+00
0.00000000e+00
0.00000000e+00
0.00000000e+00
5.90166485e-01
-9.64411690e-02
-3.92512244e-01
7.00688510e-01
-2.61287444e-01
1.91946583e-01
1.17681096e+00
1.27543110e-01
-5.48061327e-01
0.00000000e+00
3.71192779e-02
2.82260987e+00
-1.63548791e+00
8.41876448e-01
5.87069732e-01
7.04076834e-01
7.97268319e-01
-7.88005148e-03
-5.20159436e-01
9.70861772e-01
3 1
-1.1053e+00 1.6569e-01
4 0
1 2 0 6 
217
1.57672827e+00
9.36763305e-01
-1.31285899e+00
2.47646310e-01
2.96292663e+00
1.23991737e+00
1.88236130e+00
5.38553100e+00
0.00000000e+00
0.00000000e+00
0.00000000e+00
0.00000000e+00
0.00000000e+00
0.00000000e+00
3.64338409e+00
-2.09921206e-01
8.70466927e-01
-9.52735342e-01
3.08411329e-02
7.55488969e-01
2.74782285e-02
-1.00756476e-02
6.89593999e-01
-1.14139870e+00
-2.61582598e-03
-4.59363985e-01
0.00000000e+00
0.00000000e+00
0.00000000e+00
0.00000000e+00
0.00000000e+00
0.00000000e+00
0.00000000e+00
9.53127327e-01
4.93802977e-01
1.29797971e-01
0.00000000e+00
1.69078397e+00
8.93987187e-01
-9.55689121e-01
-5.23537618e-02
0.00000000e+00
0.00000000e+00
0.00000000e+00
0.00000000e+00
3.33554769e-01
0.00000000e+00
2.04575847e-01
0.00000000e+00
-1.22342559e+00
0.00000000e+00
2.47464569e+00
0.00000000e+00
-1.79742460e+00
0.00000000e+00
2.72909135e-01
0.00000000e+00
-6.68507699e-02
0.00000000e+00
-5.23537618e-02
5.61001353e-01
0.00000000e+00
-1.52198887e+00
0.00000000e+00
-1.42310638e+00
-3.27168380e-01
9.84820689e-01
-3.30716767e-01
-8.39189974e-01
1.29760302e-01
0.00000000e+00
1.73195689e-01
0.00000000e+00
6.19251304e-01
2.35296475e-03
1.17390737e+00
-1.06335060e+00
0.00000000e+00
-2.38556567e-01
3.94051629e-02
-1.02312053e+00
5.42110212e-01
-1.58052939e+00
-3.31610803e+00
0.00000000e+00
5.09591809e-01
6.94889055e-01
2.24541870e+00
-1.17241082e-01
0.00000000e+00
0.00000000e+00
0.00000000e+00
0.00000000e+00
0.00000000e+00
0.00000000e+00
0.00000000e+00
0.00000000e+00
0.00000000e+00
0.00000000e+00
0.00000000e+00
0.00000000e+00
0.00000000e+00
0.00000000e+00
0.00000000e+00
0.00000000e+00
0.00000000e+00
0.00000000e+00
0.00000000e+00
0.00000000e+00
0.00000000e+00
0.00000000e+00
0.00000000e+00
0.00000000e+00
0.00000000e+00
0.00000000e+00
0.00000000e+00
0.00000000e+00
0.00000000e+00
0.00000000e+00
2.22236762e-01
-2.55424931e+00
-2.22857557e+00
0.00000000e+00
0.00000000e+00
0.00000000e+00
9.54853724e-01
-8.89978593e-02
0.00000000e+00
5.83884863e+00
2.91180597e+00
4.82280543e+00
-1.91269457e-03
-6.13525989e-03
2.29517622e+00
0.00000000e+00
0.00000000e+00
2.54281480e+00
-2.48849404e-02
-1.43239457e-02
-2.03483528e-03
1.56919815e+00
-4.30589257e-03
-2.74087543e-02
-1.98683037e-02
-2.22223782e-01
-1.98787776e+00
0.00000000e+00
0.00000000e+00
0.00000000e+00
1.34022668e+00
-4.25772771e-02
0.00000000e+00
-2.41723723e+00
-8.05678824e-01
-1.63235944e+00
-1.82303131e-03
-5.66240153e-03
1.34357386e+00
0.00000000e+00
0.00000000e+00
1.49632820e+00
-1.02743066e-02
-2.41282465e-03
-9.97061302e-04
1.68070537e+00
-4.96909183e-03
-1.38394975e-02
-1.51955575e-02
6.31691389e+00
-3.80758431e+00
0.00000000e+00
0.00000000e+00
0.00000000e+00
2.90538959e+00
0.00000000e+00
-3.33525044e-02
-1.23150048e-02
-1.61765224e-01
-3.30481670e-03
-4.01538350e-03
-2.54704709e-01
1.60217812e+00
0.00000000e+00
-3.19524324e-02
2.54806626e+00
-3.10698510e-02
-7.79843174e-03
-2.39014056e-03
3.18438495e+00
0.00000000e+00
0.00000000e+00
-2.87159357e-02
1.59750920e+00
-3.26627384e+00
0.00000000e+00
0.00000000e+00
0.00000000e+00
-2.60703580e+00
0.00000000e+00
-4.06811608e-02
-1.13608839e-02
-1.24183386e-01
-2.44910912e-03
-3.90298996e-03
1.84249270e+00
9.52115503e-01
0.00000000e+00
-2.42673353e-02
3.49071604e+00
-1.33134616e-02
-9.75912490e-03
-2.25004120e-03
1.09285810e+00
0.00000000e+00
0.00000000e+00
-1.46264690e-02
3.45435556e+00
136
-1.63098779e-01
1.62195667e+00
-8.30493139e-02
-3.61262715e-01
5.73210031e-03
7.64773118e-02
-1.20818582e-02
-1.50027005e+00
-1.96965591e-03
0.00000000e+00
0.00000000e+00
0.00000000e+00
0.00000000e+00
0.00000000e+00
0.00000000e+00
0.00000000e+00
4.41990544e-01
1.16051308e-01
-7.21140631e-01
1.12882177e-01
7.72958786e-02
-3.29959778e-01
-8.10346815e-02
5.77176238e-02
0.00000000e+00
0.00000000e+00
0.00000000e+00
1.12882177e-01
-6.28971267e-01
3.02271939e-01
-4.73595420e-01
4.03995207e-01
-6.26321612e-02
1.90111137e-01
1.21596996e+00
0.00000000e+00
1.44339342e-01
3.20466786e-01
-4.88657991e-01
-4.48649462e-01
-3.10997771e-01
-4.97348875e-01
5.77176238e-02
0.00000000e+00
0.00000000e+00
0.00000000e+00
-5.93287648e-02
4.43057674e-01
1.28821834e-01
2.24433869e-01
-3.72681520e-01
0.00000000e+00
4.21130264e-01
8.51851748e-02
1.64212780e-01
-2.40157659e-02
0.00000000e+00
1.02578803e+00
3.10176805e-01
2.09004703e-01
-2.59325889e-01
-4.46542547e-02
2.59736819e-01
4.34800993e-01
7.62629955e-02
-3.99004753e-02
0.00000000e+00
0.00000000e+00
0.00000000e+00
0.00000000e+00
0.00000000e+00
0.00000000e+00
0.00000000e+00
0.00000000e+00
0.00000000e+00
0.00000000e+00
0.00000000e+00
0.00000000e+00
0.00000000e+00
0.00000000e+00
0.00000000e+00
0.00000000e+00
0.00000000e+00
0.00000000e+00
0.00000000e+00
0.00000000e+00
8.96336112e-01
-1.64911263e+00
-3.47304775e+00
0.00000000e+00
0.00000000e+00
0.00000000e+00
2.58055808e+00
-8.66710255e-02
1.21377307e+00
4.02909911e+00
3.07371712e+00
3.82417906e+00
3.05851773e+00
9.40591101e-01
3.98738394e+00
0.00000000e+00
1.88252685e+00
5.04201711e+00
-3.25454564e-01
3.29878095e+00
3.22945767e+00
3.58065058e+00
1.62310033e+00
-1.65938085e-01
-2.59228127e-01
2.35119780e+00
-4.87384783e+00
0.00000000e+00
0.00000000e+00
0.00000000e+00
2.88852746e+00
3.49581995e-01
-2.34956379e-02
-6.58991946e-03
-2.19413065e-02
2.67674693e+00
2.31362116e+00
1.58511308e+00
2.81252839e+00
0.00000000e+00
-2.22074375e-02
5.55366352e+00
-6.27322374e-02
3.55839082e+00
1.96183344e+00
3.09901674e+00
1.74555588e+00
0.00000000e+00
-5.11524828e-02
2.36796470e+00
11 1
-1.2053e+00 4.1664e-01
5 1
1 2 0 6 3 
217
-1.31419224e+00
-7.71268741e-01
1.41109470e+00
-1.39044190e+00
-6.11503902e-01
3.18266553e-01
-7.48620563e-01
-8.00599676e-01
-1.46891951e+00
3.87360501e-01
0.00000000e+00
0.00000000e+00
0.00000000e+00
0.00000000e+00
-2.89965380e+00
1.25012242e-01
5.71782377e-01
5.04124539e-01
-1.03655114e-02
8.28295531e-01
3.87508277e-01
1.20127445e-02
-5.35246137e-02
6.93828747e-01
7.49793300e-04
5.27426173e-01
0.00000000e+00
0.00000000e+00
0.00000000e+00
0.00000000e+00
0.00000000e+00
0.00000000e+00
0.00000000e+00
-3.35860908e-01
-5.86505658e-01
-3.91825673e-01
0.00000000e+00
-8.23283787e-03
-6.84932464e-01
-7.64467926e-01
-2.14600159e-01
0.00000000e+00
0.00000000e+00
0.00000000e+00
0.00000000e+00
2.61328816e-01
-1.56377897e+00
-7.04274869e-01
0.00000000e+00
0.00000000e+00
1.73448888e+00
9.80210051e-01
0.00000000e+00
1.82365337e+00
2.61782915e-01
-2.28100101e-02
0.00000000e+00
1.94212663e+00
-4.31843213e-01
0.00000000e+00
-6.16414510e-01
1.94613377e-01
-8.92391106e-01
1.75922738e+00
-1.56396440e+00
0.00000000e+00
-3.47203818e-01
4.26238625e-01
-1.16225141e+00
-1.15732767e-01
0.00000000e+00
-2.81139746e+00
0.00000000e+00
5.91558438e-01
-7.24952142e-01
2.15510769e-01
1.24124349e+00
8.59231114e-03
4.73089358e-02
-4.57370542e-01
-8.49945483e-01
8.41629333e-01
-5.20148003e-01
-3.62452247e-01
0.00000000e+00
8.01567180e-01
-1.06162853e+00
5.29384674e-01
-3.67620524e-01
2.33686029e-01
-5.45164363e-01
1.03181954e-01
1.29134472e-02
0.00000000e+00
-1.29684523e+00
-6.61564477e-01
-1.33442412e-01
6.25643964e-01
0.00000000e+00
0.00000000e+00
0.00000000e+00
0.00000000e+00
0.00000000e+00
0.00000000e+00
0.00000000e+00
0.00000000e+00
0.00000000e+00
0.00000000e+00
0.00000000e+00
0.00000000e+00
0.00000000e+00
0.00000000e+00
0.00000000e+00
0.00000000e+00
0.00000000e+00
0.00000000e+00
0.00000000e+00
0.00000000e+00
0.00000000e+00
-5.41217745e-01
-1.19864059e+00
-2.36477608e+00
0.00000000e+00
0.00000000e+00
0.00000000e+00
2.19957418e+00
-1.30070738e-02
1.85833012e+00
1.28991961e+00
-2.86091348e-02
1.28373212e+00
1.37472268e+00
8.81390467e-01
-7.16660534e-02
0.00000000e+00
6.09061444e-01
3.34212107e+00
-1.27874432e-02
7.43785620e-01
2.01484388e+00
2.68652381e+00
2.11049138e+00
-2.29176348e-01
-5.30116199e-01
1.22770513e+00
-1.28904517e+00
0.00000000e+00
0.00000000e+00
0.00000000e+00
5.11903133e-01
5.59102117e-01
3.56874197e-01
2.06894892e+00
-1.59815125e-02
1.70345491e+00
1.33579837e+00
1.35939653e+00
-1.02612057e-01
0.00000000e+00
7.18664964e-01
4.90378843e-01
-7.84741801e-03
2.18305260e+00
1.21273859e+00
7.05381528e-01
4.81906004e-01
-1.43910410e-01
-3.49183790e-01
1.25045538e+00
-3.12071297e+00
0.00000000e+00
0.00000000e+00
0.00000000e+00
2.99962542e-01
-2.81070745e-01
-4.53304945e-01
-6.86790845e-01
-1.21900833e-02
6.38770216e-02
7.68034608e-01
-6.51107997e-01
-5.32448801e-02
0.00000000e+00
-2.09767156e+00
3.26119132e+00
-2.12820713e-02
0.00000000e+00
-7.18586327e-01
1.23312737e+00
1.04583647e+00
-6.15243219e-02
-2.77467479e-02
1.67808315e+00
1.71381652e-01
0.00000000e+00
0.00000000e+00
0.00000000e+00
1.26241696e-01
-4.73356504e-01
6.00840943e-01
3.04986180e-01
-1.39758825e-02
-1.40057727e+00
8.21649133e-01
1.38994079e-01
-1.78166057e-02
0.00000000e+00
1.72565923e+00
-5.19967066e-01
-1.37837016e-02
0.00000000e+00
1.41535478e+00
4.77055050e-01
8.31043374e-02
-3.42504868e-02
-1.34111725e-02
3.17525239e-01
136
5.00277661e-02
2.00487189e-01
6.81304068e-03
-1.10417912e-01
2.49707805e-03
-2.39853751e-01
9.81326141e-03
1.99812240e-01
1.74262719e-03
0.00000000e+00
0.00000000e+00
0.00000000e+00
0.00000000e+00
0.00000000e+00
0.00000000e+00
0.00000000e+00
-6.55779371e-01
1.51453645e-01
5.54353492e-01
2.40219866e-01
-4.86389865e-03
-4.65710564e-02
-2.01744115e-01
6.63163007e-02
-3.32933053e-03
0.00000000e+00
0.00000000e+00
2.40219866e-01
7.49732153e-02
-1.78085668e-01
5.77651079e-02
3.26117868e-01
4.19824623e-02
-3.44520199e-02
4.18449759e-03
0.00000000e+00
-2.00473536e-01
-3.11589184e-01
3.58007058e-01
-1.25359441e-01
-2.21421936e-01
-2.48463816e-02
4.30058565e-02
0.00000000e+00
0.00000000e+00
0.00000000e+00
4.49142748e-02
-1.52909235e-01
4.61822842e-01
1.69526423e-01
-9.21668799e-01
0.00000000e+00
4.25189945e-01
-1.20480180e-01
3.41660210e-01
-1.23936248e+00
6.00576424e-02
-1.92407826e-02
-2.04539624e-01
7.37056285e-02
-4.70971904e-02
7.65846406e-01
-2.44473312e-01
-2.11458412e-01
1.67331435e-01
-4.51592591e-01
-8.81664392e-02
1.91359347e-01
-8.42086820e-01
-9.47170183e-03
-3.68536560e-01
0.00000000e+00
0.00000000e+00
0.00000000e+00
0.00000000e+00
0.00000000e+00
0.00000000e+00
0.00000000e+00
0.00000000e+00
0.00000000e+00
0.00000000e+00
0.00000000e+00
0.00000000e+00
0.00000000e+00
0.00000000e+00
0.00000000e+00
9.59830184e-02
-1.27939626e+00
-1.69684618e+00
0.00000000e+00
0.00000000e+00
0.00000000e+00
1.37551638e+00
-1.99025393e+00
4.25699374e-02
9.34047635e-01
-1.59477896e-01
1.35815463e+00
1.61004533e+00
4.79583008e-01
1.07466693e+00
0.00000000e+00
5.47758146e-01
1.74083256e+00
-1.13785337e+00
6.47070864e-01
1.10633322e+00
1.29964431e+00
1.11421682e+00
-4.64557412e-01
-5.40779601e-01
1.31848474e+00
-1.91690821e+00
0.00000000e+00
0.00000000e+00
0.00000000e+00
4.81352402e-01
-1.33989795e-01
-5.02875415e-01
6.14235928e-01
-6.56857718e-01
1.71338078e-01
9.63054183e-01
-1.25451223e-01
-2.64758071e-01
0.00000000e+00
-7.74720169e-02
2.19369901e+00
-1.53589319e+00
9.02024835e-01
4.75373875e-01
6.50406507e-01
5.71725531e-01
-8.60163085e-02
-7.31538224e-01
8.59851947e-01
7 1
-1.1674e+00 4.3262e-01
6 1
1 2 0 6 3 11 
217
3.42934608e-01
-1.25581175e-01
-2.87349453e-01
1.83754774e-05
-6.47540137e-01
1.43634537e+00
8.17625412e-01
1.98546997e-01
5.17691735e-01
-6.89056851e-01
3.97419286e-01
-6.56734447e-01
-7.42261688e-01
-3.89240453e-01
-1.10917611e+00
6.47827276e-03
6.83481096e-01
5.00915897e-01
-8.33244069e-04
-4.00946166e-02
2.48496913e-01
1.58521450e-02
-6.09278645e-01
7.02697912e-01
1.05709015e-03
-5.80272299e-02
0.00000000e+00
0.00000000e+00
0.00000000e+00
0.00000000e+00
0.00000000e+00
0.00000000e+00
0.00000000e+00
-3.99283967e-01
8.01165119e-02
6.62102063e-01
0.00000000e+00
-1.88411918e-02
2.96621600e-01
4.63852269e-01
-2.58861815e-01
1.00773297e-02
0.00000000e+00
0.00000000e+00
0.00000000e+00
-4.93432149e-03
-3.65863883e-02
-3.60106111e-01
1.06690679e+00
-3.07680533e-01
0.00000000e+00
6.98915986e-01
0.00000000e+00
-1.28542765e-01
1.85689280e-03
1.07495530e+00
-7.66059000e-01
-9.72809352e-01
0.00000000e+00
6.69262021e-01
-4.52328030e-01
3.70420385e-01
4.24842253e-01
0.00000000e+00
-3.26125616e-01
-3.91248726e-01
6.61046481e-01
7.76258813e-01
8.01374282e-03
-5.98037519e-02
0.00000000e+00
-1.11311918e+00
-1.32430431e+00
8.57237855e-01
-4.30714419e-01
5.98815938e-01
3.24938063e-01
8.10072693e-01
-2.63430086e-01
-3.00946540e-01
-5.51687317e-01
-3.39379175e-01
3.47979318e-01
-2.16512407e-01
0.00000000e+00
-6.36852835e-01
2.62698162e-01
6.96639015e-01
-1.19720774e-01
-6.19353332e-01
-4.02436253e-02
1.14779243e-01
1.95537094e+00
8.15838955e-01
0.00000000e+00
0.00000000e+00
1.56568984e+00
-2.63487346e-01
0.00000000e+00
5.32994035e-01
0.00000000e+00
-1.02910216e-01
-6.64195753e-01
-8.71492119e-02
1.54562150e+00
0.00000000e+00
0.00000000e+00
0.00000000e+00
0.00000000e+00
0.00000000e+00
0.00000000e+00
0.00000000e+00
0.00000000e+00
0.00000000e+00
0.00000000e+00
0.00000000e+00
0.00000000e+00
0.00000000e+00
0.00000000e+00
1.11792002e-01
-7.58406938e-01
-1.77216313e+00
0.00000000e+00
0.00000000e+00
0.00000000e+00
1.25110159e+00
-1.48302997e-01
2.01022732e-01
1.94690079e+00
7.47392592e-01
-2.43220433e-01
1.44686929e+00
-4.75225749e-01
1.05937678e+00
0.00000000e+00
6.50791229e-01
2.47664268e+00
4.11590142e-02
1.20452922e+00
-2.06076934e-01
2.11508102e+00
1.38457459e+00
-3.10183136e-01
-2.15466566e+00
1.26858244e+00
-1.32747607e+00
0.00000000e+00
0.00000000e+00
0.00000000e+00
8.18862301e-01
-2.23292982e-01
6.33444079e-01
4.80697080e-01
6.37631260e-02
2.07127045e+00
1.12295758e+00
1.65649163e+00
1.07940340e+00
0.00000000e+00
-5.30383447e-01
8.17197906e-01
-2.23677974e-01
1.56893258e-01
1.77708665e+00
2.20838148e-01
7.51920661e-01
-2.99920944e-01
1.98199825e+00
9.54679194e-01
-1.25462823e+00
0.00000000e+00
0.00000000e+00
0.00000000e+00
5.15777025e-01
8.48911920e-01
1.14909365e-01
-2.86241570e-01
5.41059989e-01
3.39097318e-01
1.33408117e+00
6.96597806e-01
-7.03197294e-01
0.00000000e+00
-8.29178497e-01
3.01560889e+00
-4.51988411e-01
8.53827677e-01
-1.09706466e-01
8.32672423e-01
1.11579701e-01
-5.49464807e-02
3.79409916e-01
-2.33053327e-01
-1.46217269e+00
0.00000000e+00
0.00000000e+00
0.00000000e+00
1.21493234e+00
-2.30271516e+00
-3.56627845e-01
1.05280825e+00
-5.62548470e-01
3.99644457e-01
2.05614705e-01
-1.22678193e+00
1.43648428e+00
0.00000000e+00
9.39557819e-01
-1.35321466e+00
-1.60731672e-01
1.10745633e+00
1.12726766e+00
5.91283576e-01
1.23025090e+00
-5.74391628e-02
2.66571787e-01
1.83323039e+00
136
-1.73329087e-02
1.72925802e-01
-3.05273654e-03
-1.67700391e-01
-4.19684784e-03
1.58403645e-01
-4.10537173e-03
-1.80961965e-01
1.89564614e-03
0.00000000e+00
0.00000000e+00
0.00000000e+00
0.00000000e+00
0.00000000e+00
0.00000000e+00
0.00000000e+00
-5.29393368e-01
1.89737576e-02
4.93086702e-01
-9.73157049e-02
2.88486243e-02
-8.16302874e-02
-1.05171500e-03
1.79144309e-01
-9.17575474e-02
0.00000000e+00
0.00000000e+00
-9.73157049e-02
3.20506512e-01
-3.51655024e-01
1.40847087e-01
4.08177908e-01
3.37267094e-02
-1.38527060e-01
2.41940112e-01
0.00000000e+00
-2.39090222e-03
-5.68589421e-01
5.20625465e-01
-4.47658831e-01
-1.06368383e-01
-1.63752285e-01
1.93100910e-01
0.00000000e+00
0.00000000e+00
0.00000000e+00
0.00000000e+00
3.50004270e-01
6.83416484e-01
1.20157700e-01
0.00000000e+00
0.00000000e+00
3.76593093e-01
-6.05521475e-02
3.31446406e-01
-1.18856878e+00
4.61456633e-02
-8.41176521e-02
-2.36751929e-01
2.01503731e-03
9.00463335e-02
6.62114114e-01
-3.42570729e-01
-3.23945173e-01
1.28384622e-01
-4.57148060e-01
3.02252575e-03
-3.86511282e-03
-7.52225397e-01
-2.71099621e-02
-4.26452868e-01
0.00000000e+00
4.86707275e-01
-5.81386866e-01
1.92802000e-01
-1.12440851e+00
0.00000000e+00
0.00000000e+00
0.00000000e+00
0.00000000e+00
0.00000000e+00
0.00000000e+00
0.00000000e+00
0.00000000e+00
0.00000000e+00
0.00000000e+00
5.92502124e-03
-1.29920228e+00
-1.94721035e+00
0.00000000e+00
0.00000000e+00
0.00000000e+00
1.59575090e+00
-1.65615384e+00
3.14112440e-01
1.36913556e+00
-9.01046832e-03
1.29239575e+00
1.84328715e+00
6.18411143e-01
1.23044793e+00
0.00000000e+00
7.50497912e-01
1.96194172e+00
-9.66706174e-01
9.86791734e-01
1.35035782e+00
1.50979061e+00
1.43061727e+00
-4.75989233e-01
-4.72900018e-01
1.45470913e+00
-2.18153874e+00
0.00000000e+00
0.00000000e+00
0.00000000e+00
5.87547440e-01
5.99272517e-02
-2.53120906e-01
8.22466133e-01
-5.62547780e-01
3.79361329e-01
1.22577205e+00
1.05068778e-01
-4.63947796e-01
0.00000000e+00
1.35532086e-01
2.42061209e+00
-1.41492012e+00
1.19800024e+00
8.37230887e-01
8.22484680e-01
8.21096713e-01
-9.71261704e-02
-4.06905257e-01
1.11743176e+00
9 1
-1.1518e+00 4.2891e-01
7 1
1 2 0 6 3 11 7 
217
3.63292578e-01
2.37965090e-01
-3.99349724e-01
-1.94926321e-01
-7.35032257e-01
1.61387134e+00
9.77947345e-01
-1.15308332e+00
-4.34514008e-01
-1.70690368e-01
0.00000000e+00
0.00000000e+00
6.29034676e-01
6.61960239e-01
6.31993041e-01
-1.48872102e-04
2.12406591e+00
7.76829006e-01
-4.88631261e-03
6.66308866e-01
-4.59049582e-01
2.43579216e-02
-1.89169033e-01
-5.86479886e-01
5.39896958e-04
1.13930748e+00
0.00000000e+00
0.00000000e+00
0.00000000e+00
0.00000000e+00
0.00000000e+00
0.00000000e+00
0.00000000e+00
2.73827216e-01
3.69840108e-02
5.24813505e-02
0.00000000e+00
1.67221043e-01
-6.60119258e-02
-3.07097354e-01
-7.72740134e-02
-5.12345133e-01
0.00000000e+00
0.00000000e+00
0.00000000e+00
-2.78794162e-01
5.75718007e-02
4.77090890e-01
-2.46124162e-02
1.09651214e-01
-5.04625097e-01
1.72947158e-01
0.00000000e+00
-6.41380674e-01
1.39870045e-01
1.79117324e-01
1.34565100e-01
6.51862875e-01
-4.66459202e-01
3.56487723e-01
1.98360125e-01
4.86993243e-01
-3.22060791e-01
-2.04976024e-01
-4.58713746e-01
-7.92057754e-01
1.04854884e+00
3.53031415e-01
-2.15664923e-02
3.75223985e-01
0.00000000e+00
-4.87080631e-02
-6.93098390e-01
6.16559378e-01
-2.18636468e-01
-2.04558737e-01
-4.64855449e-02
2.84219544e-01
-3.50744321e-01
-6.47345320e-01
3.25751950e-01
-9.35164718e-01
1.04065405e-01
-9.67843389e-01
0.00000000e+00
-3.26042580e-02
-3.58814456e-01
5.18057126e-01
1.66386608e-01
-1.63993935e-01
-1.72811799e-01
-2.16040940e-01
4.35139148e-01
0.00000000e+00
-5.11908483e-02
-2.92955713e-01
1.95385218e-01
-5.86059730e-01
0.00000000e+00
-1.83623074e-01
0.00000000e+00
1.10542511e+00
-2.33514565e+00
-5.58509459e-01
9.26480462e-02
1.16811596e-01
-3.54286397e-02
2.00487392e-01
3.13758855e-01
-1.29202468e+00
-3.18492338e-02
-2.88393640e-01
0.00000000e+00
0.00000000e+00
0.00000000e+00
0.00000000e+00
0.00000000e+00
0.00000000e+00
0.00000000e+00
5.85330341e-01
-1.10009284e+00
-1.71593982e+00
0.00000000e+00
0.00000000e+00
0.00000000e+00
2.05052501e+00
-8.13200898e-02
-6.05043189e-01
-3.81514366e-02
1.84673618e+00
1.14236431e+00
1.35729022e+00
3.45932184e-01
1.28366499e+00
0.00000000e+00
-1.56586261e-01
2.46273433e+00
-2.90421830e-01
4.54430750e-01
1.09381934e+00
2.37789960e+00
2.52873367e+00
-1.02969127e-01
-2.91775125e-01
2.34841666e+00
-1.56321346e+00
0.00000000e+00
0.00000000e+00
0.00000000e+00
5.53905496e-01
-4.69100968e-02
1.86214234e+00
2.15006859e+00
3.22175451e-01
2.00185074e+00
1.79867764e+00
1.89515128e+00
1.35370093e+00
0.00000000e+00
2.17296078e+00
6.99162361e-01
-9.54856036e-02
1.31853030e+00
1.83933726e+00
-3.19404307e-01
-1.04571403e+00
-1.32565057e-01
-1.48120288e-01
-3.59354222e-01
-1.81244086e+00
0.00000000e+00
0.00000000e+00
0.00000000e+00
2.37242151e-01
1.03329124e+00
-2.10363903e-01
5.43881369e-01
-3.37724164e-02
1.16477041e+00
6.02173803e-01
3.44563458e-01
1.01033821e+00
0.00000000e+00
2.26812616e-01
5.97206236e+00
-4.68662396e-02
1.72583376e+00
-7.39248544e-03
8.42312344e-01
6.02934760e-01
-9.60127985e-03
-2.15648860e-02
-5.62261693e-01
-1.79072197e+00
0.00000000e+00
0.00000000e+00
0.00000000e+00
7.22307590e-01
-7.27384741e-01
5.50880879e-01
1.18607886e+00
-4.22066555e-02
2.35101250e-01
7.50312239e-01
1.59535027e+00
1.82378620e+00
0.00000000e+00
4.35367898e-01
-2.45946868e+00
-6.22833755e-02
1.47370583e+00
-4.96111117e-03
8.58047132e-01
1.31406422e+00
-8.35576823e-03
-2.50318512e-02
2.43859683e+00
136
7.84341059e-02
-4.90565524e-02
9.11348990e-03
1.00761322e-01
-2.64704085e-03
-2.80989219e-02
1.96602763e-03
5.48282583e-02
2.05864865e-03
0.00000000e+00
0.00000000e+00
0.00000000e+00
0.00000000e+00
0.00000000e+00
0.00000000e+00
0.00000000e+00
-6.73824355e-01
1.85588528e-01
5.66669933e-01
2.59145597e-01
1.18087874e-01
-1.05167767e-01
-1.17296935e-01
-2.02869851e-02
-3.84959961e-01
3.44418049e-01
0.00000000e+00
2.59145597e-01
1.54031736e-01
-9.80384285e-02
3.23733534e-02
4.65479366e-01
-2.93553492e-01
-2.43552606e-01
1.46181263e-01
0.00000000e+00
-1.14426343e-02
-3.78130968e-01
1.35420899e-01
-2.75509169e-01
-2.81451282e-02
-1.67432800e-01
3.81607117e-01
0.00000000e+00
0.00000000e+00
0.00000000e+00
-1.36045277e-01
-3.01993732e-01
6.41611094e-01
8.89586508e-02
-5.43629547e-01
0.00000000e+00
5.87114688e-01
-8.78544165e-02
4.41370566e-01
0.00000000e+00
1.13392981e-01
-2.00334269e-02
-4.10926731e-01
8.63617503e-02
-2.42406590e-02
2.85335349e-01
-4.91125259e-01
-1.80991000e-01
3.77887971e-02
-3.54303128e-01
1.89829896e-02
1.18061132e-01
-1.11389139e+00
4.53726908e-02
4.74717485e-02
0.00000000e+00
5.89121622e-01
-6.61340464e-01
2.07965478e-01
-6.33140340e-01
6.13948160e-01
-3.29242088e-01
-6.67523143e-01
7.75275625e-02
-1.75885889e-01
0.00000000e+00
0.00000000e+00
0.00000000e+00
0.00000000e+00
0.00000000e+00
-7.12058184e-03
-1.28718981e+00
-1.80364692e+00
0.00000000e+00
0.00000000e+00
0.00000000e+00
1.39416124e+00
-1.39237806e+00
9.69439726e-02
1.13615445e+00
-2.05495732e-01
1.08529185e+00
1.67101259e+00
3.90382136e-01
1.03530011e+00
0.00000000e+00
4.80605000e-01
1.87410397e+00
-1.25356996e+00
5.99763140e-01
1.21239277e+00
1.38776429e+00
1.13092536e+00
-4.53222355e-01
-3.20998903e-01
1.37808518e+00
-2.06481996e+00
0.00000000e+00
0.00000000e+00
0.00000000e+00
6.19505444e-01
-6.83632792e-02
-3.27862659e-01
6.81208585e-01
-5.53647815e-01
2.43185831e-01
1.01435268e+00
-2.18825657e-01
-4.84124264e-01
0.00000000e+00
6.54289874e-03
2.33337855e+00
-1.31149784e+00
9.77881058e-01
6.38980297e-01
7.74516998e-01
8.50199737e-01
-2.22822755e-01
-5.84045912e-01
1.21397498e+00
5 1
-1.8781e+00 2.8303e-01
8 0
1 2 0 6 3 11 7 9 
217
2.40975703e+00
-2.40769036e+00
8.98815051e-01
3.27359732e-01
1.61031108e+00
-7.38068880e-01
8.17116401e-01
-2.05863187e+00
0.00000000e+00
0.00000000e+00
0.00000000e+00
0.00000000e+00
0.00000000e+00
0.00000000e+00
1.26325174e+01
-1.89239298e-01
-1.73628379e-01
-5.95834612e+00
2.98629790e-02
3.46806404e-01
7.12876407e-01
-6.08899526e-02
-7.68637854e-01
-4.97729067e+00
3.40384054e-03
-1.42046307e+00
0.00000000e+00
0.00000000e+00
0.00000000e+00
0.00000000e+00
0.00000000e+00
0.00000000e+00
0.00000000e+00
2.90879709e+00
2.27641536e+00
-2.77545542e+00
0.00000000e+00
6.80744764e-01
-2.07774926e-01
-1.21027796e+00
3.87552152e+00
0.00000000e+00
0.00000000e+00
0.00000000e+00
0.00000000e+00
-6.37966940e-01
-2.36397472e+00
-3.23550928e-01
0.00000000e+00
3.64759421e+00
0.00000000e+00
0.00000000e+00
0.00000000e+00
-7.71740250e-01
0.00000000e+00
1.31517427e-01
0.00000000e+00
1.53874784e+00
0.00000000e+00
0.00000000e+00
3.04295893e+00
0.00000000e+00
2.65237288e+00
0.00000000e+00
7.41782763e-01
0.00000000e+00
9.34965336e-01
6.59706529e-01
7.53633139e-01
2.21640033e+00
0.00000000e+00
-6.52758741e-01
0.00000000e+00
3.38636381e+00
-3.43365364e+00
-2.98601347e-01
3.06651842e-01
-3.58649551e+00
3.94300155e+00
0.00000000e+00
1.37245939e+00
-1.11642462e+00
6.80791608e-01
1.93649350e+00
0.00000000e+00
-1.47804107e+00
0.00000000e+00
9.63734335e-01
-8.27091630e-01
0.00000000e+00
0.00000000e+00
-1.87123466e+00
1.49096494e+00
0.00000000e+00
3.91284169e+00
-2.91544748e+00
-1.12281493e+00
-1.81261911e+00
0.00000000e+00
1.45082418e-02
0.00000000e+00
1.71643206e+00
-9.02937332e+00
7.04063420e-01
-2.69696913e+00
0.00000000e+00
-4.39116692e+00
0.00000000e+00
-5.05422380e+00
-1.76926933e+00
-3.70184232e+00
6.45412829e-01
0.00000000e+00
-9.42432364e-01
0.00000000e+00
3.00332115e+00
-8.64018292e+00
4.64066866e-01
-2.41805941e-03
1.01053863e+00
-1.30714068e+00
-1.96368495e+00
0.00000000e+00
0.00000000e+00
0.00000000e+00
-5.79871274e+00
-2.71945239e-01
-7.75329254e-03
-7.02801080e-01
-1.38429384e-01
6.30915261e+00
3.62135967e+00
-2.12612914e-03
0.00000000e+00
0.00000000e+00
-1.89171349e-01
5.40295626e+00
-1.21655108e-01
0.00000000e+00
-8.69752168e-03
6.26140414e+00
-6.73557689e-03
-1.13458574e-02
-4.19722861e-02
-1.48758750e-02
-3.20823830e+00
0.00000000e+00
0.00000000e+00
0.00000000e+00
-1.80630227e+00
-1.68573525e-01
-8.84088624e-04
5.72146848e+00
-1.23193982e-01
-3.99076976e+00
-2.08508719e+00
-1.51975622e-03
0.00000000e+00
0.00000000e+00
-1.67495154e-01
9.17625561e-01
-4.47775744e-02
0.00000000e+00
-6.94577306e-03
-1.01674280e+00
-7.32013089e-03
-1.08020903e-02
-4.17632493e-02
-6.00392990e-03
-5.56723564e+00
0.00000000e+00
0.00000000e+00
0.00000000e+00
-8.77208576e-02
2.03883904e+00
-9.25357925e-03
0.00000000e+00
0.00000000e+00
-4.45548992e-02
-4.42323546e-01
-2.31907584e-02
0.00000000e+00
0.00000000e+00
0.00000000e+00
6.02859992e+00
-4.52545416e-03
0.00000000e+00
-9.49636327e-01
1.29338951e+00
0.00000000e+00
0.00000000e+00
-6.06706142e-03
0.00000000e+00
3.82497947e-01
0.00000000e+00
0.00000000e+00
0.00000000e+00
-1.09584117e-01
-9.48382078e-01
-1.20309978e-02
0.00000000e+00
0.00000000e+00
4.91333138e+00
-5.26086046e-01
-1.36919132e-02
0.00000000e+00
0.00000000e+00
0.00000000e+00
1.78153046e+00
-3.00729214e-03
0.00000000e+00
-8.48918720e-01
5.71479649e+00
0.00000000e+00
0.00000000e+00
-4.67841945e-03
0.00000000e+00
136
3.00953752e-01
1.07603326e+00
7.36229530e-03
-1.26892330e+00
1.51436683e-02
1.09486116e+00
-2.31328208e-02
-6.01017372e-01
-5.10458286e-03
0.00000000e+00
0.00000000e+00
0.00000000e+00
0.00000000e+00
0.00000000e+00
0.00000000e+00
0.00000000e+00
-8.13887835e-02
5.03686473e-01
-1.21343938e-01
-6.81056738e-01
1.03982831e-01
1.01533700e-01
2.30653980e-01
5.53336881e-01
5.16850549e-01
-5.64201301e-01
3.98538502e-02
-6.81056738e-01
5.49882285e-01
2.11536455e-01
2.07703071e-01
9.20919315e-01
3.38082779e-01
-4.73389972e-01
9.51153161e-01
0.00000000e+00
-1.37561395e-01
-1.90581227e-01
2.20138630e-01
-5.99172566e-01
-4.90342328e-01
-1.09160660e+00
5.65248881e-01
0.00000000e+00
0.00000000e+00
0.00000000e+00
-1.06898405e+00
-8.34367279e-01
-9.34673859e-02
-2.09435640e-01
6.36705306e-01
0.00000000e+00
4.65423443e-01
9.79144306e-03
1.77958810e-01
-1.57898257e+00
-2.29449565e-01
4.09510645e-01
3.83697201e-01
6.32680914e-02
3.88508356e-01
-1.45802648e+00
3.09536072e-01
4.01812218e-01
1.46308653e-01
1.91980164e-01
3.79992164e-02
3.29935229e-01
-1.16661852e+00
8.04532773e-02
-5.64445292e-02
0.00000000e+00
2.03320853e+00
-3.03922030e-01
3.93349472e-01
0.00000000e+00
-2.45621952e-01
-3.93706944e-01
-2.12933094e-01
-4.40832271e-02
1.11154595e+00
-7.47289685e-01
-8.11647466e-01
2.79481762e-01
-2.27912892e-01
-1.88338521e-01
3.47315432e-01
-2.02033398e+00
-3.20679626e+00
0.00000000e+00
0.00000000e+00
0.00000000e+00
1.79204994e+00
-1.53660181e-01
5.82620509e-01
3.21512938e+00
2.77923003e+00
3.41597587e+00
2.33853275e+00
5.95647558e-01
3.20112022e+00
0.00000000e+00
1.44642440e+00
4.01560000e+00
-3.33392416e-02
2.50744594e+00
2.68083389e+00
3.19529042e+00
1.56686964e+00
-2.30805365e-01
1.53035518e-01
2.03871114e+00
-4.61292133e+00
0.00000000e+00
0.00000000e+00
0.00000000e+00
2.26508058e+00
8.08914698e-01
-4.49620707e-02
7.17213100e-01
-8.59394466e-03
1.49155036e+00
1.42788279e+00
1.32645037e+00
2.15378587e+00
0.00000000e+00
-2.70471795e-02
4.57850016e+00
-1.36245114e-01
2.44097142e+00
1.62861229e+00
2.78992179e+00
1.26655178e+00
0.00000000e+00
-2.82850448e-01
2.28983563e+00
10 1
-1.7239e+00 2.7040e-01
8 0
1 2 0 6 3 11 7 9 
217
2.44208381e-01
-4.61552096e-02
-1.72382611e+00
0.00000000e+00
-1.02485981e+00
2.45528679e+00
1.91583936e+00
5.83725843e-01
0.00000000e+00
0.00000000e+00
0.00000000e+00
0.00000000e+00
0.00000000e+00
0.00000000e+00
1.53691992e+00
-2.11855874e-02
1.10462753e+00
-6.14270971e-01
-1.04600831e-02
2.62621447e+00
2.89282659e+00
-5.17872426e-02
-3.62853192e-02
-3.57126716e+00
1.42165720e-02
-1.37331824e-01
0.00000000e+00
0.00000000e+00
0.00000000e+00
0.00000000e+00
0.00000000e+00
0.00000000e+00
0.00000000e+00
-1.23522147e+00
-2.43221209e-01
1.72265106e+00
0.00000000e+00
-3.35679607e-01
-8.00029074e-02
9.01975810e-04
3.24743449e-01
7.92777913e-01
-2.91804243e-01
0.00000000e+00
0.00000000e+00
-7.70110181e-01
6.66535133e-02
-3.98112816e-01
0.00000000e+00
0.00000000e+00
0.00000000e+00
1.20620563e+00
0.00000000e+00
2.97175669e+00
0.00000000e+00
1.67555477e+00
0.00000000e+00
0.00000000e+00
0.00000000e+00
2.12813480e+00
3.14564583e+00
0.00000000e+00
2.93337126e+00
0.00000000e+00
1.55525066e+00
1.29713393e+00
2.57093422e+00
-2.07906667e-01
-2.33307026e-01
1.80281773e+00
0.00000000e+00
-2.20664345e-01
0.00000000e+00
1.53451590e-01
4.24619716e-01
3.11421136e-01
4.21489575e-01
0.00000000e+00
1.20513506e+00
0.00000000e+00
3.67990143e-01
6.54631863e-01
0.00000000e+00
0.00000000e+00
0.00000000e+00
1.83049287e-01
5.92882687e-01
-2.17325106e+00
1.93065474e+00
0.00000000e+00
0.00000000e+00
0.00000000e+00
8.73216930e-01
0.00000000e+00
-3.85006903e-01
9.01850132e-01
5.32650229e-02
7.53103610e-01
0.00000000e+00
2.00878528e+00
0.00000000e+00
2.27802597e+00
1.79405917e-01
0.00000000e+00
0.00000000e+00
0.00000000e+00
6.99352795e-01
1.77923140e+00
2.33180931e+00
-1.09281027e+00
0.00000000e+00
0.00000000e+00
0.00000000e+00
-3.81384490e-01
2.29247788e+00
-1.23579091e-01
1.23028214e-01
7.49171962e-01
1.35951413e+00
-5.30823759e-01
8.28748639e-01
-3.55944356e+00
0.00000000e+00
0.00000000e+00
0.00000000e+00
2.36862605e+00
-2.74503828e-01
0.00000000e+00
2.73065750e+00
2.00971127e+00
1.54571617e+00
-5.33633620e-03
-1.81329709e-02
4.05290868e+00
0.00000000e+00
0.00000000e+00
2.31415920e+00
-3.71439610e-03
-5.48786902e-03
3.47144441e+00
5.42457743e-01
0.00000000e+00
-1.14368393e-02
-5.70668103e-02
-9.04839808e-02
6.74414975e-02
0.00000000e+00
0.00000000e+00
0.00000000e+00
-4.33623955e-01
-2.12706148e-01
0.00000000e+00
-3.10549390e-01
-5.66125827e-02
1.20024452e+00
-4.00465040e-03
-1.50815890e-02
-1.47905147e+00
0.00000000e+00
0.00000000e+00
1.32078161e+00
-4.25903133e-03
-1.43814974e-03
6.03336567e-01
-3.80612726e-01
0.00000000e+00
-2.11279897e-02
-1.74833605e-02
-4.40218720e-02
-2.27306251e+00
0.00000000e+00
0.00000000e+00
0.00000000e+00
2.32081453e+00
0.00000000e+00
-4.65390079e-02
0.00000000e+00
-5.46086280e-03
0.00000000e+00
0.00000000e+00
-9.15179200e-02
3.15492478e+00
0.00000000e+00
0.00000000e+00
5.69293144e+00
-1.23243804e-02
2.26360890e+00
-1.08798007e-02
-1.15030730e-01
0.00000000e+00
0.00000000e+00
-3.51797508e-01
0.00000000e+00
-8.36925079e-01
0.00000000e+00
0.00000000e+00
0.00000000e+00
-4.53067456e-01
0.00000000e+00
-4.77851106e-02
0.00000000e+00
-4.18082270e-03
0.00000000e+00
0.00000000e+00
-4.02238322e-02
-2.33796832e+00
0.00000000e+00
0.00000000e+00
-1.93247767e+00
-1.98094179e-03
-4.03846718e-01
-9.01915305e-03
-7.51707983e-02
0.00000000e+00
0.00000000e+00
-3.35691600e-01
0.00000000e+00
136
3.40604749e-01
3.05147289e+00
-9.43519701e-02
-1.36961362e+00
1.46349798e-02
1.86934425e-01
-1.44434571e-02
-1.52818895e+00
-1.81288191e-03
0.00000000e+00
0.00000000e+00
0.00000000e+00
0.00000000e+00
0.00000000e+00
0.00000000e+00
0.00000000e+00
5.88799219e-01
4.30345411e-01
-6.78539881e-01
8.34483212e-02
6.31379989e-02
1.42106343e-01
1.46691127e-02
3.13484147e-01
6.70280029e-01
-6.03374620e-01
0.00000000e+00
8.34483212e-02
7.66309403e-01
8.48003095e-01
-1.05310407e-01
6.06662278e-01
-2.88539826e-02
-6.71108556e-01
8.71764444e-01
0.00000000e+00
1.83893529e-01
-5.66779621e-01
-3.99308333e-01
-3.55144743e-01
-3.90227508e-01
-4.60803501e-01
-4.19396690e-02
0.00000000e+00
0.00000000e+00
0.00000000e+00
-3.28580521e-01
-1.87142207e-01
1.51732989e-02
1.15131083e-02
3.92724503e-01
0.00000000e+00
3.19933058e-01
-2.08856477e-01
3.33938316e-01
-2.21606302e-01
-4.19584043e-01
1.22984003e+00
2.17455663e-01
3.27397957e-01
-3.43652061e-02
-1.98676616e+00
-3.37046865e-01
-4.05267387e-02
9.84450855e-02
3.61791201e-02
-2.45067384e-01
2.10415018e-01
-1.19649883e+00
6.22917938e-02
-2.53104232e-02
0.00000000e+00
1.45239201e+00
-5.03705532e-01
3.73701569e-01
0.00000000e+00
3.56813022e-01
-7.10875363e-02
-7.02571917e-02
4.21022569e-03
5.94208117e-01
-5.95901504e-01
-5.81158853e-01
9.67413669e-02
-1.81447132e-01
4.23252214e-01
4.51836069e-01
-2.08224483e+00
-3.44257805e+00
0.00000000e+00
0.00000000e+00
0.00000000e+00
1.98479715e+00
-2.17217657e-01
4.68141126e-01
3.64026362e+00
2.93646336e+00
3.13428667e+00
2.47022817e+00
-3.11201757e-02
3.74860452e+00
0.00000000e+00
1.46559886e+00
4.05469014e+00
-2.36467872e-01
3.12946927e+00
2.63026860e+00
3.40477763e+00
1.60844089e+00
-2.20714028e-01
6.04907533e-01
2.02435795e+00
-5.06388028e+00
0.00000000e+00
0.00000000e+00
0.00000000e+00
2.30597939e+00
-8.68673299e-04
-1.76688216e-02
5.48683110e-01
-2.29867307e-02
2.05438637e+00
1.82812389e+00
1.80703783e+00
2.71765429e+00
0.00000000e+00
-1.12396310e-02
5.07822605e+00
-1.72327726e-01
-7.23694889e-04
2.09359403e+00
3.27594761e+00
1.46282754e+00
0.00000000e+00
-1.14483946e-02
2.60960936e+00
8 1
-2.0007e+00 2.7953e-01
8 0
1 2 0 6 3 11 7 9 
217
-8.71849351e-01
-2.65939961e-01
1.84461651e-01
0.00000000e+00
-3.11305386e+00
3.09812085e+00
8.71453028e-01
-5.08715882e-01
0.00000000e+00
0.00000000e+00
0.00000000e+00
0.00000000e+00
0.00000000e+00
0.00000000e+00
3.63132341e+00
-2.65028578e-01
4.78412011e+00
-9.28766770e-01
6.91532877e-03
2.01853713e+00
2.92409247e+00
-3.07392691e-02
-1.14908342e+00
-6.49849846e+00
5.38405081e-02
8.76087274e-01
0.00000000e+00
0.00000000e+00
0.00000000e+00
0.00000000e+00
0.00000000e+00
0.00000000e+00
0.00000000e+00
-1.50249656e+00
-5.43987381e-01
1.17463459e+00
0.00000000e+00
-2.90900693e-01
8.41883728e-02
2.26415752e-01
6.42832593e-01
-9.16011085e-01
-1.96238842e+00
0.00000000e+00
0.00000000e+00
5.00531058e-01
-2.14196292e+00
-3.35810888e+00
0.00000000e+00
2.91220135e+00
0.00000000e+00
9.19861581e-01
0.00000000e+00
3.10352848e-01
0.00000000e+00
0.00000000e+00
0.00000000e+00
9.39219407e-01
0.00000000e+00
3.30482772e+00
3.14283129e+00
0.00000000e+00
2.98839085e+00
0.00000000e+00
-1.81383021e+00
0.00000000e+00
-2.82384314e-01
-1.09737139e-01
-3.86879861e+00
3.64714079e-02
0.00000000e+00
-2.34052518e+00
0.00000000e+00
2.10007893e-01
2.45415351e+00
1.26958487e+00
6.68055323e+00
0.00000000e+00
5.68699417e+00
0.00000000e+00
3.14589615e+00
1.66272526e+00
4.88457380e+00
-4.21101353e+00
0.00000000e+00
-1.28601373e+00
-1.92078723e-01
9.88553053e-01
-1.53148541e+00
0.00000000e+00
0.00000000e+00
0.00000000e+00
-1.60450483e+00
-1.31745591e-01
-2.56951157e+00
2.95410108e+00
1.56186080e+00
3.10489705e+00
0.00000000e+00
9.56467228e-01
0.00000000e+00
4.34494113e-01
-8.65569246e-01
-2.25189375e+00
-2.71100101e+00
0.00000000e+00
-1.13919797e+00
0.00000000e+00
-4.73556065e-01
-5.98936455e-01
-4.35225910e+00
-4.30216856e+00
0.00000000e+00
1.07947955e+00
0.00000000e+00
-1.58925245e+00
1.21369162e+00
-3.51159510e-01
-2.28921579e+00
3.74738374e+00
-2.09704121e+00
-5.05683612e-01
0.00000000e+00
0.00000000e+00
0.00000000e+00
-1.32029331e-02
-2.90795122e-02
-3.35102163e-03
4.72209693e+00
-2.11354129e-02
4.72366756e+00
-2.96893123e-01
-2.40628477e-02
3.06821470e+00
0.00000000e+00
0.00000000e+00
3.15374311e+00
-1.72038099e-02
-1.23117020e-02
-6.06093535e-03
4.75000558e+00
0.00000000e+00
-3.03276444e-01
-5.22866335e-01
-8.41345024e-03
-3.43710224e+00
0.00000000e+00
0.00000000e+00
0.00000000e+00
-4.84571736e-03
-1.96829277e-02
-3.77018536e-03
-2.69082809e+00
-7.97482643e-03
2.58337558e+00
-2.52463499e-01
-7.54508149e-03
1.47766888e+00
0.00000000e+00
0.00000000e+00
-1.34956794e+00
-4.16165325e-03
-1.07399376e-02
-4.38048327e-03
-1.77624251e+00
0.00000000e+00
-1.73467572e-01
-3.15463405e-01
-4.68492058e-03
-6.24248726e+00
0.00000000e+00
0.00000000e+00
0.00000000e+00
-6.92331689e-01
-2.54417119e-02
-2.51849002e-02
-7.09497493e-03
-9.50620727e-03
0.00000000e+00
-2.25532225e-02
1.28314836e+00
3.03871816e+00
0.00000000e+00
-3.26363806e-03
4.63955260e+00
-9.50103964e-02
-1.04333931e-02
1.05269181e+01
6.46938108e+00
0.00000000e+00
0.00000000e+00
-4.09015847e-02
0.00000000e+00
-3.15352476e+00
0.00000000e+00
0.00000000e+00
0.00000000e+00
-3.18387755e-01
-2.34112356e-02
-1.74571445e-02
-1.46162996e-03
-1.17977048e-02
0.00000000e+00
-2.48908984e-02
-4.67651455e+00
6.46146276e+00
0.00000000e+00
-3.91089104e-03
4.17788986e+00
-9.00820242e-02
-6.21869421e-03
-4.90018248e+00
-1.24621515e+00
0.00000000e+00
0.00000000e+00
-2.18253057e-02
0.00000000e+00
136
5.02931321e-01
1.44156894e+00
-6.91888580e-02
-2.11328977e-01
1.28284309e-02
2.60069938e-01
-6.68845316e-03
-9.87378581e-01
2.08114729e-04
0.00000000e+00
0.00000000e+00
0.00000000e+00
0.00000000e+00
0.00000000e+00
0.00000000e+00
0.00000000e+00
2.76646518e-01
4.15241485e-01
-1.88956682e-01
-3.47454905e-01
-5.66515774e-01
-1.88898340e-01
5.00266562e-01
9.62478011e-01
8.05683599e-01
1.06299671e+00
0.00000000e+00
-3.47454905e-01
6.79218608e-01
1.56128043e-01
2.55476720e-01
5.58913235e-01
6.23268419e-01
-8.39038099e-01
1.15995373e+00
0.00000000e+00
4.94484511e-01
-2.63621625e-01
2.40579570e-01
-7.44137076e-01
-5.76568095e-01
-7.47679860e-01
-1.46591856e-01
0.00000000e+00
0.00000000e+00
0.00000000e+00
-1.27018618e+00
-9.56704104e-01
-6.87209471e-02
-2.98011511e-01
7.62157362e-01
0.00000000e+00
2.11498445e-01
-1.37710325e-01
1.26855400e-01
-1.34321195e+00
0.00000000e+00
-2.38254169e-01
-1.49044736e-01
8.38041764e-02
3.31845477e-01
-5.82771346e-01
1.14585424e+00
7.20749798e-01
2.42643762e-01
3.88194498e-01
0.00000000e+00
6.29100875e-01
-1.75345500e+00
2.11441064e-01
0.00000000e+00
0.00000000e+00
1.93715073e+00
-1.01505762e+00
4.74020497e-01
0.00000000e+00
-3.68358249e-01
-4.88194828e-01
-3.70382437e-01
-8.13724065e-02
1.51073660e+00
-4.40954784e-01
-1.18764796e+00
8.78190031e-02
-3.07131708e-01
5.24978501e-01
2.53231527e-01
-2.01837371e+00
-3.95869885e+00
0.00000000e+00
0.00000000e+00
0.00000000e+00
2.43469855e+00
-3.95374076e-01
1.07888221e+00
4.07318025e+00
3.03119195e+00
3.15851299e+00
3.04715562e+00
6.15906785e-01
4.41474305e+00
0.00000000e+00
2.01828982e+00
4.47854045e+00
-7.86704543e-02
3.12341036e+00
3.42109331e+00
3.79847831e+00
2.00217069e+00
-1.92616168e-01
-3.90585761e-01
2.80163699e+00
-4.97204358e+00
0.00000000e+00
0.00000000e+00
0.00000000e+00
2.39363467e+00
-4.73252489e-01
-5.13267612e-03
4.82098357e-01
-1.69444165e-02
2.23561700e+00
2.10623381e+00
1.61778086e+00
2.75837523e+00
0.00000000e+00
-1.00988812e-02
4.82711627e+00
-3.76885691e-02
-4.86731246e-02
1.28140471e+00
3.25187418e+00
1.13796983e+00
-3.65555009e-02
-2.24783312e-02
2.83094345e+00
4 2
-1.8164e+00 4.9344e-01
8 -1
1 2 0 6 3 11 7 9 
217
-1.68770171e-01
2.07475397e-01
-5.44180018e-02
1.16618546e+00
-1.01315244e+00
1.26815399e+00
-4.37205481e-01
2.62238606e+00
1.28158775e+00
5.29499875e-01
0.00000000e+00
0.00000000e+00
0.00000000e+00
0.00000000e+00
-2.75728340e+00
-4.48687339e-03
8.51410334e-01
-1.35742225e+00
-2.52298930e-03
5.58362205e-01
8.14543828e-01
-3.03955173e-02
2.04421080e-01
0.00000000e+00
0.00000000e+00
0.00000000e+00
0.00000000e+00
0.00000000e+00
0.00000000e+00
0.00000000e+00
0.00000000e+00
0.00000000e+00
0.00000000e+00
-5.96829401e-01
-5.10310722e-02
4.79090303e-01
0.00000000e+00
-8.62533872e-01
2.09698345e-01
3.63836504e-01
1.38296026e+00
0.00000000e+00
0.00000000e+00
0.00000000e+00
0.00000000e+00
-5.04465080e-03
1.34278716e+00
7.05975348e-01
0.00000000e+00
0.00000000e+00
0.00000000e+00
0.00000000e+00
0.00000000e+00
1.81274637e+00
0.00000000e+00
4.80826398e+00
0.00000000e+00
4.96327085e+00
0.00000000e+00
0.00000000e+00
9.70427463e-01
0.00000000e+00
1.90668102e+00
0.00000000e+00
4.96163069e-01
0.00000000e+00
1.69712689e-01
4.85983389e-01
-8.34645929e-01
-1.02702991e+00
0.00000000e+00
8.74729306e-01
0.00000000e+00
-7.82396519e-01
-4.66562397e-01
-2.61102957e-01
-5.14135535e-01
-8.45646280e-01
-5.11398653e-01
0.00000000e+00
6.96241686e-01
-4.51334779e+00
0.00000000e+00
0.00000000e+00
0.00000000e+00
1.60480031e+00
0.00000000e+00
1.34722574e+00
-1.02373043e+00
-8.53908867e-01
2.08943054e+00
-4.22360980e-01
-1.81823290e-01
0.00000000e+00
-4.87993742e-01
2.35285613e+00
9.23407842e-01
4.80215819e+00
0.00000000e+00
-2.91698428e-01
0.00000000e+00
-8.28849185e-01
-2.91960854e+00
9.51777443e-01
3.78629390e+00
0.00000000e+00
7.74292177e-01
0.00000000e+00
1.85527224e-01
-9.60574416e-01
-1.12858957e+00
1.09906868e+00
0.00000000e+00
8.72871843e-02
0.00000000e+00
8.92776287e-01
-1.34483259e+00
-1.14883364e+00
-3.21508141e+00
-1.56163966e-01
6.69773152e-01
-3.82804535e+00
0.00000000e+00
0.00000000e+00
0.00000000e+00
2.34290201e+00
-1.19111114e-02
-2.85582009e-02
2.90040863e+00
-8.43310704e-02
1.64780600e-01
3.85756292e+00
-8.61686618e-02
-2.39451731e-02
0.00000000e+00
-4.97570964e+00
-1.40185042e-02
-4.21410604e-02
-1.47312432e-02
0.00000000e+00
-1.08425438e+00
9.26997004e+00
-1.12715887e+00
-1.79078502e+00
-8.31664878e-01
-6.59767322e-01
0.00000000e+00
0.00000000e+00
0.00000000e+00
1.81625294e+00
-8.96203614e-03
-1.17341612e-02
1.08082655e+00
-1.62548524e-01
4.69853589e+00
-4.43802457e-01
-1.89917225e-02
-1.20831718e-02
0.00000000e+00
4.82669672e+00
-5.11604185e-03
-2.50758081e-02
-3.00967226e-02
0.00000000e+00
4.96388328e+00
2.00178008e+00
-5.43619108e-01
-9.10367990e-01
4.81205792e+00
-1.83273415e+00
0.00000000e+00
0.00000000e+00
0.00000000e+00
-6.99537615e-01
1.24393113e+01
-5.49929346e-02
1.71786903e+00
3.06491082e+00
-5.13904214e-03
3.57013348e+00
-4.38448637e+00
4.27871646e+00
0.00000000e+00
-3.51231947e-03
3.92118526e+00
-3.62305943e-02
-3.98266351e-03
2.65800830e+00
-1.56462248e-01
-3.23110446e-01
-2.69903527e-02
0.00000000e+00
-1.51936174e-02
-2.56873724e+00
0.00000000e+00
0.00000000e+00
0.00000000e+00
3.94745073e+00
4.06699129e+00
-1.86492888e-02
2.06442508e+00
-4.89721921e+00
-1.96732893e-03
-5.46711477e-01
4.74345838e+00
-2.14288038e+00
0.00000000e+00
-2.33103908e-03
3.47242621e-01
-2.22036530e-02
-4.92585918e-03
9.06274038e-01
-7.23699846e-02
2.83688768e+00
-2.91957306e-02
0.00000000e+00
-3.69661884e-02
136
3.40945003e-01
-2.82432903e-01
7.91046745e-03
6.52155041e-02
-1.55025811e-04
-8.88272455e-02
3.75923493e-03
6.46989647e-01
-3.22829896e-03
0.00000000e+00
0.00000000e+00
0.00000000e+00
0.00000000e+00
0.00000000e+00
0.00000000e+00
0.00000000e+00
-2.24424064e-01
1.78465381e-01
3.86903685e-01
0.00000000e+00
5.68743367e-01
2.78139275e-02
-3.22760526e-01
-4.82309152e-01
-2.81317228e-01
3.70015407e-01
0.00000000e+00
0.00000000e+00
1.97031830e-03
-1.71965139e-01
4.71358125e-01
1.00045123e-01
-6.49997979e-02
3.90660867e-01
5.70513495e-01
0.00000000e+00
-1.70644077e-01
-7.39047389e-01
7.68698379e-01
8.97499404e-01
-7.39754400e-01
0.00000000e+00
3.37773941e-01
0.00000000e+00
0.00000000e+00
0.00000000e+00
0.00000000e+00
-8.33970982e-01
2.82001584e-01
2.39851500e-02
-3.32613106e-01
0.00000000e+00
2.25046545e-02
-1.55507098e-01
1.65357792e-01
-5.16363335e-01
1.61905383e-01
-3.14708156e-03
1.80733991e-02
8.88462277e-02
1.30570049e-01
-4.65470664e-01
-4.11959306e-02
-1.01489993e-02
2.14298664e-01
-9.10694862e-02
-1.37574751e-01
3.30894838e-01
-8.97005179e-01
9.92716012e-02
1.18722284e-03
0.00000000e+00
5.76798832e-01
-2.97410778e-01
2.62173954e-01
-4.57652344e-01
0.00000000e+00
-3.29871395e-01
-4.90682581e-01
9.17907028e-02
-6.00036393e-02
0.00000000e+00
-4.43012269e-01
1.17425309e-01
-1.10930568e-01
8.16939380e-02
3.90819477e-01
-3.59885870e-01
-3.01212615e+00
0.00000000e+00
0.00000000e+00
0.00000000e+00
2.79013096e+00
-3.66413077e-01
1.69541985e+00
2.89441753e+00
1.16865729e+00
2.77645084e+00
3.14688557e+00
1.48805144e+00
2.56006939e+00
0.00000000e+00
1.54180083e+00
2.59728936e+00
2.54074295e-01
2.30102549e+00
2.71855516e+00
2.51016363e+00
2.34855522e+00
-5.87086791e-01
9.19482671e-01
2.50708179e+00
-2.27728047e+00
0.00000000e+00
0.00000000e+00
0.00000000e+00
1.57527375e+00
-9.42539057e-01
6.48343271e-01
1.43389502e+00
1.54943953e-01
9.49573464e-01
1.71327051e+00
1.87318768e-02
5.09944111e-01
0.00000000e+00
8.28860032e-01
2.00996385e+00
-5.02557137e-01
1.87890859e+00
1.40630001e+00
1.47663647e+00
1.59941610e+00
-8.45969489e-02
3.10189917e-01
1.95401158e+00
