1 3 -999999999 -1 -1
1 1 0 -1 -1
0.2206 -1.549
356
2.12740849e-01
2.12740849e-01
0.00000000e+00
-9.60123266e-01
5.37872627e-01
-3.94802475e-01
4.67066272e-01
0.00000000e+00
0.00000000e+00
-7.80338093e-01
-1.35004785e+00
8.86514345e-01
3.88773648e-01
-7.33181693e-01
-2.95033704e-01
6.80921299e-02
0.00000000e+00
0.00000000e+00
0.00000000e+00
0.00000000e+00
0.00000000e+00
0.00000000e+00
0.00000000e+00
0.00000000e+00
0.00000000e+00
0.00000000e+00
0.00000000e+00
0.00000000e+00
0.00000000e+00
0.00000000e+00
0.00000000e+00
0.00000000e+00
0.00000000e+00
0.00000000e+00
0.00000000e+00
0.00000000e+00
0.00000000e+00
0.00000000e+00
0.00000000e+00
0.00000000e+00
0.00000000e+00
0.00000000e+00
0.00000000e+00
0.00000000e+00
0.00000000e+00
0.00000000e+00
0.00000000e+00
0.00000000e+00
0.00000000e+00
0.00000000e+00
0.00000000e+00
-8.33114484e-01
-2.09190503e+00
1.64259409e+00
0.00000000e+00
0.00000000e+00
0.00000000e+00
0.00000000e+00
7.67172360e-01
-1.05845221e+00
3.32967575e-01
-2.47048071e-01
1.09926814e-02
-1.53767229e-01
4.23943735e-01
-2.78899720e+00
-1.32233550e+00
-2.20186779e+00
8.57641466e-01
-5.47284132e-02
9.44420366e-01
1.78237892e+00
2.44266076e-02
-6.03815705e-01
0.00000000e+00
0.00000000e+00
0.00000000e+00
0.00000000e+00
0.00000000e+00
0.00000000e+00
0.00000000e+00
0.00000000e+00
0.00000000e+00
0.00000000e+00
0.00000000e+00
0.00000000e+00
0.00000000e+00
9.77753010e-01
1.61044360e+00
0.00000000e+00
5.22755622e-02
-3.10353117e-01
1.30814486e-01
-3.22139864e-01
1.31900623e-01
-5.45275021e-01
-4.88339388e-01
-3.02535819e-01
5.78716570e-01
1.30778295e-01
0.00000000e+00
0.00000000e+00
0.00000000e+00
0.00000000e+00
3.73585245e+00
7.66909412e+00
0.00000000e+00
0.00000000e+00
0.00000000e+00
0.00000000e+00
0.00000000e+00
0.00000000e+00
-7.91371270e-01
-1.40429253e+00
-1.10868579e+00
-6.89439938e-01
4.37747659e-01
3.29302613e-02
3.56009786e+00
2.54891367e+00
0.00000000e+00
0.00000000e+00
0.00000000e+00
0.00000000e+00
2.63650529e+00
-9.84402031e-01
-2.81730733e+00
2.99172741e+00
0.00000000e+00
0.00000000e+00
1.05144514e+01
1.06788765e+01
1.05074350e+01
1.05005361e+01
1.11777865e+01
1.01819046e+01
1.39723682e+00
1.39587372e+00
9.67479837e-01
3.16343655e-01
8.37802887e-02
-5.23937151e-01
-2.75736657e-01
-1.86670823e+00
-1.36621195e+00
-2.26036704e+00
-1.40107162e+00
0.00000000e+00
0.00000000e+00
0.00000000e+00
0.00000000e+00
0.00000000e+00
-3.99639127e+00
9.13174016e+00
0.00000000e+00
0.00000000e+00
4.20913212e+00
-1.28314048e+00
0.00000000e+00
-4.59966547e+00
-1.04188394e+00
-2.19723033e+00
-2.48122766e+00
-6.59457467e-01
-3.52311160e+00
0.00000000e+00
0.00000000e+00
0.00000000e+00
-2.97678700e-01
-2.22997937e+00
5.80403689e-01
3.26620999e-01
-2.01733852e+00
4.48068829e-02
2.54561554e-01
6.73967000e-02
5.02783779e-01
0.00000000e+00
3.74198416e-01
9.46838893e-01
-1.52378168e+00
1.18272002e+00
1.72436091e+00
-1.45917816e-01
-8.76150908e-01
-2.29426098e+00
-7.04932598e-01
5.62237130e-01
-1.14511136e+00
0.00000000e+00
0.00000000e+00
0.00000000e+00
1.64847253e+00
1.90073352e+00
7.97024295e-01
7.42140560e-01
0.00000000e+00
9.00510223e-01
1.12665588e+00
1.05914124e+00
1.14589712e+00
0.00000000e+00
1.07471147e+00
1.00980155e+00
1.03750355e+00
8.08239525e-01
9.54489388e-01
1.23050838e+00
1.37333114e+00
5.31944731e-01
1.16674546e+00
1.50661836e+00
-1.51836931e+00
-1.45244587e-01
0.00000000e+00
5.35422871e-01
6.01067288e-01
1.73422783e-01
2.09392553e-02
-3.39606625e-01
9.05061683e-01
0.00000000e+00
0.00000000e+00
0.00000000e+00
-1.56554087e+00
-1.09139894e+00
-8.43161090e-01
-1.10799337e+00
0.00000000e+00
-8.65726436e-01
-1.05888605e+00
-9.27184015e-01
-7.73919687e-01
0.00000000e+00
-1.27653542e+00
-1.46297809e+00
-7.93881829e-01
-5.66906436e-01
6.71052626e-01
-1.53011012e+00
-1.57149387e+00
-4.81422630e-01
-7.87662449e-01
-1.26390325e+00
-1.37312472e+00
0.00000000e+00
1.98635526e+00
1.72669861e+00
-2.00474229e+00
-8.96639353e-01
0.00000000e+00
-4.43028694e-01
-5.21617323e-01
3.81447942e-01
-7.70533252e-02
-1.20103397e+00
-1.10810294e+00
0.00000000e+00
0.00000000e+00
-2.28499969e-01
-2.85668780e+00
0.00000000e+00
0.00000000e+00
0.00000000e+00
-2.68396191e+00
-2.83976633e+00
2.16925570e+00
0.00000000e+00
0.00000000e+00
0.00000000e+00
0.00000000e+00
9.31233477e-01
5.29854208e+00
0.00000000e+00
-7.84822656e-01
1.39617253e+00
0.00000000e+00
0.00000000e+00
1.43540276e-02
9.30839412e-01
3.25927791e+00
0.00000000e+00
0.00000000e+00
1.40925633e+00
-3.54521105e-01
0.00000000e+00
0.00000000e+00
0.00000000e+00
1.13661861e+00
0.00000000e+00
0.00000000e+00
0.00000000e+00
0.00000000e+00
0.00000000e+00
0.00000000e+00
1.31418105e+00
0.00000000e+00
0.00000000e+00
7.86207833e-01
0.00000000e+00
0.00000000e+00
0.00000000e+00
0.00000000e+00
1.46918914e+00
9.53299243e-01
0.00000000e+00
0.00000000e+00
1.52049508e+00
-2.33426519e+00
-1.06457423e+00
4.36773609e+00
0.00000000e+00
0.00000000e+00
-3.53626315e-01
-2.72100583e-01
-4.38847332e-01
-5.64439101e-01
0.00000000e+00
0.00000000e+00
0.00000000e+00
-1.91253378e-02
0.00000000e+00
0.00000000e+00
0.00000000e+00
0.00000000e+00
0.00000000e+00
0.00000000e+00
-2.39932959e-01
0.00000000e+00
0.00000000e+00
-3.99015759e-01
0.00000000e+00
0.00000000e+00
0.00000000e+00
0.00000000e+00
1.95522440e-01
1.27282576e+00
0.00000000e+00
0.00000000e+00
3.44520287e-01
-1.26969096e+00
3.70624300e+00
0.00000000e+00
0.00000000e+00
-5.22422610e-01
0.00000000e+00
0.00000000e+00
0.00000000e+00
0.00000000e+00
0.00000000e+00
0.00000000e+00
0.00000000e+00
6.10233492e-01
6.10233492e-01
0.00000000e+00
0.00000000e+00
247
-2.83894975e+00
-2.83894975e+00
0.00000000e+00
-1.81380724e+00
-1.02514251e+00
2.87144204e-01
8.68551934e-01
9.88212613e-01
0.00000000e+00
0.00000000e+00
-1.12112020e+00
-3.86393160e-01
8.74122727e-01
-1.58022760e+00
0.00000000e+00
0.00000000e+00
0.00000000e+00
0.00000000e+00
0.00000000e+00
0.00000000e+00
0.00000000e+00
0.00000000e+00
0.00000000e+00
0.00000000e+00
0.00000000e+00
0.00000000e+00
0.00000000e+00
0.00000000e+00
0.00000000e+00
0.00000000e+00
0.00000000e+00
0.00000000e+00
0.00000000e+00
0.00000000e+00
0.00000000e+00
0.00000000e+00
0.00000000e+00
0.00000000e+00
0.00000000e+00
0.00000000e+00
0.00000000e+00
-9.46376380e-01
2.19806329e-02
-1.88276734e+00
1.82851937e-02
0.00000000e+00
0.00000000e+00
0.00000000e+00
0.00000000e+00
0.00000000e+00
0.00000000e+00
0.00000000e+00
0.00000000e+00
0.00000000e+00
0.00000000e+00
0.00000000e+00
2.70051037e+00
3.36654940e+00
0.00000000e+00
5.60333818e+00
7.41857939e+00
0.00000000e+00
0.00000000e+00
0.00000000e+00
0.00000000e+00
0.00000000e+00
0.00000000e+00
-7.15889576e-01
-1.35481637e+00
-1.93421561e+00
-1.86733243e+00
-1.00438311e+00
-1.56565083e+00
-3.07687129e-01
1.68407751e+00
0.00000000e+00
0.00000000e+00
0.00000000e+00
0.00000000e+00
2.94049928e+00
2.13158334e+00
0.00000000e+00
0.00000000e+00
0.00000000e+00
0.00000000e+00
9.78925809e+00
1.01967089e+01
1.02175048e+01
1.09427640e+01
1.07956288e+01
9.41109360e+00
6.91400900e-01
-9.25567155e-01
-9.24150707e-01
-8.17171287e-01
-9.88402357e-01
-2.27232909e+00
0.00000000e+00
-7.07092484e-01
-2.17786485e-01
1.16079356e+00
0.00000000e+00
0.00000000e+00
0.00000000e+00
-1.75553769e+00
6.33888736e+00
0.00000000e+00
-1.08341206e+00
4.97144416e-01
0.00000000e+00
-6.06577793e+00
-1.00441204e+00
-1.86122759e+00
-2.46301567e+00
-1.72873555e+00
-2.86563964e+00
0.00000000e+00
0.00000000e+00
0.00000000e+00
1.41898787e-01
-9.39185142e-01
-9.01264120e-03
4.61451916e-01
0.00000000e+00
1.19762646e+00
-1.17934164e-01
8.32486829e-01
1.31184520e+00
0.00000000e+00
1.72923889e+00
1.43632956e+00
-3.48450718e-01
1.49618120e+00
2.53119581e+00
6.77715149e-01
7.93318594e-01
3.20524961e-01
2.93632179e-01
6.79022768e-01
-2.02449250e+00
-3.87084354e-01
0.00000000e+00
1.93492099e+00
1.35429708e+00
-5.34303570e-01
0.00000000e+00
0.00000000e+00
0.00000000e+00
1.17700613e+00
6.63529246e-01
1.18343010e+00
1.00817223e+00
0.00000000e+00
8.08046601e-01
8.92695328e-01
9.87628382e-01
8.55512433e-01
0.00000000e+00
9.73822808e-01
8.75420630e-01
7.71963842e-01
6.43436497e-01
-7.98297159e-01
1.13712461e+00
1.27076173e+00
0.00000000e+00
5.05902950e-01
8.17259644e-01
-1.63740815e+00
0.00000000e+00
3.53660058e+00
2.34387108e+00
-8.41147138e-01
-6.17327691e-01
0.00000000e+00
0.00000000e+00
5.49538520e-01
-2.23819447e-01
0.00000000e+00
0.00000000e+00
0.00000000e+00
-4.19175122e+00
0.00000000e+00
0.00000000e+00
0.00000000e+00
3.09247910e-01
-3.12571627e+00
0.00000000e+00
0.00000000e+00
0.00000000e+00
0.00000000e+00
0.00000000e+00
2.04454119e+00
0.00000000e+00
0.00000000e+00
2.01870864e+00
1.63659603e+00
0.00000000e+00
4.29637618e+00
3.57807991e+00
1.51892595e+00
0.00000000e+00
0.00000000e+00
0.00000000e+00
2.43392918e+00
-2.10216239e+00
-1.05119273e+00
2.84624662e+00
0.00000000e+00
0.00000000e+00
1.25364510e-01
0.00000000e+00
0.00000000e+00
0.00000000e+00
6.77571684e-02
0.00000000e+00
0.00000000e+00
0.00000000e+00
0.00000000e+00
0.00000000e+00
0.00000000e+00
-1.06382254e-01
0.00000000e+00
0.00000000e+00
1.10859807e+00
0.00000000e+00
0.00000000e+00
0.00000000e+00
-1.08197071e+00
0.00000000e+00
0.00000000e+00
0.00000000e+00
0.00000000e+00
0.00000000e+00
-1.05096966e+00
2.55652347e+00
0.00000000e+00
0.00000000e+00
-2.08958883e+00
0.00000000e+00
0.00000000e+00
0.00000000e+00
0.00000000e+00
-6.77765895e-01
-6.77765895e-01
0.00000000e+00
0.00000000e+00
2 -999999999 10 1 -1
1 0 1 1 -1
2.6480e-01 -1.3304e+00
356
1.17395201e-01
0.00000000e+00
0.00000000e+00
0.00000000e+00
0.00000000e+00
0.00000000e+00
0.00000000e+00
0.00000000e+00
0.00000000e+00
0.00000000e+00
0.00000000e+00
0.00000000e+00
0.00000000e+00
0.00000000e+00
0.00000000e+00
0.00000000e+00
1.17395201e-01
0.00000000e+00
-1.55569187e-02
-3.18449547e-01
-2.41275332e-01
-4.64887722e-01
0.00000000e+00
0.00000000e+00
-6.00809277e-02
3.76497611e-01
-5.20919593e-01
-3.81957224e-01
9.11162558e-03
7.54196216e-02
-1.00088166e-01
1.04670220e-01
1.27249806e-02
-3.86192352e-01
0.00000000e+00
2.88589999e-01
2.43469355e-01
2.88797071e-01
2.48680161e+00
2.02065501e-01
7.39437675e-01
0.00000000e+00
0.00000000e+00
0.00000000e+00
0.00000000e+00
0.00000000e+00
0.00000000e+00
0.00000000e+00
0.00000000e+00
0.00000000e+00
0.00000000e+00
-1.27137333e+00
-8.57208537e-01
-3.10188301e-01
0.00000000e+00
0.00000000e+00
0.00000000e+00
0.00000000e+00
-9.25343794e-01
1.20514657e+00
4.37912355e-01
1.05987155e+00
1.39283605e+00
-2.11744274e+00
-7.87298396e-01
-1.20334126e-01
0.00000000e+00
0.00000000e+00
-6.91486758e-01
2.90395585e-02
-4.01849328e-01
-8.05895478e-01
2.01213260e-02
-4.16025347e-01
0.00000000e+00
0.00000000e+00
0.00000000e+00
0.00000000e+00
0.00000000e+00
0.00000000e+00
0.00000000e+00
0.00000000e+00
0.00000000e+00
0.00000000e+00
0.00000000e+00
0.00000000e+00
0.00000000e+00
3.50510483e-02
4.58150124e-01
0.00000000e+00
-3.43438462e-01
3.28529326e-01
-1.65235414e-01
2.34314672e-01
-8.15859652e-01
-6.35939253e-01
6.98641140e-02
-3.08197563e-01
2.07850855e-01
2.50409955e-01
-4.92760174e-01
6.51354891e-01
0.00000000e+00
0.00000000e+00
3.07409423e+00
6.39539709e+00
0.00000000e+00
0.00000000e+00
0.00000000e+00
0.00000000e+00
0.00000000e+00
0.00000000e+00
-6.92889544e-01
-1.13158455e+00
-7.88540191e-01
-6.64294946e-01
7.54910644e-01
-4.34300437e-01
3.29624874e+00
2.69833122e+00
0.00000000e+00
0.00000000e+00
0.00000000e+00
0.00000000e+00
-9.70580334e-01
-3.51423755e+00
-2.37313253e+00
3.88532139e+00
0.00000000e+00
0.00000000e+00
8.74184590e+00
9.25576329e+00
9.01897642e+00
9.38505457e+00
8.96394889e+00
7.55070767e+00
1.31438563e+00
7.88445618e-01
1.00253903e+00
5.63192141e-01
6.88698159e-01
4.76263965e-01
0.00000000e+00
0.00000000e+00
-1.00127179e+00
5.46524090e-01
0.00000000e+00
0.00000000e+00
0.00000000e+00
0.00000000e+00
0.00000000e+00
0.00000000e+00
-2.38159183e+00
6.58529857e+00
0.00000000e+00
0.00000000e+00
2.49898703e+00
-5.07478079e-02
0.00000000e+00
-4.52157841e+00
-1.37058162e+00
1.09181337e-01
-1.58611741e+00
-1.86560481e+00
-2.95669903e+00
0.00000000e+00
0.00000000e+00
0.00000000e+00
1.95829299e-01
-6.41536863e-01
-1.64313879e-01
-7.13683574e-02
-2.54726617e+00
-1.64692739e-01
-2.63692302e-01
-1.21513224e-02
4.93428418e-01
0.00000000e+00
2.07729414e+00
5.90789055e-01
-9.00726568e-01
-1.77962190e-01
2.05807668e+00
2.13863045e-01
-3.85008117e-01
-2.91772829e+00
-1.22702394e+00
8.87491076e-01
-1.24399008e-01
0.00000000e+00
0.00000000e+00
0.00000000e+00
-1.37344184e-01
-1.51102549e+00
5.07924966e-02
6.61887031e-01
-5.48833162e-01
-4.97116712e-01
2.11910174e-01
-4.08962509e-01
4.33202340e-01
0.00000000e+00
-9.66312545e-01
-3.39229384e-01
1.21767724e-01
8.12385822e-01
-4.59629280e-01
4.62657633e-01
5.88675917e-01
9.85928017e-01
4.81321210e-01
-6.64741061e-02
-6.32800334e-01
-4.14952730e-01
0.00000000e+00
1.24438019e+00
1.13995854e+00
1.07510457e-01
-1.10247702e-01
-4.12215485e-01
7.18254794e-02
0.00000000e+00
0.00000000e+00
0.00000000e+00
-2.17475003e-01
9.11846731e-01
2.46521064e-01
7.09816506e-02
1.12521909e-01
1.85839497e-01
-1.98698096e-01
-2.34083203e-01
-1.58231835e-01
0.00000000e+00
5.15063156e-02
-6.94088903e-01
-2.20010526e-02
-3.50895620e-02
1.21784533e+00
-2.39083084e-01
4.78140922e-01
-4.80575292e-01
-8.38733068e-01
-8.53188359e-02
-2.17847604e-01
0.00000000e+00
2.75764694e-01
2.03122206e-01
-2.32389870e+00
-9.55628893e-01
0.00000000e+00
0.00000000e+00
6.26594207e-01
-6.41786800e-02
5.48068053e-02
-9.46257018e-01
-1.36826980e+00
0.00000000e+00
0.00000000e+00
3.37257210e-01
-1.75642348e+00
0.00000000e+00
0.00000000e+00
0.00000000e+00
3.46183900e-01
-4.70071534e+00
-1.51970400e+00
0.00000000e+00
0.00000000e+00
0.00000000e+00
0.00000000e+00
3.12023231e+00
-3.45537419e-01
0.00000000e+00
1.57927375e+00
-1.27175158e+00
0.00000000e+00
6.29397992e+00
4.18306269e+00
3.08100923e+00
7.24776942e-01
0.00000000e+00
0.00000000e+00
2.45048396e+00
-9.68070421e-01
0.00000000e+00
0.00000000e+00
0.00000000e+00
3.59038390e-01
0.00000000e+00
2.44114729e+00
0.00000000e+00
0.00000000e+00
0.00000000e+00
0.00000000e+00
7.48974713e-01
0.00000000e+00
0.00000000e+00
-9.54527299e-01
0.00000000e+00
0.00000000e+00
0.00000000e+00
-5.77117664e-01
1.23216868e+00
1.15649232e+00
0.00000000e+00
0.00000000e+00
1.35478678e+00
-1.83963977e-01
1.51073217e-01
6.31826443e-01
-4.80753225e-01
0.00000000e+00
9.89535069e-02
1.67233846e-01
-1.15114136e-01
-1.18188889e+00
0.00000000e+00
0.00000000e+00
0.00000000e+00
6.66495088e-01
0.00000000e+00
-6.36327857e-01
0.00000000e+00
0.00000000e+00
0.00000000e+00
0.00000000e+00
8.82609484e-01
0.00000000e+00
0.00000000e+00
1.43518943e+00
0.00000000e+00
0.00000000e+00
0.00000000e+00
1.16602051e+00
6.57292202e-01
1.02006428e+00
0.00000000e+00
0.00000000e+00
5.32496611e-01
-3.35037194e-01
4.96973676e-01
-8.32010870e-01
0.00000000e+00
-1.57245950e+00
0.00000000e+00
0.00000000e+00
0.00000000e+00
0.00000000e+00
0.00000000e+00
0.00000000e+00
0.00000000e+00
-1.53056762e+00
-1.53056762e+00
0.00000000e+00
0.00000000e+00
247
-1.29853871e+00
0.00000000e+00
0.00000000e+00
0.00000000e+00
0.00000000e+00
0.00000000e+00
0.00000000e+00
0.00000000e+00
0.00000000e+00
8.74154613e-01
0.00000000e+00
0.00000000e+00
0.00000000e+00
0.00000000e+00
-1.29853871e+00
0.00000000e+00
-4.27991544e-01
-8.70547169e-01
0.00000000e+00
-8.40850300e-01
0.00000000e+00
0.00000000e+00
0.00000000e+00
-1.22369477e+00
-1.62686817e-02
0.00000000e+00
0.00000000e+00
2.15273465e+00
-3.45127336e+00
9.10252548e+00
-6.94979083e+00
0.00000000e+00
-1.13649918e-01
-3.44471623e+00
0.00000000e+00
0.00000000e+00
0.00000000e+00
0.00000000e+00
0.00000000e+00
0.00000000e+00
0.00000000e+00
-1.44375669e+00
1.84831660e-02
-2.15923876e+00
3.74377850e-02
0.00000000e+00
0.00000000e+00
0.00000000e+00
0.00000000e+00
0.00000000e+00
0.00000000e+00
0.00000000e+00
0.00000000e+00
0.00000000e+00
0.00000000e+00
0.00000000e+00
4.26933210e+00
4.58682571e+00
0.00000000e+00
3.51983162e+00
7.16487837e+00
0.00000000e+00
0.00000000e+00
0.00000000e+00
0.00000000e+00
0.00000000e+00
0.00000000e+00
1.42977271e-01
-1.87321915e+00
-1.71790901e+00
-1.35486448e+00
2.22158489e-01
-2.37513459e-01
4.33416197e+00
1.16459609e+00
0.00000000e+00
2.49987860e+00
0.00000000e+00
0.00000000e+00
1.94817839e+00
-3.15393569e+00
-2.70566876e+00
4.08752056e+00
0.00000000e+00
0.00000000e+00
1.14705076e+01
1.16226357e+01
1.15729700e+01
1.16621325e+01
1.19601448e+01
1.11995309e+01
5.90972028e-01
9.24289313e-01
7.29236011e-01
3.60918084e-02
-4.65330273e-01
-7.54388653e-01
0.00000000e+00
0.00000000e+00
0.00000000e+00
0.00000000e+00
0.00000000e+00
0.00000000e+00
0.00000000e+00
-1.42084878e+00
5.58137332e+00
0.00000000e+00
1.22310066e-01
-6.94791304e-02
0.00000000e+00
-4.96027748e+00
-1.64362695e+00
-1.81906142e+00
-5.81992945e-01
-2.92114665e+00
-3.46268837e+00
0.00000000e+00
0.00000000e+00
0.00000000e+00
6.86946942e-02
-9.90081603e-01
6.76804451e-01
-4.40033989e-02
-3.01042468e+00
-3.84899874e-02
9.24443614e-01
-1.93676963e-01
2.33290594e-01
0.00000000e+00
-4.31136082e-03
9.20602473e-01
-1.71263575e+00
5.98427278e-01
2.05809191e+00
3.93805451e-01
-2.28947262e-01
-3.63318589e+00
-6.01507259e-01
1.12041532e+00
-1.26735030e+00
-5.14624249e-01
0.00000000e+00
1.64948163e+00
8.87074475e-01
4.47044911e-01
0.00000000e+00
0.00000000e+00
0.00000000e+00
-1.48607034e+00
-2.39811281e+00
-1.44131151e+00
-3.26001364e-01
0.00000000e+00
-1.20316358e+00
-7.95541781e-01
-8.27778396e-01
-6.00797797e-01
0.00000000e+00
-1.35378837e+00
-2.43468634e-01
0.00000000e+00
-2.42455262e-01
-2.11242252e+00
-5.97109329e-01
-6.07016897e-01
0.00000000e+00
-3.90007937e-01
-1.35316877e+00
-7.52726053e-01
0.00000000e+00
6.14480539e-01
4.59048289e-01
-2.19533807e+00
-1.12900270e+00
0.00000000e+00
0.00000000e+00
5.39364938e-01
-1.06633537e+00
0.00000000e+00
0.00000000e+00
2.16280873e-02
-3.50313960e+00
0.00000000e+00
0.00000000e+00
0.00000000e+00
-4.89150042e-02
-3.78591064e+00
0.00000000e+00
0.00000000e+00
0.00000000e+00
0.00000000e+00
0.00000000e+00
4.90435645e+00
0.00000000e+00
0.00000000e+00
3.35619589e+00
-9.17999215e-01
0.00000000e+00
8.14297200e+00
0.00000000e+00
5.13705633e+00
4.29271943e+00
0.00000000e+00
0.00000000e+00
4.81367501e+00
-9.84800802e-01
5.20152873e-01
1.16678235e-01
4.03474638e-01
0.00000000e+00
1.26267429e+00
0.00000000e+00
0.00000000e+00
0.00000000e+00
-7.40494859e-01
0.00000000e+00
0.00000000e+00
0.00000000e+00
0.00000000e+00
0.00000000e+00
0.00000000e+00
-2.11256546e-01
0.00000000e+00
0.00000000e+00
-2.79585197e+00
0.00000000e+00
0.00000000e+00
0.00000000e+00
0.00000000e+00
-1.43558051e+00
-2.40393786e-01
0.00000000e+00
0.00000000e+00
-9.17343945e-01
-1.50495367e+00
1.96127356e+00
0.00000000e+00
0.00000000e+00
-2.51833880e+00
0.00000000e+00
0.00000000e+00
0.00000000e+00
0.00000000e+00
-1.41619298e+00
-1.41619298e+00
0.00000000e+00
0.00000000e+00
0 -999999999 -999999999 1 2
1 0 0 1 1
4.7295e-02 -7.3695e-01
356
2.58495146e-01
0.00000000e+00
0.00000000e+00
0.00000000e+00
0.00000000e+00
0.00000000e+00
0.00000000e+00
0.00000000e+00
0.00000000e+00
0.00000000e+00
0.00000000e+00
0.00000000e+00
0.00000000e+00
0.00000000e+00
0.00000000e+00
0.00000000e+00
0.00000000e+00
0.00000000e+00
0.00000000e+00
0.00000000e+00
0.00000000e+00
0.00000000e+00
0.00000000e+00
0.00000000e+00
0.00000000e+00
0.00000000e+00
0.00000000e+00
0.00000000e+00
0.00000000e+00
0.00000000e+00
0.00000000e+00
2.56420171e-01
2.07497577e-03
-3.48047430e-01
-8.08829940e-01
4.45129676e-01
1.99384708e-01
3.78203527e-01
2.35400054e-01
2.26264073e-01
4.94712481e-01
3.67761099e-01
-1.09265953e-01
-7.91747284e-01
-4.98639092e-01
2.52564883e-01
9.46671659e-01
7.44684202e-01
-2.19594536e+00
4.14824182e-01
7.05097266e-02
-1.46380077e+00
-2.89754234e-01
-1.19207220e+00
0.00000000e+00
0.00000000e+00
0.00000000e+00
0.00000000e+00
3.46997187e-02
4.78447963e-01
7.85647353e-02
1.57569438e-01
1.76522174e-02
-6.21435152e-01
-6.66055349e-01
3.05428833e-01
7.93633824e-01
1.22908278e-01
0.00000000e+00
0.00000000e+00
0.00000000e+00
-8.49764047e-01
1.61530034e-02
-2.09830832e-01
-2.69618863e-01
3.85702548e-02
4.35217444e-01
1.35309895e+00
-2.91886324e-01
1.49235945e+00
0.00000000e+00
0.00000000e+00
0.00000000e+00
0.00000000e+00
0.00000000e+00
0.00000000e+00
0.00000000e+00
-4.94791516e-01
-8.40344481e-02
1.15721903e+00
-9.94573727e-01
-4.64538843e-01
-1.09480396e-02
-2.45485943e-01
-1.11439503e+00
-1.23868222e+00
4.43374396e-01
4.44946472e-02
6.54880864e-01
-1.18043144e-01
3.19775494e-01
4.42428406e-01
0.00000000e+00
0.00000000e+00
3.67199372e+00
4.24902899e+00
0.00000000e+00
0.00000000e+00
0.00000000e+00
0.00000000e+00
0.00000000e+00
0.00000000e+00
-6.82558047e-01
-8.90370072e-01
-9.30518165e-01
-7.09504425e-01
3.92240653e-01
-5.92788517e-01
1.13140753e+00
5.34410334e+00
3.70027343e-01
2.80724753e-01
0.00000000e+00
0.00000000e+00
2.90044530e-01
-1.96474842e+00
-9.09123387e-01
8.18749667e-01
0.00000000e+00
0.00000000e+00
1.02018336e+01
1.04499870e+01
9.83078879e+00
9.89014681e+00
9.82250563e+00
9.01943781e+00
1.77407295e+00
8.55765879e-01
8.45940803e-01
3.19127173e-01
2.59617437e-01
-5.46454275e-01
5.23029578e-01
4.61246597e-02
-9.75404876e-02
2.26148613e-01
9.74352811e-01
0.00000000e+00
0.00000000e+00
0.00000000e+00
0.00000000e+00
0.00000000e+00
-1.47485010e-01
4.60684325e+00
0.00000000e+00
0.00000000e+00
4.05980157e-01
-2.12352079e-03
0.00000000e+00
0.00000000e+00
-1.35914782e+00
-1.27669261e+00
-2.05435076e+00
-2.71384123e+00
-3.41349857e+00
0.00000000e+00
0.00000000e+00
0.00000000e+00
-6.25403776e-02
-1.17282236e+00
5.14424386e-01
-3.06314247e-01
-8.88018071e-01
2.14628258e-01
-1.00193406e+00
-2.29098887e-01
1.09359367e+00
0.00000000e+00
9.19398232e-01
1.17069884e+00
-1.52466671e+00
2.94950715e-01
1.92515590e+00
-9.30429999e-01
-1.40308810e+00
-1.71422488e+00
-8.46041070e-01
5.32830181e-01
5.26433830e-01
0.00000000e+00
0.00000000e+00
0.00000000e+00
1.17678109e-01
2.61591347e-01
-4.00098411e-01
1.20027298e-01
-4.92320309e-01
-1.56909513e-01
2.93925982e-01
-2.19039009e-01
-1.61108617e-01
0.00000000e+00
-3.42239777e-01
5.92986749e-02
4.12595574e-01
2.69778625e-01
-1.32059763e-01
3.04558687e-01
5.97912711e-01
-1.96695138e-01
3.29164097e-01
-1.39626738e-01
-1.04858278e+00
-4.56059959e-01
0.00000000e+00
0.00000000e+00
9.20273116e-01
1.80520505e-01
-9.64813445e-02
-5.40099120e-01
-5.46509987e-01
0.00000000e+00
0.00000000e+00
0.00000000e+00
-5.12696119e-01
-1.10987986e-01
1.42435136e-01
-3.36892562e-01
-3.01255602e-01
6.17780967e-01
-2.78017424e-01
7.41659305e-01
-2.67550266e-01
0.00000000e+00
-2.82077686e-01
-2.21923147e-01
-1.74742831e-01
2.92453541e-01
3.45997239e-01
-8.92051696e-01
-5.42939721e-01
4.70348968e-01
6.64089903e-01
9.98599947e-02
-5.92522824e-01
0.00000000e+00
0.00000000e+00
2.59513103e-01
-2.36491579e+00
-9.03087856e-01
0.00000000e+00
0.00000000e+00
0.00000000e+00
3.49691995e-01
-2.34161862e-01
-1.01861799e+00
-1.46182793e+00
0.00000000e+00
0.00000000e+00
0.00000000e+00
-3.99053385e+00
0.00000000e+00
0.00000000e+00
0.00000000e+00
1.40114491e+00
1.57045871e-01
-2.44000125e+00
0.00000000e+00
0.00000000e+00
0.00000000e+00
0.00000000e+00
-1.01387913e-02
8.01100047e-01
0.00000000e+00
5.30863010e-01
7.66240264e-01
0.00000000e+00
7.80878098e-01
-1.16123864e+00
1.83377688e+00
2.05656997e+00
0.00000000e+00
0.00000000e+00
2.12981902e+00
-1.75221591e+00
0.00000000e+00
0.00000000e+00
0.00000000e+00
2.27457926e-01
0.00000000e+00
8.07098415e-01
0.00000000e+00
0.00000000e+00
0.00000000e+00
0.00000000e+00
1.78018794e+00
0.00000000e+00
0.00000000e+00
1.14767552e-01
1.82809479e+00
0.00000000e+00
0.00000000e+00
0.00000000e+00
1.04352755e+00
4.38088460e-01
0.00000000e+00
0.00000000e+00
4.11033112e-01
-5.59123048e-01
1.09478338e+00
0.00000000e+00
4.74137207e-01
6.20646169e-01
6.97160742e-01
3.23179322e-01
7.44433123e-02
1.78125551e-01
0.00000000e+00
0.00000000e+00
0.00000000e+00
1.54860880e-02
0.00000000e+00
3.38138001e-01
0.00000000e+00
0.00000000e+00
0.00000000e+00
0.00000000e+00
-1.41909378e+00
0.00000000e+00
0.00000000e+00
1.01162542e+00
9.17208713e-01
0.00000000e+00
0.00000000e+00
0.00000000e+00
2.71593743e-01
4.14618405e-01
0.00000000e+00
0.00000000e+00
-5.21387138e-01
-1.65390642e+00
8.86463027e-01
1.12321325e+00
0.00000000e+00
-3.43141080e+00
0.00000000e+00
0.00000000e+00
0.00000000e+00
0.00000000e+00
0.00000000e+00
0.00000000e+00
0.00000000e+00
-1.05993481e+00
-1.03394804e+00
0.00000000e+00
0.00000000e+00
247
-3.31976121e-01
0.00000000e+00
0.00000000e+00
0.00000000e+00
0.00000000e+00
0.00000000e+00
0.00000000e+00
0.00000000e+00
0.00000000e+00
0.00000000e+00
0.00000000e+00
0.00000000e+00
0.00000000e+00
0.00000000e+00
0.00000000e+00
0.00000000e+00
0.00000000e+00
0.00000000e+00
0.00000000e+00
0.00000000e+00
0.00000000e+00
0.00000000e+00
0.00000000e+00
0.00000000e+00
0.00000000e+00
0.00000000e+00
0.00000000e+00
2.24662343e+00
-2.57859955e+00
7.73744800e+00
-5.49082457e+00
0.00000000e+00
-1.84940090e-01
-2.86321528e+00
-3.31976121e-01
0.00000000e+00
-1.44558949e+00
1.11361337e+00
-1.98809912e-01
4.07749591e-01
7.55367175e-01
0.00000000e+00
0.00000000e+00
-2.68566512e+00
1.44610108e-02
-4.12582608e+00
7.02520146e-02
0.00000000e+00
0.00000000e+00
0.00000000e+00
0.00000000e+00
0.00000000e+00
0.00000000e+00
0.00000000e+00
0.00000000e+00
0.00000000e+00
-4.55376445e-01
5.21840660e-01
0.00000000e+00
4.22444480e+00
5.37339680e+00
0.00000000e+00
0.00000000e+00
0.00000000e+00
0.00000000e+00
0.00000000e+00
0.00000000e+00
-7.85808941e-02
-1.66909233e+00
-9.32985634e-01
-1.25908691e+00
-1.87195975e-01
-4.29479181e-01
3.25170560e+00
1.66882691e+00
0.00000000e+00
0.00000000e+00
0.00000000e+00
0.00000000e+00
3.46877608e+00
1.34470901e+00
0.00000000e+00
0.00000000e+00
0.00000000e+00
0.00000000e+00
1.04010849e+01
1.12473986e+01
1.05902269e+01
1.11048919e+01
1.06665479e+01
9.55830368e+00
0.00000000e+00
1.06448610e+00
4.10062561e-01
1.64791076e-01
1.19400495e+00
0.00000000e+00
0.00000000e+00
4.46299081e-02
-6.25080277e-01
-7.93317611e-01
0.00000000e+00
0.00000000e+00
0.00000000e+00
-9.04211931e-02
5.34598103e+00
0.00000000e+00
-2.41554928e-01
1.72958590e+00
0.00000000e+00
0.00000000e+00
-1.26778263e+00
-3.28863829e+00
-2.81857452e+00
-2.88679840e+00
-4.55642092e+00
0.00000000e+00
0.00000000e+00
0.00000000e+00
1.77242088e+00
5.28805612e-01
2.66522662e+00
2.14288882e+00
0.00000000e+00
1.87413204e+00
9.45262620e-01
4.46077590e-01
1.96867277e+00
0.00000000e+00
3.28658692e+00
1.20078029e+00
1.52797116e+00
0.00000000e+00
4.19018878e+00
2.04461518e+00
1.81761184e+00
0.00000000e+00
0.00000000e+00
2.55960914e+00
-1.10818503e+00
-8.38278370e-01
0.00000000e+00
0.00000000e+00
-7.69765329e-02
-1.69673217e-01
0.00000000e+00
0.00000000e+00
0.00000000e+00
5.47360689e-01
-3.66205949e-01
-3.50523130e-02
8.41553592e-01
0.00000000e+00
5.04893275e-01
5.90938899e-01
1.08788055e+00
8.91453077e-01
0.00000000e+00
3.17977440e-01
6.99671064e-01
0.00000000e+00
0.00000000e+00
0.00000000e+00
1.02241151e+00
8.40882597e-01
0.00000000e+00
0.00000000e+00
8.14780156e-01
-2.69906657e-01
0.00000000e+00
0.00000000e+00
7.79831896e-01
-3.44823589e+00
-4.29504264e-01
0.00000000e+00
0.00000000e+00
0.00000000e+00
0.00000000e+00
0.00000000e+00
0.00000000e+00
0.00000000e+00
-5.70537292e+00
0.00000000e+00
0.00000000e+00
0.00000000e+00
-9.95359563e-02
2.05665409e+00
0.00000000e+00
0.00000000e+00
0.00000000e+00
0.00000000e+00
0.00000000e+00
2.18972178e+00
0.00000000e+00
0.00000000e+00
1.21539783e+00
4.79263334e+00
0.00000000e+00
0.00000000e+00
3.66414890e+00
1.24377529e+00
0.00000000e+00
0.00000000e+00
0.00000000e+00
3.13377965e+00
-1.57879142e+00
1.81796220e+00
0.00000000e+00
1.17055779e+00
6.65579361e-01
-3.54158267e-01
0.00000000e+00
0.00000000e+00
0.00000000e+00
6.79507341e-03
0.00000000e+00
0.00000000e+00
0.00000000e+00
0.00000000e+00
0.00000000e+00
0.00000000e+00
5.56698835e-01
0.00000000e+00
0.00000000e+00
-1.00773234e+00
0.00000000e+00
0.00000000e+00
0.00000000e+00
-3.97288816e-01
-3.34743331e-01
0.00000000e+00
0.00000000e+00
0.00000000e+00
-1.04467223e+00
-3.39675363e+00
-1.03806971e+00
4.28248286e+00
0.00000000e+00
-4.12658149e+00
0.00000000e+00
0.00000000e+00
0.00000000e+00
0.00000000e+00
5.09955227e-01
9.47648513e-01
0.00000000e+00
0.00000000e+00
11 1
-1.3465e-01 -3.9567e-01
3 1
1 2 0 
217
-1.09900627e+00
2.46221931e-01
6.99064543e-01
7.74024363e-01
-4.87925522e-01
5.71600426e-01
3.37623951e-02
1.94339384e-01
1.44204050e-01
-6.89902660e-01
-7.38907529e-01
-7.57423084e-01
0.00000000e+00
0.00000000e+00
4.41184689e-01
8.10694743e-03
-1.86972181e+00
-1.85915947e+00
1.97714263e-02
-1.50704441e-01
3.18968521e-01
-6.12864459e-02
-7.59247161e-01
0.00000000e+00
0.00000000e+00
0.00000000e+00
0.00000000e+00
0.00000000e+00
0.00000000e+00
0.00000000e+00
0.00000000e+00
0.00000000e+00
0.00000000e+00
-4.97725618e-01
-5.86692376e-01
0.00000000e+00
0.00000000e+00
-5.80993259e-01
-6.25218377e-01
1.07205370e-01
0.00000000e+00
0.00000000e+00
0.00000000e+00
0.00000000e+00
0.00000000e+00
-4.77981602e-01
-8.39179407e-02
-3.68188869e-01
-1.90937162e-02
-5.55192291e-01
2.98162783e-01
1.07205370e-01
0.00000000e+00
0.00000000e+00
0.00000000e+00
0.00000000e+00
0.00000000e+00
0.00000000e+00
0.00000000e+00
0.00000000e+00
-1.49824138e-01
-1.90937162e-02
-9.30088411e-01
1.16642809e-01
7.85083180e-02
3.47142893e-01
-8.33834016e-01
1.12345493e+00
-4.60323375e-01
-1.48935943e-01
-1.45711509e+00
4.04847482e-01
-1.88700814e-01
-3.37406962e-01
3.16007171e-01
2.90668306e-01
3.71214144e-01
0.00000000e+00
-9.30088411e-01
-1.55939608e+00
-2.63607549e-01
-1.95330057e-01
9.46896947e-02
2.30912316e+00
0.00000000e+00
0.00000000e+00
0.00000000e+00
0.00000000e+00
0.00000000e+00
0.00000000e+00
0.00000000e+00
0.00000000e+00
0.00000000e+00
0.00000000e+00
0.00000000e+00
0.00000000e+00
0.00000000e+00
0.00000000e+00
0.00000000e+00
0.00000000e+00
0.00000000e+00
0.00000000e+00
0.00000000e+00
0.00000000e+00
0.00000000e+00
0.00000000e+00
0.00000000e+00
0.00000000e+00
0.00000000e+00
0.00000000e+00
0.00000000e+00
0.00000000e+00
0.00000000e+00
0.00000000e+00
0.00000000e+00
0.00000000e+00
0.00000000e+00
0.00000000e+00
0.00000000e+00
-1.10587675e+00
1.04632359e+00
-2.87505950e+00
0.00000000e+00
0.00000000e+00
0.00000000e+00
4.64553067e-01
1.13585029e-01
1.29034508e-01
7.73635603e-01
-3.23499094e-01
3.37913083e-01
1.56333585e-01
4.70336512e-01
1.09724290e+00
0.00000000e+00
6.54492204e-01
1.62949932e+00
-6.32682341e-01
-1.42289326e-01
9.48416057e-01
8.65877288e-01
7.91995077e-01
-1.10750364e+00
-2.67687368e-01
1.12749259e+00
1.84943332e-01
0.00000000e+00
0.00000000e+00
0.00000000e+00
6.17901602e-01
2.08172600e-01
2.01179346e-01
4.41833558e-01
-3.06120363e-01
3.20912025e-01
5.82596178e-01
5.22625915e-01
5.60795179e-01
0.00000000e+00
6.94992563e-01
2.98212761e-01
4.16125512e-01
1.09517540e+00
3.99582770e-01
3.53383111e-01
6.52808337e-01
5.49867020e-01
8.96197573e-01
1.31346271e-01
-3.36686672e+00
0.00000000e+00
0.00000000e+00
0.00000000e+00
2.45879674e+00
4.71808233e+00
-1.22320378e-02
-1.84696966e-03
0.00000000e+00
0.00000000e+00
0.00000000e+00
1.06381231e+00
0.00000000e+00
0.00000000e+00
2.10450882e+00
5.54033188e+00
0.00000000e+00
0.00000000e+00
0.00000000e+00
2.04150716e+00
1.92688631e+00
0.00000000e+00
-3.37506147e-05
1.87599458e+00
-1.62894863e+00
0.00000000e+00
0.00000000e+00
0.00000000e+00
2.17823922e+00
1.15358250e+00
-8.81866445e-03
-8.05767600e-04
0.00000000e+00
0.00000000e+00
0.00000000e+00
1.49815714e+00
0.00000000e+00
0.00000000e+00
1.36336150e+00
2.56687264e+00
0.00000000e+00
0.00000000e+00
0.00000000e+00
1.05195232e+00
1.81995949e+00
0.00000000e+00
-1.08542197e-04
7.14142761e-01
136
2.86124744e+00
-1.39049288e-01
4.24886654e-02
-7.94489039e-01
2.60195185e-02
4.51797565e+00
-2.80266073e-01
0.00000000e+00
0.00000000e+00
0.00000000e+00
0.00000000e+00
0.00000000e+00
0.00000000e+00
0.00000000e+00
0.00000000e+00
0.00000000e+00
2.91767553e+00
2.98558447e+00
0.00000000e+00
-2.83878045e+00
3.16143399e-01
1.99741467e+00
3.38646982e+00
0.00000000e+00
0.00000000e+00
0.00000000e+00
0.00000000e+00
-2.83878045e+00
1.90085983e+00
-2.14536326e+00
-5.23927105e-01
5.60646824e-01
3.85538572e+00
-1.33404394e+00
3.38646982e+00
0.00000000e+00
0.00000000e+00
0.00000000e+00
0.00000000e+00
0.00000000e+00
0.00000000e+00
0.00000000e+00
0.00000000e+00
0.00000000e+00
0.00000000e+00
0.00000000e+00
-3.03682196e+00
-2.72071887e+00
-1.04361534e-01
-1.69046378e+00
1.76089268e-02
8.31897418e-01
2.64621451e+00
-5.23887142e-02
7.70162523e-01
-2.02436157e-01
0.00000000e+00
-3.60721098e+00
-1.64504539e-01
-1.27331999e+00
-9.88264834e-01
5.60646824e-01
-7.68430530e-01
0.00000000e+00
0.00000000e+00
0.00000000e+00
0.00000000e+00
0.00000000e+00
0.00000000e+00
0.00000000e+00
0.00000000e+00
0.00000000e+00
0.00000000e+00
0.00000000e+00
0.00000000e+00
0.00000000e+00
0.00000000e+00
0.00000000e+00
0.00000000e+00
0.00000000e+00
0.00000000e+00
0.00000000e+00
0.00000000e+00
0.00000000e+00
0.00000000e+00
0.00000000e+00
-2.71824151e-01
-5.58620214e-01
-1.77888612e+00
0.00000000e+00
0.00000000e+00
0.00000000e+00
7.06387505e-01
-2.15384781e-01
1.56265372e-01
-7.79648217e-01
-1.72998331e+00
-6.33014273e-01
3.85434697e-02
-1.85325452e-01
1.75758382e+00
0.00000000e+00
9.58264161e-01
5.60161835e-01
-1.93046448e+00
6.81829355e-01
1.62170277e+00
-4.74024026e-02
-3.36446739e-01
-2.23209171e+00
-7.92304740e-01
6.22441694e-01
-5.59643863e+00
0.00000000e+00
0.00000000e+00
0.00000000e+00
3.80428535e+00
4.69093723e+00
-5.02715678e-01
-1.74681821e-02
0.00000000e+00
0.00000000e+00
-6.10889305e-03
3.81717989e+00
3.29990182e+00
0.00000000e+00
4.09609227e+00
6.75844006e+00
0.00000000e+00
4.01946415e+00
3.73643108e+00
2.54608289e+00
3.36887636e+00
-1.12852922e-02
-2.07229254e-02
2.93695388e+00
3 1
-2.4711e-01 -2.7997e-01
4 0
1 2 0 11 
217
-1.19091919e+00
-7.45971445e-01
2.78634996e-01
3.56196465e-01
-9.40108894e-01
7.09101414e-01
-4.25223977e-01
1.15490219e-01
-7.91669842e-02
-3.88881897e-01
1.86174743e-02
1.42322970e+00
0.00000000e+00
0.00000000e+00
0.00000000e+00
0.00000000e+00
0.00000000e+00
-1.02914685e+00
4.43202517e-02
-2.08324842e-02
-1.65405927e+00
4.27741819e-02
3.77241198e-01
1.49228693e+00
-4.53277931e-01
1.95325788e+00
0.00000000e+00
0.00000000e+00
0.00000000e+00
0.00000000e+00
0.00000000e+00
0.00000000e+00
0.00000000e+00
-2.82865365e-01
3.54600789e-02
0.00000000e+00
0.00000000e+00
-2.94530990e-01
-6.08308283e-01
-2.93320584e-01
5.24067007e-03
0.00000000e+00
0.00000000e+00
0.00000000e+00
0.00000000e+00
-1.49576951e+00
1.30343261e+00
-8.40566006e-01
-1.02194088e-01
-3.61988862e-01
-2.06378087e-01
1.08383768e+00
0.00000000e+00
7.36250657e-01
-3.96026634e-01
1.77079771e-03
4.60400649e-01
-1.71073833e-01
-1.20785523e+00
5.24067007e-03
-3.97817012e-01
-1.02194088e-01
-6.90908088e-01
-1.94035742e-01
4.54149579e-02
1.85468604e+00
-5.14672995e-01
1.35807734e+00
-5.27625409e-01
3.93624879e-01
-1.47693551e+00
5.42560519e-01
9.22209110e-02
5.81574000e-03
2.54829461e-02
-2.62359940e-01
6.86928123e-02
0.00000000e+00
-6.90908088e-01
-5.83836349e-01
-1.81615664e-01
8.56682141e-01
-3.18395436e-01
1.05655775e+00
0.00000000e+00
3.58940127e-01
1.04556293e+00
-7.56359208e-02
-1.38172289e+00
-4.95657004e-01
-3.64534072e-01
0.00000000e+00
0.00000000e+00
0.00000000e+00
0.00000000e+00
0.00000000e+00
0.00000000e+00
0.00000000e+00
0.00000000e+00
0.00000000e+00
0.00000000e+00
0.00000000e+00
0.00000000e+00
0.00000000e+00
0.00000000e+00
0.00000000e+00
0.00000000e+00
0.00000000e+00
0.00000000e+00
0.00000000e+00
0.00000000e+00
0.00000000e+00
0.00000000e+00
0.00000000e+00
0.00000000e+00
0.00000000e+00
0.00000000e+00
0.00000000e+00
0.00000000e+00
-5.27171120e-01
4.96775496e-01
-1.30025815e+00
0.00000000e+00
0.00000000e+00
0.00000000e+00
3.08483506e-01
-2.74387819e-01
1.20090362e-01
-6.92968000e-01
-7.62791369e-01
-7.79170802e-01
1.00754956e-01
-3.89398557e-01
1.22431650e+00
0.00000000e+00
9.18750420e-01
7.78621723e-01
-1.89381798e+00
1.10755355e+00
1.62166488e+00
1.74035404e-01
-1.55786430e-01
-2.06733828e+00
-3.76470090e-01
-2.62400132e-01
-4.04381544e-02
0.00000000e+00
0.00000000e+00
0.00000000e+00
2.07416534e-01
2.45336460e-01
-2.98457171e-01
2.46579280e-01
-5.41144216e-01
1.89029224e-01
3.17459995e-02
5.03625311e-01
-1.72558564e-01
0.00000000e+00
-2.16156022e-01
-5.59732402e-02
7.69441350e-01
-5.20878194e-01
-3.66404502e-01
-3.15615656e-01
1.80814421e-02
-3.26349969e-02
8.14913743e-02
1.86637433e-01
-3.04019407e+00
0.00000000e+00
0.00000000e+00
0.00000000e+00
1.68075071e+00
4.39964658e+00
-5.50135059e-02
-8.87883332e-03
-2.79964450e-04
0.00000000e+00
-3.48059244e-04
2.15312739e+00
0.00000000e+00
0.00000000e+00
1.04542348e+00
5.04618305e+00
0.00000000e+00
0.00000000e+00
5.04605325e-02
3.94253352e-02
1.28464004e+00
-1.44885063e-03
-2.54506928e-03
1.54145394e+00
-1.64801589e+00
0.00000000e+00
0.00000000e+00
0.00000000e+00
1.62031948e+00
2.31244306e+00
-5.55816945e-02
-8.48932088e-03
-3.12404311e-04
0.00000000e+00
-2.50309376e-04
1.04421046e+00
0.00000000e+00
0.00000000e+00
2.01507299e+00
1.40336234e+00
0.00000000e+00
0.00000000e+00
2.04437505e+00
2.45824727e+00
2.28985211e+00
-1.92178750e-03
-1.92658876e-03
1.00410725e+00
136
5.92039528e-01
0.00000000e+00
0.00000000e+00
-4.86704844e+00
1.08362133e-01
9.04668637e-01
4.18920265e-02
4.49562733e+00
-1.78606095e-01
0.00000000e+00
0.00000000e+00
0.00000000e+00
0.00000000e+00
0.00000000e+00
0.00000000e+00
0.00000000e+00
-1.43483101e+00
-1.29147350e+00
3.52006447e+00
-1.24172129e+00
6.80037363e-01
2.68454609e-01
4.97019007e-01
3.88249842e-01
0.00000000e+00
0.00000000e+00
0.00000000e+00
-1.24172129e+00
8.74711663e-01
-3.28677090e-01
2.87219161e-01
1.34002790e-01
2.60074914e+00
2.05281064e-01
3.02103298e+00
0.00000000e+00
1.75730981e-01
-2.63885463e+00
-1.46801962e+00
-3.61671106e-01
5.60820375e-01
-1.61681472e+00
3.88249842e-01
0.00000000e+00
0.00000000e+00
0.00000000e+00
-3.23163614e+00
-2.61681884e+00
3.24945562e-01
-9.91089558e-01
3.97109114e-01
4.13585033e-01
2.32903752e+00
1.90589844e-01
7.64870109e-01
-2.56668536e-01
0.00000000e+00
-4.33961083e+00
2.71785139e-02
-6.57629017e-01
-5.07086895e-01
1.52055546e+00
1.06815620e+00
-1.13915343e+00
8.30635626e-01
1.15948457e-01
0.00000000e+00
0.00000000e+00
0.00000000e+00
0.00000000e+00
0.00000000e+00
0.00000000e+00
0.00000000e+00
0.00000000e+00
0.00000000e+00
0.00000000e+00
0.00000000e+00
0.00000000e+00
0.00000000e+00
0.00000000e+00
0.00000000e+00
0.00000000e+00
0.00000000e+00
0.00000000e+00
0.00000000e+00
0.00000000e+00
-7.76222752e-01
-5.63951343e-01
-1.89240296e+00
0.00000000e+00
0.00000000e+00
0.00000000e+00
2.36385434e-01
-5.36534651e-01
3.91512133e-02
-2.37153667e-01
-2.25658124e+00
-3.33550027e-01
-7.83517518e-02
-3.12095754e-01
1.42879775e+00
0.00000000e+00
8.56892410e-01
1.56951737e+00
-1.62213084e+00
4.03788996e-01
1.43468109e+00
1.84121263e-01
8.59409393e-02
-1.93110174e+00
-1.10331400e+00
2.79134228e-01
-5.68210703e+00
0.00000000e+00
0.00000000e+00
0.00000000e+00
4.57695818e+00
6.03077199e+00
-1.11589425e-01
-3.04472021e-02
-8.92971865e-05
0.00000000e+00
-2.42355121e-04
3.13029610e+00
1.20280410e+00
0.00000000e+00
3.72652517e+00
7.29115685e+00
0.00000000e+00
5.28349359e+00
2.99532666e+00
2.57784323e+00
3.25998136e+00
-8.02669851e-04
-2.89000839e-04
2.75515333e+00
6 2
-4.5257e-01 -2.2930e-01
5 -1
1 2 0 11 3 
217
4.65061872e-01
-5.70067809e-02
-6.45304470e-01
-7.05307219e-01
1.44705162e-01
-3.03653728e-01
4.36086472e-01
2.55483151e-01
5.80767176e-01
-2.88027124e-01
2.76153318e-02
-5.33798765e-01
-7.24112268e-01
-1.77072814e-01
0.00000000e+00
0.00000000e+00
0.00000000e+00
0.00000000e+00
0.00000000e+00
0.00000000e+00
-3.69806926e-03
1.89915063e-02
-1.36456276e+00
4.68759942e-01
2.93701292e-03
-8.98488779e-01
0.00000000e+00
0.00000000e+00
0.00000000e+00
0.00000000e+00
0.00000000e+00
0.00000000e+00
0.00000000e+00
-5.32496053e-01
5.32268620e-01
4.65289305e-01
0.00000000e+00
-2.03682768e-01
-3.16850162e-01
7.42513555e-01
2.79823768e-01
-3.67425217e-02
0.00000000e+00
0.00000000e+00
0.00000000e+00
-1.27154064e+00
1.30224861e+00
-8.96501342e-01
6.04529959e-01
-2.56712965e-01
-3.76744295e-01
1.30175357e+00
0.00000000e+00
7.30728719e-01
-1.72074448e-01
1.02338888e-01
-4.25338111e-01
-1.06139948e+00
-7.20968315e-01
1.60474172e+00
-1.27147937e-02
6.04529959e-01
-1.26753293e-01
-1.33417974e-01
3.45071372e-01
1.15578363e+00
8.51299509e-01
7.39770075e-02
-5.97891034e-01
4.05896341e-01
-1.66345530e+00
-1.62772170e-02
-6.37533070e-02
1.47803032e+00
6.19941187e-02
6.66764065e-01
5.34281824e-01
0.00000000e+00
-2.04800218e-01
-4.94213193e-01
4.31970857e-01
7.73870549e-02
2.37891233e-01
-3.89075865e-01
-3.89637030e-01
7.96669925e-01
9.16686979e-01
-5.11402140e-01
-2.34998850e+00
5.69431117e-01
-2.34778758e-01
0.00000000e+00
1.26541577e+00
1.00048824e+00
-6.02339058e-01
7.70146227e-02
-1.98014835e-01
-2.94278696e-01
0.00000000e+00
0.00000000e+00
0.00000000e+00
0.00000000e+00
0.00000000e+00
0.00000000e+00
0.00000000e+00
0.00000000e+00
0.00000000e+00
0.00000000e+00
0.00000000e+00
0.00000000e+00
0.00000000e+00
0.00000000e+00
0.00000000e+00
0.00000000e+00
0.00000000e+00
0.00000000e+00
0.00000000e+00
0.00000000e+00
0.00000000e+00
-9.15805538e-01
3.48085016e-01
-2.40365596e+00
0.00000000e+00
0.00000000e+00
0.00000000e+00
6.86404219e-01
4.13258545e-01
-1.07536799e+00
-7.13461692e-01
-1.35750065e-02
8.89280900e-01
2.29202587e-02
6.50722254e-01
1.76853822e+00
0.00000000e+00
7.73890241e-01
-2.61396391e-01
-2.61385703e-01
-5.01102207e-01
3.17904274e+00
6.55809534e-01
-2.22757923e+00
-1.51187525e-01
-9.00926033e-01
-2.39656250e-01
-3.35239909e-01
0.00000000e+00
0.00000000e+00
0.00000000e+00
5.14605893e-01
4.85995207e-01
8.67318585e-01
1.12103842e+00
-2.80570379e-02
-1.89807354e-02
4.21654432e-01
3.86824218e-01
2.65529882e-01
0.00000000e+00
4.46350892e-01
1.41577550e+00
4.50297836e-01
6.93463404e-01
-1.56614984e-01
3.19582820e-01
1.71526717e+00
-6.70966202e-02
6.79061179e-01
6.09716636e-01
-2.38065060e+00
0.00000000e+00
0.00000000e+00
0.00000000e+00
-7.49993763e-01
1.69873374e+00
-2.51445103e-03
0.00000000e+00
0.00000000e+00
0.00000000e+00
0.00000000e+00
-3.36897184e-01
0.00000000e+00
0.00000000e+00
-1.39927765e-01
4.16951324e+00
0.00000000e+00
6.95068014e-01
0.00000000e+00
-6.56055803e-01
0.00000000e+00
0.00000000e+00
0.00000000e+00
-3.31497469e-03
-9.63056786e-01
0.00000000e+00
0.00000000e+00
0.00000000e+00
2.33957010e+00
1.49416058e+00
-3.40455709e-03
0.00000000e+00
0.00000000e+00
0.00000000e+00
0.00000000e+00
1.74342049e-01
0.00000000e+00
0.00000000e+00
9.72377288e-01
1.17080510e+00
0.00000000e+00
2.75668012e+00
0.00000000e+00
1.75196657e+00
0.00000000e+00
0.00000000e+00
0.00000000e+00
-6.05889654e-03
136
1.62535467e+00
0.00000000e+00
0.00000000e+00
0.00000000e+00
0.00000000e+00
3.18611663e-01
6.63634829e-03
1.05877516e+00
4.85633855e-03
0.00000000e+00
0.00000000e+00
0.00000000e+00
0.00000000e+00
0.00000000e+00
0.00000000e+00
0.00000000e+00
2.38238128e+00
1.69825708e+00
-1.85578899e+00
-1.77293096e+00
6.51813335e-01
6.78430853e-01
9.55693330e-01
7.63582187e-01
3.48765926e-01
0.00000000e+00
0.00000000e+00
-1.77293096e+00
9.04321857e-01
-1.99552887e-02
3.41021514e-01
1.06596103e+00
2.19022051e+00
-3.69807143e-01
3.10863100e+00
0.00000000e+00
2.06143339e-01
-2.64512313e+00
-4.06828519e-01
-9.00397224e-01
6.95491096e-01
-1.96426751e+00
1.19287409e+00
0.00000000e+00
0.00000000e+00
0.00000000e+00
-3.46025398e+00
-3.14626624e+00
-2.23772109e-01
-1.26563678e+00
2.72564844e-01
3.79598114e-01
2.00921154e+00
1.24401985e-01
5.46709075e-01
1.94653045e-01
0.00000000e+00
-3.39335118e+00
4.16602084e-01
-8.37664755e-01
-4.58548461e-01
-3.15022556e-01
-1.29765435e-01
-9.95557596e-01
4.82232339e-01
5.04495857e-01
0.00000000e+00
6.16459182e-01
-2.98940239e-01
8.15529715e-02
1.25366582e-01
0.00000000e+00
0.00000000e+00
0.00000000e+00
0.00000000e+00
0.00000000e+00
0.00000000e+00
0.00000000e+00
0.00000000e+00
0.00000000e+00
0.00000000e+00
0.00000000e+00
0.00000000e+00
0.00000000e+00
0.00000000e+00
0.00000000e+00
5.99589155e-02
-5.54859460e-01
-1.54557506e+00
0.00000000e+00
0.00000000e+00
0.00000000e+00
4.25196407e-01
-3.83589548e-01
1.05297951e-01
-4.21164098e-01
-1.99842071e+00
-4.74507165e-01
-1.10936365e-01
5.73864460e-02
1.40087178e+00
0.00000000e+00
8.88188808e-01
7.11112790e-01
-1.42904655e+00
6.08657996e-01
1.31836598e+00
5.31786451e-02
-1.11712944e-01
-2.11411175e+00
-4.21626511e-01
3.51283777e-01
-5.36835106e+00
0.00000000e+00
0.00000000e+00
0.00000000e+00
3.50238950e+00
4.03833079e+00
-1.17733153e+00
-1.03631238e-02
-7.75329352e-02
0.00000000e+00
-1.18537157e-02
2.97188003e+00
8.13257314e-01
0.00000000e+00
3.81115371e+00
6.66497384e+00
0.00000000e+00
0.00000000e+00
2.32113346e+00
2.50429304e+00
2.99541013e+00
-2.82691801e-02
-8.40879713e-03
2.70884057e+00
10 1
-3.7173e-01 -2.0401e-01
6 0
1 2 0 11 3 6 
217
-2.03415858e+00
-8.32367091e-01
1.39570925e+00
-2.74971660e-01
-1.11872164e+00
4.79500255e-01
-7.75253542e-01
1.80249492e-01
-2.13210480e-01
9.68946046e-01
0.00000000e+00
0.00000000e+00
0.00000000e+00
0.00000000e+00
0.00000000e+00
0.00000000e+00
0.00000000e+00
-2.07723985e+00
1.14056736e-02
4.76402788e-01
-3.90629369e-01
-1.01727226e-03
2.66807069e-01
4.33710637e-01
-4.37742606e-02
-2.94897897e-03
0.00000000e+00
0.00000000e+00
0.00000000e+00
0.00000000e+00
0.00000000e+00
0.00000000e+00
0.00000000e+00
1.06428494e+00
7.02835737e-01
0.00000000e+00
0.00000000e+00
-6.67503188e-01
-4.70618868e-01
-6.14358439e-01
-1.03646151e-01
-1.81836916e-01
3.80498083e-03
0.00000000e+00
0.00000000e+00
-2.06059898e+00
1.38844035e+00
-1.01154065e+00
-4.98559215e-01
-9.09507703e-01
2.22151764e-02
7.61782126e-01
0.00000000e+00
0.00000000e+00
-7.28369220e-02
2.56989553e-01
-4.08133467e-01
-5.72104821e-02
-3.05217469e-01
5.36661358e-01
-6.59536487e-01
-4.98559215e-01
-8.76062880e-01
1.02717138e-01
2.31913160e-02
0.00000000e+00
-1.17035769e+00
1.17537625e+00
-9.89709352e-01
9.75765463e-02
0.00000000e+00
1.04548267e+00
3.63251208e-01
7.35480766e-01
3.38962046e-01
8.41012759e-01
9.16159251e-01
0.00000000e+00
-1.17618891e+00
-8.19712394e-01
-2.68653777e-01
6.32024159e-01
-5.89315898e-01
3.22827618e-01
0.00000000e+00
1.48440877e-01
4.36418061e-01
3.87986948e-01
-1.07149769e+00
-1.14376638e-01
-6.09601325e-01
0.00000000e+00
-6.26978404e-02
4.24415663e-01
-1.15990169e+00
-3.37906459e-01
-8.11559051e-01
5.05117298e-02
0.00000000e+00
-4.20796658e-01
-4.58678052e-02
-1.10602204e+00
2.88860125e-01
-5.07339888e-01
2.52857450e-01
0.00000000e+00
0.00000000e+00
0.00000000e+00
0.00000000e+00
0.00000000e+00
0.00000000e+00
0.00000000e+00
0.00000000e+00
0.00000000e+00
0.00000000e+00
0.00000000e+00
0.00000000e+00
0.00000000e+00
0.00000000e+00
-1.72109082e+00
6.61089747e-01
-1.97472515e+00
0.00000000e+00
0.00000000e+00
0.00000000e+00
2.34697298e-01
-6.89279862e-01
-6.54633494e-01
-9.03261849e-04
-2.68782036e+00
-3.73999105e-01
-4.68056165e-01
7.79697492e-01
1.24145718e+00
0.00000000e+00
8.34274554e-01
4.04145705e-01
-8.98863864e-01
1.08802643e-01
1.29199687e+00
2.35098933e-02
-1.76748813e-01
-1.51996092e+00
-2.28369229e-01
8.05328286e-01
-1.34223035e-01
0.00000000e+00
0.00000000e+00
0.00000000e+00
-7.70691082e-02
3.72508151e-01
4.58943155e-01
-2.10233916e-01
8.91743317e-01
-8.19746424e-01
2.72966310e-01
-4.36833711e-01
-4.54647729e-02
0.00000000e+00
4.73438568e-02
3.49217373e-01
-1.50209716e-01
-5.76061390e-02
1.44428377e-01
1.65179550e-01
1.98903467e-01
-3.05274780e-01
-8.57066758e-01
-7.59512662e-02
-4.15585863e+00
0.00000000e+00
0.00000000e+00
0.00000000e+00
1.83468552e+00
3.46715558e+00
-5.85541712e-02
-2.05731694e-01
0.00000000e+00
0.00000000e+00
-1.28960374e-04
2.98118141e+00
-3.19062055e-05
0.00000000e+00
-1.34144426e+00
5.77311176e+00
0.00000000e+00
0.00000000e+00
2.01301055e+00
2.20046976e+00
8.33207172e-01
-3.01512482e-04
-2.00775593e-03
1.17309701e+00
-5.29586653e-01
0.00000000e+00
0.00000000e+00
0.00000000e+00
7.83069960e-01
1.53662969e+00
-5.55911544e-02
-1.99368955e-01
0.00000000e+00
0.00000000e+00
-1.87387103e-04
-1.16525216e-01
-8.04717431e-05
0.00000000e+00
2.99309897e+00
4.46769382e-01
0.00000000e+00
0.00000000e+00
-8.88188663e-01
1.16405876e+00
2.51176154e+00
-5.52863862e-04
-7.61839212e-04
1.05867520e+00
136
2.74549354e+00
0.00000000e+00
0.00000000e+00
-5.63728521e+00
8.70979809e-02
3.60505375e+00
-1.04652047e-02
4.76157162e+00
-3.48582142e-02
0.00000000e+00
0.00000000e+00
0.00000000e+00
0.00000000e+00
0.00000000e+00
0.00000000e+00
0.00000000e+00
7.51106848e-01
5.75309506e-01
3.72232630e+00
-1.85280806e+00
8.50375066e-01
8.66214289e-01
8.96769616e-01
8.85113000e-01
4.20707148e-01
6.79122490e-01
0.00000000e+00
-1.85280806e+00
2.43131416e+00
3.29920738e-02
1.58289078e+00
7.09606694e-01
3.94844451e+00
-2.07315807e-02
4.27538416e+00
0.00000000e+00
1.78728939e-01
-4.06948832e+00
-1.00487681e+00
-1.95356898e+00
8.69965228e-01
-3.12011967e+00
7.37760415e-01
0.00000000e+00
0.00000000e+00
0.00000000e+00
-5.41627389e+00
-4.85784396e+00
-3.83660609e-01
-1.85527174e+00
7.61782367e-01
1.40480690e+00
2.92687559e+00
3.47619622e-01
8.81566253e-01
-2.65904318e-01
0.00000000e+00
-2.70124724e+00
1.51233858e-01
-6.30022636e-01
-4.35546559e-01
6.63367807e-01
-3.95392876e-01
-1.08899500e+00
7.67088150e-01
5.21077753e-01
0.00000000e+00
1.40717023e+00
-2.95906771e-01
2.51679647e-01
1.19235090e-01
0.00000000e+00
-2.38945428e+00
-1.03062071e-01
-7.50175397e-01
1.05953313e-01
0.00000000e+00
0.00000000e+00
0.00000000e+00
0.00000000e+00
0.00000000e+00
0.00000000e+00
0.00000000e+00
0.00000000e+00
0.00000000e+00
0.00000000e+00
1.50181892e-01
-8.88796666e-01
-1.54918008e+00
0.00000000e+00
0.00000000e+00
0.00000000e+00
2.85568346e-01
-1.27344261e-01
-6.03183929e-02
-3.30025342e-01
-1.77704497e+00
-4.83872800e-01
-7.87435901e-02
-9.03108080e-02
1.40512639e+00
0.00000000e+00
8.16666035e-01
1.28052033e+00
-1.14400777e+00
5.71263142e-01
1.31251477e+00
7.27609167e-02
-1.69607891e-01
-2.42141319e+00
-6.61289083e-01
5.03780907e-02
-6.55177242e+00
0.00000000e+00
0.00000000e+00
0.00000000e+00
5.51411356e+00
4.63999083e+00
-3.07023102e-01
-1.03602085e-01
-4.13193645e-04
0.00000000e+00
-6.24441405e-03
3.79442700e+00
-2.38406962e-04
0.00000000e+00
4.69850704e+00
8.17837107e+00
-9.66020835e-05
3.20383423e+00
4.08906401e+00
4.01239182e+00
3.90376472e+00
-1.40769025e-02
-1.74591948e-03
3.66720850e+00
9 1
-3.9890e-01 -2.0084e-01
7 1
1 2 0 11 3 6 10 
217
-9.61982857e-01
-6.08435293e-01
5.96468505e-01
-2.20023730e-01
-7.58674370e-01
7.40664941e-01
1.23341587e-01
-2.13156893e-01
-1.48569827e-02
1.83551342e-01
-3.11470751e-01
3.62458204e-01
0.00000000e+00
0.00000000e+00
1.90830941e+00
6.25984470e-03
3.18606094e-01
4.89308495e-01
8.45362852e-03
8.29377106e-01
0.00000000e+00
0.00000000e+00
0.00000000e+00
0.00000000e+00
0.00000000e+00
0.00000000e+00
0.00000000e+00
0.00000000e+00
0.00000000e+00
0.00000000e+00
0.00000000e+00
0.00000000e+00
0.00000000e+00
1.38639066e+00
1.28208734e+00
0.00000000e+00
0.00000000e+00
-2.30458157e-01
-3.95607230e-01
-6.35401437e-02
-1.71777007e-01
-2.98332962e-01
-2.00721327e-01
-8.53592160e-03
0.00000000e+00
-8.27027713e-01
9.89899056e-01
-9.16251012e-01
7.54297367e-02
-3.14055533e-01
-6.50877973e-01
8.83791599e-01
0.00000000e+00
3.69959693e-01
-3.96729584e-01
-6.10936284e-01
-2.08952189e-01
2.12205354e-01
-2.46819180e-01
2.71391280e-01
-8.14190298e-01
7.54297367e-02
-6.30212187e-01
-1.98819495e-01
1.67759253e-01
2.43600748e-01
-6.50216719e-01
1.22838458e+00
-2.80705896e-01
1.54824592e-01
0.00000000e+00
-2.85450760e-01
-3.28461758e-01
-1.61290380e-01
-6.71734382e-02
-5.15241717e-01
1.36619583e-01
0.00000000e+00
-9.84095952e-01
-8.54710095e-01
-3.92419733e-02
5.86675014e-01
6.13550678e-02
6.24103978e-01
0.00000000e+00
-3.52101948e-01
2.48163100e-01
-4.35770809e-01
-1.42900004e+00
-1.74110100e-01
-1.29260349e-02
0.00000000e+00
2.83753381e-01
4.15218702e-01
-7.76659925e-01
-4.44312897e-01
-4.69076314e-01
-8.03949409e-02
0.00000000e+00
-3.36814542e-01
-8.24111471e-01
-6.65812449e-01
2.04917044e-01
4.06441335e-02
1.44124601e+00
0.00000000e+00
-3.72964640e-01
-9.86161474e-02
-2.25358422e-01
-9.78065094e-01
-3.63659796e-01
-4.50623112e-03
0.00000000e+00
0.00000000e+00
0.00000000e+00
0.00000000e+00
0.00000000e+00
0.00000000e+00
0.00000000e+00
-5.49235350e-01
-2.90987758e-01
-1.59484045e+00
0.00000000e+00
0.00000000e+00
0.00000000e+00
8.24350143e-01
-3.89759438e-01
-9.79748192e-01
2.98979123e-01
-1.51408260e+00
-6.68679956e-01
-7.22689310e-01
5.62364121e-02
1.91932034e+00
0.00000000e+00
5.50348868e-01
7.62240872e-01
2.46331388e-01
1.53248234e-01
1.82513974e+00
-7.03408842e-02
-9.38572304e-01
-3.02873331e+00
-2.40995081e-01
3.22565500e-01
-4.85902960e-01
0.00000000e+00
0.00000000e+00
0.00000000e+00
1.28112076e-01
-4.21317343e-01
4.39497095e-01
-2.59753497e-01
-1.24369545e+00
-1.31514090e-01
3.69863055e-01
2.73524782e-01
-6.99628974e-01
0.00000000e+00
-3.31083136e-01
-2.03247286e-01
-1.64346197e+00
6.23325682e-01
-3.18058808e-01
5.34206300e-01
1.20671353e+00
1.04367164e+00
1.69027991e-01
-2.20845629e-02
-4.70815039e+00
0.00000000e+00
0.00000000e+00
0.00000000e+00
2.15841098e+00
3.16215447e+00
-4.61320121e-03
-4.52395044e-04
0.00000000e+00
0.00000000e+00
-8.11000844e-05
1.29452071e+00
0.00000000e+00
0.00000000e+00
3.30843769e+00
5.62617842e+00
0.00000000e+00
0.00000000e+00
1.76504528e+00
3.73978552e+00
2.71873168e+00
-1.29064711e-02
-3.13621865e-03
2.07362257e+00
-2.52922660e+00
0.00000000e+00
0.00000000e+00
0.00000000e+00
3.56192383e+00
2.74962089e+00
-2.50706739e-03
-6.48125314e-04
0.00000000e+00
0.00000000e+00
-6.26875666e-05
1.90092404e+00
0.00000000e+00
0.00000000e+00
1.35144864e+00
2.27358934e+00
0.00000000e+00
0.00000000e+00
2.76720791e+00
1.47833183e+00
1.55015128e+00
-5.80004582e-03
-1.67908006e-03
3.04618633e+00
136
6.16455146e-01
1.72423239e+00
-1.50258393e-02
2.32436009e-01
3.47767381e-02
0.00000000e+00
0.00000000e+00
0.00000000e+00
0.00000000e+00
0.00000000e+00
0.00000000e+00
0.00000000e+00
0.00000000e+00
0.00000000e+00
0.00000000e+00
0.00000000e+00
2.10998612e+00
2.06720952e+00
0.00000000e+00
-1.43591896e+00
7.36394839e-01
3.68464257e-01
2.80840879e-01
1.90199714e-01
1.14334926e-01
1.72069181e-01
1.90070314e-01
-1.43591896e+00
1.52896539e+00
-1.46209860e-01
4.45701377e-01
1.84588766e+00
3.26664146e+00
-7.63714647e-03
3.37262448e+00
0.00000000e+00
-2.21412242e-01
-3.50797507e+00
-1.24673555e+00
-1.61001465e+00
4.75439778e-01
-2.37861907e+00
2.35717562e-01
0.00000000e+00
0.00000000e+00
0.00000000e+00
-3.83661132e+00
-3.40387578e+00
9.98159164e-02
-1.32820429e+00
6.13056337e-01
0.00000000e+00
7.13832130e+00
1.07010529e+00
1.80364743e+00
8.76405213e-01
0.00000000e+00
-4.58358493e+00
5.20139363e-03
-9.98667169e-01
-6.40133778e-01
-6.15246285e-01
-6.34438582e-01
-7.47586716e-01
6.28814910e-01
-1.11726572e-02
0.00000000e+00
-1.58580641e+00
-7.48471381e-01
-3.48507672e-01
1.40797117e-01
0.00000000e+00
-3.04982568e+00
-5.61865683e-01
-7.07825045e-01
5.10397870e-01
0.00000000e+00
2.04402055e+00
-4.20288839e-01
5.02700521e-01
-5.16514685e-01
0.00000000e+00
0.00000000e+00
0.00000000e+00
0.00000000e+00
0.00000000e+00
-9.04318253e-01
6.25074786e-02
-1.69545628e+00
0.00000000e+00
0.00000000e+00
0.00000000e+00
2.71337969e-01
-7.44363553e-02
-2.93272568e-01
-3.13684016e-01
-2.28261341e+00
-2.62735866e-01
-1.25543409e-01
1.13836537e-01
1.31157831e+00
0.00000000e+00
9.14378505e-01
9.01587876e-01
-1.08004924e+00
4.21823658e-01
1.40201476e+00
2.12024764e-01
-2.77396511e-01
-2.39236488e+00
-7.31058344e-01
5.89115935e-01
-5.90949036e+00
0.00000000e+00
0.00000000e+00
0.00000000e+00
3.86804636e+00
5.48522649e+00
-2.20528548e-01
-8.00333723e-02
-2.11174110e-02
0.00000000e+00
-1.13543798e-02
3.95618343e+00
-6.69905367e-03
0.00000000e+00
4.61854761e+00
7.63528919e+00
0.00000000e+00
5.89417097e+00
2.70291587e+00
2.72392038e+00
3.32894351e+00
-5.41093831e-03
-8.95247943e-03
2.99246594e+00
8 1
-6.6127e-01 -1.1832e-01
8 0
1 2 0 11 3 6 10 9 
217
-9.21706457e-01
-1.52327165e+00
6.04294109e-01
1.38179960e-01
-1.34078525e+00
1.14672094e+00
-1.59183417e-01
-2.93128684e-01
-3.46408605e-01
-7.46289931e-02
-1.50357048e-01
1.84487190e-01
0.00000000e+00
0.00000000e+00
0.00000000e+00
0.00000000e+00
0.00000000e+00
-1.17024483e+00
3.67691655e-02
1.04075454e+00
-1.54600465e+00
3.11512506e-02
1.56453530e+00
1.79454302e+00
-1.40440307e-01
1.72740807e+00
0.00000000e+00
0.00000000e+00
0.00000000e+00
0.00000000e+00
0.00000000e+00
0.00000000e+00
0.00000000e+00
-7.98523265e-02
5.96892637e-02
0.00000000e+00
0.00000000e+00
3.91019353e-01
-2.49935161e-01
-3.71845419e-01
-2.79094292e-01
-2.27448702e-01
-4.72799539e-02
-1.37122283e-01
0.00000000e+00
-1.51120905e+00
1.50408514e+00
-1.23232040e+00
8.30660051e-01
-1.71727501e-01
-9.79154762e-01
1.03509695e+00
0.00000000e+00
7.57992933e-01
-1.13424699e-01
-6.09138436e-01
-3.20127151e-01
-3.58870970e-01
-4.87422539e-01
7.33853976e-01
1.51245751e-01
-1.29492236e+00
2.21970149e-01
-1.44857608e-01
5.79473651e-01
4.51733919e-01
-7.47220466e-01
1.84152855e+00
-6.09102034e-01
2.45069218e-01
-8.67437049e-01
9.41553619e-02
-2.59959897e-01
9.99901782e-02
9.45214992e-02
-2.48414947e-01
2.61718458e-01
0.00000000e+00
-1.20401451e+00
-1.08345303e+00
6.09251027e-01
7.13938268e-01
-3.26942974e-01
1.26765415e+00
0.00000000e+00
1.94345201e-01
2.97680329e-01
-3.99977423e-02
-1.80136722e+00
-3.57139143e-01
-2.11958424e-01
0.00000000e+00
-9.63040634e-02
4.05107291e-01
-1.51131337e-01
-4.67034108e-01
-6.74271056e-01
5.00348838e-01
0.00000000e+00
-1.38467879e-01
6.83857079e-02
-1.08940220e-02
-1.92176421e-01
-7.72344555e-01
-9.59735711e-01
0.00000000e+00
-2.63598981e-01
-4.74014928e-01
-2.28717270e-01
-3.42055125e-01
-4.29390206e-01
-2.91702711e-01
5.98406835e-01
-8.43181404e-01
-3.58185106e-01
-5.00341203e-01
-5.99904994e-01
-1.76590685e-01
5.26333804e-01
-1.15187917e+00
4.32875659e-01
-1.66111941e+00
0.00000000e+00
0.00000000e+00
0.00000000e+00
1.28386331e-01
4.75872572e-01
-1.66333281e-01
-6.82928921e-01
-1.13967956e+00
-6.23873614e-01
-4.39429210e-01
5.20793101e-02
1.49064991e+00
0.00000000e+00
6.57145839e-01
1.22154675e+00
-1.43544993e+00
5.51752040e-01
1.86424978e+00
-6.72063221e-01
-8.44890295e-01
-1.45421485e+00
-1.07789439e+00
4.33955308e-01
-2.50331664e-01
0.00000000e+00
0.00000000e+00
0.00000000e+00
3.94727991e-01
-3.73878507e-01
-5.16812535e-01
8.94121587e-02
1.18967148e-01
-2.06192159e-01
7.64666402e-02
3.47177909e-01
-9.02665883e-02
0.00000000e+00
-1.95912296e-01
-5.01703819e-01
2.90859074e-02
-4.78951497e-01
-2.04702370e-01
5.07271523e-01
2.21311732e-01
-1.14137762e-01
5.32996895e-01
1.14807967e-01
-3.14018566e+00
0.00000000e+00
0.00000000e+00
0.00000000e+00
1.85801707e+00
5.61437099e+00
-1.74270451e-03
-7.74551256e-04
-5.88026815e-04
0.00000000e+00
0.00000000e+00
2.47621059e-02
-1.23448935e-04
0.00000000e+00
1.52124460e+00
5.35091836e+00
0.00000000e+00
0.00000000e+00
-1.41056422e+00
1.58713994e+00
3.29074607e+00
-2.21217363e-04
-2.65292668e-04
2.97598894e-01
-2.06110996e+00
0.00000000e+00
0.00000000e+00
0.00000000e+00
1.51587197e+00
1.40802405e+00
-6.83944422e-04
-4.34137105e-04
-8.47658735e-04
0.00000000e+00
0.00000000e+00
2.76494102e+00
-7.48841736e-05
0.00000000e+00
1.44860091e+00
1.55595722e+00
0.00000000e+00
0.00000000e+00
2.48995219e+00
2.13775143e+00
1.37318860e+00
-4.16840567e-04
-4.00647985e-04
2.42953418e+00
136
1.69972422e+00
0.00000000e+00
0.00000000e+00
-3.72770076e+00
8.81905668e-02
8.95316890e-01
4.28215812e-02
4.51151826e+00
-1.90528180e-01
0.00000000e+00
0.00000000e+00
0.00000000e+00
0.00000000e+00
0.00000000e+00
0.00000000e+00
0.00000000e+00
-9.58373668e-01
-6.15588972e-01
3.55508811e+00
-1.56420433e+00
8.86076923e-01
8.76596897e-01
6.95192518e-01
7.18753525e-01
3.89699456e-01
-2.59893868e-02
-2.76401384e-01
-1.21415736e+00
1.77157777e+00
3.87847135e-03
1.32763249e+00
2.06487185e+00
3.06479555e+00
-7.10254688e-02
3.97986238e+00
0.00000000e+00
-4.31539977e-01
-3.69307601e+00
-1.48721395e+00
-2.11008214e+00
3.39632600e-01
-2.31415543e+00
4.68723449e-01
0.00000000e+00
0.00000000e+00
0.00000000e+00
-3.87925881e+00
-3.45448728e+00
2.12197024e-01
-1.25766947e+00
3.38638970e-01
1.36256990e+00
2.12252839e+00
2.52888252e-01
6.33916573e-01
-7.94870614e-01
0.00000000e+00
-3.72289857e+00
-1.08610860e-01
-7.62292622e-01
-2.10181193e-01
-3.83389440e-01
1.19830356e-02
-1.02201703e+00
8.87724892e-01
-6.67823773e-03
0.00000000e+00
6.58595091e-01
-5.44777074e-01
1.42740900e-01
3.82815402e-01
0.00000000e+00
-3.83873381e+00
-2.99645164e-01
-1.03422021e+00
1.24459157e-01
0.00000000e+00
2.49900495e+00
-2.37544660e-01
6.28170585e-01
-3.31751045e-01
1.41221011e+00
1.18245738e+00
5.38908303e-01
3.48472468e-01
-2.78995060e-01
-3.56722557e-01
-9.12269812e-01
-1.75842405e+00
0.00000000e+00
0.00000000e+00
0.00000000e+00
3.06280225e-01
-5.05865633e-01
-1.21995801e-01
-2.75933224e-01
-2.21619410e+00
-6.42431934e-01
1.00177157e-01
-3.34939424e-01
1.28747264e+00
0.00000000e+00
9.84831341e-01
1.21974127e+00
-1.09883257e+00
5.09915356e-01
1.50979579e+00
2.18475227e-01
6.51526990e-02
-2.12855704e+00
-9.39058033e-01
3.03542000e-01
-6.12453435e+00
0.00000000e+00
0.00000000e+00
0.00000000e+00
4.35925692e+00
5.43331348e+00
-4.11318048e-01
-1.89395324e-02
-2.16150565e-04
0.00000000e+00
-1.21116586e-03
3.42357981e+00
7.05571530e-01
0.00000000e+00
3.54247381e+00
7.27997921e+00
0.00000000e+00
5.02757566e+00
3.64864440e+00
3.22915312e+00
3.24363230e+00
-3.15290720e-04
-6.04480948e-05
3.11611474e+00
5 1
-5.8472e-01 -7.2589e-02
8 0
1 2 0 11 3 6 10 9 
217
-1.54926065e-01
-7.69116653e-01
3.56740874e-01
8.67842540e-02
-7.25023261e-02
7.51218592e-01
4.05817621e-01
-3.93452490e-01
-2.18736397e-01
-6.88920780e-01
-2.69504963e-01
-2.61866794e-01
0.00000000e+00
0.00000000e+00
0.00000000e+00
0.00000000e+00
0.00000000e+00
-6.83054244e-01
2.45118223e-02
-1.26830417e+00
2.11637736e-01
1.88974841e-02
-4.18503572e-01
3.84207522e-01
1.32508857e-02
2.55718009e-01
0.00000000e+00
0.00000000e+00
0.00000000e+00
0.00000000e+00
0.00000000e+00
0.00000000e+00
0.00000000e+00
-2.84639500e-02
-4.33637581e-01
1.04897179e+00
0.00000000e+00
3.64298005e-01
1.08692363e-01
1.88209427e-01
1.87953770e-01
-7.67445415e-03
-2.88387249e-01
-7.08017927e-01
0.00000000e+00
-2.10309516e+00
9.58614288e-01
-1.18730161e+00
2.07356671e+00
7.76010558e-02
-7.96012956e-01
1.04801976e+00
0.00000000e+00
1.96813558e-01
-1.03812437e-01
6.27204602e-01
-1.15097088e+00
-3.29758040e-01
-4.81514110e-01
7.71352505e-01
6.19338639e-01
-1.70032061e+00
9.26055903e-01
1.90312841e-01
5.53924423e-01
9.03301198e-01
-3.32208623e-01
9.82763577e-01
-5.66954706e-01
7.94872204e-02
-6.77110260e-01
-3.14365851e-01
-8.12114240e-01
4.63211147e-01
3.77649216e-02
3.73338900e-01
8.23782176e-01
0.00000000e+00
-1.36721012e+00
-8.07653331e-01
4.15888216e-01
3.81053213e-01
7.96395842e-01
2.33016535e+00
8.40453411e-01
-5.24694677e-01
5.09871920e-01
6.91876485e-02
-1.28501547e+00
-5.39872447e-01
-1.42636778e-01
0.00000000e+00
7.70559896e-01
1.99203515e-01
-3.75732720e-01
-1.94060729e-02
-5.49753241e-01
-9.77705240e-01
0.00000000e+00
-9.62532165e-02
8.52539798e-01
-1.31163615e-01
1.73833245e-01
7.24907664e-02
2.00195576e-01
0.00000000e+00
3.66518343e-02
3.36436356e-02
-6.62221440e-02
8.86104424e-01
-1.25355755e-01
-3.57302996e-01
1.32578663e-01
-4.15254113e-01
2.87782441e-01
1.05010448e-01
-1.80024633e-01
2.27389369e-02
4.24634460e-02
-2.01888569e+00
-4.24324430e-01
-3.12864719e+00
0.00000000e+00
0.00000000e+00
0.00000000e+00
8.17869699e-01
5.27411342e-01
9.19207435e-01
5.19541970e-01
-1.39728807e-01
-9.12602660e-01
9.43466661e-02
1.01832527e+00
1.34073187e+00
0.00000000e+00
5.51335919e-01
1.91010715e+00
-2.11806274e-01
-1.38858656e-01
2.32770733e+00
6.50500977e-01
-6.23401811e-01
-1.26844680e+00
1.29842145e-01
1.02217119e+00
-4.46566013e-01
0.00000000e+00
0.00000000e+00
0.00000000e+00
8.43528623e-01
4.98499039e-02
2.40714696e-01
7.01484906e-01
-1.53908288e-01
1.49952246e+00
1.19107787e+00
6.47747369e-01
9.62860730e-01
0.00000000e+00
1.17230130e+00
5.23700150e-01
3.00140440e-01
1.49296072e+00
2.30955808e-01
7.44788281e-01
1.13639925e+00
8.55344973e-01
7.04313973e-01
5.58672709e-01
-4.40670708e+00
0.00000000e+00
0.00000000e+00
0.00000000e+00
5.71627702e-01
2.38922939e+00
-2.08811613e-02
-1.27666927e-01
0.00000000e+00
0.00000000e+00
-2.29709944e-03
1.08278833e+00
0.00000000e+00
0.00000000e+00
7.90525852e-01
4.38696920e+00
0.00000000e+00
0.00000000e+00
1.07433696e+00
1.94588582e+00
1.17820828e+00
0.00000000e+00
-2.15465999e-02
2.53194807e-01
-9.04156060e-01
0.00000000e+00
0.00000000e+00
0.00000000e+00
2.07691674e+00
2.54660131e+00
-1.54619447e-02
-1.28008689e-01
0.00000000e+00
0.00000000e+00
-4.39306213e-03
1.47177466e+00
0.00000000e+00
0.00000000e+00
1.84129064e+00
1.81229941e+00
0.00000000e+00
0.00000000e+00
1.15428749e+00
1.37812838e+00
2.57683350e+00
0.00000000e+00
-3.42015816e-02
2.19461744e+00
136
1.33565608e+00
0.00000000e+00
0.00000000e+00
-2.82117320e+00
1.45149760e-01
2.41316041e+00
-9.95595480e-03
1.74366888e+00
2.97884103e-02
0.00000000e+00
0.00000000e+00
0.00000000e+00
0.00000000e+00
0.00000000e+00
0.00000000e+00
0.00000000e+00
2.48281147e+00
2.43035632e+00
-2.10876717e+00
-1.88433952e+00
4.55979196e-01
6.48756525e-01
4.74756514e-01
6.26272568e-01
5.02337328e-01
1.39954928e-01
3.71938543e-01
-1.88433952e+00
1.15376589e+00
-1.06514050e-01
4.32639717e-01
1.40435500e+00
2.79783590e+00
-1.91064268e-01
3.46584673e+00
0.00000000e+00
-4.18210354e-02
-2.92363224e+00
-7.98896083e-01
-1.33093163e+00
5.07643508e-01
-1.95503438e+00
8.05802544e-01
0.00000000e+00
0.00000000e+00
0.00000000e+00
-3.70432075e+00
-3.28284033e+00
-5.54930127e-02
-1.23537529e+00
5.30935222e-01
5.10206576e-01
2.09630154e+00
2.00147034e-01
6.31451256e-01
-7.00381309e-01
0.00000000e+00
-4.16879732e+00
1.19293029e-01
-9.73866408e-01
-2.38428410e-01
-3.88593170e-01
-1.02854404e-02
-1.39979889e+00
7.07969015e-01
1.18128342e-01
0.00000000e+00
6.37456775e-02
-3.95579460e-01
-2.38679689e-02
-5.83411200e-03
0.00000000e+00
-2.40656894e+00
-3.39514791e-01
-6.62614726e-01
6.20549386e-01
0.00000000e+00
1.69976746e+00
-3.40443639e-01
4.11268387e-01
-3.38175750e-01
1.06500886e+00
8.98597222e-01
6.02039077e-01
2.76089229e-01
-5.24317521e-02
1.62637379e-01
-9.50260468e-01
-1.51401247e+00
0.00000000e+00
0.00000000e+00
0.00000000e+00
3.64383399e-01
6.23666868e-02
-1.09397750e-01
-6.23987801e-01
-1.58978720e+00
-7.82467400e-01
-2.05356116e-01
-1.62071223e-01
1.43600140e+00
0.00000000e+00
8.19083094e-01
1.26798447e+00
-1.04265477e+00
1.07709795e-01
1.51210999e+00
2.12041596e-01
8.69995990e-02
-2.18266733e+00
-8.98200903e-01
2.13897987e-01
-5.72304931e+00
0.00000000e+00
0.00000000e+00
0.00000000e+00
3.99071841e+00
3.43696251e+00
-1.11272120e+00
-1.33084782e-02
-2.84350170e-02
0.00000000e+00
-2.19274834e-03
2.94443667e+00
6.80089798e-01
0.00000000e+00
2.70598503e+00
7.22991857e+00
0.00000000e+00
1.98836592e+00
2.44665431e+00
2.91073348e+00
2.99521958e+00
-1.59584493e-01
-3.58195057e-02
2.30090411e+00
13 1
-1.4078e+00 8.3155e-02
8 0
1 2 0 11 3 6 10 9 
217
-8.01458055e-01
-1.13098129e+00
7.29983815e-01
5.44873569e-02
-2.74861853e-01
6.98602368e-02
-3.77068781e-01
1.07969978e-01
-5.60368088e-01
8.38004726e-01
2.22017932e-01
2.59058210e-01
0.00000000e+00
0.00000000e+00
0.00000000e+00
0.00000000e+00
0.00000000e+00
9.91291986e-02
2.75230330e-02
-3.01098663e-01
-2.47458605e+00
5.46456678e-02
-4.41826101e-01
1.57399880e+00
-1.65466115e-01
1.98354612e+00
0.00000000e+00
0.00000000e+00
0.00000000e+00
0.00000000e+00
0.00000000e+00
0.00000000e+00
0.00000000e+00
-1.22879606e+00
-3.38116276e-01
0.00000000e+00
0.00000000e+00
2.89957599e-01
-1.27047905e-01
-1.79837171e-01
-5.74760800e-02
8.89611468e-02
-2.36607309e-01
-5.79408336e-01
0.00000000e+00
-7.00677373e-01
1.24952002e+00
-1.25876025e+00
9.92339640e-01
3.38281604e-01
-9.03064281e-01
7.77888037e-01
0.00000000e+00
4.23479153e-01
-4.85098438e-01
-5.28913268e-01
4.78152245e-03
-6.98033673e-01
-3.34280030e-01
3.21079281e-01
3.35377160e-01
-1.79059576e+00
6.53760541e-01
2.96766855e-01
2.27431580e-01
9.00897862e-01
-3.32001185e-01
2.14883718e+00
-9.93655305e-01
-3.55027840e-01
0.00000000e+00
-9.67490430e-01
-1.28185882e+00
-5.18085681e-01
-6.74820862e-01
-6.43543248e-01
2.45275523e-01
0.00000000e+00
-1.30045016e+00
-1.00290658e+00
7.73019310e-01
7.10267308e-01
-2.74027209e-01
-4.07519019e-01
0.00000000e+00
-3.25806902e-01
-3.47716411e-02
-4.63625931e-01
-1.81522235e+00
-8.33359521e-01
-4.31117003e-01
0.00000000e+00
2.37564230e-01
2.45672628e-01
-7.58241554e-01
1.39165114e-01
-2.80780731e-01
2.68496921e-01
0.00000000e+00
-5.94500847e-01
3.28354910e-01
-2.66969515e-01
2.80187285e-03
6.00123075e-02
-8.76610711e-02
0.00000000e+00
-2.61357667e-01
6.92956865e-02
-3.05908719e-01
-1.87173299e+00
-2.34191669e-01
-6.64331066e-02
-9.07099254e-01
-3.38918593e-01
3.63629674e-01
-1.55942604e-01
-1.89080368e-01
6.00502396e-01
4.64806493e-01
-7.88195763e-01
1.49360814e+00
-2.09065509e+00
0.00000000e+00
0.00000000e+00
0.00000000e+00
3.79249233e-01
5.18085217e-01
7.90700395e-02
-9.02495784e-01
-1.73787429e+00
-7.54483506e-01
9.47223064e-02
-3.64810943e-01
8.28012146e-01
0.00000000e+00
1.35455681e+00
4.73712377e-01
-1.31378806e+00
-2.75197587e-01
2.90235705e+00
-1.81051727e-01
1.22587640e-01
-2.29757451e+00
-1.22711230e+00
2.11380792e-01
2.52483272e-01
0.00000000e+00
0.00000000e+00
0.00000000e+00
2.66448656e-01
-2.19541219e-01
-8.54429708e-01
4.62344168e-02
-4.47117515e-01
-9.49414633e-02
-2.62760462e-01
2.20298942e-01
8.31428961e-02
0.00000000e+00
-3.48209894e-01
1.37572544e-01
5.33732494e-01
6.92584440e-01
-5.27430058e-01
1.74171177e-01
-1.02362642e-01
3.42127503e-01
5.81224585e-01
3.17385790e-02
-2.89858301e+00
0.00000000e+00
0.00000000e+00
0.00000000e+00
1.18511570e+00
3.82625256e+00
-9.84795735e-04
0.00000000e+00
-1.77045869e-04
0.00000000e+00
-4.99313115e-04
-2.99299141e-01
0.00000000e+00
0.00000000e+00
1.77290604e+00
5.21679243e+00
0.00000000e+00
0.00000000e+00
1.08843881e+00
1.13828920e+00
0.00000000e+00
-1.88181154e-03
-5.36310865e-04
8.27969297e-01
-1.84012363e+00
0.00000000e+00
0.00000000e+00
0.00000000e+00
2.80645319e+00
3.55608304e+00
-8.95013410e-04
0.00000000e+00
-3.65092522e-04
0.00000000e+00
-4.19460219e-04
-1.55094912e-01
0.00000000e+00
0.00000000e+00
9.14477712e-01
1.56569926e+00
0.00000000e+00
0.00000000e+00
2.35829733e+00
3.64229069e+00
0.00000000e+00
-2.48883777e-03
-8.71148937e-04
3.43280580e+00
136
1.77658835e+00
0.00000000e+00
0.00000000e+00
-2.84429756e+00
7.00682986e-02
1.06452240e-01
4.22653347e-02
4.48062304e+00
-2.05913708e-01
0.00000000e+00
0.00000000e+00
0.00000000e+00
0.00000000e+00
0.00000000e+00
0.00000000e+00
0.00000000e+00
-6.75339834e-01
-3.90853926e-01
2.86730608e+00
-1.79757152e+00
8.57148849e-01
8.71302987e-01
6.88279196e-01
6.62021755e-01
4.22799056e-01
1.39286609e-01
-6.66785824e-02
-1.52069258e+00
1.76266963e+00
-3.85336237e-01
9.92782254e-01
1.59078252e+00
3.40648391e+00
-2.87669913e-02
3.95749482e+00
0.00000000e+00
-1.11955992e-02
-3.70033772e+00
-1.16376805e+00
-1.88938034e+00
7.13573257e-01
-2.53533996e+00
5.87619435e-01
0.00000000e+00
0.00000000e+00
0.00000000e+00
-4.50937066e+00
-3.95970064e+00
4.78266269e-02
-1.46678423e+00
3.69872916e-01
1.43767488e+00
2.61456593e+00
5.19789824e-01
7.52829139e-01
-4.36189452e-01
0.00000000e+00
-4.02587830e+00
-1.07340969e-01
-8.98097542e-01
-4.19421312e-01
-2.14300733e-02
-8.29767363e-02
-1.04732406e+00
8.07862468e-01
-4.21749429e-02
0.00000000e+00
2.18974234e-01
-4.14917716e-01
4.83280209e-02
2.06239657e-02
0.00000000e+00
-2.14383372e+00
-1.58509454e-01
-6.08030403e-01
1.11786231e-01
0.00000000e+00
2.44866661e+00
-2.74953783e-01
6.03204833e-01
-3.28488374e-01
1.52557057e+00
1.07993501e+00
5.73118916e-01
2.94876653e-01
2.97308626e-02
-5.91030787e-01
-5.69673317e-01
-1.78320377e+00
0.00000000e+00
0.00000000e+00
0.00000000e+00
2.95448101e-01
-3.04559014e-01
-6.14955390e-02
-2.63842775e-01
-1.80230435e+00
-7.00745992e-01
-9.09241012e-02
-1.68651211e-01
1.29435256e+00
0.00000000e+00
9.55735756e-01
1.06522784e+00
-1.08209217e+00
2.14782198e-01
1.51036726e+00
2.59780672e-01
-1.46847832e-01
-2.17450241e+00
-8.84957923e-01
3.02025152e-01
-5.87191701e+00
0.00000000e+00
0.00000000e+00
0.00000000e+00
4.16722836e+00
5.61266884e+00
-1.07369257e-01
-2.76025641e-02
-5.47051750e-04
0.00000000e+00
-9.85819914e-04
3.51412302e+00
7.75436095e-01
0.00000000e+00
3.27853829e+00
7.02066487e+00
0.00000000e+00
3.68634687e+00
3.15031359e+00
3.31884362e+00
3.60845429e+00
-2.39316984e-04
-5.53564381e-05
3.17060884e+00
