1 3 -999999999 -1 -1
1 1 0 -1 -1
0.02315 -0.3462
356
2.70249769e-01
2.72780552e-01
0.00000000e+00
-5.33943085e-01
1.92726445e-01
-6.28177720e-01
2.71556304e-01
0.00000000e+00
0.00000000e+00
5.35958646e-01
-2.48062874e-01
3.96884056e-01
1.30755228e-02
-9.15423196e-02
-1.94695456e-01
-2.47705309e-01
0.00000000e+00
0.00000000e+00
0.00000000e+00
0.00000000e+00
0.00000000e+00
0.00000000e+00
0.00000000e+00
0.00000000e+00
0.00000000e+00
0.00000000e+00
0.00000000e+00
0.00000000e+00
0.00000000e+00
0.00000000e+00
0.00000000e+00
0.00000000e+00
0.00000000e+00
0.00000000e+00
0.00000000e+00
0.00000000e+00
0.00000000e+00
0.00000000e+00
0.00000000e+00
0.00000000e+00
0.00000000e+00
0.00000000e+00
0.00000000e+00
0.00000000e+00
0.00000000e+00
0.00000000e+00
0.00000000e+00
0.00000000e+00
0.00000000e+00
0.00000000e+00
0.00000000e+00
-1.35043754e+00
-3.14413826e-01
-6.76392826e-03
0.00000000e+00
0.00000000e+00
0.00000000e+00
0.00000000e+00
-5.74252488e-01
-1.68865977e-01
-3.99986780e-01
1.21618690e+00
8.53340461e-01
8.00996598e-01
1.60236800e+00
-1.58987183e+00
-1.21121942e+00
-2.10965001e+00
1.79223399e-01
5.29958519e-03
-4.20248421e-01
2.73138709e-01
3.58817536e-03
-2.99303742e-01
-3.59691095e-01
-3.72558014e-03
2.60019518e-01
1.77578756e-01
7.67596192e-03
-1.22751229e-01
0.00000000e+00
0.00000000e+00
-5.94091668e-01
-6.14631128e-01
2.86989091e-02
2.01952933e-01
2.37020867e-01
1.01396408e+00
0.00000000e+00
0.00000000e+00
-1.47966244e-01
-8.64134730e-02
-2.11359311e-01
3.76315974e-02
-5.87603549e-02
-3.76075335e-02
-2.07417269e-01
2.65818381e-03
5.86238173e-02
6.53973345e-02
-4.79175974e-01
-6.83893708e-02
0.00000000e+00
0.00000000e+00
2.15429793e+00
3.35374059e+00
0.00000000e+00
0.00000000e+00
0.00000000e+00
0.00000000e+00
0.00000000e+00
0.00000000e+00
9.30665636e-01
5.35642057e-02
2.60525430e-01
-1.91124988e-01
-1.28222886e+00
-1.82151597e+00
9.18547560e-01
0.00000000e+00
0.00000000e+00
0.00000000e+00
0.00000000e+00
0.00000000e+00
8.99546324e-02
-6.36859483e-02
2.59142533e-02
-3.21424955e-01
-5.21519940e-01
-1.16631214e+00
3.65685456e+00
3.49684599e+00
3.47409565e+00
3.41839348e+00
3.54839465e+00
3.33548393e+00
-1.12462844e-03
2.80964381e-01
1.49652541e-01
-1.06207991e-01
2.64425980e-01
1.77040010e-01
6.22864667e-01
4.65530946e-01
1.14104325e-01
3.34050474e-01
1.75631653e-01
2.42539559e-01
0.00000000e+00
0.00000000e+00
0.00000000e+00
0.00000000e+00
-1.12641672e+00
1.13129838e+00
0.00000000e+00
0.00000000e+00
1.23060011e+00
-2.49146043e+00
0.00000000e+00
-1.53712734e+00
-3.70774230e-01
-5.53174204e-01
-1.51327393e+00
-9.93189270e-01
-1.88404816e+00
0.00000000e+00
0.00000000e+00
0.00000000e+00
1.33383477e-01
0.00000000e+00
-1.55585583e+00
-1.76767305e-01
7.09246412e-01
-9.39180076e-02
-5.33413878e-01
8.87432268e-01
-9.65456690e-01
0.00000000e+00
-7.26855458e-01
-9.89867490e-01
-7.24158192e-01
5.40223869e-01
2.14010504e+00
5.76180797e-01
-1.68934212e-01
-6.93509519e-01
4.14372863e-02
1.21827222e+00
6.24847694e-02
0.00000000e+00
0.00000000e+00
0.00000000e+00
2.61885337e-01
0.00000000e+00
5.87741807e-01
5.16393839e-01
-3.30420648e-01
4.91143056e-01
5.75052367e-01
2.84919785e-01
-4.94611914e-02
0.00000000e+00
4.28729784e-01
0.00000000e+00
3.63721545e-02
1.57692136e-01
-6.60342593e-01
5.24800570e-01
4.80317401e-01
4.15264989e-01
2.54978871e-01
1.42664733e-01
-8.49830936e-01
-1.48520897e-01
0.00000000e+00
4.82628724e-01
5.46252528e-01
4.55263202e-01
3.33786848e-02
-6.37162784e-01
-2.47270018e-01
0.00000000e+00
0.00000000e+00
0.00000000e+00
-4.59011660e-01
0.00000000e+00
-4.79839740e-01
-3.03751347e-01
5.00935437e-01
-3.05285374e-01
-4.21443179e-01
-1.70748317e-01
2.54517132e-02
0.00000000e+00
-3.62067552e-01
0.00000000e+00
9.88521977e-04
-7.89721044e-02
6.74975819e-01
-4.29529028e-01
-2.65270822e-01
-8.37104644e-02
-5.96116848e-02
-8.00988387e-02
-7.01310039e-01
0.00000000e+00
1.86463651e-01
-2.56024961e-01
-1.03421722e+00
-2.22253332e-01
0.00000000e+00
-5.16592306e-01
-4.13965973e-02
4.66777230e-01
-3.79431993e-02
-6.51087363e-01
-8.11963892e-01
0.00000000e+00
0.00000000e+00
6.61184906e-01
-1.54636347e+00
0.00000000e+00
0.00000000e+00
0.00000000e+00
8.16744624e-02
-4.42020389e-01
-7.58815727e-01
-1.46209594e-01
-8.22838262e-01
5.32348017e-02
-7.42258001e-03
3.49205981e-02
-2.69571121e-01
0.00000000e+00
2.21210300e-01
-2.48090572e+00
-3.69302271e-01
1.64864295e+00
-3.66482399e-02
1.48778141e-01
9.11656841e-02
-3.40545303e-01
1.05844738e+00
7.89841410e-01
4.47460477e-01
0.00000000e+00
0.00000000e+00
0.00000000e+00
4.85233978e-01
0.00000000e+00
4.72082586e-01
7.86064292e-01
-6.40672770e-01
6.77745371e-01
8.53490336e-01
6.46071334e-01
7.37082629e-02
0.00000000e+00
4.73630577e-01
0.00000000e+00
3.46070241e-01
1.84010490e-01
6.06209849e-03
5.66351770e-01
6.52704463e-01
8.99854280e-01
3.20294819e-01
5.44107965e-01
-8.69595982e-01
-2.19309174e-01
8.12816967e-01
7.85142123e-01
7.27053887e-01
3.68131171e-01
-2.62229261e-02
-5.61217419e-01
-8.06880253e-01
0.00000000e+00
0.00000000e+00
0.00000000e+00
8.14884526e-02
0.00000000e+00
4.22929654e-01
1.40727683e-01
-3.61602912e-01
8.87807240e-02
-4.22439793e-02
-3.43648895e-01
2.53001947e-01
0.00000000e+00
9.27428433e-02
0.00000000e+00
1.46055585e-01
2.66154312e-01
1.37947464e-02
-1.29339649e-01
-5.41651898e-02
-5.05637148e-01
6.24835090e-03
-2.22152432e-01
-6.50286808e-01
1.76199190e+00
9.04973931e-01
-5.72639351e-01
-6.76767491e-01
-3.33865030e-01
-9.19815270e-01
-1.38450154e+00
-7.87995727e-01
5.21696498e-01
9.32847628e-02
-9.48846291e-01
-3.42902461e-01
7.90002472e-01
1.84561298e-03
-4.87704915e-01
247
-1.06447207e+00
-1.06445551e+00
0.00000000e+00
-5.02956400e-01
-5.61499107e-01
0.00000000e+00
-1.10780930e+00
-9.44537174e-02
0.00000000e+00
0.00000000e+00
1.01737795e+00
-2.61185313e-01
5.26551019e-01
4.75636517e-02
0.00000000e+00
0.00000000e+00
0.00000000e+00
0.00000000e+00
0.00000000e+00
0.00000000e+00
0.00000000e+00
0.00000000e+00
0.00000000e+00
0.00000000e+00
0.00000000e+00
0.00000000e+00
0.00000000e+00
0.00000000e+00
0.00000000e+00
0.00000000e+00
0.00000000e+00
0.00000000e+00
0.00000000e+00
0.00000000e+00
0.00000000e+00
0.00000000e+00
0.00000000e+00
0.00000000e+00
0.00000000e+00
0.00000000e+00
0.00000000e+00
3.07057365e-01
3.93773487e-03
2.17292587e-01
-4.45902437e-03
-9.11332847e-01
6.49552158e-04
-6.77489174e-01
3.63775984e-03
0.00000000e+00
0.00000000e+00
0.00000000e+00
-3.87572772e-01
4.76539675e-02
-9.85059385e-01
6.68635862e-03
1.15440464e+00
0.00000000e+00
0.00000000e+00
2.26904787e+00
3.88546769e+00
0.00000000e+00
0.00000000e+00
0.00000000e+00
0.00000000e+00
0.00000000e+00
0.00000000e+00
6.69701879e-01
1.32543731e-01
-1.87959826e-01
-3.21715499e-01
-7.63003835e-01
-2.85375571e+00
0.00000000e+00
3.72069980e+00
0.00000000e+00
0.00000000e+00
0.00000000e+00
0.00000000e+00
3.50862984e-01
1.32296358e-01
5.06061752e-02
-2.03657407e-01
-8.58762618e-01
-1.20660961e+00
5.84194470e+00
5.79672205e+00
5.70851699e+00
5.95298825e+00
5.82122827e+00
5.63529596e+00
1.03902605e-01
-1.99372205e-02
-1.31250634e-01
-1.58897582e-02
-1.60903334e-01
2.92396312e-01
-9.35554136e-03
-1.22479489e-01
1.84053523e-01
-5.48066359e-01
0.00000000e+00
-1.84557992e-01
0.00000000e+00
-3.21467564e+00
5.41069478e+00
0.00000000e+00
2.15953425e+00
0.00000000e+00
0.00000000e+00
-2.45331906e+00
-1.08391798e+00
-2.24194543e+00
-2.77326447e-01
-2.21929425e+00
-3.32586342e+00
0.00000000e+00
0.00000000e+00
0.00000000e+00
1.46019177e+00
0.00000000e+00
-5.52196779e-01
5.91879417e-01
0.00000000e+00
7.12688086e-01
3.69105371e-01
1.76481447e+00
7.04826620e-02
0.00000000e+00
1.05188955e+00
0.00000000e+00
-1.78280691e-01
1.93778708e+00
1.98042155e+00
1.19825019e+00
1.94092990e+00
0.00000000e+00
1.11954621e+00
2.21180263e+00
-1.83696836e+00
-8.40187493e-01
0.00000000e+00
1.61812104e-01
7.46364899e-02
-1.75502189e-02
0.00000000e+00
0.00000000e+00
0.00000000e+00
4.08633674e-01
0.00000000e+00
7.11574168e-01
4.26076282e-01
0.00000000e+00
7.86865576e-01
4.90793936e-01
4.09927434e-01
0.00000000e+00
0.00000000e+00
4.94504643e-01
0.00000000e+00
0.00000000e+00
1.14704723e-01
-1.85576572e+00
5.09169280e-01
2.85142042e-01
0.00000000e+00
1.54665443e-01
8.66542715e-03
-9.96780868e-01
0.00000000e+00
1.76622600e+00
6.18693707e-01
-1.48889506e+00
-2.43730489e-01
0.00000000e+00
0.00000000e+00
-2.16997610e-01
-1.24516457e+00
0.00000000e+00
0.00000000e+00
0.00000000e+00
-2.49662070e+00
0.00000000e+00
0.00000000e+00
0.00000000e+00
1.14513746e+00
0.00000000e+00
-7.51894002e-01
7.49758495e-01
1.25438648e+00
5.54133862e-01
6.63650520e-01
9.27367975e-01
0.00000000e+00
0.00000000e+00
1.39341878e+00
0.00000000e+00
2.70704649e-01
1.82293320e+00
1.60391999e+00
7.35878256e-05
1.40167516e+00
0.00000000e+00
9.26930773e-01
1.61565043e+00
-1.75753212e+00
-5.76453766e-01
-1.68596175e-01
9.41037391e-02
4.23522748e-01
4.12787519e-01
0.00000000e+00
0.00000000e+00
0.00000000e+00
-3.09779552e-01
0.00000000e+00
0.00000000e+00
1.80651005e-01
0.00000000e+00
0.00000000e+00
6.69551387e-01
-7.53482541e-02
0.00000000e+00
0.00000000e+00
-1.14920748e-01
0.00000000e+00
0.00000000e+00
-2.82093776e-01
4.68387246e-01
0.00000000e+00
-1.16447996e-01
0.00000000e+00
0.00000000e+00
-8.66255958e-02
-1.18107836e+00
3.35471409e+00
3.07711846e+00
1.63887553e+00
-7.39088574e-01
2.99127319e-01
-1.03963994e+00
-1.39656449e+00
-7.98986912e-01
-1.03821589e+00
1.82009433e+00
1.51840955e+00
0.00000000e+00
3 -999999999 1 1 -1
1 0 1 1 -1
-2.7567e-01 4.2982e-01
356
-1.04849745e+00
0.00000000e+00
0.00000000e+00
0.00000000e+00
0.00000000e+00
0.00000000e+00
0.00000000e+00
0.00000000e+00
0.00000000e+00
0.00000000e+00
0.00000000e+00
0.00000000e+00
0.00000000e+00
0.00000000e+00
0.00000000e+00
0.00000000e+00
-4.12824722e-01
-6.35672725e-01
7.08167387e-02
-2.40301920e-01
-1.17725107e+00
8.11332230e-02
0.00000000e+00
0.00000000e+00
1.13326382e+00
-1.33958338e+00
4.56918860e-01
1.55645873e-01
1.36251996e-01
-9.48810411e-02
2.94457837e-02
-4.12824722e-01
-6.35672725e-01
-4.83641461e-01
-2.40301920e-01
-1.36989279e+00
-9.04371451e-01
2.06316277e-01
9.40551922e-01
-1.35499538e-01
-1.66446790e-01
0.00000000e+00
0.00000000e+00
0.00000000e+00
0.00000000e+00
0.00000000e+00
0.00000000e+00
0.00000000e+00
0.00000000e+00
0.00000000e+00
0.00000000e+00
-3.47711599e-01
8.40485195e-01
-1.78201263e-01
0.00000000e+00
0.00000000e+00
0.00000000e+00
0.00000000e+00
-8.61113165e-01
4.22294561e-01
-5.39984630e-01
5.86108621e-01
1.10631938e-01
5.43003381e-01
6.72469657e-01
-1.24785990e+00
-4.30501247e-01
-6.74961723e-01
0.00000000e+00
0.00000000e+00
0.00000000e+00
0.00000000e+00
0.00000000e+00
0.00000000e+00
-2.22814821e-01
-2.08745243e-03
1.81108020e-05
-6.23955692e-01
-3.46069566e-03
1.24576769e-01
0.00000000e+00
0.00000000e+00
0.00000000e+00
-1.63365503e+00
-1.33785583e+00
3.35353163e-01
1.40835658e+00
1.47990115e+00
0.00000000e+00
0.00000000e+00
-4.72765985e-01
-5.82934766e-02
-6.48717098e-02
-4.13623307e-02
3.51529780e-02
6.61329800e-02
3.02909483e-01
9.96052137e-02
5.95328755e-02
7.01134773e-02
1.14764842e-01
9.77173721e-02
0.00000000e+00
0.00000000e+00
3.26061982e+00
1.28465838e+00
0.00000000e+00
0.00000000e+00
0.00000000e+00
0.00000000e+00
0.00000000e+00
0.00000000e+00
3.07984451e-01
-4.61932792e-01
-3.74875468e-01
-3.81404029e-01
-1.07250501e+00
-2.46383404e+00
4.68899641e-01
3.17190736e+00
0.00000000e+00
0.00000000e+00
0.00000000e+00
0.00000000e+00
4.12056349e-01
1.63472943e-01
4.88626346e-02
3.08792549e-02
-7.07959492e-01
-4.47912378e-01
5.38108194e+00
5.27832653e+00
5.34049378e+00
5.24337459e+00
5.41076902e+00
5.40162587e+00
3.95878641e-01
3.04875757e-01
2.51206001e-01
8.93036937e-02
4.10519784e-01
-9.20987818e-02
-1.78720813e-02
-1.96218141e-01
-1.97062315e-01
-2.04059945e-01
-4.24464338e-01
-5.33154290e-01
0.00000000e+00
0.00000000e+00
0.00000000e+00
0.00000000e+00
-1.83255513e+00
4.35958610e+00
0.00000000e+00
0.00000000e+00
6.46608068e-01
-2.41715320e+00
-3.41076831e+00
0.00000000e+00
-7.33335062e-01
-1.13106352e+00
-1.65013900e-01
-1.20209230e+00
-8.98348961e-01
0.00000000e+00
0.00000000e+00
0.00000000e+00
6.53170973e-02
0.00000000e+00
-4.35290301e-01
2.89039936e-01
-6.15113817e-01
8.22430112e-01
7.93963239e-01
2.56353955e-01
-1.25920681e+00
0.00000000e+00
1.78412400e-01
-8.71254392e-01
-9.01302770e-01
7.74067373e-01
4.03031357e-01
4.02788923e-01
3.02425126e-01
-6.05550855e-01
2.07326098e-01
6.72634243e-01
-3.87790310e-02
0.00000000e+00
0.00000000e+00
0.00000000e+00
3.07040163e-01
0.00000000e+00
-8.37903273e-02
3.15111526e-01
-2.78904125e-01
-9.19567843e-02
1.02559726e-01
4.48431687e-01
-4.06817664e-01
0.00000000e+00
1.44336583e-01
0.00000000e+00
1.36503248e-01
2.46937359e-01
1.13856645e-01
2.44208815e-01
3.72143069e-01
-4.02622233e-01
-3.38322459e-02
2.29770829e-01
-5.95637311e-01
-1.70939180e-01
3.99053755e-01
2.56812877e-01
-8.30411769e-01
9.54078189e-02
-5.24811446e-02
-2.13865855e-01
2.90579028e-01
0.00000000e+00
0.00000000e+00
0.00000000e+00
-2.67943671e-01
0.00000000e+00
2.69334945e-01
-2.30506698e-01
0.00000000e+00
4.24749748e-01
2.01785242e-01
-1.53877864e-02
9.39167588e-01
0.00000000e+00
-1.20858348e-01
0.00000000e+00
-1.28456894e-01
-3.01159334e-02
-5.63452751e-01
-2.67876914e-02
-3.70079367e-01
7.24891713e-01
3.74301658e-01
-1.55727574e-01
-4.24698131e-01
-1.16688560e-02
4.38646442e-01
6.31990784e-01
-3.02711650e-01
-5.62395881e-01
-2.40542579e-01
-2.97967058e-01
-9.91255555e-01
-5.68988741e-02
-1.97942643e-01
-3.07554364e-01
2.59684231e-01
-1.81412054e+00
-1.43366394e+00
-5.06824750e-01
-2.33315582e+00
0.00000000e+00
0.00000000e+00
0.00000000e+00
1.94678655e-01
-2.54693613e+00
-3.90229053e-01
3.51175092e-01
-1.20251204e+00
6.72831275e-01
8.98057605e-01
2.00445747e-01
-1.36341176e+00
0.00000000e+00
7.32609985e-01
-2.54725932e+00
-6.60299292e-01
1.10305399e+00
-6.51124396e-01
4.57055163e-01
8.68963757e-01
-1.88906709e-01
7.10484619e-01
1.02816698e+00
-2.41646211e-01
0.00000000e+00
0.00000000e+00
0.00000000e+00
6.20429165e-01
0.00000000e+00
1.25622463e-01
5.97549321e-01
0.00000000e+00
2.83661610e-01
3.47242780e-01
5.70192111e-01
-3.84979698e-01
0.00000000e+00
3.32644592e-01
-3.14464568e-01
3.46975219e-01
5.01903128e-01
2.81646435e-01
4.09063223e-01
4.24151523e-01
-1.09909548e-01
5.16915214e-02
4.13237654e-01
-1.12981035e+00
-5.05615886e-01
0.00000000e+00
6.31672526e-01
-1.02438684e-01
-1.34775276e-02
-1.72022601e-01
-3.20115757e-01
-1.15926523e-01
0.00000000e+00
0.00000000e+00
0.00000000e+00
5.74106107e-02
0.00000000e+00
-2.57207243e-03
-2.31009800e-02
0.00000000e+00
-6.27579636e-02
-3.57933968e-02
-4.32421880e-01
-3.59090870e-01
0.00000000e+00
1.93393614e-01
0.00000000e+00
1.03796483e-01
-1.96868916e-01
3.36026063e-01
-5.50123904e-03
1.68168214e-01
-2.25009705e-01
-3.01393580e-02
1.72330599e-02
-6.24194466e-01
5.16524242e-02
1.31280130e+00
-1.52856654e-01
-1.20334547e+00
-6.25447638e-01
0.00000000e+00
5.30094867e-01
-8.68585515e-02
-1.84048975e-01
-1.83579982e-01
-2.57818680e-01
-5.77897833e-01
-1.88428123e+00
9.98417137e-01
-6.50496897e-03
247
-7.58643594e-01
0.00000000e+00
0.00000000e+00
0.00000000e+00
0.00000000e+00
0.00000000e+00
0.00000000e+00
0.00000000e+00
0.00000000e+00
2.53339070e-01
0.00000000e+00
0.00000000e+00
0.00000000e+00
0.00000000e+00
-5.57034481e-01
-2.01609113e-01
-6.03533698e-01
4.64992167e-02
-2.19851164e-01
-1.92430748e+00
0.00000000e+00
0.00000000e+00
0.00000000e+00
1.70060231e+00
-1.12729305e+00
3.88087520e-01
8.90940360e-02
-5.57034481e-01
-2.01609113e-01
-6.03533698e-01
4.64992167e-02
-2.19851164e-01
5.67286622e-01
4.02970274e-01
0.00000000e+00
0.00000000e+00
0.00000000e+00
0.00000000e+00
0.00000000e+00
0.00000000e+00
0.00000000e+00
0.00000000e+00
0.00000000e+00
0.00000000e+00
0.00000000e+00
6.76572727e-02
-3.98512706e-04
-1.62338268e-01
-3.16127473e-03
0.00000000e+00
0.00000000e+00
-5.32015500e-01
-3.02093259e-01
-2.19586555e-01
7.27153799e-01
1.87292872e-01
4.40607230e-02
0.00000000e+00
0.00000000e+00
4.28164713e+00
1.98218403e+00
0.00000000e+00
0.00000000e+00
0.00000000e+00
0.00000000e+00
0.00000000e+00
0.00000000e+00
3.05984199e-01
-6.20479244e-01
-2.93639263e-01
-5.47528508e-01
-1.51868605e+00
-2.42506279e+00
1.21208395e+00
0.00000000e+00
0.00000000e+00
0.00000000e+00
0.00000000e+00
0.00000000e+00
1.04564478e-01
1.24862742e-02
-2.15072072e-01
-1.47339527e-01
-4.77236221e-01
-1.00999243e+00
7.35127854e+00
7.25847087e+00
7.35473485e+00
7.23815167e+00
7.52880260e+00
7.59957973e+00
-2.91958482e-01
2.19347629e-01
2.03528217e-01
-4.88047226e-02
1.47163773e-01
-6.65317947e-01
-8.83485935e-02
8.07454624e-02
-2.81904631e-02
-5.22882426e-02
3.10963898e-02
-5.44671580e-01
0.00000000e+00
-1.00823812e+00
2.71303494e+00
0.00000000e+00
1.90473590e-01
-2.80820564e+00
-3.63683566e+00
0.00000000e+00
-9.75028040e-01
-4.28427023e-01
-1.42393154e+00
-1.31689609e+00
-1.40345506e+00
0.00000000e+00
0.00000000e+00
0.00000000e+00
2.69392159e-01
0.00000000e+00
-6.37350196e-01
6.49415508e-01
-8.28448734e-01
3.55379420e-01
9.84528431e-01
7.23171722e-01
-2.12497312e+00
0.00000000e+00
7.43453572e-02
-1.48950245e+00
-1.37907842e+00
7.84190233e-01
5.16551901e-01
8.85964578e-01
2.91970434e-01
-2.00852197e-01
2.02599201e-01
9.56769279e-01
-6.89705516e-01
-2.18194989e-01
8.36395693e-01
8.55515155e-01
-6.90801291e-02
-4.71199334e-01
0.00000000e+00
0.00000000e+00
0.00000000e+00
-3.18664023e-02
0.00000000e+00
1.77682222e-01
-4.60558201e-02
1.51549275e-01
-1.69975682e-01
1.30423086e-01
5.91037599e-02
0.00000000e+00
0.00000000e+00
1.22560651e-01
0.00000000e+00
-8.65675291e-02
-2.07958806e-01
-1.28421375e-01
-1.74776649e-01
-2.17138405e-01
8.69611786e-02
-4.54888221e-01
5.07792262e-02
-4.71510527e-01
9.54912203e-01
5.67931541e-01
4.60761220e-01
-7.13749547e-01
-7.56833051e-01
-8.24985027e-01
-3.99982665e-01
-1.04747167e+00
4.30835043e-02
-1.04290929e+00
-1.25917025e+00
-6.13569743e-01
-2.74082762e+00
0.00000000e+00
0.00000000e+00
0.00000000e+00
7.11452417e-01
-2.30925503e+00
-7.11285248e-02
6.14424807e-01
-2.81447698e+00
1.08374364e+00
1.04713306e+00
5.76402910e-01
-1.95099266e+00
0.00000000e+00
8.15152975e-01
-3.11807501e+00
-5.73477427e-01
1.42324199e+00
-1.16649569e+00
6.38730657e-01
7.14759691e-01
-2.39353119e-02
5.52479797e-01
1.10948707e+00
-1.17315917e+00
-5.79698012e-01
0.00000000e+00
-7.72228752e-01
9.51325806e-02
-4.42093726e-01
0.00000000e+00
0.00000000e+00
0.00000000e+00
2.05616755e-01
0.00000000e+00
3.01129482e-01
1.72910258e-02
5.18711814e-01
3.72932184e-01
2.45458872e-01
1.67932279e-01
5.67987721e-01
0.00000000e+00
1.65702826e-01
0.00000000e+00
-1.89930641e-02
2.47385750e-01
4.46068412e-01
4.30354897e-02
1.05115987e-01
-1.53595530e-01
1.37142148e-01
1.03653603e-01
-5.93461156e-01
8.50750414e-01
-1.37844273e+00
-4.42677603e-01
-1.56766846e+00
-8.44233525e-01
0.00000000e+00
2.17257710e-01
7.97644950e-02
-7.23434930e-01
-1.85912433e+00
-3.93415840e-01
4.13803743e-01
2 1
7.7117e-02 2.2351e-01
2 1
1 3 
217
1.63137114e+00
-4.28844162e-01
-1.29418456e+00
-1.23193573e+00
8.01868193e-01
1.03971960e+00
1.73708188e+00
-4.08308372e-01
8.48479636e-01
-1.70075240e+00
-1.61658677e+00
-8.41550037e-01
-1.39471807e-01
-1.32182187e-01
1.34714281e-01
1.75761540e-02
-1.36046869e+00
6.36656727e-01
-3.15859677e-04
-1.27743924e+00
8.04316970e-01
-1.41351695e-03
-1.04737203e+00
5.56831589e-02
4.64799473e-03
-3.31399812e-01
0.00000000e+00
0.00000000e+00
3.68782310e-01
1.56439864e-01
-9.72452580e-02
4.96957221e-01
1.26856008e-01
6.48921797e-01
0.00000000e+00
0.00000000e+00
1.72953643e-02
1.08117861e+00
5.32897167e-01
0.00000000e+00
0.00000000e+00
0.00000000e+00
0.00000000e+00
0.00000000e+00
1.72953643e-02
6.19651660e-01
4.61526946e-01
5.32897167e-01
0.00000000e+00
0.00000000e+00
0.00000000e+00
0.00000000e+00
0.00000000e+00
0.00000000e+00
0.00000000e+00
0.00000000e+00
0.00000000e+00
0.00000000e+00
0.00000000e+00
0.00000000e+00
5.32897167e-01
4.61526946e-01
6.19651660e-01
6.70802673e-01
-1.91980363e-01
-1.42223610e+00
1.24526220e+00
-8.88078103e-02
-9.27133693e-02
4.17000031e-01
0.00000000e+00
6.47670271e-01
-2.52270525e-01
4.02669871e-01
1.37608025e-01
5.91754241e-01
2.98620398e-02
0.00000000e+00
0.00000000e+00
0.00000000e+00
0.00000000e+00
0.00000000e+00
0.00000000e+00
0.00000000e+00
0.00000000e+00
0.00000000e+00
0.00000000e+00
0.00000000e+00
0.00000000e+00
0.00000000e+00
0.00000000e+00
0.00000000e+00
0.00000000e+00
0.00000000e+00
0.00000000e+00
0.00000000e+00
0.00000000e+00
0.00000000e+00
0.00000000e+00
0.00000000e+00
0.00000000e+00
0.00000000e+00
0.00000000e+00
0.00000000e+00
0.00000000e+00
0.00000000e+00
0.00000000e+00
0.00000000e+00
0.00000000e+00
0.00000000e+00
0.00000000e+00
0.00000000e+00
0.00000000e+00
0.00000000e+00
0.00000000e+00
0.00000000e+00
0.00000000e+00
0.00000000e+00
0.00000000e+00
-1.03941291e+00
-2.27495461e-01
-2.00412146e+00
0.00000000e+00
0.00000000e+00
0.00000000e+00
1.32175610e+00
-8.38390577e-02
-4.79874336e-01
1.41480041e+00
-1.38762699e+00
1.04292144e+00
1.75608198e+00
6.82851214e-01
-7.64196604e-01
0.00000000e+00
1.30595151e+00
-2.03269044e+00
-8.30690575e-01
1.41353585e+00
7.96161795e-01
9.45009295e-01
9.16632316e-01
-6.45886334e-01
7.69582287e-01
1.11629602e+00
-5.52068681e-01
0.00000000e+00
0.00000000e+00
0.00000000e+00
4.79584222e-01
-6.17297899e-02
5.65795487e-01
6.30126260e-01
7.51233131e-01
1.72725671e-01
1.01766846e-01
7.29437393e-01
-5.10084556e-01
0.00000000e+00
6.19336044e-01
-1.18400440e+00
4.58192108e-01
7.20963340e-01
1.95615978e-01
3.42169406e-01
6.18640249e-01
5.33193954e-01
4.34399873e-01
8.08271948e-01
-8.74051091e-01
0.00000000e+00
0.00000000e+00
0.00000000e+00
2.41748300e-01
-1.57287088e+00
-4.28041333e-01
3.25136085e-01
-6.99287634e-01
7.61121127e-01
6.45527017e-01
9.70134621e-02
-9.06435508e-01
0.00000000e+00
7.15071346e-01
-1.38706075e+00
-6.72250034e-01
1.59348743e+00
-2.15214323e-02
3.59821823e-01
3.26019783e-01
-9.81576086e-01
3.61584472e-01
3.68461726e-01
-1.17879715e-01
0.00000000e+00
0.00000000e+00
0.00000000e+00
2.61706919e-01
-1.26676653e+00
1.33069821e-01
1.11546284e-01
-3.31334183e-01
-7.12911431e-02
2.44728760e-01
6.87511614e-01
-3.55247634e-01
0.00000000e+00
9.90755748e-02
-8.95557128e-01
-4.36582850e-01
6.11054446e-02
1.59795112e-01
2.88961941e-01
1.59679645e-01
4.15606511e-01
4.28370335e-01
1.87741792e-01
136
-9.58108871e-01
6.22153664e-02
-2.80150918e-03
-1.87177242e-01
-1.27160199e-03
-4.08896272e-01
1.00531260e-03
-4.24250725e-01
4.58803449e-03
0.00000000e+00
0.00000000e+00
-3.40935134e-01
-1.02324229e+00
-5.12666298e-01
5.38980303e-01
4.17840961e-01
8.40497626e-02
0.00000000e+00
0.00000000e+00
3.38584327e-02
-7.90473917e-02
-9.12919912e-01
0.00000000e+00
0.00000000e+00
0.00000000e+00
0.00000000e+00
0.00000000e+00
3.38584327e-02
-2.69221483e-01
1.90174092e-01
-9.12919912e-01
0.00000000e+00
0.00000000e+00
0.00000000e+00
0.00000000e+00
0.00000000e+00
0.00000000e+00
0.00000000e+00
0.00000000e+00
0.00000000e+00
0.00000000e+00
0.00000000e+00
0.00000000e+00
0.00000000e+00
0.00000000e+00
0.00000000e+00
3.32979334e-01
-1.08946810e-01
5.18649473e-01
6.96432975e-01
-1.18297155e+00
0.00000000e+00
-2.33876301e-01
8.48121089e-02
2.50504280e-01
3.62166672e-02
0.00000000e+00
0.00000000e+00
0.00000000e+00
0.00000000e+00
-9.12919912e-01
1.90174092e-01
-2.69221483e-01
0.00000000e+00
0.00000000e+00
0.00000000e+00
0.00000000e+00
0.00000000e+00
0.00000000e+00
0.00000000e+00
0.00000000e+00
0.00000000e+00
0.00000000e+00
0.00000000e+00
0.00000000e+00
0.00000000e+00
0.00000000e+00
0.00000000e+00
0.00000000e+00
0.00000000e+00
0.00000000e+00
0.00000000e+00
0.00000000e+00
0.00000000e+00
0.00000000e+00
0.00000000e+00
-2.93586816e-02
2.66923170e-01
-1.14956480e+00
0.00000000e+00
0.00000000e+00
0.00000000e+00
1.03669293e+00
-3.33304013e+00
-1.73129211e-02
3.76844675e-01
-1.70418710e+00
8.81299940e-01
9.80021979e-01
1.03582787e+00
-1.54714830e+00
0.00000000e+00
1.06207769e+00
-2.78904752e+00
-9.32594533e-01
1.23925715e+00
6.45377826e-01
9.13604331e-01
8.18129269e-01
-1.08403908e+00
2.17155360e-01
1.05151576e+00
-1.00712212e+00
0.00000000e+00
0.00000000e+00
0.00000000e+00
7.17773207e-01
-2.29967081e+00
-3.56315543e-01
5.64467117e-01
-1.55520060e+00
9.81971824e-01
1.00321791e+00
4.22186020e-01
-1.82389329e+00
0.00000000e+00
1.15476759e+00
-1.75597703e+00
-8.05897920e-01
1.23013285e+00
-1.69076967e-01
5.27031232e-01
6.40271310e-01
-1.06416178e+00
5.65288409e-01
1.01596436e+00
0 1
1.8715e-01 1.7602e-01
3 3
1 3 2 
217
-3.06673327e-01
2.48717627e-01
-1.47322481e-01
1.67255182e-01
-5.93289895e-01
8.59432518e-01
1.51624291e-01
4.38507923e-01
6.20249164e-01
-6.43908909e-02
5.02444199e-01
-2.35955584e-01
-9.87701086e-01
-3.45119856e-01
0.00000000e+00
0.00000000e+00
0.00000000e+00
0.00000000e+00
0.00000000e+00
0.00000000e+00
-8.87835939e-02
3.25836867e-03
1.20209057e-01
1.63886464e-02
-2.03876266e-03
8.71803405e-02
0.00000000e+00
0.00000000e+00
0.00000000e+00
-5.08651098e-01
-8.44200214e-01
2.36626876e-01
6.56457133e-01
5.27168618e-01
0.00000000e+00
0.00000000e+00
-5.15047559e-01
-2.71831560e-01
2.06889374e-01
2.73316419e-01
0.00000000e+00
0.00000000e+00
0.00000000e+00
0.00000000e+00
-5.15047559e-01
-1.27420282e-01
1.40693862e-01
-2.36341809e-01
-2.85105140e-01
4.54317939e-01
-1.10867563e-02
2.73316419e-01
0.00000000e+00
0.00000000e+00
0.00000000e+00
0.00000000e+00
0.00000000e+00
0.00000000e+00
0.00000000e+00
0.00000000e+00
2.58878534e-02
1.40693862e-01
4.17925170e-02
-9.19185262e-02
-5.78627068e-01
-6.60453975e-01
4.61118009e-01
-7.04930587e-02
-9.72457420e-02
2.12845586e-01
0.00000000e+00
-4.73255042e-01
-2.74462707e-01
-1.75322595e-02
-5.84160906e-01
1.84113975e-01
4.99785216e-01
-3.86863682e-01
-3.51252105e-01
-1.04957528e+00
5.83824499e-01
-3.47906371e-01
-1.52382038e-01
-3.43783679e-01
0.00000000e+00
0.00000000e+00
0.00000000e+00
0.00000000e+00
0.00000000e+00
0.00000000e+00
0.00000000e+00
0.00000000e+00
0.00000000e+00
0.00000000e+00
0.00000000e+00
0.00000000e+00
0.00000000e+00
0.00000000e+00
0.00000000e+00
0.00000000e+00
0.00000000e+00
0.00000000e+00
0.00000000e+00
0.00000000e+00
0.00000000e+00
0.00000000e+00
0.00000000e+00
0.00000000e+00
0.00000000e+00
0.00000000e+00
0.00000000e+00
0.00000000e+00
0.00000000e+00
0.00000000e+00
0.00000000e+00
0.00000000e+00
0.00000000e+00
0.00000000e+00
0.00000000e+00
5.70171695e-02
1.41211399e-02
-7.38605758e-01
0.00000000e+00
0.00000000e+00
0.00000000e+00
6.58908996e-01
-1.52033675e+00
-3.18797897e-01
3.36031017e-01
-1.14603344e+00
5.16770973e-01
7.10355576e-01
2.94485014e-01
-1.12507628e+00
0.00000000e+00
6.17544411e-01
-1.34221228e+00
-8.93976031e-01
9.73166427e-01
6.94981317e-01
6.24122926e-01
5.11527233e-01
-1.23907458e+00
1.38118749e-01
7.70888864e-01
-1.27613732e-01
0.00000000e+00
0.00000000e+00
0.00000000e+00
2.21626994e-01
-1.34405750e+00
6.92287191e-02
2.21875787e-01
-1.54243139e-01
2.62112466e-01
1.92928992e-01
3.66972300e-01
1.90916848e-01
0.00000000e+00
1.54493872e-01
-7.35329189e-01
-2.91842977e-02
1.86458931e-01
-1.37194689e-01
1.85302739e-02
8.36403023e-02
3.92201986e-03
1.83855073e-01
1.15832503e-01
-7.90144956e-01
0.00000000e+00
0.00000000e+00
0.00000000e+00
1.11854943e-01
-9.14737425e-01
-9.39554884e-01
8.12247125e-02
-5.03608404e-01
9.61306546e-01
5.76588034e-01
1.82635926e-01
-7.63949714e-01
0.00000000e+00
3.22021629e-01
-1.07179661e+00
-1.41564331e+00
9.19594610e-01
-3.65230430e-01
3.95250471e-01
6.98490350e-01
-1.76732616e-02
5.21741391e-01
4.31340476e-01
-1.50008690e-01
0.00000000e+00
0.00000000e+00
0.00000000e+00
3.31390241e-01
-5.17377369e-01
1.65181766e-02
2.20654020e-01
-4.35134744e-01
-2.02063951e-01
8.01117053e-02
2.16288270e-01
-6.02107243e-01
0.00000000e+00
2.88571014e-01
2.24208612e-01
3.76629229e-01
2.01056015e-01
-3.65418409e-02
1.00175961e-01
5.32481802e-02
-6.14516067e-01
-2.15695873e-02
1.70450687e-01
136
-8.65380226e-01
0.00000000e+00
0.00000000e+00
0.00000000e+00
0.00000000e+00
-3.32659669e-01
-9.22705653e-04
-4.18553989e-01
-1.45907111e-03
0.00000000e+00
0.00000000e+00
-2.42533433e-01
-3.67791685e-01
-6.17230391e-02
4.37926659e-01
-3.56844040e-02
-4.93270353e-01
0.00000000e+00
0.00000000e+00
0.00000000e+00
8.48404951e-02
-2.19742400e-01
-6.56294952e-01
0.00000000e+00
0.00000000e+00
0.00000000e+00
0.00000000e+00
0.00000000e+00
-2.77070161e-01
2.78095079e-01
-9.99447312e-01
8.38155769e-02
-7.46370107e-02
8.54341923e-01
-6.56294952e-01
0.00000000e+00
0.00000000e+00
0.00000000e+00
0.00000000e+00
0.00000000e+00
0.00000000e+00
0.00000000e+00
0.00000000e+00
0.00000000e+00
0.00000000e+00
0.00000000e+00
9.22130622e-01
2.19938589e-01
8.74616205e-01
7.52869618e-01
-2.40702306e+00
0.00000000e+00
-3.27248370e-01
-3.28554437e-01
2.10858640e-01
2.30364538e-01
-4.35747894e-01
-6.36857869e-01
2.42743822e-02
1.19629063e-01
-9.26107567e-01
2.78095079e-01
-2.67891594e-01
0.00000000e+00
0.00000000e+00
0.00000000e+00
0.00000000e+00
0.00000000e+00
0.00000000e+00
0.00000000e+00
0.00000000e+00
0.00000000e+00
0.00000000e+00
0.00000000e+00
0.00000000e+00
0.00000000e+00
0.00000000e+00
0.00000000e+00
0.00000000e+00
0.00000000e+00
0.00000000e+00
0.00000000e+00
0.00000000e+00
0.00000000e+00
0.00000000e+00
0.00000000e+00
-1.88689518e-01
3.75356124e-01
-1.41005257e+00
0.00000000e+00
0.00000000e+00
0.00000000e+00
9.84575371e-01
-3.73907614e+00
-3.06033542e-02
6.85042738e-01
-1.40843853e+00
7.69094699e-01
1.09578945e+00
8.93475630e-01
-2.01715231e+00
0.00000000e+00
1.21773292e+00
-3.32682804e+00
-8.69359811e-01
1.23084511e+00
6.12650484e-01
9.79645936e-01
9.36169319e-01
-8.28764095e-01
2.41392702e-01
1.16375536e+00
-9.69661233e-01
0.00000000e+00
0.00000000e+00
0.00000000e+00
6.30353940e-01
-2.69812549e+00
-1.60793151e-01
5.17059126e-01
-1.25167467e+00
1.10483732e+00
1.08567766e+00
5.11923789e-01
-1.66647041e+00
0.00000000e+00
1.05619407e+00
-2.54451683e+00
-8.60542651e-01
1.20673437e+00
5.54717652e-02
5.72014057e-01
5.03201386e-01
-8.08580398e-01
7.28522811e-01
1.04905208e+00
8 1
-3.4888e-01 3.3405e-01
4 3
1 3 2 0 
217
-3.42530745e-01
3.24193982e-01
-5.19679055e-02
1.42914046e-01
-1.01931700e-01
1.66065450e-02
-5.32472963e-02
2.73481847e-01
3.44982713e-01
-1.07235423e-01
3.15849597e-01
-2.29836372e-01
-8.48184059e-01
6.02376815e-01
0.00000000e+00
0.00000000e+00
0.00000000e+00
0.00000000e+00
0.00000000e+00
0.00000000e+00
-1.42349927e-01
2.95986691e-03
-1.66496794e-01
6.42869708e-02
-2.90313419e-03
-2.02729187e-01
0.00000000e+00
0.00000000e+00
0.00000000e+00
-5.62263462e-01
-1.25713675e-01
4.36147478e-01
3.68711899e-01
4.92515027e-02
0.00000000e+00
0.00000000e+00
0.00000000e+00
-5.31215475e-01
-1.85769191e-01
1.84991387e-01
1.89462534e-01
0.00000000e+00
0.00000000e+00
0.00000000e+00
0.00000000e+00
6.33381483e-01
-4.12329651e-01
2.53046974e-01
-1.05997904e+00
6.52330733e-01
-2.47903181e-01
2.79638977e-01
3.07711734e-01
-7.80156882e-01
1.50495677e-02
-6.18624473e-01
0.00000000e+00
8.24878640e-02
4.41489018e-01
1.89462534e-01
-4.78695570e-01
-8.95683492e-02
2.25733175e-01
-1.27782461e-01
-9.06315495e-01
-7.00212673e-01
8.58481845e-01
-1.07814237e-01
-1.66914634e-01
1.36027246e-01
0.00000000e+00
-2.42360513e-01
2.60071104e-01
2.01674132e-02
5.50120367e-02
-1.20337645e-01
-2.44798695e-01
-2.81519665e-01
-3.20401581e-01
-8.23988428e-01
2.49165003e-01
-1.11849528e-01
1.02254982e-02
-1.28399802e-01
0.00000000e+00
9.81862947e-02
2.09792215e-01
4.71597205e-02
-7.46212552e-02
-4.87876760e-01
-2.09431604e-01
0.00000000e+00
0.00000000e+00
0.00000000e+00
0.00000000e+00
0.00000000e+00
0.00000000e+00
0.00000000e+00
0.00000000e+00
0.00000000e+00
0.00000000e+00
0.00000000e+00
0.00000000e+00
0.00000000e+00
0.00000000e+00
0.00000000e+00
0.00000000e+00
0.00000000e+00
0.00000000e+00
0.00000000e+00
0.00000000e+00
0.00000000e+00
0.00000000e+00
0.00000000e+00
0.00000000e+00
0.00000000e+00
0.00000000e+00
0.00000000e+00
0.00000000e+00
-9.27904961e-02
2.48728794e-01
-1.18383889e+00
0.00000000e+00
0.00000000e+00
0.00000000e+00
1.19131691e+00
-2.12378351e+00
-2.94095005e-03
9.42593239e-01
-1.17802601e+00
8.11424263e-01
1.34662428e+00
9.21553573e-01
-5.91151638e-01
0.00000000e+00
1.24657936e+00
-7.44234928e-02
-5.76603236e-01
1.41891993e+00
8.17562276e-01
1.25164791e+00
9.91017365e-01
-6.00558001e-01
7.32926670e-01
1.18841239e+00
-6.23235450e-01
0.00000000e+00
0.00000000e+00
0.00000000e+00
5.13116436e-01
-7.70408330e-01
3.90747302e-01
4.14225750e-01
-4.48676655e-01
5.42137663e-01
4.63925929e-01
6.27118355e-01
-3.99630442e-01
0.00000000e+00
4.59825396e-01
-5.22431520e-02
3.71416726e-01
4.64266652e-01
3.68414030e-01
3.36433132e-01
4.19527876e-01
2.69824648e-01
3.36072671e-01
5.23220104e-01
-6.48027361e-01
0.00000000e+00
0.00000000e+00
0.00000000e+00
6.09193076e-01
-2.10870793e+00
-2.79957045e-01
3.16793471e-01
-1.06791539e+00
1.03862429e+00
7.94964045e-01
3.62558085e-01
-1.28238199e+00
0.00000000e+00
8.27724897e-01
-1.81234113e+00
-7.73897122e-01
1.30145594e+00
-3.56071613e-01
7.30441470e-01
6.02798780e-01
-1.17371913e+00
9.29334718e-01
6.93075218e-01
-2.35413817e-01
0.00000000e+00
0.00000000e+00
0.00000000e+00
2.18316507e-01
-9.16371944e-01
6.33989702e-03
1.04622383e-01
-1.70500813e-01
-1.74597080e-01
1.61499638e-01
6.43980398e-02
-6.98059698e-02
0.00000000e+00
1.22996997e-01
2.86447854e-01
-1.85961676e-01
7.98164563e-03
2.97762003e-01
-4.69356657e-02
1.50533376e-01
8.19842582e-02
-3.18752598e-01
1.44629330e-01
136
-7.59699259e-01
0.00000000e+00
0.00000000e+00
0.00000000e+00
0.00000000e+00
-2.41861943e-01
1.72909139e-03
-2.87771897e-01
-1.63488728e-03
0.00000000e+00
0.00000000e+00
-3.29804276e-01
-5.67705567e-01
-2.64326500e-01
2.74078648e-01
2.16386630e-01
1.02009938e-01
0.00000000e+00
0.00000000e+00
0.00000000e+00
-1.06349596e-01
-5.29862707e-02
-1.26571126e-01
-4.63557154e-01
0.00000000e+00
0.00000000e+00
0.00000000e+00
0.00000000e+00
4.74356473e-01
3.04445608e-03
-1.76475009e-01
-5.95529777e-01
3.80251533e-01
4.25276903e-02
-1.49307868e-01
1.17792524e-02
-5.29340431e-01
-4.07942678e-02
-9.76197174e-01
2.70844213e-01
-5.69628497e-02
1.05589677e+00
-4.63557154e-01
0.00000000e+00
0.00000000e+00
0.00000000e+00
7.63118058e-01
-2.55848376e-02
6.60391224e-01
4.15273929e-01
-1.02296986e+00
0.00000000e+00
-4.70005049e-02
2.03010315e-01
2.33279472e-01
-4.56022997e-01
-5.47552750e-01
-6.96309062e-01
-1.13070411e-01
1.19404263e-01
-9.86201709e-01
-3.38067522e-02
2.35546808e-01
-8.84285982e-02
2.04889844e-01
3.90048030e-01
0.00000000e+00
0.00000000e+00
0.00000000e+00
0.00000000e+00
0.00000000e+00
0.00000000e+00
0.00000000e+00
0.00000000e+00
0.00000000e+00
0.00000000e+00
0.00000000e+00
0.00000000e+00
0.00000000e+00
0.00000000e+00
0.00000000e+00
0.00000000e+00
0.00000000e+00
0.00000000e+00
0.00000000e+00
0.00000000e+00
-1.50326197e-01
1.78727355e-01
-1.20010392e+00
0.00000000e+00
0.00000000e+00
0.00000000e+00
1.00317104e+00
-3.43907497e+00
-1.15115898e-01
6.76560174e-01
-1.49000615e+00
8.08096686e-01
9.76723891e-01
9.37611393e-01
-1.40355716e+00
0.00000000e+00
1.05347682e+00
-2.97028086e+00
-9.20248072e-01
1.25449478e+00
5.74908308e-01
7.78443477e-01
7.86213573e-01
-1.04133154e+00
2.98681464e-01
1.03112913e+00
-9.74606507e-01
0.00000000e+00
0.00000000e+00
0.00000000e+00
6.00763478e-01
-2.29962073e+00
-4.50289418e-01
4.51357925e-01
-1.23106255e+00
9.51632642e-01
8.48748153e-01
4.90756808e-01
-1.83241165e+00
0.00000000e+00
1.01154916e+00
-1.47184258e+00
-8.47567871e-01
1.23075320e+00
-1.33263451e-01
4.98399181e-01
5.70023415e-01
-8.50683940e-01
5.88734640e-01
8.99417086e-01
10 1
-4.7552e-01 3.6068e-01
5 3
1 3 2 0 8 
217
7.16675179e-01
1.06387837e-01
-1.04607019e+00
1.73545036e-01
4.31686504e-01
-8.94720223e-02
3.90348311e-01
-2.43401646e-01
2.19791317e-01
-2.50857229e-01
7.32211517e-02
-1.74805206e-01
-3.98372104e-01
7.93441119e-01
0.00000000e+00
0.00000000e+00
0.00000000e+00
0.00000000e+00
0.00000000e+00
0.00000000e+00
4.17852297e-01
1.47556770e-03
-3.00860458e-01
3.15842299e-01
-1.28023899e-03
-1.81867040e-01
0.00000000e+00
0.00000000e+00
0.00000000e+00
-3.05570845e-01
1.21161781e-01
2.70749674e-01
3.57895805e-01
4.86312855e-01
0.00000000e+00
0.00000000e+00
0.00000000e+00
1.66261124e-01
-2.38964122e-01
-1.49392294e-01
2.22401538e-01
7.16368933e-01
0.00000000e+00
0.00000000e+00
0.00000000e+00
7.14977035e-01
-7.62127799e-01
2.43720009e-01
-1.14397686e+00
1.42375672e+00
-7.89258509e-01
4.54668782e-01
1.79905111e-01
-1.29016453e+00
7.31404431e-01
-3.54842783e-01
4.40348391e-01
-2.19403808e-01
1.17077449e+00
-8.31054890e-02
2.94956681e-01
1.49181743e-01
2.72536756e-01
3.97978976e-01
-5.70909729e-01
-7.97424259e-01
6.78357889e-01
2.54075653e-01
2.11248043e-01
4.51045030e-01
0.00000000e+00
1.05442050e-01
4.04470332e-02
3.89594012e-01
1.24210914e-01
2.21639117e-01
5.37136187e-02
-5.91787743e-01
5.46592159e-02
-8.00326479e-01
7.22346631e-01
-1.58061586e-01
5.31457076e-01
9.65583886e-02
0.00000000e+00
1.41759369e-01
3.24750134e-01
6.94892292e-01
-2.42230592e-01
-1.19976482e-01
8.83850003e-01
0.00000000e+00
3.34626941e-01
1.67961954e-01
1.20638721e-01
-9.03922015e-01
2.61409517e-01
-3.45181297e-01
0.00000000e+00
0.00000000e+00
0.00000000e+00
0.00000000e+00
0.00000000e+00
0.00000000e+00
0.00000000e+00
0.00000000e+00
0.00000000e+00
0.00000000e+00
0.00000000e+00
0.00000000e+00
0.00000000e+00
0.00000000e+00
0.00000000e+00
0.00000000e+00
0.00000000e+00
0.00000000e+00
0.00000000e+00
0.00000000e+00
0.00000000e+00
-4.00966942e-01
2.60155865e-01
-1.91713660e+00
0.00000000e+00
0.00000000e+00
0.00000000e+00
1.86636387e+00
-2.30384541e-01
6.99302919e-02
1.89779286e+00
-7.89643428e-01
1.59639398e+00
1.87353656e+00
9.98986672e-01
-3.19400557e-01
0.00000000e+00
1.74735947e+00
-1.56050209e-02
-2.68493763e-01
1.94085022e+00
8.63191632e-01
1.33002956e+00
1.36990946e+00
-2.39158379e-01
1.20013839e+00
1.73430818e+00
-8.16762563e-01
0.00000000e+00
0.00000000e+00
0.00000000e+00
7.06802590e-01
-1.91785048e-01
7.76983274e-01
5.99147007e-01
6.78723817e-01
7.62263842e-01
4.47003470e-01
9.19954778e-01
7.02902416e-01
0.00000000e+00
6.58842987e-01
-8.77584737e-03
6.45636055e-01
5.47567160e-01
8.10429412e-01
5.93332427e-01
6.59141865e-01
8.97312547e-01
5.22212516e-01
9.32093010e-01
-1.06834419e+00
0.00000000e+00
0.00000000e+00
0.00000000e+00
7.18879705e-01
-2.12664198e-01
-1.88251663e-01
5.38361024e-01
-5.64068870e-01
1.08595342e+00
1.07743958e+00
7.20302502e-01
-8.48214950e-01
0.00000000e+00
9.76054030e-01
-7.88781471e-01
-3.48852861e-01
2.34712455e+00
4.09604029e-01
1.05442912e+00
1.06090719e+00
-4.96426974e-01
1.48653121e+00
1.11143827e+00
-6.02656911e-01
0.00000000e+00
0.00000000e+00
0.00000000e+00
6.14034667e-01
-3.06104272e-02
5.69604295e-01
5.21785253e-01
4.85273961e-01
6.35086128e-01
5.77990497e-01
5.26858457e-01
-3.58963114e-01
0.00000000e+00
6.00264230e-01
-1.07064760e-02
7.10903137e-02
1.56085131e-01
3.91373380e-01
3.43644262e-01
3.47397100e-01
8.25865651e-01
1.79275656e-01
3.47017368e-01
136
-3.72156790e-01
0.00000000e+00
0.00000000e+00
0.00000000e+00
0.00000000e+00
-4.69939834e-02
-1.54028603e-03
-2.33720387e-01
-2.24522031e-03
0.00000000e+00
0.00000000e+00
-2.38685705e-01
-6.24398663e-01
-2.56925854e-01
3.59117333e-01
3.39742719e-01
1.53528743e-01
0.00000000e+00
0.00000000e+00
0.00000000e+00
3.35696823e-01
9.62682848e-02
-2.03544766e-01
-3.88737323e-01
-1.94687301e-01
0.00000000e+00
0.00000000e+00
0.00000000e+00
7.45934446e-01
-9.51495424e-02
-1.82357528e-01
-3.18585100e-01
6.44535016e-01
1.33618282e-01
-3.33244263e-01
-2.66313600e-01
-6.04937900e-01
4.05392913e-01
-5.95143984e-01
1.17946379e-01
-1.32358085e-02
8.13336063e-01
-8.06799655e-01
0.00000000e+00
0.00000000e+00
0.00000000e+00
7.56647606e-01
1.64452805e-02
6.39885592e-01
5.02776522e-01
-9.81927052e-01
0.00000000e+00
3.04157030e-01
1.72528038e-01
2.65416712e-01
2.79535840e-01
-1.92369060e-01
-4.17358642e-01
-5.87911409e-02
2.51904085e-01
-8.96290130e-01
2.79636661e-02
-6.03184070e-01
-1.99909730e-01
-3.10887417e-02
3.55293403e-01
0.00000000e+00
-2.63186053e-01
-6.33729247e-01
9.62580471e-02
1.43324625e-01
0.00000000e+00
0.00000000e+00
0.00000000e+00
0.00000000e+00
0.00000000e+00
0.00000000e+00
0.00000000e+00
0.00000000e+00
0.00000000e+00
0.00000000e+00
0.00000000e+00
0.00000000e+00
0.00000000e+00
0.00000000e+00
0.00000000e+00
-7.34010300e-02
1.48509201e-01
-1.15212126e+00
0.00000000e+00
0.00000000e+00
0.00000000e+00
9.87564314e-01
-3.32699041e+00
-5.20922206e-02
5.75029809e-01
-1.53788332e+00
8.79444967e-01
1.04479272e+00
9.57060378e-01
-1.56952285e+00
0.00000000e+00
1.01083709e+00
-2.94734358e+00
-8.62969860e-01
1.24876390e+00
5.24711962e-01
8.43108443e-01
7.99599135e-01
-1.04891313e+00
3.35640901e-01
9.87040485e-01
-1.01201483e+00
0.00000000e+00
0.00000000e+00
0.00000000e+00
6.78041908e-01
-2.33801493e+00
-3.80369982e-01
4.67730722e-01
-1.35400015e+00
8.47327329e-01
8.78039824e-01
4.87754887e-01
-1.69048581e+00
0.00000000e+00
9.98969521e-01
-1.64796334e+00
-8.57185272e-01
1.14206854e+00
-1.27266527e-02
5.73350792e-01
5.87828182e-01
-9.21813925e-01
5.82749744e-01
9.46683785e-01
13 1
-6.7330e-01 3.9610e-01
6 3
1 3 2 0 8 10 
217
-1.42150535e-01
2.89681762e-01
-1.84577092e-01
2.10451314e-02
-1.84937742e-01
-6.18711047e-01
-4.72227056e-01
4.09183686e-01
2.71836920e-01
-2.43632004e-01
7.44732046e-01
-5.85166929e-02
-5.01554703e-01
3.63299357e-01
0.00000000e+00
0.00000000e+00
0.00000000e+00
0.00000000e+00
0.00000000e+00
0.00000000e+00
-2.95902597e-01
4.68637374e-03
1.27497395e-01
1.53752062e-01
-2.65965053e-03
2.35500153e-02
0.00000000e+00
0.00000000e+00
0.00000000e+00
-6.27642361e-01
-1.18340068e-01
4.89464643e-01
4.70807775e-01
2.77191005e-02
0.00000000e+00
0.00000000e+00
0.00000000e+00
1.41056537e-01
-3.65258145e-01
-3.50588420e-01
-6.55260568e-02
1.81481771e-01
3.16683779e-01
0.00000000e+00
0.00000000e+00
5.76837789e-01
-4.72002674e-01
5.77976787e-02
-9.36369786e-01
1.26721473e+00
-6.07710358e-01
9.76212347e-02
-4.36279460e-01
-6.19985808e-01
6.93093855e-01
-3.20047380e-01
0.00000000e+00
-1.94339383e-01
7.61709457e-01
-2.47942664e-02
1.36609850e-01
-2.15188279e-01
-6.35721055e-02
-7.70622593e-02
-9.05392867e-01
-6.07649753e-01
9.45067421e-01
1.26605837e-01
-1.04762829e-01
3.10470903e-01
0.00000000e+00
-3.27818082e-01
3.10371063e-01
2.39899140e-01
-1.70922419e-01
-5.42315930e-02
1.45896648e-01
-3.39727161e-01
-1.80858838e-01
-8.02264387e-01
4.64714588e-01
-2.00096987e-02
-8.62791231e-02
1.71610906e-02
0.00000000e+00
-1.66113898e-02
3.58845443e-01
3.24198753e-01
-2.54177625e-01
-4.49737898e-01
-8.57712663e-03
0.00000000e+00
8.92728291e-02
-1.01589671e-01
-2.99581122e-01
-4.39738570e-01
6.81577584e-02
-7.01421463e-01
0.00000000e+00
1.11227129e-03
-2.84323302e-02
-7.31170337e-02
-2.47325975e-01
-7.01457722e-02
-1.16788209e-01
0.00000000e+00
0.00000000e+00
0.00000000e+00
0.00000000e+00
0.00000000e+00
0.00000000e+00
0.00000000e+00
0.00000000e+00
0.00000000e+00
0.00000000e+00
0.00000000e+00
0.00000000e+00
0.00000000e+00
0.00000000e+00
-4.94267923e-01
4.11889927e-01
-1.69850492e+00
0.00000000e+00
0.00000000e+00
0.00000000e+00
1.50734318e+00
-2.59220429e-01
3.25434186e-01
1.14424579e+00
-3.90263683e-01
1.59959239e+00
1.67959800e+00
1.53688996e+00
-7.30505831e-01
0.00000000e+00
1.64614439e+00
-1.11327720e-02
-2.63799696e-03
1.48921097e+00
1.06837335e+00
1.36876435e+00
1.39770780e+00
-4.82252331e-01
1.28167988e+00
1.51942063e+00
-9.72245161e-01
0.00000000e+00
0.00000000e+00
0.00000000e+00
7.69929258e-01
-1.32026999e-01
6.18342733e-01
5.54336871e-01
-6.30465984e-01
6.49134343e-01
7.23255343e-01
8.75149957e-01
-1.07228398e-01
0.00000000e+00
4.56503296e-01
-5.87992564e-03
3.68829790e-01
8.27831447e-01
7.47663081e-01
7.85382332e-01
6.00447103e-01
6.01923842e-01
7.13730626e-01
7.85148563e-01
-4.02191518e-01
0.00000000e+00
0.00000000e+00
0.00000000e+00
3.97985271e-01
-1.70221618e+00
-2.08871668e-01
5.65767239e-01
-1.05994719e+00
8.21390735e-01
1.03567078e+00
4.77336608e-01
-1.03748605e+00
0.00000000e+00
6.24297469e-01
-2.26127662e+00
-4.56637647e-01
1.40895476e+00
-4.56804629e-01
6.75775719e-01
8.10255088e-01
-9.19011442e-01
3.93974532e-01
4.88651711e-01
-3.73300352e-01
0.00000000e+00
0.00000000e+00
0.00000000e+00
3.16468468e-01
-8.71658864e-01
2.60607937e-02
1.29723580e-01
-1.25358377e-01
1.22194862e-01
2.26848510e-02
-6.57684754e-02
-3.24462159e-01
0.00000000e+00
2.05810659e-01
3.87102102e-01
-4.45416678e-01
-2.93236015e-01
3.39795095e-01
7.24219544e-02
-2.14896190e-02
-2.66650108e-01
1.23097424e-02
4.06167837e-01
136
-2.14292472e-01
0.00000000e+00
0.00000000e+00
0.00000000e+00
0.00000000e+00
-1.79621336e-02
1.59156990e-03
-5.17310376e-02
-2.09577639e-03
0.00000000e+00
0.00000000e+00
-2.62018963e-01
-5.49270514e-01
-1.70791564e-01
3.55998519e-01
3.37226842e-01
2.20169436e-01
0.00000000e+00
0.00000000e+00
0.00000000e+00
2.55208227e-01
9.10318546e-02
-1.45448739e-01
-2.57321389e-01
-1.18421924e-01
-2.23438549e-02
0.00000000e+00
0.00000000e+00
7.55159079e-01
-1.34971573e-01
-2.10751078e-01
-3.20277893e-01
8.34661697e-01
1.05686817e-01
-3.12248890e-01
-3.57211258e-01
-4.89172762e-01
3.68538153e-01
-6.45058016e-01
1.06565645e-01
-1.76949219e-01
9.75438682e-01
-6.96705207e-01
0.00000000e+00
0.00000000e+00
0.00000000e+00
7.53265037e-01
-2.64931140e-02
6.06168161e-01
3.97627365e-01
-9.77000571e-01
0.00000000e+00
3.45984798e-01
2.09913926e-01
2.58212971e-01
1.93638280e-01
-3.10058846e-01
-4.20405257e-01
1.35722291e-01
1.47228831e-01
-8.15855236e-01
-1.33850836e-01
-5.09902859e-01
-1.66261715e-01
-1.87439956e-02
3.04959239e-01
0.00000000e+00
-9.75254278e-02
-7.02288753e-01
1.28820657e-01
-1.66116768e-01
0.00000000e+00
-4.45632479e-01
-4.72956558e-01
3.48026257e-02
1.85722351e-01
0.00000000e+00
0.00000000e+00
0.00000000e+00
0.00000000e+00
0.00000000e+00
0.00000000e+00
0.00000000e+00
0.00000000e+00
0.00000000e+00
0.00000000e+00
-8.62173745e-02
2.17646772e-01
-1.18638883e+00
0.00000000e+00
0.00000000e+00
0.00000000e+00
9.80950686e-01
-3.25486001e+00
-1.42093870e-01
6.97214452e-01
-1.52027282e+00
7.99492954e-01
9.79819984e-01
8.67983366e-01
-1.46382797e+00
0.00000000e+00
1.01433460e+00
-2.88294524e+00
-9.79191198e-01
1.17707278e+00
6.19997242e-01
8.27619028e-01
8.27921406e-01
-1.02523503e+00
2.35233566e-01
1.05439725e+00
-9.89278570e-01
0.00000000e+00
0.00000000e+00
0.00000000e+00
6.31794835e-01
-2.33398901e+00
-4.34702153e-01
4.75798459e-01
-1.27187957e+00
9.07638549e-01
8.60854129e-01
5.17094753e-01
-1.75278002e+00
0.00000000e+00
1.01115940e+00
-1.62528764e+00
-8.62053503e-01
1.27116068e+00
-7.79396481e-02
5.55227243e-01
5.84691708e-01
-9.03177707e-01
5.46590933e-01
9.10519995e-01
7 1
-8.8686e-01 3.9750e-01
7 1
1 3 2 0 8 10 13 
217
-4.36772612e-01
3.52123594e-01
2.49111076e-01
-1.81670952e-01
-3.66702122e-01
1.35021836e+00
9.54409808e-01
-1.06680295e+00
-2.06356504e-01
-5.09892780e-01
-5.35755418e-01
-1.42468129e-01
-2.82368377e-01
8.82134941e-01
5.57748436e-01
-1.28910096e-02
-4.74973558e-01
1.11298029e-01
-6.67363755e-04
-1.13659713e+00
-3.30308558e-01
-2.02467434e-03
-2.42845168e-01
-7.75510519e-01
-3.17768151e-03
1.72562344e-01
0.00000000e+00
0.00000000e+00
0.00000000e+00
6.05561954e-01
3.86113214e-01
-4.37049087e-01
-6.11656849e-01
-3.94562812e-01
0.00000000e+00
0.00000000e+00
0.00000000e+00
-5.23832294e-02
-5.82448088e-02
-1.57719862e-01
-2.72907718e-01
-3.57669255e-01
-2.20507785e-02
4.84203040e-01
0.00000000e+00
2.01173022e-01
-6.32251216e-02
-1.11711634e-01
-5.85222819e-01
6.73100434e-01
0.00000000e+00
1.71179535e-01
-1.40955842e-01
-3.40069546e-01
9.13796567e-02
-4.73838142e-01
0.00000000e+00
2.03340698e-01
6.27021817e-01
-7.16316394e-02
-3.40115308e-01
-1.12801307e-01
1.61440027e-02
0.00000000e+00
-6.88315341e-01
3.76613285e-01
4.21934202e-01
5.40228913e-02
-1.70391474e-01
1.74585618e-01
0.00000000e+00
-2.61841705e-01
2.10819142e-01
8.49778762e-02
1.45673600e-01
-2.59908784e-01
-6.14284974e-02
0.00000000e+00
-8.37247607e-01
-1.06167951e+00
4.39914869e-01
-6.03465669e-01
-3.94398743e-02
1.01461910e-01
0.00000000e+00
-5.88119632e-02
4.45813665e-01
-2.30050089e-01
1.32915688e-01
-1.47910561e-01
-1.52099879e-01
0.00000000e+00
-1.55047102e-01
-7.89041326e-02
-1.30312413e-01
-4.73995374e-01
-1.51413097e-01
-1.14932833e-01
0.00000000e+00
-2.46873612e-01
7.96103309e-02
-1.62705987e-02
-3.41671200e-01
-1.73628401e-01
-9.30390156e-02
0.00000000e+00
-5.44377983e-01
8.57651296e-02
-2.19671674e-01
-1.98906958e-01
3.27277045e-01
1.18963266e-01
0.00000000e+00
0.00000000e+00
0.00000000e+00
0.00000000e+00
0.00000000e+00
0.00000000e+00
0.00000000e+00
5.78197496e-01
7.06050470e-01
-9.86191542e-01
0.00000000e+00
0.00000000e+00
0.00000000e+00
1.22569959e+00
-1.56685431e-01
2.86796097e-01
9.66861037e-01
-9.84654760e-01
1.17778115e+00
1.35303326e+00
1.07385150e+00
-6.49047375e-01
0.00000000e+00
1.11895738e+00
-2.50241933e-02
-7.66597578e-01
1.65128208e+00
7.68857897e-01
9.99075473e-01
1.03205798e+00
-9.50472152e-01
5.18632056e-01
1.16932384e+00
-8.63442388e-01
0.00000000e+00
0.00000000e+00
0.00000000e+00
4.68443447e-01
-1.08674544e-01
-3.58622133e-02
6.66908434e-01
-3.33920068e-01
3.38926810e-01
5.65844638e-01
6.38404627e-01
-2.61119928e-01
0.00000000e+00
5.72780298e-01
-1.29001506e-02
3.98916582e-02
3.82297755e-01
6.87951639e-01
6.84488578e-01
4.60779942e-01
7.53531812e-01
4.64319083e-01
4.98744817e-01
-7.26138560e-01
0.00000000e+00
0.00000000e+00
0.00000000e+00
3.56944437e-01
-4.35124049e-02
-4.86610424e-01
2.29695667e-01
-8.27211188e-01
9.51539333e-01
5.77535773e-01
2.44816383e-01
-9.09736143e-01
0.00000000e+00
6.98122507e-01
-1.41645935e+00
-6.00089985e-01
1.17991286e+00
-6.13610093e-02
1.23646267e+00
1.87387673e+00
-5.09477775e-01
5.67484574e-01
7.14874680e-01
-6.41688653e-01
0.00000000e+00
0.00000000e+00
0.00000000e+00
5.77921349e-01
-1.76384689e-02
5.10283298e-01
5.17880153e-01
-6.40060533e-01
4.10938615e-01
5.51049149e-01
5.86677001e-01
-6.53757022e-01
0.00000000e+00
5.30542635e-01
-9.61912793e-01
-5.20495746e-03
2.63061523e-01
6.58325744e-01
3.25181705e-01
3.75584273e-01
-2.64622629e-01
7.20407181e-02
4.04124835e-01
136
-9.50211594e-02
2.98281895e-01
-5.79514958e-03
1.15820192e-01
-3.50124009e-03
-2.69401970e-01
1.37283589e-04
-2.39721277e-01
4.74526202e-03
0.00000000e+00
0.00000000e+00
-3.61488860e-01
-1.10475496e+00
-4.02988145e-01
6.85275061e-01
7.14297778e-01
5.53532263e-01
0.00000000e+00
0.00000000e+00
0.00000000e+00
6.80948737e-02
-4.91126353e-02
-1.26712187e-01
-1.11826314e-01
5.46475049e-02
-3.48894878e-02
1.53321822e-01
0.00000000e+00
6.84724294e-01
-1.55348743e-01
-1.97151182e-01
-3.44051427e-01
9.55700107e-01
-1.54480791e-01
-2.54768354e-01
-4.63675405e-01
-5.25595309e-01
3.21730463e-01
-2.93068280e-01
8.22221574e-02
-1.14022206e-01
5.65541948e-01
-1.54233697e-01
0.00000000e+00
0.00000000e+00
0.00000000e+00
0.00000000e+00
-1.21385224e-01
1.02165451e+00
1.37120479e-01
-6.77908713e-01
0.00000000e+00
2.29974677e-01
1.90406609e-01
1.97738985e-01
2.88833583e-01
0.00000000e+00
-5.58874438e-01
2.55417950e-02
3.06058902e-02
-4.14236027e-01
-3.00510886e-01
-1.89258238e-01
-1.58753313e-01
4.99893724e-02
2.34311592e-01
0.00000000e+00
5.78851993e-03
-7.72403264e-01
1.30537767e-01
1.28590806e-01
0.00000000e+00
-3.91343105e-01
-4.05702210e-01
-2.43587552e-03
1.30656739e-01
0.00000000e+00
-3.50342223e-01
-3.01501555e-01
7.23236869e-02
3.57396324e-02
0.00000000e+00
0.00000000e+00
0.00000000e+00
0.00000000e+00
0.00000000e+00
-9.61322109e-02
1.93969805e-01
-1.12351103e+00
0.00000000e+00
0.00000000e+00
0.00000000e+00
1.04109032e+00
-3.33734675e+00
-3.18105897e-02
5.79966538e-01
-1.48493791e+00
9.97309277e-01
9.36290313e-01
9.09921091e-01
-1.54608572e+00
0.00000000e+00
1.12713449e+00
-2.80953456e+00
-8.77194222e-01
1.10703647e+00
5.89370217e-01
7.27532706e-01
7.42251069e-01
-1.08966283e+00
2.07961535e-01
1.08719752e+00
-1.00890222e+00
0.00000000e+00
0.00000000e+00
0.00000000e+00
6.67746537e-01
-2.42676674e+00
-3.22907595e-01
5.74540075e-01
-1.13222072e+00
8.29108007e-01
9.15294567e-01
5.97836876e-01
-1.88388137e+00
0.00000000e+00
1.00167832e+00
-1.80831727e+00
-8.21807525e-01
1.25881291e+00
-7.49763309e-02
4.58390101e-01
3.28030298e-01
-7.81034136e-01
6.33064997e-01
9.78506768e-01
5 1
-8.5950e-01 4.2610e-01
8 3
1 3 2 0 8 10 13 7 
217
-3.62943634e-01
-3.92549403e-01
1.10965435e-01
-7.24645216e-02
-2.59868874e-01
2.04234865e-01
-2.45787105e-01
2.56896271e-01
-7.19757486e-02
-2.50780173e-02
-8.01971770e-02
2.55537177e-01
2.94885271e-01
8.61602408e-02
0.00000000e+00
0.00000000e+00
0.00000000e+00
-4.46133395e-03
-2.84766408e-03
5.57807711e-01
-1.40985646e-01
2.92466046e-04
4.72820081e-01
-2.17496655e-01
-1.92862588e-04
2.96333695e-01
0.00000000e+00
0.00000000e+00
0.00000000e+00
-6.66199149e-01
-4.06103462e-01
5.04483041e-01
2.93823402e-01
3.81092884e-01
0.00000000e+00
0.00000000e+00
0.00000000e+00
3.37014480e-01
-2.43544326e-01
-3.36107746e-01
-2.79580169e-01
-2.29860946e-01
1.28160026e-01
2.60975046e-01
0.00000000e+00
3.47025718e-01
-1.69456635e-01
-1.88843016e-01
-1.40969941e+00
1.41477864e+00
-5.33994329e-01
1.87041745e-01
-9.87517590e-02
-6.99026491e-01
8.07975871e-01
-7.15207678e-01
0.00000000e+00
1.46226906e-01
5.48949844e-01
1.51754878e-01
3.81882185e-01
-7.64161389e-01
1.93355693e-02
-3.89172901e-02
-9.67777046e-01
1.25817891e-01
5.09904785e-01
5.64566377e-01
1.33845917e-01
4.70091541e-01
0.00000000e+00
-4.51164313e-01
4.08632292e-02
1.75099204e-01
5.61777753e-02
-8.68785252e-02
1.27547004e-02
-5.00437071e-01
-2.15846919e-01
-8.14665185e-01
2.00501363e-01
8.37442669e-02
1.52838994e-01
1.91652889e-01
0.00000000e+00
-3.53147285e-01
3.45607008e-01
3.17027343e-01
-2.16177197e-01
-3.26823692e-01
2.03176933e-01
0.00000000e+00
-4.38095898e-02
3.71264363e-02
-3.02835036e-01
-6.36151700e-01
-1.62990083e-02
-1.08053245e-01
0.00000000e+00
-1.48368504e-01
1.07007242e-01
-2.02502120e-01
-4.92281230e-01
-1.20730101e-02
-1.18492775e-01
0.00000000e+00
-1.13683483e-01
-1.25556294e-01
-4.04072346e-01
1.16710392e-01
1.54812195e-01
-1.72268698e-01
5.46258082e-01
4.73962773e-01
3.36702121e-01
-8.22095577e-01
-6.27638258e-01
-5.61068913e-01
-1.11375575e-01
-1.39563848e-01
5.32651354e-01
-1.39438649e+00
0.00000000e+00
0.00000000e+00
0.00000000e+00
1.30043017e+00
-1.02023627e-01
5.39378225e-02
1.07141884e+00
-6.18395751e-01
1.23127972e+00
1.34909686e+00
1.03987883e+00
5.34115824e-01
0.00000000e+00
1.36857975e+00
-4.16558080e-02
-4.36896473e-01
1.63671418e+00
8.33234071e-01
1.14205868e+00
9.46513248e-01
-6.65398393e-01
2.11036669e-01
1.47788702e+00
-1.03269505e+00
0.00000000e+00
0.00000000e+00
0.00000000e+00
9.43001651e-01
-8.29957634e-02
8.25861468e-01
9.56694941e-01
9.67893790e-01
9.85015598e-01
1.05523338e+00
1.01438002e+00
-2.19517751e-01
0.00000000e+00
9.81946512e-01
-6.37458528e-02
9.11152429e-01
9.89158185e-01
8.23986737e-01
8.63894646e-01
1.04738622e+00
9.68612395e-01
1.11792873e+00
8.67302108e-01
-8.61312102e-01
0.00000000e+00
0.00000000e+00
0.00000000e+00
7.26819891e-01
-1.23390471e-01
-9.14957776e-02
9.61167323e-01
-6.03709344e-01
1.31081840e+00
6.46135645e-01
7.74645218e-01
-6.46958401e-02
0.00000000e+00
1.20649127e+00
-9.61371148e-01
-7.65344456e-01
1.69603260e+00
2.49369955e-01
1.03951516e+00
9.27318656e-01
-3.98189005e-01
8.76175302e-01
1.18402983e+00
-6.88155651e-01
0.00000000e+00
0.00000000e+00
0.00000000e+00
5.65419863e-01
-5.60139124e-02
6.97359687e-01
5.21260970e-01
3.37373653e-01
6.04586662e-01
9.05549278e-01
5.00331696e-01
-7.26612406e-02
0.00000000e+00
5.29399574e-01
7.56325592e-01
7.81954657e-01
7.33125691e-01
6.38549086e-01
5.02764879e-01
6.00279818e-01
5.26346117e-01
6.34431427e-01
4.66902077e-01
136
2.40402424e-03
0.00000000e+00
0.00000000e+00
-4.78505645e-02
-9.48205559e-05
1.17928517e-01
-1.33492439e-03
-1.61783084e-02
-1.47365764e-03
0.00000000e+00
0.00000000e+00
-3.89185209e-01
-4.13494372e-01
-3.41221199e-02
3.06830876e-01
3.52692957e-01
2.98591206e-01
0.00000000e+00
0.00000000e+00
0.00000000e+00
3.20038152e-01
7.12160176e-02
-1.14301368e-01
-1.50302925e-01
-1.18163215e-01
-2.08190555e-02
4.31641558e-02
0.00000000e+00
4.53892385e-01
2.09174690e-01
-2.58130089e-01
-6.17234135e-01
1.05922452e+00
-2.93143696e-01
6.62525922e-03
2.99491042e-02
-7.75956299e-01
6.52204864e-01
-7.35452660e-01
9.08888248e-02
1.31022930e-01
4.37850642e-01
-3.60084580e-01
0.00000000e+00
0.00000000e+00
0.00000000e+00
2.02251542e-01
2.79011015e-01
7.98813734e-01
2.47284920e-01
5.80108812e-03
0.00000000e+00
3.87817796e-01
2.15725066e-01
2.11832058e-01
2.02836774e-01
-1.75971103e-01
-2.76774638e-01
-1.49749813e-02
5.77678014e-02
-5.34538673e-01
-1.29901338e+00
-4.13530544e-01
-5.62712092e-02
1.41255362e-02
2.36928039e-01
0.00000000e+00
1.18303141e-01
-5.73587613e-01
1.35523120e-01
5.70116209e-02
0.00000000e+00
-2.32607043e-01
-3.51841077e-01
3.63028285e-02
1.70231182e-01
0.00000000e+00
-2.21900394e-01
-2.82990086e-01
1.24333790e-01
3.31380717e-02
6.44383273e-01
-2.41384709e-01
-9.83148238e-01
-1.26975539e-01
1.14340068e-01
2.69671104e-03
2.57067697e-01
-1.14516542e+00
0.00000000e+00
0.00000000e+00
0.00000000e+00
1.02770053e+00
-3.29340222e+00
-8.77682646e-02
6.46100446e-01
-1.55395249e+00
8.48278443e-01
9.29326314e-01
8.94744450e-01
-1.68616057e+00
0.00000000e+00
1.07103837e+00
-2.73485314e+00
-9.56111822e-01
1.19928108e+00
6.12201603e-01
8.29523847e-01
7.44836108e-01
-9.72124878e-01
2.87152435e-01
1.04902434e+00
-1.00802202e+00
0.00000000e+00
0.00000000e+00
0.00000000e+00
6.17726830e-01
-2.37008390e+00
-3.94752423e-01
4.38518642e-01
-1.21319938e+00
8.39259643e-01
8.56464364e-01
5.39098589e-01
-1.71405536e+00
0.00000000e+00
9.63165308e-01
-1.70947725e+00
-7.76706292e-01
1.14192528e+00
-7.92923478e-02
6.01959913e-01
7.54945656e-01
-8.95599160e-01
4.87481341e-01
9.04598529e-01
9 1
-1.0760e+00 4.5143e-01
8 1
1 3 2 0 8 10 13 7 
217
2.32490481e-01
2.08629783e-03
-6.82028161e-01
-3.62531647e-01
1.73203913e-01
7.71241487e-02
3.11280281e-01
-4.70790747e-01
-3.71965739e-01
-1.16985189e+00
-7.80219649e-01
-1.60575760e-02
9.00191674e-01
8.78796230e-02
4.86021114e-01
-5.26317941e-03
-2.39538197e-01
8.34003107e-03
-3.18809275e-04
-2.04644756e-01
6.94021885e-03
-1.10553578e-03
-1.87569903e-01
-2.68810883e-01
-2.33416655e-04
-3.24870346e-02
0.00000000e+00
0.00000000e+00
0.00000000e+00
3.62621454e-01
3.42425138e-01
4.14301409e-02
-1.04252910e-01
-6.08962599e-02
0.00000000e+00
0.00000000e+00
0.00000000e+00
7.24469180e-01
-6.47634040e-02
-2.95918941e-01
-2.72027511e-01
-4.83959356e-02
-2.96003650e-01
4.85130741e-01
0.00000000e+00
3.95883077e-03
8.96806115e-03
4.24433307e-03
-1.38634417e+00
1.16810549e+00
-5.37881830e-01
6.98911407e-01
8.18566966e-01
-1.25011551e+00
1.06647653e+00
-5.16883264e-01
5.60591853e-01
4.73331395e-02
-4.91496252e-01
3.80548955e-02
6.50526218e-01
-9.03944164e-01
4.85908427e-01
2.84157235e-01
-2.45276079e-01
4.38178739e-01
4.76715273e-01
4.87648101e-01
-2.83105948e-01
4.12819461e-01
0.00000000e+00
-3.43214231e-02
1.35388467e-01
6.35981757e-02
2.77582940e-01
2.06795707e-01
1.41587548e-02
0.00000000e+00
1.35215952e-01
9.71638709e-02
2.76646894e-01
-2.55707746e-01
-1.79372364e-01
9.84106579e-02
0.00000000e+00
-3.64559027e-02
2.58413565e-01
1.41759995e-01
3.49295328e-02
1.30768367e-01
3.10528216e-01
0.00000000e+00
-1.08470740e-01
1.01561975e-01
1.80168172e-01
-7.29243709e-01
1.64375027e-01
1.40861011e-02
0.00000000e+00
3.28475621e-02
9.12186453e-02
1.89319473e-01
-2.62921333e-01
1.39054237e-02
5.08848728e-02
0.00000000e+00
-2.91146813e-01
1.04643585e-01
-2.63872547e-02
-2.03726818e-01
5.53606527e-01
-5.73459114e-02
4.49491186e-01
7.58663379e-01
6.23187723e-01
-8.01937851e-01
-8.58628843e-01
-1.73726233e-01
1.48438504e-01
2.00739819e-01
9.95797628e-01
-1.57902162e+00
0.00000000e+00
0.00000000e+00
0.00000000e+00
1.49610209e+00
-1.89540880e-01
2.09224512e-01
1.17481928e+00
-6.88299873e-01
1.19867642e+00
1.36985213e+00
1.01954597e+00
-2.66710325e-01
0.00000000e+00
1.23307360e+00
-2.41537966e-02
-2.74088889e-01
1.63988272e+00
1.48796100e+00
1.07191914e+00
1.18554931e+00
-4.07150987e-01
9.77566409e-01
1.50506284e+00
-7.95040498e-01
0.00000000e+00
0.00000000e+00
0.00000000e+00
5.64035141e-01
-1.14216129e-01
3.73831847e-01
8.66494041e-01
5.44877389e-01
2.20545037e-01
5.89177580e-01
7.59738948e-01
-3.06915778e-01
0.00000000e+00
7.19399837e-01
-4.43863381e-02
6.32394050e-01
8.67117116e-01
6.86832042e-02
8.88653446e-01
5.33239441e-01
9.21221201e-01
6.65129409e-01
8.87585339e-01
-1.01448748e+00
0.00000000e+00
0.00000000e+00
0.00000000e+00
6.66005767e-01
-5.54472706e-02
2.45335136e-01
6.69725254e-01
-6.42966861e-01
1.39329868e+00
7.57772298e-01
7.64501539e-01
-1.01925804e+00
0.00000000e+00
1.30022414e+00
-2.98853785e-03
-5.52638380e-01
1.33461889e+00
9.09168988e-02
9.41746398e-01
1.00833261e+00
-1.62819036e-01
6.74391350e-01
1.01384402e+00
-6.11004243e-01
0.00000000e+00
0.00000000e+00
0.00000000e+00
7.30508934e-01
-3.51102438e-02
2.76510036e-01
5.61496581e-01
-3.18120300e-01
4.79246886e-01
8.85197882e-01
6.56209578e-01
-2.01854696e-01
0.00000000e+00
5.86281432e-01
-2.86754429e-03
-2.15444346e-01
5.65668775e-01
7.33120001e-01
6.51057965e-01
4.55647581e-01
6.52069073e-01
7.48388102e-01
4.68931612e-01
136
-1.46550652e-01
2.80692252e-02
6.73884984e-03
1.76872412e-01
-2.26934587e-03
-1.32444615e-01
-7.90917548e-04
-2.19047674e-01
3.59953184e-03
0.00000000e+00
0.00000000e+00
-3.71220181e-01
-6.59549093e-01
-1.75962581e-01
4.48540534e-01
4.37058975e-01
2.75104708e-01
0.00000000e+00
0.00000000e+00
0.00000000e+00
1.29463288e-01
6.49065338e-03
-9.90360045e-02
-1.28157310e-01
-5.93257355e-02
-1.06000559e-01
1.38911355e-01
0.00000000e+00
3.30455655e-01
2.22544376e-01
-3.63062932e-01
-4.81257298e-01
9.68306792e-01
-4.58758202e-01
-3.14608671e-03
1.93614862e-01
-7.43016469e-01
5.00699342e-01
-7.14355472e-01
-2.30356843e-01
8.37225628e-02
6.05812461e-01
-2.88570594e-02
0.00000000e+00
0.00000000e+00
0.00000000e+00
1.75749862e-01
1.47652496e-01
7.96698575e-01
1.87425274e-01
1.09065472e-01
0.00000000e+00
9.52329096e-02
1.71758326e-01
1.15192422e-01
2.33792439e-01
0.00000000e+00
-5.40860987e-01
8.37143904e-02
-3.67050177e-02
1.06490493e-01
-6.08735552e-01
3.00954698e-01
3.27024490e-02
1.71014873e-01
2.34844733e-01
0.00000000e+00
-2.95580942e-02
-6.43825247e-01
1.04165262e-01
8.29494404e-02
0.00000000e+00
-3.54084795e-01
-5.00558416e-01
4.67505134e-02
1.81002982e-01
0.00000000e+00
-3.82187396e-01
-2.80841309e-01
9.17880972e-02
-6.84026164e-02
5.68048029e-01
-3.81791681e-01
-9.14931492e-01
-1.67747087e-01
1.43773154e-01
1.27445372e-02
2.64814697e-01
-1.13050762e+00
0.00000000e+00
0.00000000e+00
0.00000000e+00
1.01289908e+00
-3.28494636e+00
-4.97620900e-02
6.04925220e-01
-1.64236075e+00
9.76265337e-01
9.86875330e-01
9.02552678e-01
-1.60705286e+00
0.00000000e+00
1.07257453e+00
-2.66653213e+00
-9.42361254e-01
1.08324161e+00
5.91074807e-01
7.79188566e-01
7.74151927e-01
-9.60229751e-01
2.30771183e-01
1.00821730e+00
-9.86618921e-01
0.00000000e+00
0.00000000e+00
0.00000000e+00
6.40170408e-01
-2.29801271e+00
-3.60253395e-01
4.97931856e-01
-1.23660905e+00
8.21867225e-01
8.47765543e-01
5.05768759e-01
-1.87976003e+00
0.00000000e+00
9.55979957e-01
-1.72985337e+00
-8.04261691e-01
1.17138229e+00
-6.89881075e-02
5.99922005e-01
7.58809272e-01
-9.50207274e-01
5.66611340e-01
9.75118056e-01
12 1
-1.3046e+00 4.8337e-01
8 1
1 3 2 0 8 10 13 7 
217
1.11438287e-01
-3.61353291e-01
-2.17966327e-01
-4.09805092e-02
2.78961523e-01
6.88370332e-01
7.21118816e-01
-8.24891788e-02
-9.13060905e-02
-2.28919597e-01
-7.12440988e-01
2.29219419e-01
-8.48949740e-02
7.84453655e-01
4.22425929e-01
-7.07206632e-03
-3.59211894e-01
1.89336751e-01
2.46361240e-04
-7.29162342e-01
-1.29970359e-01
-2.25349171e-03
2.23814719e-01
-3.70354034e-01
2.02900644e-03
3.16797920e-01
0.00000000e+00
0.00000000e+00
0.00000000e+00
3.80881487e-02
2.82892895e-02
1.96237918e-01
-2.01776927e-01
-3.31960394e-02
0.00000000e+00
0.00000000e+00
0.00000000e+00
1.83520322e-02
-2.56086370e-01
-4.90784344e-02
6.01035740e-03
1.32502090e-02
4.59218839e-01
-8.02283460e-02
0.00000000e+00
4.78076425e-01
-2.25192998e-01
1.78418103e-01
0.00000000e+00
1.06994111e+00
0.00000000e+00
3.55295533e-01
0.00000000e+00
-6.57793151e-01
3.22128857e-01
-6.10507184e-01
0.00000000e+00
9.66435632e-02
1.13780729e+00
-8.85449548e-02
2.77103073e-02
1.49329322e-01
-6.56013421e-02
0.00000000e+00
-7.10091158e-01
-2.15888743e-01
9.85651126e-01
2.34195842e-01
-1.64121681e-01
8.21907038e-01
0.00000000e+00
1.04289607e-01
4.84927996e-02
1.81294631e-01
3.97137593e-01
-1.73419482e-01
-1.96601289e-02
0.00000000e+00
-5.23911598e-01
-1.09170010e+00
7.31315801e-01
-3.84832455e-01
-9.59659161e-02
1.78487577e-01
0.00000000e+00
-2.49997536e-02
3.49271498e-01
-4.94872068e-02
-2.00626651e-02
1.86651717e-01
-2.36638237e-02
0.00000000e+00
1.26827631e-01
2.21744862e-01
2.69173343e-01
-7.29236149e-01
-2.83836217e-01
-1.95517349e-01
0.00000000e+00
5.40997290e-02
8.54579548e-02
3.05207180e-01
-2.81373642e-01
-2.47142152e-01
-3.18232256e-02
0.00000000e+00
-1.40386189e-01
-2.02122605e-01
-1.09797373e-02
-8.39312148e-02
2.63530683e-01
7.46062628e-03
0.00000000e+00
2.16065980e-01
-8.33462485e-02
6.00091009e-02
-1.18593923e+00
-1.64636794e-01
-6.26426633e-01
1.40137894e-01
2.35434312e-01
-1.56381915e+00
0.00000000e+00
0.00000000e+00
0.00000000e+00
1.55752791e+00
-1.37095079e-01
5.03366707e-01
1.15703963e+00
-1.05904119e+00
1.27623861e+00
1.41861598e+00
1.32539536e+00
-1.06215222e+00
0.00000000e+00
1.32077621e+00
-1.12458911e-02
-6.65931207e-01
2.06809874e+00
7.80345959e-01
1.29068419e+00
1.20762905e+00
-3.67711713e-01
7.24209697e-01
1.53208057e+00
-8.37508758e-01
0.00000000e+00
0.00000000e+00
0.00000000e+00
5.65336952e-01
-9.81817254e-02
1.81092722e-01
6.48998388e-01
2.61312043e-02
4.83231251e-01
4.61612369e-01
7.02866952e-01
4.41276554e-02
0.00000000e+00
6.67559133e-01
-7.48236232e-03
-4.48804604e-01
4.14821606e-01
6.21513742e-01
6.49411798e-01
3.68308278e-01
5.80315900e-01
6.96625661e-01
3.96231111e-01
-1.34136044e+00
0.00000000e+00
0.00000000e+00
0.00000000e+00
6.79222058e-01
-2.57257559e-02
-2.43594260e-01
4.22743985e-01
-9.82182045e-01
1.36754563e+00
1.29894435e+00
4.21673716e-01
-1.80621933e-01
0.00000000e+00
8.35209848e-01
-1.23296281e+00
-8.30306412e-01
1.70925558e+00
7.01658083e-01
1.28345418e+00
1.66449525e+00
-3.51814939e-01
9.26224535e-01
8.05324652e-01
-8.32002454e-01
0.00000000e+00
0.00000000e+00
0.00000000e+00
7.05704089e-01
-3.36097214e-02
6.94995538e-01
7.03750089e-01
-3.10533422e-01
6.47679377e-01
5.53345299e-01
8.63083850e-01
-5.64296191e-02
0.00000000e+00
8.69704525e-01
-8.50697665e-01
5.13114304e-01
5.65408294e-01
6.25209857e-01
5.59658817e-01
5.38519772e-01
-2.04878494e-04
5.93439300e-01
6.54578746e-01
136
-4.68026794e-02
2.56164955e-01
-5.72060611e-03
1.39381633e-01
-3.42131123e-03
-2.58127504e-01
-1.17380261e-04
-1.84221763e-01
3.06974103e-03
0.00000000e+00
0.00000000e+00
-2.31043792e-01
-6.64959006e-01
-1.30337119e-01
4.29355679e-01
3.92066915e-01
2.27215137e-01
0.00000000e+00
0.00000000e+00
0.00000000e+00
2.00545521e-01
7.38799905e-02
-7.49529146e-02
-1.05634212e-01
-8.21261155e-02
-1.79825063e-01
1.42380866e-01
0.00000000e+00
2.65868213e-01
1.64348004e-01
-2.43225635e-01
-4.56042108e-01
9.40385957e-01
-4.24831587e-01
1.81270728e-01
3.44429918e-01
-7.43047164e-01
4.49046964e-01
-6.21374290e-01
-8.16746259e-02
-5.25991537e-02
2.83952613e-01
-3.22397609e-02
0.00000000e+00
0.00000000e+00
0.00000000e+00
0.00000000e+00
2.97165825e-01
8.42513077e-01
1.55947917e-01
4.26477431e-01
0.00000000e+00
2.03007586e-01
1.67541956e-01
1.31814453e-01
1.84188292e-01
0.00000000e+00
-3.69025577e-01
-2.97027773e-02
-1.05636188e-02
-5.72580378e-01
-1.40354195e+00
-4.05194775e-01
-5.90445729e-02
2.33596240e-02
2.04042828e-01
0.00000000e+00
8.22950053e-02
-6.10925010e-01
1.33381402e-01
1.03979138e-01
0.00000000e+00
-2.49064367e-01
-3.18093110e-01
3.73623035e-02
1.70440035e-01
0.00000000e+00
-2.59864052e-01
-2.83790426e-01
1.22921421e-01
5.02839314e-02
3.65785625e-04
2.35208951e-01
-9.96684969e-01
-1.52253410e-02
-3.34483142e-02
9.18043621e-02
4.00915722e-01
-1.12342212e+00
0.00000000e+00
0.00000000e+00
0.00000000e+00
9.51269773e-01
-3.05871899e+00
-1.20909328e-01
5.89491617e-01
-1.52155013e+00
8.41183907e-01
9.19210921e-01
8.08461251e-01
-1.45409106e+00
0.00000000e+00
1.02457764e+00
-2.59639122e+00
-9.24191477e-01
1.04093257e+00
5.85379297e-01
7.90485315e-01
7.01790163e-01
-1.00379202e+00
2.71177286e-01
1.03226237e+00
-9.19533954e-01
0.00000000e+00
0.00000000e+00
0.00000000e+00
6.30139821e-01
-2.36077703e+00
-3.14299603e-01
5.43134218e-01
-1.19306534e+00
8.43865522e-01
8.46803379e-01
5.24739831e-01
-1.67505654e+00
0.00000000e+00
9.64090348e-01
-1.82356524e+00
-8.92802869e-01
1.22049469e+00
-8.84553357e-02
5.62156857e-01
6.55347299e-01
-9.01652757e-01
5.61579935e-01
9.77788855e-01
