1 2
1  0.000 1.000 1000000000.000
4 0 1 2 8
1 0
1 4
1 13
1 29
1 43
1 59
1 104
1 115
0 174
1 174
0
227
184
5	0	TRYP #num missed tryp terminals
2	-1e+09	0
3	0.24011493	0.24011493	-0.2554543
8	0	TRYP #frags at digest when C-term is K
3	-1e+09	0	3
4	-0.17016516	-0.17954372	0	-0.028383747
9	0	TRYP #frags at digest when C-term is other
3	-1e+09	3	4
4	0.13294678	0.13294678	0	0.13294678
10	0	TRYP AA at N-terminal When C-term is R
7	-1e+09	6	9	10	11	17	20
8	0.27557476	0.29358992	0.04618206	0.10224094	0.13269477	0.33484861	0.24740786	0.24822013
11	0	TRYP AA at N-terminal When C-term is K
13	-1e+09	4	6	7	10	11	12	14	15	18	19	20	22
14	0.29402935	0.29402935	0.28141526	-0.074258821	-0.10818042	-0.052390569	0.21399672	0.23165788	-0.10454903	0.084737335	0.3474373	0.36174324	-0.13970435	0.29402935
12	0	TRYP AA at N-terminal When C-term is other
4	-1e+09	4	7	12
5	0	0	-0.015290499	-0.20332151	0
13	0	ANN PEAK diff from org pm_with_19
15	-1e+09	-2.1981201	-1.9169922	-1.0689697	-0.90966797	-0.80969238	-0.04309082	-0.022216797	0.024414062	0.088012695	0.10302734	0.14318848	0.16589355	0.25708008	0.37646484
16	-0.26268289	-0.0077653067	0.40002744	0.24680597	0.28842572	0.20528127	0.11175768	0.2282303	0.26545768	0.19200445	0.16555008	0.084091331	-0.042077921	-0.14986386	-0.29322825	-0.52139657
14	0	ANN PEAK # aas in peptide
6	-1e+09	8	9	10	14	15
7	-0.0077580778	0.48168998	0.010241518	-0.1546548	-0.23233611	-0.31386905	-0.62425123
15	0	ANN PEAK %ann intensity
13	-1e+09	0.22077839	0.28627831	0.40772557	0.46880278	0.48562098	0.50195521	0.525527	0.5486232	0.57168108	0.62909031	0.63858259	0.65950596
14	0.020650604	0.25350627	0.18760864	0.17007218	0.10995192	0.099091467	0.070914688	0.066739702	-0.00035791723	-0.086820946	-0.033642564	-0.04929728	-0.062676808	-0.22329036
16	0	ANN PEAK %ann peaks
13	-1e+09	0.22314049	0.25999999	0.29752067	0.31967214	0.32478634	0.32967034	0.37692308	0.3923077	0.42105263	0.42735043	0.52173913	0.56481481
14	0.05684894	0.05684894	0.056040216	0.073697496	0.086854378	0.052177912	0.026291557	-0.01655688	-0.0060094256	-0.10758305	-0.081490623	-0.062014338	0.023237658	0.05684894
17	0	ANN PEAK #ann in top 25
10	-1e+09	6	10	12	14	15	16	17	18	19
11	0.032297175	-0.19293541	-0.2594827	-0.18980779	-0.14016797	-0.10005294	-0.040378839	-0.03324473	0.020120998	0.099452991	0.23947044
18	0	ANN PEAK #ann in top half (up to 50)
20	-1e+09	14	17	18	20	22	24	25	26	28	29	30	31	32	33	34	37	38	39	40
21	0.085025763	-0.64325782	-0.68510648	-0.74663193	-0.79605131	-0.81396301	-0.75598482	-0.65327605	-0.55261171	-0.54933114	-0.43487404	-0.33747665	-0.18913324	-0.15866334	-0.083277002	-0.020268829	0.20961144	0.38199952	0.65785718	0.72400759	0.82562963
19	0	ANN PEAK #ann in top third - #ann in mid third
9	-1e+09	-2	1	3	5	8	11	13	14
10	0.079874724	0.079874724	-0.055849049	-0.048792414	-0.050425992	-0.026854016	-0.060486883	-0.067048273	-0.052938772	0.079874724
20	0	ANN PEAK #ann in top third - #ann in last third
10	-1e+09	8	11	13	14	18	22	23	24	27
11	0.14059377	0.14059377	0.14187426	0.1017927	0.054954045	0.0047648013	-0.1203389	-0.0068209946	0.041965216	0.070598272	0.14059377
21	0	ANN PEAK #ann in mid third - #ann in last third
9	-1e+09	0	1	3	6	7	9	11	13
10	0.050501828	-0.021089914	-0.031124247	-0.11583516	0.050457297	0.0014499106	0.024350553	0.10207991	0.076386801	0.12969924
22	0	ANN PEAK #y annotated
8	-1e+09	2	3	5	6	7	8	9
9	0.22037473	0.22037473	0.13093144	-0.09740014	-0.156646	-0.14803872	-0.033131342	0.060193574	0.22037473
23	0	ANN PEAK #b annotated
6	-1e+09	5	6	7	9	10
7	0.17170579	0.17170579	0.036251761	-0.089373518	-0.12436637	-0.031047612	0.17170579
24	0	ANN PEAK #b-H2O annotated
3	-1e+09	7	9
4	0.00083168095	0.00083168095	-0.00082361702	0.00083168095
26	0	ANN PEAK #y-H2O annotated
5	-1e+09	0	1	3	4
6	0.02724785	0.15829359	-0.0089303118	-0.12786721	-0.11765859	-0.13957028
28	0	ANN PEAK #a annotated
4	-1e+09	1	2	3
5	0.043265107	0.043265107	-0.040250624	-0.00040403256	0.043265107
29	0	INTEN BAL c_idx - n_idx
7	-1e+09	7	8	9	10	11	12
8	-0.29174668	0.92136587	0.46188601	0.052489682	-0.4230935	-0.91890056	-1.3964876	-1.5305748
30	0	INTEN BAL RHK N
3	-1e+09	1	2
4	0.055477812	0	0.3410492	0.11638205
31	0	INTEN BAL RHK C
3	-1e+09	1	2
4	0.0051270594	0.022867176	0.04210791	0
32	0	INTEN BAL RHK pair
3	-1e+09	-2	2
4	0	0	0.05818641	0
35	0	INTEN BAL prefix prop, pair -1,0,+1
3	-1e+09	0	0.041375946
4	0	0	-0.088907543	0
36	0	INTEN BAL prefix prop, pair +2,+3
3	-1e+09	0.41911286	0.57428521
4	-0.047584732	-0.047584732	0.0086192378	-0.047584732
37	0	INTEN BAL prefix prop, pair +4,+5
6	-1e+09	0.029947162	0.14541554	0.43685138	0.54613566	0.56833303
7	-0.0065766299	-0.009862799	-0.066750644	-0.080285233	-0.070169956	-0.063384272	0
40	0	INTEN BAL all prefix prop, pair -1,0,+1
10	-1e+09	0.011475168	0.064087465	0.095257029	0.13112038	0.17661417	0.62832695	0.64621443	0.68529838	0.79234993
11	0.12526311	0.12526311	0.1671457	0.021223225	-0.031954431	-0.2536013	-0.31346468	-0.29526263	-0.058733056	-0.00066153315	0.12526311
41	0	INTEN BAL all prefix prop, pair +2,+3
9	-1e+09	0.48586598	0.50398993	0.58210158	0.60312921	0.62565142	0.68497598	0.7240445	0.7468943
10	0.21876252	-0.14700167	-0.012509092	-0.00053477652	0.027855344	0.12994277	0.2542934	0.26215398	0.59900059	0.64589637
42	0	INTEN BAL all prefix prop, pair +4,+5
10	-1e+09	0.066682413	0.09044528	0.10155386	0.19397005	0.28608921	0.30762911	0.50587791	0.62973028	0.70041269
11	-0.0068077633	-0.0068077633	-0.078738703	-0.08764657	-0.16870842	-0.16190066	-0.50452519	-0.51539704	-0.22822783	-0.21598669	-0.0068077633
43	0	PEAK OFF y num frags detected
8	-1e+09	2	3	5	6	7	8	9
9	0.0653527	0.0653527	0.039505722	-0.023370233	-0.052797551	-0.047530898	-0.010385771	0.01534729	0.0653527
44	0	PEAK OFF y max self offset
12	-1e+09	0.082996368	0.10020828	0.14549637	0.15595627	0.18503952	0.24433517	0.26227951	0.32435989	0.33423996	0.34544754	0.41832352
13	-0.10338853	-0.10338853	-0.083249466	-0.055290395	-0.018033938	-0.14255303	-0.18571179	-0.16767785	-0.17727129	-0.21377137	-0.23451957	-0.31006661	-0.10338853
45	0	PEAK OFF y avg self offset
20	-1e+09	0.053954653	0.060913086	0.071481071	0.076072268	0.080423079	0.08680439	0.097522736	0.099779949	0.10431205	0.10909653	0.1194582	0.12240677	0.12548542	0.13226075	0.13931751	0.15192032	0.16896287	0.18468857	0.25572163
21	-0.12722924	-0.12722924	-0.31572535	-0.31735988	-0.3496284	-0.33363396	-0.33251809	-0.40764652	-0.38223718	-0.43396763	-0.45599979	-0.46124641	-0.48364627	-0.49068948	-0.51838123	-0.41306429	-0.49777388	-0.48767115	-0.43586902	-0.38132708	-0.12722924
46	0	PEAK OFF y max consecutive offset
20	-1e+09	0.08770752	0.10577393	0.13659668	0.14404297	0.18292236	0.1887207	0.19436646	0.20507812	0.21612549	0.24255371	0.25378418	0.27160645	0.2845459	0.29101562	0.31164551	0.34558105	0.43945312	0.46185303	0.4909668
21	-0.26788448	-0.26788448	-0.30907724	-0.31105117	-0.29993525	-0.24151999	-0.20842724	-0.25736061	-0.33785533	-0.37895465	-0.38187421	-0.37926485	-0.23756757	-0.19067493	-0.23103339	-0.23633744	-0.31920597	-0.36708725	-0.3210588	-0.31421971	-0.26788448
47	0	PEAK OFF y avg consecutive offset
15	-1e+09	0.062332153	0.080586754	0.083626881	0.10905238	0.11762782	0.13619995	0.14646912	0.15857805	0.17312962	0.1786499	0.19074504	0.19831848	0.2063802	0.31037521
16	-0.23182242	-0.22452709	-0.071867924	-0.054272918	0	-0.0117557	-0.043696619	-0.059153995	-0.089688826	-0.096272167	-0.11872334	-0.16202352	-0.19258306	-0.23491309	-0.24828423	-0.23801644
48	0	PEAK OFF y grab offset #1
11	-1e+09	0.05078125	0.097167969	0.14599609	0.16589355	0.17199707	0.2019043	0.28100586	0.46386719	0.54101562	0.69238281
12	-0.016647935	-0.016647935	0.10451343	0.14621626	0.10635756	0.087311817	0.083040827	0.039721695	0.047384214	-0.15399436	-0.064797226	-0.016647935
49	0	PEAK OFF y grab offset #2
7	-1e+09	0.031738281	0.076660156	0.089111328	0.10717773	0.15625	0.23706055
8	0.018403331	0.018403331	-0.061840753	-0.051356779	0.029271852	0.011232203	0.037309513	0.018403331
50	0	PEAK OFF y grab offset #3
12	-1e+09	0.017822266	0.021240234	0.036132812	0.045898438	0.048828125	0.078125	0.082763672	0.097900391	0.15185547	0.16088867	3
13	-0.070740087	-0.007747513	0.0040211771	0.013189461	0.024182768	0.0069994507	-0.10653116	-0.078498465	-0.010475192	-0.067564559	-0.089170208	-0.12873084	-0.11806858
51	0	PEAK OFF b num frags detected
7	-1e+09	0.16404998	1	2	7	8	10
8	-0.016805187	-0.016805187	0	-0.010285475	-0.13293659	-0.1394563	-0.092833781	-0.016805187
52	0	PEAK OFF b max self offset
11	-1e+09	0.090649724	0.11713898	0.12694061	0.17521942	0.19276154	0.22071564	0.27354705	0.35515106	0.41514862	0.47081268
12	0.10493149	0.10493149	0.034186121	0.06601159	0.15812729	0.13693711	0.023760825	0.0070421256	0.044206275	0.050760066	0.077977639	0.10493149
53	0	PEAK OFF b avg self offset
13	-1e+09	0.054052424	0.066312909	0.078790992	0.095212497	0.12942271	0.14712425	0.1510375	0.16803604	0.19749725	0.27586639	0.29664338	0.32173431
14	0.081399341	0.081399341	0.063715007	0.14882044	0.11851617	0.1471962	0.096662652	0.083206424	0.054762339	0.032127474	0.030459484	0.062740583	0.056888969	0.081399341
54	0	PEAK OFF b max consecutive offset
8	-1e+09	0.17605591	0.20184326	0.21960449	0.2565918	0.26300049	0.28240967	0.58953857
9	-0.14395507	-0.14395507	-0.053679663	-0.058390239	-0.15112262	-0.051148708	0.047205295	-0.16131014	-0.14395507
55	0	PEAK OFF b avg consecutive offset
9	-1e+09	0.091217041	0.1104126	0.15905762	0.18385315	0.20838274	0.21611328	0.26174927	0.40183511
10	-0.046385832	-0.048034715	-0.088834909	-0.14370541	-0.12111144	-0.1185515	-0.11273493	-0.027395839	0	-0.043887884
56	0	PEAK OFF b grab offset #1
7	-1e+09	0.04296875	0.15234375	0.24816895	0.32067871	0.47460938	0.71777344
8	0.017047243	0.017047243	0.020516406	0.044762149	0.035438412	0.044762149	0.0093237366	0.017047243
57	0	PEAK OFF b grab offset #2
7	-1e+09	0.031494141	0.11254883	0.14648438	0.16113281	0.17456055	0.25256348
8	0.11966235	0.11966235	0.016198269	0.056222445	0.11966235	0.10346408	0.10681985	0.11966235
58	0	PEAK OFF b grab offset #3
5	-1e+09	0.078369141	0.13012695	0.23144531	0.25805664
6	0.054238382	0.054238382	0.0010586414	0	0.038412843	0.054238382
59	0	PEP COMP start cat N (len 3)
13	-1e+09	1	2	3	4	5	7	8	9	14	16	17	18
14	-0.44381669	-1.128023	-0.99498853	-0.64883075	-0.60317864	-0.57498037	-0.41014125	-0.32244005	-0.28980075	-0.22164897	-0.019839778	0.049345231	0.14064253	0.24251785
60	0	PEP COMP end cat C (len 3)
7	-1e+09	1	3	7	12	13	16
8	-0.2169069	-0.3834488	-0.42287018	-0.44010765	-0.14434443	-0.055521372	0	-0.038303578
61	0	PEP COMP len 3 # cat 19-20
4	-1e+09	0	1	3
5	0.018884042	0.076057579	0.062091705	0.052339204	-0.052901936
63	0	PEP COMP len 3 # cat 7-14
7	-1e+09	1	2	3	4	5	6
8	0.026491182	0.14895524	0.13957959	0.064156994	-0.0075907322	-0.021673169	-0.098325568	-0.074541715
64	0	PEP COMP len 3 # cat 3-6
4	-1e+09	0	2	3
5	-0.0024797167	-0.0024797167	0.002614246	0.001787098	-0.0024797167
65	0	PEP COMP len 3 # cat 1-2
3	-1e+09	1	3
4	-0.0010183907	-0.0010183907	0.0017918007	-0.0010183907
66	0	PEP COMP min cat, len 3
8	-1e+09	1	2	4	5	8	9	10
9	0.044570202	0.044570202	0.041938384	-0.0097579835	-0.051241861	-0.047896561	0.014109981	0.029878913	0.044570202
67	0	PEP COMP avg cat, len 3
15	-1e+09	3.25	4	4.5555553	5	5.6428571	6.0714288	6.1999998	6.3333335	7.5333333	7.8666668	8.625	8.916667	9.1875	10.615385
16	0.010915528	0.16159485	0.039456762	0.035451994	0.033367093	0.022719249	-0.020962226	0.022999868	-0.057829973	-0.13881395	-0.10675458	-0.081618155	-0.13643493	-0.14603357	-0.11741869	-0.15014594
68	0	PEP COMP before cat score 1
6	-1e+09	6	12	14	15	18
7	-0.047112242	-0.047112242	-0.072480658	0.043200191	0.10031949	0.085993487	-0.047112242
69	0	PEP COMP after cat score 1
4	-1e+09	11	14	17
5	-0.0049640687	-0.0049640687	0.010704466	0.0082347389	-0.0049640687
70	0	PEP COMP span cat score 1
7	-1e+09	4	5	6	7	10	13
8	0.019760906	0.019760906	-0.048523383	-0.031432402	-0.018382103	-0.011043442	0.010614029	0.019760906
71	0	PEP COMP before cat score 2
7	-1e+09	12	13	14	15	18	19
8	-0.076659227	-0.076659227	-0.014471711	0.0074611179	0.08702125	0.056005042	-0.038076551	-0.076659227
72	0	PEP COMP after cat score 2
4	-1e+09	9	11	14
5	0.0079346496	0.063892212	-0.0022392096	0.009558381	-0.038187048
73	0	PEP COMP span cat score 2
8	-1e+09	2	4	5	7	9	13	19
9	0.036963226	0.036963226	0.023260048	-0.046604212	0.041655999	0.047745921	-0.0021218991	0.031165883	0.036963226
74	0	PEP COMP before cat score 3
7	-1e+09	8	11	13	15	17	19
8	-0.067712573	-0.065231586	-0.14621649	-0.052270176	-0.0041415464	-0.054193263	-0.063237288	-0.069373133
75	0	PEP COMP after cat score 3
3	-1e+09	17	19
4	0	0	-0.055489385	0
76	0	PEP COMP span cat score 3
7	-1e+09	2	3	8	11	13	16
8	-0.069527819	-0.057923589	-0.098104006	-0.13082369	-0.052160484	-0.078302291	-0.11837228	-0.090871336
77	0	PEP COMP before cat score 4
7	-1e+09	6	11	13	14	18	19
8	-0.10329237	-0.10329237	-0.15262083	-0.015075686	0.0077115709	-0.050179538	-0.057089257	-0.10329237
78	0	PEP COMP after cat score 4
6	-1e+09	10	14	15	16	19
7	-0.12467928	-0.12467928	-0.10407539	-0.11552348	-0.13387207	-0.013755788	-0.12467928
79	0	PEP COMP span cat score 4
6	-1e+09	4	9	13	16	17
7	-0.09878584	-0.014561483	-0.19311182	-0.22300975	-0.14213983	-0.11119643	-0.16195054
80	0	PEP COMP #aa A
3	-1e+09	1	2
4	-0.038708855	-0.046946829	0.011888452	-0.0097711355
82	0	PEP COMP #aa N
2	-1e+09	1
3	-0.062667498	-0.028670855	-0.15289271
83	0	PEP COMP #aa D
2	-1e+09	2
3	0.026985436	0.13210093	0.091714989
84	0	PEP COMP #aa C
1	-1e+09
2	0	0.012739216
85	0	PEP COMP #aa Q
2	-1e+09	1
3	-0.26658752	-0.55899225	-0.99119391
89	0	PEP COMP #aa L
3	-1e+09	1	2
4	-0.030114712	-0.030114712	0	-0.030114712
90	0	PEP COMP #aa K
2	-1e+09	1
3	0.075349327	0.075349327	0
91	0	PEP COMP #aa M
1	-1e+09
2	0	0.35791862
92	0	PEP COMP #aa F
2	-1e+09	1
3	-0.15687094	-0.36467506	-0.64725202
93	0	PEP COMP #aa P
2	-1e+09	1
3	0.0052722704	0.24343101	0.25576681
94	0	PEP COMP #aa S
3	-1e+09	1	2
4	-0.0057988829	-0.0077331023	-0.055668096	0
95	0	PEP COMP #aa T
2	-1e+09	1
3	-0.065379282	-0.11659246	-0.2368802
97	0	PEP COMP #aa Y
2	-1e+09	1
3	0.058622682	0.072772785	0.011655407
98	0	PEP COMP #aa V
2	-1e+09	2
3	-0.0025228489	-0.0033312686	0
104	0	PMCSQS sqs prob for peptide charge
7	-1e+09	0.35705134	0.78403217	0.80672544	0.96575773	0.99113733	0.99643123
8	-0.062340705	-0.062340705	0.0097980694	-0.10425671	-0.15131691	-0.2111233	-0.20180634	-0.062340705
106	0	PMCSQS mass diff from pm1, prob>0.95
8	-1e+09	-0.35864258	-0.25292969	-0.1583252	-0.12536621	-0.048828125	-0.0085449219	0.16040039
9	-0.14553999	-0.14553999	-0.13154354	-0.074117393	-0.039538251	-0.030815401	0.015277309	0.016987034	-0.14553999
108	0	PMCSQS score1 for peptide charge
4	-1e+09	0.8443656	2.2991683	2.3525014
5	-0.048342289	-0.048342289	0	-0.00081108172	-0.048342289
109	0	PMCSQS score2 for peptide charge
4	-1e+09	1.1565951	1.3595856	1.5174932
5	-0.046193656	-0.046193656	0.01125995	-0.001121633	-0.046193656
110	0	PMCSQS mass diff from pm2
5	-1e+09	-2.0427246	-1.0765381	-0.92895508	0.09765625
6	-0.0037245387	-0.005145358	-0.050541649	0.047798667	0.028087978	-0.0022813092
115	0	PRM N/C delta mass
9	-1e+09	-0.36315155	-0.14919281	-0.073829651	-0.022911072	-0.0031967163	0.021987915	0.16751862	0.20469666
10	-0.13018807	-0.13018807	-0.016917385	0.0022437475	0.0077945664	0.021608121	0.0425858	-0.057493254	-0.073211143	-0.13018807
116	0	PRM N/C total breakage score
4	-1e+09	-36.300545	-15.759389	54.061291
5	-0.076253897	-0.076253897	0.0019241016	-0.028693018	-0.076253897
117	0	PRM N/C average breakage score
3	-1e+09	-4.5368562	-1.4555466
4	-0.0042743652	-0.0042743652	0	-0.0042743652
118	0	PRM N/C normalized average breakage score
3	-1e+09	-3.5963874	-1.1599131
4	-0.019205525	-0.019205525	0	-0.019205525
119	0	PRM N/C path score
8	-1e+09	96.185097	109.4675	121.48463	128.15117	135.25867	168.44734	173.31284
9	-0.024665431	0.0097355576	-0.0057428401	-0.078673271	-0.21421367	-0.26405119	-0.2690427	-0.13157492	-0.061742837
120	0	PRM N/C average path score
8	-1e+09	5.7108388	5.9666038	8.1410608	9.3318348	9.5715351	11.222551	11.426625
9	-0.067075679	-0.10567267	-0.13884318	-0.16447685	-0.16842489	-0.16258282	-0.11836277	0.00052413723	0.007913038
123	0	PRM N/-C average breakage score
3	-1e+09	-6.4143066	4.2046614
4	-0.02131348	-0.043414157	-0.10590699	0.0010155717
125	0	PRM N/-C path score
5	-1e+09	55.106796	63.571877	65.612137	128.57869
6	-0.011071878	-0.044778427	-0.087159555	-0.14604379	-0.20714408	0.0047580719
126	0	PRM N/-C average path score
6	-1e+09	4.1470418	9.5746717	10.349057	10.873424	11.036834
7	-0.077255627	-0.23218975	-0.4739203	-0.1977438	-0.13346339	-0.12831918	0.084334405
127	0	PRM -N/C delta mass
11	-1e+09	-1.0347137	-0.85927582	-0.2453537	-0.23258209	-0.10134125	0.0037384033	0.036071777	0.057006836	0.63142395	0.79732513
12	-1.4379046	-1.4379046	-1.340336	0.28259145	0.26709446	0.20403538	0.19208503	0.15834492	0.075461308	-0.030435146	-0.97922001	-1.4379046
128	0	PRM -N/C total breakage score
7	-1e+09	-64.452965	-57.152645	-37.867474	-17.24238	3.9185691	37.560043
8	-0.22460244	-0.22460244	-0.14207662	-0.044588757	-0.083981343	-0.061492846	-0.038371828	-0.22460244
129	0	PRM -N/C average breakage score
7	-1e+09	-8.1215286	-3.7715917	-1.3982129	-0.54637718	1.954102	6.24825
8	-0.1023044	-0.1023044	-0.042934062	-0.089482994	-0.085232459	-0.044579093	-0.15292051	-0.1023044
130	0	PRM -N/C normalized average breakage score
3	-1e+09	0.33821702	2.8518658
4	-0.036575942	-0.036575942	0	-0.036575942
131	0	PRM -N/C path score
7	-1e+09	45.842224	74.049675	80.792366	86.943687	163.73264	170.87196
8	0	0	-0.13497733	-0.17208483	-0.21264069	-0.25019211	-0.14220601	0
132	0	PRM -N/C average path score
7	-1e+09	6.1487441	8.0742998	9.9577885	11.348353	12.246147	13.194956
8	0.016607657	0.016607657	-0.014973374	-0.064900927	-0.28488407	-0.17037901	-0.10676566	0.016607657
139	0	PRM path score
13	-1e+09	-88.539474	-82.643311	-77.474327	-56.333874	-46.00164	-16.150702	-13.257937	9.4996958	18.424726	32.732796	41.410931	52.33091
14	-0.065135185	-0.065135185	-0.045216993	-0.033366402	-0.024929012	-0.013535674	0.0028277952	0.015723868	0.017442493	-0.01875183	0.037697994	0.066305855	0.043318763	-0.065135185
140	0	PRM total breakage score
10	-1e+09	45.643715	70.180664	87.492805	89.746002	96.099503	130.00439	147.97235	153.79417	170.26068
11	0.1594882	0.1594882	0.055648967	0.041509398	-0.0077016391	-0.1158118	-0.12478788	-0.054502406	-0.02120429	0.014898877	0.1594882
141	0	PRM SeqPath rank
10	-1e+09	0	2	6	9	35	64	118	170	192
11	0.10025422	0.18968172	-0.060008482	-0.22414805	-0.2871839	-0.26804681	-0.24903397	-0.1897783	-0.18311106	-0.10770322	0.017184242
142	0	PRM multipath score
13	-1e+09	77.274178	87.7043	95.378311	103.59972	107.2907	117.88364	129.72746	142.44235	146.50821	153.50449	156.14665	158.92162
14	-0.03198917	-0.28866672	-0.31224515	-0.19916724	-0.055409703	0.061669576	0.073362967	0.14784869	0.15635859	0.26783876	0.31897246	0.30535108	0.22589623	0.2083049
143	0	PRM delta score
18	-1e+09	0	2.1672821	4.2801971	11.809219	15.569565	16.849457	18.178894	19.577866	20.303009	21.812431	23.423012	24.264267	26.064438	29.158455	32.968628	36.310242	38.443138
19	-0.045615939	0.41167472	0.38025177	0.47392857	0.34500673	0.21625817	0.22465712	0.238682	0.24117052	0.16987365	-0.0090385756	-0.030689116	-0.050584848	-0.087545316	-0.21186207	-0.30990356	-0.31940277	-0.33237031	-0.4412106
144	0	PRM rank, delta score<=1.5
4	-1e+09	0	1	22
5	0.14017089	0.14017089	0.10060688	0	0.14017089
146	0	PRM rank, 7.5<delta score<=15
10	-1e+09	9	10	12	16	28	30	38	68	148
11	-0.05056611	-0.05056611	-0.002803939	0.0081110679	-0.010940729	-0.069250355	-0.055174744	0.03069518	0.038608348	0.033574895	-0.05056611
147	0	PRM rank, delta score>15
6	-1e+09	49	64	112	135	148
7	-0.1259431	-0.19223754	-0.12883982	-0.056644507	-0.064443015	-0.007798508	-0.073715619
148	0	PRM delta num breakage scores (missing)
4	-1e+09	0	1	2
5	-0.15710176	-0.018060006	-0.23388917	-0.29401546	-0.37293093
149	0	PRM num forbidden node pairs
2	-1e+09	0
3	0.12481583	0.12481583	-0.19344529
150	0	PRM num breakage scores
6	-1e+09	7	9	10	11	13
7	0.043372815	0.13673928	-0.02342481	-0.032683403	-0.063210871	-0.13570808	-0.065126665
151	0	PRM breakage score min 1
5	-1e+09	-45.671162	-26.326183	-22.323132	-16.74855
6	-0.020097122	-0.020097122	-0.040502383	0.032767383	0.014129223	-0.020097122
152	0	PRM breakage score min 2
8	-1e+09	-28.98859	-21.673693	-21.126957	-17.826078	-15.689309	-12.033432	-4.8422608
9	0.075710099	0.075710099	0.047614603	-0.026651464	-0.089414924	-0.046477947	-0.025297629	-0.027810309	0.075710099
153	0	PRM breakage score min 3
8	-1e+09	-16.310089	-13.184999	-6.5915232	-6.0989523	-5.0896826	-4.5815129	1.8229222
9	-0.058306407	-0.099529095	-0.19304884	-0.18798825	-0.13262461	-0.091582317	-0.069483825	-0.0029983063	0
154	0	PRM breakage score min consecutive 3
9	-1e+09	-79.338203	-72.88031	-53.977436	-39.557606	-34.341354	-32.933811	-26.125565	-1.6032495
10	0.048344276	0.048344276	0.037018985	-0.0077238989	-0.043401443	0.086658487	0.084474616	-0.0088673733	0.021861953	0.057349852
155	0	PRM breakage score max consecutive 3
6	-1e+09	-5.5433946	7.6741657	19.550337	20.537132	27.174725
7	0.030456249	0.030456249	-0.036772528	0.024573627	0.019544044	0.012669351	0.030456249
156	0	PRM breakage score min consecutive 2
5	-1e+09	-56.766922	-49.374275	-42.136909	-36.586136
6	0.0036792003	0.0036792003	-0.058617827	0.074596048	0.015663365	0.0036792003
157	0	PRM breakage score max consecutive 2
4	-1e+09	13.878342	18.659489	30.128513
5	-0.052023471	-0.052023471	0.056263954	-0.053661926	-0.052023471
158	0	PRM #breakage scores below -10
5	-1e+09	1	2	3	5
6	-0.021451536	-0.021451536	-0.014673894	0.03302068	0.028984817	-0.021451536
159	0	PRM #breakage scores 0 - -10
3	-1e+09	0	3
4	-0.0098702343	-0.0045332754	0.0090337458	-0.022013028
160	0	PRM #breakage scores 0 - 8
4	-1e+09	1	2	5
5	0.028575173	0.028575173	-0.022493472	-0.03785361	0.028575173
163	0	PRM %breakage scores below -10
8	-1e+09	0.083333336	0.1	0.18181819	0.2	0.21428572	0.35714287	0.45454547
9	-0.0077260611	-0.0077260611	0.0060386524	0.047628097	0.063114717	-0.0096648115	-0.026379648	-0.051911344	-0.0077260611
164	0	PRM %breakage scores below 0
10	-1e+09	0.36363637	0.44444445	0.53846157	0.54545456	0.55555558	0.61538464	0.63636363	0.69230771	0.76923078
11	0.022741214	0.022741214	0.013559281	0.034027149	0.023275278	0.010734011	-0.022621086	-0.01829294	-0.015847264	-0.040950794	0.022741214
165	0	PRM %breakage scores above 0
6	-1e+09	0.30000001	0.375	0.45454547	0.54545456	0.625
7	-0.010604327	-0.010604327	0.0076204572	0.0032680525	0.0052994222	-0.012815374	-0.010604327
166	0	PRM %breakage scores above 8
8	-1e+09	0.083333336	0.11111111	0.22222222	0.30769232	0.33333334	0.41666666	0.45454547
9	-0.0090803525	-0.0090803525	0.063418955	0.080221549	0.018594456	0.044580826	-0.058293994	-0.010881202	-0.0090803525
167	0	PRM Score connected to N-terminal
10	-1e+09	-0.70358539	-0.011861622	1.5849705	5.7648864	6.0952516	6.76513	9.0521564	10.475657	10.805525
11	-0.067388916	-0.067388916	-0.059164199	-0.036192332	0.035785734	0.022248012	-0.01076406	-0.064484117	-0.12201171	-0.11266938	-0.067388916
168	0	PRM Score connected to C-terminal
8	-1e+09	0.070517331	2.3302665	7.7817998	9.7227564	10.761804	11.688386	17.630203
9	-0.098974622	-0.21920191	0.0021075061	0.11460301	0.15944289	0.090397248	0.18684735	0.22292564	-0.081294249
169	0	PRM %breakages with 1 frag detected
7	-1e+09	0.083333336	0.13333334	0.14285715	0.16666667	0.18181819	0.21428572
8	-0.032816623	-0.034599805	-0.088189103	0.070750939	0.082634752	0.058511399	-0.010147698	-0.025815648
170	0	PRM %breakages with 2 frag detected
6	-1e+09	0.06666667	0.090909094	0.13333334	0.15384616	0.2857143
7	-0.011422469	-0.041531376	-0.022563409	-0.045261334	0.03387037	0.025219803	0.026031253
171	0	PRM %breakages with > 5 frags detected
9	-1e+09	0.071428575	0.125	0.13333334	0.18181819	0.21428573	0.25	0.30769232	0.33333334
10	-0.075402475	-0.037102849	-0.054084603	0.034552299	0.09722437	0.032704634	0.0058440533	-0.042742002	-0.078481672	-0.10452335
172	0	PRM %breakages with dual orientation frags
7	-1e+09	0.26666668	0.27272728	0.35714287	0.375	0.44444445	0.4666667
8	-0.014870116	-0.10010275	0.036846731	0.056609893	0.054153663	0.067610356	0.07641979	0.097354483
173	0	PRM #orientation switches
3	-1e+09	0	1
4	0.15070476	0.26132876	-0.063290131	-0.12390922
175	0	COMP PPP frag 1 obs_ratio
16	-1e+09	0.25	0.40000001	0.5	0.60000002	0.69230771	0.69999999	0.71428573	0.75	0.77777779	0.80000001	0.81818181	0.83333331	0.8888889	0.89999998	0.90909094
17	0.15879716	-0.0016462312	-0.1525727	-0.37447373	-0.47684101	-0.44845078	-0.30461076	-0.21572461	-0.2106969	-0.14077547	-0.098522639	-0.043313299	0.066921252	0.13465566	0.16076408	0.17680593	0.30290804
176	0	COMP PPP frag 2 obs_ratio
15	-1e+09	0.11111111	0.18181819	0.22222222	0.27272728	0.33333334	0.40000001	0.44444445	0.5714286	0.69999999	0.75	0.77777779	0.81818181	0.89999998	0.92307693
16	0.3200439	0.3200439	0.20093402	-0.003588981	-0.022844182	-0.039546713	-0.24578578	-0.25260695	-0.27208832	-0.33788529	-0.25888785	-0.24249496	-0.2070537	-0.042948345	0.012545489	0.3200439
177	0	COMP PPP frag 3 obs_ratio
11	-1e+09	0.1	0.18181819	0.27272728	0.375	0.5	0.54545456	0.72727275	0.80000001	0.81818181	0.89999998
12	0.098685159	0.098685159	0.0041718408	-0.10316451	-0.054418001	-0.07906366	-0.078205287	-0.038720463	0.023938442	0.034644637	0.044811735	0.098685159
178	0	COMP PPP num missed peaks
3	-1e+09	19	24
4	0.0080151549	0.0080151549	-0.0082103727	0.0080151549
179	0	COMP PPP MOBILE sum ranks of missed 1-5
9	-1e+09	16	39	40	54	56	76	80	113
10	0.49081454	0.55631722	0.58921654	0.41807416	0.38130039	0.36679364	0.16440973	0.072595009	0	0.39880681
180	0	COMP PPP PARTMOBILE sum ranks of missed 1-5
13	-1e+09	16	51	52	57	65	67	71	84	89	97	119	127
14	0.34152503	0.21980434	-0.016754049	0.024817331	0.033903355	0.11863083	0.18646979	0.20788891	0.23592211	0.25621893	0.27055129	0.31971061	0.43405582	0.49788821
181	0	COMP PPP NONMOBILE sum ranks of missed 1-5
6	-1e+09	20	61	79	90	94
7	-0.010119457	-0.077307877	-0.18409544	-0.1026357	-0.077307877	-0.043938943	0
182	0	COMP PPP sum ranks of missed 1-5
15	-1e+09	15	19	22	29	52	61	70	72	83	91	98	102	113	121
16	0	-0.079152768	-0.23169425	-0.49504437	-0.67488858	-0.83416861	-0.72766344	-0.49192887	-0.49111543	-0.47265753	-0.34528313	-0.33736847	-0.15057516	-0.12451542	-0.016258723	0
183	0	COMP PPP MOBILE sum ranks of missed 6-10
6	-1e+09	62	66	68	138	157
7	0	0	0.045581434	0.076860003	0.12593267	0.042106098	0
184	0	COMP PPP PARTMOBILE sum ranks of missed 6-10
6	-1e+09	87	131	135	149	151
7	-0.062672104	-0.062672104	-0.050595943	-0.024458012	0	-0.0075681647	-0.062672104
185	0	COMP PPP NONMOBILE sum ranks of missed 6-10
6	-1e+09	55	85	122	135	161
7	-0.00081913373	-0.00081913373	-0.0058567673	-0.085124096	-0.084304962	-0.085124096	-0.00081913373
186	0	COMP PPP sum ranks of missed 6-10
8	-1e+09	54	71	75	100	120	122	145
9	-0.0025523578	-0.0025523578	-0.028070885	-0.16722737	-0.17471083	-0.13833489	-0.096795253	-0.065845842	0
187	0	COMP PPP MOBILE sum ranks of missed 11-15
7	-1e+09	90	96	100	159	173	175
8	0.051739682	0.067982425	0.10059327	0.24119779	0.39228529	0	0.017432456	0.035356652
188	0	COMP PPP PARTMOBILE sum ranks of missed 11-15
6	-1e+09	148	158	165	190	205
7	-0.032450549	-0.032450549	0.015680889	0.023008702	-0.0033912356	-3.6590137e-05	-0.032450549
189	0	COMP PPP NONMOBILE sum ranks of missed 11-15
5	-1e+09	122	159	177	185
6	-0.0016923393	-0.0016923393	-0.026186403	-0.024494064	-0.026186403	-0.0016923393
190	0	COMP PPP sum ranks of missed 11-15
6	-1e+09	114	141	165	187	195
7	-0.11730468	-0.11730468	-0.068980531	0.0012724845	-0.03732383	-0.029025742	-0.11730468
191	0	COMB PPP observed rank of predicted rank 1
11	-1e+09	0	2	3	4	5	6	7	10	14	17
12	0.0055803316	0.54511525	0.55282694	0.40203375	0.2104314	0.045337765	-0.1161433	-0.13720655	-0.28325357	-0.29392536	-0.47853307	-0.58401246
192	0	COMB PPP observed rank of predicted rank 2
12	-1e+09	0	2	3	4	5	6	7	9	10	14	24
13	0.11934582	0.34832361	0.56532485	0.51735025	0.49470345	0.41872991	0.24532905	0.15651078	0.12555606	-0.018969714	-0.086798152	-0.27296245	-0.11184097
193	0	COMB PPP observed rank of predicted rank 3
10	-1e+09	0	1	4	5	6	7	9	11	14
11	-0.31079837	-0.08914687	0.20102838	0.20567917	0.1775709	0.13911618	0.13537096	-0.0021659942	-0.16507547	-0.30706891	-0.37790239
194	0	COMB PPP observed rank of predicted rank 4
11	-1e+09	1	2	4	6	7	8	9	12	13	15
12	-0.065840373	0.19557733	0.19741029	0.27688002	0.2391966	0.19552157	0.11619801	0.023764853	-0.045820089	-0.21578663	-0.26207009	-0.40301912
195	0	COMB PPP observed rank of predicted rank 5
14	-1e+09	2	3	4	7	8	9	10	11	12	13	14	16	24
15	0.052166241	0.23248713	0.26279995	0.33046576	0.33858617	0.23541861	0.16289742	0.11967132	0.097163668	0.06987044	0.045536229	-0.020354337	-0.1559287	-0.2667519	-0.11019931
196	0	COMB PPP observed rank of predicted rank 6
14	-1e+09	1	2	3	4	5	7	8	9	11	12	13	19	30
15	-0.06866717	0.0033981407	0.040902209	0.18579388	0.2196602	0.25932522	0.2658529	0.25171712	0.16055621	0.053446184	0.007745288	-0.044960409	-0.11119879	-0.21292048	-0.12899073
197	0	COMB PPP observed rank of predicted rank 7
10	-1e+09	1	2	5	6	10	12	13	19	25
11	-0.16212181	-0.16212181	0.010124394	0.10697266	0.13211718	0.13293691	-0.027364802	-0.052021556	-0.16669589	-0.19158199	-0.16212181
198	0	COMB PPP predicted rank of observed rank 1
7	-1e+09	1	2	4	6	8	29
8	0.035856355	0.13273454	0.16059958	0.1654532	0.13438621	0.018895641	-0.16287176	-0.13433903
199	0	COMB PPP predicted rank of observed rank 2
6	-1e+09	2	3	11	15	28
7	0.022148893	0.077314688	0.072093584	0.084067265	0.015098562	-0.054953633	-0.033478585
200	0	COMB PPP predicted rank of observed rank 3
3	-1e+09	5	8
4	-0.0016810228	-0.0016810228	0.0034146374	-0.0016810228
201	0	COMB PPP predicted rank of observed rank 4
10	-1e+09	0	1	5	6	8	12	14	16	20
11	-0.031015966	-0.031015966	0.0044888882	0.0080310804	0.0050426884	-0.0094915827	-0.034454363	-0.0029957968	0.039012869	-0.015186853	-0.031015966
202	0	COMB PPP predicted rank of observed rank 5
5	-1e+09	1	8	9	12
6	-0.04781184	-0.00045763466	0.028346361	0.10208319	-0.073902873	-0.10485286
203	0	COMB PPP predicted rank of observed rank 6
8	-1e+09	0	3	7	8	12	13	32
9	-0.0074787876	-0.0074787876	0.015104034	0.024459992	0.05619346	0.029843191	-0.001769712	-0.059707681	-0.0074787876
204	0	COMB PPP predicted rank of observed rank 7
5	-1e+09	4	11	17	34
6	0.074373416	0.074373416	0.076141295	0.0044456606	-0.055208711	0.074373416
205	0	COMB PPP rank of missed #1
10	-1e+09	1	3	4	6	9	10	11	16	19
11	-0.82034491	-1.1005619	-0.82532597	-0.69683802	-0.52212285	-0.44877769	-0.22828501	-0.14537282	-0.079002066	0.11361935	0.3095611
206	0	COMB PPP rank of missed #3
17	-1e+09	3	4	6	7	8	10	11	13	16	17	18	19	20	22	24	26
18	0.20933048	0.16710211	0.091729937	-0.13176204	-0.41171279	-0.39340325	-0.33463746	-0.25272827	-0.041026578	-0.019746889	0.012198711	0.078908941	0.10318797	0.16061577	0.22523749	0.28382412	0.30418771	0.4172555
207	0	COMB PPP rank of missed #5
12	-1e+09	6	11	14	17	18	19	20	21	24	26	28
13	-0.19905507	-0.4487997	-0.55408398	-0.46328472	-0.42535111	-0.37611572	-0.29338046	-0.22853193	-0.17401457	-0.106791	-0.071483768	-0.06148462	0
208	0	COMB PPP rank of missed #7
7	-1e+09	9	11	16	19	21	24
8	-0.061712124	-0.089570804	-0.27293011	-0.246754	-0.28478763	-0.18997892	-0.14189465	-0.026176112
209	0	COMB PPP rank of missed #9
8	-1e+09	12	19	25	26	28	31	33
9	-0.037650302	-0.037650302	-0.11375518	-0.099310926	-0.11375518	-0.077515731	-0.032994205	-0.056200252	-0.037650302
210	0	COMB PPP rank of missed #11
8	-1e+09	19	23	27	28	33	37	38
9	-0.095379349	-0.095379349	-0.093743994	-0.073657994	-0.048837647	0	-0.05468297	-0.084795611	-0.095379349
211	0	COMB PPP rank of missed #13
3	-1e+09	22	39
4	0	0	0.052572195	0
212	0	COMB PPP rank of missed #15
5	-1e+09	26	28	30	32
6	-0.010721191	-0.010721191	0.019928147	-0.10675568	0.0010161927	-0.010721191
213	0	COMB PPP rank of missed #17
5	-1e+09	30	39	41	42
6	0.01907633	0.01907633	0.012091665	0	0.0082232437	0.01907633
214	0	COMB PPP delta score #1
10	-1e+09	0	0.58636761	0.67881608	0.77830315	0.87749767	1.190958	1.3086257	1.8046644	2.2431397
11	-0.15313026	0.13228717	0.13944608	0.063463217	0.059091019	-0.013886749	-0.033340882	-0.051683797	-0.21540481	-0.26089993	-0.40553052
215	0	COMB PPP delta score #2
14	-1e+09	-1.9999914	-0.50168562	-0.37071896	-0.25805092	-0.066264629	0.17727709	0.25192404	0.79065347	1.0398595	1.219969	1.6214242	1.8649189	2.3379118
15	-0.33147975	-0.063016517	0.07303362	0.034976196	0.029084157	0.0080102464	0.0051736397	-0.12900232	-0.13503353	-0.33057511	-0.31724658	-0.40000564	-0.46346257	-0.61467622	-0.61799835
216	0	COMB PPP delta score #3
16	-1e+09	-2.095139	-1.597383	-0.48270869	-0.2900753	-0.20905805	-0.13132596	0.063197136	0.25765061	0.50864029	0.84057093	0.91108108	1.1452324	1.2272894	1.3163645	1.5018711
17	-0.15309419	0.19688208	0.25676831	0.41614139	0.30799629	0.29448779	0.20766712	0.12928861	0.075987295	0.029698206	-0.058437124	-0.069109982	-0.27890517	-0.37582424	-0.49685932	-0.51782096	-0.52119605
217	0	COMB PPP delta score #4
23	-1e+09	-2.0899675	-1.5510399	-0.86414909	-0.61650872	-0.43421626	-0.34963965	-0.2744565	-0.20583129	-0.011701822	0.17517471	0.2874794	0.40487838	0.46416748	0.52342391	0.63962626	0.70150363	0.76236677	0.95758581	1.0288482	1.1809797	1.7785674	2.3677115
24	-0.23460473	-0.15258051	-0.070570686	0.1847355	0.13955195	0.12081494	0.12244581	0.10865463	0.041494444	0.01085307	0.016743553	0.0072322809	-0.038062834	-0.11229043	-0.19492696	-0.17618753	-0.25974308	-0.32190728	-0.33785793	-0.34538096	-0.37537054	-0.52205064	-0.66665713	-0.36098529
218	0	COMB PPP delta score #5
14	-1e+09	-2.0180626	-0.96814489	-0.28374219	-0.21729994	0.079277277	0.13122606	0.43684506	0.48905993	0.54330087	0.64859748	0.81906748	1.0085599	1.2324082
15	-0.33041238	-0.25236969	0.16138021	0.12272003	0.036193621	0.0032281088	-0.025797092	-0.034881094	-0.023995672	-0.11587792	-0.13369576	-0.15724178	-0.18169115	-0.18925326	-0.39885808
219	0	COMB PPP delta score #6
16	-1e+09	-1.9657698	-1.3896143	-0.68105221	-0.42966795	-0.28913832	-0.11059642	-0.056923389	0.40350842	0.55054927	0.76127505	0.81760776	0.87494326	1.1469572	1.4145643	1.6594111
17	-0.41251755	-0.41251755	0.053034909	0.11898597	0.058563583	0.054262754	-0.078750011	-0.044807216	-0.019722918	-0.069579418	-0.13178624	-0.14238905	-0.15130453	-0.15924598	-0.22437144	-0.29295425	-0.41251755
220	0	COMB PPP delta score #7
13	-1e+09	-1.9254575	-1.4091578	-0.71908069	-0.54085279	-0.39349699	-0.002507925	0.1780746	0.44972026	0.59353089	0.69364977	0.80409026	0.92492926
14	-0.36963169	-0.36963169	-0.17984548	0.058792107	-6.391551e-05	-0.056190539	-0.098389472	-0.061208168	-0.02414229	-0.081563259	-0.11192624	-0.22492979	-0.2793014	-0.36963169
221	0	COMB PPP dot prod pred-obs top 15
18	-1e+09	0.47315347	0.54349154	0.58297372	0.67053872	0.68647963	0.79916745	0.84298307	0.85446227	0.87454069	0.89409399	0.9042846	0.90847754	0.91944158	0.93548876	0.94792324	0.9532606	0.97485912
19	-0.44751574	-0.50535216	-0.70620955	-0.76752707	-0.74498175	-0.64872302	-0.55379223	-0.54927543	-0.40441694	-0.34309942	-0.45745238	-0.35433519	-0.20845898	-0.33530522	-0.2466883	-0.33199182	-0.2741554	-0.16017981	-0.080812473
222	0	COMB PPP dot prod obs-pred top 15
13	-1e+09	0.77551126	0.80380207	0.8552494	0.86050457	0.86948544	0.88165349	0.88529825	0.89390719	0.90978032	0.91931629	0.95915896	0.97922206
14	0.095424132	0.095424132	0.061338764	0.034824393	-0.041125703	-0.098196739	-0.092449843	-0.086390148	0.00047794078	0.065612855	0.047221338	0.073806599	0.13288692	0.095424132
223	0	COMB PPP dot prod pred-obs top 30
12	-1e+09	0.57699579	0.59569877	0.68494511	0.70735842	0.73845494	0.76669502	0.7785303	0.80045825	0.82336307	0.86289877	0.88946909
13	0.13084253	0.13084253	-0.006287615	-0.05019718	-0.12389937	-0.089286363	-0.10063434	-0.05771931	-0.048051357	-0.019031636	-0.011082169	0.097594175	0.13084253
224	0	COMB PPP dot prod obs-pred top 30
5	-1e+09	0.54844844	0.67476368	0.77150834	0.79245478
6	0.00084512915	0.00084512915	-0.0050722135	-0.0058906635	0.003415076	0.00084512915
225	0	COMB PPP dot prod pred-obs top 45
7	-1e+09	0.38966608	0.57395601	0.60201025	0.61789048	0.70927393	0.73235971
8	-0.030536831	-0.030536831	0.01688391	0.019855663	0.063991937	-0.06139694	-0.033022018	-0.030536831
226	0	COMB PPP dot prod obs-pred top 45
12	-1e+09	0.43337113	0.45536149	0.51249599	0.5331825	0.59738749	0.60962784	0.62618411	0.63101131	0.65690964	0.66293466	0.69051802
13	0.091043463	0.091043463	0.07154785	0.036908298	0.031373071	-0.017951359	-0.059806974	-0.043174308	-0.050239151	-0.075146541	0.066214534	0.088556207	0.091043463
