0 7 -999999999 -1 -1
1 2 0 -1 -1
0.2653 -2.039
356
-6.59257673e-01
-4.09745413e-01
-2.49512260e-01
-3.57433798e-01
0.00000000e+00
0.00000000e+00
0.00000000e+00
0.00000000e+00
0.00000000e+00
0.00000000e+00
0.00000000e+00
0.00000000e+00
0.00000000e+00
-7.48393446e-01
-2.73511738e-01
6.64471386e-01
0.00000000e+00
0.00000000e+00
0.00000000e+00
0.00000000e+00
0.00000000e+00
0.00000000e+00
0.00000000e+00
0.00000000e+00
0.00000000e+00
0.00000000e+00
0.00000000e+00
0.00000000e+00
0.00000000e+00
0.00000000e+00
0.00000000e+00
0.00000000e+00
0.00000000e+00
0.00000000e+00
0.00000000e+00
0.00000000e+00
0.00000000e+00
0.00000000e+00
0.00000000e+00
0.00000000e+00
0.00000000e+00
0.00000000e+00
0.00000000e+00
0.00000000e+00
0.00000000e+00
0.00000000e+00
0.00000000e+00
0.00000000e+00
0.00000000e+00
0.00000000e+00
0.00000000e+00
-1.65782149e+00
7.82221596e-01
1.08356748e+00
0.00000000e+00
0.00000000e+00
0.00000000e+00
0.00000000e+00
-1.48468793e-01
-2.82068185e-01
-6.66636652e-01
3.07183045e-01
-6.61089880e-01
6.58357900e-01
1.27058092e-01
3.73053317e-01
6.89879558e-01
-2.14685161e-01
-4.56688878e-01
-5.77515019e-03
7.09420069e-01
-1.35740305e-01
-7.91171765e-03
5.66497792e-01
-4.61975197e-01
-3.62393991e-03
5.17793151e-01
3.95146706e-01
-3.56326439e-04
2.00006003e-01
6.03568346e-01
-4.50732208e-02
-4.94636481e-01
-4.96071199e-01
-2.27045119e-01
0.00000000e+00
0.00000000e+00
0.00000000e+00
0.00000000e+00
0.00000000e+00
-2.79433643e+00
-6.12845130e-01
-2.35374166e+00
-5.89075254e-01
-4.24561763e-01
3.38239607e-02
-2.95308664e-01
-4.10947223e-01
-1.03001503e-01
-6.69232068e-01
1.27009903e-01
-1.14629174e-01
0.00000000e+00
0.00000000e+00
3.53719797e+00
2.38161883e+00
4.38588093e-02
3.86019433e-01
9.35305507e-02
-2.45744203e-01
8.90072228e-01
1.75648694e-03
-4.96009532e-01
-8.48060575e-01
-1.27594875e+00
-6.39903610e-01
-5.96017535e-02
0.00000000e+00
0.00000000e+00
0.00000000e+00
0.00000000e+00
0.00000000e+00
0.00000000e+00
0.00000000e+00
7.23735305e-02
-1.08584926e+00
-2.88176904e-01
-2.21442282e-01
-8.49583720e-01
-6.68197868e-01
4.67774571e+00
4.79312170e+00
4.37563791e+00
4.47957666e+00
4.63225709e+00
4.12661116e+00
5.01923016e-01
5.48130604e-01
9.27347119e-01
6.43920735e-01
9.47314282e-01
2.09176347e-01
-6.81498214e-01
3.91737290e-03
-4.27561429e-01
-3.95641562e-01
-2.45021654e-01
-1.94426303e+00
1.16949330e+00
0.00000000e+00
0.00000000e+00
0.00000000e+00
0.00000000e+00
0.00000000e+00
0.00000000e+00
0.00000000e+00
-1.82875098e+00
-8.01256608e-01
-2.05782460e+00
0.00000000e+00
-1.06397413e+00
-1.45074868e+00
-1.07465691e+00
-1.40525077e+00
-2.13863104e+00
0.00000000e+00
0.00000000e+00
0.00000000e+00
3.69937393e-01
-7.96225872e-01
2.82996459e-01
1.05269233e+00
1.22053536e+00
8.91293399e-01
-2.39302009e+00
-6.63331959e-01
-1.11338979e-01
0.00000000e+00
6.27107429e-01
-5.03073618e-03
-9.56423135e-02
2.91503020e-01
-5.47612665e-01
5.14083686e-01
2.05875638e-01
-3.94007980e+00
5.33296577e-01
4.24330088e-01
2.37993362e-01
0.00000000e+00
0.00000000e+00
0.00000000e+00
3.51375444e-01
0.00000000e+00
9.46380609e-02
8.06549362e-02
-5.65509332e-01
4.55088528e-02
7.15961248e-01
8.97006087e-01
1.12516298e+00
0.00000000e+00
-8.34941740e-02
3.42382215e-01
1.59482252e-01
3.49695187e-01
6.21382882e-01
2.93542699e-01
8.64224614e-02
7.97469284e-01
1.59518683e-01
2.19778052e-01
-7.15551258e-01
-2.19817596e-01
-1.60331726e-01
1.24764517e-01
3.75928691e-01
2.44832076e+00
-1.95480915e-01
0.00000000e+00
-9.62413562e-02
0.00000000e+00
0.00000000e+00
0.00000000e+00
-1.99164291e-01
0.00000000e+00
-3.95614520e-01
-2.01898940e-01
1.58199237e+00
6.21168392e-01
4.46684768e-01
-6.39501969e-01
9.26808644e-01
0.00000000e+00
-1.69367465e-01
1.95022973e-01
1.58919384e-02
-7.10993449e-02
-5.41346746e-01
-9.50210029e-01
-3.07480182e-01
-5.96887930e-01
2.16149243e-01
-2.00273247e-01
-4.95733662e-01
4.73579499e-01
-1.31609904e-01
0.00000000e+00
-1.42307978e+00
-8.44156535e-01
-5.10577194e-01
-3.28845992e-01
0.00000000e+00
9.21145842e-01
0.00000000e+00
0.00000000e+00
-5.78923244e-01
-4.83463427e-01
0.00000000e+00
0.00000000e+00
-2.85599945e+00
0.00000000e+00
0.00000000e+00
0.00000000e+00
-3.68486306e-01
5.46124348e-02
-9.97794696e-02
-7.62300075e-01
5.47593531e-01
-1.34208644e-01
7.04393838e-03
1.38298334e+00
-7.00492081e-01
0.00000000e+00
4.62885658e-01
-2.11479637e+00
-1.17734869e+00
3.69796408e-01
-7.97539735e-01
2.32039285e+00
-1.52250225e+00
-3.95120771e-02
-1.45456278e+00
1.17022086e+00
5.58577961e-01
0.00000000e+00
0.00000000e+00
0.00000000e+00
-1.63348684e-01
-2.47083744e-01
-3.45687059e-01
5.20200921e-01
-1.43566599e-01
-1.67437784e-01
2.34113722e-01
-2.47567410e-01
1.56743133e-01
0.00000000e+00
-5.49545485e-01
5.45112982e-01
1.81943567e-01
4.77090964e-02
4.36954131e-01
-3.72086585e-01
3.07459009e-01
1.55678174e-01
4.25239413e-01
-2.16252836e-01
-9.50274900e-01
-6.23583369e-01
0.00000000e+00
1.40177052e-01
-1.21884076e-01
3.19252024e+00
6.97480146e-01
0.00000000e+00
-7.50993947e-01
0.00000000e+00
0.00000000e+00
0.00000000e+00
-1.73057348e-01
1.04373863e+00
4.23508416e-01
-3.96993954e-01
-1.60341747e-02
-2.58200772e-01
-1.41683858e-01
6.69637303e-01
-5.55675258e-01
0.00000000e+00
4.13257902e-01
-5.34352459e-01
4.58025233e-02
-4.35658164e-01
1.29130026e-01
4.36339568e-01
-8.72765475e-02
-2.64399474e-01
-5.49468310e-01
-4.99607994e-01
-3.26691530e-01
0.00000000e+00
-1.92060773e+00
-9.78315925e-01
-1.90572455e+00
-8.27165310e-01
0.00000000e+00
-8.64016212e-02
-2.03197568e-01
2.92621713e+00
-1.89929140e+00
0.00000000e+00
-1.07855924e+00
0.00000000e+00
0.00000000e+00
0.00000000e+00
247
-3.74827721e+00
-1.86696993e+00
-1.88130727e+00
-1.33402983e+00
-5.32940102e-01
0.00000000e+00
0.00000000e+00
0.00000000e+00
0.00000000e+00
0.00000000e+00
0.00000000e+00
0.00000000e+00
0.00000000e+00
0.00000000e+00
0.00000000e+00
0.00000000e+00
0.00000000e+00
0.00000000e+00
0.00000000e+00
0.00000000e+00
0.00000000e+00
0.00000000e+00
0.00000000e+00
0.00000000e+00
0.00000000e+00
0.00000000e+00
0.00000000e+00
0.00000000e+00
0.00000000e+00
0.00000000e+00
0.00000000e+00
0.00000000e+00
0.00000000e+00
0.00000000e+00
0.00000000e+00
0.00000000e+00
0.00000000e+00
0.00000000e+00
0.00000000e+00
0.00000000e+00
0.00000000e+00
-1.23206848e-01
-1.89643927e-02
-1.10776956e+00
1.15111950e-02
-6.38147673e-01
1.92317025e-02
-1.87915312e+00
1.50485263e-03
0.00000000e+00
-6.12009999e-01
-9.45463595e-01
-7.33810885e-01
-1.19824293e+00
0.00000000e+00
0.00000000e+00
0.00000000e+00
0.00000000e+00
0.00000000e+00
8.73166678e+00
5.95247768e+00
0.00000000e+00
9.38070270e-01
1.96136579e+00
4.32354723e-01
-7.21645894e-01
2.22048391e+00
1.51158808e+00
1.06206593e+00
8.08656757e-01
0.00000000e+00
0.00000000e+00
0.00000000e+00
0.00000000e+00
0.00000000e+00
0.00000000e+00
0.00000000e+00
0.00000000e+00
0.00000000e+00
2.82306513e+00
1.55316538e+00
1.86080472e+00
1.70738111e+00
2.03546211e+00
0.00000000e+00
0.00000000e+00
7.15926846e+00
6.81158692e+00
0.00000000e+00
0.00000000e+00
6.83736423e+00
0.00000000e+00
0.00000000e+00
0.00000000e+00
0.00000000e+00
0.00000000e+00
0.00000000e+00
0.00000000e+00
0.00000000e+00
0.00000000e+00
0.00000000e+00
2.70630320e+00
0.00000000e+00
-4.01942917e-01
0.00000000e+00
0.00000000e+00
0.00000000e+00
-3.34633429e+00
-4.48722886e-01
0.00000000e+00
0.00000000e+00
-7.33828410e-01
-2.96991263e-01
-1.23100884e+00
-1.47813087e+00
-1.03081967e+00
0.00000000e+00
0.00000000e+00
0.00000000e+00
0.00000000e+00
1.92073149e+00
0.00000000e+00
0.00000000e+00
0.00000000e+00
1.50864981e+00
0.00000000e+00
1.29143290e+00
0.00000000e+00
0.00000000e+00
1.92666536e+00
0.00000000e+00
9.63344989e-01
0.00000000e+00
0.00000000e+00
0.00000000e+00
1.64694690e+00
0.00000000e+00
0.00000000e+00
0.00000000e+00
1.18597785e+00
2.49553555e+00
-2.49358362e-01
-2.20118405e-03
0.00000000e+00
-5.73337218e-01
0.00000000e+00
0.00000000e+00
0.00000000e+00
0.00000000e+00
0.00000000e+00
0.00000000e+00
0.00000000e+00
0.00000000e+00
0.00000000e+00
0.00000000e+00
3.43186057e-01
0.00000000e+00
0.00000000e+00
0.00000000e+00
0.00000000e+00
0.00000000e+00
0.00000000e+00
0.00000000e+00
0.00000000e+00
0.00000000e+00
0.00000000e+00
0.00000000e+00
0.00000000e+00
-1.30955770e+00
2.15533133e+00
1.50434286e+00
0.00000000e+00
-2.21679752e+00
0.00000000e+00
0.00000000e+00
0.00000000e+00
0.00000000e+00
1.01256643e+00
1.11010315e+00
0.00000000e+00
0.00000000e+00
-2.70913971e+00
0.00000000e+00
0.00000000e+00
0.00000000e+00
-1.23701145e+00
0.00000000e+00
0.00000000e+00
9.76827317e-01
1.88364079e+00
1.27520825e+00
0.00000000e+00
3.23530280e-02
0.00000000e+00
0.00000000e+00
6.59161249e-01
0.00000000e+00
0.00000000e+00
0.00000000e+00
-2.85625447e-01
0.00000000e+00
1.31923168e+00
0.00000000e+00
0.00000000e+00
3.53178819e-01
-1.49395118e+00
-1.02817811e+00
0.00000000e+00
1.78789501e+00
1.52759915e+00
2.86260910e-01
0.00000000e+00
0.00000000e+00
0.00000000e+00
0.00000000e+00
0.00000000e+00
0.00000000e+00
0.00000000e+00
6.94533305e-01
3.98346727e-01
0.00000000e+00
0.00000000e+00
0.00000000e+00
0.00000000e+00
1.23050663e-01
0.00000000e+00
0.00000000e+00
0.00000000e+00
0.00000000e+00
0.00000000e+00
-4.43951939e-02
0.00000000e+00
0.00000000e+00
0.00000000e+00
-4.65773069e-01
0.00000000e+00
0.00000000e+00
4.34641705e-01
-1.21518853e+00
-2.02830723e-01
0.00000000e+00
0.00000000e+00
2.06290286e-01
-1.01235780e+00
0.00000000e+00
0.00000000e+00
0.00000000e+00
4 -999999999 -999999999 0 -1
1 0 0 1 -1
2.9272e-02 -1.4137e+00
356
-2.43207382e+00
0.00000000e+00
0.00000000e+00
0.00000000e+00
0.00000000e+00
0.00000000e+00
0.00000000e+00
0.00000000e+00
0.00000000e+00
0.00000000e+00
0.00000000e+00
0.00000000e+00
0.00000000e+00
0.00000000e+00
0.00000000e+00
0.00000000e+00
0.00000000e+00
0.00000000e+00
0.00000000e+00
0.00000000e+00
0.00000000e+00
0.00000000e+00
0.00000000e+00
0.00000000e+00
0.00000000e+00
0.00000000e+00
0.00000000e+00
0.00000000e+00
0.00000000e+00
0.00000000e+00
0.00000000e+00
-1.92982738e-01
-2.23909108e+00
-4.43823665e+00
0.00000000e+00
1.02838125e+00
3.21275995e-01
2.47183502e+00
1.67059505e+00
1.77341890e+00
1.29671235e+00
0.00000000e+00
0.00000000e+00
0.00000000e+00
0.00000000e+00
0.00000000e+00
0.00000000e+00
0.00000000e+00
0.00000000e+00
0.00000000e+00
0.00000000e+00
-4.69214269e-01
6.97693856e-02
-1.63077027e+00
0.00000000e+00
0.00000000e+00
0.00000000e+00
0.00000000e+00
-1.96946660e+00
1.36874628e+00
-3.29767493e-01
6.22721541e-01
5.69054717e-01
-6.03153322e-01
-2.55623370e-01
-4.41940595e-01
-4.46271074e-01
-3.22260010e-01
5.13323786e-01
1.09080947e-02
2.20764307e+00
-2.80738193e-01
2.25051547e-03
2.56948706e+00
0.00000000e+00
0.00000000e+00
0.00000000e+00
0.00000000e+00
0.00000000e+00
0.00000000e+00
0.00000000e+00
5.64957522e-02
-1.08784685e+00
-7.73253137e-01
-6.27469586e-01
0.00000000e+00
0.00000000e+00
0.00000000e+00
0.00000000e+00
0.00000000e+00
-1.28925767e+00
1.66719044e-01
-6.65522218e-01
1.77793626e-01
2.53352998e+00
6.84209770e-01
2.16949780e+00
7.88214550e-01
6.17527855e-02
3.49368928e-01
1.24808578e+00
3.87246358e-01
0.00000000e+00
0.00000000e+00
7.03356498e+00
2.43705016e+00
-1.70013885e+00
1.68869088e-01
6.31983722e-01
2.66262327e-01
8.39859404e-01
-9.90479313e-01
-9.04489794e-01
-5.32490868e-01
-9.17747309e-01
-2.92521561e-01
-1.57037064e+00
0.00000000e+00
0.00000000e+00
0.00000000e+00
0.00000000e+00
0.00000000e+00
0.00000000e+00
0.00000000e+00
-7.74339485e-01
-2.06468389e+00
-2.20159456e-01
-4.01925599e-01
-4.21326366e-02
-1.36588291e+00
1.20127718e+01
1.19713644e+01
1.20455635e+01
1.18595959e+01
1.22835827e+01
1.21430150e+01
-9.51867702e-01
-1.47088231e+00
-2.10569327e-01
-8.94430024e-01
-4.46063480e-01
-1.50935284e+00
0.00000000e+00
-1.71653446e+00
-1.85806313e+00
-2.32888310e+00
5.04233119e-02
-2.40492148e+00
-7.83643627e-01
0.00000000e+00
0.00000000e+00
0.00000000e+00
0.00000000e+00
0.00000000e+00
0.00000000e+00
0.00000000e+00
-1.64843019e+00
-1.72818966e+00
-6.53022385e+00
0.00000000e+00
-1.84913095e+00
-3.48824895e+00
-1.08628400e+00
-1.38087502e+00
-2.93541495e+00
0.00000000e+00
0.00000000e+00
0.00000000e+00
-4.29653564e-01
9.74978037e-01
-2.78617400e+00
1.60308418e+00
3.27845231e+00
2.28642938e+00
-1.55090321e+00
-2.76967056e+00
-1.53527661e-01
0.00000000e+00
1.49962772e+00
7.80180919e-02
-8.45929111e-01
7.93544166e-02
-1.09250096e+00
-6.45751805e-01
1.45901684e-01
-1.93288861e+00
-1.39391686e-01
-5.34869598e-01
-6.98167071e-01
0.00000000e+00
0.00000000e+00
0.00000000e+00
5.17720787e-01
0.00000000e+00
0.00000000e+00
9.74885640e-01
0.00000000e+00
0.00000000e+00
0.00000000e+00
1.32077259e+00
0.00000000e+00
0.00000000e+00
4.58405879e-01
0.00000000e+00
0.00000000e+00
0.00000000e+00
6.96189891e-01
7.28065624e-01
8.59021395e-01
0.00000000e+00
0.00000000e+00
1.02041616e+00
-1.89348785e+00
-1.57962133e+00
8.68401188e-01
0.00000000e+00
0.00000000e+00
1.27474365e+00
-3.31683406e-02
0.00000000e+00
-7.34727634e-01
0.00000000e+00
0.00000000e+00
0.00000000e+00
-2.49125529e-01
0.00000000e+00
0.00000000e+00
-1.48408698e-01
0.00000000e+00
0.00000000e+00
0.00000000e+00
-2.26001568e-01
0.00000000e+00
0.00000000e+00
1.08759316e+00
0.00000000e+00
0.00000000e+00
0.00000000e+00
-9.56092928e-01
5.17294462e-01
4.36363184e-01
0.00000000e+00
0.00000000e+00
2.42226825e-01
-3.13866525e-01
-2.90967561e-01
0.00000000e+00
0.00000000e+00
-1.04192710e+00
0.00000000e+00
0.00000000e+00
0.00000000e+00
0.00000000e+00
0.00000000e+00
0.00000000e+00
0.00000000e+00
-7.72417477e-01
-7.72417477e-01
0.00000000e+00
0.00000000e+00
-4.86912398e+00
0.00000000e+00
0.00000000e+00
0.00000000e+00
1.89413507e-01
-2.66471895e-01
-1.26551299e+00
1.79570902e+00
-1.43625107e+00
-9.27645985e-01
7.15141849e-01
6.75982803e-01
-4.75563747e-01
0.00000000e+00
-6.25345833e-01
-8.14443913e-01
-2.14253321e+00
-1.95340087e-01
1.26728003e-01
1.33850126e+00
-1.15055392e+00
-7.91473482e-01
-4.84841346e-01
8.65377065e-01
-2.33877135e-02
0.00000000e+00
0.00000000e+00
0.00000000e+00
-4.41827819e-01
-2.99440740e-01
-8.39191239e-01
-2.65433873e-01
4.66796955e-01
3.44974341e-01
1.84376469e-01
-4.43436743e-01
5.60811424e-01
0.00000000e+00
3.62416119e-02
-4.97573445e-01
8.69566494e-01
1.08531150e-01
5.30336288e-01
-1.04011050e-01
1.26244244e-01
-4.21295060e-01
-1.40015031e-01
2.00958311e-01
-1.49678051e+00
2.82311150e-01
0.00000000e+00
9.25183236e-01
7.31464224e-01
9.26821619e-01
4.59091745e-01
-1.10360221e+00
-4.59453637e-01
0.00000000e+00
0.00000000e+00
0.00000000e+00
9.07194667e-01
1.05975402e+00
1.95097553e+00
4.24572582e-01
-8.25878885e-02
3.14206191e-01
3.66373350e-02
9.12928456e-01
-2.66194059e+00
0.00000000e+00
4.39661964e-02
6.37225050e-01
-2.63029425e+00
-4.20502931e-01
-4.62389688e-01
-5.84053920e-01
-7.00405202e-01
9.06679204e-01
2.14551043e-01
-3.25969429e-01
-1.77909166e+00
0.00000000e+00
1.23155258e+00
1.15166944e+00
-3.37234347e+00
-3.77056010e+00
0.00000000e+00
0.00000000e+00
5.21228875e+00
4.68905948e+00
0.00000000e+00
0.00000000e+00
3.98216637e-01
0.00000000e+00
-2.01942050e+00
-3.03844490e-01
247
-2.00206882e+00
0.00000000e+00
0.00000000e+00
0.00000000e+00
0.00000000e+00
0.00000000e+00
0.00000000e+00
0.00000000e+00
0.00000000e+00
0.00000000e+00
0.00000000e+00
0.00000000e+00
0.00000000e+00
0.00000000e+00
0.00000000e+00
0.00000000e+00
0.00000000e+00
0.00000000e+00
0.00000000e+00
0.00000000e+00
0.00000000e+00
0.00000000e+00
0.00000000e+00
0.00000000e+00
0.00000000e+00
0.00000000e+00
0.00000000e+00
-1.68060311e+00
-3.21465717e-01
-2.40670330e+00
7.26100196e-01
-2.96400730e+00
2.30386425e+00
3.15810795e-01
0.00000000e+00
0.00000000e+00
0.00000000e+00
0.00000000e+00
0.00000000e+00
0.00000000e+00
0.00000000e+00
8.03928924e-01
-2.51167705e-04
7.18270316e-01
4.27718207e-03
0.00000000e+00
0.00000000e+00
0.00000000e+00
0.00000000e+00
0.00000000e+00
-2.09786621e-01
-8.23765541e-01
-2.75265863e-01
-1.25328540e-01
0.00000000e+00
0.00000000e+00
0.00000000e+00
0.00000000e+00
0.00000000e+00
8.19042970e+00
3.76215753e+00
0.00000000e+00
-5.02043280e-01
7.25763345e-01
8.18587060e-01
1.23412433e+00
8.80430023e-01
3.85536811e+00
3.79490143e+00
3.27007340e+00
2.42033893e+00
1.84778024e+00
0.00000000e+00
0.00000000e+00
0.00000000e+00
0.00000000e+00
0.00000000e+00
0.00000000e+00
0.00000000e+00
4.62277879e+00
3.40769241e+00
2.96509378e+00
2.68993439e+00
2.17806851e+00
0.00000000e+00
1.04568432e+01
1.08628197e+01
1.11787027e+01
1.14788625e+01
1.13956105e+01
1.12247879e+01
0.00000000e+00
-4.74970919e-01
-9.43056203e-01
-2.75091974e-01
1.22671484e+00
-1.25085779e+00
0.00000000e+00
-3.87842166e-02
1.06816183e-01
-9.78188877e-01
0.00000000e+00
0.00000000e+00
1.38885680e+00
0.00000000e+00
0.00000000e+00
0.00000000e+00
-3.39092563e+00
9.39687703e-01
-6.56909477e+00
0.00000000e+00
-1.41629823e+00
-2.20710553e+00
-2.98111488e+00
-2.54606894e+00
-3.62340376e+00
0.00000000e+00
0.00000000e+00
0.00000000e+00
2.19253907e+00
-1.53626358e-01
2.99905372e+00
2.54121486e+00
3.48969823e+00
3.21802849e+00
2.81271215e+00
2.68280348e+00
0.00000000e+00
0.00000000e+00
8.38886539e-01
1.51200003e+00
3.18576906e-01
0.00000000e+00
2.52268535e+00
3.54175914e+00
2.87332573e+00
0.00000000e+00
0.00000000e+00
1.19531214e+00
-2.07593811e+00
-1.23064146e+00
-9.73515238e-01
-2.57126226e-01
0.00000000e+00
4.40253527e-01
0.00000000e+00
0.00000000e+00
0.00000000e+00
1.05361387e-01
0.00000000e+00
-2.52045167e-01
2.51377786e-01
0.00000000e+00
0.00000000e+00
0.00000000e+00
2.00459266e-01
0.00000000e+00
0.00000000e+00
2.35715826e-01
0.00000000e+00
0.00000000e+00
0.00000000e+00
1.18685575e-02
-1.17985922e-01
-9.64875672e-02
0.00000000e+00
0.00000000e+00
1.01989360e-01
-8.45296645e-01
-6.73939656e-01
-1.71356989e-01
0.00000000e+00
-1.54746565e+00
0.00000000e+00
0.00000000e+00
0.00000000e+00
0.00000000e+00
-1.36180889e+00
-1.36180889e+00
0.00000000e+00
0.00000000e+00
-5.52718382e+00
0.00000000e+00
0.00000000e+00
0.00000000e+00
-9.09288562e-01
0.00000000e+00
2.06866663e-01
8.12142658e-01
1.20337222e+00
1.63653547e+00
1.33128520e+00
4.97322326e-01
2.82936738e-01
0.00000000e+00
-3.75291494e-01
-1.04051389e-01
4.25679402e-01
1.31834790e+00
-2.95734673e-01
7.49944463e-01
4.79134464e-01
1.17147991e+00
7.76670248e-01
1.14312261e+00
-2.71689964e+00
-2.03459977e+00
0.00000000e+00
2.54340353e+00
2.11657789e+00
-5.46710781e-01
0.00000000e+00
0.00000000e+00
0.00000000e+00
6.47046948e-01
0.00000000e+00
0.00000000e+00
1.78055286e-01
0.00000000e+00
1.49881845e+00
1.13870988e+00
3.02596499e-01
1.69111487e+00
0.00000000e+00
6.42916314e-01
0.00000000e+00
0.00000000e+00
1.06155830e+00
2.88829780e-01
5.80379955e-01
0.00000000e+00
0.00000000e+00
1.24921160e+00
8.05033717e-01
-6.82299872e-01
0.00000000e+00
4.27877995e-01
4.39406312e-01
-2.81028418e+00
-9.46515109e-01
0.00000000e+00
0.00000000e+00
0.00000000e+00
-1.86376907e+00
0.00000000e+00
0.00000000e+00
6.52523023e-01
1 -999999999 6 0 4
1 0 2 1 1
-1.2281e-01 -8.9996e-01
356
-3.23180159e-01
0.00000000e+00
0.00000000e+00
0.00000000e+00
0.00000000e+00
0.00000000e+00
0.00000000e+00
0.00000000e+00
0.00000000e+00
0.00000000e+00
0.00000000e+00
0.00000000e+00
0.00000000e+00
0.00000000e+00
0.00000000e+00
0.00000000e+00
-2.12366343e-01
0.00000000e+00
1.55960581e-01
5.22620639e-02
3.11347990e-01
7.10837014e-01
0.00000000e+00
0.00000000e+00
1.15095550e-01
1.10213481e-02
0.00000000e+00
0.00000000e+00
6.79263458e-02
3.84577930e-02
4.95764427e-02
1.07353846e+00
-1.39671862e+00
-3.87249051e+00
-8.37753652e-01
7.38194997e-01
-1.64333963e-01
2.41145026e+00
1.36395673e+00
2.53457871e+00
1.93745022e+00
3.26347882e-03
-3.26443638e-01
-3.12030398e-01
-1.02260727e+00
3.26849769e-01
-1.03445277e-02
4.20642787e-01
-8.00447155e-02
-1.05348910e-01
-3.31183094e-01
1.92584236e-01
-4.00580405e-01
-3.04184391e-01
0.00000000e+00
0.00000000e+00
0.00000000e+00
0.00000000e+00
3.68045449e-02
-2.20334707e+00
-1.54646320e+00
1.53487410e+00
-4.22070223e-02
1.70014471e-01
4.35239566e-01
3.23441429e-01
7.93445949e-01
-7.69167873e-02
4.48960908e-01
-1.74718672e-02
7.76721647e-01
-7.49930436e-01
-4.37439815e-04
1.13263765e+00
6.34094955e-02
-9.12667964e-01
9.50584876e-01
0.00000000e+00
0.00000000e+00
0.00000000e+00
6.22786107e-01
2.08017177e-01
-7.85247803e-01
-5.40937611e-02
-3.14157551e-01
0.00000000e+00
0.00000000e+00
0.00000000e+00
0.00000000e+00
0.00000000e+00
-1.29258606e+00
-2.44531315e-01
-3.18514366e-01
2.89396231e-01
-8.01429140e-01
-1.43202821e-02
6.43817605e-01
4.71822718e-01
-8.48688896e-01
-4.45656658e-02
-4.70924934e-01
3.09842267e-01
0.00000000e+00
0.00000000e+00
5.98808139e+00
2.48800870e+00
-9.18898372e-01
7.35883340e-01
3.45157727e-01
-3.46742589e-01
6.68014233e-01
6.62291794e-02
-1.00961647e+00
2.83197725e-01
-5.69127012e-01
9.24485189e-01
-4.89649363e-01
0.00000000e+00
0.00000000e+00
0.00000000e+00
0.00000000e+00
0.00000000e+00
0.00000000e+00
0.00000000e+00
-7.57280631e-01
-8.15006648e-01
-3.09150757e-01
4.93210357e-01
-1.59161203e-01
-1.26379998e+00
9.02848900e+00
9.18776847e+00
8.84818399e+00
9.14576106e+00
8.93124479e+00
8.17960212e+00
-3.50793729e-01
-8.80780105e-01
-5.66463999e-02
-2.12195750e-01
3.42484997e-01
-1.02241384e+00
0.00000000e+00
-7.33069749e-01
-5.70801496e-01
-2.00201204e+00
-4.39890501e-01
-1.80609329e+00
5.49643519e-01
0.00000000e+00
0.00000000e+00
0.00000000e+00
0.00000000e+00
0.00000000e+00
0.00000000e+00
0.00000000e+00
-8.72823678e-01
-2.01766865e+00
-4.35732124e+00
0.00000000e+00
-9.24010326e-01
-1.23878428e+00
-1.02992999e+00
-1.57240459e+00
-1.95394031e+00
0.00000000e+00
0.00000000e+00
0.00000000e+00
-3.66752195e-01
1.54495285e+00
-4.54353099e-01
6.12977464e-01
2.96235875e+00
-2.91893878e-01
-1.25541309e+00
-8.36475533e-01
3.40118628e-01
0.00000000e+00
-8.17103455e-02
1.10428050e+00
4.65571003e-01
7.80221446e-01
-7.16586481e-01
-1.06714102e+00
-1.40814698e+00
-3.24722780e+00
1.23645716e+00
-1.27517770e+00
-9.15774201e-02
0.00000000e+00
0.00000000e+00
0.00000000e+00
5.36604724e-01
0.00000000e+00
-1.98735884e-01
-1.75046752e-01
0.00000000e+00
6.91507879e-03
4.55118485e-01
3.40210909e-01
0.00000000e+00
0.00000000e+00
2.90844102e-01
0.00000000e+00
0.00000000e+00
2.66663696e-01
2.94302439e-01
3.89670760e-01
5.23591672e-01
0.00000000e+00
0.00000000e+00
5.58452571e-01
-1.02874773e+00
-4.33250112e-01
-5.99369868e-01
1.66119757e-01
0.00000000e+00
6.52333924e-01
-6.63974608e-01
-4.21609428e-01
-1.90570402e-01
0.00000000e+00
0.00000000e+00
0.00000000e+00
-3.16745791e-01
0.00000000e+00
6.21472024e-01
4.90751225e-01
0.00000000e+00
3.99287947e-01
-8.36561682e-01
-2.71263007e-01
0.00000000e+00
0.00000000e+00
-3.84111138e-01
0.00000000e+00
0.00000000e+00
3.27607158e-01
-1.24600388e-01
-6.37414102e-01
-3.78990056e-01
0.00000000e+00
0.00000000e+00
3.03497300e-01
-5.95497623e-01
1.46964993e-01
-7.42462616e-01
0.00000000e+00
-9.25192579e-01
0.00000000e+00
0.00000000e+00
0.00000000e+00
0.00000000e+00
0.00000000e+00
0.00000000e+00
0.00000000e+00
-4.34432364e-01
-4.34432364e-01
0.00000000e+00
0.00000000e+00
-2.81118886e+00
0.00000000e+00
0.00000000e+00
0.00000000e+00
-3.99346512e-01
-3.17274803e+00
1.25909718e-01
2.76620966e-01
3.30735786e+00
6.10349679e-01
9.31494758e-01
2.56533924e-01
-2.82842954e+00
0.00000000e+00
1.05702931e-01
-2.00124803e+00
-1.00401691e+00
4.03329291e-01
-2.60302092e-01
4.71542626e-01
-6.63774137e-01
3.90420114e-01
1.37563309e-01
5.01851217e-01
-2.65463874e-01
0.00000000e+00
0.00000000e+00
0.00000000e+00
1.68150235e-02
1.29071847e+00
-6.06470798e-01
-2.52803642e-02
-1.11801764e-01
7.61061531e-02
-2.76909837e-01
-3.62272315e-01
8.33239459e-01
0.00000000e+00
-3.56141669e-01
9.12327930e-02
-3.54254274e-01
-5.93603630e-02
-5.38748202e-01
-1.13667500e-01
-6.46928850e-02
5.43531670e-02
-3.23249706e-02
2.73995998e-01
-1.16972075e+00
-6.10772232e-01
0.00000000e+00
1.32256435e+00
2.47493658e-01
8.19883244e-01
-6.09350961e-01
-8.21304515e-01
1.64838243e-02
0.00000000e+00
0.00000000e+00
0.00000000e+00
-1.87330289e-01
-1.89998608e+00
4.95087216e-01
7.21802005e-02
-1.13376227e-01
1.54773643e-02
4.38592110e-01
6.56792964e-01
-1.13942530e-01
0.00000000e+00
6.28539722e-01
2.08067549e-01
8.49773869e-01
-3.15007924e-01
4.45546520e-01
-3.57182472e-01
4.48300742e-01
-2.65464346e-01
-4.36988231e-02
-9.45885741e-01
-5.58948520e-01
0.00000000e+00
1.65840077e-01
1.28137545e-01
-1.64146811e+00
-6.28012045e-01
0.00000000e+00
0.00000000e+00
2.94886350e-01
1.01735308e-01
-1.89491850e+00
1.16517115e+00
-1.01345607e+00
0.00000000e+00
0.00000000e+00
-2.68590949e-01
247
-8.99432048e-01
0.00000000e+00
0.00000000e+00
0.00000000e+00
0.00000000e+00
0.00000000e+00
0.00000000e+00
0.00000000e+00
0.00000000e+00
3.06521174e+00
0.00000000e+00
0.00000000e+00
0.00000000e+00
0.00000000e+00
-3.97502348e-01
0.00000000e+00
1.39111104e-02
-4.11413458e-01
0.00000000e+00
2.01583657e+00
0.00000000e+00
0.00000000e+00
0.00000000e+00
2.08589637e-01
8.82154358e-01
0.00000000e+00
0.00000000e+00
-4.79455110e-01
-4.19976937e-01
1.67289850e+00
-2.15235361e+00
2.86471405e-01
1.34144655e+00
-3.21898110e-01
-2.01743484e+00
1.11800279e+00
-3.26338507e+00
1.24595023e+00
0.00000000e+00
1.40119598e+00
6.00924388e-01
-1.11660150e+00
1.84971854e-02
-3.83359817e-01
9.28650551e-03
7.46746271e-01
-2.38526898e-01
0.00000000e+00
0.00000000e+00
-1.11717056e+00
-2.32805971e-02
-6.06329348e-01
7.32680627e-02
7.74080392e-01
0.00000000e+00
0.00000000e+00
0.00000000e+00
0.00000000e+00
0.00000000e+00
8.32138250e+00
3.57189146e+00
2.62353289e-01
3.20551801e-01
7.12791415e-01
2.52950478e-01
9.24264530e-01
-8.93642650e-01
7.84290775e-01
9.25595969e-01
-1.77353236e-03
-8.68600568e-02
-6.17763564e-01
0.00000000e+00
0.00000000e+00
0.00000000e+00
0.00000000e+00
0.00000000e+00
0.00000000e+00
0.00000000e+00
1.39908641e+00
-1.06293972e+00
3.51993639e-01
-1.23183769e+00
-1.15102483e+00
-2.77660133e+00
1.24842526e+01
1.22475916e+01
1.22424917e+01
1.20422260e+01
1.27708020e+01
1.20111102e+01
0.00000000e+00
-4.01284944e-01
-1.35161406e+00
-1.26767271e+00
7.36924679e-01
-5.40681944e-01
0.00000000e+00
-1.09122763e+00
-2.15826531e+00
-1.17295582e+00
-7.48158520e-01
-1.90636250e+00
1.57926886e+00
0.00000000e+00
0.00000000e+00
0.00000000e+00
-2.47870091e+00
-1.46557547e+00
-5.00644345e+00
0.00000000e+00
-2.24239405e+00
-1.97197705e+00
-3.11475428e+00
-1.35656923e+00
-4.21437110e+00
0.00000000e+00
0.00000000e+00
0.00000000e+00
1.18351629e+00
0.00000000e+00
2.24879255e+00
3.58578029e+00
3.61147556e+00
2.98431239e+00
-1.47091334e+00
1.83215856e+00
-3.55110912e+00
0.00000000e+00
1.56342875e+00
3.55452065e+00
-2.63673090e-01
7.83396737e-01
1.84217528e+00
2.40256398e+00
3.16071054e+00
0.00000000e+00
2.09280130e-01
1.63073821e+00
-8.06461102e-01
-6.13264399e-02
-3.63286695e-01
3.01960255e-01
0.00000000e+00
-2.40908312e-01
0.00000000e+00
0.00000000e+00
0.00000000e+00
9.24144276e-01
0.00000000e+00
5.32320173e-01
2.40292808e-01
0.00000000e+00
1.63834904e-01
1.71214534e+00
1.05067244e+00
0.00000000e+00
0.00000000e+00
6.78618796e-01
0.00000000e+00
1.42736731e+00
1.26816226e+00
8.94351409e-01
6.88426899e-01
4.43889176e-01
0.00000000e+00
0.00000000e+00
7.25856425e-01
-7.45134662e-01
-3.88654142e-01
-3.56480520e-01
0.00000000e+00
-3.40791000e+00
0.00000000e+00
0.00000000e+00
0.00000000e+00
0.00000000e+00
-1.22684239e+00
-1.22684239e+00
0.00000000e+00
0.00000000e+00
-4.47132351e+00
0.00000000e+00
0.00000000e+00
0.00000000e+00
-6.54832330e-01
0.00000000e+00
-1.14860618e+00
1.81411781e+00
1.48486316e-01
-9.09477531e-01
1.82089543e+00
1.28576865e+00
5.18501856e-01
0.00000000e+00
-1.44470366e+00
8.81929342e-01
1.25095001e+00
4.32155438e-01
5.62475549e-01
1.58306476e+00
-9.81205446e-01
1.74099031e+00
1.66212338e+00
1.17231385e+00
-2.51479984e+00
-1.97743558e+00
0.00000000e+00
2.38420897e+00
1.79785327e+00
-9.83571367e-02
0.00000000e+00
0.00000000e+00
0.00000000e+00
3.51151681e-01
0.00000000e+00
3.66577737e-01
5.62580783e-01
1.48295885e+00
1.32659174e+00
7.23867003e-01
7.04754940e-01
1.22201634e+00
0.00000000e+00
1.00494918e+00
9.72390968e-01
5.17496936e-01
6.45837859e-01
5.28628252e-01
3.80144637e-01
1.01658648e+00
7.02727016e-01
1.21801137e+00
1.19332111e+00
-5.37364252e-01
0.00000000e+00
-1.69962839e+00
2.73257367e-01
-1.95652367e+00
-1.13731870e+00
0.00000000e+00
0.00000000e+00
1.60138966e+00
-8.19204977e-01
0.00000000e+00
0.00000000e+00
-7.87610290e-01
2 1
-1.7106e-01 -5.7929e-01
3 0
0 4 1 
217
2.87681473e-02
-1.05834850e+00
9.92417744e-01
-8.53586124e-01
-1.05057157e-01
-8.63254952e-01
-1.15417726e+00
1.27185121e+00
-5.92479504e-02
1.14015089e+00
1.27822687e+00
-1.15136669e+00
6.90236374e-02
-1.07112566e+00
1.36961442e-01
-2.69351381e-02
7.72066007e-01
-6.22366211e-02
-1.56455374e-02
6.45893626e-01
-4.86920559e-01
-5.35923029e-03
5.96644119e-01
4.40963886e-01
-1.02471120e-02
1.49753065e-01
2.14997180e+00
-2.53262657e-02
-8.30044248e-01
-1.08023496e+00
-1.85564130e-01
0.00000000e+00
0.00000000e+00
0.00000000e+00
0.00000000e+00
0.00000000e+00
2.28764964e-01
-3.85081409e-01
-3.13665014e-01
4.98749606e-01
0.00000000e+00
0.00000000e+00
0.00000000e+00
0.00000000e+00
2.28764964e-01
3.11376332e-01
-1.40504989e+00
4.81324072e-01
7.08592153e-01
-2.79118174e-01
-5.15870912e-01
4.98749606e-01
0.00000000e+00
0.00000000e+00
0.00000000e+00
0.00000000e+00
0.00000000e+00
0.00000000e+00
0.00000000e+00
0.00000000e+00
7.00955504e-01
-1.21232865e+00
3.11376332e-01
-1.10520031e+00
1.21636616e-01
9.37437838e-02
7.94026918e-01
1.37909960e+00
2.18304918e-01
8.31567400e-01
1.13224113e+00
-1.62625852e-01
-8.49208864e-02
-2.24967195e-01
3.41117911e-02
-7.15879934e-01
2.34961566e-01
-2.18684751e-01
-1.64899775e-01
-1.27435863e+00
2.29126215e-01
-9.46792050e-02
1.83226458e-01
3.43615536e-01
0.00000000e+00
0.00000000e+00
0.00000000e+00
0.00000000e+00
0.00000000e+00
0.00000000e+00
0.00000000e+00
0.00000000e+00
0.00000000e+00
0.00000000e+00
0.00000000e+00
0.00000000e+00
0.00000000e+00
0.00000000e+00
0.00000000e+00
0.00000000e+00
0.00000000e+00
0.00000000e+00
0.00000000e+00
0.00000000e+00
0.00000000e+00
0.00000000e+00
0.00000000e+00
0.00000000e+00
0.00000000e+00
0.00000000e+00
0.00000000e+00
0.00000000e+00
0.00000000e+00
0.00000000e+00
0.00000000e+00
0.00000000e+00
0.00000000e+00
0.00000000e+00
0.00000000e+00
-1.49151870e+00
-2.59464870e+00
-2.32695020e+00
0.00000000e+00
0.00000000e+00
0.00000000e+00
3.77536144e-01
-1.95889912e+00
-8.86172970e-02
1.04693474e+00
-4.61163553e-01
6.57913696e-01
-6.51703310e-01
2.26040029e-01
2.53287338e-01
0.00000000e+00
8.00857311e-01
-2.71949359e-02
2.76745138e-01
-1.34174632e-01
-6.29557520e-01
1.07399948e+00
-6.49918550e-01
-1.70122104e+00
-1.19799134e+00
4.60177235e-01
2.28854904e-02
0.00000000e+00
0.00000000e+00
0.00000000e+00
-1.14479062e-01
3.38300864e-01
-1.67366030e-01
4.91391003e-02
4.44831857e-01
-2.64337235e-01
-1.88490231e-01
1.89943977e-01
2.74326507e-01
0.00000000e+00
-2.43146140e-01
-3.20122441e-02
-3.87059509e-01
5.79521116e-01
3.41353128e-01
-3.61703924e-01
1.91721616e-01
-1.39302058e+00
7.29172913e-01
3.61893655e-02
-3.49051569e+00
0.00000000e+00
0.00000000e+00
0.00000000e+00
5.48130358e-01
-5.22060392e-01
-1.39495963e+00
8.19156000e-01
-6.76053992e-02
-2.81200271e+00
-1.29298037e+00
1.57966706e-01
-2.75140893e+00
0.00000000e+00
-8.70064619e-02
-5.72270421e-01
-6.87949410e-01
1.58813900e+00
-1.85731563e-01
-1.52794007e+00
1.14559923e+00
3.64924738e-01
2.24946827e+00
1.53801538e+00
1.03588006e-01
0.00000000e+00
0.00000000e+00
0.00000000e+00
-2.76159230e-01
-1.33979807e-01
2.63425101e-01
-2.81414379e-01
1.79890150e-01
1.19250491e+00
8.41303283e-01
-9.14817341e-02
9.45227193e-01
0.00000000e+00
1.25536531e-01
-4.15343405e-01
-4.80721531e-01
-6.09786327e-01
3.48233888e-01
6.87280811e-01
-4.63961594e-01
-3.64525175e-01
-1.05958742e+00
-3.02853260e-01
136
6.96873334e-01
1.51465406e+00
-3.64837639e-02
5.88673279e-02
-6.70623864e-03
-7.08988037e-01
7.15118688e-03
-1.67660014e-01
-2.94429576e-04
9.18255438e-01
3.03233096e-01
-4.71861086e-01
-9.06240085e-02
9.52438959e-02
0.00000000e+00
0.00000000e+00
0.00000000e+00
0.00000000e+00
0.00000000e+00
3.14239282e-01
2.02660129e-02
9.30205201e-02
2.69347519e-01
0.00000000e+00
0.00000000e+00
0.00000000e+00
0.00000000e+00
3.14239282e-01
8.61355012e-01
-6.32699939e-01
5.21858396e-01
-2.08389061e-01
9.15027520e-01
-1.34386540e+00
2.69347519e-01
0.00000000e+00
0.00000000e+00
0.00000000e+00
0.00000000e+00
0.00000000e+00
0.00000000e+00
0.00000000e+00
0.00000000e+00
0.00000000e+00
0.00000000e+00
0.00000000e+00
-2.08747401e+00
2.16758900e-01
1.17979600e+00
-3.71666971e-01
-1.50158813e+00
1.45913301e+00
4.23099739e-01
5.16283332e-01
3.34965424e-01
-1.48170619e+00
5.33930301e-01
5.30822450e-01
3.91238194e-01
3.20123177e-01
2.44685338e-02
-2.18495439e+00
8.61355012e-01
0.00000000e+00
0.00000000e+00
0.00000000e+00
0.00000000e+00
0.00000000e+00
0.00000000e+00
0.00000000e+00
0.00000000e+00
0.00000000e+00
0.00000000e+00
0.00000000e+00
0.00000000e+00
0.00000000e+00
0.00000000e+00
0.00000000e+00
0.00000000e+00
0.00000000e+00
0.00000000e+00
0.00000000e+00
0.00000000e+00
0.00000000e+00
0.00000000e+00
0.00000000e+00
8.46317993e-02
-1.34348403e+00
-2.64476076e+00
0.00000000e+00
0.00000000e+00
0.00000000e+00
4.19519165e-01
-2.70173235e+00
6.84838322e-01
1.49629137e+00
9.57158688e-01
1.25868125e+00
1.91791690e-01
1.20215138e+00
-7.80663038e-01
0.00000000e+00
2.23832692e-01
-1.60828758e+00
-8.28029453e-01
-1.93097089e-01
-3.33636929e-01
8.89353191e-01
1.00351829e-01
-3.27014876e+00
3.08168052e-02
-3.83951936e-01
-2.57865781e+00
0.00000000e+00
0.00000000e+00
0.00000000e+00
2.36012995e-01
-1.59198312e+00
-6.15615993e-01
1.06599799e-02
-4.80844909e-01
2.27131100e-02
-4.86985637e-01
2.47916038e-01
-5.43303459e-01
0.00000000e+00
4.34907897e-01
-7.06483758e-02
-1.02493186e+00
4.37788664e-01
-6.66145833e-01
4.40141926e-01
1.21842210e-02
-1.35345308e-01
4.68665030e-01
7.26156824e-01
5 1
-4.1165e-01 -3.4808e-01
4 0
0 4 1 2 
217
5.75264147e-01
-9.80640688e-01
3.59356708e-01
9.97731634e-02
-1.60608535e-01
-3.09598132e-01
-3.83006110e-01
6.51450715e-01
5.79049047e-01
-1.08047469e-01
4.23569745e-01
3.58716602e-01
1.16260001e-01
-7.22225372e-01
4.39324028e-01
-2.25758562e-02
6.09259698e-01
4.56368843e-01
-2.11088092e-02
5.61204856e-01
2.71784654e-01
-6.44732603e-03
4.43257533e-01
-5.92213377e-01
-7.26960753e-03
7.67415482e-01
2.17364703e+00
6.66913291e-01
-7.35179459e-01
-1.00656724e+00
-5.23549475e-01
0.00000000e+00
0.00000000e+00
0.00000000e+00
0.00000000e+00
0.00000000e+00
1.37960737e-01
2.68897060e-02
-3.05483288e-01
1.12778268e-01
6.03118724e-01
0.00000000e+00
0.00000000e+00
0.00000000e+00
1.37960737e-01
-5.49311346e-01
4.62936252e-02
8.97078437e-01
7.73004633e-01
-1.20313839e-01
0.00000000e+00
3.85185941e-01
0.00000000e+00
8.22325011e-01
-1.34065215e+00
3.94529041e-01
6.93071861e-01
-5.44874687e-01
-1.22062027e-01
6.03118724e-01
8.45081303e-01
-4.37694352e-01
2.99164593e-02
-8.24034284e-01
-4.88438852e-01
6.71220113e-01
1.17344623e+00
1.53238238e+00
7.14291052e-01
5.45170720e-01
1.07191103e+00
-1.03145866e-01
-2.01975683e-01
-1.23703037e-01
-5.50034586e-02
-2.69797980e-01
7.62874996e-01
7.63058131e-02
8.88203379e-02
-1.45210776e+00
4.37686408e-01
-1.32133617e-01
-2.75484114e-02
3.53308867e-01
0.00000000e+00
3.12905578e-01
1.04633287e+00
3.48098037e-01
-5.10525124e-01
-8.57394680e-02
9.43844699e-02
0.00000000e+00
0.00000000e+00
0.00000000e+00
0.00000000e+00
0.00000000e+00
0.00000000e+00
0.00000000e+00
0.00000000e+00
0.00000000e+00
0.00000000e+00
0.00000000e+00
0.00000000e+00
0.00000000e+00
0.00000000e+00
0.00000000e+00
0.00000000e+00
0.00000000e+00
0.00000000e+00
0.00000000e+00
0.00000000e+00
0.00000000e+00
0.00000000e+00
0.00000000e+00
0.00000000e+00
0.00000000e+00
0.00000000e+00
0.00000000e+00
0.00000000e+00
-2.57554638e+00
-3.07796359e+00
-2.56272060e+00
0.00000000e+00
0.00000000e+00
0.00000000e+00
-1.39915376e-01
-1.94686687e+00
-2.00478001e-02
1.65023479e+00
-3.13996207e-02
3.35378495e-01
-1.66873920e+00
1.25024143e+00
1.04571772e+00
0.00000000e+00
9.17245573e-02
5.14392321e-01
-8.52859339e-01
3.59932099e-01
4.00886976e-01
2.05726700e-01
-1.95104022e+00
-1.57747952e+00
-5.82337826e-01
3.53730095e-01
2.89205804e-02
0.00000000e+00
0.00000000e+00
0.00000000e+00
2.42823483e-01
-5.71961835e-02
-2.39779202e-01
-3.26128719e-01
2.75089003e-01
-2.48303595e-01
2.25691153e-01
-3.47577349e-01
3.80493255e-02
0.00000000e+00
9.02308410e-02
-1.61559039e-01
-1.27552614e-01
1.82602879e-01
-1.33123274e-02
-9.97248607e-02
7.02690740e-01
-6.99578616e-01
5.27415133e-01
6.50405283e-02
-3.30072430e+00
0.00000000e+00
0.00000000e+00
0.00000000e+00
4.84787278e-01
-7.09168577e-01
-1.45847597e+00
1.91703989e+00
-1.65002191e-01
-2.14382002e+00
3.63106146e-01
-2.07669886e-01
-4.68288857e-01
0.00000000e+00
-5.93402002e-01
-2.01861641e+00
-4.06722677e-01
8.53767808e-01
-2.78894855e-01
1.46900508e+00
3.71746840e-01
-1.86164453e+00
1.33951929e+00
2.12009349e-01
-3.04469159e-02
0.00000000e+00
0.00000000e+00
0.00000000e+00
-3.01187829e-01
-1.47762564e-01
6.31995557e-01
-1.04361283e+00
-6.44540318e-02
1.18561238e+00
1.18894484e-01
2.60123869e-01
-2.76493936e-01
0.00000000e+00
4.84100285e-02
7.07743499e-01
-4.70826208e-01
-5.38096759e-01
3.04844238e-01
-4.77292516e-01
-1.20662849e-01
1.07870238e+00
-7.29388369e-01
-1.96995470e-01
136
7.36060409e-01
1.88116516e+00
-4.81033962e-02
1.26176197e-01
-7.50147113e-03
-6.59798326e-01
3.40778580e-03
-6.11482622e-01
-1.99619281e-03
1.38112370e+00
3.86844844e-02
-3.95668634e-01
-1.57656763e-01
-9.22297615e-02
0.00000000e+00
0.00000000e+00
0.00000000e+00
0.00000000e+00
0.00000000e+00
0.00000000e+00
-7.48481954e-02
-8.97185584e-02
3.84723505e-01
5.15903658e-01
0.00000000e+00
0.00000000e+00
0.00000000e+00
0.00000000e+00
-7.46145558e-01
2.53212593e-01
7.59056704e-01
-2.19514699e-01
6.67486536e-01
-7.62014540e-01
3.81468726e-01
6.37599469e-01
2.74992889e-03
-8.01471283e-01
4.62690353e-01
4.44740957e-02
6.05462422e-01
-1.06489800e+00
5.15903658e-01
0.00000000e+00
0.00000000e+00
0.00000000e+00
-2.10139775e+00
1.88785389e-01
1.26473758e+00
-2.58968843e-01
-5.95797436e-01
9.94788159e-01
-2.67596333e-03
3.28288260e-01
7.89821890e-02
-1.09883345e+00
2.49029542e-01
3.18662664e-01
2.80657493e-01
2.42912787e-01
-5.48873464e-01
-1.81322319e+00
1.31266015e+00
3.38576985e-01
2.05438235e-01
-3.72070878e-01
0.00000000e+00
0.00000000e+00
0.00000000e+00
0.00000000e+00
0.00000000e+00
0.00000000e+00
0.00000000e+00
0.00000000e+00
0.00000000e+00
0.00000000e+00
0.00000000e+00
0.00000000e+00
0.00000000e+00
0.00000000e+00
0.00000000e+00
0.00000000e+00
0.00000000e+00
0.00000000e+00
0.00000000e+00
0.00000000e+00
-4.75763970e-01
-1.90386683e+00
-2.80443002e+00
0.00000000e+00
0.00000000e+00
0.00000000e+00
3.79330644e-01
-3.06779332e+00
9.34295434e-01
1.74841947e+00
7.37330796e-01
1.24070130e+00
1.09677118e-01
1.47495256e+00
-6.98583028e-01
0.00000000e+00
2.14799551e-01
-1.50750268e+00
-8.07919176e-01
-3.41048673e-01
-3.83501538e-01
1.10006838e+00
3.26391598e-01
-4.00017124e+00
-7.46490333e-02
-1.89228186e-01
-2.92006258e+00
0.00000000e+00
0.00000000e+00
0.00000000e+00
1.86337860e-01
-1.29420506e+00
-1.19405455e+00
1.01966144e-01
-4.68088239e-01
-1.08819987e+00
-5.41890691e-03
3.89623962e-01
2.49170358e-01
0.00000000e+00
5.34205107e-01
-2.05046986e-01
-1.03637277e+00
3.21622402e-01
-3.08431352e-01
4.73900714e-01
-4.12339993e-02
-1.00746987e+00
6.04430192e-01
8.67202292e-01
8 1
-7.2343e-01 -1.6458e-01
5 4
0 4 1 2 5 
217
-1.58590040e+00
1.35496468e-01
6.48342150e-02
0.00000000e+00
-5.99666892e-02
3.77102529e-01
-5.19424211e-01
-2.17132507e-01
-4.38304238e-01
5.59277547e-01
-6.83719248e-02
2.74589055e-01
-4.99833341e-01
-1.93156733e-01
1.04056045e+00
-1.63189425e-02
1.08756935e+00
-4.84635420e-01
2.21540808e-02
1.09749600e+00
0.00000000e+00
0.00000000e+00
0.00000000e+00
0.00000000e+00
0.00000000e+00
0.00000000e+00
0.00000000e+00
3.82846340e-01
-1.56579221e+00
-3.71833900e-01
-3.11206343e-02
0.00000000e+00
0.00000000e+00
0.00000000e+00
0.00000000e+00
0.00000000e+00
0.00000000e+00
-7.93686528e-01
-9.91459021e-01
-2.54517095e-01
-1.60485887e-01
6.14248127e-01
0.00000000e+00
0.00000000e+00
0.00000000e+00
-7.09420883e-01
0.00000000e+00
1.42324936e+00
0.00000000e+00
4.29619713e-01
0.00000000e+00
1.34237120e+00
0.00000000e+00
-9.33182704e-01
0.00000000e+00
5.36339035e-01
0.00000000e+00
-1.63548940e-01
0.00000000e+00
1.49010142e+00
-1.84096716e-01
2.41697698e-01
-1.64350139e+00
0.00000000e+00
-2.39458830e+00
-1.21690960e+00
1.65016967e+00
1.30858429e+00
1.76535853e+00
3.97854482e+00
0.00000000e+00
5.67230017e-01
-1.06141367e+00
-8.83113945e-01
-1.48113267e-01
-1.27001648e+00
-1.36177518e+00
0.00000000e+00
-2.13512643e-01
0.00000000e+00
-5.34399504e-01
3.97125351e-01
-8.37988257e-01
-8.69116064e-02
0.00000000e+00
-4.57710280e-01
0.00000000e+00
-2.81829883e-01
-3.11257617e-01
1.42226438e-01
7.89620729e-02
0.00000000e+00
2.63951615e-01
5.42252496e-01
-1.29847473e-01
3.97110712e-01
-7.31417867e-01
1.51295916e-01
0.00000000e+00
0.00000000e+00
0.00000000e+00
0.00000000e+00
0.00000000e+00
0.00000000e+00
0.00000000e+00
0.00000000e+00
0.00000000e+00
0.00000000e+00
0.00000000e+00
0.00000000e+00
0.00000000e+00
0.00000000e+00
0.00000000e+00
0.00000000e+00
0.00000000e+00
0.00000000e+00
0.00000000e+00
0.00000000e+00
0.00000000e+00
-8.04837603e-01
-2.25920261e+00
-1.21661254e+00
0.00000000e+00
0.00000000e+00
0.00000000e+00
2.79611582e+00
0.00000000e+00
-1.42050763e+00
1.90410785e+00
6.39470673e-01
1.19871236e+00
-1.57095831e+00
1.49282715e+00
1.58871485e+00
0.00000000e+00
-1.33695985e+00
1.58387301e+00
-2.27711100e+00
3.03613050e+00
2.62371142e+00
2.50301312e+00
5.52680765e-01
-1.71371778e+00
-2.01549799e-01
6.27624484e-01
-1.28370760e+00
0.00000000e+00
0.00000000e+00
0.00000000e+00
3.72409771e-01
0.00000000e+00
9.12156625e-01
1.24193939e+00
9.37213125e-01
1.27524599e+00
2.17192719e+00
1.05642576e+00
7.46373245e-01
0.00000000e+00
1.71578239e+00
4.27935737e-01
1.08180129e+00
7.71954871e-03
8.81891691e-01
4.19414355e-01
1.03677849e+00
8.70636209e-01
1.32280427e+00
9.59007038e-01
-3.92499325e+00
0.00000000e+00
0.00000000e+00
0.00000000e+00
-6.79734901e-01
-4.41570020e-02
-6.60810172e-01
1.19875043e+00
-1.09690523e+00
1.69031032e+00
-1.40972514e+00
2.68798990e-01
7.17241501e-01
0.00000000e+00
-2.52111315e-01
-3.67249289e-01
2.90035419e+00
2.25299936e+00
-5.08693555e-02
1.58685729e+00
-2.86463570e+00
-6.69898678e-01
2.07756161e+00
-1.09356441e-02
-6.32211837e-01
0.00000000e+00
0.00000000e+00
0.00000000e+00
1.22326473e+00
-1.13875202e-01
1.29895021e+00
8.60635819e-01
1.78974924e+00
8.74709001e-01
1.85700477e+00
1.32940650e+00
2.70994938e-02
0.00000000e+00
1.17583416e+00
1.38756688e+00
-1.89103417e-01
7.91583770e-01
1.03443440e+00
8.45180877e-01
2.33261867e+00
1.54069820e+00
3.56057701e-01
1.38994332e+00
136
-2.50463934e+00
3.82296292e+00
1.08252014e-02
4.54337261e+00
-6.52744343e-03
0.00000000e+00
0.00000000e+00
0.00000000e+00
0.00000000e+00
0.00000000e+00
-6.89251314e-01
-8.81798541e-01
-6.27327204e-01
8.79631799e-02
0.00000000e+00
0.00000000e+00
0.00000000e+00
0.00000000e+00
0.00000000e+00
0.00000000e+00
-3.33155131e-01
-6.04927926e-01
-9.15975131e-01
-4.66368247e-01
-1.84212906e-01
0.00000000e+00
0.00000000e+00
8.76200285e-01
-1.65470457e+00
2.73012710e-01
1.75172723e+00
-2.53503521e-01
2.09221216e-02
-1.12044754e+00
1.99079193e+00
1.57177007e+00
-1.91735205e+00
-1.16445891e+00
1.45984819e+00
-1.55751625e+00
-1.03925808e+00
-2.20932113e+00
4.67650170e-01
0.00000000e+00
0.00000000e+00
0.00000000e+00
-2.23204072e+00
-1.35222356e+00
9.31144857e-01
-6.16575488e-01
-3.66923016e-01
0.00000000e+00
2.66264760e+00
5.71391219e-01
2.15243879e-01
-2.51847766e+00
0.00000000e+00
1.76233069e+00
4.63071688e-01
4.71242505e-01
-6.71520693e-01
-8.59908493e-01
9.00817940e-02
1.52958613e-01
2.49949145e-01
-1.06688046e-01
8.14297268e-03
-9.96201106e-01
-1.83501709e-01
-2.33010374e-01
-1.12808692e-01
0.00000000e+00
0.00000000e+00
0.00000000e+00
0.00000000e+00
0.00000000e+00
0.00000000e+00
0.00000000e+00
0.00000000e+00
0.00000000e+00
0.00000000e+00
0.00000000e+00
0.00000000e+00
0.00000000e+00
0.00000000e+00
0.00000000e+00
-3.93568171e-01
-1.67497151e+00
-2.27169895e+00
0.00000000e+00
0.00000000e+00
0.00000000e+00
4.10077659e-01
-1.99814968e+00
1.29843040e-01
4.34990702e-01
1.17359320e+00
8.64179843e-01
-1.17908086e+00
1.37028853e+00
2.43143750e-01
0.00000000e+00
-4.54220002e-01
-2.35910968e-01
-1.58048256e+00
5.21969514e-01
6.76172476e-03
6.12399148e-01
2.29830743e-01
-2.61674076e+00
3.34284557e-01
-5.38476535e-01
-2.76129073e+00
0.00000000e+00
0.00000000e+00
0.00000000e+00
1.24031947e-01
-1.01943500e+00
-6.92385618e-01
3.18380822e-01
-2.26888768e-01
5.02519496e-01
7.22333380e-01
8.04029526e-02
-1.98714375e-01
0.00000000e+00
6.45546123e-02
-1.48561130e+00
-9.16446396e-01
3.92795798e-02
2.52131090e-01
4.59598830e-02
-5.25314472e-01
-5.39916971e-01
7.28709095e-02
6.20957507e-01
3 1
-9.3894e-01 -7.0174e-02
6 4
0 4 1 2 5 8 
217
-1.33198621e+00
-5.97566406e-01
4.22352174e-01
-2.06283026e+00
-9.66504628e-01
-9.52389080e-01
-1.13615745e+00
1.32906952e+00
1.64849264e-01
-3.53154338e-02
9.66336513e-01
-1.65976238e+00
-3.60509904e-01
-9.28860341e-01
-3.93950667e-01
5.69831255e-02
1.58148573e+00
1.06166404e+00
3.07528610e-03
1.48295124e+00
0.00000000e+00
0.00000000e+00
0.00000000e+00
0.00000000e+00
0.00000000e+00
0.00000000e+00
0.00000000e+00
-9.28980090e-01
-1.50901721e+00
1.49177986e-02
1.09109329e+00
0.00000000e+00
0.00000000e+00
0.00000000e+00
0.00000000e+00
0.00000000e+00
0.00000000e+00
-7.46239016e-01
-9.19475894e-01
-1.34841480e-01
-2.27575612e-01
1.74460282e-01
5.21685512e-01
0.00000000e+00
0.00000000e+00
-6.15708109e-01
-8.32182008e-01
3.88591958e-01
2.90007216e-01
6.09664681e-01
-9.88154672e-01
7.30462646e-02
0.00000000e+00
-6.30024214e-02
0.00000000e+00
9.60435751e-01
0.00000000e+00
1.40175152e+00
0.00000000e+00
1.05622169e+00
-4.18782060e-01
-8.70181158e-01
-4.30229895e-02
0.00000000e+00
-3.71212874e-01
-1.03902871e+00
2.31737022e+00
1.19280228e+00
1.49363112e+00
2.04049147e+00
1.40416812e+00
-1.46629770e+00
3.53481569e-01
-1.94894588e-02
3.16764612e-01
-1.25036717e+00
-9.12192762e-01
0.00000000e+00
-9.20130712e-01
-1.43120635e+00
-3.43500300e-01
-3.90869645e-01
-6.83551963e-02
3.93875343e-01
0.00000000e+00
2.11996075e-01
1.20036374e+00
2.35542570e-01
-5.58066861e-01
-4.60067816e-01
-6.12807699e-02
0.00000000e+00
2.89769200e-01
4.91037778e-01
-2.20463226e-01
5.06059357e-01
-7.22261522e-02
8.22293606e-01
-4.38754281e-03
1.82079138e-01
0.00000000e+00
-1.44599512e-01
-5.51545409e-01
-1.36507829e+00
-6.44499255e-01
0.00000000e+00
0.00000000e+00
0.00000000e+00
0.00000000e+00
0.00000000e+00
0.00000000e+00
0.00000000e+00
0.00000000e+00
0.00000000e+00
0.00000000e+00
0.00000000e+00
0.00000000e+00
0.00000000e+00
0.00000000e+00
-1.69314438e+00
-2.50516610e+00
-2.09418779e+00
0.00000000e+00
0.00000000e+00
0.00000000e+00
-3.81233169e-01
-1.56626438e-01
6.97752426e-02
1.78095048e+00
4.75383799e-01
6.46504816e-01
-6.55040462e-01
-1.43525078e+00
1.17418076e+00
0.00000000e+00
-1.42063050e+00
2.33820756e-01
-4.58926322e-01
2.54806141e+00
-1.99644504e-01
3.78155961e+00
-3.86806916e-02
-6.98975543e-01
4.00179468e-01
3.35318973e-01
-1.07567056e+00
0.00000000e+00
0.00000000e+00
0.00000000e+00
1.31762201e+00
-3.56394099e-01
6.89586986e-01
6.55174408e-01
5.13536446e-01
1.16618285e+00
2.04574558e+00
2.12297413e+00
3.80234973e-01
0.00000000e+00
1.34498840e+00
1.40926151e+00
5.00789070e-01
1.58599325e-01
1.62576932e+00
-8.15052209e-02
9.64825629e-01
7.56480527e-01
6.60818149e-01
6.89509654e-01
-2.47030432e+00
0.00000000e+00
0.00000000e+00
0.00000000e+00
-3.27863617e+00
-1.09688978e-02
4.86914913e-01
3.54303366e-01
5.09617057e-01
4.95630221e-03
9.36771485e-01
6.32744415e-01
-8.23553233e-01
0.00000000e+00
9.14951696e-01
2.15089767e+00
8.45634660e-01
3.19548089e-01
1.86682229e+00
-1.64064474e+00
-4.24812555e-01
9.88401614e-01
-8.03148399e-01
1.89959647e+00
-1.38288884e+00
0.00000000e+00
0.00000000e+00
0.00000000e+00
2.27751551e+00
-2.60601592e-02
7.68948624e-01
1.19476305e+00
3.52699199e-01
1.15512717e+00
1.01193852e+00
1.25819581e+00
9.92130909e-01
0.00000000e+00
9.07233110e-01
-3.55670337e-02
9.97784129e-01
1.19891806e+00
6.01109417e-01
2.14854443e+00
1.21180531e+00
8.41560481e-01
1.59443256e+00
7.64670622e-01
136
-8.17896113e-01
2.99892313e+00
8.39971327e-03
3.69039579e+00
-1.62195883e-04
0.00000000e+00
0.00000000e+00
0.00000000e+00
0.00000000e+00
0.00000000e+00
-2.05617446e-01
-5.84766959e-01
-3.54480751e-01
3.76294149e-01
0.00000000e+00
0.00000000e+00
0.00000000e+00
0.00000000e+00
0.00000000e+00
0.00000000e+00
2.03946444e-01
1.35169622e-01
-2.52866483e-01
-4.28458072e-02
-3.59187747e-01
-5.02112142e-01
0.00000000e+00
1.16507768e+00
-1.25671105e+00
-1.78574623e-01
4.42481111e-01
3.14907752e-01
5.75530703e-01
-8.62340591e-01
1.81793173e+00
1.28740282e+00
-1.80645298e+00
1.69675910e-01
-3.27381993e-01
-6.51581924e-01
-5.03690015e-01
-1.57851781e+00
5.74347170e-01
0.00000000e+00
0.00000000e+00
0.00000000e+00
-5.27845074e-01
1.93894289e-01
1.15221450e+00
-2.40408805e-01
-4.26506140e-01
-1.14082352e+00
2.65306499e-01
2.57700800e-01
-5.21019707e-02
-2.67659327e+00
0.00000000e+00
9.08515639e-02
1.00171469e-01
-7.82907622e-02
-2.28386033e-01
-6.04009439e-01
-2.87239451e-01
1.83609746e-02
2.54699881e-01
-1.57419588e-01
2.91601963e-01
-1.15952214e-01
-1.00543541e-01
6.37379071e-02
1.15589115e-02
-4.96312859e-02
-7.34383379e-02
-2.29313237e-01
7.86863491e-03
0.00000000e+00
0.00000000e+00
0.00000000e+00
0.00000000e+00
0.00000000e+00
0.00000000e+00
0.00000000e+00
0.00000000e+00
0.00000000e+00
0.00000000e+00
0.00000000e+00
-2.92292922e-01
-1.63055001e+00
-2.28484706e+00
0.00000000e+00
0.00000000e+00
0.00000000e+00
2.21713705e-01
-1.48695987e+00
-4.52855374e-01
9.70499636e-01
1.24820065e+00
9.38303731e-01
-1.14592331e+00
1.56025546e+00
-1.83009890e-01
0.00000000e+00
-4.99977746e-01
-1.23978695e+00
-1.08282859e+00
6.17610258e-01
4.31888726e-04
7.86784872e-01
1.17688249e-01
-2.58316261e+00
3.69379933e-01
-4.41211087e-01
-2.82562101e+00
0.00000000e+00
0.00000000e+00
0.00000000e+00
1.92241301e-01
-9.71134080e-01
-1.06329820e+00
3.57391115e-01
-9.67699725e-02
9.25838627e-01
2.27244079e-01
2.62138840e-01
-1.94082505e-01
0.00000000e+00
7.66442044e-02
-1.01313194e+00
-1.50509990e+00
1.45451174e-01
-1.50963580e-01
4.64626840e-01
-2.93693410e-01
-4.37159415e-01
-1.69585682e-01
4.17721499e-01
10 1
-8.7979e-01 -2.8007e-02
7 4
0 4 1 2 5 8 3 
217
-2.15354511e+00
1.54785568e+00
-1.15567102e+00
1.08464632e+00
-3.77830790e-01
-2.96987692e-01
-1.01706350e+00
-4.65255673e-02
-1.26272273e+00
1.10365582e+00
-2.88193877e-02
4.21149674e-01
5.32891292e-01
-1.88549293e+00
-1.83463144e-01
-2.21683029e-03
2.09638855e+00
1.62971444e+00
-2.73065030e-02
1.81729808e+00
0.00000000e+00
0.00000000e+00
0.00000000e+00
0.00000000e+00
0.00000000e+00
0.00000000e+00
0.00000000e+00
9.32743414e-01
-2.77092052e-01
-1.94401182e+00
-8.65184654e-01
0.00000000e+00
0.00000000e+00
0.00000000e+00
0.00000000e+00
0.00000000e+00
0.00000000e+00
-8.96383438e-01
-4.84998350e-01
-1.28420592e+00
-9.77972755e-01
-1.30457517e+00
-6.76479479e-02
2.86223847e+00
0.00000000e+00
-2.24979738e+00
-1.46477881e+00
-7.14178023e-01
7.57489913e-02
1.07218196e+00
1.02194460e+00
1.41553635e+00
0.00000000e+00
-8.29900316e-01
0.00000000e+00
7.96737451e-01
-2.06365890e+00
1.22464825e+00
0.00000000e+00
2.50477186e+00
-1.05624411e+00
-5.01325584e-01
-5.95975417e-01
0.00000000e+00
-2.59770642e-01
-4.13757774e-01
1.83820304e+00
1.40990093e+00
1.38179712e+00
1.07138378e+00
0.00000000e+00
-1.72651566e-01
4.37136834e-01
-1.29851477e+00
6.50202761e-01
-6.82378770e-01
-2.80542826e-01
0.00000000e+00
1.72832365e-02
-4.35805873e-01
-1.26650618e+00
3.10942672e-01
-9.04322165e-01
3.57523012e-01
0.00000000e+00
3.30196874e-01
-5.09657406e-01
1.20793686e+00
-1.25507715e+00
-6.64591440e-01
-3.05091339e-01
0.00000000e+00
8.61293121e-01
-1.67407875e-01
1.18488413e+00
-1.23160715e-02
6.71797645e-01
-1.35909668e-01
0.00000000e+00
1.67490196e+00
0.00000000e+00
1.75244873e+00
-2.06785780e+00
1.60335257e+00
1.29917100e+00
0.00000000e+00
-8.05455195e-01
0.00000000e+00
-4.12003970e-01
-6.71285720e-01
-9.36085943e-01
1.40557594e-01
0.00000000e+00
0.00000000e+00
0.00000000e+00
0.00000000e+00
0.00000000e+00
0.00000000e+00
0.00000000e+00
-6.07614256e-01
-1.98408476e+00
-5.99008240e-01
0.00000000e+00
0.00000000e+00
0.00000000e+00
-2.28103496e-01
-8.16734991e-01
-3.56528613e+00
-4.06185411e-01
2.40772278e+00
2.31664210e-01
1.16269949e+00
-1.39037221e+00
2.46297615e+00
0.00000000e+00
-2.64380280e+00
8.48636226e-02
-4.82558939e+00
2.55466209e-01
1.73475250e+00
1.52361903e+00
2.64910119e+00
-6.56972018e-01
2.71678412e+00
-1.29561111e+00
-4.69316191e-01
0.00000000e+00
0.00000000e+00
0.00000000e+00
7.47992696e-02
-6.81720510e-02
1.21825021e+00
3.52749245e-01
-3.24009862e-01
-2.56324689e-02
-1.16402432e-01
3.19612697e-01
-8.50584480e-01
0.00000000e+00
7.40614191e-01
1.24363626e-01
1.31689107e+00
-9.87816286e-02
-6.29129738e-01
-9.54521219e-01
-1.52476689e+00
3.09374790e-02
-5.01123298e-01
4.45590100e-01
-2.18604296e+00
0.00000000e+00
0.00000000e+00
0.00000000e+00
-1.02239421e-01
4.44859724e-01
-2.77888595e+00
2.40310956e+00
1.20113016e+00
2.91244201e+00
-8.66137348e-02
2.97609411e-01
7.72481233e-01
0.00000000e+00
4.85082802e-01
-1.29528673e+00
-2.82426197e-02
-1.50655191e+00
-2.54344899e+00
-6.44271353e-01
-2.83545530e+00
-1.70697684e+00
1.48911326e+00
1.33610175e+00
-4.62243982e-01
0.00000000e+00
0.00000000e+00
0.00000000e+00
-2.05716993e-01
-1.36756064e+00
6.88481672e-01
-3.53849341e-01
-8.16070424e-02
-8.36731322e-01
1.66099473e-01
-8.56018225e-02
-3.65983308e-01
0.00000000e+00
-3.96027057e-01
-4.81731875e-01
-6.58387688e-02
7.64761214e-01
1.11032991e+00
5.74702701e-01
8.57852737e-01
1.78100186e-01
-4.67803939e-01
-9.41197696e-02
136
-2.18922736e+00
4.08682102e+00
-1.89566025e-03
3.91317249e+00
-1.54165493e-03
0.00000000e+00
0.00000000e+00
0.00000000e+00
0.00000000e+00
0.00000000e+00
-6.14842589e-01
-1.13905400e+00
-5.31348631e-01
1.22158751e-01
0.00000000e+00
0.00000000e+00
0.00000000e+00
0.00000000e+00
0.00000000e+00
0.00000000e+00
-5.36857376e-01
-3.82463837e-01
-5.16720965e-01
-9.63582138e-02
-1.21496819e-01
-7.05742239e-01
1.70412095e-01
9.31443029e-01
-1.78315951e+00
1.41597052e-01
8.92992192e-01
-4.06086572e-01
-3.52836086e-01
-9.41918537e-01
1.71577994e+00
7.73833039e-01
-2.13487198e+00
2.23578895e-01
7.93313751e-01
-1.22984749e+00
-6.57689875e-01
-1.60197938e+00
1.44662416e+00
0.00000000e+00
0.00000000e+00
0.00000000e+00
-1.73016714e+00
-3.79212816e-01
8.28871723e-01
-4.86346159e-01
-2.75394731e-01
0.00000000e+00
2.20969259e+00
2.50278222e-01
1.60718245e-01
-1.53467841e+00
0.00000000e+00
1.38001826e-01
1.28580250e-02
-3.75127735e-02
-4.23588764e-01
-5.97365094e-01
-6.90741157e-01
-1.39762860e-01
4.31768765e-02
1.09929849e-02
3.66269867e-01
1.17475510e+00
2.71002224e-01
5.00987127e-02
2.43482979e-01
-1.59564499e+00
-2.43133647e-01
-9.28036999e-02
-8.71621471e-02
0.00000000e+00
0.00000000e+00
1.27489742e+00
-2.90092946e-02
3.00260635e-01
-1.42613160e-01
0.00000000e+00
0.00000000e+00
0.00000000e+00
0.00000000e+00
0.00000000e+00
-1.89945571e-01
-2.05329906e+00
-1.93967196e+00
0.00000000e+00
0.00000000e+00
0.00000000e+00
6.90724359e-01
-2.86025698e+00
-9.65189494e-01
9.54656643e-01
6.16488561e-01
1.08321046e+00
2.01526171e-01
1.75111413e+00
1.04271906e-01
0.00000000e+00
-6.26148568e-01
-3.12910384e-01
-1.31491861e+00
4.33301201e-01
3.26163243e-01
7.74733614e-01
-3.16213719e-02
-2.65824381e+00
5.60992926e-02
-1.62672328e-01
-2.62776982e+00
0.00000000e+00
0.00000000e+00
0.00000000e+00
1.38589002e-01
-7.90602711e-01
-6.33540306e-01
3.14045810e-01
-2.74119405e-02
1.94832118e-01
5.72326535e-01
4.42465690e-01
-2.61539782e-01
0.00000000e+00
-7.59555005e-02
-4.98343528e-01
-1.10843322e+00
3.41801590e-01
-2.91139638e-01
1.70938665e-01
-4.21041852e-01
-5.67651049e-01
-1.91948871e-01
6.48391766e-02
9 1
-1.1617e+00 3.8176e-02
8 4
0 4 1 2 5 8 3 10 
217
-7.67664683e-01
9.82324586e-01
-4.57740109e-01
-3.48085408e-01
-1.12793243e+00
5.31450209e-02
1.14513889e+00
-5.16683713e-01
-7.81387826e-02
3.22685163e-01
-5.36503457e-01
6.18004072e-02
-1.70228909e-01
-3.23327614e+00
1.36423834e+00
-9.86608429e-03
1.38025962e+00
1.45417956e+00
-1.29408932e-02
1.41339966e+00
0.00000000e+00
0.00000000e+00
0.00000000e+00
0.00000000e+00
0.00000000e+00
0.00000000e+00
0.00000000e+00
3.61972361e-01
1.00895460e-01
2.99572271e-02
-1.26048973e+00
0.00000000e+00
0.00000000e+00
0.00000000e+00
0.00000000e+00
0.00000000e+00
0.00000000e+00
1.96162448e-01
-5.32099200e-01
-9.53498802e-01
-1.05553999e+00
-5.84594512e-01
-4.54783189e-01
2.61668856e+00
0.00000000e+00
-1.55388387e+00
3.59177849e-01
-1.12721958e-01
-8.03712717e-01
-1.31542821e-01
-6.35468121e-01
8.50544016e-01
0.00000000e+00
1.62665410e-02
0.00000000e+00
9.72649695e-01
1.15552256e+00
3.78656684e-01
0.00000000e+00
1.47165493e+00
-1.95261604e-02
-5.68483254e-01
-1.79655269e-01
0.00000000e+00
3.48855403e-01
1.89032795e-01
9.09221359e-01
1.23063543e+00
9.82401853e-01
5.14818847e-02
-8.33372826e-01
7.94348502e-01
7.54237229e-01
-7.74153402e-01
7.56826041e-01
4.55130431e-02
6.56388524e-01
0.00000000e+00
-7.75493821e-02
1.47754848e-01
-2.26679985e-01
1.77931600e-01
-4.63435316e-01
6.15203878e-01
0.00000000e+00
2.41706236e-01
-4.04745906e-01
-9.51086466e-02
-4.22856310e-01
9.85709324e-01
7.64280502e-01
0.00000000e+00
2.18735347e-01
1.10532438e-01
6.34955959e-01
-5.52066268e-01
4.31477460e-01
-2.80944094e-01
-7.14358614e-01
-2.39539429e-01
0.00000000e+00
-3.50294409e-01
-1.23223643e+00
5.36527768e-01
-6.49546826e-02
0.00000000e+00
4.00282819e-01
0.00000000e+00
-5.21353244e-01
1.54702565e-01
-6.39299037e-01
-4.87711495e-01
-8.30604695e-01
-1.85466767e-01
-8.80487635e-01
-3.54766504e-02
-1.07981948e+00
2.83883428e-01
1.57148288e-01
-2.34928460e+00
-2.73304561e+00
-2.98300981e+00
0.00000000e+00
0.00000000e+00
0.00000000e+00
-2.92708270e-02
1.15527675e+00
-3.07307432e+00
3.98549760e-01
7.80262545e-01
-2.58597081e+00
2.04472557e-01
2.10948652e-01
-8.52567285e-01
0.00000000e+00
7.91404668e-01
-9.06503774e-01
-3.32108501e+00
4.52826500e+00
2.32924836e+00
-1.36817140e+00
-9.29626229e-01
-1.50564079e+00
2.02733368e+00
-8.36861330e-01
1.29061359e-01
0.00000000e+00
0.00000000e+00
0.00000000e+00
-7.97762091e-02
-7.28869338e-01
8.22199859e-01
3.48583547e-01
4.48510539e-01
1.18859333e+00
1.70933700e-01
-1.66616705e-01
4.55543323e-01
0.00000000e+00
-5.67849741e-01
4.42556878e-01
7.52926722e-01
-2.12353969e+00
-7.62131357e-01
2.58826092e-01
-5.34345941e-01
2.08511765e-01
-2.32195227e-01
2.27199820e-01
-4.45579885e+00
0.00000000e+00
0.00000000e+00
0.00000000e+00
5.23621457e-01
-1.99058504e+00
-1.16057098e+00
-5.38365996e-02
4.50380972e-01
9.70681839e-01
1.76424519e-01
-3.55583118e-02
1.41821672e+00
0.00000000e+00
-2.12938769e+00
-7.80880648e-01
-2.69381660e-01
-4.08695055e-01
-6.44494665e-01
2.83270486e-01
-4.11489512e-01
-1.17656084e+00
1.44000427e-01
6.39045734e-01
1.23781819e-01
0.00000000e+00
0.00000000e+00
0.00000000e+00
-1.58043899e-01
9.16230546e-01
-1.08680789e-01
2.64491786e-01
-1.03459697e-01
-2.49193045e-01
6.91132194e-02
-7.32096757e-04
-2.45763887e-01
0.00000000e+00
6.78449378e-01
-1.20489555e-01
-7.19342405e-01
1.64686524e-01
2.54152928e-01
-1.82521260e-01
1.98067821e-01
-4.75171161e-01
3.28344254e-02
-9.08470142e-02
136
-5.04574841e-02
2.87111293e+00
2.49884235e-02
3.69984049e+00
5.43014742e-04
0.00000000e+00
0.00000000e+00
0.00000000e+00
0.00000000e+00
0.00000000e+00
6.33681436e-02
-5.12087827e-01
-3.61205203e-02
5.74818474e-01
0.00000000e+00
0.00000000e+00
0.00000000e+00
0.00000000e+00
0.00000000e+00
0.00000000e+00
3.55134674e-01
2.67687149e-01
1.79014160e-01
1.22110192e-01
-2.77225947e-01
-9.16460917e-01
2.19283204e-01
7.56406404e-01
-7.89744999e-01
-1.97577508e-02
3.98988815e-01
1.01493038e-01
3.10075723e-01
-6.95577802e-01
1.31887445e+00
1.26635322e+00
-1.39778307e+00
-3.71203795e-01
-6.13332733e-02
-4.34912954e-01
-5.47610748e-01
-7.18787974e-01
8.34063230e-01
0.00000000e+00
0.00000000e+00
0.00000000e+00
-3.30170764e-01
2.14183152e-01
1.01664657e+00
-2.77202351e-01
-5.80769711e-01
-8.51152037e-01
1.15428653e-01
1.70541643e-01
-8.33840656e-02
-1.50726490e+00
0.00000000e+00
3.53589444e-01
1.20331145e-01
4.74642677e-02
-8.06894494e-01
-1.36925280e+00
-1.35159666e+00
-1.67901053e-01
-7.05380738e-02
-1.37109267e-01
1.01448742e-01
5.55250420e-01
1.81854858e-01
2.46568612e-02
4.25056316e-02
1.29409832e-01
-2.84825433e-01
-1.62686373e-01
-3.31426603e-02
0.00000000e+00
1.13507233e+00
-3.87151675e-01
-3.47745006e-01
1.43168599e-01
-1.73425063e+00
-6.55075000e-02
2.45647300e-01
1.52998210e-01
9.05382792e-02
-7.23528698e-01
-2.45964221e-04
-1.92853071e+00
-2.00819467e+00
0.00000000e+00
0.00000000e+00
0.00000000e+00
2.66399113e-01
-2.35043418e+00
-7.61690412e-01
1.56945656e+00
7.19067212e-01
1.02658066e+00
-4.43695098e-02
1.35903656e+00
-7.25425204e-01
0.00000000e+00
-4.16025370e-01
-9.56221309e-01
-7.78816722e-01
5.09442441e-01
3.61110250e-01
8.80821380e-01
2.18663274e-02
-2.46581062e+00
8.60065041e-02
-3.09188344e-01
-2.74700395e+00
0.00000000e+00
0.00000000e+00
0.00000000e+00
3.94832066e-01
-2.99637320e+00
-7.62668939e-01
2.97688470e-01
-1.17691669e-01
5.43370801e-01
5.22444836e-01
5.21677706e-01
-3.08948459e-01
0.00000000e+00
2.24752713e-01
-8.08802057e-01
-1.11306350e+00
1.93407882e-01
-1.64546220e-02
4.19394674e-01
-2.97531010e-02
-2.36193781e-01
1.30924576e-01
3.94451653e-01
6 2
-1.4450e+00 6.0797e-02
8 -1
0 4 1 2 5 8 3 10 
217
1.20723377e-01
5.10701872e-01
2.40848702e-02
-3.73977856e-02
-1.07883464e-02
2.23980977e-01
-2.91061264e-01
5.80924224e-02
4.48614428e-02
-2.46843556e-01
-9.82581520e-02
-9.51824728e-01
4.75969696e-01
4.10560687e-01
-3.30989850e-02
3.44931835e-02
-3.97787419e-01
2.08313386e+00
-4.99786959e-04
-7.71366581e-01
-2.00459678e+00
1.03991756e-02
1.08828142e+00
7.52852856e-02
4.64620586e-03
9.82604330e-01
2.52076446e-01
-2.34478160e-01
-1.19552510e+00
1.02700769e+00
2.72041963e-01
0.00000000e+00
0.00000000e+00
0.00000000e+00
0.00000000e+00
0.00000000e+00
0.00000000e+00
-2.95167139e-01
2.60140439e-01
3.09840957e-01
-2.11914470e-01
1.22085475e-01
-5.29783429e-01
4.65521545e-01
0.00000000e+00
8.03599328e-02
1.27933436e+00
-6.73985940e-01
-2.19322315e+00
5.64946412e-01
1.00500246e+00
2.03266692e-01
0.00000000e+00
1.58446788e+00
0.00000000e+00
-5.41585106e-01
0.00000000e+00
1.37269312e+00
0.00000000e+00
6.68294105e-01
-1.77755889e-01
5.54173838e-01
-2.55694572e-01
0.00000000e+00
-1.15958346e+00
9.08964808e-01
1.44207289e+00
1.77977668e+00
1.81638420e+00
2.50010183e-01
-4.46670817e-01
-1.35436342e+00
0.00000000e+00
9.94418001e-01
3.94894347e-01
9.27339611e-01
-5.34306363e-01
-1.15000532e+00
1.85088870e-01
2.75518584e-02
3.52038961e-01
-2.99516780e-01
7.33600865e-01
3.90947661e-01
0.00000000e+00
6.63286573e-01
0.00000000e+00
-2.88903252e-01
-2.35229213e-01
-6.39165760e-01
-5.84322630e-01
0.00000000e+00
5.13435129e-01
7.72366004e-01
-5.17414615e-01
5.10605697e-01
-2.60802953e-01
-4.07251884e-01
1.08948791e+00
4.80509680e-01
0.00000000e+00
-9.12648107e-01
-1.61749493e-01
-5.36626106e-01
-6.18023754e-01
2.05134776e+00
-8.77748311e-01
0.00000000e+00
-6.16515716e-01
-1.53538319e-01
-4.36360355e-01
8.43063410e-01
-1.03814506e+00
3.79383073e-02
-3.15021021e-01
5.35932202e-01
-7.20320022e-01
5.84997927e-01
3.90565877e-01
-3.36465489e+00
-3.95458605e+00
-4.27661716e+00
0.00000000e+00
0.00000000e+00
0.00000000e+00
1.02285835e+00
-3.23704220e-02
-6.48204897e-01
1.67100123e+00
1.17088650e+00
2.15874162e+00
7.10874262e-01
2.63655360e+00
2.02764455e+00
0.00000000e+00
-7.63252726e-01
-6.80185042e-01
-1.49352004e+00
1.82807955e+00
1.43046241e+00
2.83629044e+00
2.43148232e-01
-3.09425186e-02
-1.24055949e+00
1.56742731e+00
-1.89583417e+00
0.00000000e+00
0.00000000e+00
0.00000000e+00
2.19914855e+00
-6.85084557e-02
2.84170015e+00
2.74143418e+00
2.12905461e+00
1.31759087e+00
2.30280349e+00
2.11812121e+00
5.28327841e-01
0.00000000e+00
2.86734335e+00
2.88720817e+00
2.14233661e+00
1.73278185e+00
1.45017675e+00
1.92019796e+00
2.44126020e+00
-7.44590885e-02
2.59684615e+00
1.69179654e+00
-5.84554034e+00
0.00000000e+00
0.00000000e+00
0.00000000e+00
1.71431647e+00
-2.20415757e-02
-9.52343732e-02
-1.48190115e+00
2.11846506e+00
-7.93962269e-01
-6.99396194e-01
3.43303659e-02
-2.90230500e+00
0.00000000e+00
1.08927158e+00
-1.29496556e+00
-3.54208889e-02
1.33918399e+00
-3.15949245e-01
3.96988009e+00
-6.27877944e-02
9.81141706e-01
1.47162611e+00
1.24135091e+00
-6.78091515e-01
0.00000000e+00
0.00000000e+00
0.00000000e+00
5.35093865e-01
-5.34053013e-02
1.68118666e+00
1.76032935e+00
3.90709555e-01
1.91007135e+00
1.62908130e+00
1.50529832e+00
2.11257398e+00
0.00000000e+00
1.14244013e+00
2.13684493e+00
3.34166101e-01
1.46389108e+00
1.78983048e+00
5.28418884e-03
1.69344911e+00
8.35037327e-01
5.24510040e-01
1.26513033e+00
136
7.44672939e-01
5.99089296e-01
2.12536343e-04
1.98522897e-01
-6.59180722e-03
-2.49847228e-01
1.24376168e-03
1.96907973e-01
1.06263001e-03
1.19036910e+00
4.83603522e-01
-1.01537781e-02
-1.74988012e-01
-7.34398823e-01
0.00000000e+00
0.00000000e+00
0.00000000e+00
0.00000000e+00
0.00000000e+00
0.00000000e+00
4.93141950e-02
5.57385612e-01
5.35628416e-01
1.94985325e-01
-9.66933990e-02
-4.41378042e-01
-5.45691676e-02
5.71770167e-02
5.78485603e-02
5.97552559e-01
3.40432857e-01
-3.75580962e-01
3.63586681e-01
-7.23271976e-01
7.47687715e-01
6.08860282e-01
-4.35077666e-01
5.94582326e-03
-1.12417607e-01
-5.46395074e-02
-1.46545556e-01
-4.97114498e-01
3.10229218e-01
0.00000000e+00
0.00000000e+00
0.00000000e+00
-4.54572418e-01
7.35011551e-02
1.06511006e+00
-2.46125850e-01
-3.32648464e-01
-4.91991899e-01
5.67620746e-01
3.33761225e-01
1.51492198e-01
-1.27638256e+00
5.79302631e-01
5.41019194e-01
2.21875046e-01
1.44675980e-01
-2.36352994e-01
-3.51229696e-01
5.12082223e-01
2.16076736e-01
2.81762044e-01
-6.76154512e-02
6.99634011e-01
-2.04963883e-01
1.01622514e-01
-8.04271679e-02
1.29646414e-01
7.42062846e-01
1.12754356e-01
-1.36134559e-01
2.82106078e-02
0.00000000e+00
1.78573193e+00
-7.41580456e-01
-1.90712120e-01
-1.27561825e-01
-1.66502474e+00
-1.59015364e-01
8.98905423e-01
1.45092575e-01
3.52958588e-01
-1.00287149e+00
-1.44168799e+00
-2.86733876e+00
-2.82992150e+00
0.00000000e+00
0.00000000e+00
0.00000000e+00
5.83671315e-01
-2.94255650e+00
2.59284098e-01
1.41554298e+00
1.22360275e-01
9.13835050e-01
2.29434061e-01
1.35266877e+00
-3.55341513e-02
0.00000000e+00
1.56347330e-02
-8.67612696e-01
-8.41149606e-01
5.26743684e-01
-3.05791211e-01
9.74432933e-01
-9.58772677e-02
-3.85790155e+00
-2.18264204e-01
-5.88422028e-02
-3.27623999e+00
0.00000000e+00
0.00000000e+00
0.00000000e+00
1.04127041e-01
-1.09185457e+00
-9.01920999e-01
1.12119880e-01
-8.43052233e-01
5.46888068e-02
2.43453681e-02
3.34076230e-01
-2.02968140e-01
0.00000000e+00
1.63865056e-01
-5.87342991e-01
-1.10137572e+00
6.11988980e-02
1.22992412e-01
2.50309924e-01
-1.62729541e-01
-6.13948968e-01
4.89632144e-01
5.11597402e-01
7 2
-2.1603e+00 2.2967e-01
8 -1
0 4 1 2 5 8 3 10 
217
-1.69257454e+01
2.50925581e+00
1.68004355e+01
0.00000000e+00
-4.22184860e+00
-9.12387088e+00
-1.39594834e+01
8.96533067e+00
-1.78543117e+00
-4.07098740e+00
-2.84401767e+00
3.44189149e+00
5.88503548e+00
2.87947697e-01
-1.54419484e+01
1.78501254e-01
1.05324678e-01
0.00000000e+00
0.00000000e+00
0.00000000e+00
0.00000000e+00
0.00000000e+00
0.00000000e+00
0.00000000e+00
0.00000000e+00
0.00000000e+00
0.00000000e+00
-8.03872113e+00
-1.09215738e+01
3.43413988e+00
0.00000000e+00
0.00000000e+00
0.00000000e+00
0.00000000e+00
0.00000000e+00
0.00000000e+00
0.00000000e+00
-1.37376213e+01
5.39509045e-01
8.51525619e+00
-6.30594134e+00
-1.13179150e+00
-2.41771263e+00
-2.38744381e+00
0.00000000e+00
2.63868287e+00
0.00000000e+00
0.00000000e+00
0.00000000e+00
8.72281706e+00
0.00000000e+00
6.47797449e+00
0.00000000e+00
1.51693705e+00
0.00000000e+00
0.00000000e+00
0.00000000e+00
4.41523672e+00
0.00000000e+00
1.08343296e+01
3.88373405e+00
0.00000000e+00
5.38315156e+00
0.00000000e+00
0.00000000e+00
2.08454140e-01
2.62086841e+01
1.77864568e+00
1.06068936e+01
-3.60060824e+00
0.00000000e+00
-1.74704397e+01
0.00000000e+00
-1.11213410e+01
4.25873093e+00
0.00000000e+00
0.00000000e+00
0.00000000e+00
-9.88488332e+00
0.00000000e+00
-3.44345557e+00
2.02657228e-01
-3.59740647e+00
2.83758567e+00
0.00000000e+00
-4.92290808e-01
0.00000000e+00
-1.14370989e+01
-6.73647977e-01
-4.96058682e+00
-5.22908476e+00
0.00000000e+00
3.57878753e+00
2.00421534e+00
-9.06418988e+00
3.09627548e+00
-1.14045742e+01
-1.36617468e+01
0.00000000e+00
1.03088135e+01
0.00000000e+00
-8.16647321e+00
6.43425972e+00
-1.90680857e+01
-4.00003123e+01
0.00000000e+00
-4.06535980e+00
0.00000000e+00
-8.89944436e-01
-9.72080194e+00
-1.19704411e+01
-1.76037566e+01
0.00000000e+00
-1.43537897e+01
-9.62197137e+00
-4.94589185e+00
-5.85874865e+00
0.00000000e+00
0.00000000e+00
-1.27623552e+00
-2.42550327e+00
-7.28710137e+00
0.00000000e+00
0.00000000e+00
0.00000000e+00
6.61018925e+00
0.00000000e+00
-1.37188446e+01
1.31016142e+01
0.00000000e+00
1.74034878e+01
-6.00665503e+00
0.00000000e+00
0.00000000e+00
0.00000000e+00
-2.83225333e+01
-2.07308744e+00
0.00000000e+00
6.82033142e+00
0.00000000e+00
1.82886153e+00
1.49898092e+00
-5.34177502e-02
0.00000000e+00
1.86875604e+00
-4.32103874e+00
0.00000000e+00
0.00000000e+00
0.00000000e+00
3.57765742e+00
0.00000000e+00
-7.52922780e+00
6.89632627e-01
0.00000000e+00
4.32017342e+00
4.23086996e+00
0.00000000e+00
0.00000000e+00
0.00000000e+00
9.46961899e+00
8.96468802e+00
0.00000000e+00
3.66887107e-02
0.00000000e+00
8.81875612e+00
6.66865472e+00
-1.72509322e-01
0.00000000e+00
-2.57212558e+00
-2.33965393e+01
0.00000000e+00
0.00000000e+00
0.00000000e+00
1.68744194e-01
0.00000000e+00
-3.16899490e+01
0.00000000e+00
0.00000000e+00
-2.98343447e+00
0.00000000e+00
1.37787945e+01
0.00000000e+00
0.00000000e+00
-1.03226837e+01
0.00000000e+00
0.00000000e+00
0.00000000e+00
0.00000000e+00
-1.65485351e-02
-2.46718116e+00
0.00000000e+00
0.00000000e+00
-2.07817953e+00
2.18862362e+00
0.00000000e+00
0.00000000e+00
0.00000000e+00
-1.13424501e+00
0.00000000e+00
1.53026250e+01
0.00000000e+00
0.00000000e+00
1.32671442e+01
0.00000000e+00
-8.79196693e+00
0.00000000e+00
0.00000000e+00
8.23117905e+00
0.00000000e+00
0.00000000e+00
0.00000000e+00
0.00000000e+00
-3.22154768e-02
5.46524213e+00
0.00000000e+00
0.00000000e+00
3.82637096e+00
136
-7.69992010e+00
2.00786350e+00
-2.68906880e-02
0.00000000e+00
0.00000000e+00
0.00000000e+00
0.00000000e+00
0.00000000e+00
0.00000000e+00
0.00000000e+00
-2.93350579e+00
-1.29401301e+00
-1.02333505e+00
0.00000000e+00
0.00000000e+00
0.00000000e+00
0.00000000e+00
0.00000000e+00
0.00000000e+00
0.00000000e+00
1.15866809e+00
5.80176491e-01
-4.01795733e-01
-1.22848268e+00
-2.21493875e+00
-3.12887069e+00
-2.46467683e+00
0.00000000e+00
-3.93159064e+00
1.76541662e+00
1.95772554e+00
-2.57227792e+00
-3.55294901e+00
2.88527177e-01
1.52333706e+00
9.83295237e-01
-3.82297247e+00
0.00000000e+00
-5.45047612e-01
-2.56106795e+00
-3.22522170e+00
0.00000000e+00
2.13444119e+00
0.00000000e+00
0.00000000e+00
0.00000000e+00
0.00000000e+00
1.36720504e+00
1.29621065e+00
1.71194397e-01
-2.69814735e-01
0.00000000e+00
-2.88446931e+00
-8.69086917e-01
-1.46083239e+00
-3.03269234e-01
0.00000000e+00
-8.55388954e-01
1.81646995e-01
-1.10423173e-01
-3.24900450e-01
5.41058688e-01
-1.04971840e+00
-1.15221408e-02
-1.06720388e-01
4.84805542e-01
0.00000000e+00
7.28022163e+00
1.18657630e+00
1.56239867e+00
8.62021828e-02
0.00000000e+00
-2.10868710e-01
-1.77210332e-01
1.35951969e-01
0.00000000e+00
0.00000000e+00
-4.27949661e-01
-7.02760250e-02
-4.31938677e-02
0.00000000e+00
0.00000000e+00
7.16921879e+00
1.37678479e+00
1.62786382e+00
-6.78404231e-01
-5.60304457e-01
-1.64808439e+00
-3.92881979e+00
0.00000000e+00
0.00000000e+00
0.00000000e+00
2.88527007e+00
-7.36113982e-01
1.54065710e+00
3.62580403e+00
1.96949407e+00
3.05125800e+00
2.85473579e+00
3.93046086e+00
2.88697754e+00
0.00000000e+00
1.31821676e+00
2.75616999e+00
1.79917102e+00
2.68928327e+00
2.78592308e+00
3.28277692e+00
2.26729649e+00
-8.06203972e-01
1.55491473e+00
1.90093731e+00
-5.49360185e+00
0.00000000e+00
0.00000000e+00
0.00000000e+00
2.66695257e+00
-6.06579698e-02
2.18226529e+00
2.77692074e+00
3.51678605e+00
3.06364963e+00
2.86441315e+00
3.77974846e+00
2.71457056e+00
0.00000000e+00
2.42026971e+00
1.48532800e+00
-5.64955382e-01
1.74356456e+00
4.08328844e+00
2.93650631e+00
2.26516922e+00
2.52977197e+00
2.02257980e+00
3.25429077e+00
