0 7 -999999999 -1 -1
1 2 0 -1 -1
0.3839 -1.1
356
1.35683764e-01
-2.29036955e-01
3.64720719e-01
1.92262105e-01
-5.80859531e-01
-1.97910893e-01
-1.32372485e-01
0.00000000e+00
0.00000000e+00
8.35875562e-02
-1.80939861e-02
0.00000000e+00
0.00000000e+00
1.41545384e-01
1.21899054e-01
-7.11823323e-02
0.00000000e+00
0.00000000e+00
0.00000000e+00
0.00000000e+00
0.00000000e+00
0.00000000e+00
0.00000000e+00
0.00000000e+00
0.00000000e+00
0.00000000e+00
0.00000000e+00
0.00000000e+00
0.00000000e+00
0.00000000e+00
0.00000000e+00
0.00000000e+00
0.00000000e+00
0.00000000e+00
0.00000000e+00
0.00000000e+00
0.00000000e+00
0.00000000e+00
0.00000000e+00
0.00000000e+00
0.00000000e+00
0.00000000e+00
0.00000000e+00
0.00000000e+00
0.00000000e+00
0.00000000e+00
0.00000000e+00
0.00000000e+00
0.00000000e+00
0.00000000e+00
0.00000000e+00
-1.01301150e+00
-1.78734955e-01
1.67023493e+00
0.00000000e+00
0.00000000e+00
0.00000000e+00
0.00000000e+00
2.13506246e-01
3.00469414e-01
3.79480707e-01
-2.53931145e-01
1.04997842e-02
1.66397855e-01
2.95491216e-02
-3.18074436e-01
-4.97352094e-01
3.10372851e-03
2.68428253e-01
1.03629308e-02
-5.41679140e-01
5.48528899e-01
2.55522388e-05
-5.70213991e-01
9.11223410e-02
-7.15055240e-03
-2.96101040e-01
-7.72395730e-01
-3.46622622e-04
-1.94321150e-01
0.00000000e+00
0.00000000e+00
1.20333770e+00
1.03133719e+00
2.70080880e-01
-9.20805704e-01
-8.16783551e-01
-2.43939966e-01
0.00000000e+00
0.00000000e+00
-1.36881328e+00
-1.73262191e-01
-2.52566709e+00
-7.29172630e-01
-1.43241995e+00
-4.84744958e-01
-3.63636478e-01
-1.44716280e-01
-5.28522796e-01
-3.74254697e-01
3.10161893e-01
-1.05242065e-01
0.00000000e+00
0.00000000e+00
3.24414499e+00
2.30639027e+00
0.00000000e+00
2.96486151e-01
0.00000000e+00
1.18212536e-01
5.88608947e-02
6.43132112e-01
-2.15160554e-01
-3.71924003e-01
-2.21482371e-01
-5.69738347e-01
-9.21335086e-01
-1.78285023e+00
0.00000000e+00
0.00000000e+00
0.00000000e+00
0.00000000e+00
0.00000000e+00
0.00000000e+00
1.01051506e-01
-1.32910970e-01
1.29247089e-01
2.41375414e-01
-2.65401834e-01
7.40913773e-02
4.26294074e+00
4.15444073e+00
4.07095615e+00
4.24843358e+00
4.35619357e+00
4.22539529e+00
-3.30265346e-01
6.49554977e-01
4.46193950e-01
4.50236310e-01
4.43101280e-02
1.51243191e-02
5.95436218e-01
2.32518553e-01
2.71415009e-01
2.31774552e-01
1.39518483e-01
-2.73109765e-02
9.74029363e-01
0.00000000e+00
0.00000000e+00
0.00000000e+00
0.00000000e+00
0.00000000e+00
0.00000000e+00
0.00000000e+00
1.47981349e+00
-1.12350526e-01
-1.97188733e+00
0.00000000e+00
-4.82766738e-01
-1.21934245e+00
-6.53807158e-01
-9.51364061e-01
-1.13657390e+00
0.00000000e+00
0.00000000e+00
0.00000000e+00
-1.00667439e+00
1.21108950e+00
-5.81742419e-01
1.35760278e+00
4.00277157e-01
5.20684452e-01
1.04408738e+00
-7.05550152e-03
-6.42356380e-01
0.00000000e+00
-1.62945535e-01
-8.43429535e-01
-1.44096306e+00
-5.76477184e-01
-8.41181320e-01
1.12145187e+00
-2.16447995e-01
-1.06021255e+00
4.14852889e-01
1.72865943e-01
3.28554111e-01
0.00000000e+00
0.00000000e+00
0.00000000e+00
2.34032206e-01
-2.17732475e-01
2.78594746e-02
-2.04081706e-01
3.15123744e-02
-1.63043100e-01
-1.66565513e-01
-1.06398108e-01
5.05263392e-01
0.00000000e+00
-1.48232261e-01
5.55493485e-01
2.06444330e-01
8.21104150e-02
1.14671470e-01
-2.82869836e-01
3.34626247e-02
1.32115776e-01
-2.27735429e-01
-7.77530096e-02
-1.24042100e-01
-1.89984796e-01
-8.09101239e-01
-5.92793813e-01
-6.04896907e-02
1.27096980e+00
-8.14901350e-01
-6.46053241e-01
-4.42091740e-01
0.00000000e+00
0.00000000e+00
0.00000000e+00
-3.33341636e-01
-2.87132658e-01
-1.66132342e-01
3.47002724e-01
-6.41193295e-01
4.58869927e-01
2.40603614e-01
-7.42785652e-01
3.35800498e-02
0.00000000e+00
3.59264610e-01
8.23952972e-01
-2.54251761e-01
1.06747313e-01
-7.52943229e-01
-1.95147977e-01
-1.87316223e-01
7.14353649e-02
4.42723224e-01
2.33973235e-01
6.59426962e-02
2.28895273e-01
5.80516872e-01
1.92027202e-01
-1.01253180e+00
-2.92781942e-01
-7.04074173e-02
-1.61514588e-01
-3.37318371e-02
1.70753297e+00
-1.42827189e+00
-5.72043021e-01
-7.19749855e-01
1.01694113e+00
1.38515094e-01
1.95093708e-02
-2.17070651e+00
0.00000000e+00
0.00000000e+00
0.00000000e+00
-1.25449808e+00
2.94414133e-01
-4.36751838e-01
2.65986232e-02
5.87245946e-01
-1.16785225e-01
3.74483372e-01
1.11182730e+00
-1.57317158e-01
0.00000000e+00
-8.14311207e-02
-7.07722762e-02
-1.41811037e+00
-1.54093690e-01
2.29635530e-01
7.43737938e-01
3.06920659e-01
-7.71702985e-01
8.00900190e-03
-1.39211627e+00
5.15592860e-01
0.00000000e+00
0.00000000e+00
0.00000000e+00
4.03645540e-01
-4.13853411e-01
-5.17445244e-03
1.80557481e-01
-1.03657840e-01
1.15210631e-01
1.75320112e-01
-2.53205943e-01
6.65349148e-02
0.00000000e+00
-9.24486686e-02
-1.48786642e-01
1.17756073e-01
7.83663533e-02
-3.46719950e-02
-1.92835012e-02
7.48924123e-04
1.51915216e-01
-8.43979114e-02
3.81017978e-01
-6.60035579e-01
-2.13207034e-01
9.78971811e-01
3.36672245e-01
3.69591546e-01
1.44370362e+00
-8.54305944e-01
-8.02604710e-01
-5.37449849e-01
0.00000000e+00
0.00000000e+00
0.00000000e+00
-1.17025183e-01
1.24174722e+00
1.60438834e-01
-5.13663916e-01
1.05900554e+00
-5.76349255e-01
-3.99298441e-01
5.25951022e-01
-3.13397015e-01
0.00000000e+00
-8.43231896e-02
-6.44358142e-01
2.70212057e-02
-1.56949536e-01
6.86111418e-01
-7.55037194e-02
6.05518727e-02
-2.85344059e-01
-2.17029656e-01
-9.15034854e-01
-4.46828545e-01
3.26229788e+00
-5.54915292e-02
-1.33455285e-01
-1.51067093e+00
-1.00613541e+00
3.62862869e-01
4.05695265e-01
-9.17684733e-02
1.65023764e+00
-1.70626298e+00
-9.50110071e-01
-5.04535516e-01
2.44126996e+00
3.64513911e-01
-6.10998202e-01
247
-6.05854238e-01
-1.60387575e-01
-4.45466663e-01
1.97915069e-01
-3.58302644e-01
0.00000000e+00
-1.25880377e-01
7.11916833e-02
0.00000000e+00
0.00000000e+00
-2.00300410e-02
-1.08305241e-01
0.00000000e+00
0.00000000e+00
0.00000000e+00
0.00000000e+00
0.00000000e+00
0.00000000e+00
0.00000000e+00
0.00000000e+00
0.00000000e+00
0.00000000e+00
0.00000000e+00
0.00000000e+00
0.00000000e+00
0.00000000e+00
0.00000000e+00
0.00000000e+00
0.00000000e+00
0.00000000e+00
0.00000000e+00
0.00000000e+00
0.00000000e+00
0.00000000e+00
0.00000000e+00
0.00000000e+00
0.00000000e+00
0.00000000e+00
0.00000000e+00
0.00000000e+00
0.00000000e+00
3.34398482e-02
-1.10267173e-02
3.04490316e-02
-1.86714185e-03
-3.08833289e-01
-5.58399477e-03
-3.60909829e-01
-1.94377576e-03
0.00000000e+00
0.00000000e+00
2.08610911e+00
1.69732547e+00
3.27871070e-01
-1.38699132e+00
-1.59275952e+00
-3.24049711e-01
0.00000000e+00
0.00000000e+00
3.73357897e+00
1.95263504e+00
0.00000000e+00
0.00000000e+00
0.00000000e+00
1.10301721e-01
6.96477904e-01
4.14242224e-01
5.80433133e-03
-5.12415215e-01
-8.69496534e-02
-6.14751606e-01
-9.93770816e-01
-1.59550023e+00
0.00000000e+00
0.00000000e+00
0.00000000e+00
0.00000000e+00
0.00000000e+00
0.00000000e+00
1.04378177e-01
-1.21622113e-01
3.95297256e-01
-1.25966617e-01
-6.37519853e-01
-1.28330131e+00
7.30603359e+00
6.86044022e+00
6.89170796e+00
6.79526559e+00
7.42198020e+00
6.67084263e+00
8.28191711e-02
-2.51388547e-01
-3.16049536e-01
2.73996349e-01
-1.56894553e-01
-5.12905726e-01
0.00000000e+00
-1.19790114e+00
-1.26859881e+00
-4.22125167e-01
-9.14882012e-01
-8.34550099e-01
-5.41850019e-01
0.00000000e+00
0.00000000e+00
0.00000000e+00
8.25750601e-01
-7.65211404e-01
-3.00745345e+00
0.00000000e+00
-2.89293709e-01
-1.04268605e+00
-8.76310875e-01
-1.65424345e+00
-1.33197976e+00
0.00000000e+00
0.00000000e+00
0.00000000e+00
-4.49541455e-01
8.13539317e-01
-8.67993156e-01
1.01959074e+00
1.52353879e-01
1.94865204e-01
4.85405088e-01
7.24238949e-01
-2.26237429e-01
0.00000000e+00
-5.43867420e-01
-3.46127839e-01
-7.68368520e-01
-2.50340742e-01
-1.12530003e-02
-3.18217754e-01
7.94357188e-02
-1.62395323e-01
2.02057501e-01
-1.05912352e+00
-5.50088999e-01
-5.24743322e-03
5.81131234e-01
-3.14697765e-02
-4.65551677e-01
-7.78845066e-01
0.00000000e+00
0.00000000e+00
0.00000000e+00
8.69533852e-01
1.01323708e+00
7.09316251e-01
2.76602082e-01
5.98264548e-01
0.00000000e+00
6.38469696e-01
7.78837729e-01
6.95189585e-01
0.00000000e+00
5.06617427e-01
8.14115778e-01
0.00000000e+00
1.48017422e-01
9.65253575e-01
8.64232150e-01
-1.68922903e-01
0.00000000e+00
3.09039118e-01
3.48166286e-01
-5.44841565e-01
2.10561791e-01
7.21263512e-01
4.31750975e-01
-7.81890760e-01
-2.84046276e-01
-9.35804960e-01
-1.77232677e+00
-7.79510936e-01
-4.97844485e-01
4.07359769e-01
-8.54401570e-01
1.66984462e-02
-2.53055433e+00
0.00000000e+00
0.00000000e+00
0.00000000e+00
8.89878327e-02
-5.11977231e-01
-7.04436896e-01
7.96554918e-01
3.34403779e-01
-6.60695467e-01
9.88949124e-01
3.39373310e-01
-1.56270877e+00
0.00000000e+00
-4.46159352e-02
-2.25355945e+00
-8.39276126e-01
1.41802571e-01
6.07345900e-01
4.81730759e-01
3.60056085e-02
8.48068737e-01
3.46676897e-02
-6.51174681e-01
-7.98937362e-01
-8.89059847e-02
-9.82538581e-02
1.16987013e-01
-2.73497260e-01
-1.52694025e-02
0.00000000e+00
0.00000000e+00
0.00000000e+00
-7.49043747e-02
0.00000000e+00
1.57178659e-01
-1.03723427e-01
1.82423011e-01
4.29529539e-01
3.26103831e-01
-3.18252943e-01
7.81536187e-01
0.00000000e+00
2.30386156e-01
3.66938239e-01
3.22258282e-01
5.82363902e-02
-7.74150959e-01
-3.20579627e-02
-6.23425007e-02
-7.98524031e-02
4.24398952e-01
6.79113666e-01
-7.10031378e-01
2.36242539e-01
8.97264607e-03
3.33821064e-02
-1.73161696e+00
-7.87404891e-01
1.08040214e+00
1.36406207e+00
-8.84684853e-01
-9.44212073e-01
2.12062586e+00
0.00000000e+00
1.49895259e+00
1 -999999999 6 0 -1
1 0 2 1 -1
-1.3951e-01 3.9986e-01
356
-1.07947888e+00
0.00000000e+00
0.00000000e+00
0.00000000e+00
0.00000000e+00
0.00000000e+00
0.00000000e+00
0.00000000e+00
0.00000000e+00
0.00000000e+00
0.00000000e+00
0.00000000e+00
0.00000000e+00
0.00000000e+00
0.00000000e+00
0.00000000e+00
-4.32023202e-01
-6.47455681e-01
2.74749771e-01
2.78910998e-01
-6.48703889e-01
-1.42681443e-01
0.00000000e+00
0.00000000e+00
2.26385721e-01
-1.23983003e-01
0.00000000e+00
0.00000000e+00
3.12266223e-01
3.34086667e-01
-3.71603119e-01
3.93403134e-02
-1.11881920e+00
-1.57102949e+00
-1.76970646e+00
4.58645945e-01
2.24009386e-01
8.68268742e-01
1.09018523e+00
7.42101064e-01
7.75001948e-01
0.00000000e+00
0.00000000e+00
0.00000000e+00
0.00000000e+00
0.00000000e+00
0.00000000e+00
0.00000000e+00
0.00000000e+00
0.00000000e+00
0.00000000e+00
4.79534217e-01
-2.29236852e-01
-8.00359250e-01
0.00000000e+00
0.00000000e+00
0.00000000e+00
0.00000000e+00
-6.83204148e-01
-3.41697762e-01
-8.71160319e-01
7.59989585e-01
3.46366034e-02
2.06091298e-01
2.44382817e-01
1.09098893e-01
1.95866165e-01
-5.27693154e-01
-3.02612856e-01
-1.67609187e-02
3.68644555e-01
-6.39374584e-01
-5.26954127e-03
4.56478079e-01
-6.63064923e-01
4.64550345e-03
1.65723175e-01
5.25573481e-01
-5.14925355e-04
-7.03309509e-02
0.00000000e+00
0.00000000e+00
8.83269922e-01
1.09025722e-03
-5.05308607e-01
-4.67437961e-01
-2.95423881e-01
3.98706163e-02
0.00000000e+00
0.00000000e+00
4.10560256e-01
-3.49639241e-01
-9.83180018e-02
-2.86315076e-01
-6.38526821e-01
-3.64222872e-02
-2.75562487e-01
-9.43674562e-02
1.57069436e-01
2.61072081e-01
3.10121564e-01
3.02691505e-01
0.00000000e+00
0.00000000e+00
2.73761629e+00
3.29429540e+00
0.00000000e+00
-1.46797795e-01
0.00000000e+00
9.24536709e-02
4.28480336e-01
3.68912562e-01
-2.38350801e-01
-1.03218556e+00
-4.04470851e-01
-5.74168365e-01
-8.65585683e-01
-1.18885400e+00
0.00000000e+00
0.00000000e+00
0.00000000e+00
0.00000000e+00
0.00000000e+00
0.00000000e+00
3.19653040e-01
-4.66332927e-01
1.30599091e-01
-9.34258225e-02
-1.06582116e+00
-1.76813134e+00
5.63496936e+00
5.55887048e+00
5.52328858e+00
5.37233195e+00
5.78674493e+00
5.66655944e+00
2.58448878e-01
7.24155118e-01
4.75157164e-01
7.08362768e-01
-1.99225562e-02
-1.66180099e-01
-5.01660011e-01
-6.49996029e-01
-6.69161390e-01
-9.90952737e-02
-1.47411310e-01
3.02720993e-01
4.86520092e-01
0.00000000e+00
0.00000000e+00
0.00000000e+00
0.00000000e+00
0.00000000e+00
0.00000000e+00
0.00000000e+00
-1.35683799e-01
1.15991204e-01
-2.50377284e+00
-2.87234696e+00
-8.43946476e-01
-9.28387406e-01
-4.69375851e-01
-5.73039921e-01
-1.31332233e+00
0.00000000e+00
0.00000000e+00
0.00000000e+00
-2.29693306e-01
6.92194250e-01
1.11022507e-01
1.57982825e+00
7.55150310e-01
3.81084103e-01
1.03601418e+00
1.23143111e+00
8.72738166e-01
0.00000000e+00
-4.58666133e-01
-1.19775391e-01
-2.47072754e+00
-8.21657886e-01
-2.09597058e+00
-1.51431084e-01
-2.94006388e-01
-1.39437089e+00
-6.16675562e-01
6.80189551e-01
-2.22666126e-01
0.00000000e+00
0.00000000e+00
0.00000000e+00
-1.24888542e-01
-6.68939217e-01
-3.13207022e-01
2.24919075e-02
-1.55040851e-01
-1.78722869e-01
-7.56262418e-02
-2.37702039e-01
-5.17720780e-01
0.00000000e+00
-2.79687355e-02
-2.32101530e-01
6.13138440e-01
2.15929407e-01
6.17392313e-01
2.76169579e-01
6.73536437e-02
3.32636274e-01
2.73348796e-01
-1.09208658e-01
-1.50408478e-01
1.24328379e-01
2.98223034e-01
2.17470610e-01
-1.30306973e-01
1.16889928e+00
-4.89797874e-01
-5.54773024e-01
5.36350123e-01
0.00000000e+00
0.00000000e+00
0.00000000e+00
1.42955195e-01
3.06667304e-01
-1.53758273e-01
1.29487788e-01
-1.15113985e-01
4.13249666e-01
2.26630537e-01
2.99885181e-01
3.37812223e-01
0.00000000e+00
2.78698976e-01
-2.84766643e-01
-5.02263341e-01
1.13971131e-01
-1.58099743e+00
-1.59910388e-01
1.37681405e-01
-1.30179054e-01
5.05516505e-01
5.70783322e-01
-2.74736857e-01
1.53437214e+00
-4.67556297e-01
1.84385307e-01
-1.16291385e+00
-9.68274855e-01
-4.20273974e-01
8.10377249e-01
4.73621276e-01
1.77425908e+00
-1.76725199e+00
-9.75281952e-01
-1.94638994e-01
-6.54001033e-01
-5.82836423e-01
-8.25517220e-01
-1.50142733e+00
0.00000000e+00
0.00000000e+00
0.00000000e+00
-5.86276866e-01
7.17403578e-01
-6.03595758e-01
-5.59488573e-01
9.45522389e-01
-5.89271116e-02
6.79821211e-01
-2.30672147e-01
-1.14206847e-01
0.00000000e+00
-3.85361690e-01
-3.02078515e-01
-1.28475817e+00
-2.66001449e-01
9.31502203e-01
-2.33431072e-01
1.02095202e-02
-1.71030289e-01
-7.57233230e-01
7.67175494e-01
1.90623776e-01
0.00000000e+00
0.00000000e+00
0.00000000e+00
3.41024384e-02
-4.34195481e-01
-2.21699663e-01
1.80953637e-01
-2.21560573e-01
3.20439430e-02
7.95748768e-02
2.00167207e-02
-3.76272035e-01
0.00000000e+00
1.97947839e-01
-3.18507776e-01
2.54940955e-01
1.44085056e-01
-1.67376424e-01
1.80919323e-01
-1.19159647e-02
2.78840658e-01
4.84918240e-01
5.38080044e-02
-2.33005442e-01
-2.20062910e-01
-3.26396218e-01
-1.57368413e-01
-3.28619559e-01
1.12791014e+00
-3.85211193e-01
-9.62761859e-01
-1.89539581e-01
0.00000000e+00
0.00000000e+00
0.00000000e+00
4.69815344e-02
4.64776534e-01
2.07348377e-01
-1.10910669e+00
5.03566809e-01
-2.96409946e-01
-5.22311999e-01
-2.34236519e-01
1.60113292e-01
0.00000000e+00
-2.62120115e-01
4.56618335e-01
5.00730736e-01
-1.04335524e-02
1.37149292e+00
-2.14927570e-01
-1.57277802e-01
-5.21687681e-01
-6.98928173e-01
1.26271930e-01
-1.29425320e-02
2.52181998e-01
5.45334186e-01
-9.99811589e-03
-1.26842189e+00
-7.08324496e-01
0.00000000e+00
-2.95842809e-01
9.74963888e-03
1.36296112e+00
-1.63032938e+00
-4.40956242e-01
-5.60097389e-01
-1.25915957e+00
-1.22615233e-01
9.92756252e-02
247
-1.07729025e+00
0.00000000e+00
0.00000000e+00
0.00000000e+00
0.00000000e+00
0.00000000e+00
0.00000000e+00
0.00000000e+00
0.00000000e+00
1.40333220e-01
0.00000000e+00
0.00000000e+00
0.00000000e+00
0.00000000e+00
-3.05775575e-01
-7.71514679e-01
2.50404207e-01
-5.56179782e-01
1.27161364e-01
-2.73751641e-01
0.00000000e+00
0.00000000e+00
0.00000000e+00
8.59793442e-02
-8.93528850e-02
0.00000000e+00
0.00000000e+00
-5.95526956e-01
0.00000000e+00
1.54790464e+00
-2.14343159e+00
0.00000000e+00
1.59633515e-01
-9.69178820e-01
0.00000000e+00
0.00000000e+00
0.00000000e+00
0.00000000e+00
0.00000000e+00
0.00000000e+00
0.00000000e+00
-3.97282184e-01
2.94220339e-03
-1.56179706e-01
-5.30311213e-03
-5.25765649e-01
5.26854371e-03
1.93728431e-03
1.19279775e-03
0.00000000e+00
0.00000000e+00
4.50730828e-01
-3.17693210e-01
-7.29075926e-01
-6.49046526e-01
-2.58454608e-01
5.33005577e-01
0.00000000e+00
0.00000000e+00
1.83285668e+00
2.26230291e+00
0.00000000e+00
2.10093834e-01
0.00000000e+00
1.07041815e-01
4.46265792e-02
4.78689939e-02
-2.14412569e-01
-1.46230404e-01
4.79719822e-02
-3.31704449e-01
-9.71516868e-01
-1.65598480e+00
0.00000000e+00
0.00000000e+00
0.00000000e+00
0.00000000e+00
0.00000000e+00
0.00000000e+00
4.31116046e-01
-1.34749861e-01
-6.60146860e-02
2.64444977e-01
-4.40671083e-01
-2.05236859e-01
4.34226145e+00
4.37150487e+00
4.36652673e+00
4.47206722e+00
4.35594091e+00
4.40395527e+00
-1.93708949e-01
8.11030411e-01
2.10305721e-01
4.11061603e-01
-2.35923824e-01
-1.13149519e-01
9.53662575e-02
-3.71360489e-01
-2.14912411e-01
-3.24052565e-01
-1.46381262e-02
-3.17124570e-01
3.61730171e-01
0.00000000e+00
0.00000000e+00
0.00000000e+00
1.74946128e+00
3.90917798e-01
-1.89259440e+00
-2.29532123e+00
-4.47503259e-01
-5.70049281e-01
-5.05824646e-01
-5.38447293e-01
-1.01755254e+00
0.00000000e+00
0.00000000e+00
0.00000000e+00
-2.01373768e-01
8.71524328e-01
-3.73809916e-01
6.45996375e-01
1.45614116e+00
-1.97417250e-01
4.75134784e-01
-3.73424298e-02
1.08305691e+00
0.00000000e+00
-5.80874415e-01
2.41711671e-02
-1.70260979e+00
-5.02332717e-01
1.87907755e-01
5.41256741e-01
-2.07850862e-01
-1.24996795e+00
-6.31016389e-01
-6.18146281e-01
4.08014480e-01
9.42461682e-01
1.70660603e+00
8.74191163e-01
2.66801529e-01
-8.39704153e-01
0.00000000e+00
0.00000000e+00
0.00000000e+00
2.17053223e-01
-1.43597294e+00
-1.71923516e-01
-1.83609816e-01
-2.09020289e-01
-8.87410611e-02
1.06954735e-01
-8.52666799e-02
-1.03733952e+00
0.00000000e+00
3.87200725e-01
-2.78586654e-01
5.90239601e-02
1.41134382e-01
5.63406992e-01
8.01255534e-02
-4.89100689e-02
5.30714230e-01
2.80082264e-01
3.33970329e-01
-5.34447202e-01
-1.11037954e+00
2.15311252e-01
1.73820334e-01
-1.42556702e+00
-1.38996494e+00
7.85016039e-01
7.61623245e-01
-8.54689823e-01
-3.56020789e-02
1.04809585e-01
5.43450352e-02
2.00272247e-01
-1.04427194e+00
0.00000000e+00
0.00000000e+00
0.00000000e+00
-5.50045465e-01
3.56571515e-01
-1.42346469e-01
8.07244933e-01
7.56086252e-01
2.62246402e-01
7.12112988e-01
4.81596270e-01
3.10578103e-01
0.00000000e+00
-6.55510276e-01
9.06191154e-02
-1.49861564e+00
-2.78234165e-01
-1.51709261e-01
5.10834405e-01
8.43634539e-05
-1.06349801e+00
-8.49841832e-01
-1.42445174e-01
1.81876937e-01
3.59790963e-01
-5.56641547e-01
4.40532079e-01
-8.73325967e-01
-3.95827843e-01
0.00000000e+00
0.00000000e+00
0.00000000e+00
3.35574212e-02
-1.54289997e-01
2.34507913e-01
3.92815398e-01
-5.14417565e-01
-3.94433919e-02
4.08796860e-01
2.89355038e-01
2.06636224e-01
0.00000000e+00
1.08301159e-01
-2.11462950e-01
-7.53990971e-01
2.53854379e-01
-5.54859577e-01
7.88597462e-02
1.86568674e-01
-4.47254240e-01
2.48161539e-01
-1.61523504e-01
-1.77914027e-01
4.14382345e-01
2.48804624e-01
-6.13717352e-02
-1.22614888e+00
-8.65615609e-01
0.00000000e+00
2.46842874e-01
1.03464844e+00
-3.60533267e-01
1.10414580e+00
4.61602689e-01
1.31957419e-01
2 1
-5.3107e-01 2.8728e-01
2 0
0 1 
217
5.13790549e-01
-1.39582680e+00
1.11544345e+00
-2.96945201e-01
1.08148357e-01
1.06663208e-01
2.21202069e-01
-1.19444369e-01
3.15797668e-02
5.75920378e-01
2.83990767e-01
6.01043921e-02
-1.31130411e-01
-5.35054489e-01
-2.77094528e-01
-2.80407647e-02
2.91293139e-01
9.30284476e-01
-1.07876496e-02
-1.91918083e-02
3.52951701e-01
-1.18066422e-02
3.06839154e-01
-4.92351100e-01
-5.63249234e-04
1.21060896e-01
0.00000000e+00
0.00000000e+00
7.29533170e-01
5.15870436e-01
2.49889096e-02
-1.62361148e-02
1.84913962e-02
5.03059871e-01
0.00000000e+00
0.00000000e+00
7.62470454e-01
-5.88885058e-01
3.40205153e-01
0.00000000e+00
0.00000000e+00
0.00000000e+00
0.00000000e+00
0.00000000e+00
7.62470454e-01
-6.70360268e-02
-5.21849031e-01
3.40205153e-01
0.00000000e+00
0.00000000e+00
0.00000000e+00
0.00000000e+00
0.00000000e+00
0.00000000e+00
0.00000000e+00
0.00000000e+00
0.00000000e+00
0.00000000e+00
0.00000000e+00
0.00000000e+00
3.40205153e-01
-5.21849031e-01
-6.70360268e-02
-1.45552440e-01
3.86173863e-01
-1.35248001e+00
3.23840107e-01
1.06466315e+00
-5.06709805e-02
5.07013293e-01
-1.58019317e-01
8.53453744e-01
-6.07927905e-03
-2.80310818e-02
-6.41199924e-01
-1.53612796e-01
-1.52072852e-02
0.00000000e+00
0.00000000e+00
0.00000000e+00
0.00000000e+00
0.00000000e+00
0.00000000e+00
0.00000000e+00
0.00000000e+00
0.00000000e+00
0.00000000e+00
0.00000000e+00
0.00000000e+00
0.00000000e+00
0.00000000e+00
0.00000000e+00
0.00000000e+00
0.00000000e+00
0.00000000e+00
0.00000000e+00
0.00000000e+00
0.00000000e+00
0.00000000e+00
0.00000000e+00
0.00000000e+00
0.00000000e+00
0.00000000e+00
0.00000000e+00
0.00000000e+00
0.00000000e+00
0.00000000e+00
0.00000000e+00
0.00000000e+00
0.00000000e+00
0.00000000e+00
0.00000000e+00
0.00000000e+00
0.00000000e+00
0.00000000e+00
0.00000000e+00
0.00000000e+00
0.00000000e+00
0.00000000e+00
-2.10593931e+00
-2.37344157e+00
-2.28604281e+00
0.00000000e+00
0.00000000e+00
0.00000000e+00
-7.07680197e-01
-9.61089992e-01
-1.58003571e+00
1.19386517e+00
1.74127979e-01
-7.71491933e-03
-4.31636221e-01
-6.48201926e-01
1.39423087e+00
0.00000000e+00
-6.76328529e-01
5.89681501e-01
-1.66685173e+00
-5.91633660e-01
1.22552822e+00
7.14871867e-01
1.65037840e-01
-3.95093819e-01
-1.26481486e-01
4.93619379e-02
1.09158456e-01
0.00000000e+00
0.00000000e+00
0.00000000e+00
1.58058301e-01
1.94663948e-01
6.09513434e-01
-3.23229497e-01
1.82862871e-01
-3.75433074e-02
3.50529155e-01
5.05904097e-01
-7.04862032e-01
0.00000000e+00
1.64302970e-01
-2.50426183e-01
2.29712071e-01
1.69885862e-01
-4.41290622e-01
-5.72183872e-02
-2.90783460e-01
-2.24467644e-01
9.92406579e-02
-2.25693778e-01
-2.11530533e+00
0.00000000e+00
0.00000000e+00
0.00000000e+00
-6.01318183e-01
2.76258463e-02
-1.01477242e+00
-3.45471678e-01
7.11072553e-01
-2.11027299e-01
-6.92675001e-01
-1.23973932e+00
6.43898990e-02
0.00000000e+00
1.43002830e+00
-4.14410938e-01
-3.65929635e-01
-3.96621937e-01
-3.84122298e-01
9.64184154e-01
7.34257494e-01
-4.57032767e-01
-3.43039063e-01
4.19296946e-01
-3.22231680e-01
0.00000000e+00
0.00000000e+00
0.00000000e+00
2.23558447e-01
-5.52590407e-01
3.53893147e-01
2.26553059e-01
-5.43593784e-01
7.87018323e-01
1.03193816e+00
8.94642893e-01
9.45905798e-02
0.00000000e+00
-7.42372880e-01
-8.37640314e-02
-4.95897339e-01
1.77633699e-01
5.79452734e-01
-3.49425344e-01
-3.51984790e-01
-9.39703303e-01
-6.85008677e-02
-5.63679972e-01
136
1.58003222e+00
4.30959711e-01
7.71947308e-03
4.56079720e-01
-5.07666434e-04
4.32532566e-01
-1.18514087e-03
2.60460222e-01
2.93526408e-04
0.00000000e+00
0.00000000e+00
8.02570898e-01
5.48843978e-01
5.48101572e-02
-2.42230927e-02
1.31288397e-01
5.11165539e-01
0.00000000e+00
0.00000000e+00
4.16079300e-01
3.70904151e-01
7.93048768e-01
0.00000000e+00
0.00000000e+00
0.00000000e+00
0.00000000e+00
0.00000000e+00
4.16079300e-01
1.20577794e+00
-8.34873789e-01
7.93048768e-01
0.00000000e+00
0.00000000e+00
0.00000000e+00
0.00000000e+00
0.00000000e+00
0.00000000e+00
0.00000000e+00
0.00000000e+00
0.00000000e+00
0.00000000e+00
0.00000000e+00
0.00000000e+00
0.00000000e+00
0.00000000e+00
0.00000000e+00
-3.74091165e-02
-3.81385373e-01
1.64171998e-01
-7.37800745e-01
-1.50129480e+00
7.23056412e-01
8.98800828e-01
2.55859882e-01
4.99958871e-01
-1.15494382e+00
0.00000000e+00
0.00000000e+00
0.00000000e+00
0.00000000e+00
7.93048768e-01
-8.34873789e-01
1.20577794e+00
0.00000000e+00
0.00000000e+00
0.00000000e+00
0.00000000e+00
0.00000000e+00
0.00000000e+00
0.00000000e+00
0.00000000e+00
0.00000000e+00
0.00000000e+00
0.00000000e+00
0.00000000e+00
0.00000000e+00
0.00000000e+00
0.00000000e+00
0.00000000e+00
0.00000000e+00
0.00000000e+00
0.00000000e+00
0.00000000e+00
0.00000000e+00
0.00000000e+00
0.00000000e+00
-1.57486737e+00
-1.91308058e+00
-1.89527874e+00
0.00000000e+00
0.00000000e+00
0.00000000e+00
-2.34268330e-01
-2.57943941e-01
-4.07805546e-01
7.58934895e-01
7.78785033e-02
8.59984609e-02
4.82452564e-01
5.81372767e-01
3.18317744e-01
0.00000000e+00
-3.64390716e-01
-2.63365505e-01
-1.51237076e+00
-2.53808592e-01
5.73839222e-01
5.90866645e-01
1.02655967e-01
-1.63721745e+00
-3.02582370e-01
-2.33842299e-01
-1.89416370e+00
0.00000000e+00
0.00000000e+00
0.00000000e+00
-1.84705725e-01
-2.33711009e-01
-3.78349707e-01
4.41791942e-01
1.43798573e-01
2.58489881e-02
2.55044367e-01
6.91267230e-02
6.40129945e-02
0.00000000e+00
6.35627475e-02
4.56777642e-02
-1.21793194e+00
3.11362622e-02
-3.34292046e-01
3.13083927e-01
1.03447405e-01
-1.25336965e+00
-7.69583134e-02
2.28623004e-01
3 1
-4.9267e-01 3.4647e-01
3 1
0 1 2 
217
2.38974599e-01
3.28608434e-01
-2.25506300e-01
-6.79547684e-02
-5.47068115e-01
1.68827972e-01
-1.09585687e-01
6.59698763e-01
5.86854415e-01
-3.83535463e-02
4.45275754e-01
-1.79782374e-01
-1.36501769e-01
-6.86232971e-01
1.78414164e-01
1.10449965e-03
4.23296109e-01
-1.84597064e-01
2.50343099e-03
5.84941895e-01
-6.15937987e-01
2.08730997e-02
3.56830486e-01
8.61095485e-01
5.80480080e-04
4.13032682e-01
0.00000000e+00
0.00000000e+00
8.87795981e-01
4.80882232e-01
-2.22205620e-01
-3.25798377e-01
-5.47316645e-01
2.36058247e-02
0.00000000e+00
0.00000000e+00
0.00000000e+00
-1.83639663e-02
-4.23179525e-02
2.43201546e-01
0.00000000e+00
0.00000000e+00
0.00000000e+00
0.00000000e+00
0.00000000e+00
-3.01631007e-01
2.38869618e-01
6.38752312e-01
0.00000000e+00
4.71125804e-02
-7.28182844e-01
2.43201546e-01
0.00000000e+00
0.00000000e+00
0.00000000e+00
0.00000000e+00
0.00000000e+00
0.00000000e+00
0.00000000e+00
0.00000000e+00
1.53771014e-01
2.38869618e-01
-2.10121004e-01
3.25060302e-01
-7.13521135e-01
-7.98153938e-01
3.38103683e-01
1.03874483e+00
2.89331749e-01
2.78206981e-01
4.57485452e-03
-1.58240888e-01
-8.12903661e-01
2.99354511e-01
-6.36957592e-01
9.32861206e-02
-5.05417978e-02
5.42781367e-01
8.96645279e-02
-2.89492410e-01
-4.42385515e-02
-3.13911987e-01
-3.49232744e-01
-1.06524449e-01
0.00000000e+00
0.00000000e+00
0.00000000e+00
0.00000000e+00
0.00000000e+00
0.00000000e+00
0.00000000e+00
0.00000000e+00
0.00000000e+00
0.00000000e+00
0.00000000e+00
0.00000000e+00
0.00000000e+00
0.00000000e+00
0.00000000e+00
0.00000000e+00
0.00000000e+00
0.00000000e+00
0.00000000e+00
0.00000000e+00
0.00000000e+00
0.00000000e+00
0.00000000e+00
0.00000000e+00
0.00000000e+00
0.00000000e+00
0.00000000e+00
0.00000000e+00
0.00000000e+00
0.00000000e+00
0.00000000e+00
0.00000000e+00
0.00000000e+00
0.00000000e+00
0.00000000e+00
-1.84493187e+00
-2.40419452e+00
-1.43512521e+00
0.00000000e+00
0.00000000e+00
0.00000000e+00
-4.79424518e-01
2.67806697e-01
2.84753825e-02
7.13352518e-01
3.12998207e-01
-7.56960596e-01
9.84381290e-01
-4.93440667e-01
2.07202928e-01
0.00000000e+00
-8.37014750e-01
-1.76783106e-02
-9.36426769e-01
1.83581410e-01
8.67360371e-02
2.02157947e-01
-1.81901103e-01
-6.20402717e-01
1.64923920e-01
-2.63492121e-01
-2.06358556e-01
0.00000000e+00
0.00000000e+00
0.00000000e+00
1.53240477e-01
-3.50336734e-01
-2.92488316e-01
-7.37924603e-02
-6.13607796e-02
1.70014023e-01
-5.18911188e-01
4.15506198e-01
9.70158372e-03
0.00000000e+00
3.55210023e-01
7.32173381e-02
-4.09063789e-01
-1.36432631e-01
-1.36143409e-01
5.03159336e-01
3.14034575e-01
-4.86730838e-01
1.02095923e-01
1.62722111e-01
-2.08382324e+00
0.00000000e+00
0.00000000e+00
0.00000000e+00
8.90556618e-02
-6.52293931e-01
-2.62088500e-01
9.18461671e-02
1.20757473e-02
1.40557215e-01
1.43628764e+00
-3.42212659e-01
-4.27507084e-01
0.00000000e+00
-3.07666607e-01
-3.20166112e-01
-2.09286607e-01
2.57194935e-01
-1.19103584e+00
-4.74306402e-01
4.25539745e-01
-2.39372419e-01
1.97562289e-01
-3.08006489e-01
-2.26107851e-01
0.00000000e+00
0.00000000e+00
0.00000000e+00
1.07085963e-01
-1.31484911e+00
-1.85645627e-01
3.54066891e-02
4.75442540e-02
1.16961861e-01
-4.03043884e-01
-4.54812037e-02
2.82630127e-02
0.00000000e+00
3.74209452e-01
-4.08409866e-01
1.15575825e-01
2.34251368e-01
5.53949221e-01
3.26367337e-01
-8.69119481e-02
-1.18010139e-01
-5.39577756e-02
4.50586719e-01
136
1.00788108e+00
5.41293921e-02
4.52167410e-03
2.28841757e-01
3.00471784e-03
3.10897630e-01
1.35715253e-03
4.14012303e-01
1.50124174e-04
0.00000000e+00
0.00000000e+00
7.46063679e-01
3.87978752e-01
-3.32671707e-02
-1.88285100e-01
3.59961215e-02
5.15373251e-01
0.00000000e+00
0.00000000e+00
3.45706430e-01
5.71448174e-02
2.58068521e-01
3.46961314e-01
0.00000000e+00
0.00000000e+00
0.00000000e+00
0.00000000e+00
3.45706430e-01
2.66395524e-01
-4.54367875e-01
8.57401366e-01
2.45117168e-01
2.23528427e-01
-8.22861272e-01
3.46961314e-01
0.00000000e+00
0.00000000e+00
0.00000000e+00
0.00000000e+00
0.00000000e+00
0.00000000e+00
0.00000000e+00
0.00000000e+00
0.00000000e+00
0.00000000e+00
0.00000000e+00
1.09378702e-01
-7.95784250e-01
3.77750470e-01
-4.29694286e-01
-2.78418226e-01
3.21393318e-01
7.59354231e-01
7.25143844e-02
5.10972170e-01
-9.16212079e-01
1.87609612e-01
8.27525833e-01
-2.56842161e-01
2.95640630e-01
-2.78490681e-01
-4.54367875e-01
7.35041119e-01
0.00000000e+00
0.00000000e+00
0.00000000e+00
0.00000000e+00
0.00000000e+00
0.00000000e+00
0.00000000e+00
0.00000000e+00
0.00000000e+00
0.00000000e+00
0.00000000e+00
0.00000000e+00
0.00000000e+00
0.00000000e+00
0.00000000e+00
0.00000000e+00
0.00000000e+00
0.00000000e+00
0.00000000e+00
0.00000000e+00
0.00000000e+00
0.00000000e+00
0.00000000e+00
-1.56936095e+00
-1.76485085e+00
-1.84916858e+00
0.00000000e+00
0.00000000e+00
0.00000000e+00
-2.56525372e-01
-2.42721658e-01
-3.61347505e-01
7.70799580e-01
1.21011034e-01
8.39999330e-02
5.55280527e-01
4.46589620e-01
3.78157281e-01
0.00000000e+00
-3.04410311e-01
-1.95165105e-01
-1.24956241e+00
-2.64969132e-01
6.80083256e-01
2.57678438e-01
-3.12851806e-01
-1.36834624e+00
-2.36863162e-01
-3.50005558e-01
-1.89168264e+00
0.00000000e+00
0.00000000e+00
0.00000000e+00
-2.53411181e-01
-1.72246733e-01
-3.55003824e-01
3.89723844e-01
1.85825780e-01
2.78224273e-01
7.24743911e-01
1.71472767e-01
1.40268413e-01
0.00000000e+00
-8.63193301e-02
1.21605524e-01
-1.32537245e+00
-1.43355952e-01
-1.47636501e-01
2.23802617e-01
4.70240181e-02
-1.48688527e+00
-1.72251545e-01
-3.18910028e-02
5 1
-7.6549e-01 4.0496e-01
4 0
0 1 2 3 
217
5.01826252e-01
-1.76978065e+00
7.69332424e-01
1.63497489e-01
3.83358077e-01
-1.88269253e-01
2.94690727e-01
-3.29741666e-01
-2.69581449e-01
3.41283235e-01
-1.41049560e-02
3.81573365e-01
1.07463853e-01
2.62868001e-01
-4.18774282e-01
9.40111405e-03
3.19735835e-01
-1.12580048e-01
4.77272970e-03
1.48781390e-01
1.27317803e-02
-2.51833396e-05
2.93040729e-01
1.02044880e+00
-2.81799762e-03
-1.50775900e-01
0.00000000e+00
0.00000000e+00
1.00817831e-01
5.93582500e-01
-6.57297242e-02
1.65260784e-01
4.81056875e-02
8.89190565e-01
0.00000000e+00
0.00000000e+00
0.00000000e+00
-4.32543328e-02
-2.59860619e-01
1.92783567e-01
6.12157637e-01
0.00000000e+00
0.00000000e+00
0.00000000e+00
0.00000000e+00
-1.11443464e-02
-2.03428274e-01
4.92112533e-01
0.00000000e+00
3.19600543e-01
-5.14086525e-01
2.06371536e-01
0.00000000e+00
-4.47084245e-01
-1.10402925e-01
6.66770738e-01
0.00000000e+00
-4.75706644e-02
-6.32788044e-01
6.12157637e-01
3.35882967e-01
-3.13831199e-01
4.79774484e-01
0.00000000e+00
-6.74340155e-01
-1.43856530e+00
9.17483123e-01
1.03190719e+00
8.73730609e-01
1.16179213e+00
9.78599111e-02
-1.12740336e-01
-3.89597055e-01
5.75649505e-01
-7.70718300e-01
-5.89428278e-02
-3.51370662e-01
0.00000000e+00
3.86823482e-01
-2.97678351e-01
-1.84497839e-01
-1.43067045e-01
2.99500609e-01
-8.45644457e-02
2.97360497e-01
1.63383257e-01
8.00260035e-01
3.52946253e-01
-3.28563279e-01
-3.11863755e-01
-4.04256902e-01
0.00000000e+00
0.00000000e+00
0.00000000e+00
0.00000000e+00
0.00000000e+00
0.00000000e+00
0.00000000e+00
0.00000000e+00
0.00000000e+00
0.00000000e+00
0.00000000e+00
0.00000000e+00
0.00000000e+00
0.00000000e+00
0.00000000e+00
0.00000000e+00
0.00000000e+00
0.00000000e+00
0.00000000e+00
0.00000000e+00
0.00000000e+00
0.00000000e+00
0.00000000e+00
0.00000000e+00
0.00000000e+00
0.00000000e+00
0.00000000e+00
0.00000000e+00
-2.22396742e+00
-2.35643180e+00
-2.08669686e+00
0.00000000e+00
0.00000000e+00
0.00000000e+00
-8.51549268e-01
-8.58434300e-01
1.17456705e-01
1.55212923e+00
1.37432655e-01
-5.17174934e-01
5.80126285e-02
1.04093432e+00
1.20774934e+00
0.00000000e+00
-8.69546848e-01
-5.06978297e-01
-1.61241821e+00
-8.57908700e-01
9.94532769e-01
7.21738630e-01
-1.01519851e+00
-4.80586593e-01
-7.66310290e-02
-2.70256445e-01
4.45202605e-03
0.00000000e+00
0.00000000e+00
0.00000000e+00
4.40987038e-01
-7.69766979e-02
-3.54878521e-01
-6.15065549e-01
9.82310665e-02
4.44412878e-01
1.77198596e-01
-1.80306175e-01
-5.61674771e-01
0.00000000e+00
2.80359133e-01
3.34790092e-01
3.63606352e-01
3.16852388e-01
-4.01612544e-01
-1.41505669e-01
3.15172893e-01
-3.18370776e-01
-6.46462617e-02
-5.21214457e-02
-1.93856243e+00
0.00000000e+00
0.00000000e+00
0.00000000e+00
-4.21442276e-01
6.31090263e-01
-1.22332044e+00
-3.20549950e-01
3.73254286e-01
-6.52843938e-01
7.65307695e-01
1.10381432e+00
-7.11188247e-01
0.00000000e+00
1.91548684e+00
-8.18360082e-01
-9.85220437e-01
-1.18709963e+00
4.16715547e-01
8.17593999e-01
6.06949249e-01
-2.05405792e+00
7.68794793e-01
-9.63486502e-01
-1.89766449e-01
0.00000000e+00
0.00000000e+00
0.00000000e+00
2.30511378e-01
-3.64532871e-01
8.54852962e-01
3.77510231e-01
3.00969750e-02
8.54015053e-01
6.85486655e-02
-6.19580653e-01
-2.13344185e-01
0.00000000e+00
-1.33690234e+00
1.35850345e-01
4.70420324e-02
3.57462469e-01
2.65686534e-02
-5.52343799e-01
-4.96399182e-01
8.50224998e-01
-5.59934262e-01
1.20587086e-01
136
9.92060043e-01
3.27034588e-01
4.25808419e-03
2.35629756e-01
-1.19045793e-04
3.84038685e-01
-2.77790237e-03
4.53570139e-02
6.94416106e-04
0.00000000e+00
0.00000000e+00
6.34355810e-01
3.40610861e-01
-1.66177966e-02
-7.23766973e-02
3.17537817e-02
3.66071218e-01
0.00000000e+00
0.00000000e+00
4.54175426e-01
-6.26057083e-02
1.08760448e-01
2.94258597e-01
1.97471280e-01
0.00000000e+00
0.00000000e+00
0.00000000e+00
4.54175426e-01
1.70327902e-01
-6.20232503e-01
6.22864119e-01
3.85272009e-01
1.55069155e-01
-1.40796939e-01
-2.36200548e-02
0.00000000e+00
-1.31730552e-01
-3.98124854e-01
5.81186830e-01
0.00000000e+00
9.49198106e-03
-2.72800159e-01
1.97471280e-01
0.00000000e+00
0.00000000e+00
0.00000000e+00
4.42808437e-03
-5.93428702e-01
4.28902759e-01
-3.54221724e-01
-7.75051751e-05
6.42629980e-01
4.03482344e-01
2.56473659e-02
3.39330937e-01
-1.03593949e+00
0.00000000e+00
7.27891563e-01
-1.22105651e-01
1.94375042e-01
3.76071457e-02
9.93128025e-02
5.98084905e-01
1.02102388e-01
1.48344039e-01
1.67195598e-02
0.00000000e+00
0.00000000e+00
0.00000000e+00
0.00000000e+00
0.00000000e+00
0.00000000e+00
0.00000000e+00
0.00000000e+00
0.00000000e+00
0.00000000e+00
0.00000000e+00
0.00000000e+00
0.00000000e+00
0.00000000e+00
0.00000000e+00
0.00000000e+00
0.00000000e+00
0.00000000e+00
0.00000000e+00
0.00000000e+00
-1.57971415e+00
-1.65922469e+00
-1.83874029e+00
0.00000000e+00
0.00000000e+00
0.00000000e+00
-2.17782994e-01
-2.85475086e-01
-4.21545087e-01
7.23428535e-01
7.89906559e-02
-4.42425513e-04
3.55361239e-01
5.26421862e-01
3.41633168e-01
0.00000000e+00
-2.82692143e-01
-1.19826449e-01
-1.49500871e+00
-3.42632346e-01
6.50855554e-01
5.67021383e-01
2.31780213e-02
-1.47064422e+00
-1.65887248e-01
-3.03694002e-01
-1.90603751e+00
0.00000000e+00
0.00000000e+00
0.00000000e+00
-1.31679038e-01
-3.80848464e-01
-5.88454937e-01
4.12668202e-01
3.07694061e-02
-1.84725940e-01
6.28817387e-01
1.97956311e-01
1.68179206e-01
0.00000000e+00
1.13729648e-01
1.03411372e-01
-1.14613509e+00
8.97154590e-02
-2.03141832e-01
3.36261908e-01
1.47612977e-01
-1.51029989e+00
-1.59583913e-01
1.69709711e-01
4 1
-1.0032e+00 4.2371e-01
5 1
0 1 2 3 5 
217
3.84905079e-01
1.48725690e-01
5.94367202e-02
-2.96438737e-01
-2.34281873e-01
-1.49266141e-01
-1.74984721e-01
6.14726943e-01
3.91571108e-01
6.54552771e-02
5.52868016e-01
-1.12806573e+00
-1.50267451e-01
-3.90215998e-01
-5.24832451e-01
2.14752144e-02
2.16442470e-01
-1.65180757e-01
4.08171630e-03
2.54399204e-01
6.87111742e-01
-7.13567181e-03
8.85425900e-03
3.87806545e-01
-2.98094948e-04
1.98630155e-01
0.00000000e+00
0.00000000e+00
3.29529839e-02
-1.46030096e-01
1.74064711e-01
-5.29637435e-02
5.25174161e-01
9.84639473e-01
0.00000000e+00
0.00000000e+00
4.45594445e-01
-1.48893433e-01
-7.43418609e-01
-8.46800632e-01
5.37141818e-01
1.14128149e+00
0.00000000e+00
0.00000000e+00
4.44791548e-01
-1.11590438e+00
-1.31321326e+00
1.13029198e+00
3.16956083e-01
2.00801908e-01
-5.35425590e-01
1.14886747e+00
0.00000000e+00
-4.84846036e-01
1.58250620e-02
1.34738334e+00
0.00000000e+00
-7.37473801e-02
-6.67779742e-01
-1.42460894e-01
-5.59347731e-02
5.94194691e-01
-5.98949284e-01
-8.04938837e-01
-8.20542089e-01
-2.00674192e-01
9.73889294e-01
5.00638465e-01
1.03649671e+00
8.01260008e-01
5.16673606e-02
-6.50250640e-01
-1.30618609e+00
4.93077359e-01
3.18661149e-01
4.90410999e-01
1.22248637e-01
9.06620809e-02
2.98973834e-05
1.53305607e-01
3.09454085e-01
-5.82199060e-01
-1.52409848e-02
5.17135682e-02
1.38529272e-01
1.38636485e-01
-1.52839616e-01
-1.81806814e-01
4.99377624e-02
2.89546136e-01
2.78384680e-01
1.57957794e-02
8.60939088e-02
-2.92673059e-02
-6.01241579e-03
3.40844571e-01
2.89027806e-01
3.95491536e-01
0.00000000e+00
0.00000000e+00
0.00000000e+00
0.00000000e+00
0.00000000e+00
0.00000000e+00
0.00000000e+00
0.00000000e+00
0.00000000e+00
0.00000000e+00
0.00000000e+00
0.00000000e+00
0.00000000e+00
0.00000000e+00
0.00000000e+00
0.00000000e+00
0.00000000e+00
0.00000000e+00
0.00000000e+00
0.00000000e+00
0.00000000e+00
-1.01605995e+00
-2.21500317e+00
-1.27727758e+00
0.00000000e+00
0.00000000e+00
0.00000000e+00
-2.90081077e-01
2.04661676e-02
1.45815121e-01
-3.11429292e-01
-2.82545229e-01
-9.38135760e-01
-7.69608729e-01
3.67095282e-01
1.34519922e+00
0.00000000e+00
-6.14974986e-01
-7.90270682e-02
-4.46340230e-01
-9.53996870e-02
-2.76956187e-01
8.59598580e-01
-3.16314227e-01
-9.58627295e-01
3.65939068e-01
9.98048746e-01
-1.30917534e-01
0.00000000e+00
0.00000000e+00
0.00000000e+00
2.65003541e-01
-4.85278104e-01
-6.41169811e-01
-1.94577366e-02
1.03142821e-01
1.99453753e-01
2.55267204e-01
-2.72603689e-03
-4.10196291e-01
0.00000000e+00
4.46088642e-01
-6.53364210e-01
-2.19144376e-01
2.76644719e-01
2.68397884e-01
-1.50196394e-01
2.64862523e-01
2.82120458e-01
2.29683407e-01
-1.40049527e-01
-3.06048214e+00
0.00000000e+00
0.00000000e+00
0.00000000e+00
-1.53477546e-01
1.23797145e-01
-1.96026524e-01
8.49822994e-01
-1.98115398e-01
-1.40049693e-01
7.27628626e-01
-1.21253032e+00
-8.23712851e-01
0.00000000e+00
-8.22529884e-01
2.67246998e-01
-3.54417787e-01
4.86710799e-02
-6.93299777e-01
3.14799270e-01
4.18168242e-02
-5.61612392e-01
7.81077978e-01
-1.05957088e+00
2.71656895e-01
0.00000000e+00
0.00000000e+00
0.00000000e+00
9.17456728e-02
-6.60542042e-01
-1.64183093e-01
1.78230527e-02
1.24473197e-01
9.88296923e-02
1.12565829e-01
6.35969496e-01
4.44277223e-01
0.00000000e+00
3.83195286e-01
-8.31326050e-01
-8.85254072e-02
-4.39109724e-02
-5.53568680e-02
-1.72706478e-01
-5.27085513e-02
2.05513163e-02
-1.24435616e-01
5.35921208e-01
136
6.90529172e-01
1.13497262e-01
-3.29051343e-03
2.37085359e-01
-1.50060020e-03
5.46535837e-02
3.41580145e-03
2.85292968e-01
3.78092340e-04
0.00000000e+00
0.00000000e+00
5.71435906e-01
3.76978040e-01
-1.29339144e-01
-1.91979593e-01
-1.20036452e-01
3.25636436e-01
0.00000000e+00
0.00000000e+00
0.00000000e+00
-1.66023945e-01
3.02480778e-01
2.42098584e-01
1.22979949e-01
4.27552679e-02
0.00000000e+00
0.00000000e+00
0.00000000e+00
3.01814391e-01
-2.88390355e-01
5.27926940e-01
2.53693642e-01
-1.01170851e-01
-1.14701887e-01
-2.82468514e-02
0.00000000e+00
-4.86819841e-02
-5.15192852e-01
4.33497921e-01
0.00000000e+00
3.07886093e-01
-1.79528321e-01
8.90829237e-03
0.00000000e+00
0.00000000e+00
0.00000000e+00
5.03070616e-02
-7.61711840e-01
3.89244471e-01
-3.70088851e-01
5.35425537e-02
3.07069458e-01
5.39186828e-01
-7.96222059e-02
4.43984187e-01
-6.90657626e-01
1.11099224e-01
4.46113375e-01
-1.98668597e-01
2.01784340e-01
-1.00869835e-01
1.72704736e-01
9.00918112e-01
9.66992666e-02
2.98921095e-01
1.03605441e-01
9.98187574e-02
9.26699314e-02
-1.88612454e-01
1.29278870e-01
-1.72690875e-01
0.00000000e+00
0.00000000e+00
0.00000000e+00
0.00000000e+00
0.00000000e+00
0.00000000e+00
0.00000000e+00
0.00000000e+00
0.00000000e+00
0.00000000e+00
0.00000000e+00
0.00000000e+00
0.00000000e+00
0.00000000e+00
0.00000000e+00
-1.66433946e+00
-1.67766881e+00
-1.88960807e+00
0.00000000e+00
0.00000000e+00
0.00000000e+00
-1.82705009e-01
-2.47032676e-01
-3.75396101e-01
8.85584435e-01
1.65622827e-01
9.77247841e-02
4.01172874e-01
4.99979637e-01
3.92970142e-01
0.00000000e+00
-4.65114128e-01
-1.14043556e-02
-1.38270357e+00
-4.42753107e-01
6.55717999e-01
6.35079163e-01
5.06073103e-02
-1.60254785e+00
-5.83307602e-01
-3.81102847e-01
-1.90512002e+00
0.00000000e+00
0.00000000e+00
0.00000000e+00
-1.60734972e-01
-3.08192971e-01
-4.01493023e-01
2.97649234e-01
7.40513625e-02
3.00834417e-01
4.65376923e-01
6.49635848e-02
4.86633260e-02
0.00000000e+00
1.50942305e-02
4.47808286e-02
-1.25185843e+00
7.67530399e-02
-1.85648136e-01
2.71007617e-01
1.17104942e-01
-1.31765559e+00
-1.29141817e-01
7.33254157e-02
9 1
-8.4958e-01 4.4266e-01
6 1
0 1 2 3 5 4 
217
6.14656963e-01
6.78654375e-01
-2.06052480e-01
-3.35803530e-01
-4.49892808e-01
5.86903169e-01
8.35070929e-02
8.20583969e-01
8.40436278e-01
-2.51853902e-02
2.49015942e-01
-4.74412994e-01
-1.08409542e-01
-6.71773255e-01
2.89049526e-01
8.17051813e-05
5.48022987e-01
-2.95658277e-01
1.10532793e-02
6.40720361e-01
-2.52032355e-01
9.56836844e-04
7.53686711e-01
8.73298068e-01
1.49002371e-03
3.71474744e-01
0.00000000e+00
0.00000000e+00
6.54069679e-01
3.70019959e-01
-2.74576513e-01
-2.84496806e-01
-2.95852625e-01
6.61425549e-01
0.00000000e+00
0.00000000e+00
0.00000000e+00
7.03905263e-01
-5.06435836e-01
-6.27676483e-01
-5.17874526e-01
-4.24171636e-03
1.56698026e+00
0.00000000e+00
0.00000000e+00
-8.95657750e-01
-4.24559363e-01
9.56853004e-01
3.06320314e-01
1.96596351e-01
3.72550108e-01
-2.90845586e-01
0.00000000e+00
-1.47018077e-01
3.46487097e-01
8.29564079e-01
0.00000000e+00
3.69334909e-01
5.38637576e-02
-5.46640454e-01
-1.28924047e-01
-9.74815917e-02
8.41062602e-01
6.61517892e-01
-5.19047405e-01
-7.57336589e-02
-1.89505922e-01
9.55151296e-01
6.61692398e-01
2.60865178e-01
0.00000000e+00
-5.11355501e-01
-8.62125132e-01
7.01372056e-01
-5.29149280e-01
5.95900586e-01
-2.83769159e-01
1.71662056e-01
-4.30501569e-03
6.28501597e-01
5.40578963e-02
1.48822863e-01
3.93242026e-01
-1.79819991e-01
0.00000000e+00
-3.03294041e-01
4.79568677e-01
6.84822262e-01
-4.43205815e-01
2.33128742e-01
2.57337910e-01
1.69599918e-01
2.32245904e-01
-2.20056318e-01
3.52301279e-02
3.68350758e-01
1.77581012e-01
2.51237057e-02
0.00000000e+00
-1.13338645e+00
4.20914567e-01
8.60664319e-01
-2.93852801e-01
9.08993521e-01
9.68403294e-02
0.00000000e+00
0.00000000e+00
0.00000000e+00
0.00000000e+00
0.00000000e+00
0.00000000e+00
0.00000000e+00
0.00000000e+00
0.00000000e+00
0.00000000e+00
0.00000000e+00
0.00000000e+00
0.00000000e+00
0.00000000e+00
-1.58793682e+00
-2.36847764e+00
-1.55891092e+00
0.00000000e+00
0.00000000e+00
0.00000000e+00
-4.73393376e-01
5.98580846e-01
1.74167064e-01
-7.98257085e-02
5.02136226e-01
1.13548810e+00
2.67540916e-01
-7.12293471e-01
-1.11809687e+00
0.00000000e+00
-6.01614602e-01
-2.26491691e-01
-5.43943105e-01
-7.62614443e-01
-4.08657931e-01
1.26264407e+00
8.97851062e-01
-7.15053213e-01
-7.24967340e-01
-3.03674535e-02
-2.06136972e-01
0.00000000e+00
0.00000000e+00
0.00000000e+00
-6.53956431e-02
-3.02924037e-01
-3.11410438e-01
3.61861932e-01
-2.50114358e-01
-6.48373718e-01
-1.59127021e-01
4.62557421e-01
7.37679058e-01
0.00000000e+00
2.90898037e-01
9.00932095e-02
-2.60551233e-01
2.22294543e-01
-4.29576571e-02
-8.00072568e-02
-2.39438574e-01
-3.31240779e-01
3.76959725e-01
-5.69401810e-02
-2.10407326e+00
0.00000000e+00
0.00000000e+00
0.00000000e+00
-7.08308716e-01
-7.12049671e-01
-3.66458674e-01
7.94818217e-01
3.16637746e-01
1.89000099e-02
1.41051948e+00
-1.36069850e+00
6.56349619e-01
0.00000000e+00
-5.54946508e-02
3.93950401e-01
-6.87079762e-01
9.29836343e-01
-4.51113758e-01
-5.28187637e-01
6.72934003e-03
-4.86890901e-01
-6.28336634e-01
-6.47195509e-01
-3.90537615e-01
0.00000000e+00
0.00000000e+00
0.00000000e+00
3.74934979e-01
-1.27900238e+00
-2.28442110e-01
-3.65237734e-01
-1.47005929e-01
-1.21193798e-01
-4.32677657e-01
5.90384861e-01
-4.81408956e-01
0.00000000e+00
3.11043240e-01
-4.71049368e-01
4.09069290e-01
-1.01676666e-01
1.56717157e-02
4.53940099e-01
6.20671261e-02
-3.22260865e-01
5.69368535e-01
7.72938007e-01
136
1.91380153e-01
-1.41329477e-01
1.79028602e-03
8.26625361e-02
-4.06509087e-04
1.50509739e-03
3.37924327e-03
2.48541997e-01
1.35288599e-04
0.00000000e+00
0.00000000e+00
4.45955026e-01
2.39115532e-01
-1.56955056e-01
-2.59079504e-01
-1.29245396e-01
2.21227104e-01
0.00000000e+00
0.00000000e+00
0.00000000e+00
8.98538681e-02
-1.07203651e-01
-3.32979555e-01
-2.76115032e-01
3.37947470e-01
3.61696159e-01
0.00000000e+00
4.47142088e-02
-5.82554129e-01
-2.10202663e-01
7.49268258e-01
-1.77190888e-01
-3.10946322e-01
2.34825178e-01
3.96598185e-01
0.00000000e+00
4.82000349e-01
-4.72558110e-01
2.08305507e-01
0.00000000e+00
6.19739433e-01
-2.71669554e-01
-5.26411657e-01
0.00000000e+00
0.00000000e+00
0.00000000e+00
-1.64294938e-01
-6.80324533e-01
4.62054187e-01
-2.76621938e-01
2.85696418e-02
-5.94858875e-02
1.42710897e-01
3.98451372e-02
5.08921749e-01
-7.19767225e-01
-3.00719942e-02
2.45354220e-01
-2.61543398e-01
1.75862383e-01
-6.69395770e-01
-6.11635789e-01
1.60855042e+00
4.27307512e-01
4.84884353e-01
-4.60712502e-02
-3.34652987e-02
-9.74328055e-02
-1.60665742e-01
1.23507240e-01
-3.10633003e-01
0.00000000e+00
7.67208743e-02
1.20731283e-01
4.51709876e-01
-2.52642738e-01
0.00000000e+00
0.00000000e+00
0.00000000e+00
0.00000000e+00
0.00000000e+00
0.00000000e+00
0.00000000e+00
0.00000000e+00
0.00000000e+00
0.00000000e+00
-1.57965517e+00
-1.66670351e+00
-1.88049195e+00
0.00000000e+00
0.00000000e+00
0.00000000e+00
-1.77596675e-01
-4.15405204e-01
-4.31008454e-01
8.28404307e-01
7.61498601e-02
6.47159999e-02
3.85162946e-01
4.30952972e-01
4.18991586e-01
0.00000000e+00
-3.81109437e-01
-6.00259302e-02
-1.39544423e+00
-2.99292614e-01
6.95552330e-01
4.69698848e-01
-2.91943213e-02
-1.41811526e+00
-3.03621003e-01
-3.39307670e-01
-1.91547894e+00
0.00000000e+00
0.00000000e+00
0.00000000e+00
-1.56001501e-01
-3.19918045e-01
-4.09246437e-01
3.74243480e-01
1.95729497e-01
3.80846305e-01
5.78143048e-01
1.71684278e-01
5.19446294e-02
0.00000000e+00
-3.59402115e-02
5.89264195e-02
-1.37015003e+00
1.02458279e-02
-1.13367582e-01
1.90481367e-01
3.79834991e-02
-1.33736285e+00
-1.57207730e-01
-6.65129092e-02
6 2
-9.9419e-01 4.7022e-01
7 -1
0 1 2 3 5 4 9 
217
1.90553787e+00
9.17345702e-02
-1.46132587e+00
6.67939234e-02
9.75665330e-03
1.04496032e+00
1.04696514e+00
-1.04201029e-02
9.87703120e-01
-3.07029408e-01
5.68166326e-01
-1.05308193e+00
-7.07053363e-01
-1.35781408e+00
7.50949454e-03
-3.37748917e-03
2.80516863e-01
2.54058065e-01
-3.59188680e-03
1.90639567e-01
7.39954074e-01
3.33064396e-04
-8.54476854e-02
9.04016239e-01
-5.13329070e-03
-1.70437047e-01
0.00000000e+00
0.00000000e+00
1.81374302e+00
6.87436886e-01
-2.83949651e-01
-5.16567901e-01
-8.75778861e-02
4.02746734e-01
0.00000000e+00
0.00000000e+00
0.00000000e+00
6.66031293e-01
-3.09430519e-02
-2.82209859e-01
-2.38400357e-01
-3.66691248e-01
9.49779801e-02
0.00000000e+00
0.00000000e+00
-8.36784844e-01
1.85724060e-01
7.00479971e-01
7.18921840e-01
3.17600218e-01
0.00000000e+00
3.42691385e-01
0.00000000e+00
2.75813078e-01
8.95423971e-01
1.37268045e+00
0.00000000e+00
4.95071345e-01
0.00000000e+00
5.87382991e-01
2.34122018e-01
4.63485482e-01
1.20793037e+00
-1.02195655e+00
-3.27440165e-01
-6.70652365e-01
1.77339458e+00
8.74737899e-01
1.48154001e+00
1.01211826e+00
-2.35016572e-01
3.47927496e-01
2.62734553e-01
1.08635339e+00
-7.15146650e-01
7.06273558e-01
-3.90602854e-01
8.20382226e-01
9.15243743e-01
0.00000000e+00
-1.85758825e-01
-1.56659814e-01
3.55670728e-01
-3.17285528e-01
5.01958714e-02
4.75472090e-01
2.58067540e-01
4.96740672e-01
-1.37820690e-01
8.83129239e-01
4.28378925e-01
8.15719351e-01
3.99133376e-01
-3.62249674e-01
2.16911736e-01
4.35885382e-03
4.73773410e-01
-4.37834780e-01
-3.71659484e-02
-9.72289309e-01
-1.13174548e-01
1.69886853e+00
1.23849968e-01
1.21612460e+00
3.53063893e-01
5.01958714e-02
7.86259971e-02
-2.01935247e-01
8.86792546e-01
-5.95414510e-01
8.89923459e-01
4.11455290e-01
0.00000000e+00
0.00000000e+00
0.00000000e+00
0.00000000e+00
0.00000000e+00
0.00000000e+00
0.00000000e+00
-1.95639101e+00
-2.10858486e+00
-1.28169646e+00
0.00000000e+00
0.00000000e+00
0.00000000e+00
-1.45862212e+00
9.89674334e-02
-3.36721456e-01
1.19322459e+00
7.12085963e-01
-3.07046738e-01
1.33746983e-01
1.15556687e+00
6.25728809e-01
0.00000000e+00
-5.80411842e-01
-3.37321424e-01
-1.32094806e+00
-4.50714273e-01
-8.70778810e-01
1.83092714e+00
5.42903065e-01
-5.03015605e-01
-3.58179681e-01
-1.05108730e+00
-3.19309607e-01
0.00000000e+00
0.00000000e+00
0.00000000e+00
6.36185918e-01
-5.28139145e-01
1.21089514e-01
-1.09079658e-03
-1.48353180e-01
5.24448852e-02
2.66169561e-01
-2.97864580e-01
-3.70475543e-01
0.00000000e+00
-8.45413119e-02
2.99583661e-01
2.66808008e-01
2.11101717e-02
3.07712068e-01
-4.34109227e-01
-1.42910582e-01
-5.55470149e-01
-1.49586487e-01
4.22127609e-01
-1.79181318e+00
0.00000000e+00
0.00000000e+00
0.00000000e+00
-8.53606573e-02
4.89280302e-01
4.72363215e-01
1.37496349e+00
-1.09307013e-01
5.70374977e-01
1.78551666e-02
2.14632176e-01
-7.07486786e-01
0.00000000e+00
-5.46245020e-01
1.70773596e+00
-1.04356876e+00
-6.88480999e-01
-1.95791997e-02
7.09147967e-01
-1.09140212e+00
-1.02529771e+00
-1.38294732e+00
-6.48490844e-01
-1.43795028e-01
0.00000000e+00
0.00000000e+00
0.00000000e+00
2.27587410e-01
-4.01228043e-01
-5.49455919e-01
-7.06103768e-01
1.46020826e-01
-3.39340538e-01
-2.92691582e-01
-1.09606151e-01
6.39538468e-01
0.00000000e+00
2.67956837e-01
-7.13306510e-01
1.56902005e-01
4.89375969e-01
1.51735884e-01
-1.98469901e-01
6.57245506e-01
-1.74715118e-01
2.67644969e-01
3.37114627e-01
136
7.90447399e-01
3.79033279e-01
4.78998714e-03
1.18898737e-01
9.31380230e-04
1.36464003e-01
-3.05337158e-04
1.56051380e-01
9.02334663e-04
0.00000000e+00
0.00000000e+00
5.71709034e-01
5.24495423e-01
1.81456661e-01
8.67700484e-02
1.15019036e-02
3.90546459e-01
0.00000000e+00
0.00000000e+00
0.00000000e+00
8.88546583e-02
-6.87875869e-02
-2.94449945e-01
-3.65827320e-01
-1.44297096e-01
4.83761073e-01
7.01138522e-01
-2.55889893e-01
1.48721657e-01
-5.68358292e-01
9.50460916e-01
-1.54615216e-01
1.70453514e-01
-7.23687231e-02
4.73093585e-01
0.00000000e+00
3.63450148e-01
-6.85260567e-01
5.05655218e-01
0.00000000e+00
5.86174664e-01
-3.43077709e-01
-2.72195590e-01
0.00000000e+00
0.00000000e+00
0.00000000e+00
-7.06083146e-01
-1.42928357e+00
2.26891040e-01
-4.87791939e-01
5.03208644e-02
3.41664344e-01
4.60834218e-01
8.43518225e-02
4.65258048e-01
-1.00180003e+00
-7.22883404e-02
4.96055585e-01
-1.48050533e-01
2.46865639e-01
-1.49744103e-01
9.01018433e-02
1.27864967e+00
3.36390006e-01
3.89863148e-01
-7.11493398e-02
-8.74553053e-02
-2.83705884e-01
-1.46683728e-01
6.17483849e-02
-1.62614057e-01
3.98626466e-01
2.09110621e-01
7.07344253e-02
4.38543895e-01
-3.09415916e-01
8.74005755e-01
-5.35174807e-02
-7.81592266e-02
1.49872148e-01
-2.97150391e-01
0.00000000e+00
0.00000000e+00
0.00000000e+00
0.00000000e+00
0.00000000e+00
-1.56569102e+00
-1.75925057e+00
-1.89274318e+00
0.00000000e+00
0.00000000e+00
0.00000000e+00
-2.31885141e-01
-4.58422917e-01
-4.46272997e-01
7.22927850e-01
1.31466806e-01
7.89533233e-02
2.95385374e-01
4.54789153e-01
3.93977594e-01
0.00000000e+00
-3.39271266e-01
-5.91780654e-03
-1.42344248e+00
-2.92792192e-01
6.49716307e-01
5.66418206e-01
2.56726015e-02
-1.42679395e+00
-2.38109871e-01
-3.49141777e-01
-2.07257373e+00
0.00000000e+00
0.00000000e+00
0.00000000e+00
-1.99381817e-01
-4.93743308e-01
-3.67633351e-01
2.85788040e-01
1.32678736e-01
3.08904789e-01
6.19727309e-01
1.76889467e-01
-3.41527108e-03
0.00000000e+00
5.82868369e-02
-7.54767172e-02
-1.26317494e+00
4.24435988e-02
-2.35292798e-01
2.51830026e-01
3.72338753e-02
-1.34565836e+00
-9.64800243e-02
9.39001794e-02
7 2
-1.4174e+00 5.2369e-01
8 -1
0 1 2 3 5 4 9 6 
217
3.88889768e-01
-4.30588717e-01
8.56174627e-01
-3.24977596e-01
-5.36580503e-01
4.62875480e-01
1.25461726e-01
1.61327038e-02
3.30005690e-01
-3.14841410e-01
4.03651834e-01
-4.06297483e-01
6.63510211e-02
-7.69219219e-01
-3.35138503e-01
1.04467375e-02
4.13917754e-01
-1.85227415e-02
-3.23300191e-03
4.77914841e-01
-1.16194822e-01
1.21464390e-05
4.21794132e-01
8.58745834e-01
4.50609427e-03
-6.31439625e-02
0.00000000e+00
0.00000000e+00
3.36432369e-01
3.82324367e-01
3.78990162e-01
2.47192379e-01
-4.97196487e-01
-3.73813594e-01
0.00000000e+00
0.00000000e+00
0.00000000e+00
-1.09660342e-01
-1.91804238e-01
-2.35551460e-01
1.30160033e-01
1.31176673e-01
7.33195729e-01
-6.86266264e-02
0.00000000e+00
-2.95815222e-01
7.72748591e-01
9.38760214e-02
0.00000000e+00
4.23381924e-01
2.64970598e-01
-5.49334451e-01
0.00000000e+00
2.20786053e-01
-4.88324706e-01
6.74968619e-01
0.00000000e+00
1.52519461e-01
0.00000000e+00
1.73498640e-01
2.81972237e-01
-5.86092415e-01
6.93009946e-01
-1.75943443e-01
-3.29047835e-01
-1.18387453e+00
4.08546176e-01
5.05601984e-01
4.85334869e-01
7.67686288e-01
-3.68324243e-01
-6.88148608e-02
-3.35860167e-01
2.85447891e-01
-7.52362905e-01
5.40580980e-01
-6.49454054e-02
5.87690253e-01
4.40334228e-01
0.00000000e+00
-2.37113224e-01
-1.02173390e-02
-4.02021488e-01
-5.43926809e-01
-3.75873209e-01
2.03418079e-01
3.63607161e-01
4.01736668e-01
-2.48568960e-02
1.59608229e-01
1.34010873e-01
5.87690253e-01
2.02407269e-01
-1.01333346e-02
2.22598545e-01
-4.05071935e-01
-6.23806298e-01
-7.10435957e-01
0.00000000e+00
-1.42212506e+00
-1.03469173e+00
1.61111485e+00
-6.50919775e-01
7.56723643e-01
9.12766041e-01
-3.81577684e-01
-1.48640654e-01
6.03072017e-02
7.74833973e-01
-6.97971061e-01
1.44274133e-01
3.91843463e-01
1.57491225e-01
-1.31612893e-02
8.85685982e-01
1.62358646e-01
-2.65839814e-01
8.22011857e-02
-1.93393970e-01
-2.25678120e+00
-2.25982987e+00
-2.25252729e+00
0.00000000e+00
0.00000000e+00
0.00000000e+00
-4.53600308e-01
2.35103020e+00
-1.42042288e+00
-9.13432578e-02
9.11953083e-01
-1.94405809e-01
-7.54208665e-01
8.14301548e-01
1.66349858e+00
0.00000000e+00
-9.45759163e-01
1.11346906e-01
-1.19647417e+00
-1.30732973e-01
-4.93152975e-01
1.13861623e+00
-1.97080766e-01
-5.06740813e-01
-1.78295917e+00
-1.07639290e+00
-4.91224278e-02
0.00000000e+00
0.00000000e+00
0.00000000e+00
4.15579648e-02
-1.36461848e+00
4.95178024e-01
4.34823722e-01
-3.81084291e-01
3.67694341e-01
8.34047979e-01
-1.49616953e-01
-5.56355275e-01
0.00000000e+00
6.35418632e-02
-4.42413232e-04
-2.69617344e-02
-3.58189251e-01
4.28146557e-01
-4.32638298e-01
3.03057651e-02
-5.96925276e-01
7.29410606e-01
3.93002728e-01
-2.31815083e+00
0.00000000e+00
0.00000000e+00
0.00000000e+00
4.11158146e-01
-6.63513394e-02
-1.11256002e+00
6.74729558e-01
7.73723166e-01
7.56584658e-01
1.06401305e+00
9.89864285e-01
-8.06180668e-01
0.00000000e+00
-1.50198923e-01
1.45028761e-01
-6.87378254e-01
9.52275387e-01
1.93523465e+00
-7.79177860e-01
-4.25718140e-01
-3.17845864e-01
-4.17508992e-01
7.65140894e-01
-7.85942560e-01
0.00000000e+00
0.00000000e+00
0.00000000e+00
5.72648932e-01
-1.34433295e-01
1.22681002e+00
4.05877634e-01
-7.04101609e-02
5.47852268e-01
2.15592649e-01
2.83799442e-01
9.68468489e-01
0.00000000e+00
9.66274821e-01
1.41128537e-01
8.26288538e-01
1.42665468e-01
-2.59194340e-02
1.12744869e+00
1.05031983e+00
1.21630322e-01
1.04559637e+00
4.90298341e-01
136
7.94080355e-01
2.98421553e-01
2.44740178e-04
3.76294990e-01
-2.40551994e-03
1.24701966e-01
-3.74763804e-04
-5.33815382e-03
-1.81257171e-03
0.00000000e+00
0.00000000e+00
2.81450175e-01
3.61542252e-01
5.74201951e-02
3.98677536e-02
2.47623210e-01
7.83180088e-01
0.00000000e+00
0.00000000e+00
0.00000000e+00
-1.17925488e-01
-8.31772746e-02
-2.03751500e-01
-2.32971732e-01
2.51447924e-02
2.86731597e-01
7.40589693e-01
-2.50411802e-01
1.59316694e-01
-4.69671744e-01
9.41964836e-01
-3.00425649e-01
1.42311288e-01
-3.79251780e-02
5.57165021e-01
0.00000000e+00
2.94245843e-01
-6.12699969e-01
5.86708278e-01
0.00000000e+00
5.23295637e-01
-6.64404358e-01
-9.74233866e-02
0.00000000e+00
0.00000000e+00
0.00000000e+00
-8.87932696e-01
-1.42557116e+00
1.81846290e-01
-5.10153807e-01
-1.97306944e-02
1.78075090e-01
4.12291767e-01
3.97901328e-02
4.08703959e-01
-8.99096254e-01
1.99724825e-02
6.16782488e-01
-1.45913220e-01
2.39758157e-01
-1.32436309e-01
1.45433478e-01
1.24318309e+00
2.96783651e-01
3.60353410e-01
2.88717015e-02
-6.03726775e-02
-1.66952816e-01
-1.93675702e-01
9.00163419e-02
-1.72461427e-01
4.38187416e-01
1.30105561e-01
7.86173627e-02
3.80932555e-01
-3.85641566e-01
9.02862364e-01
2.05975633e-02
-1.44496957e-01
1.70737510e-01
-2.99513201e-01
-6.31713806e-02
2.37017431e-01
-6.28478925e-03
1.77913520e-01
4.77859425e-02
-1.58579816e+00
-1.65663539e+00
-1.90237285e+00
0.00000000e+00
0.00000000e+00
0.00000000e+00
-1.77484463e-01
-5.88485035e-01
-4.57021020e-01
7.20106894e-01
1.51716982e-01
1.51346875e-02
2.42810430e-01
4.53887234e-01
3.86582623e-01
0.00000000e+00
-3.05463959e-01
-6.58005795e-02
-1.32344974e+00
-2.52815307e-01
6.24369478e-01
6.05294957e-01
3.91729723e-03
-1.40590245e+00
-2.62272499e-01
-2.67498382e-01
-1.98451627e+00
0.00000000e+00
0.00000000e+00
0.00000000e+00
-1.57014485e-01
-3.80001030e-01
-4.44612494e-01
3.00191400e-01
1.73267675e-01
2.95319017e-01
5.53661342e-01
1.54146315e-01
7.43045331e-02
0.00000000e+00
8.93684415e-03
3.06034339e-02
-1.33746465e+00
1.04704672e-01
-1.65022517e-01
2.25524303e-01
3.74109972e-02
-1.35710692e+00
-1.71000418e-01
6.96357133e-02
8 1
-2.0122e+00 5.5013e-01
8 1
0 1 2 3 5 4 9 6 
217
2.79288361e-01
4.08071646e-02
1.82950885e-02
-4.73375729e-01
-5.88961360e-01
1.97544378e-01
1.27645948e-01
2.21939080e-01
5.29099050e-01
4.19138085e-02
2.73671054e-01
-4.20239148e-01
-6.21663316e-02
5.93444255e-01
1.00021487e-01
4.86935606e-02
3.43277668e-01
-3.05277780e-01
-6.11188416e-03
1.02073819e+00
-1.25801981e+00
2.05496025e-02
8.56779071e-01
1.74256447e+00
-2.32577003e-03
1.71999325e-01
0.00000000e+00
0.00000000e+00
3.93153278e-01
-5.17003065e-01
-1.81149543e-01
2.07328110e-01
2.13055469e-02
4.99570333e-01
0.00000000e+00
0.00000000e+00
0.00000000e+00
2.47841253e-01
-4.03540116e-01
-3.03670618e-01
-4.03713110e-01
2.32161053e-01
8.81914234e-01
2.82956657e-02
0.00000000e+00
-1.71137458e+00
3.92868317e-01
2.33875640e-01
3.72125206e-01
-6.14525490e-01
5.59442453e-01
5.75797772e-01
0.00000000e+00
3.70604573e-01
9.21314398e-02
1.05191384e+00
0.00000000e+00
8.69493621e-01
0.00000000e+00
2.84473901e-01
-4.27726621e-01
-4.67412299e-01
1.17442728e+00
-3.83286101e-01
-3.97684820e-01
-5.56265092e-01
4.50306999e-01
1.17445310e+00
6.09952284e-01
3.53479198e-01
-1.26988034e-01
-5.39686098e-01
-1.16907706e+00
8.01180023e-01
-4.52481660e-02
1.44782471e-01
1.83450692e-01
3.42861694e-01
1.44853817e-01
-6.44422667e-01
-7.44675010e-02
8.83454385e-02
-1.33959649e-01
-2.11235352e-01
0.00000000e+00
2.78878483e-02
-4.11587474e-01
7.12190738e-01
-7.20703388e-01
-2.98807972e-01
1.62006676e-01
3.42861694e-01
2.70242359e-01
5.16578761e-01
-6.96111550e-01
5.04618784e-01
3.62295858e-01
4.04393940e-01
0.00000000e+00
-1.69455797e-01
4.13646190e-01
2.00711873e-01
-5.34826002e-01
5.37630000e-02
-4.63609508e-01
0.00000000e+00
-2.73914078e-01
-1.78462562e-03
8.73793583e-01
-6.99488077e-01
-1.58608891e-01
6.17917141e-02
-9.45129766e-02
-4.61968151e-01
0.00000000e+00
-8.53933614e-02
-1.21695722e+00
9.21162850e-01
1.12473414e+00
-1.83549678e+00
-1.98887260e+00
-1.48729811e+00
0.00000000e+00
0.00000000e+00
0.00000000e+00
-1.37398926e-01
1.72040421e-01
-1.45940606e+00
2.71773026e-01
7.61048097e-01
-6.43356076e-01
-1.19154415e-01
1.08338008e+00
1.02970045e+00
0.00000000e+00
-7.12778871e-01
-1.37240052e-02
-7.46758356e-01
-5.18277358e-01
2.41599788e-01
-3.57528764e-01
3.85976557e-02
-9.15451124e-01
-5.74135019e-01
1.11253134e+00
-2.27211300e-01
0.00000000e+00
0.00000000e+00
0.00000000e+00
6.70957729e-03
-4.90175034e-01
3.00882915e-01
-1.33634861e-01
-2.58667903e-01
2.65404517e-02
1.38640292e-01
-4.01703050e-01
-2.71982341e-02
0.00000000e+00
3.96851063e-01
-3.82920754e-01
-4.51003202e-01
5.23576452e-02
4.53620571e-01
3.73723845e-01
2.80494421e-01
-2.89586471e-01
5.87924015e-01
-4.10066588e-01
-2.08909794e+00
0.00000000e+00
0.00000000e+00
0.00000000e+00
2.97901362e-01
-1.08001238e+00
8.86284423e-02
-2.01298986e-01
-6.37284719e-01
1.55670059e-01
1.13606842e+00
-6.53108115e-02
1.14478057e+00
0.00000000e+00
-2.38788874e+00
-1.01251876e+00
-2.01560212e-01
7.12648828e-01
1.32971421e+00
8.97963137e-01
-3.57446178e-01
-5.28875047e-01
-4.79649946e-01
-9.00627179e-01
-3.20172516e-02
0.00000000e+00
0.00000000e+00
0.00000000e+00
1.15181645e-01
1.32749848e-03
-2.36461243e-01
6.92388622e-01
5.79721836e-01
-9.93364462e-02
-2.91817862e-01
-1.19388469e-01
-2.38539652e-01
0.00000000e+00
9.56712319e-01
-6.02845682e-01
-1.62934463e-01
-1.00227414e-01
-7.09944592e-01
-2.30499792e-01
2.45390306e-01
-5.93760202e-01
3.20759595e-01
4.42256743e-01
136
4.52161445e-01
4.66111000e-02
4.57434644e-03
1.50639337e-01
-2.61980567e-03
8.72690933e-02
1.52824918e-03
1.67641914e-01
4.85043875e-04
0.00000000e+00
0.00000000e+00
4.73536164e-01
3.59563812e-01
-2.58897618e-02
-2.12517044e-01
-1.30992334e-01
2.71130286e-01
0.00000000e+00
0.00000000e+00
0.00000000e+00
9.21252311e-02
1.00701183e-01
-6.94207443e-02
-1.14208839e-01
9.48414240e-03
5.77668653e-02
2.49701497e-01
-2.66724977e-01
1.27808378e-01
-2.09812189e-01
5.33625426e-01
5.36321231e-02
1.43838575e-01
6.03477074e-02
2.35391935e-02
0.00000000e+00
2.07851682e-01
-2.26004283e-01
2.79550155e-01
0.00000000e+00
2.40988651e-01
-1.33127368e-01
-3.60205637e-01
0.00000000e+00
0.00000000e+00
0.00000000e+00
-8.12198983e-02
-6.63615081e-01
3.65224040e-01
-2.71939368e-01
-1.33933770e-03
2.81836338e-01
2.02412101e-01
-2.48765383e-02
3.73606148e-01
-7.38008650e-01
7.70500632e-02
3.36957515e-01
-1.95229884e-01
1.90002913e-01
-6.50101057e-02
-1.31973137e-01
8.92215137e-01
1.73280661e-01
2.95537706e-01
1.50629952e-01
5.44580268e-02
3.07796296e-02
-9.68877298e-02
1.05642111e-01
-1.35478175e-01
2.22602541e-01
1.90133167e-01
2.32444406e-01
3.25055540e-01
-2.75892542e-01
4.04783453e-01
9.67552286e-02
-7.24204147e-02
1.77322377e-01
-3.62133494e-01
2.40888154e-02
1.77500901e-01
4.39938246e-02
1.44258813e-01
-1.78518749e-02
-1.51284278e+00
-1.71145624e+00
-1.89310439e+00
0.00000000e+00
0.00000000e+00
0.00000000e+00
-2.22256347e-01
-4.69882598e-01
-4.47386507e-01
6.78553434e-01
1.08673107e-01
1.05197810e-01
3.50928061e-01
5.13382315e-01
4.08823231e-01
0.00000000e+00
-3.85261518e-01
-2.84399006e-02
-1.32171189e+00
-2.78337247e-01
5.59138946e-01
5.75813802e-01
-3.72109203e-02
-1.38046581e+00
-3.53948583e-01
-2.68713777e-01
-2.03546678e+00
0.00000000e+00
0.00000000e+00
0.00000000e+00
-1.55929112e-01
-4.01653363e-01
-4.63845626e-01
2.96100004e-01
1.58544044e-01
2.61940507e-01
5.45737488e-01
1.96688605e-01
1.55418897e-04
0.00000000e+00
1.40423856e-02
4.16400496e-02
-1.29148462e+00
1.18485196e-01
-1.57945547e-01
2.04695924e-01
5.50806269e-02
-1.37176304e+00
-1.72279831e-01
8.63241116e-02
10 1
-1.7813e+00 5.5093e-01
8 1
0 1 2 3 5 4 9 6 
217
2.30135141e-01
3.47099821e-01
1.56967935e-01
-5.49657526e-01
-4.80767134e-01
5.62548200e-01
-2.72120992e-02
-4.97121755e-02
4.14173661e-01
-2.08014770e-01
-1.10581715e-01
6.45483632e-01
4.34522429e-01
-3.28400116e-01
1.08080603e-01
2.72838338e-02
1.80035971e-01
-4.27305268e-01
5.51470209e-03
1.27576299e+00
6.73004333e-02
1.62079049e-03
6.50586930e-01
4.82059372e-01
-2.14405744e-03
7.22998667e-01
0.00000000e+00
0.00000000e+00
-5.56228306e-01
2.99712627e-01
7.81250578e-02
-7.24575121e-02
3.16452492e-01
7.82856768e-01
0.00000000e+00
0.00000000e+00
0.00000000e+00
2.39143976e-01
-1.04906642e-01
-1.63423010e-01
-4.85737242e-01
-8.02085015e-01
-2.49443850e-01
1.79658692e+00
0.00000000e+00
-7.09272697e-01
-4.59696387e-01
4.01693479e-01
0.00000000e+00
-3.97642612e-01
1.22130048e+00
7.24113144e-02
0.00000000e+00
-1.22436251e-01
-2.02370138e-01
5.68103088e-01
0.00000000e+00
6.87767834e-01
0.00000000e+00
-1.23093889e-01
-3.36111915e-01
-4.16182183e-01
9.82429239e-01
6.38990724e-01
-7.86385850e-01
-2.38976150e-01
3.07175232e-01
5.04886400e-01
7.03550346e-02
9.16081791e-02
0.00000000e+00
-6.55503166e-01
-7.96275184e-01
7.98704967e-01
-6.33176358e-02
3.15189784e-01
1.87871338e-01
-1.64374660e-02
-3.64307906e-02
-1.25806207e-01
8.64317250e-02
3.02274006e-01
1.96571672e-01
-9.38281084e-02
0.00000000e+00
-4.91056506e-02
0.00000000e+00
5.38979553e-03
4.84432917e-01
4.38127647e-01
3.46862597e-01
-1.64374660e-02
-1.29224977e-01
-7.44358184e-01
1.45075059e-01
-2.05722974e-01
2.30722525e-01
-3.00996771e-01
0.00000000e+00
-5.21453956e-01
-4.51182401e-01
6.89113997e-01
-5.24811318e-01
1.68601330e-01
-4.46757641e-01
0.00000000e+00
-4.56057214e-01
-5.81000482e-01
6.87739541e-01
-2.90745689e-01
1.62729465e-01
-3.41719101e-01
1.62719434e-01
-4.51780213e-02
0.00000000e+00
1.35266803e-01
1.07029361e-01
-2.26730754e-02
-8.72747251e-01
-1.70653558e+00
-1.86348689e+00
-1.18949952e+00
0.00000000e+00
0.00000000e+00
0.00000000e+00
4.89630142e-01
-5.71386179e-02
-3.86946595e-01
3.74554642e-01
-4.50090401e-01
-5.81220267e-01
9.28452667e-01
3.25481718e-01
5.21167533e-01
0.00000000e+00
-9.44164368e-01
-7.21930975e-01
-5.79251859e-01
7.16632515e-01
1.45977436e+00
-3.32795352e-01
-5.92763104e-01
-8.55767048e-01
-1.02077993e+00
5.17655417e-01
-3.97199324e-01
0.00000000e+00
0.00000000e+00
0.00000000e+00
-1.78117883e-01
-9.46998416e-01
-1.96702347e-01
-2.00320058e-01
-5.74896551e-02
-1.69398383e-01
-6.43454878e-01
-4.99510309e-02
1.55915161e-01
0.00000000e+00
5.22715799e-01
3.99721148e-01
-5.90723801e-01
-3.05072366e-01
-3.19818910e-01
3.73041444e-01
3.32128992e-01
4.86952357e-01
8.79534201e-01
1.10839302e-01
-1.76358142e+00
0.00000000e+00
0.00000000e+00
0.00000000e+00
7.97516570e-01
-3.94936010e-01
6.05958748e-02
5.82290086e-01
-5.03173126e-01
-1.20167970e+00
1.13579582e+00
2.45851370e-01
1.70836307e+00
0.00000000e+00
-5.44848107e-02
-3.05603322e-01
-1.05819087e+00
-1.80393304e+00
3.98609578e-01
3.20767635e-01
-1.03749766e+00
-1.22730881e+00
-2.57556013e-01
8.30991931e-01
-2.92598501e-01
0.00000000e+00
0.00000000e+00
0.00000000e+00
-2.25707973e-01
-1.02313504e+00
-1.92725206e-01
-8.30583962e-02
2.90087117e-01
1.01187426e+00
-9.43406214e-02
1.10849164e-01
-6.90551933e-01
0.00000000e+00
2.90231321e-02
-4.40139731e-01
-1.06939683e-01
7.06806185e-01
-2.66711694e-01
-6.38331813e-02
2.01166491e-01
5.19556323e-01
4.49563067e-01
-4.24380785e-01
136
5.14444229e-01
7.81539436e-02
3.62586415e-03
2.14772153e-01
-2.73480045e-03
2.38702884e-02
3.02647412e-03
1.97647844e-01
3.46327039e-04
0.00000000e+00
0.00000000e+00
5.12127661e-01
3.65736836e-01
-5.53744159e-03
-1.88437526e-01
-1.32952638e-01
2.90679459e-01
0.00000000e+00
0.00000000e+00
0.00000000e+00
2.79901858e-02
4.47079614e-02
-6.32672045e-02
-9.25503421e-02
1.19750043e-01
2.21582402e-01
1.47105976e-01
-2.02867385e-01
5.39419742e-02
-2.33922486e-01
5.80595550e-01
-5.34866524e-03
1.04346378e-01
2.89116049e-02
9.01853446e-02
0.00000000e+00
2.00242615e-01
-2.90545070e-01
3.71559944e-01
0.00000000e+00
3.45333759e-01
-2.41603563e-01
-2.30990990e-01
0.00000000e+00
0.00000000e+00
0.00000000e+00
-1.96135615e-01
-8.04634731e-01
3.45728796e-01
-3.03361531e-01
1.11520529e-02
2.94094105e-01
1.46159791e-01
-1.84511521e-02
3.45363626e-01
-7.39925965e-01
3.74780034e-02
3.82853314e-01
-1.67403224e-01
1.75869586e-01
-8.74954135e-02
-9.62556597e-03
9.72802922e-01
2.06536706e-01
2.72972482e-01
-5.05545351e-02
3.63530277e-02
8.36171704e-02
-1.30037378e-01
1.27940261e-01
-1.80069074e-01
2.46590156e-01
1.65610655e-01
1.74715882e-01
3.25405956e-01
-3.12928098e-01
4.34842729e-01
7.55429317e-02
-7.17168017e-02
1.44419930e-01
-2.56731212e-01
4.43811934e-02
2.01922135e-01
1.55286425e-03
1.64451503e-01
-5.62500559e-02
-1.50799838e+00
-1.64405968e+00
-1.91470957e+00
0.00000000e+00
0.00000000e+00
0.00000000e+00
-1.90149833e-01
-4.47258232e-01
-5.03924088e-01
7.09592544e-01
1.18456348e-01
8.33168504e-02
3.28641879e-01
4.55029213e-01
3.70169757e-01
0.00000000e+00
-3.71422895e-01
-3.85771217e-02
-1.28477100e+00
-2.95988803e-01
5.76593053e-01
5.88334345e-01
3.27902375e-02
-1.47417809e+00
-3.25897298e-01
-2.45466436e-01
-2.03473965e+00
0.00000000e+00
0.00000000e+00
0.00000000e+00
-1.35455343e-01
-4.28740237e-01
-4.63512482e-01
2.99698124e-01
1.44439108e-01
3.24576598e-01
5.24176996e-01
1.83355095e-01
3.42892971e-03
0.00000000e+00
2.71921034e-02
3.99236875e-02
-1.20411581e+00
1.18362409e-01
-1.41645220e-01
2.31061981e-01
1.09484462e-01
-1.47424944e+00
-2.51730119e-01
5.90095121e-02
