0 7 -999999999 -1 -1
1 2 0 -1 -1
0.1148 -0.6884
356
-7.55523940e-01
-3.41462456e-01
-4.14061484e-01
-3.73291589e-01
0.00000000e+00
0.00000000e+00
0.00000000e+00
0.00000000e+00
0.00000000e+00
0.00000000e+00
0.00000000e+00
0.00000000e+00
0.00000000e+00
-1.10514813e+00
1.14432092e-02
7.20413336e-01
0.00000000e+00
0.00000000e+00
0.00000000e+00
0.00000000e+00
0.00000000e+00
0.00000000e+00
0.00000000e+00
0.00000000e+00
0.00000000e+00
0.00000000e+00
0.00000000e+00
0.00000000e+00
0.00000000e+00
0.00000000e+00
0.00000000e+00
0.00000000e+00
0.00000000e+00
0.00000000e+00
0.00000000e+00
0.00000000e+00
0.00000000e+00
0.00000000e+00
0.00000000e+00
0.00000000e+00
0.00000000e+00
0.00000000e+00
0.00000000e+00
0.00000000e+00
0.00000000e+00
0.00000000e+00
0.00000000e+00
0.00000000e+00
0.00000000e+00
0.00000000e+00
0.00000000e+00
-1.89838059e+00
1.29835273e+00
0.00000000e+00
0.00000000e+00
0.00000000e+00
0.00000000e+00
0.00000000e+00
5.51035973e-02
-1.02960992e+00
-1.02138038e+00
2.42314817e-01
-6.79477159e-01
5.67174248e-01
6.10192784e-03
1.03620037e+00
8.84128078e-01
-8.33421328e-02
-1.40735980e+00
1.96270048e-04
7.69563812e-01
-5.14633632e-01
-3.71834768e-03
4.93704817e-01
3.54020635e-01
2.05803988e-04
2.47669587e-01
8.12448858e-01
-1.02718161e-02
3.96282557e-01
6.46477590e-01
4.79794011e-01
-5.47103803e-02
0.00000000e+00
0.00000000e+00
0.00000000e+00
0.00000000e+00
0.00000000e+00
0.00000000e+00
0.00000000e+00
-3.35200192e+00
-7.35911444e-01
-4.67531215e+00
-1.51095209e+00
-1.85568191e+00
-5.69676698e-01
2.49900081e-01
-8.35261770e-02
-1.90293452e+00
-6.29416212e-01
-4.49944971e-01
1.01731293e-01
0.00000000e+00
0.00000000e+00
2.82956538e+00
1.48181222e+00
9.35579751e-01
4.77854993e-01
-1.33422928e-01
4.35789759e-02
2.69107868e-01
-7.17185003e-01
-6.03137157e-01
-1.75594724e+00
-8.66749877e-01
7.57637747e-01
-1.63069219e+00
0.00000000e+00
0.00000000e+00
0.00000000e+00
0.00000000e+00
0.00000000e+00
0.00000000e+00
0.00000000e+00
-3.22982551e-01
-7.11437629e-01
-2.94020577e-01
8.98665258e-02
-6.06591929e-01
-3.92169997e-01
3.56292574e+00
3.64302154e+00
3.42641719e+00
3.84179917e+00
4.10418056e+00
3.90587634e+00
-2.23653051e-01
5.92350142e-01
7.02117625e-01
-3.71512900e-02
5.61136996e-01
9.66119493e-03
0.00000000e+00
4.35831921e-01
2.04440897e-01
8.84208533e-01
-6.72740108e-01
1.01336644e-01
8.75513656e-01
0.00000000e+00
0.00000000e+00
0.00000000e+00
0.00000000e+00
0.00000000e+00
0.00000000e+00
0.00000000e+00
-1.63103760e+00
-2.65414803e-01
-2.13526813e+00
0.00000000e+00
-7.95863385e-02
-9.10551324e-01
-1.37023485e+00
-1.32678483e+00
-1.44982119e+00
0.00000000e+00
0.00000000e+00
0.00000000e+00
-1.97364371e-01
2.00729297e-01
7.29748658e-02
4.21711083e-01
1.49065863e+00
4.38842345e-01
-3.01555564e+00
-8.65720050e-01
7.36725926e-01
0.00000000e+00
2.73686544e-01
-3.94278854e-01
-2.89290636e-01
-2.25670320e-01
1.07771905e-02
3.27892867e-01
4.37374747e-01
-1.68859692e+00
-1.39697392e-01
9.54979501e-01
-2.78574364e-01
0.00000000e+00
0.00000000e+00
0.00000000e+00
6.33010680e-01
0.00000000e+00
-2.91797406e-02
6.43606530e-01
1.22832599e-01
2.59645089e-01
7.30642591e-01
1.14053372e+00
2.82546861e-02
0.00000000e+00
-2.38114988e-01
1.02975732e-01
-3.33706501e-01
3.52304438e-01
6.68430479e-01
5.95605382e-01
2.55892184e-01
0.00000000e+00
-4.65384510e-01
5.38258037e-01
-4.09348973e-01
6.46244903e-02
-3.28292131e-01
-2.89416205e-03
7.67237673e-02
1.94870615e+00
-7.27711890e-01
0.00000000e+00
7.63649112e-03
0.00000000e+00
0.00000000e+00
0.00000000e+00
4.07382387e-01
0.00000000e+00
-2.91232244e-01
-8.43354580e-01
-3.42117348e-01
6.92082969e-01
-6.17102836e-01
-3.84115714e-01
5.25529641e-01
0.00000000e+00
4.63311710e-01
4.07851915e-01
-2.68226730e-02
-3.60298621e-01
-7.70703943e-01
1.28265040e-01
2.66451380e-01
0.00000000e+00
1.34571126e+00
-9.30128600e-01
-4.73973463e-01
4.08828389e-03
-2.14523294e-01
-2.60836548e-01
-1.04047222e+00
-1.44210829e-01
-6.82172043e-01
0.00000000e+00
0.00000000e+00
1.08187915e+00
0.00000000e+00
0.00000000e+00
-8.96261387e-01
-2.51749397e-01
0.00000000e+00
0.00000000e+00
-2.23733616e+00
0.00000000e+00
0.00000000e+00
0.00000000e+00
-4.04522341e-01
1.12983940e+00
-6.99193716e-01
1.72526346e+00
1.21073927e+00
-2.26235452e+00
-1.80881818e-01
1.03376246e+00
5.27478906e-01
0.00000000e+00
-6.16689377e-01
1.82443002e+00
-3.52908325e+00
-7.86558431e-01
4.64707756e-01
7.10970202e-01
-5.76230971e-01
-1.34524516e+00
5.98509484e-01
-1.06227754e+00
1.34028010e-01
0.00000000e+00
0.00000000e+00
0.00000000e+00
1.20122548e-01
-4.90753401e-01
-4.07631482e-02
-3.93925406e-02
-1.20994507e-01
5.58113907e-01
2.46508111e-01
-2.38308705e-01
-5.28151178e-02
0.00000000e+00
-7.86863360e-02
-5.14285318e-01
6.82736464e-01
1.15987340e-01
5.62488988e-02
4.25591999e-02
-7.13891581e-02
-1.11938299e-02
-4.28480751e-01
3.98814354e-01
-4.34288362e-01
-3.10515247e-01
0.00000000e+00
-2.39492761e-01
-1.34466889e-02
2.41262722e+00
7.69872048e-01
0.00000000e+00
-4.38324049e-01
0.00000000e+00
0.00000000e+00
0.00000000e+00
-2.73593714e-01
6.43668624e-03
-8.32348954e-02
7.25637749e-01
8.46109423e-01
-8.74401894e-01
-6.40548543e-01
2.25082784e-01
-5.05319895e-01
0.00000000e+00
2.77683604e-01
3.60135475e-01
-9.75270028e-02
-9.83429039e-01
6.83879975e-02
3.38217089e-01
5.46519122e-01
1.37757661e-01
1.06830299e-01
-6.19066956e-01
-1.23773115e-01
0.00000000e+00
-1.18568436e-01
-3.17632130e-01
-1.80304780e+00
-6.00036077e-01
0.00000000e+00
0.00000000e+00
1.31150821e-01
2.06897933e+00
-1.57189594e+00
0.00000000e+00
-1.20301172e+00
0.00000000e+00
0.00000000e+00
3.84932389e-01
247
-4.20843442e-01
8.80029431e-02
-5.08846385e-01
-1.22703788e-01
2.10706731e-01
0.00000000e+00
0.00000000e+00
0.00000000e+00
0.00000000e+00
0.00000000e+00
0.00000000e+00
0.00000000e+00
0.00000000e+00
0.00000000e+00
0.00000000e+00
0.00000000e+00
0.00000000e+00
0.00000000e+00
0.00000000e+00
0.00000000e+00
0.00000000e+00
0.00000000e+00
0.00000000e+00
0.00000000e+00
0.00000000e+00
0.00000000e+00
0.00000000e+00
0.00000000e+00
0.00000000e+00
0.00000000e+00
0.00000000e+00
0.00000000e+00
0.00000000e+00
0.00000000e+00
0.00000000e+00
0.00000000e+00
0.00000000e+00
0.00000000e+00
0.00000000e+00
0.00000000e+00
0.00000000e+00
-3.19428504e-02
6.78988732e-03
4.18408865e-01
-1.08041201e-02
-3.70080343e-01
2.86754223e-03
-4.37229114e-01
1.46400988e-03
8.74262847e-01
2.13811043e-01
7.59936689e-02
0.00000000e+00
0.00000000e+00
0.00000000e+00
0.00000000e+00
0.00000000e+00
0.00000000e+00
0.00000000e+00
4.37114040e+00
2.73540406e+00
-2.31733770e-01
5.71877595e-01
-5.50951475e-01
5.23271278e-02
2.01157849e-01
-1.33465842e-01
-6.93441443e-01
-5.51572710e-01
-1.35918007e-01
-4.38127312e-01
5.35826397e-01
-3.41796226e+00
0.00000000e+00
0.00000000e+00
0.00000000e+00
0.00000000e+00
0.00000000e+00
0.00000000e+00
1.85571306e-01
-4.24322063e-01
-5.21599260e-02
-2.34712144e-01
-8.98562213e-01
-1.73206246e+00
7.78598728e+00
7.96454454e+00
7.75309724e+00
7.92635922e+00
8.37815375e+00
8.29747192e+00
-1.16862659e+00
-6.47120056e-02
-7.61749981e-03
1.65985512e-01
8.15983017e-02
5.06592351e-02
0.00000000e+00
3.79850737e-01
5.43975548e-01
2.19104653e-01
-8.70509497e-01
-8.04982850e-01
-9.07885153e-02
0.00000000e+00
0.00000000e+00
0.00000000e+00
-3.30054927e-01
2.28076107e+00
-2.65423664e+00
0.00000000e+00
-1.88181298e+00
-2.55934223e-01
-9.31524080e-01
-1.57882977e+00
-2.13774721e+00
0.00000000e+00
0.00000000e+00
0.00000000e+00
-3.63811386e-01
-9.12664866e-01
-2.24567528e+00
2.21596410e-01
7.28597577e-01
1.09114909e+00
-1.44949788e+00
-8.11444149e-01
1.68331324e+00
0.00000000e+00
2.12467127e-01
-6.97222725e-01
-1.06002760e+00
1.39579535e-01
5.74880749e-03
3.50640965e-01
-5.00953587e-01
3.00981707e-01
1.25573485e+00
-8.62590428e-02
8.73294558e-01
2.27508526e+00
3.19957719e-01
7.94857307e-01
1.16027023e+00
-1.13204216e+00
0.00000000e+00
0.00000000e+00
0.00000000e+00
0.00000000e+00
9.61207571e-01
0.00000000e+00
0.00000000e+00
0.00000000e+00
0.00000000e+00
0.00000000e+00
1.17778686e+00
4.48153193e-02
0.00000000e+00
0.00000000e+00
5.40924604e-01
0.00000000e+00
0.00000000e+00
9.08501159e-01
3.18853889e-01
3.34396896e-01
0.00000000e+00
0.00000000e+00
0.00000000e+00
-1.40179070e+00
-4.69978147e-01
-6.24035401e-02
-4.29988008e-01
-3.01104176e+00
0.00000000e+00
0.00000000e+00
0.00000000e+00
0.00000000e+00
1.14585647e+00
1.47335137e+00
0.00000000e+00
0.00000000e+00
-2.51035385e+00
0.00000000e+00
0.00000000e+00
0.00000000e+00
-3.07029525e-01
0.00000000e+00
-9.42012158e-01
1.38562840e+00
2.42122041e+00
1.77422993e+00
-3.56292185e-02
7.67414802e-01
1.17941293e+00
0.00000000e+00
6.97982904e-01
-1.91122468e-02
-1.70854649e-01
2.62548367e-01
1.01421142e+00
1.48339080e+00
6.38174900e-01
1.45808130e+00
1.48851902e+00
2.02390418e-02
-7.62493578e-01
-1.21645431e-01
0.00000000e+00
1.04218423e+00
-1.99678464e-02
-1.61402028e+00
0.00000000e+00
0.00000000e+00
0.00000000e+00
1.05737352e+00
0.00000000e+00
1.45330509e+00
1.20752299e+00
1.02492272e+00
1.29248918e+00
1.82669034e+00
0.00000000e+00
1.20503390e+00
0.00000000e+00
1.48727136e+00
1.80889869e+00
1.86377420e+00
1.11788306e+00
6.40568530e-01
5.76152045e-01
1.27340334e+00
0.00000000e+00
1.01214491e+00
1.45788095e+00
-6.40848147e-01
0.00000000e+00
-6.47392445e-01
-2.08978803e-01
-1.74786028e+00
-8.09878649e-01
0.00000000e+00
0.00000000e+00
-8.32957438e-01
-9.37981627e-01
0.00000000e+00
0.00000000e+00
-3.16285619e-01
1 -999999999 6 0 -1
1 0 2 1 -1
-9.8735e-02 -4.3457e-01
356
-1.16291762e+00
0.00000000e+00
0.00000000e+00
0.00000000e+00
0.00000000e+00
0.00000000e+00
0.00000000e+00
0.00000000e+00
0.00000000e+00
0.00000000e+00
0.00000000e+00
0.00000000e+00
0.00000000e+00
0.00000000e+00
0.00000000e+00
0.00000000e+00
-1.16291762e+00
0.00000000e+00
1.31859649e+00
0.00000000e+00
0.00000000e+00
0.00000000e+00
0.00000000e+00
0.00000000e+00
1.68858303e+00
1.20938473e-01
-6.36615366e-01
-9.33344353e-01
1.92120328e+00
4.20913599e-01
-1.02352039e+00
9.35099430e-02
-1.25642756e+00
-2.73100648e+00
0.00000000e+00
1.21679112e+00
8.82989192e-02
1.17329342e+00
9.63050100e-01
1.65122300e+00
2.08065757e+00
0.00000000e+00
0.00000000e+00
0.00000000e+00
0.00000000e+00
0.00000000e+00
0.00000000e+00
0.00000000e+00
0.00000000e+00
0.00000000e+00
0.00000000e+00
-4.16134052e-01
1.43429934e+00
-2.14399976e+00
0.00000000e+00
0.00000000e+00
0.00000000e+00
0.00000000e+00
-1.17101719e+00
-1.51128899e-01
-9.96822027e-01
7.46395446e-01
-4.35829293e-01
6.89665824e-01
7.42533815e-01
-3.20662251e-01
6.98217078e-01
-1.32377435e+00
-9.50888397e-02
9.37382486e-03
9.43529343e-01
-2.54550240e-01
-8.08349256e-03
1.33133528e+00
-5.20804156e-01
1.21841870e-02
1.26987176e+00
0.00000000e+00
0.00000000e+00
0.00000000e+00
-3.97395811e-02
4.94870583e-04
-3.13449264e-01
0.00000000e+00
0.00000000e+00
0.00000000e+00
0.00000000e+00
0.00000000e+00
0.00000000e+00
0.00000000e+00
-6.37834345e-01
-2.78871414e-02
-1.31124548e+00
-5.95937976e-02
-1.26481486e+00
4.17303337e-01
-1.99247978e-01
1.79712653e-02
-6.61445605e-01
-4.82568069e-01
-1.84614372e-01
-4.78694441e-01
0.00000000e+00
0.00000000e+00
3.89416342e+00
1.64030755e+00
-4.62022739e-01
7.77115341e-01
-2.76672813e-01
-6.12945711e-02
-9.91105054e-03
-6.82563600e-01
-9.25632290e-01
-1.66956673e-01
-6.53394398e-01
-1.37802491e-01
-1.69978477e+00
-7.58160982e-01
0.00000000e+00
0.00000000e+00
0.00000000e+00
0.00000000e+00
0.00000000e+00
0.00000000e+00
-1.41967190e-01
-1.09508489e-01
2.12817771e-01
-2.43764005e-01
-8.76745489e-01
-1.64405776e+00
7.29916632e+00
7.33220144e+00
7.04443693e+00
7.14954486e+00
7.14679309e+00
7.10220633e+00
-4.04078500e-01
1.36571000e-01
8.78956788e-02
3.74969719e-01
8.16498977e-01
1.20847847e-01
0.00000000e+00
-2.10193320e-01
-7.76023142e-02
2.02253139e-01
-3.42065320e-01
-1.03581775e+00
-7.15349432e-01
0.00000000e+00
0.00000000e+00
0.00000000e+00
0.00000000e+00
0.00000000e+00
0.00000000e+00
0.00000000e+00
-4.47568185e-01
2.32292815e+00
-3.32807990e+00
0.00000000e+00
-6.20707944e-01
-1.79457572e+00
-1.10829319e+00
-1.00864945e+00
-1.72900113e+00
0.00000000e+00
0.00000000e+00
0.00000000e+00
-5.32990779e-01
-1.98252336e-01
-1.54842744e+00
9.86774602e-01
1.43099373e+00
4.45214373e-01
-2.51300389e+00
-5.14523068e-01
1.61583640e+00
0.00000000e+00
5.99314185e-02
9.66894200e-02
-9.76828404e-01
-8.47754961e-01
3.15510890e-01
-5.64736721e-02
1.10838720e-01
-1.06373283e+00
1.30309324e+00
1.58103442e-01
-1.66049987e+00
0.00000000e+00
0.00000000e+00
0.00000000e+00
1.37352395e+00
0.00000000e+00
9.64561462e-01
4.22572403e-01
1.39958442e+00
0.00000000e+00
8.79175493e-01
9.90964847e-01
5.20481126e-01
0.00000000e+00
8.79299051e-01
1.53264658e-01
-1.53788371e-01
1.18602149e+00
4.25472179e-01
3.60941344e-01
1.33008717e-01
3.31987429e+00
1.12105003e-02
6.77157519e-01
-8.54503605e-01
-1.46314945e-02
-5.62930745e-01
5.56057093e-01
-7.75784213e-03
1.46840166e+00
-2.56826784e-01
-1.22620637e+00
5.15153116e-01
0.00000000e+00
0.00000000e+00
0.00000000e+00
-9.18721675e-01
0.00000000e+00
2.96888057e-02
-1.04025056e+00
-3.07020541e+00
0.00000000e+00
-1.07793064e+00
-1.77127353e-01
1.09873240e+00
0.00000000e+00
-1.36792824e-01
-9.04994172e-01
-1.45658139e+00
7.70798689e-01
1.23227896e-01
-7.35882055e-01
-1.27809751e+00
4.81726278e-01
6.76252283e-01
-3.53535725e-01
-8.39872110e-01
5.81383234e-01
-9.71054213e-02
0.00000000e+00
-8.74497527e-01
-6.06076449e-01
-3.20604001e-01
0.00000000e+00
0.00000000e+00
1.95729066e+00
0.00000000e+00
0.00000000e+00
-2.68421078e-01
6.25990774e-01
0.00000000e+00
0.00000000e+00
-2.80322516e+00
0.00000000e+00
0.00000000e+00
0.00000000e+00
-4.09207750e-01
-5.97392669e-01
-1.45779876e+00
-5.20721832e-01
9.78875459e-01
1.67834006e+00
4.82241930e-03
1.46043159e+00
-6.79037764e-01
0.00000000e+00
-5.44314731e-01
7.67710303e-01
-5.37151373e-01
-8.23490950e-01
3.89820485e-01
6.14673278e-01
-7.86177362e-01
-2.48099246e+00
6.32644551e-01
-4.94257661e-01
-6.76625563e-03
0.00000000e+00
0.00000000e+00
0.00000000e+00
-1.72333839e-01
-3.68625287e-01
-3.67530111e-01
5.47120399e-01
1.80830365e-02
-6.78936902e-01
-8.50334734e-02
-9.93610358e-01
1.04765976e-01
0.00000000e+00
1.14853704e-01
-3.00857245e-01
2.77642442e-01
1.32511785e-01
-3.49118928e-02
1.46691660e-01
3.78389575e-01
1.27203796e+00
1.78187714e-01
-1.75211398e-01
-9.14215329e-01
-4.89581506e-01
0.00000000e+00
1.58548231e-01
3.44372810e-01
1.03654051e+00
-1.07837483e+00
-4.47747187e-01
-4.42906959e-01
0.00000000e+00
0.00000000e+00
0.00000000e+00
6.84796675e-01
-6.85041002e-01
5.45562081e-01
-2.11428763e-03
9.36419345e-01
7.08354750e-02
-3.11705450e-01
4.51591076e-01
-1.76897220e+00
0.00000000e+00
-6.01548475e-01
2.66143338e-01
1.29547685e-01
-9.79651514e-01
1.27943268e+00
2.18104372e-01
-5.84976573e-01
1.37740700e-01
-5.03589187e-01
2.74518308e-01
-4.24633824e-01
0.00000000e+00
-7.83903855e-01
-4.25480646e-01
-1.88900983e+00
-1.30499421e+00
0.00000000e+00
0.00000000e+00
-6.65877874e-01
2.89364265e+00
-6.22778767e-01
0.00000000e+00
-5.84015622e-01
0.00000000e+00
0.00000000e+00
-7.62095533e-01
247
-1.90832531e-01
0.00000000e+00
0.00000000e+00
0.00000000e+00
0.00000000e+00
0.00000000e+00
0.00000000e+00
0.00000000e+00
0.00000000e+00
0.00000000e+00
0.00000000e+00
0.00000000e+00
0.00000000e+00
0.00000000e+00
-1.90832531e-01
0.00000000e+00
8.32901886e-01
-1.02373442e+00
0.00000000e+00
0.00000000e+00
0.00000000e+00
0.00000000e+00
0.00000000e+00
2.50121534e+00
7.39497793e-01
0.00000000e+00
0.00000000e+00
-6.57660629e-01
4.66828098e-01
-4.53155622e-01
-2.04505007e-01
0.00000000e+00
1.31539678e+00
1.74041350e-01
0.00000000e+00
0.00000000e+00
0.00000000e+00
0.00000000e+00
0.00000000e+00
0.00000000e+00
0.00000000e+00
2.54053803e-02
-1.62229106e-03
-1.50338325e-01
-1.15542234e-02
-6.46126375e-02
-5.90251971e-03
0.00000000e+00
0.00000000e+00
3.42338189e-01
-3.92175226e-01
-1.09157969e-01
0.00000000e+00
0.00000000e+00
0.00000000e+00
0.00000000e+00
0.00000000e+00
0.00000000e+00
0.00000000e+00
5.84504423e+00
2.74112579e+00
9.55087428e-01
1.06251116e+00
2.20135639e-01
6.63996725e-01
-7.60276829e-01
-1.06088535e+00
1.56053811e+00
1.92487840e+00
1.22930851e+00
-1.51571248e-01
0.00000000e+00
0.00000000e+00
0.00000000e+00
0.00000000e+00
0.00000000e+00
0.00000000e+00
0.00000000e+00
0.00000000e+00
1.56257548e-01
-1.00809063e+00
-5.84685880e-01
-4.49490594e-01
-2.60072366e-01
-7.85876404e-01
7.87187980e+00
8.27290960e+00
8.46096758e+00
9.19543223e+00
9.74923608e+00
9.04859417e+00
9.11753592e-01
5.73105496e-01
5.52988335e-01
-1.16132566e+00
2.01109534e-01
-4.69104309e-01
0.00000000e+00
-1.80983981e+00
-5.16032009e-01
-3.15125809e-01
-1.34092535e+00
-4.37012700e-02
1.08056878e+00
0.00000000e+00
0.00000000e+00
0.00000000e+00
-1.27140131e+00
-5.59329809e-01
-2.95745062e+00
0.00000000e+00
-1.34505789e+00
-1.73336825e+00
-1.37281490e+00
-1.55914342e+00
-3.07842614e+00
0.00000000e+00
0.00000000e+00
0.00000000e+00
-1.61460377e+00
1.84792024e+00
-9.61231717e-01
2.70491400e-01
1.53478030e+00
8.36357380e-01
-2.86511638e+00
-5.09072328e-02
-2.92312276e-01
0.00000000e+00
8.74440129e-01
7.18762618e-01
-1.63884544e+00
-4.50960132e-01
-4.96410272e-01
-3.94540838e-01
6.74501608e-02
4.64825694e-01
-7.32160639e-01
-1.96365365e-01
-1.22872150e-01
1.79458005e+00
-1.66489772e-01
6.82018277e-01
0.00000000e+00
-8.79955391e-01
0.00000000e+00
0.00000000e+00
0.00000000e+00
1.36523499e+00
0.00000000e+00
0.00000000e+00
4.98373333e-01
0.00000000e+00
1.25598963e+00
0.00000000e+00
5.94644438e-01
0.00000000e+00
0.00000000e+00
0.00000000e+00
1.13114908e+00
1.27242617e+00
3.40914789e-01
6.41914943e-01
1.22564225e+00
0.00000000e+00
0.00000000e+00
0.00000000e+00
8.20123195e-01
-1.91745220e+00
2.08154492e+00
0.00000000e+00
0.00000000e+00
-2.95555399e+00
0.00000000e+00
0.00000000e+00
0.00000000e+00
0.00000000e+00
1.84083956e-01
7.33090604e-01
0.00000000e+00
0.00000000e+00
-2.93195832e+00
0.00000000e+00
0.00000000e+00
0.00000000e+00
-4.75145111e-01
-2.77924709e-01
-1.67372687e-01
9.74318116e-01
6.27470943e-01
-1.77921215e+00
2.86196692e-01
4.21729525e-01
-1.08478847e-02
0.00000000e+00
4.25818588e-01
2.06430923e-01
-2.71040151e-01
-3.70320172e-01
-9.04397433e-01
-1.16118621e-01
1.22729599e+00
-2.69775927e+00
-4.61530838e-01
4.30449925e-01
-1.12748447e+00
-8.30991679e-01
0.00000000e+00
1.13725089e+00
6.82692797e-01
2.49089092e-01
0.00000000e+00
0.00000000e+00
0.00000000e+00
-4.63164163e-01
-3.96613007e-01
-1.01425984e+00
-1.19591218e-01
-6.27739779e-01
1.40417000e+00
1.53663660e-01
-5.19652753e-01
5.77555837e-01
0.00000000e+00
4.74888292e-02
2.85774225e-01
-3.23932968e-02
-9.45954632e-02
6.74589128e-01
2.53978948e-01
-7.42446127e-01
-6.44090963e-02
7.86122768e-01
1.40610437e-01
-2.96492786e-01
0.00000000e+00
-9.71016554e-01
-3.97870401e-01
-1.80447386e+00
-5.41823222e-01
0.00000000e+00
0.00000000e+00
-1.31565013e+00
-1.26265063e+00
0.00000000e+00
0.00000000e+00
-1.52898104e-01
4 -999999999 -999999999 0 1
1 0 0 1 1
-1.4453e-01 -4.0319e-01
356
-3.75456396e-01
0.00000000e+00
0.00000000e+00
0.00000000e+00
0.00000000e+00
0.00000000e+00
0.00000000e+00
0.00000000e+00
0.00000000e+00
0.00000000e+00
0.00000000e+00
0.00000000e+00
0.00000000e+00
0.00000000e+00
0.00000000e+00
0.00000000e+00
0.00000000e+00
0.00000000e+00
0.00000000e+00
0.00000000e+00
0.00000000e+00
0.00000000e+00
0.00000000e+00
0.00000000e+00
0.00000000e+00
0.00000000e+00
0.00000000e+00
0.00000000e+00
0.00000000e+00
0.00000000e+00
0.00000000e+00
8.36498494e-01
-1.21195489e+00
-3.16118646e+00
0.00000000e+00
-2.82568946e-01
-2.15065299e-01
2.41945014e+00
3.17322053e-01
1.57823482e+00
7.10409015e-01
-3.75456396e-01
0.00000000e+00
-1.90895900e+00
-2.59341174e-01
-1.62313578e+00
-1.72968264e+00
7.28316160e-01
-1.45025215e+00
8.05186440e-01
-1.50493122e+00
-7.17041312e-01
6.59798571e-01
-1.89825289e+00
0.00000000e+00
0.00000000e+00
0.00000000e+00
0.00000000e+00
-1.92818352e+00
2.99722784e+00
1.09171867e+00
-5.82482177e-01
4.90716298e-01
-5.73322996e-01
-4.31279301e-02
-5.24395492e-02
1.34200838e-02
1.83034630e-01
5.80161335e-01
5.39438015e-03
9.64901994e-01
-1.08496365e+00
-1.19184182e-03
1.48707361e+00
1.29345918e-01
-1.37370960e-01
1.51748996e+00
0.00000000e+00
0.00000000e+00
0.00000000e+00
1.06469043e+00
2.39842313e-01
-3.90002446e-01
0.00000000e+00
0.00000000e+00
0.00000000e+00
0.00000000e+00
0.00000000e+00
0.00000000e+00
0.00000000e+00
2.52195117e-01
4.28472115e-01
-5.02410539e-01
1.67211304e-01
-2.25512630e-01
2.18008546e+00
-5.94567991e-03
-1.01181617e-02
-2.59751281e-01
7.46043231e-02
1.73997487e+00
6.11213696e-01
0.00000000e+00
0.00000000e+00
4.97960828e+00
2.49303623e+00
-2.16364506e-01
1.07798899e+00
-6.51937122e-01
6.24592610e-01
-7.57812479e-01
3.83210952e-01
-8.86394385e-01
1.26506477e-01
-8.57184800e-01
1.28219418e-02
-8.71527778e-02
0.00000000e+00
0.00000000e+00
0.00000000e+00
0.00000000e+00
0.00000000e+00
0.00000000e+00
0.00000000e+00
-2.80466527e-01
-9.40839147e-01
-3.57427108e-01
-1.25837730e-01
-4.03792649e-01
-7.60129460e-01
8.00477122e+00
8.03922351e+00
8.17342402e+00
8.86253459e+00
8.59056909e+00
8.60129287e+00
-6.32793416e-01
5.92378807e-01
3.32788836e-01
3.57303987e-01
2.75289729e-01
-1.54526832e+00
0.00000000e+00
4.17853387e-01
1.30421030e-01
-1.70377126e-01
-4.35769460e-01
-2.09974018e-01
4.59678447e-01
0.00000000e+00
0.00000000e+00
0.00000000e+00
0.00000000e+00
0.00000000e+00
0.00000000e+00
0.00000000e+00
-8.35134843e-01
7.82141565e-02
-3.69779778e+00
0.00000000e+00
-5.95960200e-01
-1.73999189e+00
-1.06130669e+00
-1.12850073e+00
-1.65726689e+00
0.00000000e+00
0.00000000e+00
0.00000000e+00
-7.07278576e-01
1.56163095e+00
-2.57765358e+00
-7.15633834e-01
6.54328078e-01
7.79650835e-01
-8.11524914e-01
-9.73834712e-01
1.13263999e+00
0.00000000e+00
-1.87748686e-02
1.00647802e+00
-1.04001190e+00
3.85671794e-01
-4.87420686e-01
5.65610549e-01
9.64502058e-01
-7.17044820e-01
-7.16044776e-01
5.74434974e-02
-1.51357348e+00
0.00000000e+00
0.00000000e+00
0.00000000e+00
1.19277477e+00
0.00000000e+00
4.75057024e-01
7.85095397e-01
5.81384641e-02
0.00000000e+00
-3.79970676e-01
-2.99684093e-01
6.13306515e-02
0.00000000e+00
7.79251224e-01
0.00000000e+00
0.00000000e+00
1.31301451e+00
0.00000000e+00
-1.33806984e-01
2.05619882e-01
0.00000000e+00
2.37206486e+00
5.18386725e-01
-1.53613062e-01
7.30986164e-01
8.93757106e-01
-1.62770942e-01
0.00000000e+00
-6.32313751e-01
-6.77777369e-01
0.00000000e+00
1.19256662e+00
0.00000000e+00
0.00000000e+00
0.00000000e+00
-8.17979370e-01
0.00000000e+00
-4.17701811e-01
-2.59406828e-02
-5.57534775e-01
0.00000000e+00
6.77063855e-02
-2.61050652e+00
-1.18578283e+00
0.00000000e+00
7.10717272e-01
0.00000000e+00
0.00000000e+00
8.28506830e-01
0.00000000e+00
-1.81750834e+00
2.97409385e-01
0.00000000e+00
-1.62055698e+00
-7.94977119e-01
-8.84599225e-01
-4.58214415e-01
0.00000000e+00
0.00000000e+00
-1.50365383e+00
0.00000000e+00
0.00000000e+00
0.00000000e+00
0.00000000e+00
0.00000000e+00
0.00000000e+00
0.00000000e+00
-1.76707468e-01
-1.76707468e-01
0.00000000e+00
0.00000000e+00
-2.86849262e+00
0.00000000e+00
0.00000000e+00
0.00000000e+00
5.25470981e-02
-1.16583245e+00
-1.84147218e+00
3.27754565e-01
6.39220658e-01
6.40192315e-01
3.12600688e-01
-6.32943433e-01
6.16454914e-01
0.00000000e+00
-7.83107753e-01
2.76777154e-01
-2.24967597e-01
-9.74938404e-01
9.78540901e-01
1.04275527e+00
-7.29310319e-01
-1.05158556e+00
-4.07960811e-01
5.67823219e-02
-1.03059141e+00
0.00000000e+00
0.00000000e+00
0.00000000e+00
5.71551701e-01
0.00000000e+00
-3.29093448e-01
1.15974016e+00
-3.82320392e-01
-8.39591657e-02
8.37629015e-01
6.06132108e-01
2.36995254e-01
0.00000000e+00
1.50250047e+00
0.00000000e+00
8.51714079e-01
1.49116854e+00
5.09558645e-01
1.09537594e+00
1.28006648e+00
0.00000000e+00
1.31143526e+00
1.31190988e+00
-3.06157324e-01
4.93278402e-01
0.00000000e+00
-1.74961433e+00
-1.06074037e+00
9.16779674e-01
-4.45650146e-01
2.21488737e-02
2.01842416e-01
0.00000000e+00
0.00000000e+00
0.00000000e+00
-4.30280907e-01
0.00000000e+00
1.60053486e+00
-3.36631859e-01
1.92526504e+00
3.38743073e-01
-6.47432360e-02
1.04222682e+00
-3.51952991e-01
0.00000000e+00
-1.05586703e+00
0.00000000e+00
8.69636414e-01
-2.08032841e+00
0.00000000e+00
-6.61278438e-02
-4.19195297e-01
0.00000000e+00
-9.26836516e-01
-5.65179686e-01
-7.99435725e-01
0.00000000e+00
-7.19723027e-02
-1.07267495e-01
-2.56233530e+00
-2.23327029e+00
0.00000000e+00
0.00000000e+00
-9.89125011e-02
2.90463953e+00
0.00000000e+00
0.00000000e+00
-3.29065007e-01
0.00000000e+00
0.00000000e+00
-4.32026579e-01
247
-1.87048852e+00
0.00000000e+00
0.00000000e+00
0.00000000e+00
0.00000000e+00
0.00000000e+00
0.00000000e+00
0.00000000e+00
0.00000000e+00
0.00000000e+00
0.00000000e+00
0.00000000e+00
0.00000000e+00
0.00000000e+00
0.00000000e+00
0.00000000e+00
0.00000000e+00
0.00000000e+00
0.00000000e+00
0.00000000e+00
0.00000000e+00
0.00000000e+00
0.00000000e+00
0.00000000e+00
0.00000000e+00
0.00000000e+00
0.00000000e+00
-1.76556292e-01
-1.69393223e+00
2.34723035e+00
-2.52378665e+00
0.00000000e+00
1.66502109e-01
-6.07716208e-01
-8.38128065e-01
0.00000000e+00
-5.86848625e+00
5.03035819e+00
0.00000000e+00
1.91077862e+00
2.43966331e+00
-8.87405808e-01
1.77420655e-02
-6.47438692e-01
-3.34283338e-03
-3.35644022e-01
-1.04602491e-02
0.00000000e+00
0.00000000e+00
1.05199844e+00
4.11113094e-01
4.93666380e-01
0.00000000e+00
0.00000000e+00
0.00000000e+00
0.00000000e+00
0.00000000e+00
0.00000000e+00
0.00000000e+00
3.41383956e+00
9.27153564e-01
0.00000000e+00
-5.60051028e-01
-2.82719144e-01
6.82295589e-01
1.30511760e+00
9.04855980e-01
-7.36181762e-01
-7.37931207e-01
-9.82103166e-01
-1.03534037e+00
1.02278322e+00
-1.16440774e+00
0.00000000e+00
0.00000000e+00
0.00000000e+00
0.00000000e+00
0.00000000e+00
0.00000000e+00
3.22131671e-01
-3.07497059e-01
-9.40202191e-02
-2.57354539e-01
-3.13131811e-01
-2.14777013e+00
6.29191533e+00
6.92452735e+00
7.06841777e+00
7.07639342e+00
7.69686539e+00
7.21354350e+00
0.00000000e+00
-1.00686612e+00
-7.72727988e-01
-4.95225413e-01
-2.95230635e-01
-6.92342731e-01
0.00000000e+00
6.44786347e-01
1.01338724e+00
1.22132090e+00
-2.42867033e-01
2.15485962e-01
-1.65114706e+00
0.00000000e+00
0.00000000e+00
0.00000000e+00
-2.19341463e-01
1.00680252e+00
-3.87842554e+00
0.00000000e+00
-4.35833028e-01
-9.70069518e-01
-1.38010045e+00
-1.36414286e+00
-1.40590255e+00
0.00000000e+00
0.00000000e+00
0.00000000e+00
-9.64758325e-01
6.83413300e-01
-5.58829193e-01
2.40874408e+00
-3.24792268e-01
1.72795213e+00
3.21389638e-01
8.23126841e-02
2.54907244e+00
0.00000000e+00
6.34390615e-01
1.80199152e+00
-1.62961827e+00
-2.01999187e+00
1.18487829e+00
6.98751492e-01
2.69433734e-01
1.41988921e+00
0.00000000e+00
6.21257638e-01
-7.01036186e-01
-5.69994345e-02
-3.04761253e-01
-5.90246029e-01
0.00000000e+00
-7.87969057e-01
0.00000000e+00
0.00000000e+00
0.00000000e+00
1.27129914e+00
8.03104278e-02
5.49473523e-02
-1.66647741e-01
5.35673384e-01
7.46618683e-01
-1.50284568e-01
1.09856560e+00
-4.04636368e-01
0.00000000e+00
4.10549533e-01
8.98096098e-01
1.14761605e+00
1.26823394e+00
4.26583465e-01
7.48262928e-01
5.00353310e-01
0.00000000e+00
0.00000000e+00
4.41257805e-01
-6.44036751e-01
-8.01582801e-01
1.57546050e-01
0.00000000e+00
-7.04866360e-01
-3.78833594e-01
-3.78833594e-01
0.00000000e+00
0.00000000e+00
-3.26032766e-01
-3.26032766e-01
0.00000000e+00
0.00000000e+00
-2.74424331e+00
0.00000000e+00
0.00000000e+00
0.00000000e+00
-1.07912160e+00
2.68754154e-01
-1.71228058e+00
7.55240119e-01
-6.33757421e-01
7.28996312e-01
-2.81384815e-01
2.07507993e-02
1.02461081e-01
0.00000000e+00
1.27662322e-01
-1.00360559e+00
-1.18355339e+00
-5.47619815e-01
8.28902952e-01
1.01811522e+00
4.15078933e-01
6.09869620e-01
-2.63839552e-01
-9.14912065e-01
-1.01798652e+00
-5.75511402e-01
0.00000000e+00
7.89020038e-02
-8.49304824e-01
-9.44377707e-01
0.00000000e+00
0.00000000e+00
0.00000000e+00
1.40176908e+00
0.00000000e+00
0.00000000e+00
2.44462793e-01
0.00000000e+00
0.00000000e+00
2.26293329e+00
0.00000000e+00
2.18810153e+00
0.00000000e+00
1.90635683e+00
0.00000000e+00
0.00000000e+00
1.23702036e+00
0.00000000e+00
0.00000000e+00
0.00000000e+00
1.78431360e-01
2.32523455e+00
1.82152499e+00
-4.42475121e-01
0.00000000e+00
1.23590453e-01
5.24735365e-01
-1.72625679e+00
-8.04589050e-01
0.00000000e+00
0.00000000e+00
-5.60864353e-01
-9.21667736e-01
0.00000000e+00
0.00000000e+00
1.06677678e-01
2 1
-2.9490e-02 -2.0617e-01
3 0
0 1 4 
217
4.91730685e-02
-1.54085757e+00
1.13270800e+00
7.50931353e-01
-1.86335666e-01
-1.45125706e-01
-9.48163447e-02
-4.00722810e-01
-6.05369203e-01
6.40242111e-01
-2.77423346e-01
1.64126658e+00
1.21311763e+00
-1.96505484e+00
7.29456332e-02
-4.18539241e-02
8.83448350e-01
-8.68078850e-01
-1.62773779e-02
9.13595635e-01
-5.83606866e-01
-7.01803633e-03
4.71378141e-01
1.42791315e+00
-1.55883286e-03
2.16828936e-01
4.53224483e-01
3.60935850e-01
-5.04096944e-01
0.00000000e+00
0.00000000e+00
0.00000000e+00
0.00000000e+00
0.00000000e+00
0.00000000e+00
0.00000000e+00
2.90086144e-01
-1.95502610e-01
-3.26254012e-01
2.80843546e-01
0.00000000e+00
0.00000000e+00
0.00000000e+00
0.00000000e+00
2.90086144e-01
-1.04945607e-01
-3.15205677e-01
4.49676438e-01
2.24648674e-01
-2.12679415e-02
-7.54662508e-01
2.80843546e-01
0.00000000e+00
0.00000000e+00
0.00000000e+00
0.00000000e+00
0.00000000e+00
0.00000000e+00
0.00000000e+00
0.00000000e+00
7.09252042e-01
-8.45219511e-01
-1.04945607e-01
-7.13879581e-01
1.58746214e-01
0.00000000e+00
1.04396007e+00
5.63015862e-01
-4.39653633e-01
-2.78713493e-01
5.34379934e-02
3.35083276e-01
-5.60472658e-01
-6.57838761e-02
-3.17528754e-01
-2.73564325e-01
5.27988361e-03
1.29480692e+00
-9.75195619e-01
0.00000000e+00
1.37360423e-02
-1.00742167e-01
-2.84174272e-01
-2.06558589e-01
0.00000000e+00
0.00000000e+00
0.00000000e+00
0.00000000e+00
0.00000000e+00
0.00000000e+00
0.00000000e+00
0.00000000e+00
0.00000000e+00
0.00000000e+00
0.00000000e+00
0.00000000e+00
0.00000000e+00
0.00000000e+00
0.00000000e+00
0.00000000e+00
0.00000000e+00
0.00000000e+00
0.00000000e+00
0.00000000e+00
0.00000000e+00
0.00000000e+00
0.00000000e+00
0.00000000e+00
0.00000000e+00
0.00000000e+00
0.00000000e+00
0.00000000e+00
0.00000000e+00
0.00000000e+00
0.00000000e+00
0.00000000e+00
0.00000000e+00
0.00000000e+00
0.00000000e+00
-1.49568690e+00
-2.40141612e+00
-2.16389680e+00
0.00000000e+00
0.00000000e+00
0.00000000e+00
1.47753678e+00
-1.36426624e+00
-1.43233487e+00
3.29780408e-01
-5.64792374e-02
5.94734026e-01
-2.65230552e+00
2.03193754e-01
8.67433628e-01
0.00000000e+00
7.47171945e-01
3.62539247e-01
-4.45287369e-01
-9.02847097e-01
1.20351567e+00
1.12411599e+00
-1.51356267e-01
-1.33457965e+00
-1.51586650e+00
7.81404498e-01
1.04497626e-01
0.00000000e+00
0.00000000e+00
0.00000000e+00
-2.44444072e-01
4.39617692e-02
8.98734104e-02
-5.67306798e-03
2.38052817e-01
-3.00153239e-01
2.13711941e-01
-4.28256869e-02
-1.83360399e-01
0.00000000e+00
-1.58898466e-01
-2.24078238e-01
-2.91517169e-01
6.21958492e-01
-4.37993976e-01
-8.03430839e-02
3.13245061e-01
1.36602608e-02
5.65758563e-01
-2.64372906e-02
-2.22633816e+00
0.00000000e+00
0.00000000e+00
0.00000000e+00
2.74074659e-01
-2.15202780e-01
-9.05857933e-01
2.49320106e+00
-1.12094267e+00
2.08881329e-01
-1.70308388e+00
1.57761223e-01
8.03992922e-01
0.00000000e+00
1.59612717e-01
-1.40790325e+00
-2.93949801e-01
-8.88978450e-01
-5.38546585e-01
4.01282809e-01
-1.25420467e+00
-1.80395249e-01
3.63214553e-01
1.42070584e+00
-1.37240434e-01
0.00000000e+00
0.00000000e+00
0.00000000e+00
-6.67215514e-02
-3.19401569e-01
-2.28143864e-01
-3.63250105e-01
5.18058494e-01
2.41042587e-01
7.05854154e-01
-4.34628590e-01
3.66376818e-03
0.00000000e+00
-2.56653846e-01
6.14573777e-01
-4.86324852e-01
1.20478076e-01
3.77191954e-01
-9.07535051e-02
4.23711491e-01
-4.83963533e-01
-1.07058058e-01
-3.04915262e-01
136
-1.26935736e+00
8.92152575e-02
-8.34739396e-03
-1.18978780e-01
-8.13493248e-03
-9.80521085e-01
5.14593879e-03
-2.59072748e-01
-6.17538493e-03
1.51131241e-01
-6.06129503e-02
-4.42699491e-02
0.00000000e+00
0.00000000e+00
0.00000000e+00
0.00000000e+00
0.00000000e+00
0.00000000e+00
0.00000000e+00
0.00000000e+00
7.32871083e-01
-6.86144313e-01
-1.31599968e+00
0.00000000e+00
0.00000000e+00
0.00000000e+00
0.00000000e+00
0.00000000e+00
3.80139544e-01
-2.68418473e-01
-4.77170216e-03
6.21150012e-01
1.26134890e+00
-1.94272151e+00
-1.31599968e+00
0.00000000e+00
0.00000000e+00
0.00000000e+00
0.00000000e+00
0.00000000e+00
0.00000000e+00
0.00000000e+00
0.00000000e+00
0.00000000e+00
0.00000000e+00
0.00000000e+00
-9.27859199e-01
-6.62215217e-01
1.05909202e+00
2.87181795e-01
0.00000000e+00
1.71113423e+00
5.51419777e-01
8.50244050e-01
9.28772650e-01
-1.02871394e+00
-2.96779117e-01
4.03644038e-01
5.76085821e-01
7.04100944e-01
-1.48128274e+00
-1.58998997e+00
3.80139544e-01
0.00000000e+00
0.00000000e+00
0.00000000e+00
0.00000000e+00
0.00000000e+00
0.00000000e+00
0.00000000e+00
0.00000000e+00
0.00000000e+00
0.00000000e+00
0.00000000e+00
0.00000000e+00
0.00000000e+00
0.00000000e+00
0.00000000e+00
0.00000000e+00
0.00000000e+00
0.00000000e+00
0.00000000e+00
0.00000000e+00
0.00000000e+00
0.00000000e+00
0.00000000e+00
-1.81799052e-01
-1.36846578e+00
-1.12734126e+00
0.00000000e+00
0.00000000e+00
0.00000000e+00
2.27775332e-01
4.66711586e-01
-8.59961680e-01
7.83606614e-01
-6.33989700e-02
-1.83789762e-01
-3.18388334e-01
1.64556068e-01
8.42291266e-01
0.00000000e+00
-4.58404049e-02
8.64371221e-01
-1.12671054e+00
-9.86755596e-01
-6.19405261e-02
5.92735781e-01
-3.30433027e-01
-1.26456668e+00
-2.94549573e-02
2.01851356e-01
-1.71997055e+00
0.00000000e+00
0.00000000e+00
0.00000000e+00
-5.48782164e-01
-1.32681898e+00
-1.14781000e+00
9.07092361e-01
-9.15635785e-01
7.40909664e-01
1.09877007e-01
5.53063980e-02
3.45032171e-01
0.00000000e+00
4.62563472e-01
-2.02624662e-01
-6.26034037e-01
-2.63756608e-01
5.74862510e-01
4.17245133e-01
-2.21477972e-01
-5.76398365e-01
5.25847999e-01
-2.93686911e-02
8 1
-8.1404e-01 1.4499e-01
4 1
0 1 4 2 
217
-1.27597118e+00
-4.68401637e-01
9.45010316e-01
-3.17526088e-01
-6.10174560e-01
1.04458783e+00
6.34386597e-02
6.57635895e-02
-1.37992086e+00
2.59136324e+00
8.67839637e-02
-1.48369300e+00
5.63901623e-01
-4.60775518e-01
-1.31101694e+00
1.02260453e-02
1.72992118e+00
3.27191510e-01
1.14110433e-02
4.29197662e-01
0.00000000e+00
0.00000000e+00
0.00000000e+00
0.00000000e+00
0.00000000e+00
0.00000000e+00
0.00000000e+00
-3.14133768e-01
-8.54120270e-01
0.00000000e+00
0.00000000e+00
0.00000000e+00
0.00000000e+00
0.00000000e+00
0.00000000e+00
0.00000000e+00
0.00000000e+00
-1.13688325e+00
-2.57751240e-01
-2.28299700e-01
3.46963009e-01
0.00000000e+00
0.00000000e+00
0.00000000e+00
0.00000000e+00
-7.62811867e-01
5.55709230e-01
1.97206687e-01
-9.29780610e-01
-9.00983707e-01
-4.44178881e-01
1.39872117e+00
0.00000000e+00
-5.31418844e-01
0.00000000e+00
-4.21684416e-01
1.09782519e+00
4.99277471e-01
-1.70461392e+00
3.46963009e-01
8.36509793e-01
-8.18250260e-01
-1.29423071e+00
3.61604218e-01
-1.46284490e+00
0.00000000e+00
3.76516953e-01
4.07656531e-01
-5.51247451e-01
1.99683972e+00
0.00000000e+00
-1.52789237e+00
6.86817420e-01
3.28147552e-02
-1.05341562e+00
2.19106434e-01
6.33081706e-01
0.00000000e+00
-6.39200895e-01
0.00000000e+00
-1.64290526e-01
3.20233831e-01
-4.72479757e-01
9.93991577e-01
-4.22398022e-01
-4.63719956e-01
0.00000000e+00
-2.16894900e-01
-4.82508925e-01
-1.72958299e-01
6.51369671e-01
0.00000000e+00
0.00000000e+00
0.00000000e+00
0.00000000e+00
0.00000000e+00
0.00000000e+00
0.00000000e+00
0.00000000e+00
0.00000000e+00
0.00000000e+00
0.00000000e+00
0.00000000e+00
0.00000000e+00
0.00000000e+00
0.00000000e+00
0.00000000e+00
0.00000000e+00
0.00000000e+00
0.00000000e+00
0.00000000e+00
0.00000000e+00
0.00000000e+00
0.00000000e+00
0.00000000e+00
0.00000000e+00
0.00000000e+00
0.00000000e+00
0.00000000e+00
-5.27147290e-01
-9.36862457e-01
-1.43668522e+00
0.00000000e+00
0.00000000e+00
0.00000000e+00
1.41357740e+00
1.67463900e+00
-1.23748319e-01
-7.66246168e-01
2.69606056e+00
5.58112683e-01
-4.03591992e+00
2.68131546e-01
2.11823336e+00
0.00000000e+00
-3.21750482e+00
5.33346322e+00
2.02011170e+00
1.05679739e+00
3.47780136e+00
3.01040581e+00
2.60959930e-01
-1.22023741e-01
1.40351691e+00
-5.59032954e-01
-1.85900354e+00
0.00000000e+00
0.00000000e+00
0.00000000e+00
2.16952235e+00
1.20758676e+00
-2.74305759e-01
2.96356118e+00
7.78320785e-01
2.49019450e+00
3.70396743e+00
2.19594923e+00
1.52156108e+00
0.00000000e+00
3.46948689e+00
1.49682716e+00
-1.36667810e-01
1.80718970e+00
6.58427197e-01
9.95778574e-01
2.49777980e+00
-3.62000523e-01
7.07137930e-01
2.27295536e+00
-1.63286782e+00
0.00000000e+00
0.00000000e+00
0.00000000e+00
-1.03779158e+00
-5.41363782e-01
-2.03331177e+00
2.10169270e+00
9.34808121e-01
4.37048062e-01
9.75699591e-01
-2.22609555e+00
1.51062061e+00
0.00000000e+00
1.06516546e+00
-7.52534974e-01
1.14964068e+00
5.96572872e-02
1.77721528e+00
7.19985540e-01
-2.61269410e+00
-2.29743197e-02
-6.88276307e-01
1.50728882e+00
-5.74360569e-01
0.00000000e+00
0.00000000e+00
0.00000000e+00
7.38015384e-01
1.66923445e-02
1.36448170e+00
3.53890658e-01
8.53536958e-01
3.76659851e-01
6.72410579e-01
5.73275832e-01
1.87659865e-02
0.00000000e+00
-1.02791621e-01
1.01237478e+00
2.16683860e-01
4.08882211e-01
3.37135897e-01
6.38636669e-01
1.26876780e+00
-2.44504836e-02
1.98392057e+00
-5.99014562e-02
136
-1.32017964e+00
-1.14690961e+00
2.74782005e-02
-7.16034321e-01
8.48472877e-03
5.42764284e-01
-3.42815363e-02
0.00000000e+00
0.00000000e+00
0.00000000e+00
2.49128192e+00
2.48508416e+00
0.00000000e+00
0.00000000e+00
0.00000000e+00
0.00000000e+00
0.00000000e+00
0.00000000e+00
0.00000000e+00
0.00000000e+00
1.94749078e-01
-8.20799550e-01
-2.93949273e-01
-3.79383663e-01
0.00000000e+00
0.00000000e+00
0.00000000e+00
0.00000000e+00
5.98444245e-02
-1.15283175e+00
9.74221452e-01
-8.69904644e-01
1.21156421e+00
-1.10703972e+00
9.19962113e-01
2.15764105e+00
-1.58915915e+00
-8.43929319e-01
-1.35706133e+00
5.33542985e-01
9.08686217e-01
-7.65536275e-01
-3.79383663e-01
0.00000000e+00
0.00000000e+00
0.00000000e+00
-7.16884061e-01
-1.35196985e+00
5.49200375e-01
-1.57059752e-01
0.00000000e+00
0.00000000e+00
2.47756185e+00
6.73393964e-01
6.80361060e-01
0.00000000e+00
0.00000000e+00
1.43551042e+00
4.94775996e-01
2.97886165e-01
-1.44460425e+00
-1.12368969e+00
-1.36274026e+00
-4.43310198e-01
1.29359813e-01
4.90697535e-01
0.00000000e+00
0.00000000e+00
0.00000000e+00
0.00000000e+00
0.00000000e+00
0.00000000e+00
0.00000000e+00
0.00000000e+00
0.00000000e+00
0.00000000e+00
0.00000000e+00
0.00000000e+00
0.00000000e+00
0.00000000e+00
0.00000000e+00
0.00000000e+00
0.00000000e+00
0.00000000e+00
0.00000000e+00
0.00000000e+00
3.09985668e-03
-9.01851390e-01
-9.77116981e-01
0.00000000e+00
0.00000000e+00
0.00000000e+00
4.49298139e-01
3.09556150e-01
-1.17075531e+00
3.92687845e-01
5.03722147e-01
9.86334596e-03
-1.17455639e+00
6.58357543e-03
1.04380212e+00
0.00000000e+00
-1.19111534e-01
1.40185726e+00
-1.45917514e+00
-4.69884697e-01
-1.25559566e-01
2.89541857e-01
-5.27786579e-01
-5.25743962e-01
-3.36626515e-01
5.25170267e-01
-1.51336863e+00
0.00000000e+00
0.00000000e+00
0.00000000e+00
-4.63141095e-01
-2.05093078e+00
-1.38702878e+00
1.30853686e+00
-6.31398137e-01
7.00260897e-01
2.65245906e-01
9.96466167e-02
4.14919365e-01
0.00000000e+00
2.24534965e-01
-2.64769085e-01
3.92977039e-01
-2.83851223e-01
6.19296699e-01
4.75896057e-01
-1.30138708e-02
-1.38910596e+00
3.23005872e-01
1.45550021e-01
3 1
-1.0124e+00 2.6437e-01
5 1
0 1 4 2 8 
217
-4.08242581e-01
-4.55321828e-01
1.50266111e+00
-6.62276916e-01
4.51220045e-02
5.21243919e-01
2.30615256e-01
9.39944923e-02
1.25951974e-02
3.70830451e-01
-2.58439620e-01
1.69977451e+00
-4.38135419e-01
-1.53463756e+00
-7.76030756e-02
-3.00469238e-02
4.77665149e-01
-7.07721783e-01
-6.04838301e-03
2.05743195e-01
1.38252223e+00
-1.61144441e-02
-1.08422892e+00
0.00000000e+00
0.00000000e+00
0.00000000e+00
1.82489614e-01
2.29081184e-03
4.02049850e-01
0.00000000e+00
0.00000000e+00
0.00000000e+00
0.00000000e+00
0.00000000e+00
0.00000000e+00
0.00000000e+00
0.00000000e+00
-1.52404733e+00
-1.18916069e-01
6.96967278e-01
5.68238053e-01
-3.04845107e-02
0.00000000e+00
0.00000000e+00
0.00000000e+00
-1.66105681e+00
5.32361817e-01
1.36447632e+00
-4.11276557e-01
2.13756099e-01
-1.32760549e+00
4.17642808e-01
0.00000000e+00
-3.14541857e+00
-8.30925693e-01
8.76990391e-01
2.11896160e+00
1.84992686e+00
-1.22644877e+00
3.52166569e-01
-1.35748545e+00
-1.20652023e+00
2.15576310e+00
1.06280843e-01
-7.83007095e-01
0.00000000e+00
1.15552512e+00
4.40605315e-01
-8.87041450e-01
5.42266420e-01
0.00000000e+00
-5.66900534e-01
0.00000000e+00
-3.52647741e-01
-3.71601740e-01
5.11305694e-01
8.59432806e-01
-1.24177470e+00
-1.15359100e+00
0.00000000e+00
1.19672044e+00
-1.16406558e-01
7.90402690e-01
5.23346374e-01
-2.85553625e-01
-5.86148186e-01
0.00000000e+00
2.18311987e-01
-2.71435998e-01
2.45147243e-01
5.73775891e-01
-6.83794731e-01
7.03724109e-01
0.00000000e+00
-3.27047088e-01
-2.68174351e-01
-1.01124871e-01
-6.33772162e-01
0.00000000e+00
0.00000000e+00
0.00000000e+00
0.00000000e+00
0.00000000e+00
0.00000000e+00
0.00000000e+00
0.00000000e+00
0.00000000e+00
0.00000000e+00
0.00000000e+00
0.00000000e+00
0.00000000e+00
0.00000000e+00
0.00000000e+00
0.00000000e+00
0.00000000e+00
0.00000000e+00
0.00000000e+00
0.00000000e+00
0.00000000e+00
-3.80823582e-01
-1.71984513e+00
-2.18692721e+00
0.00000000e+00
0.00000000e+00
0.00000000e+00
-7.70832520e-01
1.57939457e+00
-1.88413914e-01
3.46115956e+00
-9.60385796e-01
-6.98372124e-01
-4.33971975e+00
-9.68403428e-01
1.60987083e-01
0.00000000e+00
-9.29706696e-01
3.44548249e+00
-1.19549293e+00
-1.05122968e+00
1.93952792e+00
2.45690277e+00
3.32815366e+00
-1.01560990e+00
1.87789845e-01
1.82560334e+00
-5.73934418e-01
0.00000000e+00
0.00000000e+00
0.00000000e+00
1.69064313e+00
-8.70926092e-02
6.74854598e-01
-5.50082109e-01
1.22474276e+00
1.63035056e+00
3.28935764e+00
1.64489755e+00
1.30986987e+00
0.00000000e+00
1.64843921e+00
2.58022729e-01
-2.18411171e-01
1.14439275e+00
-2.30969483e-01
4.80562579e-01
-1.38385230e-01
-7.45871779e-01
2.95796513e-01
5.06294678e-01
-1.87443845e+00
0.00000000e+00
0.00000000e+00
0.00000000e+00
-3.27795741e+00
-1.11475360e+00
-6.62643378e-01
-5.00365358e-01
-2.28924669e+00
2.32119913e+00
-2.57632682e-01
5.21880315e-01
1.54207501e+00
0.00000000e+00
6.08126677e-02
9.41031231e-01
-7.13631546e-01
-1.81034363e-01
1.91165003e+00
-1.38371676e+00
-1.21855411e-01
-5.86487422e-01
8.08068823e-01
1.10816897e+00
-2.27566432e-01
0.00000000e+00
0.00000000e+00
0.00000000e+00
1.50174455e+00
-3.63508938e-01
-4.55361533e-02
5.58548372e-01
9.10170163e-01
-1.09863871e+00
6.51722765e-01
-4.65604706e-01
-7.82587339e-01
0.00000000e+00
-9.02317891e-02
-1.60988099e-01
-7.85568393e-01
-3.67757855e-02
-7.06810825e-01
1.66099076e+00
1.66192571e-01
-1.58203199e+00
6.03744307e-01
-1.62397193e-01
136
-9.24413633e-01
-9.22927328e-01
2.96444851e-02
3.88670156e-01
-3.92798804e-04
1.23191111e+00
-7.86985725e-03
0.00000000e+00
0.00000000e+00
8.94532011e-01
6.67907153e-01
5.35338542e-01
0.00000000e+00
0.00000000e+00
0.00000000e+00
0.00000000e+00
0.00000000e+00
0.00000000e+00
0.00000000e+00
0.00000000e+00
-1.92976335e-01
8.17712937e-02
-1.10985319e-01
-3.90076923e-01
-3.11543342e-01
0.00000000e+00
0.00000000e+00
0.00000000e+00
4.72621541e-02
-6.94631683e-01
8.19129221e-01
-2.89667233e-01
1.55242481e+00
-1.99520595e+00
1.46914284e+00
1.85406004e+00
-2.81801216e+00
-5.99933171e-01
-9.62353795e-01
1.08283808e+00
4.72255671e-01
-5.55135586e-01
-3.05983859e-01
0.00000000e+00
0.00000000e+00
0.00000000e+00
-3.76394476e-01
-8.21884036e-01
6.53845676e-01
8.18553061e-02
0.00000000e+00
0.00000000e+00
2.35793669e+00
6.69158329e-01
6.85182622e-01
-2.31166479e-01
-1.53393791e+00
-8.21144490e-01
7.80410303e-02
-2.94942558e-02
-1.59232141e+00
3.30451664e-01
6.38037025e-02
6.62226517e-02
4.11908100e-01
6.33838694e-01
4.19202165e-02
-4.38622860e-01
-2.58020036e-01
-1.33906998e-02
-1.15354690e-01
0.00000000e+00
0.00000000e+00
0.00000000e+00
0.00000000e+00
0.00000000e+00
0.00000000e+00
0.00000000e+00
0.00000000e+00
0.00000000e+00
0.00000000e+00
0.00000000e+00
0.00000000e+00
0.00000000e+00
0.00000000e+00
0.00000000e+00
-1.72880259e-01
-7.93796100e-01
-1.06222714e+00
0.00000000e+00
0.00000000e+00
0.00000000e+00
3.90751991e-01
2.51870726e-01
-1.18085553e+00
4.20230433e-01
1.41241085e-01
-2.01000724e-01
-8.37794452e-01
3.01021253e-02
1.18048578e+00
0.00000000e+00
-1.97736748e-01
8.77881001e-01
-5.87607771e-01
-6.10353058e-01
-2.06042956e-02
5.12273141e-01
-3.27179186e-01
-8.62368088e-01
-6.19545162e-01
5.77981592e-01
-1.47029080e+00
0.00000000e+00
0.00000000e+00
0.00000000e+00
-5.34626899e-01
-1.24317208e+00
-1.56830740e+00
9.11034352e-01
-4.63575926e-01
8.73265938e-01
1.21572123e-01
-1.16968274e-01
2.24510291e-01
0.00000000e+00
2.94220429e-01
-2.25813437e-01
1.65503262e-02
-4.63522218e-01
6.44859239e-01
2.00808026e-01
-1.40930588e-01
-6.12210748e-01
5.15294023e-01
9.67220170e-02
10 1
-1.2668e+00 2.5267e-01
6 1
0 1 4 2 8 3 
217
-1.00542739e+00
4.19922893e-01
1.11458749e+00
-1.92111458e+00
-1.87599635e+00
1.75007813e+00
5.61592381e-03
-3.63018347e-01
4.09614817e-01
-7.81728191e-01
-9.60159385e-01
7.19810307e+00
1.41549761e+00
-3.79807867e+00
1.13757298e+00
-1.58259349e-02
2.02348320e+00
-1.16664804e-01
-2.73736456e-02
2.40339937e+00
-2.02633556e+00
-1.43095951e-01
3.18483126e+00
0.00000000e+00
0.00000000e+00
0.00000000e+00
0.00000000e+00
-3.46687462e-01
5.43296990e-02
0.00000000e+00
0.00000000e+00
0.00000000e+00
0.00000000e+00
0.00000000e+00
0.00000000e+00
0.00000000e+00
0.00000000e+00
1.06447843e+00
-7.77883810e-01
-1.77113648e+00
-1.55460536e+00
6.60008274e-01
1.37371156e+00
0.00000000e+00
0.00000000e+00
-4.32998258e+00
-1.34198959e+00
1.65155526e+00
-1.87527808e+00
7.68985686e-02
8.20721323e-01
2.72822786e+00
0.00000000e+00
-2.91115340e+00
-8.21703432e-01
1.36790938e+00
3.08372384e+00
6.47435025e-01
0.00000000e+00
1.00219524e+00
-4.21700835e-01
-2.39654635e+00
1.81281980e+00
-2.50722855e-01
-9.87789882e-01
0.00000000e+00
8.31247989e-01
4.85689029e-01
-5.98162638e-01
-5.50696351e-01
0.00000000e+00
4.22635106e-01
0.00000000e+00
3.89655687e-01
1.70789700e-01
-1.81771818e+00
-1.37947502e+00
0.00000000e+00
-6.54372629e-01
0.00000000e+00
-1.47487913e+00
1.01428684e+00
1.12382438e+00
2.40275693e+00
-1.52437603e+00
-7.45471209e-01
0.00000000e+00
1.23535377e-01
-7.71897633e-01
1.14088448e+00
2.02217523e+00
0.00000000e+00
1.23723640e+00
0.00000000e+00
-9.25881286e-02
3.51956975e-01
-1.74504937e+00
-2.74487215e+00
0.00000000e+00
-2.64386761e+00
1.39156686e+00
-1.02071145e+00
-1.25960598e+00
2.65915167e+00
2.87654077e+00
0.00000000e+00
0.00000000e+00
0.00000000e+00
0.00000000e+00
0.00000000e+00
0.00000000e+00
0.00000000e+00
0.00000000e+00
0.00000000e+00
0.00000000e+00
0.00000000e+00
0.00000000e+00
0.00000000e+00
0.00000000e+00
-9.20874796e-01
-2.00928407e+00
-1.84597780e+00
0.00000000e+00
0.00000000e+00
0.00000000e+00
-3.84451668e-01
-3.43982718e-01
1.23993000e+00
4.55784281e+00
1.94862336e+00
-1.69264477e+00
2.62857329e+00
-1.87914991e+00
2.21788149e+00
0.00000000e+00
-3.45396713e+00
5.69476561e-01
-3.47100843e+00
7.95458681e-01
1.04317836e-01
-2.12729791e+00
7.88634369e-01
1.87132410e+00
-2.20189128e+00
-3.01364646e+00
-2.57498620e-01
0.00000000e+00
0.00000000e+00
0.00000000e+00
-2.12102882e-01
6.42042992e-01
-3.57421188e-01
-2.46927233e+00
-4.64791341e-01
1.40507878e+00
-3.88699934e-01
-3.86050460e-01
-1.69197091e+00
0.00000000e+00
2.15010615e+00
-3.42341972e-01
9.63210900e-02
-1.57467427e-01
5.84665496e-01
7.62587370e-01
-6.24594650e-01
-2.18394533e+00
1.19112160e+00
2.18923633e+00
-2.69102436e+00
0.00000000e+00
0.00000000e+00
0.00000000e+00
-1.91384837e-03
-1.38189356e+00
-3.22936309e-01
3.36230161e+00
-3.87890470e+00
-4.33468333e-01
1.86755953e+00
-1.20997035e+00
-1.32847703e+00
0.00000000e+00
1.42815342e+00
3.40502992e+00
-6.77883547e-02
-2.13382293e+00
-8.74846698e-01
5.11032730e-01
-1.55880174e+00
-1.22491965e+00
-1.08748960e+00
2.24013153e+00
-2.52394042e-01
0.00000000e+00
0.00000000e+00
0.00000000e+00
-1.05200483e-01
-1.88468996e-01
-5.44348942e-01
-2.02560851e+00
2.48650607e+00
9.29788208e-01
-5.16547488e-01
5.85757644e-01
5.77791514e-01
0.00000000e+00
-1.06906628e-01
-1.38881093e+00
-6.13492681e-01
1.03627636e+00
6.56338042e-01
-6.93413818e-01
6.15603742e-01
-2.30927043e-01
5.09249457e-01
-1.23597955e+00
136
-8.60331780e-01
-5.55475385e-01
4.92727826e-03
-1.16765139e+00
1.07361498e-02
8.62794995e-01
-4.96014191e-02
0.00000000e+00
0.00000000e+00
0.00000000e+00
1.94935670e+00
1.75030926e+00
0.00000000e+00
0.00000000e+00
0.00000000e+00
0.00000000e+00
0.00000000e+00
0.00000000e+00
0.00000000e+00
0.00000000e+00
-2.15690781e-01
-6.78858004e-01
-2.95243388e-01
9.72217007e-02
2.07640357e-01
3.69485685e-02
0.00000000e+00
0.00000000e+00
-4.60346001e-01
-9.78455201e-01
1.05279579e+00
-5.53038109e-01
1.11227561e+00
-9.93256211e-01
1.37595704e+00
7.90000861e-01
-1.99486131e+00
-9.33871227e-01
-7.42561024e-01
6.41906322e-01
1.17803292e+00
-1.89977193e-01
-1.52583817e-01
0.00000000e+00
0.00000000e+00
0.00000000e+00
-9.02306284e-01
-1.32673471e+00
4.29585506e-01
-2.27795477e-01
0.00000000e+00
0.00000000e+00
7.75745884e-01
3.73386403e-01
1.66781086e-01
0.00000000e+00
0.00000000e+00
-3.23326334e-01
-2.97626285e-02
-1.32356405e-01
-6.62489875e-01
9.64378538e-02
-1.53460150e-01
-1.35150860e-01
2.89791841e-01
5.98124602e-02
-1.43498946e+00
1.32786578e+00
6.43991714e-01
5.05110268e-02
0.00000000e+00
0.00000000e+00
1.08191653e+00
-3.03134806e-01
3.47484754e-01
7.11460808e-02
0.00000000e+00
0.00000000e+00
0.00000000e+00
0.00000000e+00
0.00000000e+00
0.00000000e+00
0.00000000e+00
0.00000000e+00
0.00000000e+00
0.00000000e+00
2.48736724e-02
-8.97845025e-01
-9.49812043e-01
0.00000000e+00
0.00000000e+00
0.00000000e+00
4.20341383e-01
5.62738482e-02
-1.92881236e+00
4.72089448e-01
2.29801896e-01
1.45595373e-04
-2.33021137e-01
5.42192249e-02
9.49286151e-01
0.00000000e+00
-2.19990390e-01
1.38981299e+00
-1.31726236e+00
-7.83153724e-01
-1.03540476e-01
7.90380192e-01
2.21649635e-01
-6.72537101e-01
-7.41821143e-01
4.66326282e-01
-1.52813691e+00
0.00000000e+00
0.00000000e+00
0.00000000e+00
-6.95658821e-01
-2.11992332e+00
-1.47949291e+00
1.28096499e+00
-4.96557590e-01
1.00804751e-01
4.75338472e-01
-1.13381909e-01
5.27233054e-01
0.00000000e+00
1.27917417e-01
-2.62542604e-02
5.61019185e-01
-2.31473004e-01
8.81075518e-01
6.61672593e-01
-1.47439502e-01
-1.45615095e+00
4.82160567e-01
1.40008804e-01
9 1
-1.2640e+00 3.2781e-01
7 1
0 1 4 2 8 3 10 
217
-1.39859536e+00
3.74457651e-01
1.80032463e+00
-1.63801793e+00
-1.67822061e+00
1.24283681e+00
-5.84028867e-01
1.23233818e-01
5.02629861e-01
-2.72755979e-01
1.53952379e-01
-9.86126953e-01
2.07071874e-01
7.59398403e-01
6.08639594e-01
-7.03093431e-03
1.82038757e+00
-3.94026111e-01
4.56309947e-04
1.66925931e+00
-3.47078626e-01
2.78375586e-03
1.69343859e+00
0.00000000e+00
0.00000000e+00
0.00000000e+00
-6.50126520e-01
1.22900590e-02
5.41537500e-01
0.00000000e+00
0.00000000e+00
0.00000000e+00
0.00000000e+00
0.00000000e+00
0.00000000e+00
0.00000000e+00
0.00000000e+00
9.00946532e-01
-8.09381444e-01
-8.39901471e-01
-9.17105669e-01
-2.29427958e+00
-6.71477267e-01
0.00000000e+00
0.00000000e+00
-2.08883732e+00
-7.90158379e-01
7.31825726e-01
7.34891704e-01
-1.24658936e+00
-7.95131736e-01
2.17044817e+00
0.00000000e+00
-2.68088836e+00
-4.96966318e-01
1.57175326e+00
0.00000000e+00
3.49328665e-01
0.00000000e+00
2.14634445e+00
2.43374802e-01
-8.50398411e-01
-7.91571754e-01
-1.62683549e+00
-7.25145097e-01
0.00000000e+00
2.86003344e-01
8.49596017e-01
6.67381878e-01
3.18403960e-01
0.00000000e+00
8.32930464e-02
0.00000000e+00
-1.06195281e+00
1.52105509e-01
-4.19935594e-01
1.08483597e-01
-6.47427511e-01
-2.35738685e-02
0.00000000e+00
-3.78911147e-01
1.36354206e-01
-3.48682837e-01
4.77156059e-01
-8.12825547e-02
-1.20226864e+00
0.00000000e+00
7.69968386e-02
-1.07707355e+00
-1.92041006e-01
5.90797446e-01
-4.70742890e+00
-6.12267110e-01
0.00000000e+00
2.14006904e+00
-1.05507391e+00
1.78103162e+00
1.18286244e+00
0.00000000e+00
-1.02649949e+00
0.00000000e+00
-4.46444543e-01
-1.25330564e-01
3.47500637e-01
-6.77458593e-01
2.25328159e+00
-1.42288135e+00
-1.82966835e+00
-1.81916221e+00
-2.84455957e-03
-4.09833395e-01
1.39261042e-01
0.00000000e+00
0.00000000e+00
0.00000000e+00
0.00000000e+00
0.00000000e+00
0.00000000e+00
0.00000000e+00
-1.72711411e+00
-1.42615133e+00
-2.15044438e+00
0.00000000e+00
0.00000000e+00
0.00000000e+00
1.82205791e+00
1.66476352e+00
-2.80547629e+00
2.55752759e+00
-1.53243389e+00
-5.98144896e-01
4.31629883e-01
-1.17819398e+00
4.91501927e+00
0.00000000e+00
1.95062192e-01
1.78855083e-01
5.51828050e-01
-2.27870121e+00
-4.41252482e-01
3.24030698e-01
1.87794143e-01
-3.61328461e+00
-7.54943821e-01
-1.77658153e+00
-2.45785158e-01
0.00000000e+00
0.00000000e+00
0.00000000e+00
-1.12755283e+00
-1.19813024e-01
9.07804228e-01
-1.27711776e+00
1.34568836e+00
7.13694311e-01
-5.62959499e-01
5.26905521e-01
-1.62970462e+00
0.00000000e+00
-1.28182563e-01
3.99074424e-02
-1.00134175e+00
2.61479916e-01
-2.31110943e-01
-2.99539142e-01
-3.42500201e-01
1.50936137e+00
3.11459616e-01
8.57736415e-01
-1.61177593e+00
0.00000000e+00
0.00000000e+00
0.00000000e+00
-5.86354645e-01
5.34477358e-01
-2.12993747e+00
1.09367267e+00
8.42193639e-01
6.89883717e-01
1.07649509e-02
1.89119276e+00
-2.77461414e+00
0.00000000e+00
2.09044529e+00
5.40386927e-01
-1.58042292e+00
-5.37798698e-01
3.93323021e-01
-2.12115035e+00
1.22707691e+00
-1.70931825e-01
-2.28064374e+00
1.25666062e+00
-1.97734241e-01
0.00000000e+00
0.00000000e+00
0.00000000e+00
-1.84911571e-02
-1.30829529e+00
4.57991169e-01
-3.65949316e-01
-3.29035345e-02
4.82124194e-01
1.88584182e-01
-5.40652186e-01
1.01583704e+00
0.00000000e+00
-5.29789328e-01
-9.50888591e-01
1.27092676e-01
-6.91353060e-02
-1.72641495e-02
1.16135569e+00
-5.20044086e-01
3.46151245e-01
9.67327463e-01
-5.90784965e-01
136
-8.94070070e-01
-7.76826369e-01
1.73659719e-02
1.61749536e-01
-4.52283011e-03
5.66993243e-01
-1.47375836e-03
0.00000000e+00
0.00000000e+00
7.24888777e-01
4.69709320e-01
3.10781445e-01
0.00000000e+00
0.00000000e+00
0.00000000e+00
0.00000000e+00
0.00000000e+00
0.00000000e+00
0.00000000e+00
0.00000000e+00
7.22510567e-01
-6.25475784e-02
-2.65488643e-01
-4.17842889e-01
-6.96263811e-01
-3.63749227e-01
1.89943760e-01
0.00000000e+00
-3.53864327e-01
-7.22849217e-01
5.47116096e-01
-2.80746882e-01
1.03462885e+00
-5.69507042e-01
1.41616945e+00
1.62948742e+00
-1.75660284e+00
-1.11077436e+00
-1.17486437e+00
9.67850320e-01
5.25591856e-01
-6.60039921e-01
-3.85032854e-01
0.00000000e+00
0.00000000e+00
0.00000000e+00
-2.30550864e-01
-5.16661066e-01
6.34494055e-01
5.72360353e-02
0.00000000e+00
0.00000000e+00
2.36228466e+00
5.38032176e-01
6.24087780e-01
-6.62430836e-01
-1.72575584e+00
-1.21722801e+00
-5.73468053e-02
-1.42870431e-01
-5.46082903e-01
1.14352473e-02
-2.11524689e-01
7.73778985e-02
2.90572394e-01
4.21119824e-01
-3.91482584e-01
7.65673357e-01
3.61626150e-01
7.87823989e-02
-4.43055361e-01
1.92353749e-03
4.96178041e-01
-2.45563250e-02
2.41435846e-01
-4.20987537e-01
5.72164240e-01
-6.44147962e-01
-2.13645083e-01
5.44466943e-02
-4.46507680e-01
0.00000000e+00
0.00000000e+00
0.00000000e+00
0.00000000e+00
0.00000000e+00
-1.75558794e-01
-9.55320765e-01
-1.14834158e+00
0.00000000e+00
0.00000000e+00
0.00000000e+00
5.09249811e-01
1.25574643e-01
-1.17089175e+00
8.31264564e-01
-2.41206785e-02
-2.30610053e-01
-3.38036066e-01
6.78457565e-02
1.23936048e+00
0.00000000e+00
-9.73469685e-02
9.07884547e-01
-8.65650648e-01
-2.39577593e-01
6.94782397e-02
9.09869198e-01
2.36627518e-01
-3.09518642e+00
-7.33320282e-01
7.49244133e-01
-1.62083722e+00
0.00000000e+00
0.00000000e+00
0.00000000e+00
-4.06789387e-01
-1.15758525e+00
-1.57858026e+00
1.06569078e+00
-7.67616335e-01
4.65507882e-01
1.37415478e-01
-2.84107766e-01
2.84706133e-01
0.00000000e+00
1.05608858e-01
-6.89530598e-02
-9.85496988e-02
-3.14870648e-01
7.60014600e-01
6.18409643e-01
-3.42649971e-02
-1.17494145e+00
6.55157290e-01
1.72910968e-01
5 1
-1.4194e+00 2.4013e-01
8 0
0 1 4 2 8 3 10 9 
217
1.40102637e+00
-4.76940910e-01
4.00759317e-01
-1.45235125e-02
3.25070982e-01
-7.67513834e-01
5.01162892e-01
-1.69938533e-01
-7.87184156e-01
1.54546256e-01
-1.64557485e-01
3.41687030e-01
1.52653414e+00
-3.02441922e+00
-2.44282418e-01
-2.49008339e-02
1.06916424e+00
6.26534259e-01
-1.25049150e-02
2.63535932e-01
7.79115310e-01
4.66908161e-03
-3.37357182e-01
2.39659223e-01
1.32437478e-02
7.82773978e-02
1.79776672e+00
1.70331899e+00
2.83560439e-01
0.00000000e+00
0.00000000e+00
0.00000000e+00
0.00000000e+00
0.00000000e+00
0.00000000e+00
0.00000000e+00
0.00000000e+00
2.63223019e+00
-7.82575190e-01
-2.00386811e+00
-2.61328967e+00
-1.77188968e+00
0.00000000e+00
0.00000000e+00
0.00000000e+00
-1.92911035e+00
-3.19008060e+00
1.58942634e+00
2.20587967e+00
-7.78600252e-01
2.07048597e-01
1.76144602e+00
0.00000000e+00
1.42302417e-01
-1.15939208e-01
9.33838182e-01
0.00000000e+00
1.70495374e-01
0.00000000e+00
6.76231021e-01
1.93750636e+00
-7.77152341e-01
2.40672353e-01
-4.17218500e-01
-7.47783884e-01
0.00000000e+00
1.78116956e+00
6.62568134e-02
7.84859201e-01
7.42945043e-01
8.54293217e-01
-2.93627319e-01
-2.61100058e-01
5.54213331e-01
4.41114802e-01
2.86147145e-01
6.00670677e-01
-2.09046772e+00
2.09253004e-01
0.00000000e+00
1.54401448e+00
1.37874431e-01
1.73822660e+00
-6.57500901e-02
0.00000000e+00
-1.33990577e-01
0.00000000e+00
-2.63655201e-01
-1.08214042e-02
1.79867215e+00
-5.24028267e-01
-1.03438185e+00
-3.05966019e-02
0.00000000e+00
1.70423298e+00
-7.03558090e-01
7.61771851e-01
1.13396993e+00
1.40420427e+00
-2.88713222e-02
0.00000000e+00
-1.84843972e+00
1.05310237e+00
1.87413314e+00
9.65977655e-01
5.72249165e-01
3.59844160e-01
-2.11306856e+00
2.60072466e-01
3.26968505e-01
2.08860582e-01
-1.28386741e+00
1.74606867e+00
-1.40880902e+00
0.00000000e+00
4.58752269e-01
-8.13942828e-01
6.05014454e-01
8.82001183e-01
-2.67989968e+00
-2.67060320e+00
-3.99398498e+00
0.00000000e+00
0.00000000e+00
0.00000000e+00
1.59441594e-01
-1.82708324e-01
3.57670438e-01
1.68677482e+00
-5.58834862e-01
1.10698396e+00
-5.47529144e-01
1.32863601e+00
-9.82285072e-02
0.00000000e+00
-3.31575385e-01
1.29926809e+00
-3.73287881e+00
-2.72095463e-01
4.14267875e+00
-9.56019326e-01
-4.51576773e-02
-1.45227090e+00
2.21951768e-01
3.08282224e-01
-2.95578776e-01
0.00000000e+00
0.00000000e+00
0.00000000e+00
6.82932318e-01
-3.52365900e-01
2.17967096e-01
4.16821986e-02
8.00951242e-01
1.57685024e-01
4.59738755e-01
5.47588084e-02
-4.27422178e-02
0.00000000e+00
9.89451457e-01
-4.55542069e-02
1.64176965e+00
1.01498503e+00
-5.65123607e-02
1.32268197e+00
6.24889592e-01
5.64515514e-01
7.77573893e-01
1.01705708e+00
-3.74995214e+00
0.00000000e+00
0.00000000e+00
0.00000000e+00
3.75872905e-01
2.72820568e-01
-2.71691596e+00
4.43962087e+00
6.10011008e-01
-3.05029367e+00
-1.72804224e+00
2.17094673e-01
-7.36881946e-01
0.00000000e+00
1.87232461e+00
-2.84331942e-01
-2.04737796e-01
1.58670054e+00
1.16376729e+00
2.80803591e-01
-1.60086083e+00
-8.40017099e-01
-1.02159023e+00
-2.38529647e+00
1.25069592e-01
0.00000000e+00
0.00000000e+00
0.00000000e+00
-3.27045007e-01
-4.43106943e-01
6.79975560e-01
-1.19501732e+00
1.50077018e-01
1.36138965e+00
1.05928826e+00
-3.14081936e-01
4.46561185e-01
0.00000000e+00
-8.14885871e-01
3.69863354e-01
-7.95834389e-01
-7.07246420e-01
-1.86905389e-01
1.12952757e-02
1.44286281e-01
1.19410684e-01
-5.07586865e-01
1.07463246e+00
136
-6.52365983e-01
9.19413790e-01
-3.47494939e-02
-2.13433719e-02
-1.10283448e-02
-9.99376943e-01
-3.99625287e-04
-5.51059457e-01
-7.36144338e-03
7.01449371e-01
6.06969708e-01
4.78266155e-01
0.00000000e+00
0.00000000e+00
0.00000000e+00
0.00000000e+00
0.00000000e+00
0.00000000e+00
0.00000000e+00
0.00000000e+00
9.48315586e-01
5.89871949e-01
-3.06697759e-01
-5.82871866e-01
-1.14016857e+00
-9.34703327e-01
7.80989516e-01
0.00000000e+00
-9.38966537e-01
4.07625547e-01
-1.36758181e-01
1.24235935e+00
3.91370306e-01
-5.17583247e-01
3.74474971e-01
6.28627235e-01
-5.49571654e-01
-3.04825296e-01
-4.30131594e-01
2.43271590e-01
9.90494349e-01
-1.17195718e+00
-8.73694128e-01
0.00000000e+00
0.00000000e+00
0.00000000e+00
-3.07259380e-01
8.27675867e-01
9.10402226e-01
1.13809025e-01
0.00000000e+00
1.26099102e+00
7.39492109e-01
2.83565997e-01
4.93870267e-01
-8.67660713e-01
-8.78252205e-01
-4.52849784e-01
1.31421981e-01
1.64479740e-01
-2.50943714e-01
-1.96013516e+00
1.20412817e+00
3.32241731e-01
2.80013693e-01
2.24577992e-01
-5.25178443e-01
2.12376110e-01
4.27741327e-01
-1.03086982e-01
-3.09735254e-02
-6.68728034e-03
1.13971816e-01
-1.04641488e-01
1.76152152e-01
-1.54275778e-01
-1.71274400e-01
-7.29399069e-02
-4.44331426e-01
2.23858091e-01
-2.03126489e-01
2.21181549e-01
-2.99911077e-01
2.69283249e-01
2.34505953e-01
-8.36838277e-01
-6.39144370e-01
-1.37910717e+00
-1.58512867e+00
0.00000000e+00
0.00000000e+00
0.00000000e+00
5.26766337e-01
2.81098531e-01
-7.01230374e-01
7.30541738e-01
-1.29161755e-01
-1.06178718e-01
-7.32704670e-01
1.71319738e-01
8.39533927e-01
0.00000000e+00
5.70978733e-02
4.99088123e-01
-1.15934636e+00
-3.73521139e-01
5.32245477e-02
9.56601891e-01
-1.75667432e-01
-1.99364433e+00
-7.53700499e-01
4.24753900e-01
-1.98508498e+00
0.00000000e+00
0.00000000e+00
0.00000000e+00
-2.22659676e-01
-1.17159591e+00
-1.45414497e+00
9.79913473e-01
-2.91072409e-01
6.29542816e-01
2.01311112e-01
-1.23086898e-01
4.83243494e-01
0.00000000e+00
3.50119345e-01
-8.62573808e-02
-7.58433262e-01
-4.09404080e-01
4.85388314e-01
4.57195856e-01
-3.86062042e-01
-9.93033741e-01
4.22973440e-01
-9.90224619e-02
7 2
-2.3748e+00 3.4687e-01
8 -1
0 1 4 2 8 3 10 9 
217
-3.84477627e+00
-1.73723009e+00
1.16400695e+01
0.00000000e+00
-4.71366648e+00
1.24312330e+01
2.87194064e+00
-2.80500231e+00
-2.90730676e+00
2.06140521e+00
-4.08067165e+00
9.06384950e+00
4.98492797e+00
3.85206333e+00
-2.38136739e+01
3.40389667e-01
8.44651268e+00
0.00000000e+00
0.00000000e+00
0.00000000e+00
0.00000000e+00
0.00000000e+00
0.00000000e+00
0.00000000e+00
0.00000000e+00
0.00000000e+00
0.00000000e+00
-4.89047183e-01
-2.64629844e+00
0.00000000e+00
0.00000000e+00
0.00000000e+00
0.00000000e+00
0.00000000e+00
0.00000000e+00
0.00000000e+00
0.00000000e+00
8.12345464e+00
-1.06200536e+01
-4.80422770e+00
-7.82310225e+00
2.88595209e+00
8.39320059e+00
0.00000000e+00
0.00000000e+00
-1.37216861e+01
-6.71738451e+00
-6.64061985e+00
-8.97290191e+00
0.00000000e+00
1.29349628e+01
5.90493426e+00
0.00000000e+00
5.46177258e+00
-1.17942323e+01
0.00000000e+00
0.00000000e+00
0.00000000e+00
0.00000000e+00
-1.15876518e+01
1.30518650e+01
-2.75532358e+00
-1.41413177e+01
-8.24052059e-01
-1.69800146e+00
0.00000000e+00
1.21592317e+00
4.66285323e-01
-2.53864592e+00
-4.74677780e+00
0.00000000e+00
-3.82106609e+00
0.00000000e+00
2.52981319e+00
-1.62686091e+00
-2.55352336e+00
3.52586243e-01
0.00000000e+00
-3.26079747e+00
0.00000000e+00
7.80987629e-01
-1.55967135e+00
-1.36496643e+00
9.06144950e-02
-7.93296662e+00
-9.20473454e+00
0.00000000e+00
1.09767442e+01
-1.66031708e+00
2.31618066e+00
3.96863061e+00
0.00000000e+00
-1.37724793e-01
0.00000000e+00
5.53508057e+00
1.28159114e+00
-9.24213204e+00
3.27497523e+00
0.00000000e+00
2.20264785e+00
0.00000000e+00
-1.62814438e+00
2.27242460e+00
-4.41927974e+00
-1.54034237e+00
0.00000000e+00
6.52730774e+00
0.00000000e+00
6.01852591e+00
9.15241026e+00
0.00000000e+00
0.00000000e+00
0.00000000e+00
-1.85760419e+01
0.00000000e+00
9.56101518e+00
-9.00011695e+00
5.17025049e+00
3.32811054e+00
4.64488044e+00
-8.98352815e+00
2.36305325e+00
0.00000000e+00
0.00000000e+00
0.00000000e+00
-1.89161048e+00
7.82395263e+00
-4.79560094e+00
9.36996805e+00
0.00000000e+00
1.16221070e+01
3.73211445e+00
0.00000000e+00
2.80838288e+00
0.00000000e+00
-5.11324728e+00
3.64225525e+00
0.00000000e+00
-5.75681286e-01
0.00000000e+00
8.69211757e+00
-2.67642712e-01
-7.12803222e-03
-7.55851486e+00
-3.82216012e+00
-4.91035196e+00
0.00000000e+00
0.00000000e+00
0.00000000e+00
6.44315844e+00
5.40316750e+00
-7.82081597e+00
-3.94230311e+00
0.00000000e+00
-1.16166072e+00
6.87204169e-01
0.00000000e+00
4.52577424e+00
0.00000000e+00
5.98868551e+00
5.44970947e+00
0.00000000e+00
2.30702140e+00
0.00000000e+00
1.72195006e+00
4.24213950e+00
-1.60423789e-02
-4.65661851e+00
8.54749977e+00
-2.05355050e+01
0.00000000e+00
0.00000000e+00
0.00000000e+00
1.47471704e+01
0.00000000e+00
-2.21778334e-01
1.93356215e+00
1.27495247e+01
1.02348993e+01
-3.11231211e+00
-1.10290672e+01
-2.61432330e+00
0.00000000e+00
-4.75211456e+00
1.04088198e+01
9.94363895e+00
0.00000000e+00
6.04173730e+00
9.30563375e+00
2.24524018e+01
0.00000000e+00
0.00000000e+00
0.00000000e+00
-5.46922620e+00
0.00000000e+00
0.00000000e+00
0.00000000e+00
4.17682734e+00
0.00000000e+00
-3.34401546e-01
1.51302645e+00
7.42695741e+00
-3.78551862e-01
1.06159310e+01
-1.22098676e+01
1.13475741e+01
0.00000000e+00
1.06567231e+01
1.90252691e+00
7.78700857e+00
0.00000000e+00
3.80508713e+00
4.70036126e+00
1.12723063e+00
0.00000000e+00
0.00000000e+00
0.00000000e+00
136
-7.72703073e-01
-7.52009183e-01
1.35807367e-02
-2.06938896e-02
-5.44132789e-02
0.00000000e+00
0.00000000e+00
0.00000000e+00
0.00000000e+00
0.00000000e+00
2.09619514e+00
2.01775162e+00
0.00000000e+00
0.00000000e+00
0.00000000e+00
0.00000000e+00
0.00000000e+00
0.00000000e+00
0.00000000e+00
0.00000000e+00
1.81184797e-01
-2.25555398e-01
-4.83110327e-01
-4.55092226e-01
-5.77116033e-01
-1.60121841e-01
9.62574366e-01
0.00000000e+00
-6.65990765e-01
-6.72811171e-01
5.56836488e-01
-1.43643310e-01
4.92700788e-01
-5.26273054e-01
2.63139157e+00
-4.30831648e-02
-2.27976964e+00
-1.38802326e+00
-3.85898606e-01
2.09036518e+00
-8.37075817e-01
-6.73678285e-01
1.08771638e+00
0.00000000e+00
0.00000000e+00
0.00000000e+00
-5.16305425e-01
-8.56308047e-01
2.11581580e-01
-4.49472196e-02
0.00000000e+00
0.00000000e+00
-1.33923522e+00
-6.02563754e-02
-2.06348973e-01
1.20540053e-01
0.00000000e+00
-3.57410821e+00
-5.89868756e-01
-9.55950219e-01
-1.39095664e+00
-1.40814253e+00
-1.25499773e+00
-3.82847933e-01
1.21649403e-01
0.00000000e+00
0.00000000e+00
3.44893331e+00
8.30443373e-01
5.15373015e-01
0.00000000e+00
0.00000000e+00
5.24311236e-02
-1.79389128e-01
-4.39012197e-02
0.00000000e+00
0.00000000e+00
2.69902885e+00
4.18101534e-01
6.34986955e-01
-1.11453426e+00
0.00000000e+00
2.52956723e+00
3.73147262e-01
7.83288179e-01
-1.06177827e-01
-3.08624038e-01
-1.75011057e-01
-1.04789174e+00
0.00000000e+00
0.00000000e+00
0.00000000e+00
1.23774327e-01
3.61487571e-01
-1.53164395e+00
8.88670733e-01
1.27569397e-01
1.83220397e-01
-2.72423576e-01
-3.19078564e-01
4.80845270e-01
0.00000000e+00
-5.33476562e-01
1.00845534e+00
-1.23466241e+00
-8.51384979e-01
-6.56168514e-02
6.76722734e-01
1.85638296e-01
-1.27491968e-01
-2.59134500e-01
1.10637556e-01
-1.26249638e+00
0.00000000e+00
0.00000000e+00
0.00000000e+00
-7.79947673e-01
-2.14450457e+00
-1.06298011e+00
1.63678660e+00
1.96225592e-01
1.06255395e-01
5.72116664e-01
-7.22819016e-02
9.67070606e-01
0.00000000e+00
-1.73309924e-02
9.56051439e-02
-1.54680998e+00
-1.47060405e-01
1.23249347e+00
7.44384630e-01
4.19358387e-01
-1.93461827e+00
4.19552509e-01
5.31885231e-02
6 2
-2.2764e+00 3.8047e-01
8 -1
0 1 4 2 8 3 10 9 
217
-1.09363853e-01
1.40372471e+00
-8.28830289e-01
0.00000000e+00
5.47709209e-03
1.56923047e-01
-2.76694860e-02
6.58720159e-01
2.19159064e-01
-1.05789310e+00
-1.90333419e+00
-3.04883492e-01
1.59700367e+00
5.50185504e-01
0.00000000e+00
0.00000000e+00
0.00000000e+00
0.00000000e+00
0.00000000e+00
0.00000000e+00
6.17293236e-02
7.27249587e-02
-6.27480241e-01
-1.71093176e-01
1.08735327e-02
1.71919310e+00
-1.33363676e+00
6.81381265e-01
8.34239155e-01
0.00000000e+00
0.00000000e+00
0.00000000e+00
0.00000000e+00
0.00000000e+00
0.00000000e+00
0.00000000e+00
0.00000000e+00
-1.33869793e+00
-1.06224234e+00
4.90012371e-01
2.32530261e+00
1.59277523e+00
0.00000000e+00
0.00000000e+00
0.00000000e+00
-6.77919371e-01
-2.27038159e-01
0.00000000e+00
9.21224902e-01
5.98644614e-01
-8.98747439e-01
-7.59591229e-01
0.00000000e+00
-6.60538783e-01
-1.59535689e-01
0.00000000e+00
-2.16909201e-01
0.00000000e+00
9.78838955e-01
3.38240720e-01
-1.31015292e+00
-2.04560696e-01
1.40534976e+00
4.37084126e-01
-9.54829736e-01
0.00000000e+00
-2.60696965e-01
1.05600042e+00
6.69078723e-01
-2.93486936e-01
5.04542373e-01
-1.45561919e+00
0.00000000e+00
7.14274087e-01
-6.18947628e-01
1.27438878e-01
6.22754097e-01
-1.03700235e+00
-3.40628213e-02
0.00000000e+00
2.09349429e-02
2.00484547e-01
9.40766379e-01
1.04152704e+00
2.66067719e-01
1.13776756e-01
0.00000000e+00
-4.85575041e-02
5.74961674e-01
-4.40650824e-01
8.40205676e-01
3.14856543e-01
-2.20009127e-01
0.00000000e+00
8.48099502e-01
-4.36969370e-01
-1.05231077e+00
1.19542519e-01
-1.05528012e-01
3.94124350e-01
0.00000000e+00
-9.70005859e-02
-1.56139683e+00
-3.00959604e-01
3.76279274e-01
-3.23601221e-01
-1.53113578e-01
-3.07423191e-01
6.74222930e-01
2.25689781e-01
-3.06871983e-01
-1.05079605e+00
-2.63458315e-03
-1.19182038e+00
0.00000000e+00
2.19274554e+00
-1.41286165e+00
-1.10765443e+00
-8.66261064e-01
-1.18014652e+00
-1.22748880e+00
-1.19091158e+00
0.00000000e+00
0.00000000e+00
0.00000000e+00
-1.24815918e+00
1.52276924e+00
-3.94141456e-01
4.97852601e+00
0.00000000e+00
-3.62159663e-01
7.06051641e-01
9.11412928e-02
1.37715104e+00
0.00000000e+00
-9.80225812e-01
-4.83990778e-01
0.00000000e+00
8.08960125e-01
-4.27677867e-01
1.51100033e+00
-1.62693446e+00
-2.08169685e+00
2.54455196e-01
-1.80304386e-01
-8.36677818e-01
0.00000000e+00
0.00000000e+00
0.00000000e+00
1.13146589e+00
-1.46335091e-01
4.15687442e-01
-1.36821714e+00
0.00000000e+00
3.18569361e-01
7.32533688e-01
1.22358878e+00
3.86462940e-01
0.00000000e+00
1.47838494e+00
2.36893577e-01
0.00000000e+00
3.21568325e-01
1.36373474e+00
5.56031389e-01
5.97327880e-01
1.20176538e-01
2.65062804e-01
5.87580635e-01
-1.89985590e+00
0.00000000e+00
0.00000000e+00
0.00000000e+00
1.66726222e+00
-9.63139728e-02
-3.73264226e-01
5.97491821e-01
5.20623765e-01
1.01755247e+00
-3.65978040e-01
2.55033700e+00
-1.81667925e+00
0.00000000e+00
-9.00927530e-01
-6.76002565e-01
-2.14506702e-02
-5.63212560e-01
2.28513361e+00
6.52654800e-01
-2.14131015e-01
-1.55260898e-01
-8.73325911e-01
1.20962531e+00
-8.98800676e-01
0.00000000e+00
0.00000000e+00
0.00000000e+00
-7.54006828e-01
-1.80367622e-01
6.69094259e-01
1.33253087e+00
1.04292558e+00
1.14020484e+00
5.84692616e-01
-6.12430384e-01
2.41404271e+00
0.00000000e+00
1.35888796e+00
1.27078228e+00
-4.08670273e-02
8.29838590e-01
3.14631922e-01
8.13709583e-01
8.18459954e-01
-2.37165884e-01
6.62083771e-01
-5.42322434e-02
136
-1.70648466e-01
0.00000000e+00
0.00000000e+00
0.00000000e+00
0.00000000e+00
-3.50935535e-02
-1.11881847e-03
-2.27846793e-01
3.40596172e-03
3.17977314e-01
5.69997342e-01
5.29324867e-01
0.00000000e+00
0.00000000e+00
0.00000000e+00
0.00000000e+00
0.00000000e+00
0.00000000e+00
0.00000000e+00
0.00000000e+00
6.00511800e-01
3.67551804e-01
-1.61252583e-01
-3.67467420e-01
-6.60476146e-01
-1.00226817e-01
1.59242880e-01
0.00000000e+00
-2.24433764e-01
-4.91101862e-01
6.16458288e-01
-1.83532755e-01
8.12467107e-01
-9.99448631e-01
1.08261664e+00
5.16316093e-01
-9.22021618e-01
5.33139904e-01
-6.56930615e-01
8.01532462e-01
4.82393920e-01
-4.18527774e-01
-1.11104388e+00
0.00000000e+00
0.00000000e+00
0.00000000e+00
7.25055992e-02
-3.22660146e-01
8.08659434e-01
1.49992951e-01
0.00000000e+00
1.29696398e+00
-2.27745118e-02
1.08237998e-01
2.35242154e-01
-5.29941955e-01
-5.18883993e-01
-1.18221564e-01
1.55706671e-01
1.47266998e-01
-1.04207414e+00
2.82831884e-01
9.15374646e-02
2.40238359e-01
2.95353526e-01
4.54400601e-02
-3.82027243e-01
7.32225454e-01
3.60541015e-01
9.82763293e-02
-1.14077205e-01
2.16582973e-01
1.27556685e-01
-1.42398528e-02
8.46802286e-02
-3.00025291e-01
3.68042536e-01
-3.66812338e-01
-1.83587492e-01
6.38678890e-02
-6.16764745e-01
2.81677162e-01
-2.05668695e-01
1.74260707e-01
1.72880906e-01
-7.29256813e-01
-5.18666677e-01
-1.48422153e+00
-1.42610665e+00
0.00000000e+00
0.00000000e+00
0.00000000e+00
5.17675578e-01
8.13809568e-02
-8.36139115e-01
6.85375253e-01
-1.91079146e-01
-2.66429324e-01
-6.58866983e-01
-1.86708458e-01
8.94153752e-01
0.00000000e+00
1.58026227e-01
7.32517347e-01
-9.80000725e-01
-1.32152154e-01
1.76810163e-01
9.08137684e-01
-1.13855405e-01
-2.07935791e+00
-8.06267654e-01
6.70673256e-01
-1.99591960e+00
0.00000000e+00
0.00000000e+00
0.00000000e+00
-2.59839867e-01
-1.38483918e+00
-1.38146568e+00
1.06687292e+00
-4.13320545e-01
4.81052751e-01
1.06922866e-01
-2.74618522e-01
3.22894284e-01
0.00000000e+00
4.85278216e-02
8.84328960e-03
-2.17941659e-01
-2.99740176e-01
7.48944241e-01
5.17632119e-01
-3.49855132e-01
-1.17133515e+00
2.60383106e-01
1.94962903e-01
