0 7 -999999999 -1 -1
1 2 0 -1 -1
0.1538 -0.1587
356
3.56185638e-01
2.23113264e-01
1.33072374e-01
4.44552016e-01
-3.75215137e-01
1.07230307e-01
-3.02017629e-02
0.00000000e+00
0.00000000e+00
1.90145735e-02
-7.54279949e-02
0.00000000e+00
0.00000000e+00
2.82616108e-01
3.00725109e-01
-1.38789200e-01
0.00000000e+00
0.00000000e+00
0.00000000e+00
0.00000000e+00
0.00000000e+00
0.00000000e+00
0.00000000e+00
0.00000000e+00
0.00000000e+00
0.00000000e+00
0.00000000e+00
0.00000000e+00
0.00000000e+00
0.00000000e+00
0.00000000e+00
0.00000000e+00
0.00000000e+00
0.00000000e+00
0.00000000e+00
0.00000000e+00
0.00000000e+00
0.00000000e+00
0.00000000e+00
0.00000000e+00
0.00000000e+00
0.00000000e+00
0.00000000e+00
0.00000000e+00
0.00000000e+00
0.00000000e+00
0.00000000e+00
0.00000000e+00
0.00000000e+00
0.00000000e+00
0.00000000e+00
-8.74597984e-01
-2.24467001e-01
8.29360415e-01
0.00000000e+00
0.00000000e+00
0.00000000e+00
0.00000000e+00
8.59874868e-02
-2.65988651e-01
-3.77203602e-02
3.12671988e-01
3.64034755e-01
-4.06919981e-01
1.08900581e-02
-1.14467137e-01
-6.70063014e-02
-5.03019345e-01
-3.65953042e-01
-1.54359271e-02
-1.53008116e-01
-3.52103060e-01
-8.06338284e-03
4.39154806e-02
2.05386205e-01
-5.49640054e-03
-4.54598321e-02
8.68855534e-01
-2.64184048e-04
-3.68176540e-01
0.00000000e+00
0.00000000e+00
1.13398842e+00
8.96018312e-01
3.71584928e-01
-7.98953054e-01
-7.92850002e-01
-3.43742301e-01
0.00000000e+00
0.00000000e+00
-1.39953190e+00
3.16261121e-01
-2.12747005e+00
-6.97137413e-01
-2.11173725e+00
-6.71423285e-01
-4.15970201e-01
-1.22600610e-01
-2.84658752e-01
4.56488405e-01
5.42818683e-01
9.29088039e-02
0.00000000e+00
0.00000000e+00
3.04808070e+00
2.19560826e+00
0.00000000e+00
0.00000000e+00
0.00000000e+00
0.00000000e+00
0.00000000e+00
4.84105871e-01
-3.40071181e-01
-5.13379424e-01
-6.63672208e-02
-4.22660671e-01
-4.69184237e-01
-1.25405998e+00
0.00000000e+00
0.00000000e+00
0.00000000e+00
0.00000000e+00
0.00000000e+00
0.00000000e+00
-2.09326890e-01
-5.87445357e-01
-3.08995906e-01
-1.71144275e-01
-3.61313862e-01
-8.43482415e-02
3.80416931e+00
4.17554027e+00
4.25269349e+00
3.56818426e+00
3.85944408e+00
4.06685671e+00
3.19502796e-01
4.81452433e-01
-3.91438142e-02
3.46041057e-01
8.41057139e-01
4.41532881e-02
1.06206887e-02
7.66901932e-01
4.45541045e-01
9.40111807e-01
9.43772570e-01
7.40956784e-02
3.73827658e-01
0.00000000e+00
0.00000000e+00
0.00000000e+00
0.00000000e+00
0.00000000e+00
0.00000000e+00
0.00000000e+00
9.92060750e-02
5.16198240e-01
-1.48955691e+00
0.00000000e+00
-4.03545075e-01
-8.19157578e-01
-7.98793075e-01
-1.02026505e+00
-1.20233815e+00
0.00000000e+00
0.00000000e+00
0.00000000e+00
-5.98585906e-02
-4.44305770e-02
-7.51254542e-01
7.65069250e-01
7.68956855e-02
8.56188067e-01
1.01064037e+00
-1.06784875e+00
9.62258870e-01
0.00000000e+00
2.22958652e-01
8.77753391e-01
-1.65696322e+00
-5.45560306e-02
-1.43477198e+00
1.07633499e-01
-4.72963388e-01
-1.44599096e+00
4.11337991e-02
8.65768310e-01
2.03342329e-01
0.00000000e+00
0.00000000e+00
0.00000000e+00
-3.05487884e-02
-4.46472484e-01
1.98377014e-01
1.90308719e-01
1.36823980e-01
-2.73548746e-01
-2.07127110e-02
1.81735170e-01
2.68650049e-01
0.00000000e+00
-2.83732385e-02
-1.85016361e-01
1.71920966e-01
-1.12863666e-01
2.67183165e-01
4.05226559e-02
1.74787273e-01
1.98185418e-01
-2.61732829e-01
-2.65883256e-01
-3.36265321e-02
-1.88802154e-01
-1.52889258e-01
1.12125985e-01
6.31036386e-01
9.72785486e-01
-6.28538778e-01
-5.33048862e-01
-2.69860372e-01
0.00000000e+00
0.00000000e+00
0.00000000e+00
2.17250582e-02
-4.29217871e-01
-1.80125322e-01
1.32356223e-01
-1.53873684e-02
1.14220360e+00
2.99677845e-01
-1.66994917e+00
1.43123135e-01
0.00000000e+00
2.13933860e-01
8.94895642e-01
2.91096007e-02
3.19826350e-01
-8.94695298e-01
-6.48455844e-01
-1.59861312e-01
-7.81049044e-02
1.66406672e-01
4.42678735e-01
1.55175621e-01
7.49334764e-02
5.13963838e-02
5.80133720e-01
-1.16871162e+00
-2.14742922e-01
-3.32075076e-01
-2.84229972e-01
-1.84815949e-01
1.50466697e+00
-1.05933560e+00
0.00000000e+00
-9.53968696e-01
5.24043354e-01
3.25357474e-01
5.99336866e-02
-1.83942263e+00
0.00000000e+00
0.00000000e+00
0.00000000e+00
-8.32607847e-01
-7.06104627e-02
-5.36517778e-01
4.44085176e-01
-8.32737989e-02
1.12732535e+00
4.39040011e-01
2.03355005e-01
5.43644307e-01
0.00000000e+00
-2.35932389e-02
-2.28827092e-01
-1.78143356e+00
3.84068851e-01
-4.14245935e-01
8.00821129e-01
-4.18574572e-01
-9.78409348e-01
1.66896090e-01
-5.80564910e-01
3.24527774e-01
0.00000000e+00
0.00000000e+00
0.00000000e+00
1.83798656e-01
-4.26922037e-01
1.07384847e-01
8.96388806e-02
9.09442103e-02
-3.51312265e-01
5.66360418e-02
4.68109780e-02
2.34860160e-01
0.00000000e+00
-1.35398605e-01
4.03516159e-02
9.83808025e-02
-6.48552834e-02
3.59689773e-01
-2.54325781e-02
2.21377025e-01
-5.48603783e-02
-2.74472646e-01
1.27908578e-01
-3.32743646e-01
-6.56739934e-02
8.64244137e-02
3.91165598e-01
3.49046182e-01
1.00723638e+00
-6.39586118e-01
-4.33324260e-01
-5.34713648e-01
0.00000000e+00
0.00000000e+00
0.00000000e+00
7.52828022e-02
3.59932144e-01
1.03479235e-01
-2.29817564e-01
2.12195253e-02
-2.38180383e-01
-3.22128610e-01
4.46679035e-01
-2.54366753e-01
0.00000000e+00
6.45754220e-02
-6.25383568e-01
1.86450730e-01
-1.68074124e-01
3.49152423e-01
5.15200264e-01
-2.80478375e-01
5.14469757e-02
3.50873043e-02
-6.24790133e-01
-2.67069652e-01
0.00000000e+00
-2.20539564e-01
-6.83478607e-01
-1.50667898e+00
-7.53483585e-01
3.45946512e-02
1.09950566e+00
7.52651625e-01
9.96173597e-01
-1.60498898e+00
-1.44668206e-01
-7.53195396e-01
2.40688268e+00
-5.58744238e-01
0.00000000e+00
247
-5.81918120e-01
-1.18031114e-01
-4.63887005e-01
-7.08502905e-02
-4.71808238e-02
0.00000000e+00
0.00000000e+00
0.00000000e+00
0.00000000e+00
0.00000000e+00
0.00000000e+00
0.00000000e+00
0.00000000e+00
0.00000000e+00
0.00000000e+00
0.00000000e+00
0.00000000e+00
0.00000000e+00
0.00000000e+00
0.00000000e+00
0.00000000e+00
0.00000000e+00
0.00000000e+00
0.00000000e+00
0.00000000e+00
0.00000000e+00
0.00000000e+00
0.00000000e+00
0.00000000e+00
0.00000000e+00
0.00000000e+00
0.00000000e+00
0.00000000e+00
0.00000000e+00
0.00000000e+00
0.00000000e+00
0.00000000e+00
0.00000000e+00
0.00000000e+00
0.00000000e+00
0.00000000e+00
-1.02594343e+00
5.68631073e-02
7.58237267e-01
-9.22657044e-03
1.28779865e-01
-3.93886581e-03
-4.42991818e-01
-2.16533885e-04
0.00000000e+00
0.00000000e+00
1.38529087e+00
1.05960507e+00
8.82801091e-01
-1.05089799e+00
-1.16445076e+00
-1.05696114e+00
0.00000000e+00
0.00000000e+00
3.82142398e+00
1.67699325e+00
0.00000000e+00
0.00000000e+00
0.00000000e+00
0.00000000e+00
0.00000000e+00
-1.70626024e-02
-4.86439266e-01
-5.95969000e-01
-2.31200332e-01
-1.60003041e-02
-7.21416819e-01
-1.55219495e+00
0.00000000e+00
0.00000000e+00
0.00000000e+00
0.00000000e+00
0.00000000e+00
0.00000000e+00
7.79368953e-01
-8.63428186e-02
-7.57688803e-01
-6.85869404e-02
-7.68772067e-01
-1.34144965e+00
6.30234633e+00
6.17494008e+00
6.30392370e+00
6.26366735e+00
6.04158442e+00
5.66255555e+00
9.12982688e-01
1.30054679e+00
6.94335781e-01
4.01253285e-01
7.62214215e-01
4.89245338e-01
0.00000000e+00
7.53422483e-01
-2.67313624e-01
2.56626155e-01
1.02568360e+00
1.59529109e-01
-8.00121428e-01
0.00000000e+00
0.00000000e+00
0.00000000e+00
2.33643354e-01
-9.34989141e-02
-2.61293415e+00
0.00000000e+00
-5.98332282e-01
-1.19207567e+00
-1.06918813e+00
-1.18972325e+00
-1.79040795e+00
0.00000000e+00
0.00000000e+00
0.00000000e+00
1.58343761e+00
0.00000000e+00
1.05865304e-01
1.48757124e+00
3.17748019e-01
0.00000000e+00
1.36780073e+00
1.48437133e+00
1.38590088e-01
0.00000000e+00
1.29301515e+00
1.20266522e+00
0.00000000e+00
1.78430800e+00
1.21527214e+00
1.01845063e+00
1.12472071e+00
1.21319191e+00
1.97404875e+00
1.36709665e+00
-3.27571143e-01
7.50128884e-02
2.13790476e-01
-1.93665946e-01
7.54983871e-01
-8.81708450e-01
0.00000000e+00
0.00000000e+00
0.00000000e+00
7.43214521e-01
0.00000000e+00
6.35344547e-01
1.02279750e+00
9.77105163e-01
0.00000000e+00
9.45796240e-01
8.07026023e-01
1.05166113e+00
0.00000000e+00
1.95136838e-01
5.22924032e-01
0.00000000e+00
4.43586475e-01
7.66429125e-01
1.43654033e+00
5.81214777e-01
0.00000000e+00
0.00000000e+00
2.15999851e-01
-4.02584031e-01
3.56149953e-01
7.42246883e-01
9.15141216e-01
-1.46283681e+00
-6.73345170e-01
0.00000000e+00
0.00000000e+00
-6.98670816e-01
-7.89491639e-01
6.84482230e-01
3.56403830e-01
1.03863455e-01
-2.25891137e+00
0.00000000e+00
0.00000000e+00
0.00000000e+00
-5.66994731e-01
1.62795231e+00
-5.14074932e-01
-1.24718437e+00
8.52948953e-01
-1.28876935e+00
-4.83856283e-01
-5.62719789e-01
-4.33513259e-01
0.00000000e+00
-7.29954826e-01
1.12464316e+00
-2.93666753e+00
1.28853516e+00
3.75365679e-01
-1.19114531e+00
2.93614850e-01
7.94462173e-01
1.31297088e+00
2.54758344e-02
-4.77200220e-01
9.98750395e-02
0.00000000e+00
-5.83710830e-01
3.97743630e-02
-4.91729805e-01
0.00000000e+00
0.00000000e+00
0.00000000e+00
3.82445533e-01
-5.85049792e-01
8.87763393e-01
8.67761844e-01
5.95954761e-01
1.28876278e+00
1.27224538e+00
0.00000000e+00
6.26349732e-01
0.00000000e+00
5.65385710e-01
2.97530005e-01
1.54124696e+00
5.71894879e-01
-3.96285615e-01
1.05695121e+00
1.34266128e+00
0.00000000e+00
2.29014145e-01
8.53076225e-01
-5.77075259e-01
0.00000000e+00
-9.21894476e-01
-1.05828959e-01
-1.78171115e+00
-1.16906317e+00
3.73084985e+00
0.00000000e+00
1.91098810e+00
-6.12647987e-01
0.00000000e+00
9.92619939e-01
0.00000000e+00
1 -999999999 6 0 -1
1 0 2 1 -1
-4.3714e-01 7.4508e-01
356
2.83913982e-02
0.00000000e+00
0.00000000e+00
0.00000000e+00
0.00000000e+00
0.00000000e+00
0.00000000e+00
0.00000000e+00
0.00000000e+00
0.00000000e+00
0.00000000e+00
0.00000000e+00
0.00000000e+00
0.00000000e+00
0.00000000e+00
0.00000000e+00
1.11123007e-01
-8.27316089e-02
5.93582374e-01
-9.09472503e-01
0.00000000e+00
0.00000000e+00
0.00000000e+00
0.00000000e+00
4.10728366e-01
2.63573456e-01
0.00000000e+00
0.00000000e+00
2.72943746e-01
3.08287453e-01
1.23511749e-02
3.53623752e-01
-3.25232354e-01
-9.82320403e-01
-1.04107918e+00
-2.42447175e-02
-2.75003186e-01
9.49250587e-01
7.07394009e-01
3.86693568e-01
6.22326094e-01
0.00000000e+00
0.00000000e+00
0.00000000e+00
0.00000000e+00
0.00000000e+00
0.00000000e+00
0.00000000e+00
0.00000000e+00
0.00000000e+00
0.00000000e+00
5.31105716e-01
-5.33773708e-01
-2.78385721e+00
0.00000000e+00
0.00000000e+00
0.00000000e+00
0.00000000e+00
-1.92614071e-01
3.53150333e-02
1.34270567e-01
-2.94443585e-01
1.81484528e-01
-2.47718391e-02
6.41851023e-02
-3.48712535e-01
-1.58934729e-01
-5.73358800e-01
-1.17200470e-01
-2.12402089e-02
-2.62339736e-01
-1.40009974e-01
5.77115704e-04
-3.42900373e-01
-2.11367902e-01
6.41873137e-03
-1.69993242e-01
4.96969744e-01
2.53606080e-05
-3.76682361e-01
0.00000000e+00
0.00000000e+00
-7.46195026e-02
2.57378680e-02
-2.55815552e-01
-6.25221820e-02
2.55428437e-01
2.39983632e-01
0.00000000e+00
0.00000000e+00
9.18535710e-01
-8.12800281e-02
-1.07086101e+00
-2.65439744e-01
-2.35821054e+00
-5.10152418e-01
3.72373619e-01
-1.16624291e-01
1.25746568e+00
-5.61658370e-02
1.33034496e-01
5.27106737e-01
0.00000000e+00
0.00000000e+00
1.81015994e+00
2.10519462e+00
0.00000000e+00
0.00000000e+00
0.00000000e+00
0.00000000e+00
0.00000000e+00
4.91276887e-01
-7.18039276e-02
-1.47072533e-01
-4.69567928e-02
-1.74601922e-01
-6.71950717e-01
-1.09356678e+00
0.00000000e+00
0.00000000e+00
0.00000000e+00
0.00000000e+00
0.00000000e+00
0.00000000e+00
3.03830770e-02
-7.32923834e-02
-4.09849128e-01
-1.89601665e-01
-8.26653539e-01
-5.98142246e-01
3.22456986e+00
3.31374405e+00
3.49920356e+00
3.16343526e+00
3.24399685e+00
2.92334175e+00
1.81067779e-01
4.80410087e-01
4.47011812e-01
1.98644482e-01
9.71215738e-01
5.36107360e-01
0.00000000e+00
4.27481794e-01
-3.70205308e-01
8.06998181e-01
7.16450510e-01
-4.02046074e-01
4.24184126e-01
0.00000000e+00
0.00000000e+00
0.00000000e+00
0.00000000e+00
0.00000000e+00
0.00000000e+00
0.00000000e+00
-3.86145388e-01
-3.56034100e-01
-5.87268572e-01
-9.08096785e-01
-1.06192296e+00
-9.57555037e-01
-1.32577015e-01
-2.11151402e-01
-1.19449997e+00
0.00000000e+00
0.00000000e+00
0.00000000e+00
6.05818418e-02
-7.76096023e-01
-1.81639406e-01
1.70306656e+00
1.27516890e+00
-3.68512861e-01
7.60453467e-01
-4.96728038e-01
1.65263800e+00
0.00000000e+00
-3.48758119e-02
3.77265154e-01
-1.29279154e+00
-2.56820793e-01
-4.07252492e-01
3.38076619e-01
-7.54384277e-01
-8.50082231e-01
-8.69283387e-01
-1.07328366e+00
-4.52034277e-02
0.00000000e+00
0.00000000e+00
0.00000000e+00
-1.67323714e-02
0.00000000e+00
-1.98343535e-03
-2.02597503e-01
-1.46616092e-01
2.72289719e-01
-2.40220993e-02
3.09422329e-01
-8.89631079e-01
0.00000000e+00
1.03812901e-01
-5.75086328e-04
2.62948876e-01
3.39178214e-01
3.00292139e-01
-7.29435063e-02
3.79326317e-01
4.17064849e-01
6.65885093e-01
5.53613109e-01
-6.14150712e-02
-1.97416335e-01
2.66227303e-01
1.26097401e+00
8.15709909e-01
9.92885911e-01
-5.94177390e-01
-5.96124856e-01
3.02645898e-01
0.00000000e+00
0.00000000e+00
0.00000000e+00
5.11538218e-01
0.00000000e+00
1.62319450e-02
6.14301244e-01
7.16372229e-01
6.31451231e-01
7.37490006e-01
-8.61259570e-01
1.04211214e+00
0.00000000e+00
3.92514640e-01
-7.78445743e-01
-1.75205902e-01
2.09928866e-01
-1.41536205e+00
-1.02209285e+00
5.93800889e-01
-4.71419269e-01
-2.99709562e-01
4.74962370e-01
1.36001264e-01
0.00000000e+00
1.48482617e-01
-2.33736444e-01
-1.13308490e+00
-8.64506624e-01
-4.71175556e-01
7.56060006e-01
3.35794481e-01
1.84464887e+00
-2.08630450e+00
0.00000000e+00
-2.68578279e-01
3.40729720e-02
-1.28866099e-01
-1.82388619e-01
-1.16870644e+00
0.00000000e+00
0.00000000e+00
0.00000000e+00
-6.75189270e-01
-1.22064940e+00
-2.81760367e-01
-2.65475795e-01
4.93964289e-01
-5.04858462e-01
-3.49336174e-01
7.91470502e-01
2.09233747e-01
0.00000000e+00
1.69618480e-01
1.34077275e+00
-9.73989362e-01
6.64935265e-01
1.37542229e+00
-1.79879796e-02
-3.75251059e-01
-5.64427774e-01
-5.68499989e-01
-4.16698123e-01
3.62150408e-01
0.00000000e+00
0.00000000e+00
0.00000000e+00
2.80425572e-01
0.00000000e+00
1.62402735e-01
1.28243578e-01
1.28277563e-01
3.10335889e-01
4.78999723e-01
-3.32420350e-01
-7.65179909e-01
0.00000000e+00
2.09635565e-01
-3.84889106e-01
3.39288198e-01
3.25809014e-01
-7.42724070e-02
-1.73245687e-02
4.51611279e-01
4.92933037e-01
4.99018979e-01
4.58689097e-01
9.00749914e-02
-2.66937485e-01
-2.74916494e-01
-4.32784423e-01
1.80560917e-01
7.30599668e-01
-3.98965584e-01
-5.98571569e-01
-2.28159325e-01
0.00000000e+00
0.00000000e+00
0.00000000e+00
-5.22198227e-01
0.00000000e+00
-2.42878620e-01
-6.62168478e-01
-1.09451976e+00
-3.71742100e-01
-9.22573740e-01
8.56236364e-01
-4.38315068e-01
0.00000000e+00
-3.12059350e-01
1.24512607e+00
2.17855405e-01
-5.14170128e-01
2.25775178e+00
1.14227022e+00
-6.83472782e-01
-1.01811947e-01
-2.28247364e-04
-2.44060184e-01
3.57012476e-01
2.04506413e-01
3.42495245e-01
-1.72727946e-01
-1.25878143e+00
-6.90617553e-01
0.00000000e+00
0.00000000e+00
-1.06965320e-01
1.15202211e+00
-1.54145943e+00
0.00000000e+00
-5.68163878e-01
0.00000000e+00
7.73421213e-01
3.80213944e-01
247
-2.59562939e-01
0.00000000e+00
0.00000000e+00
0.00000000e+00
0.00000000e+00
0.00000000e+00
0.00000000e+00
0.00000000e+00
0.00000000e+00
4.06170747e-02
0.00000000e+00
0.00000000e+00
0.00000000e+00
0.00000000e+00
4.04351526e-01
-6.63914465e-01
6.71895789e-01
-2.67544263e-01
1.44979147e-01
-9.57467672e-03
0.00000000e+00
0.00000000e+00
0.00000000e+00
-3.76631698e-02
2.64361949e-02
0.00000000e+00
0.00000000e+00
-2.59562939e-01
0.00000000e+00
1.44566302e+00
-1.70522596e+00
0.00000000e+00
-1.04526018e-01
-8.84870414e-01
0.00000000e+00
0.00000000e+00
0.00000000e+00
0.00000000e+00
0.00000000e+00
0.00000000e+00
0.00000000e+00
5.65052658e-02
-2.23991239e-03
-2.38955327e-01
-3.30906391e-04
-2.19324729e-01
8.87749064e-03
1.42211851e-01
9.84561999e-04
0.00000000e+00
0.00000000e+00
2.24572104e-01
-2.26783605e-01
-1.63118389e-02
-2.14652065e-01
-6.35604411e-02
4.63746266e-02
0.00000000e+00
0.00000000e+00
7.83336453e-01
1.59904764e+00
0.00000000e+00
0.00000000e+00
0.00000000e+00
0.00000000e+00
0.00000000e+00
0.00000000e+00
-9.80230985e-02
3.68276668e-01
3.01055627e-01
-2.31536278e-01
-3.22835010e-01
-1.03673735e+00
0.00000000e+00
0.00000000e+00
0.00000000e+00
0.00000000e+00
0.00000000e+00
0.00000000e+00
1.18712067e-01
-2.85576079e-01
-2.18973818e-01
-9.23426752e-02
-7.90754741e-01
-4.96573898e-01
1.49075697e+00
2.49959266e+00
2.53549920e+00
1.90832723e+00
2.07575090e+00
2.06320220e+00
-6.09340253e-02
-4.30677033e-02
-1.52266911e-01
2.00745608e-01
4.74033910e-01
5.75297408e-02
-6.72363616e-02
-1.82329893e-01
-3.44022635e-01
3.63092857e-01
7.24777628e-01
2.00572366e-01
0.00000000e+00
0.00000000e+00
0.00000000e+00
0.00000000e+00
-1.43361555e-01
6.70831488e-01
-2.59263292e-01
-1.33856684e+00
-3.01282182e-01
-4.82353918e-01
-2.21696629e-01
-2.98347111e-01
-7.83636100e-01
0.00000000e+00
0.00000000e+00
0.00000000e+00
-5.03162419e-01
-1.84983081e-01
-3.66059285e-04
8.59413196e-01
7.99098597e-01
2.59299012e-01
8.08760849e-01
-3.24459529e-01
1.66346082e+00
0.00000000e+00
2.75750241e-01
8.72432647e-01
-1.52096269e+00
-8.64767304e-01
-6.83616045e-01
2.21310470e-01
3.64910520e-01
-6.98629985e-01
-1.21117308e+00
-9.15952264e-01
4.27344509e-01
8.56375735e-01
1.42725760e-01
2.22177495e-01
2.15747739e-02
-8.94249100e-01
0.00000000e+00
0.00000000e+00
0.00000000e+00
2.98553703e-01
0.00000000e+00
-3.95527674e-01
-5.15075116e-01
-1.93241011e-01
-1.19024666e-01
-2.46143442e-01
5.95319336e-01
-1.06517533e+00
0.00000000e+00
3.11222219e-01
-8.23246483e-01
-1.20523804e-01
5.68219115e-01
9.11404591e-01
-3.04151142e-02
-1.08824754e-01
-1.95637490e-01
7.84171180e-01
3.56319415e-01
-4.29031225e-01
0.00000000e+00
7.56943015e-01
6.11657191e-01
-1.21098061e+00
-1.15765792e+00
-9.76868063e-03
9.00311823e-02
-1.88612979e-02
-5.33226927e-02
0.00000000e+00
2.06802042e-01
4.23750998e-01
-5.20043740e-01
0.00000000e+00
0.00000000e+00
0.00000000e+00
-6.33024951e-01
-9.77855092e-02
-5.00124159e-02
8.18869899e-01
4.39203169e-01
5.40136836e-01
4.14892673e-01
5.66937877e-01
1.08352720e+00
0.00000000e+00
-1.13465951e-01
5.09864443e-01
-1.89077220e+00
-1.17488084e-02
-4.40459303e-02
4.26048409e-01
1.33613716e-01
-1.20528899e+00
-1.13408877e+00
-2.72904434e-01
6.42645766e-01
7.65698163e-01
0.00000000e+00
-1.69435509e-01
-1.65848081e-01
-5.37535679e-01
0.00000000e+00
0.00000000e+00
0.00000000e+00
4.96791398e-01
-4.03742481e-01
1.83495364e-01
1.82253282e-01
8.51140636e-01
1.97262428e-01
3.74784954e-01
-9.13525405e-02
2.57884228e-01
0.00000000e+00
4.26149200e-01
-4.67595462e-01
0.00000000e+00
-2.66246216e-01
1.49714684e-01
1.78057873e-01
-1.53836219e-01
0.00000000e+00
-1.61337319e-01
-6.33467469e-01
-1.23052397e-01
-1.04079536e-01
-1.56634462e-01
1.20761726e-01
-1.16268951e+00
-9.87394792e-01
0.00000000e+00
0.00000000e+00
5.08562127e-02
-1.75294714e-01
1.30090348e-01
3.39372590e-01
-3.33472997e-01
2 1
-8.1297e-01 4.3338e-01
2 0
0 1 
217
8.13316950e-01
-5.87565035e-01
1.33264684e-01
-6.85327035e-02
-3.61556532e-02
3.38894495e-01
1.05059321e-01
8.14455474e-01
1.02800461e+00
-2.23402744e-01
5.95469405e-01
-6.95580181e-04
-8.79060729e-01
-4.61355490e-01
1.18658140e-01
-8.53967306e-02
4.29774191e-01
-2.26115226e-01
5.05430516e-03
1.60211671e-01
-3.35916732e-01
-5.72451569e-04
4.26960364e-01
1.25669077e+00
-7.99346037e-04
-1.17816238e-01
0.00000000e+00
0.00000000e+00
6.61397639e-01
4.15532481e-03
5.70407300e-02
3.69954674e-01
-3.18384161e-01
5.87291828e-02
0.00000000e+00
0.00000000e+00
5.87778209e-01
-2.63693463e-01
4.89232205e-01
0.00000000e+00
0.00000000e+00
0.00000000e+00
0.00000000e+00
0.00000000e+00
5.87778209e-01
7.15688216e-02
-3.35262285e-01
4.89232205e-01
0.00000000e+00
0.00000000e+00
0.00000000e+00
0.00000000e+00
0.00000000e+00
0.00000000e+00
0.00000000e+00
0.00000000e+00
0.00000000e+00
0.00000000e+00
0.00000000e+00
0.00000000e+00
4.89232205e-01
-3.35262285e-01
7.15688216e-02
0.00000000e+00
2.04945907e-01
-1.17014754e+00
2.27001713e-01
6.76879227e-01
3.33799314e-01
6.05493090e-01
-3.73526918e-02
6.96699722e-01
-1.17867451e+00
5.42573483e-02
-4.16987486e-01
9.97125716e-02
-1.67009132e-01
0.00000000e+00
0.00000000e+00
0.00000000e+00
0.00000000e+00
0.00000000e+00
0.00000000e+00
0.00000000e+00
0.00000000e+00
0.00000000e+00
0.00000000e+00
0.00000000e+00
0.00000000e+00
0.00000000e+00
0.00000000e+00
0.00000000e+00
0.00000000e+00
0.00000000e+00
0.00000000e+00
0.00000000e+00
0.00000000e+00
0.00000000e+00
0.00000000e+00
0.00000000e+00
0.00000000e+00
0.00000000e+00
0.00000000e+00
0.00000000e+00
0.00000000e+00
0.00000000e+00
0.00000000e+00
0.00000000e+00
0.00000000e+00
0.00000000e+00
0.00000000e+00
0.00000000e+00
0.00000000e+00
0.00000000e+00
0.00000000e+00
0.00000000e+00
0.00000000e+00
0.00000000e+00
0.00000000e+00
-2.08849304e+00
-2.36185158e+00
-2.17161617e+00
0.00000000e+00
0.00000000e+00
0.00000000e+00
-1.33711985e+00
-6.73902871e-01
-2.16474050e-01
7.24615394e-01
2.75119822e-01
-3.33990953e-01
-6.32343915e-01
6.66644346e-01
9.64790698e-01
0.00000000e+00
8.03756735e-01
5.04855926e-01
-8.93629383e-01
-1.34623233e-01
5.18234726e-01
-1.17242615e-02
-2.13376871e-01
-3.79661812e-01
-1.42551971e+00
-3.77266910e-01
-4.73129068e-02
0.00000000e+00
0.00000000e+00
0.00000000e+00
5.53230568e-01
-6.13234490e-01
-7.82545438e-02
-1.51780339e-01
1.68061531e-01
4.38644204e-01
4.50571424e-01
-2.21164128e-01
-5.13014665e-02
0.00000000e+00
-2.60117963e-01
-2.70123941e-01
-3.37171243e-01
6.92935419e-02
-2.29559902e-01
5.60381062e-01
-2.01193490e-01
-3.83349200e-01
3.36199907e-01
1.73555561e-01
-2.30364304e+00
0.00000000e+00
0.00000000e+00
0.00000000e+00
3.65472143e-01
-2.22612108e-01
-1.80707752e-01
3.09970098e-01
-1.47171200e+00
1.03194537e+00
1.35004134e-01
-1.46280606e+00
-6.22780531e-02
0.00000000e+00
3.50213916e-01
-1.07903717e-01
-5.79941155e-01
-6.74832450e-02
-5.28868601e-02
-1.55098287e-01
1.05061637e+00
-4.37692609e-01
-6.39086341e-01
-1.06656889e-01
-2.11952682e-01
0.00000000e+00
0.00000000e+00
0.00000000e+00
1.05476691e-01
-4.55536849e-01
-3.26499687e-02
3.70965169e-01
4.18112647e-01
3.47077792e-01
5.74880875e-01
9.07077393e-01
3.11657064e-01
0.00000000e+00
-8.09596890e-01
-2.64118381e-01
-9.04830080e-01
-2.33253303e-01
6.23494037e-01
4.50355520e-01
-7.56721300e-01
-7.14055962e-01
1.94943826e-01
-3.45230963e-01
136
1.41174741e+00
1.89265728e-01
-4.47932690e-04
8.22078804e-01
-8.31665470e-03
2.35284218e-01
-1.85253804e-03
1.65118664e-01
5.27456324e-04
0.00000000e+00
0.00000000e+00
7.39239549e-01
1.55104887e-01
9.16099254e-02
1.23155610e-01
2.63186566e-01
1.51688724e-01
0.00000000e+00
0.00000000e+00
0.00000000e+00
5.54239589e-01
7.46298613e-01
0.00000000e+00
0.00000000e+00
0.00000000e+00
0.00000000e+00
0.00000000e+00
0.00000000e+00
1.41974331e+00
-8.65503723e-01
7.46298613e-01
0.00000000e+00
0.00000000e+00
0.00000000e+00
0.00000000e+00
0.00000000e+00
0.00000000e+00
0.00000000e+00
0.00000000e+00
0.00000000e+00
0.00000000e+00
0.00000000e+00
0.00000000e+00
0.00000000e+00
0.00000000e+00
0.00000000e+00
1.77591659e-01
-9.31886169e-01
-1.61871992e-01
-7.57563250e-01
-4.89378161e-01
4.94002948e-01
1.03694958e+00
3.61256626e-01
5.88209466e-01
-8.41604379e-01
0.00000000e+00
0.00000000e+00
0.00000000e+00
0.00000000e+00
7.46298613e-01
-8.65503723e-01
1.41974331e+00
0.00000000e+00
0.00000000e+00
0.00000000e+00
0.00000000e+00
0.00000000e+00
0.00000000e+00
0.00000000e+00
0.00000000e+00
0.00000000e+00
0.00000000e+00
0.00000000e+00
0.00000000e+00
0.00000000e+00
0.00000000e+00
0.00000000e+00
0.00000000e+00
0.00000000e+00
0.00000000e+00
0.00000000e+00
0.00000000e+00
0.00000000e+00
0.00000000e+00
0.00000000e+00
-1.46718117e+00
-1.32464378e+00
-1.74081961e+00
0.00000000e+00
0.00000000e+00
0.00000000e+00
-1.78400215e-01
-7.28803540e-01
-3.27789009e-01
6.23806341e-01
-7.26133764e-02
-2.62760191e-01
6.39477477e-01
6.91771402e-01
6.63401606e-01
0.00000000e+00
-6.39381084e-02
4.42976715e-01
-2.00388459e+00
-9.20718298e-02
4.97265046e-01
1.14315493e-01
2.50672400e-01
-1.37649993e+00
-2.35190802e-01
-3.22554507e-01
-1.71651073e+00
0.00000000e+00
0.00000000e+00
0.00000000e+00
-2.29863377e-01
-4.77887634e-01
-2.32986610e-01
5.08086270e-01
-7.13446153e-02
-3.56105497e-01
3.67700417e-01
2.69064748e-02
4.76120903e-01
0.00000000e+00
2.09511074e-01
5.56946805e-01
-1.58548733e+00
2.15143582e-01
-1.46835304e-01
9.50112744e-03
2.34566535e-01
-1.15859439e+00
-1.47864017e-01
8.59748511e-02
6 2
-6.2431e-01 4.5216e-01
3 -1
0 1 2 
217
1.98779658e+00
3.55197609e-01
-1.43205932e+00
-4.07226936e-01
3.22181616e-01
1.05485640e+00
1.59948714e+00
-1.57102752e-01
1.54285363e+00
1.07871411e+00
2.41232550e-01
4.82319099e-02
0.00000000e+00
0.00000000e+00
-5.11990861e-01
-2.27236786e-02
4.02425494e-01
7.94232191e-01
-3.83186889e-04
-4.99112482e-01
1.05791210e+00
1.74953924e-03
-6.25413671e-01
6.47643151e-01
-4.64514808e-03
-1.24035177e-01
0.00000000e+00
0.00000000e+00
2.20995715e+00
2.43114674e-01
-5.36774220e-01
-9.25183145e-02
1.12367465e-01
5.16498288e-02
0.00000000e+00
0.00000000e+00
0.00000000e+00
9.72940078e-01
6.18149133e-01
3.96707370e-01
0.00000000e+00
0.00000000e+00
0.00000000e+00
0.00000000e+00
0.00000000e+00
3.41296812e-01
3.51045243e-01
4.41762963e-01
0.00000000e+00
-9.52747615e-02
2.71660931e-01
3.96707370e-01
0.00000000e+00
0.00000000e+00
0.00000000e+00
0.00000000e+00
0.00000000e+00
0.00000000e+00
0.00000000e+00
0.00000000e+00
1.11013126e+00
3.51045243e-01
5.26620074e-01
5.26236830e-01
3.77067367e-01
0.00000000e+00
4.01459089e-01
8.76188393e-01
6.83033295e-01
2.94852875e-01
1.21651920e-01
4.04968153e-01
0.00000000e+00
4.60169295e-01
-4.18779432e-01
1.00100721e+00
2.60998527e-01
5.73986221e-01
5.60118797e-01
0.00000000e+00
4.38110534e-01
-2.59338555e-01
4.15581030e-01
2.15114095e-01
0.00000000e+00
0.00000000e+00
0.00000000e+00
0.00000000e+00
0.00000000e+00
0.00000000e+00
0.00000000e+00
0.00000000e+00
0.00000000e+00
0.00000000e+00
0.00000000e+00
0.00000000e+00
0.00000000e+00
0.00000000e+00
0.00000000e+00
0.00000000e+00
0.00000000e+00
0.00000000e+00
0.00000000e+00
0.00000000e+00
0.00000000e+00
0.00000000e+00
0.00000000e+00
0.00000000e+00
0.00000000e+00
0.00000000e+00
0.00000000e+00
0.00000000e+00
0.00000000e+00
0.00000000e+00
0.00000000e+00
0.00000000e+00
0.00000000e+00
0.00000000e+00
0.00000000e+00
-1.42182058e+00
-2.41340192e+00
-1.21857312e+00
0.00000000e+00
0.00000000e+00
0.00000000e+00
-8.94428177e-01
-1.01911393e+00
4.30568873e-01
3.44648849e-01
-6.51933760e-01
9.16633774e-01
7.61917380e-01
1.42957977e+00
2.19344780e+00
0.00000000e+00
1.16235290e-01
6.71727391e-01
-1.50700767e+00
3.24400665e-01
-1.67235908e+00
-5.54082922e-01
2.61466727e-01
-6.98334327e-01
1.16103224e-02
-1.68355011e+00
-2.83729985e-01
0.00000000e+00
0.00000000e+00
0.00000000e+00
4.92779166e-01
-4.27687427e-01
-4.22356314e-01
2.88396815e-01
6.82197708e-01
-7.21528929e-01
-2.50601890e-02
-5.26773119e-01
-4.60136831e-01
0.00000000e+00
-9.56882190e-02
-3.45225992e-02
-3.58123546e-01
-3.61864951e-01
8.11307779e-01
2.02186147e-01
3.26483545e-01
-6.65923786e-01
1.54411225e-01
8.58173540e-01
-1.83431967e+00
0.00000000e+00
0.00000000e+00
0.00000000e+00
-3.63690222e-01
4.31748689e-01
-9.97174195e-01
6.13898656e-01
-2.18371480e+00
2.24461488e+00
8.01002080e-01
-1.37026477e-01
-2.20591222e-01
0.00000000e+00
-1.21476347e-01
9.12330465e-02
-6.32597964e-01
3.57886793e-01
-1.07073420e+00
3.64239443e-01
-1.59155098e+00
-6.52469210e-01
7.76495670e-01
4.55586696e-01
-1.87698163e-01
0.00000000e+00
0.00000000e+00
0.00000000e+00
2.10222535e-01
-5.62864745e-01
1.63128887e-01
-1.20428507e-01
1.17951327e+00
-1.39075751e+00
-3.64979293e-01
-7.00825115e-02
9.16869349e-01
0.00000000e+00
-6.82158087e-04
2.14125716e-01
-4.86695315e-01
1.04239600e-01
4.15188958e-01
-4.31937748e-01
9.23045361e-01
-1.35320140e-01
-4.45821303e-01
-3.04462601e-01
136
1.10322444e+00
5.70438983e-02
6.76176574e-03
1.40021321e-01
4.11148579e-03
3.45512346e-01
2.11899483e-03
5.60646879e-01
7.78225335e-04
0.00000000e+00
0.00000000e+00
4.87563428e-01
1.56689679e-02
1.95990105e-01
1.01477230e-01
1.47952371e-01
2.84529697e-01
0.00000000e+00
0.00000000e+00
0.00000000e+00
8.13443437e-02
2.27430446e-01
6.75525901e-01
0.00000000e+00
0.00000000e+00
0.00000000e+00
0.00000000e+00
0.00000000e+00
3.46246319e-01
-4.55739271e-01
7.57763012e-01
1.90837295e-01
5.58322544e-01
-1.08865511e+00
6.75525901e-01
0.00000000e+00
0.00000000e+00
0.00000000e+00
0.00000000e+00
0.00000000e+00
0.00000000e+00
0.00000000e+00
0.00000000e+00
0.00000000e+00
0.00000000e+00
0.00000000e+00
-9.48902426e-02
-1.13974309e+00
9.70031334e-02
-4.53321945e-01
-7.30588406e-01
4.49890050e-01
7.64439861e-01
2.19865754e-01
4.67702940e-01
-1.19341784e+00
8.65562018e-02
6.80637612e-01
-1.24101622e-01
1.18206889e-01
-1.33267102e-01
-4.55739271e-01
1.09540616e+00
0.00000000e+00
0.00000000e+00
0.00000000e+00
0.00000000e+00
0.00000000e+00
0.00000000e+00
0.00000000e+00
0.00000000e+00
0.00000000e+00
0.00000000e+00
0.00000000e+00
0.00000000e+00
0.00000000e+00
0.00000000e+00
0.00000000e+00
0.00000000e+00
0.00000000e+00
0.00000000e+00
0.00000000e+00
0.00000000e+00
0.00000000e+00
0.00000000e+00
0.00000000e+00
-1.46113192e+00
-1.39874127e+00
-1.78749222e+00
0.00000000e+00
0.00000000e+00
0.00000000e+00
-2.31229803e-01
-7.27295364e-01
-4.10488268e-01
5.42749971e-01
8.31603016e-02
-1.27993201e-01
5.81884785e-01
5.14779065e-01
5.74429824e-01
0.00000000e+00
-1.17886184e-02
4.19697967e-01
-1.92279386e+00
-1.54250283e-01
4.46767120e-01
2.59198759e-01
1.87961486e-01
-1.17265882e+00
-4.05989456e-01
-2.33633817e-01
-1.78925431e+00
0.00000000e+00
0.00000000e+00
0.00000000e+00
-2.28726487e-01
-5.02895814e-01
-1.75271449e-01
5.09152846e-01
-1.36437206e-01
1.85778647e-01
6.29191968e-01
1.47810473e-01
3.35805781e-01
0.00000000e+00
1.33575586e-01
4.77144414e-01
-1.77671337e+00
-2.73743806e-02
9.06477771e-03
1.28403207e-01
1.42447945e-01
-1.29500725e+00
-2.81683247e-01
-6.35207478e-02
3 1
-9.6482e-01 4.8031e-01
4 1
0 1 2 6 
217
7.35497538e-01
1.06034747e-01
-2.46774675e-01
-9.01418604e-01
-4.05354046e-01
4.08390306e-01
5.59297973e-01
1.60705810e-01
6.85623574e-01
-3.74515420e-01
-1.40230264e-01
4.28516847e-01
3.61603009e-02
-3.29286400e-01
-2.63168081e-02
-1.74299306e-02
7.85879912e-01
2.79288424e-01
-1.94630734e-03
4.49649804e-01
2.11351272e-01
1.84307061e-02
3.90731003e-01
2.71174651e-01
4.12083305e-04
3.22045957e-01
0.00000000e+00
0.00000000e+00
5.81157445e-01
2.34432500e-01
-6.90498931e-01
2.73486266e-01
4.00127541e-01
-6.32072847e-02
0.00000000e+00
0.00000000e+00
0.00000000e+00
3.47993708e-02
1.23872100e-01
5.12712171e-01
6.41138963e-02
0.00000000e+00
0.00000000e+00
0.00000000e+00
0.00000000e+00
-3.07834906e-01
4.00696670e-01
1.46588224e-01
0.00000000e+00
1.69728951e-01
-7.10815595e-01
2.62385690e-01
0.00000000e+00
2.03309721e-01
3.15562954e-01
6.32892639e-02
0.00000000e+00
0.00000000e+00
3.53280009e-01
6.41138963e-02
4.94404441e-01
4.00696670e-01
-1.59603573e-01
8.86126183e-01
-5.85966691e-01
2.20312571e-02
-1.71119991e-02
5.66754663e-01
4.52450046e-01
7.12474514e-01
0.00000000e+00
-1.39741800e-01
-1.80757760e+00
2.35549830e-01
-6.29652220e-01
6.59551281e-01
4.50770169e-01
5.40644141e-01
2.80967784e-01
2.44482746e-01
-1.25603539e-01
2.12358068e-01
3.94891518e-02
-4.79164032e-03
0.00000000e+00
2.75517914e-02
5.35827974e-01
5.18228344e-01
-5.28067178e-01
3.14582554e-01
-1.37344195e-01
0.00000000e+00
0.00000000e+00
0.00000000e+00
0.00000000e+00
0.00000000e+00
0.00000000e+00
0.00000000e+00
0.00000000e+00
0.00000000e+00
0.00000000e+00
0.00000000e+00
0.00000000e+00
0.00000000e+00
0.00000000e+00
0.00000000e+00
0.00000000e+00
0.00000000e+00
0.00000000e+00
0.00000000e+00
0.00000000e+00
0.00000000e+00
0.00000000e+00
0.00000000e+00
0.00000000e+00
0.00000000e+00
0.00000000e+00
0.00000000e+00
0.00000000e+00
-1.56780117e+00
-2.04704271e+00
-9.85944923e-01
0.00000000e+00
0.00000000e+00
0.00000000e+00
-1.50262270e+00
-6.09080111e-01
8.11048335e-01
6.59020794e-01
-6.61204887e-01
1.78010868e-01
-2.18153989e-01
1.09403107e+00
1.00831018e+00
0.00000000e+00
1.02683422e-01
7.90384685e-01
-1.10658483e+00
-4.83656590e-01
2.83957936e-01
-3.77990259e-01
-3.81667569e-01
-5.18295477e-01
6.19935136e-01
-6.74070941e-01
-4.80693975e-01
0.00000000e+00
0.00000000e+00
0.00000000e+00
4.95809264e-01
-6.27153765e-01
-4.52008097e-01
2.30701511e-01
5.54635323e-01
-7.34261663e-01
2.11999509e-02
-3.80349691e-01
-3.20455100e-01
0.00000000e+00
5.22119404e-01
-3.90990853e-01
-1.77695771e-01
5.10607993e-01
-5.67548573e-01
3.87457398e-01
8.21199854e-01
-5.45369730e-01
-3.90897655e-01
5.62306225e-01
-1.47334347e+00
0.00000000e+00
0.00000000e+00
0.00000000e+00
-2.38554472e-01
-3.52000382e-01
-1.49090634e-01
9.20353181e-01
-2.55008397e-01
-1.16108431e-01
1.36018002e+00
-6.53446419e-01
2.25600266e-01
0.00000000e+00
1.98478453e-01
4.24486818e-01
-5.97357237e-01
-1.41971156e+00
-3.06506205e-02
1.56159585e-01
-6.89091575e-01
-1.93650009e-01
5.61894060e-01
-6.25826117e-01
-3.88640639e-01
0.00000000e+00
0.00000000e+00
0.00000000e+00
6.99394441e-05
-7.13197097e-01
-3.66444873e-01
-2.57169588e-01
2.34351812e-01
-3.17382716e-01
-6.07149231e-01
2.92701421e-01
-3.76360758e-01
0.00000000e+00
2.28034995e-01
-5.16520314e-01
-2.01394105e-02
1.15715399e+00
3.75955643e-01
-4.57709976e-01
6.89154249e-01
-1.70144174e-01
1.94798229e-02
4.16675627e-01
136
5.75479486e-01
-4.32804443e-02
4.11885150e-03
-4.51478744e-02
9.83069606e-03
3.00052719e-01
1.96362449e-03
3.63855085e-01
8.07744555e-04
0.00000000e+00
0.00000000e+00
7.16241738e-01
5.70547543e-02
2.68119388e-02
-1.92643469e-01
-8.59453376e-02
9.39481764e-02
0.00000000e+00
0.00000000e+00
0.00000000e+00
-1.06094530e-01
1.54376985e-01
2.91953065e-01
1.78237538e-01
0.00000000e+00
0.00000000e+00
0.00000000e+00
0.00000000e+00
1.20463137e-01
-3.94317875e-01
3.97518155e-01
1.67760207e-01
1.42779982e-01
-6.76712416e-01
4.72494037e-01
0.00000000e+00
3.04129511e-01
-1.00306886e-01
5.35291938e-02
0.00000000e+00
-2.24307804e-01
-9.76236095e-03
1.78237538e-01
0.00000000e+00
0.00000000e+00
0.00000000e+00
-2.58259265e-02
-8.43538338e-01
2.39665542e-01
-2.81424196e-01
-3.75268991e-01
-4.61935060e-02
7.00993605e-01
2.19136157e-01
3.45168879e-01
-4.34316560e-01
1.24927256e-01
3.13094408e-01
-1.90887388e-01
8.00562467e-02
-1.41320375e-01
-2.70624222e-01
7.61091675e-01
1.79100176e-01
2.06436380e-01
-2.39725558e-01
0.00000000e+00
0.00000000e+00
0.00000000e+00
0.00000000e+00
0.00000000e+00
0.00000000e+00
0.00000000e+00
0.00000000e+00
0.00000000e+00
0.00000000e+00
0.00000000e+00
0.00000000e+00
0.00000000e+00
0.00000000e+00
0.00000000e+00
0.00000000e+00
0.00000000e+00
0.00000000e+00
0.00000000e+00
0.00000000e+00
-1.42899068e+00
-1.15717137e+00
-1.76404449e+00
0.00000000e+00
0.00000000e+00
0.00000000e+00
-1.46741814e-01
-7.63162693e-01
-4.56677847e-01
5.06780060e-01
-4.33419076e-02
-1.73830918e-02
7.64462829e-01
5.85669521e-01
7.67171916e-01
0.00000000e+00
-1.35054873e-01
4.87037527e-01
-1.86174138e+00
-1.09130898e-01
5.65332117e-01
1.81384768e-01
-7.21104920e-02
-1.24775002e+00
-3.99487620e-01
-3.69300589e-01
-1.71976173e+00
0.00000000e+00
0.00000000e+00
0.00000000e+00
-1.44856091e-01
-6.09548370e-01
-2.03099650e-01
5.48225142e-01
-1.37682805e-01
3.64753468e-01
7.31895045e-01
1.92348861e-01
5.33423125e-01
0.00000000e+00
6.09898709e-02
5.47789453e-01
-1.68762341e+00
-2.10914158e-01
-7.82203419e-02
2.27469664e-01
9.85322262e-02
-1.54650872e+00
-3.04670086e-01
-1.02064948e-01
4 1
-1.4585e+00 4.9540e-01
5 1
0 1 2 6 3 
217
5.51735289e-01
-7.57288835e-01
4.81389151e-01
-1.26484791e+00
-8.07815202e-01
7.41904706e-02
2.01751768e-01
1.99405343e-01
-2.34701006e-01
1.41903645e+00
1.35596430e+00
-1.00506701e+00
3.65354307e-02
-1.49565568e+00
3.75081088e-01
-4.78358995e-02
8.62243456e-01
5.75215203e-01
-3.23410678e-02
8.40417971e-01
-6.77383556e-02
-2.35717908e-03
7.24980395e-01
-3.30822647e-01
-1.63945640e-03
7.10652125e-01
0.00000000e+00
0.00000000e+00
5.13050330e-01
3.10068577e-01
-1.49200863e-01
-4.85817324e-01
1.03260615e-01
2.62336042e-01
0.00000000e+00
0.00000000e+00
0.00000000e+00
-1.92564195e-01
2.02698897e-01
-2.71735111e-01
6.56969033e-01
1.56366664e-01
0.00000000e+00
0.00000000e+00
0.00000000e+00
-8.67856531e-01
2.46486495e-02
7.80855345e-01
0.00000000e+00
-2.75842750e-01
-9.64261010e-01
8.46276665e-01
0.00000000e+00
-1.04333100e-01
-6.57789658e-02
6.93358446e-01
0.00000000e+00
5.69112658e-01
4.90072704e-01
-4.79240989e-01
6.22968200e-01
2.46486495e-02
-9.58815608e-02
3.61082075e-01
-9.71676531e-01
0.00000000e+00
4.21294201e-01
2.83413202e-01
7.41035544e-01
6.94919359e-01
0.00000000e+00
-1.25569216e+00
0.00000000e+00
6.33315285e-01
7.97506759e-01
6.92615560e-01
8.05410617e-01
2.30542100e-01
2.30351744e-01
0.00000000e+00
4.41554955e-01
-4.72848860e-01
-3.50713510e-01
-4.30880531e-01
0.00000000e+00
-7.28250767e-01
0.00000000e+00
1.60402057e+00
-1.70202208e+00
-5.06643121e-01
-2.67452212e-02
0.00000000e+00
1.17285712e+00
-5.26818666e-01
-1.22630623e+00
9.83266383e-01
3.57164467e-01
-8.79094384e-01
0.00000000e+00
0.00000000e+00
0.00000000e+00
0.00000000e+00
0.00000000e+00
0.00000000e+00
0.00000000e+00
0.00000000e+00
0.00000000e+00
0.00000000e+00
0.00000000e+00
0.00000000e+00
0.00000000e+00
0.00000000e+00
0.00000000e+00
0.00000000e+00
0.00000000e+00
0.00000000e+00
0.00000000e+00
0.00000000e+00
0.00000000e+00
-1.52181951e+00
-2.74269603e+00
-1.47709235e+00
0.00000000e+00
0.00000000e+00
0.00000000e+00
7.52985700e-01
-2.57589873e-03
-4.47293855e-01
-7.18344075e-01
-1.19878155e+00
6.61208994e-01
1.24506902e+00
1.98238066e-01
-4.60176143e-01
0.00000000e+00
9.11584377e-01
4.48519842e-01
5.03800824e-02
2.60820615e+00
1.24368368e+00
6.38143925e-01
9.66837457e-01
-5.69077683e-01
-9.41362830e-01
5.98959954e-01
-1.36657462e+00
0.00000000e+00
0.00000000e+00
0.00000000e+00
6.46782287e-01
-7.26244854e-03
2.10825479e-01
5.81169281e-01
1.72594243e+00
1.08470890e+00
6.51559127e-01
3.07345589e-01
1.57613397e+00
0.00000000e+00
1.10894113e+00
5.49352976e-01
6.05670559e-01
5.50602383e-01
8.13182302e-01
5.17887353e-01
1.06015513e+00
1.23856242e+00
1.80847644e+00
1.05628419e+00
-2.23547058e+00
0.00000000e+00
0.00000000e+00
0.00000000e+00
-2.57608815e-01
-1.82613966e-01
-8.36111480e-01
1.21558150e+00
7.02855764e-01
-6.44027013e-01
-3.06635428e-02
-4.70992924e-01
3.33956228e-01
0.00000000e+00
3.45863755e-01
1.65664362e+00
-4.20107207e-01
-1.19334606e+00
4.97059034e-01
-4.44783769e-01
1.77862253e+00
-6.25688255e-01
7.52593475e-01
-7.37914351e-01
-8.24483951e-01
0.00000000e+00
0.00000000e+00
0.00000000e+00
7.00781534e-01
-4.50840977e-01
7.90827083e-01
1.27716920e-01
4.26397277e-01
1.10710776e+00
1.12419416e+00
1.04456226e+00
-1.78365174e-01
0.00000000e+00
1.48311527e-01
-9.19987769e-01
4.92856223e-01
7.73370903e-01
-2.49826569e-02
1.13643315e+00
-3.27080207e-01
4.27849519e-01
4.14117729e-01
9.57727471e-01
136
6.11784749e-01
6.74041506e-02
5.32328013e-03
-2.35625924e-02
7.98527054e-03
4.00672466e-01
4.72993951e-04
1.67270724e-01
9.53822195e-04
0.00000000e+00
0.00000000e+00
7.33664953e-01
1.29165403e-01
-2.51984289e-02
-2.12306713e-01
-3.15744992e-02
6.33886147e-02
0.00000000e+00
0.00000000e+00
0.00000000e+00
-1.38568999e-01
7.96451670e-02
2.14139295e-01
4.68698470e-01
-6.99740181e-02
0.00000000e+00
0.00000000e+00
0.00000000e+00
8.32069003e-03
-5.45568659e-01
4.75087565e-01
5.67586552e-02
3.60062730e-01
-5.50747819e-01
4.39980665e-01
0.00000000e+00
4.34628103e-01
-1.68721375e-01
1.55953577e-01
0.00000000e+00
-1.93783421e-01
1.19712871e-02
-2.52356370e-02
0.00000000e+00
0.00000000e+00
0.00000000e+00
-5.13031853e-03
-1.03809920e+00
2.12237612e-01
-3.52856913e-01
-1.45170394e-01
1.30806626e-01
6.88258519e-01
-8.66605092e-02
4.43593252e-01
-8.91397231e-01
4.59573871e-02
3.71587347e-01
-1.44499259e-01
3.17858080e-02
-5.93198683e-02
9.87107158e-03
8.91404271e-01
1.11307187e-01
2.49418918e-01
-8.72646251e-02
1.38190927e-01
2.37550789e-01
-1.48541620e-01
7.17179493e-02
-4.78901547e-01
0.00000000e+00
0.00000000e+00
0.00000000e+00
0.00000000e+00
0.00000000e+00
0.00000000e+00
0.00000000e+00
0.00000000e+00
0.00000000e+00
0.00000000e+00
0.00000000e+00
0.00000000e+00
0.00000000e+00
0.00000000e+00
0.00000000e+00
-1.19206572e+00
-1.16681814e+00
-1.74905561e+00
0.00000000e+00
0.00000000e+00
0.00000000e+00
-3.19748224e-01
-6.87259498e-01
-2.47522253e-01
7.25738197e-01
-1.39493651e-02
-7.23561729e-02
6.76485783e-01
5.92519858e-01
6.96351359e-01
0.00000000e+00
-9.50800029e-02
5.26446107e-01
-1.89264115e+00
-2.65843425e-01
5.38059924e-01
3.56070553e-01
3.40792896e-01
-1.29933549e+00
-9.44398524e-01
-3.63386171e-01
-1.73054328e+00
0.00000000e+00
0.00000000e+00
0.00000000e+00
-3.06101636e-01
-5.30914271e-01
-2.86082634e-01
5.51068361e-01
-2.83074616e-02
1.37032413e-01
5.54178193e-01
3.86395190e-02
4.74177398e-01
0.00000000e+00
2.44767570e-01
4.27644403e-01
-1.61609599e+00
5.96989805e-02
1.58340844e-02
1.29762166e-01
1.71377851e-01
-1.30118439e+00
-5.01689387e-01
3.56515515e-02
7 2
-1.2526e+00 5.1664e-01
6 -1
0 1 2 6 3 4 
217
6.27214582e-01
2.08158891e-01
-2.45394150e-02
-1.11878579e+00
4.89855384e-02
1.45324630e-01
-5.21242923e-02
1.53648777e-01
2.45288058e-01
-6.26965955e-01
-6.23027021e-01
-1.89239547e-01
1.00809230e+00
2.37150095e-01
9.09592772e-01
-2.90000769e-03
4.99212217e-01
4.37350945e-01
-8.64879780e-03
7.52863880e-01
-3.43289535e-01
-2.40076103e-03
8.68401547e-01
-3.76439600e-01
7.14904662e-03
2.01180314e-01
0.00000000e+00
0.00000000e+00
6.61354824e-01
1.04990052e+00
1.90143883e-01
-2.18909290e-01
2.17608983e-01
-1.27288434e+00
0.00000000e+00
0.00000000e+00
0.00000000e+00
-3.33871359e-01
-2.29314996e-03
-1.34922392e-01
-1.76806441e-01
1.02735682e+00
0.00000000e+00
0.00000000e+00
0.00000000e+00
6.18103733e-01
1.21889986e-01
-3.03930073e-01
0.00000000e+00
2.72765601e-01
9.23924967e-02
3.70206879e-01
0.00000000e+00
3.39795949e-01
2.27705841e-01
-4.03528209e-01
0.00000000e+00
2.96910910e-01
2.51381712e-01
2.94500190e-01
3.25933599e-01
1.21889986e-01
1.79390998e-01
1.57503322e-01
-1.01511372e+00
0.00000000e+00
9.29535017e-01
2.30478553e-01
5.55289963e-01
7.71186221e-01
-1.58576010e-01
1.35171771e-01
0.00000000e+00
2.98066073e-01
-9.76851222e-01
3.52552748e-01
-4.43615104e-01
5.12015261e-01
8.80219648e-02
0.00000000e+00
-1.74622474e-03
-4.89049906e-01
2.89235808e-02
6.62287462e-02
0.00000000e+00
-4.63989588e-01
0.00000000e+00
2.10867341e-01
9.74366582e-01
2.42095919e-01
1.30394911e+00
-1.71996211e-01
-7.43778322e-03
0.00000000e+00
3.47042240e-01
-5.77044923e-02
4.59606337e-01
1.58152497e+00
-7.45749742e-01
-3.77642803e-01
0.00000000e+00
3.22775007e-01
1.55531626e+00
1.42783212e+00
1.08959660e+00
0.00000000e+00
0.00000000e+00
0.00000000e+00
0.00000000e+00
0.00000000e+00
0.00000000e+00
0.00000000e+00
0.00000000e+00
0.00000000e+00
0.00000000e+00
0.00000000e+00
0.00000000e+00
0.00000000e+00
0.00000000e+00
-1.04563771e+00
-2.26954992e+00
-9.55014981e-01
0.00000000e+00
0.00000000e+00
0.00000000e+00
6.05769605e-01
-3.59247302e-01
-9.68136214e-01
1.38718749e+00
3.36928459e-01
-5.28730251e-01
1.81239569e-01
7.22992628e-01
1.75693761e+00
0.00000000e+00
-5.08686618e-01
1.01178488e+00
-1.54720922e+00
-6.89661232e-01
-7.46847210e-01
-1.99072286e-01
1.94320633e+00
-3.00486820e-01
-1.36495234e+00
-1.68803205e+00
-4.99276308e-01
0.00000000e+00
0.00000000e+00
0.00000000e+00
-4.67758190e-01
-6.38878994e-01
9.22124892e-01
-4.10281422e-01
-8.70426485e-01
4.14502843e-01
4.19857524e-01
1.98510500e-01
-8.42145399e-01
0.00000000e+00
3.04736619e-01
-7.00199294e-01
6.39719528e-01
2.49805378e-01
1.06102022e+00
4.93574590e-01
-1.06214871e+00
-8.24934756e-01
-4.02155204e-01
1.01580005e+00
-2.40661698e+00
0.00000000e+00
0.00000000e+00
0.00000000e+00
-2.63555039e-01
-6.84814941e-02
-7.95930544e-01
-4.00623909e-02
3.93306560e-02
-2.39488902e-01
9.72777141e-01
7.16655708e-01
1.19834335e+00
0.00000000e+00
1.33456913e+00
-7.34679290e-01
-3.09583742e-01
1.87090319e+00
3.10258573e+00
1.21452060e+00
2.08062594e-01
-1.90114778e-02
-1.90560884e+00
-4.90581442e-01
-8.37565276e-01
0.00000000e+00
0.00000000e+00
0.00000000e+00
9.05905265e-01
-6.72290701e-02
9.53932523e-01
1.04193223e+00
8.30935041e-01
1.14319308e+00
6.65977184e-01
6.00209962e-01
-6.22658845e-01
0.00000000e+00
-4.38204591e-02
8.34682635e-01
1.76672460e-01
-4.13059189e-01
-4.46671456e-01
7.50890884e-01
7.07058120e-01
-1.69546973e-02
1.90449317e+00
1.69921687e+00
136
5.56966452e-01
2.69471879e-02
8.98410566e-03
5.69023101e-01
-6.00037679e-03
1.69423995e-02
6.40171946e-04
-5.59462362e-02
2.00099617e-03
0.00000000e+00
0.00000000e+00
6.88658849e-01
1.93160802e-01
2.78959350e-01
6.27756190e-03
-1.86729978e-01
-3.65631695e-01
0.00000000e+00
0.00000000e+00
0.00000000e+00
-1.36410290e-01
-1.86819763e-01
-2.10986099e-01
-7.42639563e-03
6.59766401e-01
3.24258912e-01
0.00000000e+00
0.00000000e+00
-1.12128230e-01
-1.41676846e+00
9.00589459e-01
-2.59859293e-01
3.96181195e-01
-4.59320510e-01
8.02077558e-01
0.00000000e+00
2.92413213e-01
-1.73110889e-01
4.65259465e-01
0.00000000e+00
-1.17066861e-01
1.29870099e-01
-1.34635432e-01
0.00000000e+00
0.00000000e+00
0.00000000e+00
-4.82433820e-01
-1.45329009e+00
5.58451359e-02
-4.72255109e-01
-9.97347157e-02
4.99338201e-02
3.93071339e-01
9.91117413e-02
4.56791251e-01
-1.32029532e+00
-2.18431307e-01
2.89269556e-01
-1.18552603e-01
3.19750790e-02
-4.48614509e-01
4.25432602e-01
1.49323152e+00
2.79758567e-01
3.88183478e-01
-4.67429604e-02
1.05945794e-01
7.89742330e-02
-9.78142243e-02
1.00263422e-01
-5.82597051e-01
2.41670458e-01
3.00061546e-01
2.79050707e-01
4.85678078e-01
-2.85393101e-01
0.00000000e+00
0.00000000e+00
0.00000000e+00
0.00000000e+00
0.00000000e+00
0.00000000e+00
0.00000000e+00
0.00000000e+00
0.00000000e+00
0.00000000e+00
-1.29927101e+00
-1.07661287e+00
-1.74289773e+00
0.00000000e+00
0.00000000e+00
0.00000000e+00
-2.77102893e-01
-8.63933336e-01
-3.53222529e-01
6.02217039e-01
4.27017350e-02
-7.92968247e-02
6.02978248e-01
5.04245946e-01
6.22682099e-01
0.00000000e+00
-3.13120277e-02
5.28643387e-01
-1.98658916e+00
-1.38625625e-01
4.28674769e-01
3.12114317e-01
3.32827976e-01
-1.24353673e+00
-4.87842159e-01
-2.58521961e-01
-1.68150002e+00
0.00000000e+00
0.00000000e+00
0.00000000e+00
-2.74690751e-01
-5.85316037e-01
-2.61301586e-01
5.11666667e-01
-1.33297309e-01
3.19883591e-01
5.82547381e-01
1.30861637e-01
5.00182023e-01
0.00000000e+00
1.62446967e-01
4.95438990e-01
-1.66648874e+00
-2.23174284e-02
-4.79485663e-02
1.76958213e-01
1.32853084e-01
-1.31953526e+00
-2.96824505e-01
-8.66183937e-02
9 1
-1.7767e+00 5.4990e-01
7 1
0 1 2 6 3 4 7 
217
8.19429600e-01
3.73430332e-01
-1.47230109e-01
-5.63309141e-01
5.22277404e-02
-5.83912535e-02
-1.36839341e-01
1.02355323e+00
1.07802854e+00
7.90172966e-02
-6.91841817e-03
5.95384245e-02
-1.67068923e-01
-9.71951146e-02
0.00000000e+00
0.00000000e+00
0.00000000e+00
1.72716773e-01
5.53922674e-03
3.12870186e-01
1.00277453e+00
-1.18723245e-02
4.65702985e-01
-7.67591250e-01
1.61159043e-03
2.73779888e-01
0.00000000e+00
0.00000000e+00
5.61317151e-01
5.11770421e-01
-7.78148451e-01
2.19560230e-01
2.39977433e-01
6.49528165e-02
0.00000000e+00
0.00000000e+00
0.00000000e+00
3.13062562e-02
-5.09050241e-01
-2.50597862e-01
-4.82351223e-01
1.61004113e-01
0.00000000e+00
0.00000000e+00
0.00000000e+00
-1.45361539e+00
-9.27678847e-02
6.39978728e-01
0.00000000e+00
2.27910538e-01
-1.02623922e-01
6.58562569e-01
0.00000000e+00
1.69405554e-01
-1.54048529e-01
1.15212843e+00
0.00000000e+00
0.00000000e+00
0.00000000e+00
-5.70999166e-01
-4.74677436e-01
-9.27678847e-02
1.38687492e+00
-2.36798155e-01
-1.24726366e-01
-1.09253138e+00
7.84473408e-01
3.68293976e-01
3.96480713e-01
1.40814898e-01
0.00000000e+00
-8.18449562e-01
0.00000000e+00
8.93496216e-01
-6.89921655e-01
5.45550040e-01
5.56718200e-01
0.00000000e+00
9.22463206e-01
0.00000000e+00
5.59491489e-01
1.35523165e-01
-1.14279327e-03
3.50749722e-02
0.00000000e+00
-3.41476366e-02
0.00000000e+00
4.98225824e-01
3.02149613e-01
3.61343366e-01
6.01878112e-01
0.00000000e+00
-2.88962671e-01
-6.70614179e-01
4.16943632e-01
-3.99373605e-02
6.91448639e-01
-3.00886889e-01
0.00000000e+00
-1.41154227e+00
0.00000000e+00
1.59696592e+00
1.12105340e-01
6.34005955e-01
3.99002412e-01
0.00000000e+00
-3.58803985e-01
0.00000000e+00
1.64169706e+00
-8.18535701e-01
-4.75889986e-01
-8.64674808e-01
0.00000000e+00
0.00000000e+00
0.00000000e+00
0.00000000e+00
0.00000000e+00
0.00000000e+00
0.00000000e+00
5.67839694e-02
-2.87441565e-01
-3.60180603e-01
0.00000000e+00
0.00000000e+00
0.00000000e+00
1.86562185e-01
1.36480646e-01
9.30916793e-01
8.55829927e-01
1.10569522e+00
-5.92549677e-01
-1.20969805e-01
6.69691106e-01
-4.87433617e-01
0.00000000e+00
-5.89319819e-01
-9.11323566e-02
-1.34379128e+00
-3.37404151e-01
2.29510498e-02
1.32631971e+00
-1.74990805e-01
-3.74905858e-01
-3.06566557e-01
7.23010929e-01
-7.50509751e-01
0.00000000e+00
0.00000000e+00
0.00000000e+00
-2.92350630e-01
-8.13334517e-01
2.05704187e-01
4.76847374e-01
-6.45726110e-02
4.35601171e-01
1.07579159e-01
2.36887057e-02
5.49287532e-01
0.00000000e+00
4.53525256e-01
-1.96365120e-01
5.33119021e-01
-2.02545560e-01
-1.58796563e-01
2.64016315e-01
8.75627739e-01
-5.74890299e-02
1.62639154e-01
3.72677735e-01
-1.03590298e+00
0.00000000e+00
0.00000000e+00
0.00000000e+00
-3.02233299e-01
-4.92798326e-02
-5.67199771e-01
-2.23349313e-01
2.51947315e+00
-4.78120951e-01
1.00352802e+00
-1.37645353e+00
-5.75974347e-01
0.00000000e+00
-1.17133588e+00
-2.45353971e-01
-9.91329928e-01
1.57137961e+00
-5.75171363e-01
-1.91352335e-01
5.84020957e-01
2.38923435e-01
1.03367188e+00
-9.28053095e-02
-5.96383709e-01
0.00000000e+00
0.00000000e+00
0.00000000e+00
-3.64320521e-01
-3.31186520e-02
2.77722700e-01
5.63064083e-01
-9.52247313e-01
-2.07444239e-01
-8.33185701e-01
1.08805731e+00
-5.82527641e-01
0.00000000e+00
8.41940059e-01
2.95873097e-01
6.23997691e-01
-1.05102758e+00
4.77934332e-01
5.77705526e-01
-1.47713213e-01
3.10864614e-01
-5.88659118e-01
5.88693911e-01
136
4.71523714e-01
4.56013726e-02
8.84510716e-03
-1.36360329e-01
9.08167369e-03
3.33388083e-01
2.10377899e-03
2.28894587e-01
7.78967275e-04
0.00000000e+00
0.00000000e+00
6.55128353e-01
7.89875279e-02
6.23805848e-02
-1.96415033e-01
-3.67248206e-02
-3.52660754e-03
0.00000000e+00
0.00000000e+00
0.00000000e+00
3.94768924e-02
-5.10498689e-02
-1.92472108e-01
-8.96136300e-02
4.21939732e-01
2.72095066e-01
0.00000000e+00
0.00000000e+00
-8.53890137e-02
-8.33384060e-01
5.40531767e-01
-6.69053076e-04
2.83489010e-01
-4.58802923e-01
5.53915791e-01
0.00000000e+00
3.69568070e-01
-1.34565272e-01
2.63061084e-01
0.00000000e+00
-3.99946689e-02
-1.48254964e-01
6.52060141e-03
0.00000000e+00
0.00000000e+00
0.00000000e+00
-2.39813536e-01
-1.18036539e+00
1.39214425e-01
-3.79033859e-01
7.39703402e-02
6.44830567e-02
6.18018633e-01
7.38919039e-02
3.49676821e-01
-5.28815023e-01
-8.07920288e-02
2.71762235e-01
-1.58905318e-01
6.34393286e-02
-1.34236877e-01
-3.06729743e-02
8.00838593e-01
2.30235156e-01
2.15077308e-01
-2.50158970e-01
0.00000000e+00
3.16194068e-01
-1.19078728e-02
8.92091667e-02
-2.92452112e-01
0.00000000e+00
5.05351764e-01
2.66672106e-01
4.50680103e-01
-2.48787469e-01
2.28845366e-01
4.92850839e-02
-2.38159919e-01
3.07727207e-01
-3.75510773e-01
0.00000000e+00
0.00000000e+00
0.00000000e+00
0.00000000e+00
0.00000000e+00
-1.30060623e+00
-1.26676261e+00
-1.79316633e+00
0.00000000e+00
0.00000000e+00
0.00000000e+00
-2.79589287e-01
-8.60195243e-01
-5.43845225e-01
5.72061010e-01
5.64782133e-02
-9.45918232e-02
6.78644860e-01
6.52734145e-01
7.66418603e-01
0.00000000e+00
-8.14028522e-02
4.88978757e-01
-1.97733180e+00
-7.07464937e-02
5.22640106e-01
3.05343903e-01
3.14497573e-01
-1.37522507e+00
-4.24879639e-01
-4.43156074e-01
-1.79924442e+00
0.00000000e+00
0.00000000e+00
0.00000000e+00
-1.88273921e-01
-6.38724228e-01
-2.85922405e-01
5.41064164e-01
-9.01792490e-02
3.47392667e-01
6.85133014e-01
1.70214894e-01
5.51121320e-01
0.00000000e+00
1.79896604e-01
4.54471541e-01
-1.71902377e+00
1.93324770e-02
-5.02710497e-02
6.17349001e-02
6.62460625e-02
-1.56980906e+00
-2.61846454e-01
-7.18019200e-02
5 1
-1.8534e+00 5.6325e-01
8 0
0 1 2 6 3 4 7 9 
217
7.77394830e-01
-1.28923008e+00
7.65779610e-01
-4.66211541e-01
-1.06505650e-01
7.17240341e-02
3.73218398e-01
-1.19336642e-01
2.35915098e-01
3.63691967e-01
6.24177907e-01
-6.90092816e-02
-3.49410923e-01
-2.43102954e-01
3.46278374e-02
-4.10328378e-02
4.56353992e-01
2.10223322e-01
-1.84540493e-02
7.01137307e-01
1.08527375e-01
-2.25760598e-02
3.94469258e-01
4.24016295e-01
-1.80707187e-03
-2.28054810e-01
0.00000000e+00
0.00000000e+00
-3.36588559e-02
-2.26059273e-01
-2.74881462e-01
5.96730267e-01
2.78540823e-01
4.36723330e-01
0.00000000e+00
0.00000000e+00
0.00000000e+00
5.84887712e-02
-4.95927120e-01
-7.00903680e-01
9.68322128e-02
1.20733268e+00
5.77603964e-01
0.00000000e+00
0.00000000e+00
-4.94536402e-01
-3.89819159e-01
5.94526844e-01
0.00000000e+00
3.03930210e-01
-4.63604703e-01
7.13456713e-01
0.00000000e+00
-3.05263721e-01
6.25106179e-01
2.81711558e-02
0.00000000e+00
1.42846459e-01
0.00000000e+00
1.76551758e-01
9.04607131e-02
-3.89819159e-01
1.07675328e+00
0.00000000e+00
-3.33378391e-01
0.00000000e+00
8.72314362e-01
4.89462763e-01
2.87368655e-01
1.63241280e-01
0.00000000e+00
-2.33734232e-01
0.00000000e+00
8.25917349e-02
1.97659962e-02
1.01801109e+00
-1.42351799e-01
0.00000000e+00
5.81848968e-02
-1.34907319e-02
7.98241733e-01
-8.91926625e-01
-7.90317998e-02
3.46031126e-01
0.00000000e+00
2.29058413e-01
0.00000000e+00
6.59212880e-02
2.62866581e-01
4.06233309e-01
-5.45942666e-02
0.00000000e+00
4.25518771e-01
0.00000000e+00
-2.32938829e-01
-5.48856169e-01
6.46112212e-01
3.51588899e-01
0.00000000e+00
-1.50488218e+00
0.00000000e+00
1.47080633e+00
-2.72043094e-01
9.54325630e-01
3.16308260e-01
0.00000000e+00
-2.34323392e-01
0.00000000e+00
3.61711822e-02
3.73618361e-01
7.15726529e-01
-5.99513876e-01
0.00000000e+00
7.89230031e-01
-7.75717786e-02
-1.51276578e-01
-3.77218407e-01
2.00738700e-01
7.01108068e-02
-1.43361394e+00
-1.87800536e+00
-1.52486051e+00
0.00000000e+00
0.00000000e+00
0.00000000e+00
-4.29362993e-01
-1.09413589e-02
-1.66216880e-01
7.29072566e-01
-2.43907810e-01
5.31850809e-01
-1.53418930e-01
-2.35934296e-01
4.27205237e-01
0.00000000e+00
4.92232003e-01
5.85291648e-01
-5.72267957e-01
-9.97369695e-02
1.03589343e-01
4.00744169e-01
-2.03773681e-01
-5.67818213e-02
-2.27112927e-01
2.72081108e-01
-5.09794351e-01
0.00000000e+00
0.00000000e+00
0.00000000e+00
3.55174183e-01
-1.28485143e-02
9.20931174e-02
3.50123589e-01
3.84223637e-01
2.79481219e-01
5.49465403e-01
1.77570846e-01
2.27430507e-01
0.00000000e+00
6.38847898e-02
2.54720214e-01
-4.87017991e-01
3.06522177e-01
5.29428879e-01
3.39227827e-01
4.06122982e-01
-9.46457075e-02
3.20412533e-01
-1.71927905e-02
-1.86975743e+00
0.00000000e+00
0.00000000e+00
0.00000000e+00
-1.96805828e-01
-3.47791346e-02
-3.36265120e-01
7.04681859e-01
-2.59579902e-01
8.64235653e-01
1.53042154e-02
5.55465589e-01
-2.34253766e-01
0.00000000e+00
-1.31629951e-01
6.23674372e-01
-1.17463181e-02
7.34296016e-02
-2.02542273e-01
-2.72104103e-01
-4.93438983e-01
-2.72890394e-01
1.05304723e-01
-6.62132447e-01
-4.22191989e-01
0.00000000e+00
0.00000000e+00
0.00000000e+00
1.85245684e-01
4.72204045e-01
5.45578054e-01
2.19472506e-01
5.36272666e-01
5.22903322e-01
3.54318915e-01
-7.78342090e-02
-4.13944454e-01
0.00000000e+00
-3.67820491e-01
1.11877229e-01
-2.20515623e-02
-2.57922023e-01
4.92347824e-01
2.48062165e-01
-3.69112333e-01
5.66237561e-01
-4.49710659e-02
-4.05059022e-01
136
4.09887728e-01
-5.98202856e-02
-4.31330080e-03
2.36063061e-01
-4.92202647e-04
1.60505707e-01
-2.15314488e-03
7.31392467e-02
8.93456311e-04
0.00000000e+00
0.00000000e+00
5.68385583e-01
-2.99214085e-02
-2.18975606e-02
-1.53993602e-01
1.64362599e-02
9.52913841e-02
0.00000000e+00
0.00000000e+00
0.00000000e+00
1.35528586e-01
3.46988965e-02
-1.14287827e-01
-1.90346099e-01
5.74847963e-02
2.52688907e-01
0.00000000e+00
0.00000000e+00
-1.70574163e-02
-5.85179721e-01
5.28884816e-01
-1.33716183e-01
1.26374485e-01
-1.90432295e-01
3.04084672e-01
0.00000000e+00
4.75345624e-01
-3.28980603e-01
1.76196674e-01
0.00000000e+00
-2.40016489e-04
7.09564343e-02
-1.08052969e-01
0.00000000e+00
0.00000000e+00
0.00000000e+00
2.59378158e-02
-1.10158596e+00
1.90614139e-01
-3.50206228e-01
2.72155572e-01
1.50013257e-01
3.92397464e-01
1.07460506e-01
3.18114236e-01
-6.69240988e-01
0.00000000e+00
3.04457045e-01
-2.15087067e-02
4.04890987e-02
-1.08556610e-01
-6.59701040e-02
8.16463622e-01
2.06830853e-01
2.47083580e-01
-1.30721188e-01
1.91068118e-01
5.32592990e-03
-6.09923802e-02
3.19329374e-02
-3.46282879e-01
1.22105166e-01
2.76346987e-01
2.35979356e-01
3.43463238e-01
-4.20773554e-01
2.24284979e-01
6.65095815e-02
-5.94553060e-02
2.50555827e-01
-2.44201476e-01
1.44999367e-01
1.98600155e-01
-1.16863844e-01
2.66453129e-01
-4.83697834e-01
-1.11240199e+00
-1.07184828e+00
-1.67102516e+00
0.00000000e+00
0.00000000e+00
0.00000000e+00
-3.06280516e-01
-7.46141789e-01
-3.77869368e-01
4.85974444e-01
1.49859405e-01
-1.34544537e-01
6.66893609e-01
5.74244864e-01
7.30927650e-01
0.00000000e+00
-1.75477787e-01
5.11497371e-01
-1.87309570e+00
-1.05557738e-01
4.67599708e-01
3.66158449e-01
2.91938843e-01
-1.25592344e+00
-6.38513982e-01
-3.02714647e-01
-1.72550909e+00
0.00000000e+00
0.00000000e+00
0.00000000e+00
-1.95184552e-01
-6.89704931e-01
-3.29371766e-01
4.68718756e-01
-4.99323481e-02
-1.04168071e-01
6.06566971e-01
2.27588305e-01
5.63789764e-01
0.00000000e+00
1.93162645e-01
5.46557566e-01
-1.66913675e+00
6.06309306e-02
7.16359474e-03
1.96245971e-01
8.69356487e-02
-1.31140996e+00
-3.39383845e-01
5.42298529e-03
8 1
-2.8871e+00 5.9399e-01
8 1
0 1 2 6 3 4 7 9 
217
1.01280798e+00
-5.13518941e-02
-7.03342900e-01
2.93758257e-01
-9.88386566e-02
7.17430261e-01
9.07820855e-01
3.81834610e-01
9.28267518e-01
8.70130306e-01
4.40601021e-01
-1.90323661e-01
-1.16504276e+00
9.35437874e-01
-4.37217134e-01
1.97929088e-02
1.18203049e+00
-1.25126370e+00
8.41782260e-02
-6.44137037e-01
-8.85159378e-01
1.95765035e-02
1.81349770e+00
3.58644819e+00
6.96321117e-05
-2.10893832e-01
0.00000000e+00
0.00000000e+00
-2.85488198e-01
6.07231189e-01
-3.69581277e-01
7.55827545e-03
1.28076971e-01
9.25011021e-01
0.00000000e+00
0.00000000e+00
0.00000000e+00
2.30381018e-01
-2.05248843e-01
-7.52394393e-01
-6.92147378e-01
6.13280735e-01
1.34274246e+00
0.00000000e+00
0.00000000e+00
-2.69360184e-01
-1.47122693e+00
3.78459782e-01
0.00000000e+00
-7.13457582e-01
0.00000000e+00
1.43889035e+00
0.00000000e+00
5.07451618e-01
-1.62807827e-01
8.09084226e-01
0.00000000e+00
9.24565223e-02
0.00000000e+00
-1.09876717e+00
3.51088518e-01
-1.47122693e+00
2.13294639e+00
0.00000000e+00
1.56908923e+00
0.00000000e+00
8.44359860e-01
2.58599567e-01
3.00397711e-01
3.55098633e-01
0.00000000e+00
-1.02067056e+00
0.00000000e+00
1.37738005e+00
7.19485379e-01
1.17692544e+00
-3.70242647e-01
0.00000000e+00
-1.20499318e-02
0.00000000e+00
9.87189986e-01
1.27245503e+00
2.34017307e-01
3.45216586e-01
0.00000000e+00
-5.23155455e-01
0.00000000e+00
-1.19507892e+00
1.04019283e+00
1.21363798e+00
2.14741925e+00
0.00000000e+00
-2.89779875e-01
0.00000000e+00
1.50700508e+00
-1.27824083e+00
-5.51137635e-02
-1.59040113e-01
0.00000000e+00
1.37929833e+00
0.00000000e+00
4.35944922e-01
-4.17363189e-01
4.74949558e-01
3.14031146e-01
0.00000000e+00
2.68484853e-01
0.00000000e+00
-2.38615534e+00
-7.95445947e-01
3.74527258e+00
1.70062787e+00
0.00000000e+00
5.72514131e-01
3.49044323e-02
1.49773035e-01
6.97805862e-01
4.39824273e-01
5.76371363e-01
-2.81743167e+00
-3.37941135e+00
-3.21176669e+00
0.00000000e+00
0.00000000e+00
0.00000000e+00
-2.43827184e+00
-1.21068896e-03
-6.90820343e-01
1.15976389e+00
1.41831218e+00
-4.30663519e-02
3.25064679e-01
-2.50698209e-03
-6.61566906e-01
0.00000000e+00
-1.29611331e+00
0.00000000e+00
-9.60134741e-03
1.63112852e+00
2.55245696e+00
2.47129047e-01
1.53329551e+00
-3.81149985e-02
-8.93665973e-01
4.05868426e+00
-1.29352369e+00
0.00000000e+00
0.00000000e+00
0.00000000e+00
2.56205882e+00
-1.74250294e-03
1.27950739e+00
-9.01707372e-02
3.86361102e-01
-6.12586233e-02
4.86335749e-01
-3.52959218e-03
2.20673777e+00
0.00000000e+00
2.04311479e+00
0.00000000e+00
-1.00329189e-02
1.73090046e-01
3.17817940e-01
1.59117045e+00
4.71936325e-01
-7.61248315e-02
1.68496699e+00
1.59648353e-01
-2.70543137e+00
0.00000000e+00
0.00000000e+00
0.00000000e+00
-2.76532839e+00
-1.80030720e-02
-7.68351067e-01
9.89442080e-01
3.37981307e-02
-1.34194356e+00
1.64321588e+00
1.40179195e-01
-7.87900025e-02
0.00000000e+00
2.73354823e+00
6.98005006e-01
6.56147388e-01
1.65712980e+00
-8.21791516e-01
3.92675540e-01
-8.68495806e-01
-5.39662538e-01
-2.45213305e-01
4.72905909e-01
-8.53421514e-01
0.00000000e+00
0.00000000e+00
0.00000000e+00
1.62226222e+00
-3.87202478e-02
7.34163139e-01
3.58547590e-01
2.55450919e-01
6.69842034e-01
-7.24644843e-01
-1.34975484e-02
-1.46010558e-01
0.00000000e+00
-5.98442454e-01
-7.12237882e-01
7.22586674e-01
-3.29193183e-01
3.06931768e-01
8.22661692e-02
8.15735328e-01
-7.86528901e-01
1.02836863e+00
4.34961617e-01
136
4.06744275e-01
-3.21156973e-02
2.18017553e-03
-4.36538932e-02
3.74114149e-03
5.23346055e-01
-8.82754025e-03
-4.08321894e-02
8.21694408e-04
0.00000000e+00
0.00000000e+00
6.30506128e-01
9.31674204e-02
3.29023799e-02
-2.13334954e-01
-1.30590837e-01
3.20890531e-02
0.00000000e+00
0.00000000e+00
0.00000000e+00
1.44563465e-01
6.70609336e-03
-1.50018480e-01
-1.21140076e-01
1.57135851e-01
2.14625205e-01
0.00000000e+00
0.00000000e+00
-2.10174743e-01
-4.56258485e-01
3.17068878e-01
-9.39062906e-02
3.18980744e-01
-1.52535812e-01
3.84964451e-01
0.00000000e+00
4.76439132e-01
-2.03651385e-01
2.70010627e-01
0.00000000e+00
-7.54971404e-02
-6.26290398e-02
-1.66401833e-01
0.00000000e+00
0.00000000e+00
0.00000000e+00
-9.93908327e-02
-8.09255007e-01
1.98215879e-01
-2.74892647e-01
1.14401276e-01
3.64868039e-02
4.39690071e-01
1.58387546e-03
2.58091682e-01
-5.50945382e-01
4.31635965e-02
1.84298133e-01
-8.46961474e-02
-1.11660759e-02
9.27526817e-02
-1.65181900e-01
6.67246260e-01
1.14116257e-01
2.06908475e-01
-1.85859101e-01
4.92457329e-02
1.51833553e-01
-4.15093556e-02
4.69399256e-02
-2.80991395e-01
0.00000000e+00
3.67510644e-01
4.02941358e-01
3.16322191e-01
-1.96696005e-01
9.68778992e-02
1.88172489e-01
-1.37511972e-01
2.61265541e-01
-2.05719716e-01
4.22338284e-02
3.18814136e-01
-1.07005282e-01
2.62901800e-01
-4.73599904e-01
-1.12315785e+00
-1.07020614e+00
-1.65598337e+00
0.00000000e+00
0.00000000e+00
0.00000000e+00
-2.84278388e-01
-7.19141822e-01
-3.13191252e-01
5.57489534e-01
1.32110508e-01
-8.18395633e-03
6.25686261e-01
4.95319150e-01
7.10113598e-01
0.00000000e+00
-9.10046655e-02
4.90994151e-01
-1.77732835e+00
-2.26491394e-01
4.16601849e-01
2.97122705e-01
2.22565940e-01
-1.23635217e+00
-5.90660176e-01
-3.57354890e-01
-1.74982173e+00
0.00000000e+00
0.00000000e+00
0.00000000e+00
-2.70530773e-01
-6.16833264e-01
-3.96339725e-01
4.82587348e-01
-4.55495865e-02
3.06443937e-01
5.25994599e-01
2.27584139e-01
5.04916718e-01
0.00000000e+00
1.56900920e-01
4.55781064e-01
-1.67157438e+00
2.32790342e-02
1.22583025e-02
9.23262551e-02
3.17869127e-02
-1.18468189e+00
-3.95504509e-01
1.13331629e-02
10 1
-2.9447e+00 6.0251e-01
8 1
0 1 2 6 3 4 7 9 
217
1.66042689e+00
6.34968819e-01
4.51227621e-01
-3.90452199e-01
-1.43908565e+00
2.50415111e-01
3.47562759e-01
-1.29048761e+00
-5.83645802e-01
1.13345575e+00
7.42665403e-01
-8.25298994e-01
2.59293018e+00
-2.88473785e+00
0.00000000e+00
0.00000000e+00
0.00000000e+00
-2.93469876e-01
6.85479861e-02
-1.41749830e+00
-4.85312928e-01
-4.14991206e-04
1.11481125e+00
-9.60630795e-01
-2.74971534e-03
4.84690775e-01
0.00000000e+00
0.00000000e+00
-6.13275926e-01
-2.21619458e-02
9.25077538e-01
9.69276921e-01
3.65957319e-01
3.55529826e-02
0.00000000e+00
0.00000000e+00
0.00000000e+00
2.59298281e-01
-4.06502689e-02
3.20790854e-01
6.26370907e-01
-2.38257765e-01
7.32874880e-01
0.00000000e+00
0.00000000e+00
-9.11789074e-01
-3.32541947e-01
5.54182192e-01
0.00000000e+00
-5.95233197e-01
-8.02483011e-02
9.15448530e-01
0.00000000e+00
1.30380076e+00
0.00000000e+00
2.00036801e+00
0.00000000e+00
0.00000000e+00
0.00000000e+00
-2.20475456e+00
5.63633840e-01
-3.32541947e-01
1.42933500e+00
0.00000000e+00
-4.30204782e-01
1.20987526e+00
9.59000049e-02
2.42769585e-01
7.18351950e-01
8.02071541e-01
0.00000000e+00
-5.71226683e-01
0.00000000e+00
3.56928998e-01
9.12171715e-02
-2.60746951e-01
-8.33491841e-01
0.00000000e+00
-1.59033495e-01
0.00000000e+00
3.11990360e-01
-9.35834970e-01
5.37539480e-01
5.89810506e-01
0.00000000e+00
-6.96276657e-03
0.00000000e+00
-1.44752910e-01
-7.47226019e-01
2.38369862e-01
1.75514073e+00
0.00000000e+00
-1.09174050e-01
0.00000000e+00
2.32649164e-01
-1.22792218e-01
1.64337540e+00
-1.10677135e+00
0.00000000e+00
-4.67367080e-02
0.00000000e+00
1.08180319e+00
-1.28747230e-01
7.31784036e-01
2.04587541e+00
0.00000000e+00
7.07119416e-01
0.00000000e+00
-5.55251095e-01
2.75940971e-01
-2.61773007e-01
-1.78851050e+00
0.00000000e+00
-3.58795395e-01
1.00672953e+00
1.19594047e+00
-1.00403374e+00
9.29705443e-01
-1.59242658e-01
-2.44681280e+00
-1.60887434e+00
-2.45990146e+00
0.00000000e+00
0.00000000e+00
0.00000000e+00
-1.99064998e-01
-1.21207064e-02
-1.35042536e+00
7.50165101e-01
-6.10956929e-01
-7.41058511e-01
3.48684596e-01
1.72703567e+00
2.08118043e+00
0.00000000e+00
-6.83687719e-01
0.00000000e+00
-6.55339625e-03
-1.39673964e+00
3.86654785e+00
-1.51544006e-01
-8.13524437e-01
-3.95983606e-02
9.55729117e-01
-1.40476038e+00
-8.65786297e-01
0.00000000e+00
0.00000000e+00
0.00000000e+00
2.02987586e-01
-1.86588550e-02
1.01666125e-01
-2.45869944e-01
1.23223351e+00
7.38043746e-01
2.91502060e-01
-8.04891031e-01
-9.57858357e-01
0.00000000e+00
6.09247763e-01
0.00000000e+00
-1.06003632e-02
1.17978072e+00
-1.12774290e+00
-1.12001862e-01
3.21482393e-01
-4.72410242e-02
-5.90602499e-01
1.48957953e+00
-2.72672608e+00
0.00000000e+00
0.00000000e+00
0.00000000e+00
9.96757592e-01
0.00000000e+00
1.42421796e+00
3.53352174e+00
3.12164499e-01
-4.01814109e-03
1.29705139e+00
-2.19397926e-02
5.70334864e-01
0.00000000e+00
-1.19394636e-01
-2.49209286e-04
-7.41700885e-02
-1.67597855e+00
-4.40524255e-01
6.01193456e-01
-7.88084732e-01
-2.79846219e-01
-6.22132264e-01
-1.36646452e+00
-6.03249938e-01
0.00000000e+00
0.00000000e+00
0.00000000e+00
1.70633722e-01
0.00000000e+00
5.55706082e-02
-6.69368575e-01
1.15281907e+00
-1.37441591e-02
4.83816957e-01
-4.45143979e-02
1.96274802e-01
0.00000000e+00
2.22544132e-01
-8.35887777e-04
1.22299751e-01
1.31880592e+00
7.25977076e-02
2.71105562e-01
6.00420335e-01
-3.43174666e-01
4.31270308e-02
1.25202615e+00
136
5.30907461e-01
-1.69899424e-02
3.47823503e-03
7.62760576e-03
2.63193311e-04
5.75687019e-01
-9.26337808e-03
-3.54172222e-02
8.54262848e-04
0.00000000e+00
0.00000000e+00
6.24608224e-01
8.55750590e-02
6.01029534e-02
-1.50305235e-01
-6.76218677e-02
7.70432201e-02
0.00000000e+00
0.00000000e+00
0.00000000e+00
1.09952612e-01
3.40672659e-02
-2.46550793e-01
-1.65594641e-01
2.39150668e-01
2.60441921e-01
0.00000000e+00
0.00000000e+00
-9.70552839e-02
-6.58962812e-01
3.88576458e-01
-2.15329591e-01
3.31073972e-01
-2.72733723e-01
5.18186439e-01
0.00000000e+00
4.51809777e-01
-1.99686995e-01
2.37957719e-01
0.00000000e+00
3.75339887e-02
-5.05958641e-02
-1.15165916e-02
0.00000000e+00
0.00000000e+00
0.00000000e+00
-1.96108918e-01
-1.12955010e+00
1.39053611e-01
-3.76097394e-01
1.87604985e-01
4.53182087e-02
5.34364622e-01
5.77112100e-02
3.17453684e-01
-8.41266540e-01
-6.21152895e-02
2.42206962e-01
-7.93183627e-02
4.66601648e-03
-4.38507164e-02
-1.84535286e-01
6.52783540e-01
2.25944565e-01
1.51888633e-01
-1.79852910e-01
1.16980793e-01
1.13170018e-01
-4.33823995e-02
4.42541140e-02
-2.61027269e-01
2.57626709e-03
4.73189839e-01
2.78450978e-01
4.27835243e-01
-4.92942243e-01
2.53204878e-01
6.58502317e-02
-7.54022376e-02
2.15201830e-01
-3.43388200e-01
7.55671230e-02
4.11320513e-01
-1.69040314e-01
3.10567161e-01
-4.86381107e-01
-1.17370341e+00
-9.80221228e-01
-1.69882360e+00
0.00000000e+00
0.00000000e+00
0.00000000e+00
-3.02905230e-01
-7.49073783e-01
-3.81141284e-01
5.23384678e-01
9.59014327e-02
-2.62796926e-03
5.63866431e-01
5.04935790e-01
7.23548689e-01
0.00000000e+00
-7.03217967e-02
5.00785414e-01
-1.89816322e+00
-1.95457903e-01
4.73629196e-01
3.69131322e-01
2.73531033e-01
-1.18926625e+00
-6.03041687e-01
-3.35538467e-01
-1.71730070e+00
0.00000000e+00
0.00000000e+00
0.00000000e+00
-2.74717676e-01
-6.39497056e-01
-4.00255603e-01
5.08941691e-01
-1.72234529e-02
2.68786246e-01
4.81271886e-01
2.14275671e-01
5.14589898e-01
0.00000000e+00
1.31264637e-01
4.34235429e-01
-1.57785495e+00
3.27134335e-02
2.67462581e-02
1.53458954e-01
8.95688641e-02
-1.31020681e+00
-3.96741309e-01
4.33431906e-02
