0 7 -999999999 -1 -1
1 2 0 -1 -1
-0.3711 0.124
356
-1.28263153e+00
-1.28263153e+00
0.00000000e+00
5.56260657e-01
0.00000000e+00
0.00000000e+00
0.00000000e+00
0.00000000e+00
0.00000000e+00
1.16225333e-01
6.83048359e-02
0.00000000e+00
0.00000000e+00
-6.81087312e-02
5.77714808e-01
4.66545812e-02
0.00000000e+00
0.00000000e+00
0.00000000e+00
0.00000000e+00
0.00000000e+00
0.00000000e+00
0.00000000e+00
0.00000000e+00
0.00000000e+00
0.00000000e+00
0.00000000e+00
0.00000000e+00
0.00000000e+00
0.00000000e+00
0.00000000e+00
0.00000000e+00
0.00000000e+00
0.00000000e+00
0.00000000e+00
0.00000000e+00
0.00000000e+00
0.00000000e+00
0.00000000e+00
0.00000000e+00
0.00000000e+00
0.00000000e+00
0.00000000e+00
0.00000000e+00
0.00000000e+00
0.00000000e+00
0.00000000e+00
0.00000000e+00
0.00000000e+00
0.00000000e+00
0.00000000e+00
-5.65363494e-01
5.33647549e-01
0.00000000e+00
0.00000000e+00
0.00000000e+00
0.00000000e+00
0.00000000e+00
-1.42604054e-01
-7.98998888e-01
-9.54546827e-01
1.49611371e-01
-7.24984316e-01
8.04366012e-02
-8.77751783e-01
1.56806355e+00
1.41725545e+00
2.82224435e-01
-1.58761888e+00
1.33910818e-02
9.35381865e-01
-1.83643195e-01
4.48207190e-03
2.93672382e-01
1.30747350e-01
2.67362839e-03
4.36111799e-01
3.57883190e-01
2.86649800e-03
2.47422008e-01
0.00000000e+00
0.00000000e+00
0.00000000e+00
0.00000000e+00
0.00000000e+00
0.00000000e+00
0.00000000e+00
-5.03236054e-01
-1.87255750e-01
-5.92139727e-01
-1.92393702e+00
1.19423870e-01
-2.01689284e+00
-7.64934990e-01
-1.55625801e+00
-1.19129611e+00
2.75931543e-01
-6.54199417e-01
2.58126456e-01
5.33594805e-01
-1.07224697e+00
-1.12727051e+00
0.00000000e+00
0.00000000e+00
1.39700828e+00
1.76226602e+00
0.00000000e+00
0.00000000e+00
0.00000000e+00
0.00000000e+00
0.00000000e+00
0.00000000e+00
-1.38140482e+00
-8.11989392e-02
6.70561773e-01
-3.71631232e-01
-5.30335213e-01
-9.85631379e-01
2.36373598e+00
9.70172801e-01
0.00000000e+00
-1.50886690e+00
0.00000000e+00
0.00000000e+00
1.03988142e+00
-2.14383239e-01
-6.78014868e-02
-4.73947005e-01
1.03254086e-01
-5.43420677e-01
4.20710985e+00
4.70707399e+00
3.78115619e+00
3.51058888e+00
4.14385526e+00
3.51155194e+00
6.67005717e-01
3.15354359e-01
7.10862682e-01
1.11793370e+00
2.74861397e-01
2.81527045e-01
2.33907011e-01
-4.82075757e-01
7.55429116e-01
2.10171665e-01
-5.27856403e-01
-3.60465828e-01
0.00000000e+00
0.00000000e+00
0.00000000e+00
0.00000000e+00
-2.88848065e+00
4.26557663e+00
0.00000000e+00
0.00000000e+00
1.60584912e+00
-6.53333994e-01
0.00000000e+00
-9.55702050e-01
-1.01682377e+00
-2.21924559e+00
-1.66281604e+00
1.30050096e-01
-2.67963981e+00
0.00000000e+00
0.00000000e+00
0.00000000e+00
-1.47049227e-01
0.00000000e+00
-4.94163437e-01
-9.74869183e-02
5.90779862e-01
-5.40744746e-01
1.48515552e+00
-1.99316095e-01
7.10072180e-01
0.00000000e+00
2.23661154e+00
2.83412817e+00
-7.23952676e-01
-5.34110437e-02
-2.16561260e+00
-1.71483974e+00
-5.91431322e-01
7.90901349e-02
-7.76967432e-01
3.76960177e-01
-1.16551129e-01
0.00000000e+00
0.00000000e+00
0.00000000e+00
5.71826839e-01
0.00000000e+00
4.44989704e-01
9.85898668e-01
2.08490379e-01
4.11280901e-01
-2.96835802e-01
-3.53434476e-01
5.36789904e-01
0.00000000e+00
-4.51739639e-01
-1.43561809e-01
2.20041398e-01
9.11076169e-01
-1.86398393e+00
1.27086338e+00
2.95709072e-01
3.10166487e-01
6.68426426e-01
4.60721737e-02
-5.89355676e-01
-3.07510038e-01
0.00000000e+00
-2.96686058e-02
-2.90142183e-01
1.92752517e+00
-1.15553490e+00
0.00000000e+00
-4.51804861e-01
0.00000000e+00
0.00000000e+00
0.00000000e+00
-2.56516031e-01
0.00000000e+00
-2.10951179e-01
-4.89315437e-01
-3.78011776e-01
4.36460675e-01
6.85713192e-01
-1.61902783e+00
6.07914617e-01
0.00000000e+00
1.34473291e+00
1.61353528e+00
2.27441144e-01
1.67290394e+00
-3.41308523e+00
-1.84874887e+00
-1.57067961e+00
-1.90564196e-02
-9.58703231e-01
8.99688650e-01
-2.81845637e-01
0.00000000e+00
1.86649257e+00
-4.23605282e-02
-2.09028413e+00
-7.09313727e-01
0.00000000e+00
0.00000000e+00
1.62175537e-01
2.48762506e+00
-1.70817519e+00
0.00000000e+00
0.00000000e+00
0.00000000e+00
0.00000000e+00
0.00000000e+00
-2.08919550e+00
0.00000000e+00
0.00000000e+00
0.00000000e+00
-7.80848516e-01
-6.42810483e-01
-6.88054706e-01
-1.61803640e+00
1.30105069e-01
4.24543064e-01
1.04270545e-01
6.12292781e-01
3.53236786e-01
0.00000000e+00
9.35386514e-01
1.53765410e+00
-1.98809049e+00
-1.02012373e-01
9.35147725e-01
-2.44105297e-01
4.14637602e-01
-1.38221707e+00
-3.61671371e-01
2.71377018e-01
1.92831278e-01
0.00000000e+00
0.00000000e+00
0.00000000e+00
-1.54325891e-01
0.00000000e+00
5.88238099e-01
1.71376345e+00
8.48947190e-01
-3.85964281e-01
-1.20941463e-01
-7.15867670e-01
4.39459925e-01
0.00000000e+00
-1.08817800e+00
-3.06457492e-01
5.73271313e-01
1.00072601e+00
-2.27356280e-01
-1.07595490e-01
-1.10659111e-01
6.08497618e-01
1.56195174e-02
-4.00149549e-01
-5.29491629e-01
-3.54301839e-01
2.31671922e+00
-6.12389765e-02
3.10055635e-01
2.73951311e+00
-1.52418574e+00
0.00000000e+00
3.20853163e-01
0.00000000e+00
0.00000000e+00
0.00000000e+00
-1.27253471e-01
0.00000000e+00
-9.47388444e-01
-1.71215792e+00
3.47272773e-01
-5.71115983e-01
-1.86585726e+00
1.09067864e+00
-5.74542510e-01
0.00000000e+00
1.97991584e-01
8.34101840e-01
7.52769042e-01
-3.29106238e-01
3.87979733e-01
-5.66977427e-02
2.55031746e+00
-1.33316857e-01
1.10261146e+00
-4.32256709e-01
-1.75189790e-01
3.56402394e+00
1.34715622e+00
0.00000000e+00
-1.55970387e+00
-1.86494375e+00
9.75552332e-01
1.02568715e+00
5.00920105e-01
4.55599715e+00
0.00000000e+00
0.00000000e+00
3.05239886e-01
9.40926556e-01
8.35131469e-01
0.00000000e+00
247
-2.20122680e+00
-2.20122680e+00
0.00000000e+00
-9.61287021e-01
-1.23993978e+00
0.00000000e+00
0.00000000e+00
0.00000000e+00
0.00000000e+00
0.00000000e+00
0.00000000e+00
0.00000000e+00
0.00000000e+00
0.00000000e+00
0.00000000e+00
0.00000000e+00
0.00000000e+00
0.00000000e+00
0.00000000e+00
0.00000000e+00
0.00000000e+00
0.00000000e+00
0.00000000e+00
0.00000000e+00
0.00000000e+00
0.00000000e+00
0.00000000e+00
0.00000000e+00
0.00000000e+00
0.00000000e+00
0.00000000e+00
0.00000000e+00
0.00000000e+00
0.00000000e+00
0.00000000e+00
0.00000000e+00
0.00000000e+00
0.00000000e+00
0.00000000e+00
0.00000000e+00
0.00000000e+00
-1.09967139e+00
-3.70487197e-03
-1.22766002e+00
1.38023533e-02
4.40566647e-01
-6.99208694e-03
-3.14462032e-01
1.34237928e-02
0.00000000e+00
0.00000000e+00
0.00000000e+00
0.00000000e+00
0.00000000e+00
0.00000000e+00
0.00000000e+00
-1.78113196e+00
-3.24031317e-01
-9.60635278e-02
1.30506362e+00
7.38089577e+00
0.00000000e+00
0.00000000e+00
0.00000000e+00
0.00000000e+00
0.00000000e+00
0.00000000e+00
1.40732812e+00
1.33163663e+00
-7.60934092e-01
-1.20862934e+00
-1.11376524e+00
-3.16192650e+00
3.18133522e+00
0.00000000e+00
0.00000000e+00
0.00000000e+00
0.00000000e+00
0.00000000e+00
1.53852571e+00
1.16222326e+00
1.46155998e+00
0.00000000e+00
0.00000000e+00
0.00000000e+00
4.05927834e+00
4.19979686e+00
4.20138586e+00
3.80652563e+00
2.84589084e+00
0.00000000e+00
0.00000000e+00
6.47733196e-02
-7.54070071e-01
1.67470529e-01
2.98690278e+00
4.25602372e-01
0.00000000e+00
0.00000000e+00
0.00000000e+00
0.00000000e+00
0.00000000e+00
0.00000000e+00
0.00000000e+00
-2.61369957e+00
4.77827645e+00
0.00000000e+00
4.12472771e-01
-7.02578731e-02
0.00000000e+00
0.00000000e+00
-1.00311197e+00
-2.50317845e+00
-7.07579004e-01
5.17502134e-02
-3.50629042e+00
0.00000000e+00
0.00000000e+00
0.00000000e+00
-1.06248613e+00
0.00000000e+00
1.23752302e+00
-3.13923478e+00
0.00000000e+00
5.44089229e-01
-1.47152989e-01
-1.33833097e+00
-2.03772024e+00
0.00000000e+00
-9.14268053e-03
2.55722370e+00
0.00000000e+00
1.58538514e+00
1.61628814e+00
-2.66413324e-01
-4.12394293e-01
0.00000000e+00
3.38602214e+00
1.47758999e-01
-1.47308972e+00
-2.05947606e+00
0.00000000e+00
3.45919263e+00
3.72804381e+00
-1.82559129e-01
0.00000000e+00
0.00000000e+00
0.00000000e+00
0.00000000e+00
0.00000000e+00
8.76772475e-01
9.86383026e-01
0.00000000e+00
1.28325319e+00
-4.99447715e-01
2.59663602e+00
3.77628386e+00
0.00000000e+00
2.90254036e+00
3.21909317e+00
0.00000000e+00
0.00000000e+00
7.11587105e-01
-3.12277909e-02
1.44048001e+00
0.00000000e+00
9.51979919e-02
0.00000000e+00
5.86386341e-01
0.00000000e+00
0.00000000e+00
0.00000000e+00
-2.03320070e+00
1.05636409e+00
0.00000000e+00
0.00000000e+00
3.31371084e-01
0.00000000e+00
0.00000000e+00
0.00000000e+00
0.00000000e+00
-6.55828791e-01
0.00000000e+00
0.00000000e+00
0.00000000e+00
2.25100495e+00
-1.40218635e+00
-2.43668881e-01
0.00000000e+00
0.00000000e+00
0.00000000e+00
0.00000000e+00
0.00000000e+00
0.00000000e+00
0.00000000e+00
0.00000000e+00
9.96610517e-01
0.00000000e+00
0.00000000e+00
0.00000000e+00
0.00000000e+00
0.00000000e+00
0.00000000e+00
0.00000000e+00
-3.32939302e-01
-5.16903144e-01
-1.02987873e-01
1.89210381e+00
1.55790623e+00
7.77663829e-01
1.10847197e-01
0.00000000e+00
0.00000000e+00
0.00000000e+00
-3.16956288e-01
0.00000000e+00
1.47935586e+00
0.00000000e+00
0.00000000e+00
0.00000000e+00
0.00000000e+00
0.00000000e+00
0.00000000e+00
0.00000000e+00
0.00000000e+00
0.00000000e+00
0.00000000e+00
0.00000000e+00
0.00000000e+00
0.00000000e+00
0.00000000e+00
0.00000000e+00
0.00000000e+00
7.79756381e-01
-4.13915271e-01
2.22170950e+00
0.00000000e+00
0.00000000e+00
-1.38925647e-01
0.00000000e+00
0.00000000e+00
0.00000000e+00
0.00000000e+00
0.00000000e+00
0.00000000e+00
0.00000000e+00
0.00000000e+00
1 -999999999 6 0 -1
1 0 2 1 -1
-1.4704e+00 8.4562e-01
356
-2.41917589e-03
0.00000000e+00
0.00000000e+00
0.00000000e+00
0.00000000e+00
0.00000000e+00
0.00000000e+00
0.00000000e+00
0.00000000e+00
0.00000000e+00
0.00000000e+00
0.00000000e+00
0.00000000e+00
0.00000000e+00
0.00000000e+00
0.00000000e+00
-3.02295424e-01
2.99876248e-01
5.35463849e-01
0.00000000e+00
0.00000000e+00
0.00000000e+00
0.00000000e+00
0.00000000e+00
0.00000000e+00
0.00000000e+00
0.00000000e+00
0.00000000e+00
2.09700887e+00
7.62218015e-01
-2.32376304e+00
1.22229764e+00
-1.22471681e+00
-2.58666003e+00
0.00000000e+00
1.08474035e+00
-1.39695519e+00
2.00475819e+00
-4.44091609e-01
1.80419948e+00
1.94498299e+00
0.00000000e+00
0.00000000e+00
0.00000000e+00
0.00000000e+00
0.00000000e+00
0.00000000e+00
0.00000000e+00
0.00000000e+00
0.00000000e+00
0.00000000e+00
4.02352767e-01
-1.06477371e+00
0.00000000e+00
0.00000000e+00
0.00000000e+00
0.00000000e+00
0.00000000e+00
0.00000000e+00
0.00000000e+00
-5.89526390e-01
1.24445739e+00
1.24430957e+00
5.78527098e-01
1.27841081e+00
-2.54848409e+00
-6.13088232e-01
-8.62727469e-01
2.29944675e-01
-8.60979497e-02
3.25690042e-01
-3.34436183e-01
-3.01607025e-02
6.34415823e-01
-8.78944363e-01
1.17095690e-02
-3.00679432e-02
9.81016695e-01
2.29028906e-03
-3.88676078e-01
0.00000000e+00
0.00000000e+00
0.00000000e+00
0.00000000e+00
0.00000000e+00
0.00000000e+00
0.00000000e+00
-4.69120415e-01
-7.49232692e-01
1.21593393e+00
-4.52304597e-01
1.10872574e-01
-4.98467889e-01
-5.86342893e-01
-1.80281932e+00
-2.54911378e+00
0.00000000e+00
0.00000000e+00
0.00000000e+00
0.00000000e+00
1.26274929e+00
5.21490290e-01
0.00000000e+00
0.00000000e+00
1.83479936e+00
3.57346623e+00
0.00000000e+00
0.00000000e+00
0.00000000e+00
0.00000000e+00
0.00000000e+00
0.00000000e+00
1.38804588e+00
5.28224072e-01
-2.21848237e-01
-8.73730569e-02
-2.32102904e+00
-1.12323815e+00
3.47442967e+00
1.86928768e+00
0.00000000e+00
-1.43005170e-01
0.00000000e+00
0.00000000e+00
2.91385802e+00
2.21181365e+00
2.37588749e+00
-6.51798076e-02
-4.94149221e-01
0.00000000e+00
3.60905736e+00
4.62536804e+00
5.33999543e+00
3.46435005e+00
3.60439263e+00
5.29494277e+00
1.61487483e+00
1.40922765e+00
2.17586815e+00
0.00000000e+00
0.00000000e+00
0.00000000e+00
0.00000000e+00
-2.60418758e-01
1.20238867e+00
0.00000000e+00
0.00000000e+00
0.00000000e+00
0.00000000e+00
0.00000000e+00
0.00000000e+00
0.00000000e+00
-1.49237868e+00
3.47084932e+00
0.00000000e+00
0.00000000e+00
1.48995950e+00
0.00000000e+00
0.00000000e+00
-2.28943693e+00
-3.69653316e-02
3.61813117e-01
-1.80025321e+00
-1.64826159e+00
-1.83721854e+00
0.00000000e+00
0.00000000e+00
0.00000000e+00
-1.74625698e+00
0.00000000e+00
1.89638239e+00
1.81618974e+00
9.92765355e-01
7.89052134e-01
5.42473363e-01
8.05068304e-01
-7.85308887e-01
0.00000000e+00
-4.76127950e-01
0.00000000e+00
0.00000000e+00
7.84093809e-01
-2.46207792e+00
-1.61142568e-01
4.38724715e-01
0.00000000e+00
0.00000000e+00
-2.80887287e-01
-1.28348733e+00
0.00000000e+00
0.00000000e+00
0.00000000e+00
7.75974818e-01
0.00000000e+00
-1.68784621e-03
0.00000000e+00
1.35615694e+00
4.13464373e-01
6.00768085e-02
0.00000000e+00
0.00000000e+00
0.00000000e+00
2.37099189e-01
0.00000000e+00
0.00000000e+00
-1.28778139e-01
6.74557088e-01
2.23602056e-01
8.20257551e-01
0.00000000e+00
0.00000000e+00
-6.23037336e-03
9.99138235e-04
5.85948528e-01
0.00000000e+00
1.11407898e+00
1.01681321e-01
2.86813591e-01
-7.05464265e-02
3.69681364e-01
6.58393692e-01
0.00000000e+00
0.00000000e+00
0.00000000e+00
5.84372349e-01
0.00000000e+00
1.00868828e+00
0.00000000e+00
-2.19534496e+00
9.49702991e-02
2.86235624e+00
0.00000000e+00
0.00000000e+00
0.00000000e+00
-2.77553168e-01
0.00000000e+00
0.00000000e+00
-6.89791693e-01
-1.74003496e+00
-1.48240062e+00
-5.44986188e-01
0.00000000e+00
0.00000000e+00
4.18549554e+00
-5.84949390e-01
0.00000000e+00
-3.89649505e-01
1.54503864e+00
-1.83821768e+00
-6.22913860e-01
0.00000000e+00
0.00000000e+00
0.00000000e+00
1.80069721e+00
-7.21230899e-01
0.00000000e+00
-1.21530382e+00
0.00000000e+00
0.00000000e+00
0.00000000e+00
-1.28644848e+00
0.00000000e+00
0.00000000e+00
0.00000000e+00
-1.88962228e+00
0.00000000e+00
1.68216249e+00
1.48230330e+00
2.06540490e+00
-3.84980289e-01
2.59384959e-01
-5.48426729e-01
0.00000000e+00
0.00000000e+00
1.00966477e+00
1.33203927e+00
0.00000000e+00
1.21063408e+00
1.49653148e+00
5.95902609e-01
7.16087450e-01
0.00000000e+00
0.00000000e+00
-1.23909416e+00
-1.48430050e+00
0.00000000e+00
0.00000000e+00
0.00000000e+00
9.26465267e-01
0.00000000e+00
-2.74617859e-01
0.00000000e+00
1.10306419e+00
0.00000000e+00
0.00000000e+00
0.00000000e+00
0.00000000e+00
0.00000000e+00
-8.44856506e-02
0.00000000e+00
0.00000000e+00
5.20420948e-01
5.31913602e-01
0.00000000e+00
7.21296414e-03
0.00000000e+00
0.00000000e+00
1.11469878e+00
-1.99549418e-01
5.07824652e-01
-4.49861222e-01
2.73483305e+00
1.12068988e+00
-1.54238146e-01
8.77541651e-02
5.74308633e-01
9.64438101e-01
0.00000000e+00
0.00000000e+00
0.00000000e+00
-6.89509943e-01
0.00000000e+00
-1.70667816e+00
0.00000000e+00
-1.53948383e-01
0.00000000e+00
0.00000000e+00
0.00000000e+00
0.00000000e+00
0.00000000e+00
7.25904405e-01
0.00000000e+00
0.00000000e+00
-1.18362681e-02
7.06938010e-01
0.00000000e+00
9.24899283e-01
0.00000000e+00
0.00000000e+00
-2.29209415e+00
-7.07374070e-01
4.58021122e-01
1.99007417e+00
1.00333247e+00
-1.08689906e+00
-1.46011536e-01
0.00000000e+00
5.17789015e+00
0.00000000e+00
3.33942699e-02
3.02516187e-01
0.00000000e+00
-9.40887523e-01
0.00000000e+00
1.04465828e+00
-2.60704674e-01
247
-1.22431821e+00
0.00000000e+00
0.00000000e+00
0.00000000e+00
0.00000000e+00
0.00000000e+00
0.00000000e+00
0.00000000e+00
0.00000000e+00
0.00000000e+00
0.00000000e+00
0.00000000e+00
0.00000000e+00
0.00000000e+00
-1.84438141e-01
-1.03988007e+00
1.17088974e-01
-3.01527116e-01
-7.99741959e-01
0.00000000e+00
0.00000000e+00
0.00000000e+00
0.00000000e+00
0.00000000e+00
0.00000000e+00
0.00000000e+00
0.00000000e+00
-1.22431821e+00
0.00000000e+00
7.03381364e-01
-1.92769958e+00
0.00000000e+00
2.14846476e-01
-7.98374811e-02
0.00000000e+00
0.00000000e+00
0.00000000e+00
0.00000000e+00
0.00000000e+00
0.00000000e+00
0.00000000e+00
-1.00839044e+00
3.62875471e-02
-1.74675233e-01
-6.03791697e-03
-4.48840674e-01
5.79435869e-03
4.07588138e-01
2.88307323e-03
0.00000000e+00
0.00000000e+00
0.00000000e+00
0.00000000e+00
0.00000000e+00
0.00000000e+00
0.00000000e+00
-1.25313641e+00
-2.97256570e-01
3.26074770e-01
6.45798756e-01
1.81988666e+00
0.00000000e+00
0.00000000e+00
0.00000000e+00
0.00000000e+00
0.00000000e+00
0.00000000e+00
1.75449683e-01
5.93702670e-01
4.87007709e-01
-1.08735812e+00
-6.35959170e-01
-1.40295974e+00
3.42089487e+00
2.56797261e+00
0.00000000e+00
0.00000000e+00
0.00000000e+00
0.00000000e+00
-1.44154727e-02
8.71414341e-02
8.39585981e-02
8.60371060e-03
3.82012008e-01
-1.32290498e-01
4.05303785e+00
4.75119323e+00
4.61208454e+00
4.24009049e+00
4.36898763e+00
3.98971159e+00
1.95999546e-01
-6.50585442e-01
-3.25584169e-02
6.65487924e-02
2.12250209e-01
-9.15937507e-01
0.00000000e+00
-3.73830230e-01
-1.08278470e-01
3.07619623e-01
-8.38451032e-01
-6.16752060e-01
0.00000000e+00
-3.45921466e+00
4.60572161e+00
0.00000000e+00
2.23489644e+00
-1.17854088e+00
0.00000000e+00
-1.55497089e+00
-8.34175778e-01
-1.03594119e+00
-5.86634294e-01
-9.02599693e-01
-1.87011697e+00
0.00000000e+00
0.00000000e+00
0.00000000e+00
-1.08791113e+00
0.00000000e+00
4.47936744e-02
-8.52073799e-03
8.98786721e-01
-3.89690885e-01
8.52919080e-02
-7.28733551e-01
2.35748486e-01
0.00000000e+00
3.49222532e-01
3.67280773e+00
-1.58165278e-01
1.10460849e+00
5.03216748e-02
-7.38484357e-01
-6.46793326e-01
-5.16763653e-02
8.30093009e-01
-4.80466963e-01
-3.44710508e-01
2.24323625e-01
0.00000000e+00
-4.88514427e-01
-4.28498883e-02
-6.76468846e-01
0.00000000e+00
0.00000000e+00
0.00000000e+00
4.37989664e-01
0.00000000e+00
2.19422864e-01
8.55877213e-02
3.51095004e-01
-4.80983437e-01
-4.04488738e-01
7.50005760e-01
1.33545214e+00
0.00000000e+00
5.11782831e-01
8.62951398e-03
0.00000000e+00
3.11257578e-01
1.13426626e+00
5.85601367e-01
-2.45696182e-01
0.00000000e+00
0.00000000e+00
-5.57734197e-01
-5.69034134e-01
0.00000000e+00
-5.19921739e-01
2.06527186e-01
-1.52540646e+00
-1.05849940e+00
0.00000000e+00
0.00000000e+00
0.00000000e+00
-4.66907058e-01
0.00000000e+00
0.00000000e+00
-4.77137004e-01
-1.48923399e+00
0.00000000e+00
0.00000000e+00
0.00000000e+00
-2.16173836e-01
-6.12190878e-01
-2.01184208e-01
-7.63882660e-02
-3.29203943e-01
-4.85771806e-01
-2.92684677e-01
-1.94515929e-01
-6.38776265e-02
0.00000000e+00
2.04701359e-01
9.55750608e-01
-2.03920243e+00
7.90407939e-01
6.79606164e-01
4.90372354e-01
4.63279266e-01
-1.28780932e+00
5.66501764e-01
1.59149478e-01
-1.10499005e-02
1.35215785e-01
-6.51117218e-02
8.60503916e-01
6.42002019e-02
-5.30368646e-01
0.00000000e+00
0.00000000e+00
0.00000000e+00
9.84890625e-02
0.00000000e+00
6.51472021e-01
8.46956059e-01
0.00000000e+00
0.00000000e+00
4.20970085e-01
-1.58488955e-01
0.00000000e+00
0.00000000e+00
0.00000000e+00
0.00000000e+00
0.00000000e+00
0.00000000e+00
-5.67943198e-01
0.00000000e+00
3.25566322e-01
0.00000000e+00
0.00000000e+00
0.00000000e+00
-1.46265685e-01
2.14379132e+00
1.34346285e+00
8.11311011e-02
-1.47818409e+00
-7.21850079e-01
0.00000000e+00
0.00000000e+00
4.58129671e-01
-7.56334007e-01
2.49310121e+00
1.13563850e+00
1.25272310e+00
2 1
-1.8329e+00 4.6145e-01
2 0
0 1 
217
8.37111405e-01
-8.98269924e-02
-2.02880622e-01
0.00000000e+00
-6.12104661e-01
2.58506941e+00
1.30347822e+00
-1.16359907e+00
-5.36883360e-01
-4.76400913e-01
4.03613984e-01
4.07114867e-01
0.00000000e+00
0.00000000e+00
-1.05125483e+00
7.35733722e-02
1.10535336e+00
2.60419801e+00
-2.59113709e-02
1.12318732e+00
1.69528594e+00
-2.00936330e-02
-1.73451993e-01
-2.41111772e+00
-6.97061063e-03
1.93886640e+00
0.00000000e+00
0.00000000e+00
0.00000000e+00
0.00000000e+00
0.00000000e+00
0.00000000e+00
0.00000000e+00
1.01656538e+00
9.58790017e-02
-2.75332977e-01
0.00000000e+00
5.11018686e-01
3.26092720e-01
0.00000000e+00
0.00000000e+00
0.00000000e+00
0.00000000e+00
0.00000000e+00
0.00000000e+00
3.81033162e-01
1.29985524e-01
3.26092720e-01
0.00000000e+00
0.00000000e+00
0.00000000e+00
0.00000000e+00
0.00000000e+00
0.00000000e+00
0.00000000e+00
0.00000000e+00
0.00000000e+00
0.00000000e+00
0.00000000e+00
0.00000000e+00
3.26092720e-01
1.29985524e-01
3.81033162e-01
0.00000000e+00
1.29985524e-01
0.00000000e+00
5.74642420e-01
8.04774016e-01
1.32483462e-01
-1.01811017e+00
4.77235755e-01
-9.62025932e-02
0.00000000e+00
1.12510327e+00
-6.31421434e-01
-6.69025026e-01
-1.23132948e+00
0.00000000e+00
0.00000000e+00
0.00000000e+00
0.00000000e+00
0.00000000e+00
0.00000000e+00
0.00000000e+00
0.00000000e+00
0.00000000e+00
0.00000000e+00
0.00000000e+00
0.00000000e+00
0.00000000e+00
0.00000000e+00
0.00000000e+00
0.00000000e+00
0.00000000e+00
0.00000000e+00
0.00000000e+00
0.00000000e+00
0.00000000e+00
0.00000000e+00
0.00000000e+00
0.00000000e+00
0.00000000e+00
0.00000000e+00
0.00000000e+00
0.00000000e+00
0.00000000e+00
0.00000000e+00
0.00000000e+00
0.00000000e+00
0.00000000e+00
0.00000000e+00
0.00000000e+00
0.00000000e+00
0.00000000e+00
0.00000000e+00
0.00000000e+00
0.00000000e+00
0.00000000e+00
0.00000000e+00
-1.40386943e+00
-2.39767392e+00
-1.87154045e+00
0.00000000e+00
0.00000000e+00
0.00000000e+00
1.23026567e+00
-5.75021919e-03
3.22438828e-02
8.01175425e-01
1.36033264e+00
-3.02658515e-01
-9.64732333e-01
5.96826433e-03
-4.36155861e-02
0.00000000e+00
1.68458708e+00
1.07280905e+00
0.00000000e+00
2.26394195e+00
4.37621109e-01
3.65365316e-01
1.49804352e+00
-3.06128335e-02
1.53607053e+00
1.43136049e+00
-2.26756899e+00
0.00000000e+00
0.00000000e+00
0.00000000e+00
1.67997281e+00
-9.00922881e-03
1.24776644e+00
1.36033131e+00
1.28269551e+00
5.34963373e-01
8.33004883e-01
8.01877260e-01
-4.73638863e-02
0.00000000e+00
1.13755337e+00
1.17600997e+00
0.00000000e+00
4.75526083e-01
1.04471246e+00
-2.91517077e-01
4.45298415e-01
-2.30462208e-02
3.38864108e-01
1.63103350e+00
-2.31654947e+00
0.00000000e+00
0.00000000e+00
0.00000000e+00
-2.42908294e-02
4.48200399e-01
8.78443437e-01
-2.42211986e-01
1.41713330e+00
1.47599122e+00
4.54177999e-01
-1.15313359e-01
-1.32126224e-02
0.00000000e+00
0.00000000e+00
3.33189509e+00
-4.59306548e-02
1.84572693e+00
-4.28531934e-01
-2.46082539e-03
-1.73391071e+00
-2.12044828e-03
-1.46293966e-02
1.88842073e+00
-2.19709277e+00
0.00000000e+00
0.00000000e+00
0.00000000e+00
-1.62862979e-02
9.48237069e-01
-2.91923133e-01
1.41833502e+00
1.44327340e+00
5.78949512e-02
4.03269411e-01
8.14143184e-01
-3.09766836e-02
0.00000000e+00
0.00000000e+00
2.91136228e+00
-4.71712620e-02
7.50923862e-01
8.57067437e-01
-2.27932964e-03
7.22360882e-01
-2.88641526e-03
-1.41186593e-02
-1.22311784e+00
136
7.06259939e-01
-5.61685605e-01
3.31836811e-02
4.56687886e-01
6.84041975e-03
3.56065100e-01
-4.12430457e-03
4.55192558e-01
1.20064426e-03
0.00000000e+00
0.00000000e+00
0.00000000e+00
0.00000000e+00
0.00000000e+00
0.00000000e+00
0.00000000e+00
-8.20016769e-02
4.80109402e-01
3.08152213e-01
2.09556166e-01
2.11584814e-01
2.85118958e-01
0.00000000e+00
0.00000000e+00
0.00000000e+00
0.00000000e+00
0.00000000e+00
2.09556166e-01
-2.52556189e-01
4.64141003e-01
2.85118958e-01
0.00000000e+00
0.00000000e+00
0.00000000e+00
0.00000000e+00
0.00000000e+00
0.00000000e+00
0.00000000e+00
0.00000000e+00
0.00000000e+00
0.00000000e+00
0.00000000e+00
0.00000000e+00
0.00000000e+00
0.00000000e+00
0.00000000e+00
0.00000000e+00
8.28381041e-01
6.65224463e-01
3.59879772e-01
0.00000000e+00
-1.76792426e-01
1.33792404e-01
-5.25843980e-01
2.17223780e-01
0.00000000e+00
0.00000000e+00
0.00000000e+00
0.00000000e+00
0.00000000e+00
2.85118958e-01
4.64141003e-01
-2.52556189e-01
0.00000000e+00
0.00000000e+00
0.00000000e+00
0.00000000e+00
0.00000000e+00
0.00000000e+00
0.00000000e+00
0.00000000e+00
0.00000000e+00
0.00000000e+00
0.00000000e+00
0.00000000e+00
0.00000000e+00
0.00000000e+00
0.00000000e+00
0.00000000e+00
0.00000000e+00
0.00000000e+00
0.00000000e+00
0.00000000e+00
0.00000000e+00
0.00000000e+00
0.00000000e+00
-1.14296784e+00
-1.93895488e+00
-2.52761162e+00
0.00000000e+00
0.00000000e+00
0.00000000e+00
2.82143403e-01
-4.86983524e-01
6.72907207e-01
1.09323531e+00
4.44480236e-01
3.79516102e-01
1.24413680e+00
1.69046438e+00
5.38019103e-01
0.00000000e+00
1.24489364e+00
1.23630163e+00
-1.52709809e+00
1.68002481e+00
1.58093769e+00
1.04937294e+00
1.08081617e+00
-1.35936788e+00
9.39223519e-01
6.33493470e-01
-1.83553257e+00
0.00000000e+00
0.00000000e+00
0.00000000e+00
-2.59194127e-01
5.37819472e-01
-7.05431280e-01
-3.95170022e-01
-4.30874636e-01
-3.96460506e-01
1.58376230e-01
-2.32121194e-01
-5.62604550e-01
0.00000000e+00
4.82626252e-01
2.48718797e+00
-2.57662266e+00
6.52394324e-01
2.84263067e-01
-4.23981761e-01
1.11984341e-01
-1.32078949e+00
6.34979399e-01
1.18086602e-01
5 1
-2.2341e+00 4.8979e-01
3 0
0 1 2 
217
1.64678710e+00
-5.98876609e-01
-6.23178671e-02
-1.29956271e-01
1.57504226e-01
-5.57915892e-01
-2.13420233e-01
-1.80787861e+00
-4.21045147e-01
1.50379827e+00
0.00000000e+00
0.00000000e+00
0.00000000e+00
0.00000000e+00
1.50174317e+00
-1.29522188e-02
2.07084451e+00
-2.81931726e-01
9.05838106e-03
1.21495277e+00
3.01156294e+00
-5.17638695e-02
-4.52640053e-01
-2.58458728e+00
-9.90544503e-03
2.76578787e+00
0.00000000e+00
0.00000000e+00
0.00000000e+00
0.00000000e+00
0.00000000e+00
0.00000000e+00
0.00000000e+00
1.04818220e+00
8.09315896e-01
-2.10710996e-01
0.00000000e+00
7.08579033e-01
9.07232620e-01
3.09754458e-02
0.00000000e+00
0.00000000e+00
0.00000000e+00
0.00000000e+00
0.00000000e+00
3.02672611e-01
4.05906423e-01
-9.62639272e-01
0.00000000e+00
4.59929955e-01
1.40994194e+00
3.09754458e-02
0.00000000e+00
0.00000000e+00
0.00000000e+00
0.00000000e+00
0.00000000e+00
0.00000000e+00
0.00000000e+00
0.00000000e+00
4.78278111e-01
4.05906423e-01
7.62602566e-01
0.00000000e+00
1.81584836e+00
0.00000000e+00
-6.48057772e-02
1.31991247e+00
-1.04255483e-01
2.55636027e-01
3.97126288e-01
3.65476278e-01
0.00000000e+00
1.06289083e+00
-8.83712427e-01
-1.78706300e-01
-1.31375379e-01
0.00000000e+00
-2.49574933e-01
0.00000000e+00
6.73982461e-01
-1.55202876e+00
1.22686488e+00
7.80906059e-01
0.00000000e+00
0.00000000e+00
0.00000000e+00
0.00000000e+00
0.00000000e+00
0.00000000e+00
0.00000000e+00
0.00000000e+00
0.00000000e+00
0.00000000e+00
0.00000000e+00
0.00000000e+00
0.00000000e+00
0.00000000e+00
0.00000000e+00
0.00000000e+00
0.00000000e+00
0.00000000e+00
0.00000000e+00
0.00000000e+00
0.00000000e+00
0.00000000e+00
0.00000000e+00
0.00000000e+00
0.00000000e+00
0.00000000e+00
0.00000000e+00
0.00000000e+00
0.00000000e+00
0.00000000e+00
0.00000000e+00
0.00000000e+00
0.00000000e+00
0.00000000e+00
0.00000000e+00
-1.45537506e+00
-1.93001141e+00
-1.96381153e+00
0.00000000e+00
0.00000000e+00
0.00000000e+00
2.04396822e+00
-2.09733918e-01
-9.85089814e-01
-1.62064911e-03
0.00000000e+00
4.47298222e-01
2.50313548e-01
-2.69465983e-01
1.13250471e+00
0.00000000e+00
-9.25370413e-02
-8.16679553e-01
-4.25979975e-02
2.02434685e+00
0.00000000e+00
-1.05084829e-02
2.07330962e+00
-1.72825288e-01
1.01988461e+00
-2.69629616e-01
-1.29570330e+00
0.00000000e+00
0.00000000e+00
0.00000000e+00
7.15819966e-01
-1.54568315e-01
1.32434563e+00
-2.94327716e-03
0.00000000e+00
-5.94689324e-01
-1.23148221e-01
-2.13968942e-01
2.04521704e-01
0.00000000e+00
4.18820419e-02
2.08642671e-01
-3.65021262e-02
1.87091391e-01
0.00000000e+00
-9.88582801e-03
-4.68897512e-02
-1.22287106e-01
4.40036392e-01
1.14564595e+00
-1.58129105e+00
0.00000000e+00
0.00000000e+00
0.00000000e+00
-6.28909130e-01
1.84795852e+00
1.15207373e+00
-2.71948627e-03
3.32022804e+00
1.61677301e-01
4.53017418e-01
-4.87304767e-01
-1.50104745e-01
0.00000000e+00
-1.55891911e-02
3.70470138e+00
0.00000000e+00
0.00000000e+00
8.92861216e-01
-5.30159531e-03
-2.98992985e-01
-1.05902041e-02
-6.10605465e-02
5.73796190e-01
-2.38317831e+00
0.00000000e+00
0.00000000e+00
0.00000000e+00
1.50124650e+00
2.00672162e+00
-6.82305416e-01
-2.61673066e-03
1.89803875e+00
1.59363006e+00
9.54711316e-03
-3.84491977e-01
-1.47312591e-01
0.00000000e+00
-2.12607752e-02
1.52088129e-01
0.00000000e+00
0.00000000e+00
1.91190053e+00
-6.63155997e-03
-6.52351430e-01
-9.70988819e-03
-5.05492163e-02
2.41108761e-01
136
1.25082390e-01
-5.40638571e-01
2.56267666e-02
2.73147734e-01
7.71217297e-03
4.00882533e-02
1.46594813e-03
3.52484973e-01
1.04218797e-03
0.00000000e+00
0.00000000e+00
0.00000000e+00
0.00000000e+00
0.00000000e+00
0.00000000e+00
0.00000000e+00
-2.74576496e-01
1.83114330e-01
2.16544556e-01
-2.09669573e-01
8.87807942e-02
2.00298236e-01
4.56729322e-02
0.00000000e+00
0.00000000e+00
0.00000000e+00
0.00000000e+00
-2.09669573e-01
-2.22191537e-01
3.10972331e-01
-1.94280669e-02
0.00000000e+00
-1.74761540e-01
3.94487843e-01
4.56729322e-02
0.00000000e+00
0.00000000e+00
0.00000000e+00
0.00000000e+00
0.00000000e+00
0.00000000e+00
0.00000000e+00
0.00000000e+00
0.00000000e+00
0.00000000e+00
0.00000000e+00
0.00000000e+00
5.47465659e-01
5.86453782e-01
3.02338855e-01
0.00000000e+00
-4.57404342e-01
-1.49218308e-01
-4.19331594e-01
1.60766335e-01
0.00000000e+00
0.00000000e+00
1.73551090e+00
-2.44196960e-01
3.53657344e-01
2.40257151e-01
3.10972331e-01
-3.96953077e-01
0.00000000e+00
0.00000000e+00
0.00000000e+00
0.00000000e+00
0.00000000e+00
0.00000000e+00
0.00000000e+00
0.00000000e+00
0.00000000e+00
0.00000000e+00
0.00000000e+00
0.00000000e+00
0.00000000e+00
0.00000000e+00
0.00000000e+00
0.00000000e+00
0.00000000e+00
0.00000000e+00
0.00000000e+00
0.00000000e+00
0.00000000e+00
0.00000000e+00
0.00000000e+00
-1.06066586e+00
-1.89156146e+00
-2.49496770e+00
0.00000000e+00
0.00000000e+00
0.00000000e+00
4.19153229e-01
-5.03818022e-01
6.72530002e-01
1.11319843e+00
4.35304368e-01
6.32648716e-01
1.20027935e+00
1.53041726e+00
5.18976738e-01
0.00000000e+00
1.20500745e+00
1.26734381e+00
-1.75438071e+00
1.69737622e+00
1.50987149e+00
1.03169126e+00
9.88931958e-01
-1.74428826e+00
7.78832224e-01
5.13323227e-01
-1.85155253e+00
0.00000000e+00
0.00000000e+00
0.00000000e+00
-3.74295613e-01
8.18299817e-01
-8.74539342e-01
-3.11619052e-01
-7.44015471e-01
-5.34740743e-01
1.74319685e-01
-2.08245763e-01
-4.86500788e-01
0.00000000e+00
2.95953915e-01
2.97465841e+00
-2.75400258e+00
9.77776919e-01
2.30041927e-01
-3.37996997e-01
-2.38723033e-02
-1.32666119e+00
6.49955757e-01
3.93088197e-03
3 1
-2.5409e+00 4.9841e-01
4 1
0 1 2 5 
217
-6.19310710e-01
-4.86986408e-01
9.70059859e-01
0.00000000e+00
0.00000000e+00
0.00000000e+00
-5.00468447e-01
3.23745736e+00
3.24908335e+00
-2.66827663e+00
2.20922707e+00
-2.83249664e+00
8.37810956e-02
-2.91108102e-01
-9.90312755e-02
-6.89694387e-02
2.08076274e+00
-3.90907427e+00
2.66807655e-02
2.13198884e+00
9.30805000e-01
-1.50144106e-02
9.22055995e-01
2.45798983e+00
-3.51423155e-03
1.48933295e-02
0.00000000e+00
0.00000000e+00
0.00000000e+00
0.00000000e+00
0.00000000e+00
0.00000000e+00
0.00000000e+00
-1.31998497e-03
-6.79632460e-01
6.16417351e-02
0.00000000e+00
3.55061082e-01
-6.54274500e-01
-1.16065202e+00
8.40554723e-01
0.00000000e+00
0.00000000e+00
0.00000000e+00
0.00000000e+00
1.52856819e-02
3.39775400e-01
1.47648260e+00
0.00000000e+00
0.00000000e+00
0.00000000e+00
2.28254370e-02
0.00000000e+00
0.00000000e+00
0.00000000e+00
0.00000000e+00
0.00000000e+00
0.00000000e+00
0.00000000e+00
8.40554723e-01
-1.73496084e-02
3.39775400e-01
-9.41736501e-01
0.00000000e+00
3.23403093e-01
0.00000000e+00
9.18415851e-01
1.33849833e+00
-1.67340182e-01
1.73327513e-01
-1.25587528e+00
3.14138782e-01
0.00000000e+00
-5.83071003e-01
-1.30412475e+00
9.05496794e-01
1.48925134e+00
1.96567652e-01
1.69050716e+00
0.00000000e+00
0.00000000e+00
0.00000000e+00
2.86924721e+00
-1.52990706e-03
1.96567652e-01
-1.17553735e+00
0.00000000e+00
0.00000000e+00
0.00000000e+00
3.66807508e-01
1.56010295e+00
0.00000000e+00
0.00000000e+00
0.00000000e+00
0.00000000e+00
0.00000000e+00
0.00000000e+00
0.00000000e+00
0.00000000e+00
0.00000000e+00
0.00000000e+00
0.00000000e+00
0.00000000e+00
0.00000000e+00
0.00000000e+00
0.00000000e+00
0.00000000e+00
0.00000000e+00
0.00000000e+00
0.00000000e+00
0.00000000e+00
0.00000000e+00
0.00000000e+00
0.00000000e+00
0.00000000e+00
0.00000000e+00
0.00000000e+00
0.00000000e+00
0.00000000e+00
-2.03605389e+00
-1.91573114e+00
-4.03470767e+00
0.00000000e+00
0.00000000e+00
0.00000000e+00
-2.86601857e-02
0.00000000e+00
-1.39483387e+00
7.40765336e-01
0.00000000e+00
3.61539628e-01
0.00000000e+00
-2.16910586e+00
0.00000000e+00
0.00000000e+00
1.54733372e+00
0.00000000e+00
0.00000000e+00
-5.62561206e-02
-4.34420108e-01
8.33297366e-01
9.79722618e-01
-9.32958786e-02
0.00000000e+00
5.67917516e-01
-6.41797026e-01
0.00000000e+00
0.00000000e+00
0.00000000e+00
-4.81840906e-02
0.00000000e+00
1.91026498e+00
2.04067572e+00
0.00000000e+00
6.56080997e-01
0.00000000e+00
2.18418271e+00
0.00000000e+00
0.00000000e+00
3.32994179e-01
0.00000000e+00
0.00000000e+00
-1.27390168e-01
1.44320796e+00
1.13469650e+00
1.10240452e+00
-2.55505749e-01
0.00000000e+00
2.73181132e-01
-2.21508260e+00
0.00000000e+00
0.00000000e+00
0.00000000e+00
-2.21514118e-02
0.00000000e+00
1.68128443e+00
0.00000000e+00
0.00000000e+00
-1.43798405e+00
1.90881354e+00
-1.02306278e+00
0.00000000e+00
0.00000000e+00
2.10613766e+00
2.42662303e+00
0.00000000e+00
0.00000000e+00
8.67312235e-01
4.18731482e-01
1.60152954e+00
-5.52856931e-03
0.00000000e+00
-4.08664940e+00
-1.23429164e+00
0.00000000e+00
0.00000000e+00
0.00000000e+00
-5.36312835e-02
0.00000000e+00
3.65839050e-01
0.00000000e+00
0.00000000e+00
1.44161914e+00
-2.52797868e-01
1.67939804e+00
0.00000000e+00
0.00000000e+00
-2.45876323e-01
1.18370154e-01
0.00000000e+00
0.00000000e+00
1.63338399e+00
9.85036038e-01
4.45181126e-01
-1.41941971e-02
0.00000000e+00
2.94375875e+00
136
6.68718788e-01
4.72204195e-01
-2.25208559e-02
2.81918201e-01
-2.51017407e-03
-1.61658359e-01
7.80915810e-03
7.62547501e-02
5.33394441e-04
0.00000000e+00
0.00000000e+00
0.00000000e+00
0.00000000e+00
0.00000000e+00
0.00000000e+00
0.00000000e+00
-1.67743344e-01
4.24413467e-01
4.12048665e-01
5.49037799e-03
2.94462970e-01
-9.14898192e-02
8.96214484e-02
3.70633811e-01
0.00000000e+00
0.00000000e+00
0.00000000e+00
5.49037799e-03
5.55833826e-02
2.38879588e-01
8.44228784e-01
0.00000000e+00
-4.94115078e-01
-3.02076946e-01
-7.37844190e-02
0.00000000e+00
5.67892480e-02
-1.96315828e-01
-5.21129722e-01
0.00000000e+00
3.81296172e-01
3.03239417e-01
3.70633811e-01
0.00000000e+00
0.00000000e+00
0.00000000e+00
-4.54151154e-02
9.46317243e-02
2.93447372e-01
7.77227014e-02
0.00000000e+00
6.39215418e-03
-1.34805147e-03
-3.62355987e-01
2.69775176e-01
0.00000000e+00
-3.03796340e-01
7.87322171e-01
-2.35409643e-01
3.76403887e-01
4.00342075e-01
1.13056132e-01
3.99582870e-01
3.81556855e-01
7.74929922e-02
-5.29762422e-02
0.00000000e+00
0.00000000e+00
0.00000000e+00
0.00000000e+00
0.00000000e+00
0.00000000e+00
0.00000000e+00
0.00000000e+00
0.00000000e+00
0.00000000e+00
0.00000000e+00
0.00000000e+00
0.00000000e+00
0.00000000e+00
0.00000000e+00
0.00000000e+00
0.00000000e+00
0.00000000e+00
0.00000000e+00
0.00000000e+00
-1.14118542e+00
-1.86859080e+00
-2.41889684e+00
0.00000000e+00
0.00000000e+00
0.00000000e+00
4.27023137e-01
-3.28128118e-01
7.03647313e-01
8.42599397e-01
3.43330798e-01
-2.61797894e-01
1.07235714e+00
1.20477262e+00
5.98607029e-02
0.00000000e+00
1.05795342e+00
1.27699179e+00
-1.60496544e+00
1.43299425e+00
1.50814598e+00
7.35970551e-01
8.61653941e-01
-1.29186211e+00
2.71558865e-01
2.85422029e-01
-1.98661666e+00
0.00000000e+00
0.00000000e+00
0.00000000e+00
-2.99201485e-01
1.06383054e+00
-3.12113582e-01
-1.12692709e-01
-3.99156788e-01
-1.09164809e+00
2.60033286e-02
-1.54552633e-01
-7.40789963e-01
0.00000000e+00
3.24943132e-01
2.57779381e+00
-2.44736312e+00
1.27512737e+00
2.12446906e-01
-4.94397250e-01
-2.35894761e-01
-1.42648861e+00
4.98185078e-01
-2.50647840e-01
6 2
-2.7612e+00 5.7041e-01
5 -1
0 1 2 5 3 
217
2.53168711e+00
2.27937507e-01
1.55372666e-01
-1.90202228e+00
-2.95479120e+00
7.17407612e-01
-3.21886678e+00
2.38643292e+00
0.00000000e+00
0.00000000e+00
0.00000000e+00
0.00000000e+00
0.00000000e+00
0.00000000e+00
-1.40422805e+00
2.83824378e-02
3.79799577e+00
-1.41002074e+00
-5.89028228e-02
1.80286360e+00
-5.98603865e+00
5.62108441e-02
5.68496748e-01
0.00000000e+00
0.00000000e+00
0.00000000e+00
0.00000000e+00
0.00000000e+00
0.00000000e+00
0.00000000e+00
0.00000000e+00
0.00000000e+00
0.00000000e+00
7.98357766e-01
3.13399288e+00
0.00000000e+00
0.00000000e+00
-1.03822398e+00
9.52167269e-01
2.61774382e+00
0.00000000e+00
0.00000000e+00
0.00000000e+00
0.00000000e+00
0.00000000e+00
-3.28327974e+00
0.00000000e+00
-4.92303919e-01
0.00000000e+00
0.00000000e+00
0.00000000e+00
0.00000000e+00
0.00000000e+00
0.00000000e+00
0.00000000e+00
0.00000000e+00
0.00000000e+00
0.00000000e+00
0.00000000e+00
0.00000000e+00
-9.29912543e-01
0.00000000e+00
2.25271323e+00
0.00000000e+00
0.00000000e+00
0.00000000e+00
1.06692101e+00
2.52131883e+00
2.55879681e-01
1.53727952e+00
-1.37315147e-01
1.39297960e+00
0.00000000e+00
1.57199696e+00
-3.38927282e-01
0.00000000e+00
0.00000000e+00
0.00000000e+00
2.29073687e+00
0.00000000e+00
0.00000000e+00
0.00000000e+00
0.00000000e+00
0.00000000e+00
0.00000000e+00
-2.44990760e+00
0.00000000e+00
0.00000000e+00
0.00000000e+00
0.00000000e+00
0.00000000e+00
1.35171806e+00
2.81995327e-01
0.00000000e+00
8.97973726e-01
6.99348101e-01
0.00000000e+00
0.00000000e+00
0.00000000e+00
0.00000000e+00
0.00000000e+00
0.00000000e+00
0.00000000e+00
0.00000000e+00
0.00000000e+00
0.00000000e+00
0.00000000e+00
0.00000000e+00
0.00000000e+00
0.00000000e+00
0.00000000e+00
0.00000000e+00
0.00000000e+00
0.00000000e+00
0.00000000e+00
0.00000000e+00
0.00000000e+00
0.00000000e+00
0.00000000e+00
-3.61082448e+00
1.73463917e+00
-5.85206784e+00
0.00000000e+00
0.00000000e+00
0.00000000e+00
5.81100220e+00
0.00000000e+00
2.15994570e+00
-1.34269952e+00
0.00000000e+00
5.03733841e+00
2.39732938e+00
6.19631949e+00
5.27549469e-01
0.00000000e+00
1.03119023e+00
-5.15064469e-02
-2.84162915e-02
9.16395245e+00
0.00000000e+00
-6.42774072e+00
-1.60721564e+00
-8.94476171e-03
0.00000000e+00
0.00000000e+00
-1.74552697e+00
0.00000000e+00
0.00000000e+00
0.00000000e+00
-1.02395159e+00
0.00000000e+00
9.99541568e-01
5.49733407e+00
0.00000000e+00
-2.67818187e-01
3.19139203e+00
-1.81051747e-01
3.63084917e+00
0.00000000e+00
4.43991256e+00
-5.11498023e-02
-1.51226111e-02
-1.59981825e+00
0.00000000e+00
9.05415441e+00
-1.28597128e+00
-1.12719021e-02
0.00000000e+00
0.00000000e+00
-2.24920822e+00
0.00000000e+00
0.00000000e+00
0.00000000e+00
1.51160991e+00
-1.52647774e-01
-1.64316408e-01
0.00000000e+00
6.89889154e-01
-4.25471201e+00
0.00000000e+00
3.88108958e-01
3.60388085e+00
0.00000000e+00
1.96652256e+00
6.67359337e+00
0.00000000e+00
4.42488671e+00
6.30330544e+00
0.00000000e+00
0.00000000e+00
0.00000000e+00
0.00000000e+00
4.90560000e-01
-1.69329936e+00
0.00000000e+00
0.00000000e+00
0.00000000e+00
1.08108154e+00
-2.19436876e-01
-1.25320304e-01
0.00000000e+00
2.62321378e+00
4.67641304e+00
0.00000000e+00
1.46498568e+00
-1.58410796e-01
0.00000000e+00
1.05966005e+00
-1.22812564e+00
0.00000000e+00
3.17958171e+00
-1.65180440e+00
0.00000000e+00
0.00000000e+00
0.00000000e+00
0.00000000e+00
2.07391568e+00
136
6.58785039e-01
1.51615480e-01
-1.84036680e-02
-6.19783946e-01
4.12752253e-03
5.24037736e-01
-1.16146301e-02
6.02915769e-01
-4.31780004e-02
0.00000000e+00
0.00000000e+00
0.00000000e+00
0.00000000e+00
0.00000000e+00
0.00000000e+00
0.00000000e+00
-2.42948950e-01
3.64218778e-01
5.37515211e-01
0.00000000e+00
-8.11546095e-02
4.56797204e-01
4.36749630e-01
-4.71789061e-01
0.00000000e+00
0.00000000e+00
0.00000000e+00
0.00000000e+00
8.10639281e-01
-5.80070821e-01
8.31626652e-01
0.00000000e+00
-1.85957744e+00
4.31667027e-01
-4.23935626e-01
0.00000000e+00
7.64850776e-01
-7.49956546e-01
-9.15777737e-01
0.00000000e+00
5.08514200e-01
1.25182896e+00
0.00000000e+00
0.00000000e+00
0.00000000e+00
0.00000000e+00
0.00000000e+00
4.10483966e-01
3.19006638e-01
-2.88347990e-01
0.00000000e+00
3.92980114e-01
-1.11537959e-01
-1.94513452e-01
3.69660372e-01
0.00000000e+00
0.00000000e+00
2.18326948e-01
-8.50794516e-01
5.02505978e-01
-7.26075670e-01
-5.80070821e-01
4.60450698e-01
-2.44492210e-01
-8.26737277e-03
7.62847471e-01
1.88305294e-01
1.36663731e+00
2.72308998e-01
1.89133019e-01
0.00000000e+00
0.00000000e+00
0.00000000e+00
0.00000000e+00
0.00000000e+00
0.00000000e+00
0.00000000e+00
0.00000000e+00
0.00000000e+00
0.00000000e+00
0.00000000e+00
0.00000000e+00
0.00000000e+00
0.00000000e+00
0.00000000e+00
0.00000000e+00
-5.21750864e-01
-1.71047826e+00
-2.35461751e+00
0.00000000e+00
0.00000000e+00
0.00000000e+00
4.42748748e-01
-4.48459113e-01
9.96274226e-01
1.61342883e+00
7.53020756e-01
8.05443780e-01
1.61567567e+00
1.49231374e+00
9.12616232e-01
0.00000000e+00
1.09782871e+00
1.30740531e+00
-1.05726438e+00
1.78157769e+00
1.19867647e+00
1.25913366e+00
1.47259265e+00
-1.23463795e+00
-1.62274473e-01
8.85819683e-01
-2.13847022e+00
0.00000000e+00
0.00000000e+00
0.00000000e+00
3.39380466e-01
-7.31736755e-02
2.60212232e-01
3.89016129e-01
-1.85717677e-01
7.01941537e-01
9.45955419e-01
5.22274392e-01
1.31913835e-01
0.00000000e+00
8.70446939e-01
1.16098443e+00
-2.51965340e+00
1.44753669e+00
1.01380430e+00
3.39871584e-01
8.16146605e-01
-7.54761348e-01
9.65247832e-01
5.83682224e-01
9 1
-3.1833e+00 5.2030e-01
6 1
0 1 2 5 3 6 
217
-1.81256299e+00
-7.99448551e-01
3.18457970e+00
0.00000000e+00
0.00000000e+00
0.00000000e+00
1.49639060e+00
3.10383295e+00
2.54153429e+00
3.27222192e+00
4.75674217e+00
-1.07189727e+00
0.00000000e+00
0.00000000e+00
-3.23611764e+00
-6.07282433e-02
2.87290651e+00
1.26905734e+00
-2.59346699e-02
3.05942386e+00
-6.17747706e+00
3.74894174e-03
5.36612878e+00
6.33197437e+00
7.14952397e-03
2.37319607e+00
0.00000000e+00
0.00000000e+00
0.00000000e+00
0.00000000e+00
0.00000000e+00
0.00000000e+00
0.00000000e+00
-2.27360533e+00
-2.64677036e+00
3.10781270e+00
0.00000000e+00
-2.00185197e+00
-1.19307162e+00
-1.55661036e+00
0.00000000e+00
0.00000000e+00
0.00000000e+00
0.00000000e+00
0.00000000e+00
1.54873887e+00
-1.04015335e+00
2.51470879e+00
0.00000000e+00
0.00000000e+00
0.00000000e+00
-1.22405906e+00
0.00000000e+00
0.00000000e+00
0.00000000e+00
0.00000000e+00
0.00000000e+00
0.00000000e+00
0.00000000e+00
0.00000000e+00
-5.37964325e-01
0.00000000e+00
2.92386341e-02
0.00000000e+00
3.42401992e+00
0.00000000e+00
9.47526323e-01
3.81391742e+00
-5.65339488e-01
2.29709057e+00
0.00000000e+00
3.69656967e+00
0.00000000e+00
2.32962710e+00
-1.98423277e+00
-4.39393415e+00
6.60964018e-02
0.00000000e+00
9.88820313e-01
0.00000000e+00
0.00000000e+00
0.00000000e+00
8.45847332e+00
1.54916678e+00
0.00000000e+00
-1.96301186e-01
0.00000000e+00
0.00000000e+00
0.00000000e+00
2.89526428e+00
3.00498817e+00
0.00000000e+00
-3.11247976e+00
0.00000000e+00
3.16350604e+00
-3.13812083e-01
0.00000000e+00
0.00000000e+00
3.64521697e+00
-1.88085757e+00
0.00000000e+00
0.00000000e+00
0.00000000e+00
-3.83308499e+00
-4.20869523e+00
0.00000000e+00
0.00000000e+00
0.00000000e+00
0.00000000e+00
0.00000000e+00
0.00000000e+00
0.00000000e+00
0.00000000e+00
0.00000000e+00
0.00000000e+00
0.00000000e+00
0.00000000e+00
0.00000000e+00
0.00000000e+00
-1.27852897e+00
-1.12967143e+01
-9.59608434e+00
0.00000000e+00
0.00000000e+00
0.00000000e+00
-8.58703495e-02
0.00000000e+00
6.97348421e+00
0.00000000e+00
0.00000000e+00
5.13947515e+00
0.00000000e+00
-3.13448324e-02
-5.34281668e-03
0.00000000e+00
-9.94283890e-01
0.00000000e+00
0.00000000e+00
0.00000000e+00
-1.06676959e+00
0.00000000e+00
-5.15589995e-03
-1.90365563e+00
0.00000000e+00
1.24241396e-01
4.39071780e-01
0.00000000e+00
0.00000000e+00
0.00000000e+00
-1.61676232e-01
0.00000000e+00
-3.63174883e-01
0.00000000e+00
0.00000000e+00
1.89334944e+00
0.00000000e+00
-9.21815292e-02
-1.15521031e-02
0.00000000e+00
4.44245844e+00
0.00000000e+00
0.00000000e+00
0.00000000e+00
2.89751979e+00
0.00000000e+00
-7.69222096e-03
-2.41646369e+00
0.00000000e+00
4.55354917e+00
-1.03979661e+01
0.00000000e+00
0.00000000e+00
0.00000000e+00
-6.50443219e-03
0.00000000e+00
2.01143123e+00
0.00000000e+00
0.00000000e+00
-4.75017140e+00
-4.86304416e-02
-2.20719613e-01
0.00000000e+00
0.00000000e+00
9.51205205e-01
0.00000000e+00
0.00000000e+00
0.00000000e+00
5.55837983e-01
0.00000000e+00
0.00000000e+00
0.00000000e+00
0.00000000e+00
2.17140855e+00
-3.85261298e+00
0.00000000e+00
0.00000000e+00
0.00000000e+00
-9.06657246e-03
0.00000000e+00
-5.50642363e-01
0.00000000e+00
0.00000000e+00
8.98327678e-01
-9.77805442e-02
-5.75333595e-01
0.00000000e+00
0.00000000e+00
2.04250891e+00
0.00000000e+00
0.00000000e+00
0.00000000e+00
4.83885862e+00
0.00000000e+00
0.00000000e+00
0.00000000e+00
0.00000000e+00
3.86426978e+00
136
3.38177839e-01
1.92705292e-01
-1.13667427e-02
1.00852432e-01
1.02478850e-03
-1.18792879e-01
5.52221859e-03
1.63412993e-01
2.70997564e-04
0.00000000e+00
0.00000000e+00
0.00000000e+00
0.00000000e+00
0.00000000e+00
0.00000000e+00
0.00000000e+00
-1.53212690e-01
1.28204996e-01
3.63185533e-01
-1.78326756e-01
5.33179813e-01
-2.05361754e-01
-2.42201597e-01
2.40685564e-01
1.90202570e-01
0.00000000e+00
0.00000000e+00
-1.78326756e-01
-2.66614908e-01
9.33558983e-02
1.03434209e+00
0.00000000e+00
-4.26202608e-01
-1.55549925e-01
3.31097503e-02
0.00000000e+00
9.69326357e-02
-8.82773787e-02
-5.78059054e-01
0.00000000e+00
3.90310475e-01
3.64013941e-01
1.91436835e-02
0.00000000e+00
0.00000000e+00
0.00000000e+00
-3.64348886e-01
3.99564665e-01
3.34096361e-01
1.82142268e-01
0.00000000e+00
4.26134950e-02
-4.26514656e-01
-2.97899170e-01
1.30048153e-01
0.00000000e+00
-3.29350367e-01
4.42702890e-01
6.52075670e-02
2.49593980e-01
2.35134914e-02
1.32144533e-01
2.41908426e-01
2.22586373e-01
5.27398077e-02
-2.30196117e-01
0.00000000e+00
7.88436576e-01
1.13864267e-01
2.51857975e-01
0.00000000e+00
1.25086557e-02
3.94151869e-01
5.47866848e-01
1.34348124e-01
0.00000000e+00
0.00000000e+00
0.00000000e+00
0.00000000e+00
0.00000000e+00
0.00000000e+00
0.00000000e+00
0.00000000e+00
0.00000000e+00
0.00000000e+00
0.00000000e+00
-1.05712778e+00
-1.88230977e+00
-2.33735639e+00
0.00000000e+00
0.00000000e+00
0.00000000e+00
3.95192828e-01
-3.91656625e-01
4.36650635e-01
9.17733480e-01
1.26013104e-01
2.52915335e-02
9.52042352e-01
1.10626553e+00
-5.66920968e-02
0.00000000e+00
1.05309503e+00
1.25379619e+00
-1.59055826e+00
1.23946213e+00
1.53146563e+00
1.15162664e+00
7.41610269e-01
-1.46727705e+00
2.93989676e-01
1.85694931e-01
-1.99744427e+00
0.00000000e+00
0.00000000e+00
0.00000000e+00
-3.66516640e-01
1.16261669e+00
-2.39702175e-01
-1.22384421e-01
-6.96672696e-01
-1.27747267e+00
4.34280344e-02
-6.31573387e-02
-8.10155934e-01
0.00000000e+00
3.96709335e-01
2.49628507e+00
-2.25984231e+00
9.37436377e-01
3.65933176e-01
-1.46119705e-01
-1.01888035e-01
-1.59347155e+00
4.90821481e-01
-2.13290953e-01
7 2
-3.1328e+00 5.3431e-01
7 -1
0 1 2 5 3 6 9 
217
-8.05817932e-01
-5.82441719e-01
1.94449579e+00
0.00000000e+00
-8.27808296e-01
6.36198405e-01
-8.76613402e-01
9.82103761e-01
-3.90546376e-01
-2.17955435e+00
0.00000000e+00
0.00000000e+00
0.00000000e+00
0.00000000e+00
0.00000000e+00
0.00000000e+00
0.00000000e+00
0.00000000e+00
0.00000000e+00
0.00000000e+00
0.00000000e+00
0.00000000e+00
0.00000000e+00
-8.05817932e-01
4.20347114e-03
1.95681612e+00
0.00000000e+00
0.00000000e+00
0.00000000e+00
0.00000000e+00
0.00000000e+00
0.00000000e+00
0.00000000e+00
5.99669219e-01
-1.21325126e-03
-1.40427390e+00
0.00000000e+00
-1.69542443e-01
-7.64065509e-01
1.23779199e+00
1.43795858e+00
0.00000000e+00
0.00000000e+00
0.00000000e+00
0.00000000e+00
-2.57237435e-02
0.00000000e+00
2.41828064e-01
0.00000000e+00
0.00000000e+00
0.00000000e+00
-1.43501649e+00
0.00000000e+00
3.00156076e-01
0.00000000e+00
0.00000000e+00
0.00000000e+00
0.00000000e+00
0.00000000e+00
0.00000000e+00
-1.29887556e+00
0.00000000e+00
-3.69741719e-01
0.00000000e+00
6.64091973e-01
0.00000000e+00
5.50932506e-01
1.61687654e-01
-7.12702316e-01
-2.19046876e+00
3.63523012e-01
7.06130082e-01
0.00000000e+00
-1.78489733e+00
-5.05610055e-01
0.00000000e+00
0.00000000e+00
0.00000000e+00
3.16541866e-01
0.00000000e+00
0.00000000e+00
0.00000000e+00
-1.23162100e+00
-1.50965045e+00
0.00000000e+00
1.79408706e-01
0.00000000e+00
0.00000000e+00
0.00000000e+00
-4.89789792e-01
-2.15094888e-01
3.89507764e-01
-2.17628985e+00
0.00000000e+00
9.57918059e-01
-1.32033216e+00
0.00000000e+00
0.00000000e+00
4.58963880e-04
-1.55676330e+00
0.00000000e+00
9.93587501e-01
-1.09770071e-01
-2.43101096e-01
6.47811505e-01
3.89507764e-01
-1.40679970e-01
0.00000000e+00
-6.79318284e-02
1.67923911e+00
-9.86713898e-01
-8.06266038e-02
0.00000000e+00
0.00000000e+00
0.00000000e+00
0.00000000e+00
0.00000000e+00
0.00000000e+00
0.00000000e+00
1.66755314e+00
-5.37487754e+00
-2.62242310e+00
0.00000000e+00
0.00000000e+00
0.00000000e+00
-8.86598246e-01
-5.70787441e-03
-1.06776166e+00
1.86059896e+00
0.00000000e+00
0.00000000e+00
1.33324273e+00
-5.44682644e-02
-5.08613902e-02
0.00000000e+00
1.27076148e+00
0.00000000e+00
0.00000000e+00
1.29538134e+00
8.90757439e-01
8.81627090e-01
-4.39629006e-01
-1.45435279e-02
0.00000000e+00
-1.17854249e+00
-1.04601188e+00
0.00000000e+00
0.00000000e+00
0.00000000e+00
-2.98565809e-01
-6.84863236e-03
1.59316297e+00
-4.19746903e-01
0.00000000e+00
0.00000000e+00
-1.04606510e+00
-3.64202976e-02
-9.89179731e-02
0.00000000e+00
5.84675054e-01
0.00000000e+00
0.00000000e+00
8.19633254e-01
9.36519873e-01
2.49562858e+00
-4.76603067e-01
-2.62488277e-02
0.00000000e+00
1.79457708e+00
-7.78884616e+00
0.00000000e+00
0.00000000e+00
0.00000000e+00
-3.91603734e-02
0.00000000e+00
5.42918175e+00
0.00000000e+00
4.32714892e+00
-1.00776216e-01
0.00000000e+00
-1.53923023e-02
0.00000000e+00
0.00000000e+00
-1.66308155e-01
2.94917938e+00
0.00000000e+00
1.67001504e+00
1.14424724e+00
-2.32369994e+00
4.59680259e+00
0.00000000e+00
0.00000000e+00
7.51668960e-01
-3.73862393e-01
0.00000000e+00
0.00000000e+00
0.00000000e+00
-6.28650820e-02
0.00000000e+00
-1.73979866e+00
0.00000000e+00
3.28815737e+00
2.68156707e+00
0.00000000e+00
-3.26159317e-02
0.00000000e+00
0.00000000e+00
1.44419996e+00
2.17572930e+00
0.00000000e+00
4.39191054e+00
2.26348279e+00
2.55037663e+00
1.23937584e+00
0.00000000e+00
0.00000000e+00
2.94101504e+00
136
3.88043900e-01
0.00000000e+00
0.00000000e+00
0.00000000e+00
0.00000000e+00
0.00000000e+00
0.00000000e+00
3.88043900e-01
6.00139293e-05
0.00000000e+00
0.00000000e+00
0.00000000e+00
0.00000000e+00
0.00000000e+00
0.00000000e+00
0.00000000e+00
-1.24778690e-01
2.24214930e-01
2.88607660e-01
-2.29691876e-01
4.48157131e-01
-2.41408582e-01
-2.56456820e-02
2.86888578e-01
-8.87476800e-02
0.00000000e+00
0.00000000e+00
-2.29691876e-01
-9.20524234e-02
4.81535292e-02
8.47563039e-01
0.00000000e+00
-5.58448996e-01
-2.37844957e-03
-2.71720567e-01
0.00000000e+00
2.85385138e-01
-4.82995718e-01
-7.24009447e-01
0.00000000e+00
2.24627554e-01
8.78628295e-01
4.64983822e-01
0.00000000e+00
0.00000000e+00
0.00000000e+00
-2.06869151e-03
2.13784472e-01
2.99848327e-01
1.26399048e-01
0.00000000e+00
-2.41672577e-02
-3.46013345e-01
-2.41137061e-01
6.03108447e-02
0.00000000e+00
-7.30673404e-01
3.83025645e-01
-6.69448549e-03
2.94752589e-01
-2.03641547e-02
2.59804734e-01
6.19596843e-02
2.23265670e-01
7.19341164e-02
-6.39278818e-01
1.48500312e-02
4.85257838e-01
3.21518339e-02
1.42060523e-01
0.00000000e+00
3.85691729e-02
4.50763636e-01
-3.19025447e-02
3.30311610e-01
-7.01624879e-01
1.45491819e-01
3.22892226e-01
2.28811369e-01
8.37936893e-02
-4.27880551e-01
0.00000000e+00
0.00000000e+00
0.00000000e+00
0.00000000e+00
0.00000000e+00
-1.00063069e+00
-1.84560664e+00
-2.55740796e+00
0.00000000e+00
0.00000000e+00
0.00000000e+00
7.32045424e-01
-4.68865799e-01
6.71620430e-01
1.03485276e+00
5.18593108e-01
9.10029776e-01
1.12885544e+00
1.39558260e+00
5.83203350e-01
0.00000000e+00
1.21739399e+00
1.34561458e+00
-1.42775698e+00
1.75932128e+00
1.61624347e+00
1.13393198e+00
1.16518322e+00
-7.62322457e-01
9.48849031e-01
7.64266764e-01
-1.89049531e+00
0.00000000e+00
0.00000000e+00
0.00000000e+00
-2.16223559e-01
1.02234396e+00
-5.29477755e-01
-2.12478273e-01
-8.55435613e-01
-3.42939594e-01
-1.16561046e-01
8.52396458e-02
-3.57182525e-01
0.00000000e+00
9.22909227e-02
2.69785337e+00
-2.74839078e+00
8.38077959e-01
3.30878013e-01
-2.18297492e-01
-1.27041313e-01
-1.33599307e+00
4.01824711e-01
-2.98982876e-01
8 1
-4.2534e+00 5.4005e-01
8 1
0 1 2 5 3 6 9 7 
217
1.36063340e-02
4.63234049e+00
2.70727141e+00
0.00000000e+00
0.00000000e+00
0.00000000e+00
-3.17126858e+00
1.16367978e+00
4.13090189e+00
1.34937506e+00
0.00000000e+00
0.00000000e+00
2.19479156e+00
5.86865246e-01
8.04597946e-01
-3.04815762e-01
1.66170334e+00
0.00000000e+00
0.00000000e+00
0.00000000e+00
1.06718006e+00
-9.73834939e-02
5.31983659e-01
-3.47456177e+00
1.91452228e-02
-3.84595645e-01
0.00000000e+00
0.00000000e+00
0.00000000e+00
0.00000000e+00
0.00000000e+00
0.00000000e+00
0.00000000e+00
1.90751421e+00
1.61780450e+00
-3.51171237e+00
0.00000000e+00
0.00000000e+00
-3.70003796e-01
1.63877965e+00
0.00000000e+00
0.00000000e+00
0.00000000e+00
0.00000000e+00
0.00000000e+00
0.00000000e+00
0.00000000e+00
0.00000000e+00
0.00000000e+00
0.00000000e+00
0.00000000e+00
0.00000000e+00
0.00000000e+00
2.94871367e+00
0.00000000e+00
0.00000000e+00
0.00000000e+00
0.00000000e+00
0.00000000e+00
0.00000000e+00
1.89538925e+00
0.00000000e+00
-2.25968525e+00
0.00000000e+00
0.00000000e+00
0.00000000e+00
-8.18099867e-02
2.82896390e+00
5.39694368e-01
5.49169345e+00
0.00000000e+00
-1.79379448e+00
0.00000000e+00
-2.54401987e+00
-3.79857900e+00
0.00000000e+00
0.00000000e+00
0.00000000e+00
5.87171329e+00
0.00000000e+00
0.00000000e+00
0.00000000e+00
-5.64183509e-01
-2.63318920e+00
0.00000000e+00
-6.63692569e+00
0.00000000e+00
0.00000000e+00
0.00000000e+00
-5.17587771e-01
1.25618546e-01
0.00000000e+00
-2.66263436e+00
0.00000000e+00
0.00000000e+00
0.00000000e+00
0.00000000e+00
0.00000000e+00
-2.44897548e+00
2.37977959e+00
0.00000000e+00
0.00000000e+00
0.00000000e+00
0.00000000e+00
0.00000000e+00
0.00000000e+00
-2.11906180e+00
0.00000000e+00
0.00000000e+00
0.00000000e+00
0.00000000e+00
0.00000000e+00
0.00000000e+00
-1.59249997e+00
0.00000000e+00
0.00000000e+00
0.00000000e+00
0.00000000e+00
0.00000000e+00
-1.25435274e+00
0.00000000e+00
-4.24887078e+00
0.00000000e+00
0.00000000e+00
0.00000000e+00
-1.59317377e-03
-2.12880159e-01
-2.50737597e+00
0.00000000e+00
0.00000000e+00
0.00000000e+00
-2.33988505e-03
0.00000000e+00
-6.66484845e-04
0.00000000e+00
0.00000000e+00
0.00000000e+00
0.00000000e+00
0.00000000e+00
0.00000000e+00
0.00000000e+00
2.09776292e+00
-1.34990182e-03
0.00000000e+00
0.00000000e+00
-7.76518070e-01
0.00000000e+00
0.00000000e+00
0.00000000e+00
-5.15463831e-03
-2.87500914e-01
1.56113114e+00
0.00000000e+00
0.00000000e+00
0.00000000e+00
-8.63809859e-03
0.00000000e+00
-3.68484171e-03
0.00000000e+00
0.00000000e+00
0.00000000e+00
0.00000000e+00
0.00000000e+00
0.00000000e+00
0.00000000e+00
2.81639669e+00
-4.81921281e-03
0.00000000e+00
0.00000000e+00
-1.20467575e+00
0.00000000e+00
0.00000000e+00
0.00000000e+00
2.63430181e+00
0.00000000e+00
1.43245348e+00
0.00000000e+00
0.00000000e+00
0.00000000e+00
0.00000000e+00
-9.79741486e-03
0.00000000e+00
0.00000000e+00
0.00000000e+00
0.00000000e+00
0.00000000e+00
0.00000000e+00
-2.75124672e+00
0.00000000e+00
0.00000000e+00
0.00000000e+00
0.00000000e+00
-1.18392490e-03
-2.21772716e+00
0.00000000e+00
0.00000000e+00
0.00000000e+00
1.50430991e+00
0.00000000e+00
2.31361158e+00
0.00000000e+00
0.00000000e+00
0.00000000e+00
0.00000000e+00
-1.30125595e-02
0.00000000e+00
0.00000000e+00
0.00000000e+00
0.00000000e+00
0.00000000e+00
0.00000000e+00
3.08243434e+00
0.00000000e+00
0.00000000e+00
0.00000000e+00
0.00000000e+00
-4.57395682e-03
136
3.61113032e-01
-8.19245180e-01
2.58095236e-02
5.95699597e-01
-9.68543782e-03
2.82459888e-01
-1.83972874e-04
3.02198727e-01
7.17418012e-06
0.00000000e+00
0.00000000e+00
0.00000000e+00
0.00000000e+00
0.00000000e+00
0.00000000e+00
0.00000000e+00
-1.68926524e-01
1.97079636e-01
3.32959920e-01
-4.16064126e-01
5.56150609e-01
1.41530424e-02
8.36733977e-03
6.04467864e-01
-4.25624158e-01
0.00000000e+00
0.00000000e+00
-4.16064126e-01
-2.47473320e-02
2.37319479e-01
6.89288152e-01
0.00000000e+00
-2.60967332e-01
3.07079764e-03
-2.17575373e-01
0.00000000e+00
-7.97274545e-02
-2.91684228e-02
-3.42319768e-01
0.00000000e+00
3.82393802e-01
1.94296869e-01
2.25313740e-01
0.00000000e+00
0.00000000e+00
0.00000000e+00
4.28691771e-02
-5.34145798e-02
2.44936976e-01
-1.19224967e-02
0.00000000e+00
1.79775151e-01
-5.78887594e-01
-3.79027047e-01
7.37504276e-02
0.00000000e+00
-3.07797304e-01
3.42377832e-01
-3.06846197e-02
2.03601802e-01
4.92832079e-01
-2.43672541e-02
2.28044630e-01
4.87920803e-01
-4.56976135e-02
-3.03575049e-01
9.18706131e-02
5.38775039e-01
-4.34261971e-02
1.83530636e-01
0.00000000e+00
2.01912576e-02
4.70414068e-01
5.32512584e-01
9.27589100e-02
-4.12604867e-01
2.10394829e-01
3.06293511e-01
2.77980145e-03
2.43888510e-01
0.00000000e+00
0.00000000e+00
5.98433847e-01
5.81133661e-01
3.73019963e-02
0.00000000e+00
-9.38544944e-01
-1.93561609e+00
-2.35669099e+00
0.00000000e+00
0.00000000e+00
0.00000000e+00
4.09979522e-01
-4.24143284e-01
5.87251989e-01
9.32818873e-01
1.94729173e-01
1.21776437e-01
9.17104397e-01
1.21849904e+00
3.11209039e-02
0.00000000e+00
9.52617528e-01
1.21757741e+00
-1.68840917e+00
1.28372009e+00
1.49397491e+00
1.14883967e+00
9.32546724e-01
-1.36409536e+00
3.81893040e-01
2.38510467e-01
-2.02607229e+00
0.00000000e+00
0.00000000e+00
0.00000000e+00
-2.39661962e-01
1.39625647e+00
-1.79862747e-01
-1.25484046e-01
-9.88602061e-01
-8.24479413e-01
-7.78160495e-02
-9.99584175e-02
-8.35793027e-01
0.00000000e+00
2.84811644e-01
2.73234683e+00
-2.72473272e+00
9.05397180e-01
4.79416713e-01
-1.58179360e-01
1.10159488e-02
-1.76136350e+00
3.65670996e-01
-1.85054771e-01
4 1
-4.5254e+00 5.5233e-01
8 1
0 1 2 5 3 6 9 7 
217
-3.35684780e-01
-8.82901480e-01
2.41690825e+00
0.00000000e+00
0.00000000e+00
0.00000000e+00
-3.43220574e+00
-5.73459953e+00
-3.43770164e+00
1.44375048e+00
4.84727407e+00
1.59883652e+00
1.49499153e+00
-2.06453918e+00
8.23413833e-01
3.44161336e-01
3.49333116e+00
0.00000000e+00
0.00000000e+00
0.00000000e+00
-4.21094944e+00
2.68074551e-01
1.53548206e-01
5.65142433e+00
-1.88793996e-02
4.85691897e+00
0.00000000e+00
0.00000000e+00
0.00000000e+00
0.00000000e+00
0.00000000e+00
0.00000000e+00
0.00000000e+00
3.52609087e-01
1.70671120e-01
-8.58964988e-01
0.00000000e+00
0.00000000e+00
2.54269955e+00
-7.55672782e-02
0.00000000e+00
0.00000000e+00
0.00000000e+00
0.00000000e+00
0.00000000e+00
0.00000000e+00
0.00000000e+00
0.00000000e+00
0.00000000e+00
0.00000000e+00
0.00000000e+00
0.00000000e+00
0.00000000e+00
-2.55752448e+00
0.00000000e+00
0.00000000e+00
0.00000000e+00
0.00000000e+00
0.00000000e+00
0.00000000e+00
1.29355460e+01
0.00000000e+00
-5.50425890e+00
0.00000000e+00
0.00000000e+00
0.00000000e+00
2.42359302e+00
-4.63830753e+00
8.73869125e+00
1.24005601e+00
4.82156902e+00
-5.43412953e+00
0.00000000e+00
-6.40215866e-01
-4.85476737e-01
9.17091600e-01
4.57097540e+00
0.00000000e+00
2.90851851e+00
0.00000000e+00
0.00000000e+00
0.00000000e+00
-4.07423873e+00
-5.54813919e+00
0.00000000e+00
4.34429753e+00
0.00000000e+00
0.00000000e+00
0.00000000e+00
1.20704230e+00
-2.83616769e+00
0.00000000e+00
-3.02915263e+00
0.00000000e+00
0.00000000e+00
0.00000000e+00
0.00000000e+00
0.00000000e+00
5.54236712e-01
-4.82742194e+00
0.00000000e+00
0.00000000e+00
0.00000000e+00
0.00000000e+00
0.00000000e+00
0.00000000e+00
-2.10538451e+00
0.00000000e+00
0.00000000e+00
0.00000000e+00
-1.36997378e+00
1.80514130e+00
0.00000000e+00
-4.48582265e+00
0.00000000e+00
0.00000000e+00
0.00000000e+00
0.00000000e+00
0.00000000e+00
-2.98682501e+00
0.00000000e+00
-2.68524662e+00
0.00000000e+00
0.00000000e+00
0.00000000e+00
-1.29252452e-02
-2.40524855e-01
-6.61323087e+00
0.00000000e+00
0.00000000e+00
-2.29424463e-03
0.00000000e+00
-1.26461256e-01
2.83093362e+00
0.00000000e+00
0.00000000e+00
0.00000000e+00
0.00000000e+00
-5.85977135e-02
0.00000000e+00
-8.15809242e-03
0.00000000e+00
0.00000000e+00
0.00000000e+00
4.67839247e-01
-4.12700975e+00
0.00000000e+00
0.00000000e+00
0.00000000e+00
-5.41620049e-02
-4.70841812e-01
3.43260883e+00
0.00000000e+00
0.00000000e+00
-1.03917559e-02
0.00000000e+00
-2.44813804e-01
-6.12249691e-01
0.00000000e+00
0.00000000e+00
0.00000000e+00
0.00000000e+00
-1.03553250e-01
0.00000000e+00
-1.40000575e-02
0.00000000e+00
0.00000000e+00
0.00000000e+00
1.62540759e+00
-2.26972809e+00
0.00000000e+00
0.00000000e+00
0.00000000e+00
-9.80147229e-02
0.00000000e+00
0.00000000e+00
0.00000000e+00
0.00000000e+00
2.09453618e-01
0.00000000e+00
0.00000000e+00
0.00000000e+00
0.00000000e+00
0.00000000e+00
0.00000000e+00
-6.32681452e-03
0.00000000e+00
5.03522113e-01
0.00000000e+00
-3.82766295e+00
0.00000000e+00
0.00000000e+00
0.00000000e+00
-1.08122541e+00
0.00000000e+00
0.00000000e+00
0.00000000e+00
-5.36967526e-01
0.00000000e+00
0.00000000e+00
0.00000000e+00
0.00000000e+00
-1.25616495e+00
0.00000000e+00
0.00000000e+00
0.00000000e+00
0.00000000e+00
0.00000000e+00
0.00000000e+00
-2.62431726e-02
0.00000000e+00
-7.57732644e-01
0.00000000e+00
4.10722561e+00
0.00000000e+00
0.00000000e+00
0.00000000e+00
136
4.41472344e-01
2.71298957e-01
-1.91799228e-02
1.50227087e-01
-5.96522671e-03
1.67245640e-02
-1.25003477e-03
3.22173574e-03
1.83789022e-04
0.00000000e+00
0.00000000e+00
0.00000000e+00
0.00000000e+00
0.00000000e+00
0.00000000e+00
0.00000000e+00
-2.70121737e-01
1.18578662e-01
5.93015419e-01
-3.64155467e-01
7.23189950e-01
-1.59876157e-02
-2.36058205e-01
4.77669154e-01
-1.43185473e-01
0.00000000e+00
0.00000000e+00
-3.64155467e-01
-1.07986638e-01
2.54488564e-01
1.01287746e+00
0.00000000e+00
-3.19404570e-01
-1.80721136e-01
-1.80975263e-01
0.00000000e+00
2.17732559e-01
-2.71172845e-01
-5.72888815e-01
0.00000000e+00
5.01773154e-01
4.58905835e-01
-7.00049708e-03
0.00000000e+00
0.00000000e+00
0.00000000e+00
2.34814546e-01
-3.37469595e-01
2.62684904e-01
-2.77693711e-02
0.00000000e+00
1.45924068e-01
-2.17965030e-01
-3.59287166e-01
7.65396680e-02
0.00000000e+00
-2.23979499e-01
3.92874319e-01
1.95733222e-03
2.66216377e-01
4.12122488e-01
2.44108581e-01
2.62151533e-02
9.16766006e-03
5.56262466e-02
-5.20973651e-02
-4.30036281e-03
5.85176868e-01
-1.10877514e-02
2.80215171e-01
0.00000000e+00
5.66435679e-02
5.23769328e-01
1.37898808e-01
1.91963032e-01
-4.53676699e-03
1.85227708e-01
3.41659505e-01
-9.58897288e-02
3.54010539e-01
0.00000000e+00
0.00000000e+00
5.57491017e-01
3.92827965e-01
1.03899376e-01
0.00000000e+00
-9.46105397e-01
-1.86355785e+00
-2.31832288e+00
0.00000000e+00
0.00000000e+00
0.00000000e+00
3.51273156e-01
-3.73678227e-01
6.04402351e-01
7.88217441e-01
1.12705180e-01
4.70525029e-02
9.24076318e-01
1.08140031e+00
-1.93962955e-01
0.00000000e+00
1.00024785e+00
1.27202604e+00
-1.66340693e+00
1.37219641e+00
1.40105719e+00
1.10459880e+00
8.04667544e-01
-1.54476879e+00
3.35768461e-01
1.67042041e-01
-2.02202793e+00
0.00000000e+00
0.00000000e+00
0.00000000e+00
-3.30695356e-01
1.11493756e+00
-2.76068961e-01
6.73007089e-02
-1.07643084e+00
-1.36554054e+00
1.85501173e-02
2.85575127e-02
-8.42906564e-01
0.00000000e+00
3.47774597e-01
2.60451258e+00
-2.63846362e+00
1.32542845e+00
3.87931979e-01
-2.29351336e-01
-8.84740696e-02
-1.37739870e+00
4.75112455e-01
-1.66803909e-01
10 1
-4.9799e+00 5.5560e-01
8 1
0 1 2 5 3 6 9 7 
217
4.35311259e-01
9.26464012e-01
-9.28385267e-01
0.00000000e+00
0.00000000e+00
0.00000000e+00
5.80308109e+00
2.89953855e+00
5.97114596e+00
-1.15889072e+00
0.00000000e+00
0.00000000e+00
0.00000000e+00
0.00000000e+00
0.00000000e+00
0.00000000e+00
0.00000000e+00
0.00000000e+00
0.00000000e+00
0.00000000e+00
1.23068651e+00
1.85798828e-02
-4.11347107e+00
-7.32058979e+00
4.37814086e-03
8.74966695e-01
0.00000000e+00
0.00000000e+00
0.00000000e+00
0.00000000e+00
0.00000000e+00
0.00000000e+00
0.00000000e+00
0.00000000e+00
2.27641695e+00
-2.65757895e+00
0.00000000e+00
-4.69808266e-01
1.78236699e-02
2.73253109e+00
0.00000000e+00
0.00000000e+00
0.00000000e+00
0.00000000e+00
0.00000000e+00
-4.12200134e-01
0.00000000e+00
0.00000000e+00
0.00000000e+00
0.00000000e+00
0.00000000e+00
0.00000000e+00
0.00000000e+00
0.00000000e+00
0.00000000e+00
0.00000000e+00
0.00000000e+00
0.00000000e+00
0.00000000e+00
0.00000000e+00
1.83091153e+00
0.00000000e+00
-2.67405236e+00
0.00000000e+00
0.00000000e+00
0.00000000e+00
1.34217642e+00
4.97452972e+00
-2.18531725e+00
-5.41082543e+00
0.00000000e+00
-1.74237324e+00
0.00000000e+00
0.00000000e+00
0.00000000e+00
0.00000000e+00
0.00000000e+00
0.00000000e+00
4.50489892e+00
0.00000000e+00
0.00000000e+00
0.00000000e+00
2.97837372e+00
-3.98760436e+00
0.00000000e+00
-3.68824271e+00
0.00000000e+00
0.00000000e+00
0.00000000e+00
6.69670630e-01
-1.71122727e+00
0.00000000e+00
1.19552056e+00
0.00000000e+00
0.00000000e+00
0.00000000e+00
0.00000000e+00
0.00000000e+00
-1.63645023e+00
1.96556327e+00
0.00000000e+00
0.00000000e+00
0.00000000e+00
0.00000000e+00
0.00000000e+00
0.00000000e+00
2.65379466e+00
0.00000000e+00
0.00000000e+00
0.00000000e+00
0.00000000e+00
0.00000000e+00
0.00000000e+00
1.70152537e-01
0.00000000e+00
0.00000000e+00
0.00000000e+00
0.00000000e+00
0.00000000e+00
0.00000000e+00
0.00000000e+00
-1.29100082e+01
0.00000000e+00
0.00000000e+00
0.00000000e+00
0.00000000e+00
-4.91318990e-02
-2.22442604e+00
0.00000000e+00
0.00000000e+00
0.00000000e+00
0.00000000e+00
-3.47594880e-03
0.00000000e+00
0.00000000e+00
0.00000000e+00
0.00000000e+00
0.00000000e+00
0.00000000e+00
0.00000000e+00
-2.54747690e-01
8.29933288e-01
0.00000000e+00
0.00000000e+00
0.00000000e+00
5.23329122e-02
0.00000000e+00
0.00000000e+00
0.00000000e+00
0.00000000e+00
-6.40141072e-02
1.75920208e+00
0.00000000e+00
0.00000000e+00
0.00000000e+00
0.00000000e+00
-1.65793194e-02
0.00000000e+00
0.00000000e+00
0.00000000e+00
0.00000000e+00
0.00000000e+00
0.00000000e+00
0.00000000e+00
-1.09871920e+00
-1.88061845e+00
0.00000000e+00
0.00000000e+00
0.00000000e+00
-5.57524160e-01
0.00000000e+00
0.00000000e+00
0.00000000e+00
0.00000000e+00
0.00000000e+00
0.00000000e+00
0.00000000e+00
0.00000000e+00
0.00000000e+00
0.00000000e+00
0.00000000e+00
0.00000000e+00
0.00000000e+00
0.00000000e+00
0.00000000e+00
0.00000000e+00
0.00000000e+00
2.56465063e+00
0.00000000e+00
0.00000000e+00
0.00000000e+00
0.00000000e+00
0.00000000e+00
-1.09430725e+00
0.00000000e+00
0.00000000e+00
0.00000000e+00
0.00000000e+00
0.00000000e+00
0.00000000e+00
0.00000000e+00
0.00000000e+00
0.00000000e+00
0.00000000e+00
0.00000000e+00
0.00000000e+00
0.00000000e+00
0.00000000e+00
0.00000000e+00
0.00000000e+00
0.00000000e+00
4.93180421e-01
0.00000000e+00
0.00000000e+00
0.00000000e+00
0.00000000e+00
0.00000000e+00
136
3.92561815e-01
-5.44760980e-02
5.03285999e-03
4.50403745e-01
-1.00150870e-02
-1.98477748e-02
2.42057869e-03
1.64819430e-02
3.94416011e-04
0.00000000e+00
0.00000000e+00
0.00000000e+00
0.00000000e+00
0.00000000e+00
0.00000000e+00
0.00000000e+00
-1.79940135e-01
1.86038918e-01
3.86463032e-01
-1.48601487e-01
5.63840001e-01
-1.58904460e-01
-9.61433419e-02
3.08348605e-02
1.37200703e-01
0.00000000e+00
0.00000000e+00
-1.48601487e-01
4.91370526e-03
2.60437286e-01
7.88069705e-01
0.00000000e+00
-3.52567689e-01
-1.86228593e-01
-1.89356626e-01
0.00000000e+00
-5.30171527e-02
-3.09978790e-01
-2.58921627e-01
0.00000000e+00
3.01733918e-01
2.92646545e-01
2.43432621e-01
0.00000000e+00
0.00000000e+00
0.00000000e+00
2.06508940e-01
-2.98233979e-01
2.56572196e-01
4.04018490e-02
0.00000000e+00
3.43883348e-01
-5.91422054e-01
-2.87658968e-01
-2.45676024e-03
0.00000000e+00
-1.97858933e-01
4.80760572e-01
9.23824137e-02
2.64904957e-01
1.60942469e-01
6.39891119e-02
4.62473419e-02
1.82569559e-01
5.68534566e-02
-2.87047674e-01
-1.65504888e-01
6.71481599e-01
1.34865414e-01
1.77948613e-01
0.00000000e+00
4.31612162e-02
3.94872639e-01
2.22319416e-01
2.41253893e-01
-3.27585506e-01
-6.49700839e-02
5.49611681e-01
2.45187846e-01
1.08654343e-01
0.00000000e+00
0.00000000e+00
4.38580912e-01
2.81795000e-01
1.96741253e-01
0.00000000e+00
-9.85572630e-01
-1.92932554e+00
-2.26120163e+00
0.00000000e+00
0.00000000e+00
0.00000000e+00
2.50534127e-01
-3.09334647e-01
5.18948593e-01
8.18028680e-01
1.16807327e-01
7.57192192e-03
9.51171783e-01
1.18546494e+00
-1.50261698e-01
0.00000000e+00
9.16061982e-01
1.20694632e+00
-1.59925273e+00
9.92117681e-01
1.43324300e+00
1.06469926e+00
7.10159076e-01
-1.68478167e+00
3.11232116e-01
1.22829426e-01
-2.04523126e+00
0.00000000e+00
0.00000000e+00
0.00000000e+00
-2.72042735e-01
9.96943769e-01
-2.64093811e-01
-1.58643770e-01
-9.42199897e-01
-1.11466966e+00
-1.24213786e-01
-6.78230663e-02
-8.08644089e-01
0.00000000e+00
3.15058544e-01
2.51235812e+00
-2.24866676e+00
1.17902940e+00
4.86037420e-01
-1.86066370e-01
7.21143830e-02
-1.68627615e+00
4.26649823e-01
-1.60082623e-01
