2 0
1  0.000 1.000 1000000000.000
4 0 1 2 3
1 0
1 4
1 13
0 29
1 29
1 45
0 90
1 90
0 156
1 156
0
209
152
5	0	TRYP #num missed tryp terminals
2	-1e+09	0
3	0.29356554	0.29356554	-0.34855904
6	0	TRYP C-term AA
4	-1e+09	5	9	15
5	-0.13285686	-0.15077374	-0.23801214	0	-0.12407147
7	0	TRYP #frags at digest when C-term is R
5	-1e+09	0	2	3	5
6	0	0	0.14682484	0.10697337	0.033290496	0
9	0	TRYP #frags at digest when C-term is other
4	-1e+09	2	3	5
5	-0.037293656	-0.037293656	0	-0.049820999	-0.037293656
12	0	TRYP AA at N-terminal When C-term is other
6	-1e+09	7	15	17	18	22
7	0.16142119	0.21682774	0.16150492	-0.0057042075	-0.145002	0.08151964	0.11315689
13	0	ANN PEAK diff from org pm_with_19
9	-1e+09	-2.7119141	-2.5119629	-0.81188965	-0.51196289	-0.11187744	-0.011901855	0.088012695	0.19537354
10	-0.30844529	-0.18279426	0.16035022	0.41151502	0.28168712	0.25884167	0.17928269	1.663528e-05	-0.13408136	-0.40395016
15	0	ANN PEAK %ann intensity
16	-1e+09	0.13594526	0.19894291	0.24199553	0.25433958	0.26612282	0.28835616	0.3805019	0.42123264	0.43153092	0.44212693	0.45263967	0.5590722	0.5884257	0.62090743	0.67992902
17	0.009608735	0.19101296	0.2414033	0.2160798	0.20347402	0.12860386	0.1126636	0.091497535	0.040414254	-0.015485453	-0.040934617	-0.060128844	-0.071097402	-0.04633174	0.032932317	-0.11914572	-0.15490987
16	0	ANN PEAK %ann peaks
13	-1e+09	0.17142858	0.17910448	0.18571429	0.1969697	0.21538462	0.22033899	0.23529412	0.27777779	0.2857143	0.35294119	0.37209302	0.40000001
14	-0.033173325	-0.045536018	0.00038986935	0.0082025491	0.0093514748	0.0070706273	0.050803474	0.05971417	0.028349008	0.0043881377	0.0029541464	0.026605887	0.015632248	-0.0015779605
17	0	ANN PEAK #ann in top 25
10	-1e+09	5	6	8	10	11	12	13	15	16
11	-0.020329297	-0.23484883	-0.23031938	-0.20959682	-0.1361046	-0.10365006	-0.053119957	-0.032349116	0.086936007	0.1704788	0.26771964
18	0	ANN PEAK #ann in top half (up to 50)
14	-1e+09	7	8	9	10	11	12	13	14	15	16	17	18	19
15	0.050696232	-0.93923471	-0.9063863	-0.81594299	-0.79378473	-0.69166755	-0.65831385	-0.47991853	-0.31461639	-0.20998771	-0.033227555	0.21957183	0.41046789	0.57294084	0.82398903
19	0	ANN PEAK #ann in top third - #ann in mid third
6	-1e+09	-1	1	2	5	8
7	0.0055904976	0.10161762	0.094460625	0.065092278	-0.021605907	-0.061361842	-0.098519934
20	0	ANN PEAK #ann in top third - #ann in last third
7	-1e+09	0	2	4	5	6	7
8	-0.034036618	-0.034036618	0.051282269	0.046443007	0.042848347	0.033220344	0.035639684	-0.035161538
21	0	ANN PEAK #ann in mid third - #ann in last third
8	-1e+09	-1	0	1	2	3	4	6
9	0.048509496	0.022566966	0.0057407554	-0.044527415	-0.014885709	0.002906039	0.021424462	0.042873862	0.067831374
22	0	ANN PEAK #y annotated
3	-1e+09	2	5
4	0.014330741	0.014330741	-0.032243355	0.014330741
23	0	ANN PEAK #b annotated
4	-1e+09	0	3	4
5	0.039565063	0.039565063	-0.092366195	-0.0097092203	0.039565063
24	0	ANN PEAK #b-H2O annotated
4	-1e+09	0	1	4
5	0.065962924	0.014047271	-0.078745244	-0.092680048	0.097674041
25	0	ANN PEAK #y2 annotated
4	-1e+09	0	1	2
5	-0.00099642152	-0.086088539	-0.12251717	-0.063218718	0.092798721
26	0	ANN PEAK #y-H2O annotated
3	-1e+09	1	3
4	0.0094182835	0.0094182835	-0.019053088	0.0094182835
27	0	ANN PEAK #b2 annotated
2	-1e+09	0
3	-0.0070853558	-0.011297657	0.018499343
29	0	PEAK OFF y num frags detected
3	-1e+09	2	5
4	0.0064452981	0.0064452981	-0.0095491311	0.0064452981
30	0	PEAK OFF y max self offset
24	-1e+09	0.05009079	0.058338165	0.065105438	0.070941925	0.08159256	0.1001091	0.10892868	0.1174736	0.12620163	0.13071823	0.13514328	0.13954544	0.1638298	0.169384	0.17478561	0.19291306	0.24973679	0.26075363	0.27309036	0.28636551	0.30100632	0.37537766	0.42348099
25	-0.1757488	0.071117773	0.097726645	0.1179639	0.12973811	0.14367395	0.11578315	0.11811553	0.13921097	0.10548848	0.093961518	0.065279805	0.04546324	0.011418171	0.060658758	0.029098635	-0.016045061	-0.082592516	-0.30163109	-0.30050233	-0.3184246	-0.4022347	-0.41103947	-0.4796736	-0.27585855
31	0	PEAK OFF y avg self offset
19	-1e+09	0.022531509	0.02854538	0.039638519	0.042568207	0.04533577	0.047918957	0.064866386	0.074764252	0.082725525	0.091413118	0.10131454	0.10859045	0.12124761	0.14824601	0.16284867	0.19273376	0.27743149	0.31736374
20	-0.14544511	-0.22057767	-0.28008631	-0.30316808	-0.33196004	-0.38076878	-0.40513456	-0.46001398	-0.43318608	-0.46498775	-0.50241327	-0.48470643	-0.50898595	-0.45865131	-0.47699218	-0.45385662	-0.38027311	-0.37062901	-0.22820349	-0.062875617
32	0	PEAK OFF y max consecutive offset
13	-1e+09	0.091369629	0.11810303	0.12573242	0.14160156	0.15420532	0.19036865	0.2041626	0.21166992	0.23846436	0.26171875	0.29364014	0.46728516
14	0.084009175	0.32731617	0.25800409	0.30252894	0.29429377	0.26262909	0.25538784	0.23707343	0.20499607	0.13648046	0.048022255	-0.082514183	-0.13224582	-0.13109268
33	0	PEAK OFF y avg consecutive offset
12	-1e+09	0.056049347	0.058154296	0.060222626	0.082389832	0.098983765	0.10214996	0.12080383	0.14835358	0.15608215	0.17663574	0.2416565
13	0.069533316	0.069533316	0.054643045	0.028327419	0.023391448	0.016896734	0.0024245717	-0.02003298	-0.037011533	-0.03585674	0.046609141	0.050508483	0.064263463
34	0	PEAK OFF y grab offset #1
8	-1e+09	0.0040893555	0.0081176758	0.047851562	0.068115234	0.13598633	0.28985596	0.31744385
9	-0.13652602	-0.13652602	-0.023944315	-0.015764887	0	-0.052293553	-0.080074704	-0.11519803	-0.13652602
35	0	PEAK OFF y grab offset #2
6	-1e+09	0.0037231445	0.0052490234	0.0087890625	0.03338623	0.078857422
7	0.081327087	0.081327087	0.063583804	0.054003283	0	0.020480426	0.081327087
36	0	PEAK OFF y grab offset #3
4	-1e+09	0.10174561	2	3
5	0.0098574181	0.0098574181	-0.12006191	-0.07615545	0.012556022
37	0	PEAK OFF b num frags detected
8	-1e+09	0.093554378	0.12550628	0.23597443	0.26823699	0.37861359	4	5
9	0.075644253	0.089746293	0.12024885	-0.0014637684	0.010738869	-0.046939892	-0.032562712	0.014765504	0.042490211
38	0	PEAK OFF b max self offset
17	-1e+09	0.022612154	0.032215118	0.057787776	0.061632991	0.065442204	0.089877009	0.093357965	0.096863866	0.10413568	0.12700164	0.13563263	0.16051972	0.20133698	0.2104367	0.24412811	0.36445892
18	-0.2037117	-0.12792779	-0.1165697	-0.12879862	-0.11050482	-0.11280461	-0.13430802	-0.080900811	-0.099127368	-0.11019978	-0.19324293	-0.25159125	-0.23566021	-0.24363267	-0.21469501	-0.2393828	-0.2595637	-0.23300716
39	0	PEAK OFF b avg self offset
7	-1e+09	0.029962707	0.061871648	0.11238372	0.14595795	0.18524307	0.22482331
8	0.07795812	0.1248332	0.13794565	0.12488389	0.079716026	0.077383033	0.10702119	0.02963816
40	0	PEAK OFF b max consecutive offset
8	-1e+09	0.12866211	0.14038086	0.14889526	0.16139527	0.18666077	0.21939087	0.27780151
9	0.057081658	0.13319011	0.12515624	0.11148944	0.043112053	0.035546159	0.039082926	0.022150475	0.003536767
41	0	PEAK OFF b avg consecutive offset
5	-1e+09	0.037124634	0.055099487	0.085357666	0.14990234
6	-0.030996181	-0.030996181	-0.032128156	-0.0011319752	-0.032128156	-0.030996181
42	0	PEAK OFF b grab offset #1
2	-1e+09	0.086364746
3	-0.018790126	0	-0.045746746
43	0	PEAK OFF b grab offset #2
8	-1e+09	0.0025024414	0.0062255859	0.0234375	0.07019043	0.1368103	0.15426636	0.21252441
9	-0.087227236	-0.087227236	-0.058287167	-0.087227236	-0.077605067	-0.087227236	-0.061539038	-0.038562239	-0.087227236
45	0	PEP COMP start cat N (len 3)
9	-1e+09	3	4	6	12	13	15	16	18
10	-0.073366036	-0.15020023	0.014017897	0.026186024	0.083775801	0.076412168	0.067800676	0.040840343	-0.0026519755	-0.0038383677
46	0	PEP COMP end cat C (len 3)
11	-1e+09	1	2	3	4	5	6	7	8	10	15
12	-0.11711095	-0.2361952	-0.0712332	-0.053979759	0.0057175486	0.06743618	0.090287849	0.11391983	0.070165375	0.082686981	0.08903259	0.086585457
47	0	PEP COMP len 3 # cat 19-20
2	-1e+09	0
3	-0.015549696	-0.019656352	0.019661658
48	0	PEP COMP len 3 # cat 15-18
3	-1e+09	0	1
4	-0.013607765	-0.013607765	0.01071649	-0.013607765
51	0	PEP COMP len 3 # cat 1-2
3	-1e+09	0	1
4	-0.0038253698	-0.0038253698	0.0023181829	-0.0038253698
52	0	PEP COMP min cat, len 3
8	-1e+09	1	2	4	7	9	11	17
9	0.072591979	8.4344002e-05	0.060928766	0.083220092	0.071471657	0.091152696	0.055850666	0.0049964596	0.10290113
53	0	PEP COMP avg cat, len 3
12	-1e+09	0.33333334	1.3333334	1.6666666	1.8333334	2.1666667	2.3333333	3	4	4.1666665	4.3333335	5.6666665
13	-0.038673462	-0.12982636	-0.021557426	0.03709246	0.0083159275	0.0013075912	0.02678615	0.0091314504	0.038261117	0.092864622	0.13157212	0.11528002	0.095556932
54	0	PEP COMP before cat score 1
6	-1e+09	7	12	16	17	19
7	-0.035535966	-0.070826947	0.062743365	0.10400206	-0.02550462	0.10151583	0.058140753
55	0	PEP COMP after cat score 1
7	-1e+09	5	7	11	14	17	19
8	-0.038109041	-0.038109041	0.0023376178	0.022993719	0.046142828	0.048475279	0.017093998	-0.038109041
56	0	PEP COMP span cat score 1
7	-1e+09	2	4	6	7	10	16
8	0.046690177	0.046690177	0.0051667742	0.0027176388	-0.021799407	0.034816286	-0.039283384	0.046690177
57	0	PEP COMP before cat score 2
8	-1e+09	2	5	11	12	16	17	19
9	-0.0090172591	-0.0090172591	-0.047491163	-0.0060982321	0.0020665573	-0.020963995	0.0098400572	0.014498857	-0.0090172591
58	0	PEP COMP after cat score 2
7	-1e+09	5	6	11	13	15	17
8	-0.019498182	-0.063169512	-0.016778075	-0.017918241	-0.0078736164	-0.00064420679	0.038950087	0.034226812
59	0	PEP COMP span cat score 2
8	-1e+09	1	3	4	6	7	17	19
9	-0.0015111341	-0.0094600426	0.0036828538	-0.0022713034	-0.038735717	-0.0077600436	0.028300024	-0.033814784	0.014520767
60	0	PEP COMP before cat score 3
10	-1e+09	1	3	5	8	11	13	15	17	19
11	-0.047908846	-0.047908846	-0.0030560865	0.00162015	0.004616237	-0.010615	0.013686613	-0.0016901549	0.032397766	0.010510718	-0.047908846
61	0	PEP COMP after cat score 3
9	-1e+09	3	5	8	10	14	15	17	19
10	-0.035556156	-0.040559727	-0.014858181	0.074290898	0.065510847	0.028107688	0.044482191	0.061677322	0.044677129	-0.033092009
62	0	PEP COMP span cat score 3
6	-1e+09	1	7	8	10	11
7	-0.0080992912	-0.0187083	-0.039292724	0.027611456	0.048511825	-0.0081362693	0.0087692054
63	0	PEP COMP before cat score 4
9	-1e+09	5	10	12	13	15	16	17	19
10	-0.03715178	-0.03715178	-0.0037652191	0.069021696	0.043189639	-0.036313937	0.089651123	0.12077556	0.015968255	-0.03715178
64	0	PEP COMP after cat score 4
7	-1e+09	5	8	10	12	16	19
8	-0.032799791	-0.032799791	0.056715702	-0.0062439658	0.0032627661	-0.015611299	0.041590615	-0.032799791
65	0	PEP COMP span cat score 4
5	-1e+09	1	3	4	5
6	0.050649435	0.050649435	0.12107853	0.082376471	-0.03468631	0.057613996
66	0	PEP COMP #aa A
2	-1e+09	1
3	0.048483343	0.019614333	0.13631478
67	0	PEP COMP #aa R
2	-1e+09	1
3	0.10796391	0.23362362	0.12565971
68	0	PEP COMP #aa N
1	-1e+09
2	0	-0.024298274
69	0	PEP COMP #aa D
2	-1e+09	1
3	0.027925861	0.027925861	0
71	0	PEP COMP #aa Q
2	-1e+09	1
3	-0.13661337	-0.44482752	-0.70332574
72	0	PEP COMP #aa E
2	-1e+09	1
3	-0.014996635	-0.062316167	-0.094382947
73	0	PEP COMP #aa G
2	-1e+09	1
3	0.062543586	0.1943313	0.33355405
74	0	PEP COMP #aa H
1	-1e+09
2	0	-0.12678119
75	0	PEP COMP #aa L
2	-1e+09	1
3	-0.0048604656	-0.0048604656	0.041668589
76	0	PEP COMP #aa K
2	-1e+09	1
3	0.064460201	0.064460201	-0.068391761
78	0	PEP COMP #aa F
2	-1e+09	1
3	-0.084462945	-0.11995502	-0.29096836
79	0	PEP COMP #aa P
1	-1e+09
2	0	0.12997976
82	0	PEP COMP #aa W
1	-1e+09
2	0	-0.2607392
84	0	PEP COMP #aa V
2	-1e+09	1
3	0	0	0.017400606
85	0	PEP COMP #problematic double combos
1	-1e+09
2	0	-0.033237746
96	0	PRM N/-C delta mass
7	-1e+09	-0.37314606	-0.28736115	-0.20298004	-0.076904297	0.055053711	0.12160492
8	0.0083659438	0.0083659438	0.12667748	0.1643814	0.15601546	0.1643814	0.15417199	0.0083659438
98	0	PRM N/-C average breakage score
9	-1e+09	-14.174582	-8.6489849	-4.6078196	-2.4329607	0.45401397	3.1976702	4.1392455	8.4430256
10	0.056946196	0.056946196	0.043994997	0.077031406	0.012951199	0.015278453	0.022982643	0.025070629	0.048617408	0.056946196
99	0	PRM N/-C normalized average breakage score
3	-1e+09	-13.597538	-5.9734998
4	0.011027367	0.011027367	0	0.011027367
100	0	PRM N/-C path score
11	-1e+09	22.420355	24.284824	34.621307	40.688766	45.356621	48.910637	50.059643	59.785717	77.686729	84.290497
12	0.087776925	0.088930488	0.087786387	0.057642959	0.076777925	0.088930488	0.07636542	0.055533374	0.031287529	0.039673842	0.086554393	0.087776925
101	0	PRM N/-C average path score
11	-1e+09	3.7367258	4.0474706	5.7702179	6.7814612	7.5594368	8.1517725	8.3432741	9.9642859	12.947788	14.048416
12	0.049430261	0.056430606	0.054134772	0.028996349	0.039875353	0.056430606	0.04109054	0.035908824	0.027434257	0.034530825	0.0469316	0.049430261
102	0	PRM -N/C delta mass
19	-1e+09	-0.95615387	-0.48440552	-0.19695282	-0.17819977	-0.1624527	-0.10526276	-0.089736938	-0.036659241	-0.010353088	0.017631531	0.045951843	0.054954529	0.078186035	0.095016479	0.11859894	0.16049194	0.32558441	0.77268982
20	-0.24186029	-0.24186029	0.32041886	0.89125983	0.92569905	0.96493431	0.96757137	1.0142665	1.0162205	1.0826867	0.99477235	0.99074374	0.94888519	0.94264568	0.92168497	0.85266059	0.77290397	0.61801639	0.54457749	-0.24186029
103	0	PRM -N/C total breakage score
4	-1e+09	-58.699631	-48.133755	28.276711
5	-0.020933201	-0.020933201	-0.0081637338	0.0062551356	-0.020933201
104	0	PRM -N/C average breakage score
8	-1e+09	-13.90227	-9.7124681	-4.6502709	-3.1131744	0.18055999	3.2762265	4.6688509
9	-0.024048416	-0.024048416	-0.047670375	-0.025503673	0.0178135	0.0049594926	-0.0098608858	-0.021394221	-0.024048416
107	0	PRM -N/C average path score
5	-1e+09	5.7103982	10.911202	13.055484	14.783973
6	-0.029501824	-0.029501824	0.012101625	-0.00042545381	-0.02130822	-0.029501824
108	0	PRM -N/-C delta mass
8	-1e+09	-0.48062134	-0.26586914	-0.083396912	-0.069816589	-0.027793884	0.018859863	0.099914551
9	0	0	0.1879864	0.22207028	0.19458469	0.15393056	0.12932526	0.032963419	0
112	0	PRM -N/-C path score
7	-1e+09	19.169355	30.595886	50.407104	68.807991	73.723022	82.292229
8	0.12554847	0.12554847	0.027239635	0	0.024913573	0.071098101	0.097560961	0.12554847
113	0	PRM -N/-C average path score
7	-1e+09	3.1948926	5.0993142	8.4011841	11.467999	12.28717	13.715371
8	0.19449296	0.19449296	0.011161063	-0.015549759	0.018332495	0.07141399	0.18299173	0.19449296
114	0	PRM path score
4	-1e+09	-79.754578	-40.85939	-5.6776195
5	0.026692979	0.026692979	-0.015708915	-0.007064656	0.026692979
115	0	PRM total breakage score
16	-1e+09	12.29917	18.688885	23.208963	25.169882	30.291306	41.557823	49.225822	59.25243	67.388687	70.448143	73.791313	80.059929	82.662109	85.77874	89.771118
17	0.31999307	0.31999307	0.13334586	0.097876996	0.041527182	-0.10356947	-0.15663042	-0.28741634	-0.31094125	-0.28505683	-0.25129728	-0.24033658	-0.15832009	-0.12203446	-0.018912516	0.11455276	0.31999307
116	0	PRM SeqPath rank
16	-1e+09	0	1	3	4	5	6	7	9	15	22	26	29	33	42	72
17	0.016442054	-0.21543312	-0.35620176	-0.42760196	-0.39690643	-0.30886939	-0.19887364	-0.1103675	-0.097593254	-0.043390302	-0.0054200147	0.0039272963	0.10629225	0.22341349	0.29062836	0.34298349	0.35457662
117	0	PRM multipath score
12	-1e+09	34.101852	40.281796	45.467552	53.72467	54.888386	59.585857	61.986309	65.82785	74.632706	80.625694	86.12851
13	-0.051013074	-0.099356326	0.022628673	0.041936368	0.039620662	0.047394513	0.06775917	0.041676928	0.023623843	0.10194084	0.098100448	0.047279587	0.00055748317
118	0	PRM delta score
15	-1e+09	0	2.4020653	7.4915161	8.7341385	9.9146423	12.141937	17.245445	19.191574	25.054787	28.385422	30.76553	37.401016	40.347076	56.000732
16	-0.10722454	0.21784928	0.23397664	0.25978138	0.19677154	0.2251053	0.1578238	0.080578483	0.071724094	0.01739803	-0.0544651	-0.060494529	-0.0792904	-0.17377183	-0.24357476	-0.10722454
121	0	PRM rank, 7.5<delta score<=15
4	-1e+09	4	12	20
5	-0.050496747	-0.069598861	-0.017829273	-0.041396379	-0.023567105
122	0	PRM rank, delta score>15
3	-1e+09	17	67
4	-0.0039418392	-0.037055076	-0.039388713	0.056056876
123	0	PRM tag, percent in top 5 denovo
4	-1e+09	0.40000001	0.60000002	0.80000001
5	0.04803916	0.0081835384	0.074857399	0.043870144	0.09994098
124	0	PRM tag, percent in top 20 denovo
7	-1e+09	0.050000001	0.1	0.15000001	0.2	0.30000001	0.80000001
8	0.013022564	0.013022564	0.077208411	0.1397484	0.15851802	0.1620153	0.17118776	0.094579949
125	0	PRM tag, percent in all denovo
9	-1e+09	0.02	0.059999999	0.079999998	0.1	0.16	0.22	0.36000001	0.60000002
10	0.078742212	-0.0036156968	0.020317292	0.076296287	0.12120598	0.16598556	0.21577274	0.24365109	0.23746267	0.19634911
126	0	PRM tag, rank if in top 5
10	-1e+09	0	2	7	9	10	14	28	35	47
11	1.1815869	1.3464049	1.2465728	1.1366125	1.0914029	1.0587252	1.0382374	1.091843	1.086104	0.47617354	0.89229629
127	0	PRM tag, rank if in top 5-20
9	-1e+09	1	2	4	7	8	10	31	127
10	-0.10529708	-0.14826972	0.0031090568	0.0080263929	0.047107027	0.050460258	0.10346235	0.12093548	-0.01252526	-0.055887691
128	0	PRM tag, rank if in top 20-all
13	-1e+09	0	1	2	4	9	12	21	25	34	40	44	48
14	0.43311212	-0.10674813	-0.35606587	-0.40009861	-0.4415743	0.53589512	0.51407707	0.3729202	0.38232299	0.39152229	0.41961607	0.52719384	0.72920015	0.95606496
130	0	PRM delta num breakage scores (missing)
4	-1e+09	-1	0	1
5	-0.12426108	-0.12426108	0.077256295	-0.037467948	-0.12426108
131	0	PRM num forbidden node pairs
2	-1e+09	0
3	0.17679323	0.17679323	-0.20847736
133	0	PRM breakage score min 1
8	-1e+09	-33.867184	-29.689775	-27.029379	-24.971834	-14.95637	-6.5146222	-3.3590715
9	-0.05742886	-0.05742886	0.026305002	0.046847838	0.042067063	0.0025488604	0.01439296	-0.025074465	-0.05742886
134	0	PRM breakage score min 2
13	-1e+09	-30.88209	-27.644444	-23.01152	-17.817318	-17.087713	-16.334696	-14.25573	-11.053818	-5.0660315	-1.2685328	4.4383206	5.6738086
14	0.010140607	0.010140607	0.019144004	0.042858272	0.03692096	0.038079049	0.043009704	0.087614685	0.091445073	0.075585267	0.074443738	0.10490835	0.091261429	0.010140607
135	0	PRM breakage score min 3
16	-1e+09	-21.826643	-19.737848	-9.9179344	-8.5517435	-6.7642236	-6.185986	-5.1165166	-3.0788779	-2.5767565	-0.76627785	1.4645485	3.6631749	6.6548619	7.970902	8.8645363
17	0.36416361	0.41525289	0.37162326	0.40016827	0.35098267	0.31510122	0.32034229	0.34950103	0.3471157	0.3167627	0.38937216	0.36384407	0.41525289	0.39979149	0.31671612	0.18696309	0.23302401
136	0	PRM breakage score min consecutive 3
14	-1e+09	-87.284393	-68.793633	-65.180603	-46.332378	-36.453152	-30.648579	-26.488434	-16.695829	-9.0322752	-3.8877163	2.279382	4.6060438	14.019412
15	0.12298267	0.12298267	0.22761577	0.19771888	0.18350122	0.1070933	0.11588215	0.12822327	0.055565799	0.07707688	0.096836282	0.04102878	0.056374511	0.062410021	0.12298267
137	0	PRM breakage score max consecutive 3
12	-1e+09	-31.054197	-16.785009	-12.965881	-9.6207848	0.067162991	3.7366321	10.627756	17.383831	20.753939	33.652313	38.845985
13	0.098326494	0.098326494	0.10550667	0.067763801	0.11616809	0.097758451	0.13841852	0.066718796	0.034691355	0.019783286	0.044301044	0.091428968	0.098326494
138	0	PRM breakage score min consecutive 2
13	-1e+09	-53.868279	-51.738197	-46.42337	-44.812397	-41.887833	-36.422066	-31.815266	-27.381704	-26.308657	-22.031649	-7.1202931	0.16552591
14	0.065554759	0.065554759	0.034500685	0.029887593	0.027690106	0.022734722	0.0070006999	-0.011173223	-0.056833054	-0.050882184	0.0037603121	-0.022841316	0.013796067	0.065554759
139	0	PRM breakage score max consecutive 2
10	-1e+09	-12.732033	-7.8372107	-2.5231729	8.1446886	9.7495308	13.364601	16.052906	17.264503	17.911842
11	-0.056927112	-0.056927112	-0.0078736711	0.029237769	0.031134829	0.034455259	0.06898346	0.056642804	-0.035601903	-0.050222261	-0.056927112
140	0	PRM #breakage scores below -10
3	-1e+09	2	3
4	0	0	0.0035222957	0
141	0	PRM #breakage scores 0 - -10
3	-1e+09	0	1
4	0.0086702255	0.0086702255	-0.0074775518	0.0086702255
142	0	PRM #breakage scores 0 - 8
5	-1e+09	0	1	2	3
6	-0.029898554	-0.029898554	0.013707122	0.025689949	0.031703614	-0.029898554
145	0	PRM %breakage scores below -10
3	-1e+09	0.16666667	0.66666669
4	0.004080274	0.004080274	-0.0065710224	0.004080274
146	0	PRM %breakage scores below 0
5	-1e+09	0.2	0.33333334	0.5	0.66666669
6	-0.021231428	-0.021231428	-0.022362266	-0.01744931	0.022161125	-0.021231428
147	0	PRM %breakage scores above 0
5	-1e+09	0.25	0.40000001	0.60000002	0.75
6	-0.013161413	-0.013161413	0.016802228	-0.013161413	-0.014321046	-0.013161413
149	0	PRM Score connected to N-terminal
8	-1e+09	0.79141814	1.9536221	4.3240995	10.627934	17.638756	21.230879	21.94322
9	-0.12709473	-0.12597066	-0.055221613	-0.019055624	0	-0.055042192	-0.080342533	-0.12367632	-0.12709473
150	0	PRM Score connected to C-terminal
9	-1e+09	0	0.30926016	1.2318233	2.9147491	5.2461991	6.3347197	13.755572	14.4519
10	0.19691888	0	0.019737918	0.19315366	0.21392045	0.25898592	0.35078672	0.43178899	0.36132123	0.34592772
151	0	PRM %breakages with 1 frag detected
3	-1e+09	0	0.14285715
4	0.018760306	0.024071381	-0.016763182	-0.011922749
152	0	PRM %breakages with 2 frag detected
6	-1e+09	0	0.14285715	0.2857143	0.33333334	0.42857146
7	-0.048957492	-0.048957492	-0.002500243	0.038666382	0.043806699	0.031761801	-0.048957492
153	0	PRM %breakages with > 5 frags detected
4	-1e+09	0	0.14285715	0.16666667
5	0.051535762	0.069093997	-0.067978567	-0.013073	-0.046813227
154	0	PRM %breakages with dual orientation frags
8	-1e+09	0.33333334	0.42857146	0.5	0.60000002	0.71428573	0.80000001	0.83333337
9	-0.058896844	-0.19293502	-0.079127791	0.011317803	0.043462915	0.12322846	0.12672097	0.15394805	0.12576567
155	0	PRM #orientation switches
2	-1e+09	0
3	0.013500569	0.013500569	-0.0028263909
157	0	COMP PPP frag 1 obs_ratio
5	-1e+09	0.33333334	0.5	0.66666669	0.85714287
6	0.1129709	0.1129709	-0.014758371	-0.028359129	-0.11745576	0.1129709
158	0	COMP PPP frag 2 obs_ratio
8	-1e+09	0	0.16666667	0.5	0.5714286	0.60000002	0.80000001	0.83333331
9	0.14009036	0.096152838	-0.12971213	-0.16873285	-0.10710235	-0.078782984	-0.034845457	0.10283113	0.14009036
159	0	COMP PPP frag 3 obs_ratio
6	-1e+09	0	0.14285715	0.16666667	0.2857143	0.33333334
7	0.013253356	-0.021628608	-0.051810313	-0.067608277	-0.00063446844	-0.041170223	0.058186532
161	0	COMP PPP MOBILE sum ranks of missed 1-5
15	-1e+09	17	27	28	30	32	33	37	38	49	52	54	62	65	68
16	-0.030817188	-0.14783069	-0.19391326	-0.19265884	-0.19009679	-0.13087265	-0.16292534	-0.11181505	-0.21485242	-0.2168621	-0.14647365	-0.11949149	-0.017448565	0.074061755	0.12370816	0.15217113
162	0	COMP PPP PARTMOBILE sum ranks of missed 1-5
4	-1e+09	30	34	66
5	0.0011802995	0.0011802995	0	0.027746157	0.0011802995
164	0	COMP PPP sum ranks of missed 1-5
17	-1e+09	14	17	27	31	34	35	36	38	39	42	43	44	48	53	58	64
18	0.023427993	-0.053245491	-0.29242513	-0.35938647	-0.22314962	-0.22893143	-0.20527533	-0.14357994	-0.078165908	-0.12181918	-0.00065579746	0.043662329	0.12946334	0.099422067	0.15543065	0.20973199	0.23489889	0.35115103
165	0	COMP PPP MOBILE sum ranks of missed 6-10
6	-1e+09	64	68	75	84	95
7	-0.11386763	-0.21959825	-0.10154035	-0.03665505	-0.059569627	-0.075946737	-0.039291687
173	0	COMB PPP observed rank of predicted rank 1
7	-1e+09	0	1	2	3	4	5
8	-0.003890191	0.088617789	0.10121929	0.027370401	-0.060002729	-0.086667853	-0.12057493	-0.19592829
174	0	COMB PPP observed rank of predicted rank 2
7	-1e+09	0	3	4	5	6	7
8	-0.11355923	-0.064606163	0.031065607	-0.036412844	-0.069824622	-0.11595659	-0.13174555	-0.13830351
175	0	COMB PPP observed rank of predicted rank 3
8	-1e+09	0	1	4	5	6	7	10
9	0.014461908	0.014461908	0.070766133	0.10797303	0.054786808	-0.005799695	-0.022001931	-0.035403468	0.014461908
176	0	COMB PPP observed rank of predicted rank 4
7	-1e+09	0	1	4	6	7	10
8	-0.049697356	-0.046615676	0.0022765589	0.041994137	-0.018014203	-0.055175659	-0.058784265	-0.05479723
177	0	COMB PPP observed rank of predicted rank 5
8	-1e+09	1	2	3	4	6	7	9
9	-0.056366212	-0.056366212	0.0083486577	0.014743996	0.048928172	0.056555698	0.082699359	-0.0072248387	-0.056366212
178	0	COMB PPP observed rank of predicted rank 6
5	-1e+09	2	5	9	11
6	-0.026035481	-0.0075662144	0.013710366	0.022280045	-0.035291761	-0.039993095
179	0	COMB PPP observed rank of predicted rank 7
5	-1e+09	2	4	7	11
6	-0.044849451	-0.038451237	-0.020634731	0.013978811	-0.02619252	-0.050425897
181	0	COMB PPP predicted rank of observed rank 2
6	-1e+09	0	1	2	5	8
7	0.0058463019	0.010398718	0.020357202	0.0090033523	0.0070697232	-0.024546119	-0.0025268425
182	0	COMB PPP predicted rank of observed rank 3
4	-1e+09	1	4	8
5	-0.0011576894	-0.0011576894	0	-0.0031611694	-0.0043188588
183	0	COMB PPP predicted rank of observed rank 4
4	-1e+09	1	7	9
5	-0.0094493773	-0.0043740725	0.018584691	-0.011072723	-0.03177086
184	0	COMB PPP predicted rank of observed rank 5
4	-1e+09	5	10	13
5	0.04263615	0.051611434	0.036282412	-0.058070622	0.034555121
185	0	COMB PPP predicted rank of observed rank 6
6	-1e+09	0	3	4	6	10
7	-0.0063502492	0.026276275	0.053694307	0.062672662	0.045532748	-0.016226605	-0.032026104
186	0	COMB PPP predicted rank of observed rank 7
7	-1e+09	3	7	8	9	11	14
8	0.026303648	0.020818053	-0.007721235	-0.0089219327	-0.030793743	-0.046459351	-0.020460208	0.031966407
187	0	COMB PPP rank of missed #1
11	-1e+09	0	1	2	3	4	5	6	7	8	9
12	-0.53812853	-0.612534	-0.56078691	-0.39495504	-0.24668841	-0.083051693	-0.025691791	0.037856171	0.077793678	0.11614707	0.13715287	0.17551607
188	0	COMB PPP rank of missed #3
9	-1e+09	3	4	6	7	10	11	12	14
10	0.08741298	0.073705901	-0.011277261	-0.068498724	-0.069634195	-0.092168446	-0.085541392	-0.011590135	0.037515539	0.10751964
189	0	COMB PPP rank of missed #5
9	-1e+09	6	7	11	12	14	15	16	17
10	0.068884589	0.068884589	-0.017172995	-0.064288829	-0.058089523	-0.0050825806	0.019571791	0.021851062	0.047428068	0.068884589
190	0	COMB PPP rank of missed #7
2	-1e+09	15
3	0.0060838889	-0.01436991	0.024143969
196	0	COMB PPP delta score #1
12	-1e+09	0	0.38431489	0.52590919	0.67205477	0.74598694	0.82418561	1.075822	1.1668139	1.4679124	1.8333011	1.9815623
13	0.14416333	0.38197712	0.40449623	0.34198068	0.2954661	0.29348661	0.24103417	0.17262741	0.018663503	0.0066918606	0.013700267	0.009057868	-0.015850701
197	0	COMB PPP delta score #2
21	-1e+09	-1.2132685	-0.86254692	-0.63422084	-0.087953329	0	0.49393582	0.68292469	0.88244581	0.9463613	1.0840715	1.1527817	1.3750832	1.5385298	1.631847	1.7296342	1.8377987	1.9634686	2.1066322	2.4803095	2.7420359
22	0.31865478	0.37495424	0.42362939	0.52576848	0.5887646	0.59392925	0.58367774	0.5336576	0.43558745	0.38438172	0.38324736	0.36715289	0.35544321	0.3077298	0.28831999	0.23003814	0.20510935	0.16365886	0.10488725	0	0.070861247	0.25004532
198	0	COMB PPP delta score #3
17	-1e+09	-1.5010641	-1.1726944	-0.41062498	-0.31141067	0.027786613	0.15140522	0.38834715	0.44792664	0.74561882	0.80568087	0.9310689	0.99276507	1.2724723	1.5277569	2.2089009	2.4485707
18	0.14626857	0.2178503	0.26404616	0.37944552	0.37331288	0.34517197	0.31930658	0.28223628	0.29669376	0.23279818	0.21929247	0.086819511	0.077858248	0.054714139	0.023399172	0.014457482	0.061442152	0.11550318
199	0	COMB PPP delta score #4
16	-1e+09	-1.588127	-1.2550526	-1.0406904	-0.60696793	-0.14645338	0.29845181	0.40669584	0.46072042	0.56848902	0.733666	0.91068941	0.97303915	1.1020856	1.5142355	2.0471935
17	0.12306196	0.20135594	0.26771282	0.35815135	0.3935754	0.36717899	0.32493927	0.27513329	0.2549594	0.25256134	0.20214334	0.16084173	0.13618531	0.11963194	0.063044494	0	0.039973961
200	0	COMB PPP delta score #5
16	-1e+09	-1.6767001	-1.3256998	-0.94326723	-0.48517662	-0.31250334	-0.027879953	0.037569761	0.19953087	0.35553002	0.67169023	0.72683311	0.78268373	1.2478409	1.3340943	1.6472468
17	0.011688689	0.023351407	0.11093827	0.2065509	0.24568715	0.19030584	0.16838512	0.16318046	0.11196022	0.10701504	0.084481712	0.054821332	0.038121561	0.048018843	-0.014272407	-0.016570557	-0.0011385718
201	0	COMB PPP delta score #6
18	-1e+09	-1.7045964	-1.3342341	-0.94933963	-0.81725013	-0.70095044	-0.50408411	-0.013791919	0.17534375	0.63406634	0.74097025	0.91647756	0.97987294	1.1162366	1.1931252	1.5756791	1.8499074	2.0467422
19	0.024922403	0.083442141	0.13807657	0.22825535	0.26612423	0.25895176	0.23163805	0.24185962	0.23802024	0.23425045	0.22240871	0.15800073	0.1411088	0.15159732	0.1673441	0.10176936	0.15767005	0.03867442	-0.038817941
202	0	COMB PPP delta score #7
16	-1e+09	-1.7659758	-1.3833725	-0.99310827	-0.85765421	-0.32123959	-0.18806213	-0.0070633888	0	0.099170268	0.30439246	0.50534415	0.83014977	1.527303	1.647563	1.9768445
17	-0.097840429	-0.097840429	0.025621089	0.19281716	0.15065746	0.1774632	0.099050514	0.085393117	0.11045315	0.14828449	0.15324421	0.11185093	0.11797891	0.082026938	-0.010849758	-0.026253934	-0.097840429
203	0	COMB PPP dot prod pred-obs top 15
7	-1e+09	0.46893924	0.50713122	0.66271657	0.6900968	0.70344275	0.73161066
8	0.028394905	0.011766559	-0.072137265	-0.059381805	-0.062070507	0.049658014	0.07023171	0.047160425
204	0	COMB PPP dot prod obs-pred top 15
10	-1e+09	0.3910659	0.4363617	0.50259572	0.56460643	0.57175726	0.699929	0.72362965	0.73944819	0.75453514
11	-0.029199953	-0.054218845	-0.057897897	-0.048922288	-0.013835463	-0.0067341174	0.052170842	0.062292373	-0.0015654772	-0.0032459237	-0.023537446
205	0	COMB PPP dot prod pred-obs top 30
12	-1e+09	0.18860425	0.21874842	0.33024335	0.38541031	0.40936613	0.41413945	0.42314667	0.43451428	0.45629543	0.52714443	0.53931361
13	-0.011067265	-0.011067265	-0.0036184561	0.002675922	0.011678127	9.089201e-05	0.018404986	0.0098408856	0.0059858287	-0.019334896	-0.012319577	-0.0040290485	-0.011067265
206	0	COMB PPP dot prod obs-pred top 30
6	-1e+09	0.25373393	0.28313562	0.32609767	0.41453701	0.44187245
7	-0.0054261173	-0.0054261173	-0.020859757	-0.01187073	-0.0098041222	0.012352639	-0.0054261173
207	0	COMB PPP dot prod pred-obs top 45
12	-1e+09	0.14903067	0.17284989	0.2609506	0.30454221	0.32347158	0.32724333	0.33436063	0.34334305	0.36055398	0.41653723	0.42615303
13	-0.0336904	-0.0336904	-0.01887483	-0.0064022625	0.01276706	0.0005631677	0.030194517	0.016628787	0.011571849	-0.053667041	-0.052421255	-0.028938545	-0.0336904
208	0	COMB PPP dot prod obs-pred top 45
7	-1e+09	0.20049463	0.22372717	0.25767475	0.32755747	0.34915727	0.44443247
8	-0.0087452825	-0.014093201	-0.042514342	-0.031936389	-0.027378749	0.025344007	0.0031832605	0.0051010976
