0 7 -999999999 -1 -1
1 2 0 -1 -1
0.05521 -0.106
356
-3.63702661e-01
-3.36395683e-01
-2.73069780e-02
4.44643143e-01
1.12099763e-01
-2.57525371e-01
-1.06214480e-01
0.00000000e+00
0.00000000e+00
-3.51191281e-01
2.49958292e-02
0.00000000e+00
0.00000000e+00
4.75738121e-01
3.64570850e-01
-3.95665829e-01
0.00000000e+00
0.00000000e+00
0.00000000e+00
0.00000000e+00
0.00000000e+00
0.00000000e+00
0.00000000e+00
0.00000000e+00
0.00000000e+00
0.00000000e+00
0.00000000e+00
0.00000000e+00
0.00000000e+00
0.00000000e+00
0.00000000e+00
0.00000000e+00
0.00000000e+00
0.00000000e+00
0.00000000e+00
0.00000000e+00
0.00000000e+00
0.00000000e+00
0.00000000e+00
0.00000000e+00
0.00000000e+00
0.00000000e+00
0.00000000e+00
0.00000000e+00
0.00000000e+00
0.00000000e+00
0.00000000e+00
0.00000000e+00
0.00000000e+00
0.00000000e+00
0.00000000e+00
-6.11967210e-01
6.86343292e-02
1.49705004e-01
0.00000000e+00
0.00000000e+00
0.00000000e+00
0.00000000e+00
-1.11884783e-01
-3.78457300e-01
-3.75667998e-01
6.39853759e-02
-1.82574845e-01
2.00055664e-01
1.65857769e-01
-2.76791107e-01
1.40567196e-01
-8.89049538e-02
-1.47000631e-02
-1.05047247e-02
2.82558447e-01
-2.09862522e-01
-1.90191838e-03
-2.25999556e-01
-3.57759011e-01
1.57528726e-03
-4.10253128e-02
2.18618935e-01
-7.73178377e-04
-1.76621497e-01
0.00000000e+00
0.00000000e+00
1.26593002e+00
4.55513367e-01
-2.68072867e-01
-1.13898676e+00
-5.56679556e-01
5.88020584e-02
0.00000000e+00
0.00000000e+00
-9.79353691e-01
-3.48104648e-01
-1.49287084e+00
-7.82117510e-01
-1.01287478e+00
-6.17669628e-01
-2.53685303e-01
-8.82759265e-02
-2.57863879e-01
-1.47927943e-01
1.22424088e+00
2.01890483e-01
0.00000000e+00
0.00000000e+00
2.16851550e+00
3.22988731e+00
0.00000000e+00
1.13435427e-01
0.00000000e+00
0.00000000e+00
4.48435215e-01
4.80070717e-01
-4.38439536e-02
-2.50869637e-01
-2.62681120e-01
-6.20012247e-01
-7.64128794e-01
-1.57416965e+00
0.00000000e+00
0.00000000e+00
0.00000000e+00
0.00000000e+00
0.00000000e+00
0.00000000e+00
1.49136131e-01
2.94257035e-02
-8.56334066e-02
-6.62259854e-03
-6.45745731e-01
-6.73413388e-01
4.27906774e+00
4.36115886e+00
4.16578455e+00
4.32015450e+00
4.37098491e+00
4.34801224e+00
3.47290305e-01
3.29764901e-01
8.37756493e-02
1.20326371e-01
2.79924667e-01
-4.57308666e-01
6.24772279e-01
5.17622386e-01
4.95040815e-01
5.45100443e-01
4.79162574e-01
4.38637080e-01
9.83487248e-01
0.00000000e+00
0.00000000e+00
0.00000000e+00
0.00000000e+00
0.00000000e+00
0.00000000e+00
0.00000000e+00
1.01354677e+00
1.32473040e-01
-9.58214082e-01
-1.99385496e+00
-5.37796870e-01
-1.00642194e+00
-1.03620721e+00
-5.93313065e-01
-1.57400408e+00
0.00000000e+00
0.00000000e+00
0.00000000e+00
2.83520320e-01
-1.82030705e-01
-7.29133741e-01
2.04765574e-01
-4.70220535e-01
7.02094464e-01
9.27106798e-01
2.56712136e-02
8.42783995e-01
0.00000000e+00
-5.23982737e-02
4.61582202e-01
-2.78698991e-01
-5.83241157e-01
-8.96228033e-01
-4.51315930e-02
-3.55033467e-01
-1.08997368e+00
-8.48070739e-01
5.08632272e-01
-3.83552465e-02
0.00000000e+00
0.00000000e+00
0.00000000e+00
-9.24848444e-02
-1.34393904e-02
2.64491186e-02
3.26763473e-01
1.46307204e-01
-2.28692886e-01
-6.53062110e-02
-1.76831261e-01
-8.92630244e-02
0.00000000e+00
-1.84621683e-01
-1.13443075e-01
1.51766053e-02
1.23239430e-01
-1.93717823e-01
4.74161779e-02
1.42616726e-01
1.82224239e-01
2.17852693e-01
-1.08600715e-01
-3.95327972e-01
-4.01108897e-01
4.45594249e-01
5.08172233e-01
3.38340961e-01
1.48477134e+00
-8.52331836e-01
-1.03354841e+00
-3.34708830e-01
0.00000000e+00
0.00000000e+00
0.00000000e+00
1.74797867e-01
-4.24632592e-01
-2.15890839e-01
2.53889520e-01
-3.14876896e-01
3.85803304e-01
5.60557088e-01
-7.59158438e-01
2.39901343e-02
0.00000000e+00
4.05407286e-01
3.99063793e-01
5.87248282e-02
1.00080726e-01
-7.31582624e-01
-6.33078632e-01
-1.10396844e-01
4.58090694e-02
-1.45706847e-01
5.92491266e-01
5.78092551e-03
0.00000000e+00
-3.35247077e-01
-9.81514995e-01
-1.17867610e+00
-1.36687973e-01
-3.57859286e-01
-4.83939463e-01
5.31155542e-01
1.60451150e+00
-1.06691978e+00
0.00000000e+00
-1.04198813e+00
9.88753974e-01
0.00000000e+00
2.91984259e-02
-1.59973501e+00
0.00000000e+00
0.00000000e+00
0.00000000e+00
-2.90660428e-01
-3.32249577e-01
-5.55662723e-01
-2.31450073e-01
2.93780847e-01
-1.91390962e-01
7.71515155e-02
5.85867095e-01
3.01094126e-01
0.00000000e+00
-1.82491331e-01
-5.48062257e-02
-7.34144198e-01
2.74769365e-01
4.07962055e-01
3.20011972e-02
1.67839376e-01
-7.45527420e-01
-4.54908028e-01
3.30903838e-02
4.08886431e-01
0.00000000e+00
0.00000000e+00
0.00000000e+00
5.88292708e-02
-5.35060166e-02
3.56696962e-02
3.72931577e-01
4.99924802e-02
1.43242221e-01
1.63587942e-01
-2.28799147e-01
-5.55365903e-02
0.00000000e+00
-1.54307714e-01
-3.00045329e-01
1.32509566e-01
-1.08305371e-02
-6.42307606e-02
5.34748031e-02
-5.13822213e-04
2.16495179e-01
1.78865412e-01
-1.28941800e-01
-3.09256762e-01
-2.46502885e-01
1.32495070e+00
4.23337667e-01
2.09464217e-01
1.52833507e+00
-6.63838400e-01
-1.11099955e+00
-3.44286389e-01
0.00000000e+00
0.00000000e+00
0.00000000e+00
-3.15899914e-01
7.42923160e-01
2.59936813e-01
-3.62543726e-01
2.87515468e-01
-4.35976255e-01
-7.96857668e-01
6.15043448e-01
3.18543551e-01
0.00000000e+00
-3.05451694e-01
-3.26583523e-04
-6.69127523e-02
-1.47273725e-01
4.63780654e-01
2.38521309e-01
1.40410132e-01
-3.19530447e-01
-1.71891706e-01
-4.88296451e-01
-6.27538769e-02
1.85412229e+00
1.28139796e+00
-8.47270179e-02
-1.29047824e+00
-7.59919056e-01
1.10381861e+00
3.63152469e-01
-1.64005813e-02
1.52270676e+00
-1.16261300e+00
-1.12001282e+00
-5.30559188e-01
2.18844969e+00
5.20365283e-01
2.28893936e-01
247
-2.78930780e+00
-9.25332333e-01
-1.86397547e+00
-2.60881491e-02
-8.99244184e-01
0.00000000e+00
0.00000000e+00
0.00000000e+00
0.00000000e+00
0.00000000e+00
0.00000000e+00
0.00000000e+00
0.00000000e+00
0.00000000e+00
0.00000000e+00
0.00000000e+00
0.00000000e+00
0.00000000e+00
0.00000000e+00
0.00000000e+00
0.00000000e+00
0.00000000e+00
0.00000000e+00
0.00000000e+00
0.00000000e+00
0.00000000e+00
0.00000000e+00
0.00000000e+00
0.00000000e+00
0.00000000e+00
0.00000000e+00
0.00000000e+00
0.00000000e+00
0.00000000e+00
0.00000000e+00
0.00000000e+00
0.00000000e+00
0.00000000e+00
0.00000000e+00
0.00000000e+00
0.00000000e+00
0.00000000e+00
0.00000000e+00
-1.68772342e+00
5.25754743e-03
-7.19804885e-01
3.47114457e-03
-6.64989861e-01
1.15362608e-03
0.00000000e+00
0.00000000e+00
1.01848487e+00
7.91104755e-01
-2.68894882e-01
-1.83688385e+00
-1.09110900e+00
-2.09394431e-01
0.00000000e+00
0.00000000e+00
5.70201777e+00
4.67316261e+00
0.00000000e+00
0.00000000e+00
0.00000000e+00
0.00000000e+00
0.00000000e+00
-7.99086166e-01
-1.21606189e+00
-1.16281258e+00
-1.04324652e+00
-1.40461969e+00
-1.33014318e+00
-2.53233658e+00
0.00000000e+00
0.00000000e+00
0.00000000e+00
0.00000000e+00
0.00000000e+00
0.00000000e+00
-6.09311449e-01
-4.25340655e-01
-8.35430506e-01
-7.96488522e-01
-4.65913696e-01
-1.68420315e+00
6.07821765e+00
6.00305494e+00
5.90078551e+00
5.51549923e+00
5.68125633e+00
5.53015426e+00
-2.01246687e-03
-4.71245787e-01
-5.26216792e-01
-2.71229414e-01
-7.35353800e-02
-2.70401452e-01
1.10213045e+00
-7.60113542e-01
0.00000000e+00
-1.27416253e-02
3.16906398e-01
2.42276501e-01
1.97894864e-01
0.00000000e+00
0.00000000e+00
0.00000000e+00
-3.41420234e-01
-1.50565794e-01
0.00000000e+00
0.00000000e+00
5.63562983e-01
-5.98792292e-01
-5.52416653e-02
-7.62026789e-01
-3.52293096e-02
0.00000000e+00
0.00000000e+00
0.00000000e+00
-2.17596476e-01
4.85276876e-01
-5.82594107e-01
5.34667571e-01
3.63006134e-01
2.94473279e-01
6.33870373e-01
5.69995519e-01
2.55284700e-01
0.00000000e+00
-2.12302939e-01
3.18906160e-01
2.26311367e-01
-1.45853851e-01
-3.39972122e-01
-3.44964734e-01
-1.85194816e-01
-2.36154029e-01
-1.00669302e+00
-4.45695195e-01
2.62686029e-01
3.61062828e-01
0.00000000e+00
4.31022500e-02
4.37199371e-01
-5.86875207e-01
0.00000000e+00
0.00000000e+00
0.00000000e+00
7.27713301e-01
9.23644120e-01
6.10214050e-01
2.01990432e-01
4.55677387e-01
1.13652285e-01
3.83778930e-01
7.66400248e-01
3.74684770e-01
0.00000000e+00
6.95783719e-01
4.69816743e-01
0.00000000e+00
6.96883114e-01
9.22938131e-01
7.29656085e-01
4.85898959e-01
0.00000000e+00
6.93732937e-01
7.13573019e-01
-9.83767989e-02
0.00000000e+00
8.56596641e-01
4.09409964e-01
-2.97915338e-01
2.02500155e-01
0.00000000e+00
-3.27277773e-01
-2.48286445e-01
-5.00415493e-01
4.84030671e-01
6.68348712e-01
6.78878907e-01
-8.17268455e-01
0.00000000e+00
0.00000000e+00
0.00000000e+00
1.98071148e-01
-3.40688368e-01
-1.40917992e-01
-3.23944596e-03
3.94730434e-01
-8.43251606e-02
2.06092066e-01
4.88522720e-01
1.68039304e-01
0.00000000e+00
1.40524753e-01
1.21664732e-01
2.80511500e-01
1.56794726e-01
2.40208354e-01
-1.21016428e-01
2.10128806e-01
-1.58916686e+00
-2.49648974e-01
-8.93553766e-01
7.41880592e-02
1.09580755e-01
1.59913534e+00
-4.35871213e-01
-1.48885973e-02
3.66981064e-01
0.00000000e+00
0.00000000e+00
0.00000000e+00
9.08189590e-02
-1.39002012e-01
-8.42532418e-02
9.50683542e-02
-9.86485623e-02
3.74498894e-01
3.83629971e-01
-5.57405806e-01
-8.96194185e-02
0.00000000e+00
2.96234884e-01
1.87041460e-01
-6.10485786e-02
1.05456673e-01
-8.74615516e-01
-1.15856831e-02
-3.14346118e-01
6.36153105e-03
2.73901803e-01
7.84493471e-01
-3.53926958e-02
1.81273873e+00
7.84797729e-01
-1.75898923e-01
-8.91456514e-01
-1.64822420e-01
8.77420421e-01
1.02221740e+00
-1.41844669e-01
-7.26634093e-01
9.09413296e-01
0.00000000e+00
0.00000000e+00
1 -999999999 4 0 -1
1 0 2 1 -1
-2.0691e-01 7.5356e-01
356
-5.90941452e-02
0.00000000e+00
0.00000000e+00
0.00000000e+00
0.00000000e+00
0.00000000e+00
0.00000000e+00
0.00000000e+00
0.00000000e+00
0.00000000e+00
0.00000000e+00
0.00000000e+00
0.00000000e+00
0.00000000e+00
0.00000000e+00
0.00000000e+00
-2.60194856e-01
2.01100711e-01
9.93532252e-01
-1.07780748e+00
-1.74927599e-01
7.92391438e-02
0.00000000e+00
0.00000000e+00
2.64662689e-01
-1.03199846e-01
0.00000000e+00
0.00000000e+00
5.24786363e-01
3.35499878e-01
1.33246011e-01
2.10024877e-01
0.00000000e+00
-1.24417441e+00
-1.03867804e+00
-3.64338011e-02
3.83125686e-01
4.38035096e-02
1.10042974e+00
1.41039578e+00
1.35585178e+00
0.00000000e+00
0.00000000e+00
0.00000000e+00
0.00000000e+00
0.00000000e+00
0.00000000e+00
0.00000000e+00
0.00000000e+00
0.00000000e+00
0.00000000e+00
2.84945160e-01
-2.27825352e-01
-2.07584341e+00
0.00000000e+00
0.00000000e+00
0.00000000e+00
0.00000000e+00
-3.11184592e-02
-1.39700960e-02
1.22641816e-01
-2.54903992e-01
7.06026141e-02
-2.44185507e-01
-2.99927458e-01
2.24653975e-01
7.87073410e-02
-4.42724507e-01
-1.10139008e-01
-1.08201505e-01
2.68570148e-01
-1.79574624e-01
5.50181723e-03
-3.77017777e-01
6.01899640e-01
-2.26143578e-03
-5.57853307e-01
-3.71280154e-01
9.08665712e-04
-3.85935154e-01
0.00000000e+00
0.00000000e+00
-4.01853428e-01
-4.21822321e-01
-4.42372458e-01
-4.15933827e-02
6.15929516e-01
1.13467898e+00
0.00000000e+00
0.00000000e+00
1.03791817e-01
-1.88448696e-01
-1.03734549e+00
-3.07496064e-01
-1.09041479e+00
-3.18622122e-01
1.22835645e-01
1.54279314e-02
-4.48961130e-01
-5.55927243e-02
-6.03800710e-01
1.44516022e-01
0.00000000e+00
0.00000000e+00
3.48608846e+00
2.45188420e+00
0.00000000e+00
-1.76756616e-02
0.00000000e+00
9.05540134e-02
5.21678816e-01
2.19563152e-01
-5.03183561e-01
-3.98393018e-01
-6.22047592e-01
-5.63642949e-01
-6.76877257e-01
-1.51840108e+00
0.00000000e+00
0.00000000e+00
0.00000000e+00
0.00000000e+00
0.00000000e+00
0.00000000e+00
1.08264754e-01
2.73660157e-02
-1.00123684e-01
-3.88538092e-02
-4.88293469e-01
-8.52953022e-01
5.31311635e+00
5.23979779e+00
5.19903654e+00
5.06117406e+00
5.03627222e+00
5.23557583e+00
-1.90484418e-02
1.83527903e-02
-1.47254021e-01
-1.69257967e-01
-9.53676345e-02
-5.50846764e-01
9.66978360e-01
6.64834588e-01
5.39891045e-01
8.37382247e-01
9.20690989e-01
9.22282726e-01
7.37362852e-01
0.00000000e+00
0.00000000e+00
0.00000000e+00
0.00000000e+00
0.00000000e+00
0.00000000e+00
0.00000000e+00
3.69928135e-01
3.50306167e-01
-2.23646762e+00
-8.00136159e-01
-9.78842425e-01
-1.00028988e+00
-3.29872563e-01
-7.10552310e-01
-1.30871499e+00
0.00000000e+00
0.00000000e+00
0.00000000e+00
1.88756005e-01
4.48662155e-01
-6.03376417e-01
1.25014460e+00
-9.37536139e-02
3.01042001e-01
7.97945812e-01
6.48610863e-02
1.44396221e+00
0.00000000e+00
9.16480716e-02
-3.44364727e-01
-1.31942828e+00
3.64745147e-01
-1.57711248e+00
-2.41981946e-01
-2.69061086e-01
-1.31098306e+00
-3.20372621e-01
-1.80047842e-01
1.92467699e-01
0.00000000e+00
0.00000000e+00
0.00000000e+00
-3.98352136e-02
-2.55254441e-01
1.48848284e-01
-1.82672074e-01
1.36175081e-01
-2.82205723e-02
-2.22233306e-01
5.33813795e-02
-4.91237181e-01
0.00000000e+00
-1.59035058e-01
-2.68592080e-01
3.64635158e-01
-1.20106755e-01
6.05388823e-01
5.54529202e-02
1.74974393e-01
2.20507161e-01
1.59166246e-01
4.11249337e-02
-2.80165289e-01
-2.40893727e-01
5.41247281e-01
5.90166966e-01
-3.55347590e-01
9.46933133e-01
-4.25326117e-01
-7.62500743e-01
6.49042746e-02
0.00000000e+00
0.00000000e+00
0.00000000e+00
2.22286894e-01
-2.61143461e-01
-4.21365317e-01
3.34446524e-01
-4.87807239e-01
4.81917895e-01
6.69879582e-01
-7.83605124e-01
5.74383069e-01
0.00000000e+00
6.92064356e-01
5.97013624e-01
-1.42648801e-01
5.15376769e-02
-1.14722127e+00
-4.89798939e-01
-2.80176456e-01
3.32920452e-01
-4.18962846e-01
5.41183650e-01
-3.92715620e-02
1.44180597e+00
-1.80596211e-01
4.87347593e-01
-1.02854970e+00
-7.37948699e-01
-3.76311447e-01
9.37875580e-01
2.54746798e-01
1.91653728e+00
-4.85420526e-01
0.00000000e+00
-2.90601001e-01
6.61912357e-01
5.87658608e-01
1.21815840e+00
-1.71084219e+00
0.00000000e+00
0.00000000e+00
0.00000000e+00
-4.96148017e-01
-8.42117630e-01
-3.10989236e-01
-3.27589030e-01
5.95512163e-01
-2.79083063e-02
1.20686024e-01
5.56656369e-02
-1.18642122e+00
0.00000000e+00
-2.02212497e-01
-5.62510783e-02
-6.62973142e-01
1.17693010e-01
9.09410474e-01
3.69586776e-01
2.39741067e-01
-2.37016241e-01
1.33274474e-01
9.72145827e-02
1.27225856e-01
0.00000000e+00
0.00000000e+00
0.00000000e+00
7.78379016e-02
-1.13471668e-01
-1.27068431e-01
6.82173689e-02
-7.28171823e-02
1.86439425e-02
3.97245082e-02
-8.14480635e-02
2.30098012e-01
0.00000000e+00
-2.68319570e-02
-1.33177084e-01
2.27193246e-01
6.72799781e-02
2.28414491e-02
-1.65415046e-01
-1.54284821e-01
1.44082110e-01
5.45830915e-02
5.12385010e-02
-2.37531612e-01
-2.37202506e-01
-3.36602260e-01
-1.57528945e-01
-3.59616936e-01
1.14113369e+00
-5.17689077e-01
-8.60647123e-01
-2.19257521e-02
0.00000000e+00
0.00000000e+00
0.00000000e+00
-3.34162639e-01
2.14473236e-02
2.00410992e-01
-2.33189760e-01
8.91847612e-02
-5.73552432e-01
-6.85999824e-01
6.79155241e-01
-4.31120334e-01
0.00000000e+00
-5.28997728e-01
2.80818642e-01
-2.17657029e-01
5.09111032e-02
1.31519786e+00
6.82505557e-01
8.96570367e-02
-5.57548228e-02
1.41477349e-01
-5.12257046e-01
-3.29105658e-04
3.41080001e-01
3.89948913e-01
4.50532089e-01
-1.47331058e+00
-7.63087371e-01
5.44656173e-02
2.36456612e-01
2.69499567e-01
1.17059041e+00
-8.90089954e-01
-1.04358782e+00
-7.10223204e-01
4.05093129e-01
9.81540066e-01
-1.37532379e-01
247
-4.29922788e-01
0.00000000e+00
0.00000000e+00
0.00000000e+00
0.00000000e+00
0.00000000e+00
0.00000000e+00
0.00000000e+00
0.00000000e+00
0.00000000e+00
0.00000000e+00
0.00000000e+00
0.00000000e+00
0.00000000e+00
-1.98054368e-02
-4.10117351e-01
4.60022303e-01
-4.79827740e-01
0.00000000e+00
0.00000000e+00
0.00000000e+00
0.00000000e+00
0.00000000e+00
4.09083348e-03
-2.67100080e-01
0.00000000e+00
0.00000000e+00
-4.29922788e-01
0.00000000e+00
-3.72128746e-01
0.00000000e+00
0.00000000e+00
-4.19564407e-01
-7.29598006e-01
0.00000000e+00
0.00000000e+00
0.00000000e+00
0.00000000e+00
0.00000000e+00
0.00000000e+00
0.00000000e+00
0.00000000e+00
0.00000000e+00
-3.79611793e-01
3.59174495e-03
-1.89545634e-01
1.90150978e-03
2.18753681e-01
1.47949196e-04
0.00000000e+00
0.00000000e+00
7.22022351e-01
-1.72088342e-01
-4.14438605e-01
-5.06071991e-01
-1.04176580e-01
5.39552606e-02
0.00000000e+00
0.00000000e+00
2.55909374e+00
4.82232777e+00
0.00000000e+00
0.00000000e+00
0.00000000e+00
0.00000000e+00
0.00000000e+00
1.66802512e-01
-4.14564947e-01
-1.22712734e-01
-2.89693461e-01
-4.58355321e-01
-8.65580059e-01
-1.58717989e+00
0.00000000e+00
0.00000000e+00
0.00000000e+00
0.00000000e+00
0.00000000e+00
0.00000000e+00
-5.02986113e-01
-2.90761964e-01
-5.93622397e-01
-3.37219718e-01
-1.01259907e+00
-7.45432598e-01
4.78904666e+00
4.96038016e+00
4.86211552e+00
4.91416913e+00
5.00225786e+00
4.85738745e+00
-2.01505854e-03
-2.99970462e-01
-1.44251661e-01
-3.14545398e-01
-6.82353329e-02
-8.06384298e-01
5.94915725e-01
1.91689047e-01
2.46507520e-01
1.62046606e-01
5.76720767e-02
-5.86090450e-02
7.49069883e-01
0.00000000e+00
0.00000000e+00
0.00000000e+00
5.90636030e-01
4.11479899e-01
-2.19572606e+00
0.00000000e+00
-2.75544391e-01
-5.17746072e-01
-2.57854044e-03
-1.04943109e-01
-7.93290464e-01
0.00000000e+00
0.00000000e+00
0.00000000e+00
-4.85361843e-02
2.55133848e-01
-6.38457837e-01
4.85567337e-01
2.98854755e-02
1.89781369e-01
7.67068535e-01
-4.17973984e-01
8.85882695e-01
0.00000000e+00
-6.11437201e-02
4.52647492e-01
-4.05411424e-01
-1.31682868e-01
-9.45228336e-01
1.37115480e-01
-4.41622340e-02
-4.40322179e-01
-6.66425317e-01
-1.97028612e-01
1.76492286e-03
4.20959808e-01
1.42885784e+00
1.30397801e+00
-5.67020128e-03
-2.38450629e-01
0.00000000e+00
0.00000000e+00
0.00000000e+00
3.92612003e-01
-7.84029450e-01
1.47386223e-01
-1.46138323e-01
3.15012647e-01
-2.03875117e-02
-9.23229664e-02
3.39026546e-01
-1.52142962e+00
0.00000000e+00
1.39225795e-01
-6.08965445e-01
1.40961810e-01
-8.82289209e-03
6.54838679e-01
2.06609311e-01
2.06506050e-01
-4.63706278e-02
3.06095866e-01
1.41741277e-01
-4.19194885e-01
1.21909206e+00
9.91435245e-01
8.86256796e-01
-7.95055387e-01
-6.96504199e-01
-1.94609287e-02
5.80572887e-01
1.18664762e-01
-9.85511877e-02
-2.37243266e-01
-2.24017927e-03
2.76269594e-01
-1.07521649e-01
0.00000000e+00
0.00000000e+00
0.00000000e+00
-4.35879621e-02
1.40784879e-02
-3.69212832e-01
3.08330986e-01
1.37289763e-01
5.58702367e-02
4.41192527e-01
2.03281547e-01
5.66654493e-01
0.00000000e+00
-1.48955174e-01
1.02302060e-01
-5.50548852e-01
2.63565365e-01
-6.18231946e-02
2.97477362e-01
8.85972995e-02
-6.91410426e-01
-4.13178355e-01
-3.07444981e-01
6.03733822e-01
6.61009403e-01
2.49613411e-01
5.38843402e-01
4.15076543e-01
-5.47044021e-01
0.00000000e+00
0.00000000e+00
0.00000000e+00
5.53931173e-01
-6.10557717e-03
1.88362407e-01
5.86212115e-01
2.25202461e-01
4.27540983e-01
3.76997680e-01
5.57249961e-02
3.21866282e-01
0.00000000e+00
5.39816790e-01
-9.86864752e-01
-2.42887990e-01
2.02531183e-01
-6.08319787e-01
3.23769035e-02
-8.01293200e-02
0.00000000e+00
-5.04994239e-01
3.86952752e-01
-5.72755807e-02
8.50037574e-01
6.63411375e-01
-4.72616263e-02
-7.11255472e-01
-6.63587944e-01
3.48009630e-01
1.02254867e+00
6.96942416e-01
-4.76675283e-02
2.30988066e-01
7.84911695e-01
-1.21912837e-01
4 2
-3.8348e-01 4.2550e-01
2 -1
0 1 
217
6.81355889e-01
7.42333185e-02
-3.37760870e-01
-7.38354840e-01
-1.73423226e-01
9.54903054e-02
3.49981256e-01
-3.70110483e-02
3.93448482e-01
-3.26876630e-01
-3.25333669e-01
-8.91362707e-01
4.36683045e-01
-2.02495685e-01
-3.87106688e-01
1.52502330e-02
1.98530319e-01
-1.20168672e-01
1.74012038e-03
3.22962268e-01
8.20764390e-01
-6.28739207e-03
-8.88543156e-02
3.67866859e-01
-6.74690490e-03
1.12715356e-01
0.00000000e+00
0.00000000e+00
7.82735732e-02
-2.95353651e-02
-2.22192105e-01
-1.64036266e-01
7.73704923e-01
8.54765121e-01
0.00000000e+00
0.00000000e+00
0.00000000e+00
2.85652781e-01
3.95703107e-01
0.00000000e+00
0.00000000e+00
0.00000000e+00
0.00000000e+00
0.00000000e+00
0.00000000e+00
5.01548811e-02
2.35497900e-01
3.95703107e-01
0.00000000e+00
0.00000000e+00
0.00000000e+00
0.00000000e+00
0.00000000e+00
0.00000000e+00
0.00000000e+00
0.00000000e+00
0.00000000e+00
0.00000000e+00
0.00000000e+00
0.00000000e+00
3.95703107e-01
2.35497900e-01
5.01548811e-02
0.00000000e+00
2.61807782e-01
-6.47279344e-02
1.18896164e-01
3.66735525e-01
3.26961824e-01
3.24439232e-01
0.00000000e+00
-3.26612774e-01
0.00000000e+00
2.09514310e-01
-7.26753511e-03
4.21686698e-01
2.15003512e-02
0.00000000e+00
0.00000000e+00
0.00000000e+00
0.00000000e+00
0.00000000e+00
0.00000000e+00
0.00000000e+00
0.00000000e+00
0.00000000e+00
0.00000000e+00
0.00000000e+00
0.00000000e+00
0.00000000e+00
0.00000000e+00
0.00000000e+00
0.00000000e+00
0.00000000e+00
0.00000000e+00
0.00000000e+00
0.00000000e+00
0.00000000e+00
0.00000000e+00
0.00000000e+00
0.00000000e+00
0.00000000e+00
0.00000000e+00
0.00000000e+00
0.00000000e+00
0.00000000e+00
0.00000000e+00
0.00000000e+00
0.00000000e+00
0.00000000e+00
0.00000000e+00
0.00000000e+00
0.00000000e+00
0.00000000e+00
0.00000000e+00
0.00000000e+00
0.00000000e+00
0.00000000e+00
0.00000000e+00
-6.11306144e-01
-1.63659195e+00
-8.86814011e-01
0.00000000e+00
0.00000000e+00
0.00000000e+00
4.63406156e-01
-5.58330260e-02
1.87674934e-01
4.41953310e-01
-2.96182811e-01
-1.77195342e-02
7.36336717e-02
9.52747354e-01
2.39306386e-01
0.00000000e+00
-4.29186147e-01
6.29341951e-01
-1.39823179e+00
-9.32225197e-01
-2.11782755e-01
1.50866119e+00
-5.87580843e-02
-1.09474659e+00
-6.02787825e-01
-2.86085197e-01
-1.68554487e-01
0.00000000e+00
0.00000000e+00
0.00000000e+00
-6.15136588e-02
-2.54749291e-01
-3.02834459e-01
4.00581066e-02
1.87682108e-01
2.88835202e-03
1.55061375e-01
-4.46266804e-01
-9.49113367e-02
0.00000000e+00
5.32571080e-02
-3.11841649e-01
4.89245665e-01
5.77625777e-01
-5.74762783e-02
-5.31574131e-01
6.74630803e-02
-2.98901432e-02
1.13654138e-01
2.35567556e-01
-1.80092353e+00
0.00000000e+00
0.00000000e+00
0.00000000e+00
5.12216560e-01
-1.76761200e-01
-1.02024654e-01
1.18518756e+00
-1.61217072e-01
1.70551295e-02
1.56201203e+00
-4.94552695e-01
4.13993121e-01
0.00000000e+00
-8.68165011e-01
-8.38620041e-01
-1.10424805e+00
-1.97256613e-01
-1.43235514e+00
3.11763007e-01
1.04380020e+00
-6.96523855e-01
-5.38465345e-01
-2.36761463e-01
2.40006650e-02
0.00000000e+00
0.00000000e+00
0.00000000e+00
-2.32251739e-01
-4.77447564e-01
4.33297799e-02
-4.14200868e-01
-5.62508361e-02
2.24448155e-01
-6.17437705e-01
1.41157807e-01
-1.67313142e-01
0.00000000e+00
3.88523062e-01
4.17031225e-02
4.03477588e-01
5.17920058e-02
6.56456164e-01
2.83394294e-02
-5.43068881e-01
1.41545377e-01
2.57059848e-02
3.85492924e-01
136
1.48740474e+00
6.45228760e-01
-3.52454115e-03
4.76399580e-01
-2.03699810e-03
1.63460341e-01
-4.16937420e-04
2.02316055e-01
-1.49148105e-03
0.00000000e+00
0.00000000e+00
1.07167980e+00
2.04409018e-01
1.41922839e-03
7.60793606e-02
9.24128534e-02
2.93530224e-01
0.00000000e+00
0.00000000e+00
0.00000000e+00
2.06375033e-01
1.04839047e+00
0.00000000e+00
0.00000000e+00
0.00000000e+00
0.00000000e+00
0.00000000e+00
0.00000000e+00
3.46938698e-01
-1.40563666e-01
1.04839047e+00
0.00000000e+00
0.00000000e+00
0.00000000e+00
0.00000000e+00
0.00000000e+00
0.00000000e+00
0.00000000e+00
0.00000000e+00
0.00000000e+00
0.00000000e+00
0.00000000e+00
0.00000000e+00
0.00000000e+00
0.00000000e+00
0.00000000e+00
0.00000000e+00
2.90131472e-01
5.73342313e-02
-2.94436730e-01
-1.19931394e+00
9.61274925e-02
4.83450439e-01
-3.28825148e-01
1.23123165e-01
-1.13146137e+00
0.00000000e+00
0.00000000e+00
0.00000000e+00
0.00000000e+00
1.04839047e+00
-1.40563666e-01
3.46938698e-01
0.00000000e+00
0.00000000e+00
0.00000000e+00
0.00000000e+00
0.00000000e+00
0.00000000e+00
0.00000000e+00
0.00000000e+00
0.00000000e+00
0.00000000e+00
0.00000000e+00
0.00000000e+00
0.00000000e+00
0.00000000e+00
0.00000000e+00
0.00000000e+00
0.00000000e+00
0.00000000e+00
0.00000000e+00
0.00000000e+00
0.00000000e+00
0.00000000e+00
0.00000000e+00
-1.02157594e+00
-7.36929852e-01
-1.54481144e+00
0.00000000e+00
0.00000000e+00
0.00000000e+00
1.32279366e-01
-7.67985341e-01
-3.62515142e-01
5.54085711e-01
-3.59160331e-01
1.39095111e-01
6.45356762e-01
5.04200028e-01
1.36944660e-01
0.00000000e+00
-3.40914418e-02
-4.21964260e-01
-6.32619972e-01
-7.31634222e-02
4.46593594e-01
3.72232921e-01
-1.25676324e-02
-1.33824178e+00
-5.15991707e-01
4.27014427e-02
-1.41927011e+00
0.00000000e+00
0.00000000e+00
0.00000000e+00
1.27933682e-02
-5.82088557e-01
-5.78848236e-01
6.35993210e-01
-2.66513140e-01
2.62961438e-01
8.15720296e-01
4.93084862e-02
7.37158368e-02
0.00000000e+00
1.08574205e-01
-1.15489945e-01
-6.31850534e-01
8.10765409e-02
6.14344339e-02
6.18438962e-02
-2.59709818e-01
-9.18823442e-01
-3.19339418e-01
8.99712669e-02
2 1
-7.0103e-01 4.5465e-01
3 1
0 1 4 
217
8.18730151e-01
-1.80694620e-01
-2.29214569e-01
-6.58722340e-01
3.86332327e-01
1.24637622e-01
2.07939082e-02
1.87364931e-01
1.16361662e-01
2.37963095e-01
4.86139533e-01
-5.21124935e-01
-1.90897279e-01
-9.17258107e-02
0.00000000e+00
0.00000000e+00
0.00000000e+00
1.72806781e-01
-1.38533525e-02
4.53261782e-01
7.25613059e-01
-7.72199423e-03
1.61083374e-02
-2.78263267e-01
1.18673851e-03
5.51912725e-02
0.00000000e+00
0.00000000e+00
-2.94941265e-01
-8.03961614e-01
-8.25341208e-01
-1.50352046e-01
1.09042862e+00
1.81814814e+00
0.00000000e+00
0.00000000e+00
0.00000000e+00
6.18186624e-02
2.37177683e-01
5.19733805e-01
0.00000000e+00
0.00000000e+00
0.00000000e+00
0.00000000e+00
0.00000000e+00
2.47998382e-01
-1.86179719e-01
6.00914773e-02
0.00000000e+00
-1.06939795e-02
1.87780185e-01
5.19733805e-01
0.00000000e+00
0.00000000e+00
0.00000000e+00
0.00000000e+00
0.00000000e+00
0.00000000e+00
0.00000000e+00
0.00000000e+00
7.67605468e-01
-1.86179719e-01
2.37304402e-01
0.00000000e+00
9.47041521e-02
-2.82656446e-01
3.64669575e-01
9.63953092e-01
4.52460110e-01
1.69608786e+00
0.00000000e+00
1.70044683e-01
-1.06879771e-01
4.54695186e-01
-1.08090772e+00
1.26730562e-01
-2.98946152e-01
-3.96370101e-02
1.61547150e-01
0.00000000e+00
5.62952257e-01
-2.85523290e-01
1.33867754e-01
-3.39542010e-01
0.00000000e+00
0.00000000e+00
0.00000000e+00
0.00000000e+00
0.00000000e+00
0.00000000e+00
0.00000000e+00
0.00000000e+00
0.00000000e+00
0.00000000e+00
0.00000000e+00
0.00000000e+00
0.00000000e+00
0.00000000e+00
0.00000000e+00
0.00000000e+00
0.00000000e+00
0.00000000e+00
0.00000000e+00
0.00000000e+00
0.00000000e+00
0.00000000e+00
0.00000000e+00
0.00000000e+00
0.00000000e+00
0.00000000e+00
0.00000000e+00
0.00000000e+00
0.00000000e+00
0.00000000e+00
0.00000000e+00
0.00000000e+00
0.00000000e+00
0.00000000e+00
0.00000000e+00
-1.16957730e+00
-1.55617897e+00
-9.04650782e-01
0.00000000e+00
0.00000000e+00
0.00000000e+00
9.68833850e-02
-3.04335318e-01
-2.88633593e-01
8.17160562e-01
-1.39056668e-02
-4.35824889e-01
-2.31728015e-01
6.75681984e-01
-9.17857564e-02
0.00000000e+00
5.35874202e-02
-3.30597991e-01
-5.96321846e-01
-6.79196572e-01
3.55599870e-01
7.34384585e-01
3.48247667e-01
-6.17454657e-01
-5.71324782e-01
1.74912832e-01
-1.97884531e-01
0.00000000e+00
0.00000000e+00
0.00000000e+00
1.36183636e-01
-4.01437239e-02
-1.58124827e-01
1.51535997e-02
-1.78624281e-02
2.65083506e-02
1.99445610e-01
-1.70419773e-01
8.00867982e-02
0.00000000e+00
-4.70834788e-02
-2.55109443e-01
-1.57995263e-01
9.65185661e-02
-1.12400665e-01
5.24169212e-02
9.49741327e-02
-3.85775825e-02
2.81909624e-02
7.03540774e-02
-1.41032018e+00
0.00000000e+00
0.00000000e+00
0.00000000e+00
-5.88752180e-01
4.12983150e-02
-2.55536046e-01
8.84379803e-02
-1.01730326e-01
1.83405434e-01
1.07381389e-01
-1.07072853e-01
2.37270088e-01
0.00000000e+00
1.57205873e-01
2.57573526e-01
-5.04811777e-01
1.45661276e-01
-5.90566987e-01
6.56343081e-02
-3.33351563e-02
-4.11313834e-01
-3.87010504e-01
2.85941299e-01
-8.50594240e-02
0.00000000e+00
0.00000000e+00
0.00000000e+00
2.56751588e-01
-3.36791957e-01
-9.65132749e-02
2.20982596e-01
9.06430000e-02
5.00794122e-02
1.03796948e-01
1.25401347e-01
-4.45629564e-01
0.00000000e+00
-4.39545487e-02
-3.80199401e-01
6.14843161e-02
-4.26047391e-03
3.53745039e-01
1.64235824e-01
-4.02302675e-02
-1.63966128e-01
9.18335567e-02
-9.24674374e-02
136
1.25795346e+00
-8.20734239e-02
1.45635609e-02
4.63628709e-01
9.77273661e-04
5.59404785e-01
-1.20871637e-03
3.16993386e-01
-7.76037596e-04
0.00000000e+00
0.00000000e+00
5.50190171e-01
1.04509036e-01
8.50895570e-05
1.16459654e-01
2.31885522e-01
4.09025742e-01
0.00000000e+00
0.00000000e+00
0.00000000e+00
-1.62079019e-01
3.81005861e-01
8.62444527e-01
0.00000000e+00
0.00000000e+00
0.00000000e+00
0.00000000e+00
0.00000000e+00
2.94059146e-01
-4.56138165e-01
7.31815338e-01
0.00000000e+00
-6.05558341e-02
-2.90253642e-01
8.62444527e-01
0.00000000e+00
0.00000000e+00
0.00000000e+00
0.00000000e+00
0.00000000e+00
0.00000000e+00
0.00000000e+00
0.00000000e+00
0.00000000e+00
0.00000000e+00
0.00000000e+00
0.00000000e+00
-4.49828145e-01
7.27213930e-03
-2.05233509e-01
-1.00121025e+00
0.00000000e+00
3.70394970e-01
-5.79624674e-02
3.45046255e-01
-1.10923772e+00
3.14075147e-01
4.32243258e-01
1.38192286e-01
1.36431037e-01
8.01326519e-02
-4.56138165e-01
2.33503312e-01
0.00000000e+00
0.00000000e+00
0.00000000e+00
0.00000000e+00
0.00000000e+00
0.00000000e+00
0.00000000e+00
0.00000000e+00
0.00000000e+00
0.00000000e+00
0.00000000e+00
0.00000000e+00
0.00000000e+00
0.00000000e+00
0.00000000e+00
0.00000000e+00
0.00000000e+00
0.00000000e+00
0.00000000e+00
0.00000000e+00
0.00000000e+00
0.00000000e+00
0.00000000e+00
-8.15071911e-01
-5.42187015e-01
-1.46136124e+00
0.00000000e+00
0.00000000e+00
0.00000000e+00
2.78167551e-02
-7.17220677e-01
-3.64115187e-01
5.76098904e-01
-3.49898491e-01
1.60134755e-01
6.49978468e-01
4.30503189e-01
1.38987551e-01
0.00000000e+00
-8.71608987e-02
-2.65247774e-01
-5.84713257e-01
-3.39696051e-02
4.69973077e-01
1.82391254e-01
-1.27287460e-01
-1.26446189e+00
-3.76004562e-01
7.28346081e-02
-1.33739700e+00
0.00000000e+00
0.00000000e+00
0.00000000e+00
-1.22155877e-02
-5.90423492e-01
-5.04360259e-01
7.24151833e-01
-1.89159814e-01
1.84680484e-01
7.75153052e-01
-2.17893599e-03
1.53952151e-01
0.00000000e+00
6.09751886e-02
-2.03980734e-01
-5.60412140e-01
8.62342501e-02
-7.57062350e-02
9.92735172e-02
-1.32360328e-01
-9.14109482e-01
-3.38618677e-01
1.01708211e-01
5 1
-1.4665e+00 5.2237e-01
4 1
0 1 4 2 
217
1.19639456e+00
5.60357802e-02
-5.58191836e-01
-7.83199621e-02
3.50216257e-01
6.08025355e-01
-1.34974048e-01
1.49296917e-01
3.34618064e-01
7.49351175e-03
5.41153505e-01
-3.67619995e-01
1.05380786e-01
3.52944082e-02
0.00000000e+00
0.00000000e+00
0.00000000e+00
-1.25852217e+00
-3.63060635e-03
9.70281196e-01
1.05889718e+00
-9.21607592e-03
1.59908081e-02
7.36332104e-01
1.64754045e-04
-1.14636323e-01
0.00000000e+00
0.00000000e+00
6.05078662e-01
-7.05942147e-01
-8.44587836e-01
1.04974103e-01
9.30749892e-01
1.15143248e+00
0.00000000e+00
0.00000000e+00
0.00000000e+00
-2.13061984e-01
-2.93123084e-01
1.14576701e+00
5.56812617e-01
0.00000000e+00
0.00000000e+00
0.00000000e+00
0.00000000e+00
-2.28392580e-01
1.53305969e-02
1.12788043e+00
0.00000000e+00
-7.80166381e-03
-4.85576701e-01
2.57216394e-01
0.00000000e+00
-9.95347638e-01
6.77224867e-02
-4.06574690e-01
0.00000000e+00
0.00000000e+00
0.00000000e+00
5.56812617e-01
1.34953572e+00
8.30530837e-02
-2.36194244e-01
0.00000000e+00
-5.15419739e-01
0.00000000e+00
1.23635136e+00
-9.51387063e-02
6.03776259e-01
7.97250510e-01
0.00000000e+00
-1.06768318e-01
0.00000000e+00
3.10569580e-01
-3.48536955e-01
5.81032112e-01
5.50862956e-01
7.37733301e-02
-4.93154724e-01
0.00000000e+00
1.48487543e+00
-1.44453644e+00
1.30900528e-01
1.26048227e-01
0.00000000e+00
2.67095288e-01
0.00000000e+00
4.21445036e-01
4.62080998e-01
9.62930491e-02
1.66338749e-01
0.00000000e+00
0.00000000e+00
0.00000000e+00
0.00000000e+00
0.00000000e+00
0.00000000e+00
0.00000000e+00
0.00000000e+00
0.00000000e+00
0.00000000e+00
0.00000000e+00
0.00000000e+00
0.00000000e+00
0.00000000e+00
0.00000000e+00
0.00000000e+00
0.00000000e+00
0.00000000e+00
0.00000000e+00
0.00000000e+00
0.00000000e+00
0.00000000e+00
0.00000000e+00
0.00000000e+00
0.00000000e+00
0.00000000e+00
0.00000000e+00
0.00000000e+00
-9.07793941e-01
-1.64998227e+00
-9.19240169e-01
0.00000000e+00
0.00000000e+00
0.00000000e+00
-3.53615834e-01
-9.03836770e-01
-1.37428768e-01
5.00007108e-01
2.06286673e-01
9.30593660e-01
1.06122099e+00
-1.45761735e-01
-1.73883429e-03
0.00000000e+00
-1.71391814e-01
-3.92017346e-01
-1.30464766e+00
1.43999809e-01
-1.92935682e-02
1.98757756e-02
1.63622229e-01
-7.84156849e-01
-1.29524018e+00
1.56428295e+00
-2.82821456e-01
0.00000000e+00
0.00000000e+00
0.00000000e+00
3.25102554e-01
-1.92169727e-01
-4.01021491e-01
-4.09540853e-01
-2.88338401e-02
-3.10085879e-01
-2.42896857e-01
2.80672051e-02
2.74064219e-01
0.00000000e+00
1.44169339e-03
-3.18842118e-01
1.31876223e-01
5.51146035e-02
5.81599969e-01
2.58805653e-01
-2.11948431e-01
1.31201237e-01
3.35282467e-01
-2.90038086e-01
-1.78832153e+00
0.00000000e+00
0.00000000e+00
0.00000000e+00
1.95780116e-02
-3.33303697e-01
-4.44730982e-01
1.15335124e+00
-1.67290953e-01
1.74436320e-01
-1.26467009e+00
6.79654689e-01
-1.21030707e-01
0.00000000e+00
1.54247320e-01
-3.48734284e-01
-1.16399222e+00
-6.29740743e-01
-4.19395424e-02
-4.28013942e-02
9.47339878e-01
-1.83332118e-03
-5.62247549e-01
2.05386496e-01
3.89386640e-02
0.00000000e+00
0.00000000e+00
0.00000000e+00
9.74888092e-02
-7.50782322e-01
1.70350427e-01
-2.31322214e-02
1.86570206e-01
1.59943256e-01
7.67872979e-01
-5.63118487e-02
-5.24127683e-02
0.00000000e+00
-1.49109708e-01
-4.66474879e-01
2.92158029e-01
2.72727248e-01
-5.19892208e-02
2.59933555e-01
-4.51761251e-01
3.75978810e-02
-1.82394477e-02
-1.85490059e-01
136
8.76213867e-01
-1.69127382e-01
1.66117752e-02
2.07104652e-01
4.51271212e-03
6.22005821e-01
-1.83300246e-03
2.16230776e-01
-3.21466695e-04
0.00000000e+00
0.00000000e+00
4.05321792e-01
8.71188273e-02
-6.38239872e-02
-4.79224439e-02
2.33854341e-01
3.96014732e-01
0.00000000e+00
0.00000000e+00
0.00000000e+00
-1.26699711e-01
-9.77548163e-03
4.26504908e-01
4.59072563e-01
0.00000000e+00
0.00000000e+00
0.00000000e+00
0.00000000e+00
-2.91644194e-02
-9.75352918e-02
3.75176408e-01
0.00000000e+00
-4.79175630e-02
-3.12783388e-01
4.49401126e-01
0.00000000e+00
2.54232414e-01
-2.78483352e-01
1.91038546e-01
0.00000000e+00
-1.25139241e-01
-8.87955235e-02
4.59072563e-01
0.00000000e+00
0.00000000e+00
0.00000000e+00
0.00000000e+00
-5.56755096e-01
5.93820176e-02
-1.65261620e-01
-5.14491737e-01
0.00000000e+00
1.45029326e-01
-1.75080472e-01
3.62730121e-01
-9.06783634e-01
2.68999897e-01
2.73375996e-01
6.92980567e-02
1.44239561e-01
6.17258814e-01
-5.00619203e-01
5.11807038e-01
-1.34477466e-01
3.64626174e-01
-4.77530362e-01
0.00000000e+00
0.00000000e+00
0.00000000e+00
0.00000000e+00
0.00000000e+00
0.00000000e+00
0.00000000e+00
0.00000000e+00
0.00000000e+00
0.00000000e+00
0.00000000e+00
0.00000000e+00
0.00000000e+00
0.00000000e+00
0.00000000e+00
0.00000000e+00
0.00000000e+00
0.00000000e+00
0.00000000e+00
0.00000000e+00
-8.45880782e-01
-5.26423221e-01
-1.43743591e+00
0.00000000e+00
0.00000000e+00
0.00000000e+00
7.41033404e-02
-6.20178949e-01
-3.83444288e-01
6.61988899e-01
-2.72378916e-01
1.65139785e-01
6.55365859e-01
4.46592772e-01
5.96818149e-02
0.00000000e+00
-9.95142775e-02
-1.91288979e-01
-5.57048888e-01
-2.20478516e-01
3.71625822e-01
2.97140360e-01
2.09453872e-02
-1.29704899e+00
-5.31623944e-01
-1.70142021e-02
-1.32812503e+00
0.00000000e+00
0.00000000e+00
0.00000000e+00
6.21189920e-02
-5.07460576e-01
-6.33931590e-01
6.18700646e-01
-3.50585869e-01
1.72490928e-01
6.57298836e-01
-3.94591925e-03
1.69242083e-01
0.00000000e+00
1.36281095e-01
-1.22880158e-01
-5.81842415e-01
1.03645634e-01
3.11586097e-02
1.04203942e-01
-1.02221911e-01
-9.36969149e-01
-3.03018691e-01
1.59590481e-01
7 2
-9.8557e-01 5.0379e-01
5 -1
0 1 4 2 5 
217
6.02123072e-01
1.32710904e-01
1.92216742e-01
1.25202619e-01
6.05634663e-01
1.53964770e-01
3.67993403e-01
-2.98807798e-01
-1.10424476e-01
3.02213377e-01
-3.57969032e-01
1.03199968e+00
9.68885142e-02
3.47678902e-01
1.84094088e-01
-2.32327095e-02
6.18190656e-01
9.42491721e-01
-1.41507633e-03
-3.30669734e-01
7.72510236e-02
1.74732072e-03
1.20530664e-01
-6.01713760e-01
-1.57823100e-03
5.89788752e-01
0.00000000e+00
0.00000000e+00
-7.84901528e-03
-8.65951754e-01
-3.07141292e-02
-1.44463768e-01
3.23723301e-01
1.32737844e+00
0.00000000e+00
0.00000000e+00
0.00000000e+00
3.73502556e-01
-4.46964994e-01
-5.21267318e-01
6.01604917e-01
0.00000000e+00
0.00000000e+00
0.00000000e+00
0.00000000e+00
-4.64129400e-01
-7.83865508e-01
-3.72304029e-02
0.00000000e+00
3.63976114e-01
3.81766917e-01
5.23407658e-01
0.00000000e+00
5.15352617e-01
3.61913083e-01
4.52760457e-01
0.00000000e+00
7.23146165e-02
3.05186088e-01
-1.08932917e+00
7.04888967e-01
-4.21952424e-01
3.19186530e-01
0.00000000e+00
2.65695970e-01
0.00000000e+00
1.43025662e-01
-1.60893092e-01
1.94096830e-01
8.07937093e-01
0.00000000e+00
2.21091675e-01
4.21904023e-02
2.07338501e-01
-3.86099611e-01
-9.27293764e-02
-6.35340550e-01
-2.88585948e-02
7.36594426e-02
0.00000000e+00
5.16891886e-01
-4.54593831e-01
4.04303383e-02
-1.20117125e-01
0.00000000e+00
-1.60746207e-02
0.00000000e+00
3.03640663e-01
-4.50898247e-01
3.14557030e-01
4.40287185e-01
0.00000000e+00
-1.06905523e+00
0.00000000e+00
9.48370717e-01
-1.68134727e-01
7.22807586e-01
-2.76424803e-02
0.00000000e+00
0.00000000e+00
0.00000000e+00
0.00000000e+00
0.00000000e+00
0.00000000e+00
0.00000000e+00
0.00000000e+00
0.00000000e+00
0.00000000e+00
0.00000000e+00
0.00000000e+00
0.00000000e+00
0.00000000e+00
0.00000000e+00
0.00000000e+00
0.00000000e+00
0.00000000e+00
0.00000000e+00
0.00000000e+00
0.00000000e+00
-6.20099036e-01
-1.30482096e+00
-1.51205773e+00
0.00000000e+00
0.00000000e+00
0.00000000e+00
-6.73471858e-01
1.23249434e+00
-3.15588730e-01
-1.49528894e-02
-2.63924695e-01
-1.19263902e+00
-5.03584979e-01
7.57837366e-01
2.13660859e+00
0.00000000e+00
1.23394157e-01
6.55450865e-01
-6.05343922e-01
2.16034738e-01
1.62403379e+00
-2.05927582e-01
-1.11661269e+00
-1.58063694e+00
-9.87005035e-01
-7.98223238e-01
1.22643216e-01
0.00000000e+00
0.00000000e+00
0.00000000e+00
4.20266923e-01
-7.24889754e-01
-2.91793426e-01
2.94835195e-01
4.21406453e-02
5.51656270e-01
4.98800486e-01
-1.77056059e-01
-9.22668837e-01
0.00000000e+00
-1.68773831e-01
-6.48557233e-01
-4.48089936e-02
-2.40592728e-01
-3.71547617e-01
2.96761720e-01
6.39208195e-01
3.54124645e-01
3.65210660e-01
2.50326958e-01
-2.07967932e+00
0.00000000e+00
0.00000000e+00
0.00000000e+00
1.45566103e-01
-1.24341302e-01
-1.43523545e+00
1.00181430e+00
-5.93165954e-02
1.47710114e+00
1.33061619e+00
-1.00248381e-01
-1.04459067e-01
0.00000000e+00
4.05105494e-01
-1.93369131e-02
7.01076851e-01
1.28508419e+00
1.66388414e+00
-3.36703417e-01
8.83192454e-01
-2.79115267e-02
1.35361111e-01
2.71700229e-01
-9.04964554e-01
0.00000000e+00
0.00000000e+00
0.00000000e+00
1.09973582e+00
-1.73961569e-01
1.81335307e+00
1.02863348e+00
9.89872189e-01
5.92055642e-01
6.50689545e-01
1.16323547e+00
4.32832260e-01
0.00000000e+00
1.12654835e+00
-3.31943655e-02
3.57412784e-01
5.52345869e-01
3.16489813e-01
1.36373914e+00
7.63186941e-01
9.27032851e-01
7.81559833e-01
1.25422157e+00
136
1.21485676e+00
5.42459539e-01
6.06497462e-04
4.46589165e-01
-3.08437086e-03
8.94792503e-02
-1.08267736e-03
1.36328810e-01
-1.10759204e-03
0.00000000e+00
0.00000000e+00
4.13369648e-01
1.12424313e-01
-5.53630060e-02
-4.21455617e-02
3.11549074e-01
5.77896017e-01
0.00000000e+00
0.00000000e+00
0.00000000e+00
1.61459666e-01
-6.92685827e-01
-1.60718413e-01
8.33631644e-01
8.59726483e-01
0.00000000e+00
0.00000000e+00
0.00000000e+00
-1.28056649e+00
-7.35960252e-01
1.26118299e+00
0.00000000e+00
-3.58958143e-01
7.34626233e-02
1.17759658e+00
0.00000000e+00
7.79183032e-01
-2.99008330e-01
6.16077525e-01
0.00000000e+00
2.30097965e-01
-5.93776160e-01
1.32082206e-01
0.00000000e+00
0.00000000e+00
0.00000000e+00
0.00000000e+00
-1.20736869e+00
-3.84791729e-02
-3.18516471e-01
-7.29100383e-01
2.70567806e-01
-6.87368226e-01
-2.42373329e-01
2.16626558e-01
-1.43753636e+00
2.74397478e-01
2.79954216e-01
1.00546855e-01
1.62108320e-01
-8.95442706e-02
-8.39316090e-01
9.61704503e-01
3.56479667e-02
4.59630991e-01
-6.25192000e-01
0.00000000e+00
9.42331524e-01
2.73243260e-01
5.66487358e-01
-1.73562990e-01
0.00000000e+00
0.00000000e+00
0.00000000e+00
0.00000000e+00
0.00000000e+00
0.00000000e+00
0.00000000e+00
0.00000000e+00
0.00000000e+00
0.00000000e+00
0.00000000e+00
0.00000000e+00
0.00000000e+00
0.00000000e+00
0.00000000e+00
-7.30811973e-01
-3.54450693e-01
-1.41791982e+00
0.00000000e+00
0.00000000e+00
0.00000000e+00
1.35911925e-01
-7.42441114e-01
-3.31472177e-01
5.60359476e-01
-2.30710662e-01
1.23446539e-01
5.87159735e-01
3.97984287e-01
-6.19415172e-02
0.00000000e+00
-5.23890074e-02
-1.62485645e-01
-5.17400725e-01
-1.21601026e-01
3.47871361e-01
3.34148555e-01
4.76351665e-02
-1.31776641e+00
-4.49084293e-01
3.48557090e-02
-1.27320537e+00
0.00000000e+00
0.00000000e+00
0.00000000e+00
9.35192523e-02
-4.72100416e-01
-6.04511090e-01
5.49242192e-01
-2.40616448e-01
2.16912477e-01
7.03520125e-01
1.45008709e-02
1.79291589e-01
0.00000000e+00
8.56252313e-02
-5.68669783e-02
-5.85207359e-01
6.83128330e-02
-4.09938823e-02
1.42887237e-01
-6.61980276e-02
-1.04062244e+00
-3.66369206e-01
1.46468674e-01
3 1
-1.2070e+00 5.3142e-01
6 0
0 1 4 2 5 7 
217
7.64739256e-02
-2.37407905e-01
5.23200629e-01
4.98682012e-02
6.09021965e-02
1.34953733e-01
-8.26009795e-02
1.76508043e-01
6.53019984e-02
-1.84591425e-01
-1.47795939e-01
4.15247372e-01
1.80666649e-01
-1.17005041e+00
0.00000000e+00
0.00000000e+00
0.00000000e+00
4.86267528e-02
2.04524461e-02
-3.29097237e-01
2.08282177e-01
-3.11392666e-03
1.77669682e-01
-1.82873326e-02
-1.42617657e-03
2.35947609e-01
0.00000000e+00
0.00000000e+00
9.51844691e-01
-3.81094081e-01
-2.65431616e-02
8.56312231e-02
-1.00250839e-01
-9.50650919e-02
0.00000000e+00
0.00000000e+00
0.00000000e+00
-6.46478703e-01
-1.29628126e-01
-1.91002696e-01
6.62069642e-02
9.14882357e-01
0.00000000e+00
0.00000000e+00
0.00000000e+00
-6.52586519e-01
-8.85081836e-02
-1.74269344e-01
0.00000000e+00
-7.28856675e-01
3.25901546e-01
8.90913570e-01
0.00000000e+00
8.35472599e-01
-6.66438508e-01
2.62668209e-01
0.00000000e+00
-2.10747602e-01
4.72840067e-02
2.35640825e-01
-1.71337471e-01
-7.54946692e-01
1.00275809e+00
0.00000000e+00
-2.94464679e-01
0.00000000e+00
2.03809811e-01
3.04405173e-01
2.54425254e-01
3.05373780e-01
0.00000000e+00
-7.19607685e-01
-3.06241793e-01
2.16297598e-01
-2.92413866e-01
6.16894524e-01
-1.53899554e-01
-7.31354352e-01
2.47692605e-01
0.00000000e+00
3.99776754e-02
4.63974882e-01
5.20157996e-01
2.15369211e-01
0.00000000e+00
-1.19809316e-01
0.00000000e+00
6.36128037e-01
-5.80813959e-01
-1.32248507e-01
2.07127602e-01
0.00000000e+00
-8.97014469e-01
0.00000000e+00
7.08026104e-01
3.21657689e-01
6.12511106e-01
2.45395221e-01
8.23796224e-02
-6.53874733e-02
0.00000000e+00
-1.03979480e-01
2.78032504e-01
1.63461257e-01
3.17619324e-01
0.00000000e+00
0.00000000e+00
0.00000000e+00
0.00000000e+00
0.00000000e+00
0.00000000e+00
0.00000000e+00
0.00000000e+00
0.00000000e+00
0.00000000e+00
0.00000000e+00
0.00000000e+00
0.00000000e+00
0.00000000e+00
-8.33497435e-01
-3.88081729e-01
-1.35255461e+00
0.00000000e+00
0.00000000e+00
0.00000000e+00
-2.73984411e-01
-3.52602809e-01
-2.01170015e-01
2.23574044e-01
-3.04873167e-01
5.46639378e-01
1.18699180e+00
-1.00366718e-02
2.69696344e-01
0.00000000e+00
-4.09119976e-01
-2.35556309e-01
-4.43608336e-01
-1.02518410e-02
3.69077296e-01
-2.50245186e-02
2.34881913e-01
-7.33356784e-01
-7.05647864e-01
-4.78182687e-01
-9.80195825e-02
0.00000000e+00
0.00000000e+00
0.00000000e+00
1.37265196e-01
-3.33392035e-01
-1.54747354e-01
1.62718041e-01
7.26509701e-02
-1.16687512e-01
-3.42214658e-01
-2.93536049e-01
2.10274276e-02
0.00000000e+00
1.87557718e-01
1.96116334e-01
1.27981129e-01
5.10408210e-02
1.24286370e-02
-8.12386265e-02
-1.83889647e-01
-6.82098700e-02
2.27646459e-01
2.79463438e-01
-9.55427699e-01
0.00000000e+00
0.00000000e+00
0.00000000e+00
1.04872523e-02
-5.15306438e-01
-4.55066650e-01
1.67867947e-01
-2.97287962e-01
8.44812201e-01
7.81870413e-01
-3.83919121e-01
4.32174066e-01
0.00000000e+00
-3.61054756e-01
2.17768993e-01
-6.29224875e-01
1.04765463e-01
-1.08865105e-01
1.59757584e-01
-2.94585249e-01
-2.49893584e-01
-9.53210851e-02
-2.84406792e-01
-1.27468564e-01
0.00000000e+00
0.00000000e+00
0.00000000e+00
3.09501297e-02
-1.85774030e-01
2.04290444e-01
1.41142190e-01
-1.59187875e-01
6.68669187e-02
1.27416405e-01
2.88213477e-01
-2.52788946e-01
0.00000000e+00
1.11007453e-01
-2.55807088e-02
-1.01186192e-01
-1.62476489e-01
5.64760454e-01
-1.14343258e-01
-2.81857909e-02
-6.12334079e-01
-5.25165106e-02
3.22578439e-02
136
8.25986312e-01
-5.80494529e-02
3.38665632e-02
3.91228094e-02
3.97319876e-03
5.02861040e-01
-6.49928480e-05
3.42051916e-01
-4.15284431e-04
0.00000000e+00
0.00000000e+00
5.63107532e-01
1.81392971e-01
-9.47773267e-02
-1.18536533e-01
1.37395227e-01
2.15440359e-01
0.00000000e+00
0.00000000e+00
0.00000000e+00
-1.42383155e-01
-2.02891760e-02
1.38466408e-01
5.12237723e-01
2.17705890e-01
0.00000000e+00
0.00000000e+00
0.00000000e+00
5.40839589e-02
-2.05926540e-01
3.57726487e-01
0.00000000e+00
1.57209095e-02
-4.81205691e-01
5.82946431e-01
0.00000000e+00
-1.74159872e-02
-2.79316164e-01
4.43855589e-01
0.00000000e+00
-2.99395515e-02
-8.90538571e-02
3.63910991e-01
0.00000000e+00
0.00000000e+00
0.00000000e+00
0.00000000e+00
-9.36691773e-01
9.45447436e-03
-2.52932907e-01
-6.87237351e-01
8.60386718e-02
4.70103949e-02
-8.59427752e-02
2.37687963e-01
-1.03828192e+00
3.03923879e-01
1.59683202e-01
3.92038094e-02
1.27757915e-01
5.67776984e-01
-4.88623237e-01
3.94927809e-02
-1.66780952e-01
2.10393630e-01
-5.54703599e-01
0.00000000e+00
7.84978180e-01
1.17469326e-01
4.09942698e-01
-4.86917954e-01
2.70229194e-01
3.72996643e-01
1.34742303e-01
1.19865920e-02
-1.88349423e-01
0.00000000e+00
0.00000000e+00
0.00000000e+00
0.00000000e+00
0.00000000e+00
0.00000000e+00
0.00000000e+00
0.00000000e+00
0.00000000e+00
0.00000000e+00
-7.17390033e-01
-4.18865701e-01
-1.41826030e+00
0.00000000e+00
0.00000000e+00
0.00000000e+00
3.45728065e-02
-7.10579985e-01
-4.24102367e-01
5.75009773e-01
-3.14726960e-01
1.08134689e-01
5.69018897e-01
4.47327004e-01
1.28628342e-01
0.00000000e+00
-8.41291198e-02
-3.08308907e-01
-5.43250117e-01
-1.43863522e-01
3.61927940e-01
3.60960183e-01
1.97122910e-02
-1.10685656e+00
-4.27702171e-01
3.99674894e-02
-1.31424200e+00
0.00000000e+00
0.00000000e+00
0.00000000e+00
6.25017252e-02
-6.68449634e-01
-5.20965928e-01
6.47036132e-01
-2.23676996e-01
1.79676283e-01
6.18177509e-01
3.98975835e-02
1.70041189e-01
0.00000000e+00
8.28400686e-02
-1.65824592e-01
-5.08333007e-01
1.22248249e-01
-1.00754607e-01
2.17800311e-01
-1.26067232e-01
-9.45464822e-01
-3.45611952e-01
1.50687722e-01
6 1
-1.4132e+00 5.5034e-01
7 1
0 1 4 2 5 7 3 
217
7.51621423e-01
-3.37731332e-01
-1.49618603e-01
-3.55851028e-01
1.00476325e-01
1.72690874e-02
1.29206300e-01
2.02521203e-01
2.95959242e-01
5.97766223e-01
7.99966816e-01
-4.76263015e-01
-5.73987260e-01
-5.09166337e-01
0.00000000e+00
0.00000000e+00
0.00000000e+00
5.14354123e-01
1.71187159e-02
6.11720308e-01
4.65420135e-01
3.12614006e-03
-1.26337984e-01
-1.86050215e-01
2.46885722e-04
1.16725958e-01
0.00000000e+00
0.00000000e+00
8.98937173e-02
-3.43253289e-01
-5.42008336e-01
-2.07286656e-01
1.00560106e+00
7.48674928e-01
0.00000000e+00
0.00000000e+00
0.00000000e+00
-4.57712849e-01
-5.99028133e-02
1.25917674e-02
-2.06746439e-01
6.22933995e-01
0.00000000e+00
0.00000000e+00
0.00000000e+00
-2.39164647e-01
-6.61151800e-01
3.77287615e-01
0.00000000e+00
-6.39617210e-01
4.88290342e-01
9.92464973e-01
0.00000000e+00
2.21888092e-01
-9.00410071e-01
6.26878427e-01
0.00000000e+00
1.34672719e-01
0.00000000e+00
-1.96152600e-01
-2.43414314e-01
6.18785562e-01
3.76250175e-01
0.00000000e+00
-5.26635947e-01
-7.30322066e-01
7.06674221e-01
8.87839299e-01
5.71583150e-01
4.58501703e-01
0.00000000e+00
-5.22221046e-01
0.00000000e+00
9.85670325e-01
-1.37305293e+00
2.88172143e-01
4.15396193e-02
-6.18257238e-01
4.35848554e-02
0.00000000e+00
7.96633972e-01
5.55068978e-02
5.29659834e-01
5.01490988e-02
0.00000000e+00
3.18109274e-01
3.84298415e-01
3.76717738e-01
-5.62239476e-01
5.67944106e-02
6.86514122e-01
0.00000000e+00
-1.02366288e+00
0.00000000e+00
1.11319348e+00
1.14580805e-01
6.62090826e-01
-3.98051667e-01
-5.54607848e-01
6.47621699e-01
0.00000000e+00
4.14223327e-01
-1.40133576e+00
2.44384245e-01
-5.30602438e-01
0.00000000e+00
7.06731478e-01
0.00000000e+00
5.04682460e-01
-2.15864215e-01
-4.59792515e-01
-6.50878616e-01
0.00000000e+00
0.00000000e+00
0.00000000e+00
0.00000000e+00
0.00000000e+00
0.00000000e+00
0.00000000e+00
-4.49784476e-01
-8.04724188e-01
-8.65665100e-01
0.00000000e+00
0.00000000e+00
0.00000000e+00
1.07258828e+00
-2.15310512e-01
-6.52440508e-01
1.56071467e-01
1.04694290e-01
-6.76591191e-01
7.49579496e-01
-4.44218292e-02
-1.91244017e-01
0.00000000e+00
-1.91438006e-01
-3.58280649e-01
-1.32121395e+00
-1.80717390e-02
7.03752587e-01
4.21875942e-01
2.45229773e-01
-2.52577423e-01
-5.67082573e-01
1.69215468e-01
-3.25808533e-01
0.00000000e+00
0.00000000e+00
0.00000000e+00
-6.24907777e-01
-3.73469480e-01
4.52346946e-01
4.17472546e-01
-8.72763394e-04
3.14459167e-01
-3.37666138e-02
1.50066493e-01
3.07505029e-02
0.00000000e+00
1.13529644e-01
-1.57177892e-01
3.30178894e-01
-1.01914706e-01
-2.25924356e-01
-3.38442968e-01
-4.34377762e-01
-3.33033351e-01
3.71240858e-01
1.18034085e-01
-9.25515021e-01
0.00000000e+00
0.00000000e+00
0.00000000e+00
-3.20989012e-01
-2.20940363e-01
-7.65048010e-01
5.10803827e-01
-5.94452577e-01
-6.70030032e-01
9.22524662e-01
-2.35084354e-01
7.09417972e-01
0.00000000e+00
-7.80205177e-02
2.89326903e-02
-8.62151543e-01
5.16174870e-01
4.81590309e-01
-4.28959327e-01
1.11377000e-01
-3.51056335e-01
2.82834253e-01
3.75614664e-02
-3.66126957e-01
0.00000000e+00
0.00000000e+00
0.00000000e+00
8.47538590e-02
-5.44836357e-01
-6.42682215e-02
-1.43054913e-01
-1.65396757e-02
4.06128489e-01
-4.59928291e-01
3.49680590e-02
-4.08852206e-01
0.00000000e+00
1.58725264e-01
-1.83976383e-01
1.37982706e-01
2.01963411e-02
-3.53270719e-02
4.84478941e-01
-8.20338068e-02
1.98661998e-02
1.27703037e-01
9.78870743e-02
136
6.57847725e-01
-2.03711230e-02
1.29115978e-02
2.08207341e-01
2.30947524e-03
3.72908002e-01
-7.18041003e-04
9.71035050e-02
-2.45849937e-04
0.00000000e+00
0.00000000e+00
3.95655617e-01
9.59580742e-02
-1.08784241e-01
-6.08723576e-02
1.73018857e-01
3.05099892e-01
0.00000000e+00
0.00000000e+00
0.00000000e+00
-2.65264648e-01
-1.30730657e-02
9.41242648e-02
2.17248020e-01
2.93079066e-01
1.97021207e-01
0.00000000e+00
0.00000000e+00
8.11398064e-02
-3.16981874e-01
3.99987226e-01
0.00000000e+00
-2.76299381e-01
-1.03426677e-01
4.54198724e-01
0.00000000e+00
1.67678699e-01
-6.93969434e-01
5.12804977e-01
0.00000000e+00
-2.14454601e-01
-1.28556562e-01
6.46733755e-01
0.00000000e+00
0.00000000e+00
0.00000000e+00
0.00000000e+00
-1.06259751e+00
6.48818827e-02
-1.45699155e-01
-8.61409732e-01
0.00000000e+00
-1.66571023e-01
-1.11523431e-01
2.34639778e-01
-8.61136230e-01
1.48687229e-01
1.30965238e-01
8.81693914e-02
1.78600061e-01
4.37704105e-02
-6.44674885e-02
-1.19040432e-01
-4.55081415e-02
1.47467920e-01
-6.92619231e-01
0.00000000e+00
5.50405030e-01
1.28198410e-01
3.59060309e-01
-3.26681134e-01
9.52955382e-02
1.97820278e-01
1.88259497e-01
-1.78973491e-02
-1.49482562e-01
0.00000000e+00
9.10535803e-01
-1.81459369e-01
1.55437097e-01
-1.75444168e-02
0.00000000e+00
0.00000000e+00
0.00000000e+00
0.00000000e+00
0.00000000e+00
-7.10815466e-01
-3.48594557e-01
-1.41965300e+00
0.00000000e+00
0.00000000e+00
0.00000000e+00
4.67045126e-02
-7.63980745e-01
-5.15500032e-01
5.22413449e-01
-2.08468127e-01
1.52359982e-01
5.28195846e-01
4.19240264e-01
1.10718943e-01
0.00000000e+00
-1.10450404e-01
-1.62152275e-01
-5.10935620e-01
-1.16566056e-01
3.77102091e-01
3.20495955e-01
6.33342005e-03
-1.16905893e+00
-3.64100705e-01
1.79954273e-02
-1.26636607e+00
0.00000000e+00
0.00000000e+00
0.00000000e+00
4.28142409e-02
-6.77091387e-01
-5.31735409e-01
6.19585578e-01
-2.15513743e-01
2.21165634e-01
6.91206804e-01
9.08999240e-02
1.61431722e-01
0.00000000e+00
7.94055660e-02
-1.66089306e-01
-5.17270407e-01
8.57920929e-02
-2.83895609e-02
2.25039220e-01
-1.13910174e-01
-1.01282840e+00
-3.74008145e-01
1.53129678e-01
