0 7 -999999999 -1 -1
1 2 0 -1 -1
0.2359 -0.2319
356
4.44849010e-02
-4.27976305e-01
0.00000000e+00
-1.59386051e-01
-2.40202816e-01
0.00000000e+00
0.00000000e+00
0.00000000e+00
0.00000000e+00
0.00000000e+00
0.00000000e+00
0.00000000e+00
0.00000000e+00
-1.29320443e-01
-2.42714183e-01
2.12648575e-01
0.00000000e+00
0.00000000e+00
0.00000000e+00
0.00000000e+00
0.00000000e+00
0.00000000e+00
0.00000000e+00
0.00000000e+00
0.00000000e+00
0.00000000e+00
0.00000000e+00
0.00000000e+00
0.00000000e+00
0.00000000e+00
0.00000000e+00
0.00000000e+00
0.00000000e+00
0.00000000e+00
0.00000000e+00
0.00000000e+00
0.00000000e+00
0.00000000e+00
0.00000000e+00
0.00000000e+00
0.00000000e+00
0.00000000e+00
0.00000000e+00
0.00000000e+00
0.00000000e+00
0.00000000e+00
0.00000000e+00
0.00000000e+00
0.00000000e+00
0.00000000e+00
0.00000000e+00
-7.38909526e-01
-5.19703452e-01
8.67370845e-01
0.00000000e+00
0.00000000e+00
0.00000000e+00
0.00000000e+00
2.78589437e-01
-3.89938529e-01
1.16421722e-01
6.07625347e-02
3.17211299e-01
-4.38154025e-01
-4.59699803e-01
1.55246545e+00
-2.08037753e-01
6.25408129e-01
1.66147787e+00
-2.20701272e-02
-1.91375778e-01
8.42539041e-01
-3.58650261e-03
-6.53178932e-02
-2.30967122e+00
3.36406078e-02
6.42687599e-01
-1.49860787e-01
6.47868046e-03
-4.35856469e-01
0.00000000e+00
0.00000000e+00
0.00000000e+00
0.00000000e+00
0.00000000e+00
0.00000000e+00
5.67360575e-01
-3.16907441e-01
-1.46341889e-01
0.00000000e+00
-1.90857090e+00
1.12326526e+00
-2.53221830e+00
-8.96029507e-01
-1.09792391e+00
-6.90767928e-01
2.40701727e-01
7.84399704e-01
-4.76503042e-01
-8.69490792e-02
0.00000000e+00
0.00000000e+00
0.00000000e+00
0.00000000e+00
2.63233005e+00
3.24760880e+00
0.00000000e+00
0.00000000e+00
0.00000000e+00
0.00000000e+00
0.00000000e+00
0.00000000e+00
-1.69306070e-01
4.54964528e-01
2.68183088e-01
-3.32074491e-01
-6.93471212e-01
-2.11614099e+00
0.00000000e+00
8.66609530e-01
0.00000000e+00
0.00000000e+00
0.00000000e+00
-2.16139209e+00
1.68533007e-01
1.60652011e-01
-4.98181103e-02
-1.92716815e-01
-8.46453788e-01
-8.63615252e-01
5.76618140e+00
6.04920640e+00
6.02336936e+00
5.82546061e+00
5.92959515e+00
6.11936011e+00
-4.87408579e-01
-7.60360027e-01
-1.21086677e-01
7.92742832e-02
-3.96485160e-01
-4.40602416e-01
3.29785633e-02
-8.39895929e-01
-6.84208427e-01
-7.42043346e-01
-1.03797750e+00
-1.29023427e+00
0.00000000e+00
0.00000000e+00
0.00000000e+00
0.00000000e+00
-1.57970496e+00
1.15999753e+00
0.00000000e+00
0.00000000e+00
1.62418986e+00
1.04233176e-01
0.00000000e+00
-1.60245461e+00
-9.61629135e-01
-1.11677373e+00
-1.62621601e+00
-4.83895557e-01
-2.58784515e+00
0.00000000e+00
0.00000000e+00
0.00000000e+00
1.54040102e+00
4.85742661e-01
-4.79887488e-01
5.78238231e-01
8.85189917e-01
6.76679054e-01
1.28465321e+00
-1.72721129e+00
-1.63564766e+00
0.00000000e+00
1.05194996e+00
-3.81509485e-01
-3.34507125e-03
-8.82941546e-01
-3.27225494e+00
-2.27605200e-01
-4.21819914e-02
-9.39787738e-01
1.06434403e-01
3.95238804e-01
-3.38187330e-02
0.00000000e+00
0.00000000e+00
0.00000000e+00
-3.62580757e-01
-1.63060242e-01
-8.40038291e-02
1.90399972e-01
-2.29055010e-01
-1.55969527e-01
-2.96663416e-01
5.08871257e-01
8.37247730e-01
0.00000000e+00
-4.52560852e-01
-2.77175839e-01
2.50402779e-02
2.98834347e-01
3.78938284e-01
-2.90925343e-01
-7.21075285e-02
2.90643224e-01
3.38555770e-02
-2.13547059e-01
-7.40092139e-01
-5.17537189e-01
0.00000000e+00
2.56365438e-01
2.73290147e-01
1.72665562e+00
-1.32794063e+00
-9.16252183e-01
-5.78328834e-01
0.00000000e+00
0.00000000e+00
0.00000000e+00
3.90172839e-01
-1.63447700e+00
-1.97225344e-01
1.03160732e+00
-6.79746634e-01
4.47320928e-01
1.28695748e+00
-1.88061453e+00
-2.77745120e-01
0.00000000e+00
5.17876159e-01
3.10442631e+00
-7.19131747e-01
-3.04560213e-01
-9.23453208e-01
-1.34906290e+00
1.59522895e-02
-5.22742698e-01
4.48960483e-02
1.07122120e+00
-2.22554950e-01
0.00000000e+00
6.06714709e-01
3.91671589e-01
-1.84775301e+00
-4.44091946e-01
0.00000000e+00
-1.17183508e+00
2.52554858e-01
2.85652244e+00
-3.62034180e-01
0.00000000e+00
-1.40366106e+00
0.00000000e+00
0.00000000e+00
1.56037108e+00
-1.60066929e+00
0.00000000e+00
0.00000000e+00
0.00000000e+00
9.91410866e-01
8.86108659e-01
9.71909063e-01
9.24043508e-01
2.28611421e+00
1.64672508e+00
1.55119515e+00
1.44531613e+00
0.00000000e+00
0.00000000e+00
8.10690628e-01
2.15020809e+00
1.25801882e+00
2.04033169e+00
1.36622793e+00
1.49722121e+00
1.71729093e+00
1.18026430e+00
1.55906477e+00
1.24975538e+00
-1.75609770e-01
0.00000000e+00
0.00000000e+00
0.00000000e+00
1.49591663e-01
0.00000000e+00
-5.89515184e-01
1.71013196e+00
0.00000000e+00
-1.52901909e-01
-1.09820843e-01
-7.83938397e-01
0.00000000e+00
0.00000000e+00
-6.15728015e-01
0.00000000e+00
0.00000000e+00
-5.62692751e-01
0.00000000e+00
-5.50512707e-01
9.02534943e-02
0.00000000e+00
0.00000000e+00
-3.08410298e-02
-1.33455170e+00
-1.22974664e+00
-1.65587484e-01
2.07412215e-01
0.00000000e+00
2.19160778e+00
0.00000000e+00
0.00000000e+00
5.31746830e-01
0.00000000e+00
0.00000000e+00
0.00000000e+00
-5.80373586e-01
0.00000000e+00
1.83271838e+00
-4.13866880e+00
0.00000000e+00
8.45508209e-01
-5.14252478e-01
1.32037704e+00
0.00000000e+00
0.00000000e+00
7.18001222e-01
0.00000000e+00
0.00000000e+00
5.51289646e-01
0.00000000e+00
1.63481623e+00
6.93353213e-01
0.00000000e+00
0.00000000e+00
-1.65988048e+00
-1.04805058e-01
1.86109826e-01
-2.30959471e-01
0.00000000e+00
-2.66117588e-01
1.12972912e-01
0.00000000e+00
0.00000000e+00
0.00000000e+00
7.60044456e-01
0.00000000e+00
0.00000000e+00
-3.79090499e-01
-3.79090499e-01
0.00000000e+00
0.00000000e+00
247
-2.69083970e+00
-1.27355427e+00
0.00000000e+00
-1.07853464e+00
-1.95019622e-01
0.00000000e+00
0.00000000e+00
0.00000000e+00
0.00000000e+00
0.00000000e+00
0.00000000e+00
0.00000000e+00
0.00000000e+00
0.00000000e+00
0.00000000e+00
0.00000000e+00
0.00000000e+00
0.00000000e+00
0.00000000e+00
0.00000000e+00
0.00000000e+00
0.00000000e+00
0.00000000e+00
0.00000000e+00
0.00000000e+00
0.00000000e+00
0.00000000e+00
0.00000000e+00
0.00000000e+00
0.00000000e+00
0.00000000e+00
0.00000000e+00
0.00000000e+00
0.00000000e+00
0.00000000e+00
0.00000000e+00
0.00000000e+00
0.00000000e+00
0.00000000e+00
0.00000000e+00
0.00000000e+00
-6.08637562e-02
-1.72326110e-02
-5.91413718e-01
6.33320669e-04
-1.72763730e+00
4.24009593e-02
0.00000000e+00
0.00000000e+00
0.00000000e+00
0.00000000e+00
0.00000000e+00
0.00000000e+00
0.00000000e+00
0.00000000e+00
0.00000000e+00
3.16151331e+00
3.93724182e+00
0.00000000e+00
2.87866877e+00
3.94393377e+00
0.00000000e+00
0.00000000e+00
0.00000000e+00
0.00000000e+00
0.00000000e+00
0.00000000e+00
-9.47298465e-01
-2.44901655e-01
-1.88572848e-01
-6.64919410e-01
-2.04840136e+00
-1.47541473e+00
-2.09820869e+00
0.00000000e+00
0.00000000e+00
0.00000000e+00
0.00000000e+00
0.00000000e+00
-2.78958111e-01
-1.05470561e-01
5.38235907e-02
-4.94618903e-01
-7.83376681e-01
-1.29035222e+00
9.33605038e+00
9.47949275e+00
9.03837927e+00
8.87941604e+00
8.84232437e+00
8.61220286e+00
0.00000000e+00
4.19706578e-02
-1.41875335e-01
7.24914743e-01
2.11120643e-01
-4.61774536e-01
0.00000000e+00
-1.35668492e+00
-8.81775114e-01
-1.55013492e+00
-3.56833510e-01
-1.05111131e+00
0.00000000e+00
-3.73582059e+00
5.61331310e+00
0.00000000e+00
1.04498089e+00
-2.64129607e+00
0.00000000e+00
-3.71554775e+00
-1.45008288e+00
-4.11942559e+00
-1.95575754e+00
-9.63468185e-01
-5.56950847e+00
0.00000000e+00
0.00000000e+00
0.00000000e+00
4.37386008e+00
6.71237084e+00
2.95970425e+00
4.80533721e+00
5.71281144e+00
4.67020367e+00
5.61508416e+00
4.00770553e+00
0.00000000e+00
0.00000000e+00
5.25094846e+00
0.00000000e+00
5.17600180e+00
2.87669933e+00
0.00000000e+00
3.00835437e+00
3.20917452e+00
0.00000000e+00
4.96748424e+00
4.58400503e+00
-2.56869844e+00
-2.25567802e-01
0.00000000e+00
2.49574596e-01
2.57264377e-02
1.43540766e+00
0.00000000e+00
0.00000000e+00
0.00000000e+00
-6.76338523e-01
-6.75056706e-01
-1.07390411e+00
-2.05062209e+00
-1.15356086e+00
-1.41983918e+00
-2.11543609e+00
-9.89378184e-01
0.00000000e+00
0.00000000e+00
-1.34061551e+00
0.00000000e+00
-1.90577034e+00
-1.59200959e-01
0.00000000e+00
-6.21361863e-01
-8.57758275e-01
0.00000000e+00
-1.14433036e+00
-1.56888715e+00
-2.34313063e+00
0.00000000e+00
3.72346180e+00
3.51317013e+00
-3.00081003e+00
-1.22451508e+00
0.00000000e+00
0.00000000e+00
5.70020109e-01
0.00000000e+00
0.00000000e+00
0.00000000e+00
0.00000000e+00
-2.91922572e+00
0.00000000e+00
0.00000000e+00
0.00000000e+00
-1.98045943e-01
1.85871989e+00
-2.83196796e-02
3.03875423e-01
1.10977832e+00
-2.38097443e-01
1.50054172e+00
-1.57551911e-01
0.00000000e+00
0.00000000e+00
2.49147003e-02
0.00000000e+00
-1.85952770e-01
2.74964717e-01
-1.50454534e+00
6.18879860e-01
5.87393379e-01
0.00000000e+00
1.53991977e+00
-4.45909266e-02
-1.00008619e+00
9.07017183e-01
-7.54012758e-01
0.00000000e+00
0.00000000e+00
8.44009973e-01
0.00000000e+00
0.00000000e+00
0.00000000e+00
1.58366198e+00
0.00000000e+00
0.00000000e+00
0.00000000e+00
0.00000000e+00
0.00000000e+00
0.00000000e+00
0.00000000e+00
0.00000000e+00
0.00000000e+00
0.00000000e+00
0.00000000e+00
0.00000000e+00
0.00000000e+00
0.00000000e+00
0.00000000e+00
0.00000000e+00
0.00000000e+00
0.00000000e+00
0.00000000e+00
-1.90710337e+00
2.73639154e+00
0.00000000e+00
0.00000000e+00
-1.91913954e+00
0.00000000e+00
0.00000000e+00
0.00000000e+00
0.00000000e+00
9.43635183e-01
9.43635183e-01
0.00000000e+00
0.00000000e+00
1 -999999999 0 0 -1
1 0 1 1 -1
-1.3842e-01 3.6400e-01
356
9.69742042e-02
0.00000000e+00
0.00000000e+00
0.00000000e+00
0.00000000e+00
0.00000000e+00
0.00000000e+00
0.00000000e+00
0.00000000e+00
0.00000000e+00
0.00000000e+00
0.00000000e+00
0.00000000e+00
0.00000000e+00
0.00000000e+00
0.00000000e+00
9.84419568e-02
-1.46775259e-03
1.23565165e+00
-7.19790085e-02
3.83832573e-01
3.62916888e-01
0.00000000e+00
0.00000000e+00
-1.28531879e+00
7.88000016e-01
0.00000000e+00
0.00000000e+00
4.37537427e-01
4.12257284e-01
3.85856935e-01
9.84419568e-02
-1.46775259e-03
-1.13720969e+00
-7.19790085e-02
1.16275497e+00
6.66515684e-01
8.25003626e-01
-4.71305712e-01
4.10648020e-01
1.66361646e+00
0.00000000e+00
0.00000000e+00
0.00000000e+00
0.00000000e+00
0.00000000e+00
0.00000000e+00
0.00000000e+00
0.00000000e+00
0.00000000e+00
0.00000000e+00
7.35168867e-02
-2.38159424e-01
-2.01833239e+00
0.00000000e+00
0.00000000e+00
0.00000000e+00
0.00000000e+00
1.24184624e-01
2.20841905e-02
3.34896594e-01
-1.64903868e-01
3.45346815e-02
-2.46669358e-01
-3.46147627e-01
-2.08264744e-01
-5.04940690e-02
6.17346977e-02
1.12978952e-01
-8.06409153e-03
-1.17863517e-02
-3.56917754e-01
-1.56914687e-03
-1.20842788e-01
6.33812117e-01
-3.11762032e-03
-7.23983101e-01
-2.92899111e-01
-2.26543971e-04
-5.15860041e-01
0.00000000e+00
0.00000000e+00
0.00000000e+00
0.00000000e+00
0.00000000e+00
0.00000000e+00
-1.24279633e+00
-9.66340580e-02
5.09956399e-01
9.35512718e-01
-4.94346188e-01
-5.06929545e-01
-1.21550646e+00
-5.90265462e-01
-2.62927798e+00
-4.91986589e-01
8.45710931e-01
1.16671114e-01
-7.37499230e-01
4.24131477e-02
-5.40784736e-01
-2.07423139e-01
0.00000000e+00
0.00000000e+00
2.19984538e+00
3.46648112e+00
0.00000000e+00
0.00000000e+00
0.00000000e+00
0.00000000e+00
0.00000000e+00
0.00000000e+00
-7.95482040e-01
-1.47714147e-01
4.61684661e-01
-4.81968494e-02
-6.34026632e-01
-9.39136164e-01
3.63871787e+00
2.30773956e-01
-2.20081254e-01
-1.13900759e+00
-8.98632620e-01
-2.52172506e+00
4.47547200e-01
8.35581316e-02
-1.79088584e-01
-1.14305263e+00
-1.08691841e+00
-5.81597942e-01
6.21043571e+00
6.21448465e+00
5.97178690e+00
6.14113314e+00
6.32445183e+00
6.30421593e+00
9.57979776e-01
8.30519965e-01
1.14316278e+00
8.66716688e-01
2.41387299e-01
-5.99318419e-01
-1.14355442e-01
-4.25788332e-01
1.89623305e-01
1.22190006e-01
-8.96091854e-02
-3.01011896e-01
0.00000000e+00
0.00000000e+00
0.00000000e+00
0.00000000e+00
-9.09954687e-01
1.82034563e+00
0.00000000e+00
0.00000000e+00
1.00692889e+00
-5.79063201e-01
0.00000000e+00
-2.21110850e+00
-8.94296765e-01
-5.45124684e-01
-1.20857441e+00
-6.13273736e-01
-2.10287117e+00
0.00000000e+00
0.00000000e+00
0.00000000e+00
1.30522582e+00
6.83010488e-01
-6.04588636e-01
4.22258120e-01
6.41206965e-01
6.59628689e-01
9.53841157e-01
-7.49360528e-01
-6.20574633e-01
0.00000000e+00
1.62992659e+00
-1.26207369e+00
-3.07048622e-01
-3.39154257e-01
-4.23649439e+00
3.29659297e-01
8.41920385e-02
-1.10661298e+00
-2.24764216e-01
6.38851618e-01
7.65446481e-02
0.00000000e+00
0.00000000e+00
0.00000000e+00
-4.09727586e-02
-2.91701323e-01
-7.76306897e-02
1.10928760e-01
-1.26539475e-01
-2.97661094e-01
-1.29690153e-01
3.89012007e-01
-9.54415401e-02
0.00000000e+00
-3.31241299e-01
2.11051566e-01
-1.47098022e-02
9.66666040e-02
5.34622816e-01
-3.69246826e-02
-1.78455971e-02
3.14688795e-01
1.25435359e-01
-2.45502844e-01
-4.34312853e-01
-2.78770912e-01
0.00000000e+00
8.03177669e-03
1.54300495e-01
1.81266748e-01
-2.93674599e-01
-1.66363061e-01
1.99856960e-01
0.00000000e+00
0.00000000e+00
0.00000000e+00
4.28359032e-01
9.10879851e-01
-1.55351508e-01
8.47884317e-01
-5.28066443e-01
4.75074810e-01
1.06896052e+00
-1.12302327e+00
-6.48160783e-02
0.00000000e+00
8.80141929e-01
8.20031949e-02
4.45356933e-02
-3.29087765e-01
-2.28679717e+00
-6.66651830e-01
-3.82332146e-01
-5.99012747e-02
8.60364869e-02
9.72008613e-01
-1.55541941e-01
0.00000000e+00
-5.78409223e-01
-2.96013989e-01
-1.66855832e+00
-6.15525853e-01
0.00000000e+00
0.00000000e+00
1.07398398e+00
3.30563872e-01
-6.60443737e-01
-2.85645989e-01
-1.05303247e+00
0.00000000e+00
0.00000000e+00
1.50979344e+00
-1.15839842e+00
0.00000000e+00
0.00000000e+00
0.00000000e+00
-2.75173051e-01
-6.42048836e-01
-4.91038017e-01
-5.40448469e-01
6.50896375e-01
3.95158798e-01
7.06860519e-01
6.85668150e-01
-2.32473775e+00
0.00000000e+00
-6.97303011e-01
2.02669513e-02
-1.46452155e-01
1.81281895e-01
2.95096541e-02
1.58577640e-01
3.76733877e-01
4.06850643e-01
5.43745514e-01
-1.96747144e-01
-1.64312493e-01
0.00000000e+00
0.00000000e+00
0.00000000e+00
-1.15249619e-01
9.55598725e-02
-4.01953724e-02
5.09407774e-02
-3.37938011e-02
1.23465305e-01
-3.93109516e-03
-6.21879253e-01
1.66215792e-01
0.00000000e+00
7.73362241e-02
-1.16672776e-01
3.26249265e-01
2.05035201e-01
-3.06688479e-01
-1.60145240e-01
-5.29624127e-02
-1.29750093e-01
3.50634481e-01
2.15187304e-02
-4.45063525e-01
-3.43433510e-01
8.78957411e-01
1.65048655e+00
1.33151356e-03
1.94679313e-01
-8.12595560e-02
-4.56853267e-01
3.76500763e-01
0.00000000e+00
0.00000000e+00
0.00000000e+00
1.41644603e-02
-5.84244663e-01
-3.41786212e-01
-1.15592217e+00
2.97532621e-01
4.38425302e-01
-7.59345714e-01
1.17116472e+00
-5.59522249e-01
0.00000000e+00
1.51946834e-01
-1.43908879e-01
9.68667492e-02
2.01834013e-02
4.59356198e-01
4.66558680e-01
1.74877375e-01
7.27935954e-01
5.36504481e-01
-6.34286116e-01
-1.01630015e-01
4.13890517e-01
4.63255677e-01
-5.34560579e-01
-7.13334895e-01
-2.01691175e-01
2.49507190e-01
3.19054407e-01
-1.73976776e-01
4.88617062e-01
-3.45088473e-01
-3.45219764e-01
-5.11643720e-01
-1.75714086e-02
-5.86526315e-02
-2.50891456e-01
247
-7.73096420e-01
0.00000000e+00
0.00000000e+00
0.00000000e+00
0.00000000e+00
0.00000000e+00
0.00000000e+00
0.00000000e+00
0.00000000e+00
0.00000000e+00
0.00000000e+00
0.00000000e+00
0.00000000e+00
0.00000000e+00
-7.73096420e-01
0.00000000e+00
1.36323855e-01
-9.09420275e-01
0.00000000e+00
0.00000000e+00
0.00000000e+00
0.00000000e+00
0.00000000e+00
-6.68351827e-01
-1.90784538e-01
0.00000000e+00
0.00000000e+00
-7.73096420e-01
0.00000000e+00
1.36323855e-01
-9.09420275e-01
0.00000000e+00
2.86811654e-01
-2.04141927e-01
0.00000000e+00
0.00000000e+00
0.00000000e+00
0.00000000e+00
0.00000000e+00
0.00000000e+00
0.00000000e+00
-7.22533607e-02
5.05363085e-03
-1.22876012e-01
-1.11989085e-03
-9.64521883e-02
-7.73023502e-03
-4.81514859e-01
5.98894270e-03
0.00000000e+00
0.00000000e+00
0.00000000e+00
0.00000000e+00
0.00000000e+00
0.00000000e+00
-1.43101010e-01
-4.66193139e-01
4.47613372e-02
1.74304267e-01
7.26943613e-02
1.54181942e+00
0.00000000e+00
0.00000000e+00
0.00000000e+00
0.00000000e+00
0.00000000e+00
0.00000000e+00
2.72377550e-02
1.99168724e-01
1.23651126e-01
4.42453311e-02
-2.73282764e-01
-9.66810953e-01
3.57298905e+00
0.00000000e+00
0.00000000e+00
0.00000000e+00
0.00000000e+00
0.00000000e+00
7.60448415e-01
5.32123300e-01
3.66559983e-01
1.83340099e-01
-5.31106309e-01
-5.85100935e-01
2.18715183e+00
2.29976235e+00
1.91413986e+00
2.51784332e+00
2.24282804e+00
2.23052617e+00
1.86030131e-01
2.95489456e-01
6.21885903e-01
3.03288367e-01
-5.61807084e-02
-7.75020594e-01
2.12050888e+00
4.81813247e-01
4.02770016e-01
-2.83240429e-02
-5.73907923e-01
-3.19198769e-01
0.00000000e+00
-3.04118039e+00
2.64773795e+00
0.00000000e+00
2.26808397e+00
-3.54507281e-02
0.00000000e+00
-1.53123892e+00
1.70416037e-02
-8.62832385e-01
1.44034840e-01
-9.27711762e-01
-8.45790781e-01
0.00000000e+00
0.00000000e+00
0.00000000e+00
4.17898968e-01
-6.19358377e-01
-1.83011519e-01
6.46985059e-02
7.08386243e-01
1.63624867e-01
5.09389057e-01
5.15137474e-01
-1.63911184e+00
0.00000000e+00
9.12532569e-02
5.83907649e-01
-3.20090749e-01
1.61922505e-01
-6.33056433e-01
7.09513841e-01
7.68806426e-01
-1.30865892e+00
-3.72805712e-01
-4.64236018e-01
1.72392282e-01
6.85895930e-01
0.00000000e+00
-4.50504369e-01
-5.15060529e-01
-8.31901121e-01
0.00000000e+00
0.00000000e+00
0.00000000e+00
2.20335715e-01
-7.23201419e-01
1.56309790e-01
7.92242694e-03
1.80869792e-01
2.57544298e-01
-1.72019155e-01
6.27653929e-01
0.00000000e+00
0.00000000e+00
3.32906210e-01
-1.94320962e-01
-7.84409815e-02
4.17035285e-01
1.19672778e+00
4.46007898e-01
-1.92027803e-02
1.66364674e-02
4.92312714e-01
-1.38330967e-01
-5.13503648e-01
0.00000000e+00
3.25019981e-02
-2.93226118e-01
-1.01818306e+00
-6.68854327e-01
0.00000000e+00
0.00000000e+00
1.74410087e-01
-3.49328736e-01
0.00000000e+00
0.00000000e+00
-2.15267853e-01
-7.83676922e-01
0.00000000e+00
0.00000000e+00
0.00000000e+00
-4.12359588e-01
7.48729355e-01
-5.87948049e-01
-3.93970296e-01
1.73608957e+00
-5.52117031e-02
2.24378948e-01
2.61735612e-01
-2.22432862e+00
0.00000000e+00
-9.80052883e-01
1.11070448e+00
-2.55976948e-01
1.97036096e-01
-1.01587733e+00
-1.78746600e-01
3.91317108e-01
9.35032456e-01
2.47961452e-01
-5.32189981e-01
2.57211008e-01
9.23846020e-01
5.29171304e-01
2.86281684e-01
-2.36104932e-02
-1.53914481e+00
0.00000000e+00
0.00000000e+00
0.00000000e+00
6.46938479e-01
1.04115508e+00
5.31867726e-01
9.02317975e-01
-5.60939161e-01
6.07354847e-01
6.65405237e-01
-1.13064337e+00
2.02484902e+00
0.00000000e+00
9.63566420e-01
0.00000000e+00
5.76521213e-01
5.18737629e-01
0.00000000e+00
1.89552200e-01
3.43484534e-01
0.00000000e+00
6.27755387e-01
1.32332949e+00
-6.66635012e-01
1.06058337e+00
8.57820009e-01
2.79988745e-01
-1.04088793e+00
-7.79811180e-01
1.11401231e+00
1.03530002e-01
-1.66967808e+00
-2.61076750e-01
1.65063979e+00
8.75623029e-01
0.00000000e+00
2 1
-8.8736e-01 1.8577e-01
2 1
0 1 
217
2.70921994e-01
1.96787172e-01
2.96056294e-01
-1.35201862e+00
9.26503047e-03
2.01762873e-02
4.37345409e-02
-2.53978970e-01
-2.52515161e-01
1.87964274e-02
7.04981376e-02
1.30830824e+00
3.99939445e-01
9.28678333e-01
3.05438505e-01
1.23718765e-02
9.37028553e-01
-1.09801817e+00
1.06728288e-03
1.48259928e+00
1.17704014e+00
-1.11000794e-03
2.03838968e-01
-1.13538487e-01
-1.30684311e-03
7.48469928e-01
0.00000000e+00
0.00000000e+00
0.00000000e+00
0.00000000e+00
0.00000000e+00
0.00000000e+00
0.00000000e+00
3.53089872e-01
1.04456636e+00
1.82823957e+00
0.00000000e+00
-3.30411524e-01
6.01333517e-01
0.00000000e+00
0.00000000e+00
0.00000000e+00
0.00000000e+00
0.00000000e+00
0.00000000e+00
-1.42280211e-01
-1.88131313e-01
6.01333517e-01
0.00000000e+00
0.00000000e+00
0.00000000e+00
0.00000000e+00
0.00000000e+00
0.00000000e+00
0.00000000e+00
0.00000000e+00
0.00000000e+00
0.00000000e+00
0.00000000e+00
0.00000000e+00
6.01333517e-01
-1.88131313e-01
-1.42280211e-01
9.77133956e-01
-1.16526527e+00
0.00000000e+00
3.79049621e-01
1.45099867e+00
8.00036848e-02
1.16366560e+00
0.00000000e+00
3.36313472e-01
-2.22999578e+00
4.39904383e-01
-1.42851570e+00
-2.67021779e-02
-4.16967609e-01
0.00000000e+00
0.00000000e+00
0.00000000e+00
0.00000000e+00
0.00000000e+00
0.00000000e+00
0.00000000e+00
0.00000000e+00
0.00000000e+00
0.00000000e+00
0.00000000e+00
0.00000000e+00
0.00000000e+00
0.00000000e+00
0.00000000e+00
0.00000000e+00
0.00000000e+00
0.00000000e+00
0.00000000e+00
0.00000000e+00
0.00000000e+00
0.00000000e+00
0.00000000e+00
0.00000000e+00
0.00000000e+00
0.00000000e+00
0.00000000e+00
0.00000000e+00
0.00000000e+00
0.00000000e+00
0.00000000e+00
0.00000000e+00
0.00000000e+00
0.00000000e+00
0.00000000e+00
0.00000000e+00
0.00000000e+00
0.00000000e+00
0.00000000e+00
0.00000000e+00
0.00000000e+00
0.00000000e+00
-1.83101835e+00
-3.23977207e+00
-1.22657890e+00
0.00000000e+00
0.00000000e+00
0.00000000e+00
4.17529557e-01
-2.53418417e+00
-1.08503433e+00
-3.87968147e-01
-1.68250763e-01
1.41534279e+00
-3.40462814e-01
6.45590474e-02
-3.14593904e-02
0.00000000e+00
8.41220967e-01
-4.73440604e-01
-1.33430891e+00
2.99427628e-01
1.03532690e+00
1.51250364e+00
6.15042445e-01
-7.83703244e-01
-4.86450765e-01
1.97731268e-01
-2.80738452e-01
0.00000000e+00
0.00000000e+00
0.00000000e+00
9.75765729e-02
9.06763310e-01
1.89591209e-01
6.15261650e-01
1.75239669e-02
-8.54635772e-01
3.77908985e-01
-1.08073695e-01
-6.78107862e-01
0.00000000e+00
-2.20546341e-01
-9.01878831e-02
1.95991444e-01
-1.27256903e-01
-5.22415229e-01
-4.42308283e-01
-9.98668534e-02
-1.07741633e-01
2.88657152e-01
2.81127713e-01
-1.88116713e+00
0.00000000e+00
0.00000000e+00
0.00000000e+00
8.30514927e-01
3.43329283e+00
6.46104375e-01
-2.73758509e-01
6.57796238e-01
-7.71163502e-01
-1.68901110e-01
1.02840655e+00
-1.73316872e-02
0.00000000e+00
-1.30436834e-01
3.23415211e+00
-8.65307104e-01
7.65836240e-01
4.17382859e-01
1.28768150e+00
6.90525950e-01
2.79386297e-01
-5.01778007e-01
-9.66113861e-01
-1.82885351e+00
0.00000000e+00
0.00000000e+00
0.00000000e+00
1.09685319e+00
5.46729621e-02
7.50793381e-01
1.19742281e+00
8.18099980e-01
1.89729190e+00
1.51032165e+00
1.42144739e+00
-4.11164790e-02
0.00000000e+00
1.45398039e+00
7.80419541e-01
1.23818493e+00
1.11765082e+00
1.45311575e+00
1.11072406e+00
1.41380416e+00
6.43234718e-01
1.63004872e+00
1.73703155e+00
136
1.78133206e+00
1.58106585e+00
-3.59214533e-02
2.51247260e-01
-1.27978829e-03
1.62179064e-01
-3.93802836e-03
-2.13160114e-01
7.42833362e-04
0.00000000e+00
0.00000000e+00
0.00000000e+00
0.00000000e+00
0.00000000e+00
0.00000000e+00
1.54839881e-01
2.67731502e-01
7.22019248e-01
7.10408709e-01
-2.72759673e-01
6.89826096e-01
1.36426564e+00
0.00000000e+00
0.00000000e+00
0.00000000e+00
0.00000000e+00
0.00000000e+00
-2.72759673e-01
1.60157362e-01
5.29668734e-01
1.36426564e+00
0.00000000e+00
0.00000000e+00
0.00000000e+00
0.00000000e+00
0.00000000e+00
0.00000000e+00
0.00000000e+00
0.00000000e+00
0.00000000e+00
0.00000000e+00
0.00000000e+00
0.00000000e+00
0.00000000e+00
0.00000000e+00
0.00000000e+00
5.91463588e-01
-3.34554527e-01
4.05709830e-01
-2.77822218e-02
-1.35275115e-01
2.04232047e-02
-1.33025516e-01
-7.44268133e-01
1.99887245e-01
-1.56172249e+00
0.00000000e+00
0.00000000e+00
0.00000000e+00
0.00000000e+00
1.36426564e+00
5.29668734e-01
1.60157362e-01
0.00000000e+00
0.00000000e+00
0.00000000e+00
0.00000000e+00
0.00000000e+00
0.00000000e+00
0.00000000e+00
0.00000000e+00
0.00000000e+00
0.00000000e+00
0.00000000e+00
0.00000000e+00
0.00000000e+00
0.00000000e+00
0.00000000e+00
0.00000000e+00
0.00000000e+00
0.00000000e+00
0.00000000e+00
0.00000000e+00
0.00000000e+00
0.00000000e+00
0.00000000e+00
-1.82656554e+00
-1.52154918e+00
-1.60228205e+00
0.00000000e+00
0.00000000e+00
0.00000000e+00
5.59584317e-01
-1.95709249e+00
-1.27985033e-01
1.39369429e-01
-1.00489966e-01
3.84772282e-01
6.16795914e-01
1.09761637e+00
-1.81655616e+00
0.00000000e+00
2.71445612e-01
-6.64282536e-01
-6.10262996e-01
2.20485013e-01
9.87296041e-01
9.98796833e-01
6.03620294e-01
-1.80697889e+00
-2.72205865e-01
-1.26210221e-01
-1.96386205e+00
0.00000000e+00
0.00000000e+00
0.00000000e+00
1.75792741e-01
2.15790295e+00
-7.46801019e-01
-1.79991136e-01
-2.00311355e-01
2.19898220e-01
5.36744284e-01
1.61616728e-01
-2.32104975e+00
0.00000000e+00
-3.45316845e-01
2.45032254e+00
-9.57443741e-01
2.99399993e-02
-8.70044348e-01
1.92510588e-01
1.93694759e-01
-1.76512229e+00
-4.71627182e-01
-2.24577188e-01
6 1
-1.1889e+00 2.5513e-01
3 1
0 1 2 
217
1.12377470e+00
-2.54045858e-01
1.25050185e-01
1.52213778e-01
-9.27723183e-02
-7.34980337e-01
6.29405233e-01
-7.30114378e-01
-3.00644017e-01
-2.73187770e-02
1.74177165e-01
-9.94026135e-02
0.00000000e+00
0.00000000e+00
8.81824021e-01
-3.33510806e-02
7.59249560e-01
1.51854565e+00
-1.38243469e-04
2.69469533e-01
8.68476274e-01
-1.20109407e-02
-1.18672792e-02
-2.14507124e+00
-3.80008373e-03
1.28425588e+00
0.00000000e+00
0.00000000e+00
0.00000000e+00
0.00000000e+00
0.00000000e+00
0.00000000e+00
0.00000000e+00
-9.85678482e-02
9.53729837e-01
7.39808957e-01
0.00000000e+00
-9.35660900e-02
3.60622411e-01
8.56718383e-01
0.00000000e+00
0.00000000e+00
0.00000000e+00
0.00000000e+00
0.00000000e+00
3.63741215e-01
-4.57307305e-01
7.75468814e-01
0.00000000e+00
-1.03454317e+00
6.19696768e-01
8.56718383e-01
0.00000000e+00
0.00000000e+00
0.00000000e+00
0.00000000e+00
0.00000000e+00
0.00000000e+00
0.00000000e+00
0.00000000e+00
5.97644026e-01
1.62389463e-01
3.63741215e-01
8.84053339e-01
-7.21663876e-01
0.00000000e+00
2.97592620e-01
1.41523074e+00
6.63792621e-01
1.61086563e+00
0.00000000e+00
-2.68303128e-01
-1.18041869e+00
1.76782859e+00
-1.86121407e+00
2.67480710e-02
-1.76681550e+00
0.00000000e+00
6.81902724e-01
-1.17103624e+00
-1.53752588e-01
-9.06871632e-02
5.95624568e-01
-1.00366007e+00
0.00000000e+00
0.00000000e+00
0.00000000e+00
0.00000000e+00
0.00000000e+00
0.00000000e+00
0.00000000e+00
0.00000000e+00
0.00000000e+00
0.00000000e+00
0.00000000e+00
0.00000000e+00
0.00000000e+00
0.00000000e+00
0.00000000e+00
0.00000000e+00
0.00000000e+00
0.00000000e+00
0.00000000e+00
0.00000000e+00
0.00000000e+00
0.00000000e+00
0.00000000e+00
0.00000000e+00
0.00000000e+00
0.00000000e+00
0.00000000e+00
0.00000000e+00
0.00000000e+00
0.00000000e+00
0.00000000e+00
0.00000000e+00
0.00000000e+00
0.00000000e+00
0.00000000e+00
-1.31843568e+00
-3.04526369e+00
-6.57952495e-01
0.00000000e+00
0.00000000e+00
0.00000000e+00
1.06111272e+00
-9.20547728e-01
3.78953430e-01
3.67107690e+00
2.64579839e-01
1.36170274e+00
5.56280931e-01
4.94820856e-02
-3.01537169e-01
0.00000000e+00
-8.75730981e-01
-2.32295806e+00
-1.33769288e+00
6.70707448e-01
-9.46616323e-01
1.46828303e+00
-5.01141022e-01
-1.61872156e+00
-2.23827274e+00
9.23086847e-01
-6.37382708e-01
0.00000000e+00
0.00000000e+00
0.00000000e+00
1.10531118e-01
-6.72964699e-01
-4.24804101e-02
-7.53433902e-01
-6.52351519e-01
-8.71678839e-01
2.40499652e-01
2.10568287e-01
-4.84659685e-01
0.00000000e+00
6.72260693e-01
-1.73292242e-01
3.84328148e-01
-1.39175338e-01
3.01655925e-01
-8.84401111e-01
6.38769848e-01
3.81730132e-01
1.15779576e+00
-6.10845297e-02
-2.21718311e+00
0.00000000e+00
0.00000000e+00
0.00000000e+00
7.46179157e-01
1.91622670e+00
7.31649098e-01
-8.38486710e-01
7.73492282e-01
-7.56823403e-01
1.08804447e+00
9.30916975e-01
-2.06629664e-03
0.00000000e+00
1.80592152e+00
3.47400676e+00
-1.77857872e-01
8.38579887e-01
-5.16782634e-01
1.50165378e+00
9.82296282e-01
-3.42083905e-01
-3.82617249e-01
-7.16087323e-02
-1.73782809e+00
0.00000000e+00
0.00000000e+00
0.00000000e+00
8.14187831e-01
1.31571619e+00
2.97087384e-01
1.57320143e+00
6.78201426e-01
2.31216590e+00
8.77028924e-01
1.36378498e+00
-2.96505992e-03
0.00000000e+00
2.73307741e-01
9.69427877e-02
1.57559114e+00
9.36651259e-01
1.91213639e+00
1.23309017e+00
8.57731383e-01
9.00769778e-01
1.26436929e+00
1.31063883e+00
136
1.23931073e+00
1.22109486e+00
-2.41843817e-02
3.48286431e-01
-2.68040309e-03
8.41733734e-02
-5.01090607e-03
-4.14243931e-01
1.11667694e-03
0.00000000e+00
0.00000000e+00
0.00000000e+00
0.00000000e+00
0.00000000e+00
0.00000000e+00
1.72009123e-01
1.45573435e-01
4.94125180e-01
4.67746926e-01
-8.57977436e-02
6.78068599e-02
7.48874327e-01
5.08427291e-01
0.00000000e+00
0.00000000e+00
0.00000000e+00
0.00000000e+00
-8.57977436e-02
-2.92351507e-01
3.60158367e-01
9.70112507e-01
0.00000000e+00
1.35883221e-01
-3.57121401e-01
5.08427291e-01
0.00000000e+00
0.00000000e+00
0.00000000e+00
0.00000000e+00
0.00000000e+00
0.00000000e+00
0.00000000e+00
0.00000000e+00
0.00000000e+00
0.00000000e+00
0.00000000e+00
4.51937775e-01
-5.34698552e-01
6.13978014e-01
3.04221565e-01
0.00000000e+00
-3.85171692e-02
-2.03748861e-01
-4.24551792e-01
4.29075645e-01
-1.46488721e+00
0.00000000e+00
9.52121624e-01
4.53537810e-01
2.28449731e-01
-8.38876472e-01
3.03696600e-03
-2.92351507e-01
0.00000000e+00
0.00000000e+00
0.00000000e+00
0.00000000e+00
0.00000000e+00
0.00000000e+00
0.00000000e+00
0.00000000e+00
0.00000000e+00
0.00000000e+00
0.00000000e+00
0.00000000e+00
0.00000000e+00
0.00000000e+00
0.00000000e+00
0.00000000e+00
0.00000000e+00
0.00000000e+00
0.00000000e+00
0.00000000e+00
0.00000000e+00
0.00000000e+00
0.00000000e+00
-1.78516374e+00
-1.75206422e+00
-1.54585182e+00
0.00000000e+00
0.00000000e+00
0.00000000e+00
5.25108601e-01
-1.77955136e+00
-1.54500602e-01
1.25086427e-01
-9.05606099e-02
3.15487808e-01
5.94171859e-01
1.04628618e+00
-1.72721362e+00
0.00000000e+00
2.48500128e-01
-5.78624434e-01
-6.19863404e-01
1.88129334e-01
9.79081657e-01
1.01612088e+00
5.66812103e-01
-1.82640007e+00
-2.48738697e-01
-1.25183998e-01
-2.08385052e+00
0.00000000e+00
0.00000000e+00
0.00000000e+00
2.10678405e-01
1.99652533e+00
-6.44301815e-01
-1.48336431e-01
-1.96522297e-01
1.58053969e-01
5.49634354e-01
1.89290744e-01
-2.37754805e+00
0.00000000e+00
-2.74519474e-01
2.24418023e+00
-1.10300686e+00
6.81126925e-02
-9.04557535e-01
2.09153207e-01
3.58484181e-01
-1.78210420e+00
-4.37790759e-01
-1.99276206e-01
3 1
-1.5838e+00 3.1480e-01
4 0
0 1 2 6 
217
1.29831454e+00
-3.79929693e-01
-8.18888979e-01
0.00000000e+00
2.64979332e-01
4.30450450e+00
5.03310532e+00
-3.92161971e-01
4.08090037e+00
-2.20090436e+00
0.00000000e+00
0.00000000e+00
0.00000000e+00
0.00000000e+00
4.42248977e+00
-2.19471047e-02
-2.94243402e-01
2.86337858e+00
-3.06211022e-02
1.51320943e-01
0.00000000e+00
0.00000000e+00
0.00000000e+00
0.00000000e+00
0.00000000e+00
0.00000000e+00
0.00000000e+00
0.00000000e+00
0.00000000e+00
0.00000000e+00
0.00000000e+00
0.00000000e+00
0.00000000e+00
-3.80165801e+00
-4.34933819e+00
0.00000000e+00
0.00000000e+00
1.07834477e+00
-1.36540956e+00
2.37858668e-01
1.34752066e+00
0.00000000e+00
0.00000000e+00
0.00000000e+00
0.00000000e+00
2.29814053e-01
8.48530714e-01
2.26974377e+00
0.00000000e+00
0.00000000e+00
0.00000000e+00
-1.51648754e+00
0.00000000e+00
0.00000000e+00
7.43921887e+00
3.78201381e+00
0.00000000e+00
0.00000000e+00
0.00000000e+00
1.34752066e+00
1.53028429e+00
-4.61783800e-01
2.29814053e-01
0.00000000e+00
-4.61783800e-01
0.00000000e+00
1.20205630e+00
1.46837243e+00
5.58042042e-01
1.61525940e+00
0.00000000e+00
2.82182464e-01
-5.38059295e-01
1.95042558e+00
-6.75280300e-01
3.47058133e+00
4.95881239e+00
0.00000000e+00
-2.45432928e+00
0.00000000e+00
1.38816521e+00
-1.88757252e+00
-1.24460146e+00
-2.39972539e+00
0.00000000e+00
5.62719164e-01
4.12262602e-02
-1.52691609e+00
4.28134500e-01
-1.34656861e+00
2.20379055e-01
0.00000000e+00
0.00000000e+00
0.00000000e+00
0.00000000e+00
0.00000000e+00
0.00000000e+00
0.00000000e+00
0.00000000e+00
0.00000000e+00
0.00000000e+00
0.00000000e+00
0.00000000e+00
0.00000000e+00
0.00000000e+00
0.00000000e+00
0.00000000e+00
0.00000000e+00
0.00000000e+00
0.00000000e+00
0.00000000e+00
0.00000000e+00
0.00000000e+00
0.00000000e+00
0.00000000e+00
0.00000000e+00
0.00000000e+00
0.00000000e+00
0.00000000e+00
-1.93125026e+00
-2.76961939e+00
-2.75523996e+00
0.00000000e+00
0.00000000e+00
0.00000000e+00
1.89661181e-01
-3.33942476e-02
3.29545474e+00
5.75376110e-01
-3.35052760e-03
-7.82033965e-01
1.71767477e+00
1.09464209e+00
2.41401970e+00
0.00000000e+00
1.48764567e+00
-9.18411273e-04
2.20922103e+00
-3.44305591e+00
4.54306674e+00
2.91423430e+00
1.22558035e+00
-2.18330717e-01
4.86685715e+00
-4.59311313e-01
-3.28994562e-01
0.00000000e+00
0.00000000e+00
0.00000000e+00
1.56433263e+00
-3.61650066e-02
-1.85554521e+00
9.21727508e-01
-3.99585923e-03
1.71984035e+00
-4.51710026e-02
7.69972907e-01
-1.94056034e+00
0.00000000e+00
-5.01350391e-01
-2.36435903e-03
-1.57696153e+00
3.21529988e+00
-1.18336598e+00
-1.33627316e+00
-1.89614606e-01
-3.10994027e-01
-3.04877045e+00
1.30150407e+00
-3.70505034e+00
0.00000000e+00
0.00000000e+00
0.00000000e+00
-6.20825854e-01
5.09635210e+00
2.16646466e-01
-1.58996787e-02
2.09074313e+00
1.82059259e+00
3.13071233e+00
7.55754840e-01
4.62657161e+00
0.00000000e+00
1.38874006e-01
4.87352355e+00
6.63305582e-01
-9.80615548e-04
2.06304797e+00
3.94499540e+00
2.94700246e+00
0.00000000e+00
-2.07654470e+00
-9.48964344e-03
-4.46094480e-01
0.00000000e+00
0.00000000e+00
0.00000000e+00
8.86652224e-01
-3.07846608e+00
1.03585353e+00
-1.70598736e-02
-2.51820221e-01
4.65458734e-01
7.39508766e-01
3.96783154e-01
-2.46998117e+00
0.00000000e+00
1.34139629e-01
-2.15478769e+00
2.49094184e-01
-2.22245315e-03
-1.21087230e-01
-1.63704105e+00
-1.24416100e+00
0.00000000e+00
1.65095722e+00
-1.53452843e-02
136
2.66681047e+00
1.05268661e+00
-7.08723374e-03
8.13227263e-01
-7.02310061e-03
5.81783989e-01
1.05700129e-03
2.19112611e-01
-1.24852076e-03
0.00000000e+00
0.00000000e+00
0.00000000e+00
0.00000000e+00
0.00000000e+00
0.00000000e+00
1.24334828e+00
7.18065634e-01
7.13192531e-01
0.00000000e+00
0.00000000e+00
-5.71933295e-02
1.09475097e+00
9.66093585e-01
1.01596157e+00
0.00000000e+00
0.00000000e+00
0.00000000e+00
0.00000000e+00
-6.51249516e-01
5.94056187e-01
2.13549159e+00
0.00000000e+00
9.76553507e-01
-1.32447850e+00
1.79970964e+00
0.00000000e+00
-1.92727893e-02
-6.73542837e-01
1.38968987e+00
0.00000000e+00
-1.10407254e+00
-1.11923339e+00
1.01596157e+00
0.00000000e+00
0.00000000e+00
0.00000000e+00
0.00000000e+00
-2.87600086e+00
7.31670175e-03
-6.69796950e-01
0.00000000e+00
1.65177553e-01
-1.31602122e+00
-8.43469351e-01
3.17507089e-01
-2.42633692e+00
1.26783200e+00
1.15453818e+00
-4.78399277e-02
4.79902984e-01
-1.12999156e+00
-1.25536654e+00
1.25819907e+00
2.97522276e-01
4.44252639e-01
1.57744846e-01
0.00000000e+00
0.00000000e+00
0.00000000e+00
0.00000000e+00
0.00000000e+00
0.00000000e+00
0.00000000e+00
0.00000000e+00
0.00000000e+00
0.00000000e+00
0.00000000e+00
0.00000000e+00
0.00000000e+00
0.00000000e+00
0.00000000e+00
0.00000000e+00
0.00000000e+00
0.00000000e+00
0.00000000e+00
0.00000000e+00
-1.48586517e+00
-1.46713811e+00
-1.78001095e+00
0.00000000e+00
0.00000000e+00
0.00000000e+00
3.92872122e-01
-9.64618547e-01
-2.84106308e-01
4.66852930e-01
-2.95134182e-01
3.36913452e-01
5.92933544e-01
8.43779423e-01
-1.06999949e+00
0.00000000e+00
-2.07014096e-01
-1.73363115e+00
-6.93814890e-01
4.02806036e-01
1.08956667e+00
6.37165994e-01
4.60672933e-01
-1.40716147e+00
-5.30307926e-01
1.82214007e-01
-1.62998603e+00
0.00000000e+00
0.00000000e+00
0.00000000e+00
4.10456919e-01
-7.14532408e-01
-6.63868847e-01
2.17028316e-01
9.09370338e-02
6.65782852e-01
4.55317190e-01
8.31205815e-02
-1.99783217e+00
0.00000000e+00
-3.27647118e-02
-5.21417435e-02
-4.29966530e-01
2.44025416e-01
-3.67469300e-01
4.08648615e-01
6.95443951e-01
-9.55144085e-01
-1.00294276e-01
4.13267165e-01
7 2
-2.0109e+00 3.6586e-01
5 -1
0 1 2 6 3 
217
6.82772928e-01
-6.18377835e-01
1.10098015e+00
1.05331533e+00
1.49429922e-01
5.99369253e-01
6.30371228e-01
3.89274891e-01
-1.11949964e-01
1.59074060e+00
1.55804106e+00
-2.91914215e+00
0.00000000e+00
0.00000000e+00
0.00000000e+00
0.00000000e+00
0.00000000e+00
0.00000000e+00
0.00000000e+00
0.00000000e+00
0.00000000e+00
0.00000000e+00
0.00000000e+00
7.76583749e-01
8.38286714e-03
-2.40100102e-01
0.00000000e+00
0.00000000e+00
0.00000000e+00
0.00000000e+00
0.00000000e+00
0.00000000e+00
0.00000000e+00
-2.99837809e+00
-2.44218803e+00
0.00000000e+00
0.00000000e+00
-1.40233279e-01
-4.88496668e-01
-9.36718449e-01
9.33158044e-01
1.31506328e+00
0.00000000e+00
0.00000000e+00
0.00000000e+00
5.18549942e-01
-1.91105262e+00
8.58485222e-01
0.00000000e+00
0.00000000e+00
-1.50137883e+00
1.08126794e+00
0.00000000e+00
0.00000000e+00
5.32243625e-01
2.08336370e+00
0.00000000e+00
0.00000000e+00
0.00000000e+00
-1.89969365e+00
2.37210612e-01
-7.29876264e-02
5.18549942e-01
1.40570827e+00
-7.69664293e-01
0.00000000e+00
-3.21149302e-01
2.57309204e-01
3.67878253e-01
1.00135039e+00
0.00000000e+00
-1.14107701e+00
0.00000000e+00
1.82377626e+00
-7.51705354e-01
9.35690942e-01
-1.26319105e+00
0.00000000e+00
-5.17819052e-01
0.00000000e+00
-2.44494683e-01
1.34155826e+00
2.38070393e+00
-2.65184722e-01
0.00000000e+00
-8.73182842e-02
6.95089637e-01
1.16851687e-01
1.49117561e+00
1.58885679e+00
2.19311367e+00
1.11897981e+00
-1.68659623e-01
0.00000000e+00
3.02998627e-01
-2.45722567e+00
-5.70545883e-01
-3.06290005e-01
0.00000000e+00
0.00000000e+00
0.00000000e+00
0.00000000e+00
0.00000000e+00
0.00000000e+00
0.00000000e+00
0.00000000e+00
0.00000000e+00
0.00000000e+00
0.00000000e+00
0.00000000e+00
0.00000000e+00
0.00000000e+00
0.00000000e+00
0.00000000e+00
0.00000000e+00
0.00000000e+00
0.00000000e+00
0.00000000e+00
0.00000000e+00
-1.76900369e+00
-2.86198340e+00
-3.29611260e+00
0.00000000e+00
0.00000000e+00
0.00000000e+00
1.52921934e+00
-6.93740091e-03
1.93242396e+00
6.58046679e-01
0.00000000e+00
2.01769610e+00
1.23135991e+00
1.62452672e-01
-4.17340100e-02
0.00000000e+00
-6.72528643e-01
0.00000000e+00
1.16224067e+00
1.04062652e-01
-8.68681549e-01
-1.19431956e+00
-2.10575669e-01
-1.14595110e-01
6.43162654e-02
1.52705557e+00
-4.54226032e-01
0.00000000e+00
0.00000000e+00
0.00000000e+00
5.68617296e-01
-1.58769065e-02
-3.10675008e-01
1.30215405e+00
0.00000000e+00
9.52211046e-02
3.50225843e-01
1.04344131e+00
-1.06256463e-01
0.00000000e+00
1.61215511e+00
0.00000000e+00
-3.24153727e-02
1.43230013e+00
2.35418677e+00
1.17692243e+00
1.10217156e+00
-2.61320680e-01
8.32561100e-01
2.07364512e-01
-3.28827395e+00
0.00000000e+00
0.00000000e+00
0.00000000e+00
-1.92435676e-01
-1.03410305e+00
8.39408433e-01
-2.65244547e+00
1.84613838e-01
-2.95003531e+00
2.79325111e+00
-2.06059116e+00
-7.21938070e-04
0.00000000e+00
5.88860106e-03
1.00194821e+00
2.48677308e+00
-4.30085142e-04
5.25142097e+00
2.48862958e+00
1.75464457e+00
0.00000000e+00
-1.04573795e+00
-7.89153197e-01
-6.90009865e-01
0.00000000e+00
0.00000000e+00
0.00000000e+00
1.19094070e+00
2.03147662e+00
-6.52281552e-02
1.85266403e+00
8.66425939e-01
2.50154998e+00
-7.42075996e-01
1.89004976e+00
-2.53594606e-03
0.00000000e+00
9.79607406e-01
1.79567589e+00
-4.38363818e-01
-1.67128406e-03
-1.94072028e+00
-1.83768429e-01
4.26982032e-01
0.00000000e+00
1.74241038e+00
1.55147185e+00
136
8.51001556e-01
0.00000000e+00
0.00000000e+00
1.30452224e-02
1.78659486e-02
5.05725383e-01
2.31427278e-03
3.60455575e-01
1.72204494e-03
0.00000000e+00
0.00000000e+00
0.00000000e+00
0.00000000e+00
0.00000000e+00
0.00000000e+00
1.41141695e-01
1.61170067e-01
3.07299231e-01
2.92312290e-01
1.31786269e-01
5.72671579e-02
2.13959333e-01
-7.35563607e-02
1.09091392e-01
4.12453764e-01
0.00000000e+00
0.00000000e+00
1.31786269e-01
-3.63350221e-01
-5.56220125e-01
5.66407578e-01
0.00000000e+00
9.70198888e-01
-3.94147603e-01
4.29007619e-01
0.00000000e+00
1.77610647e-01
-6.83598673e-02
7.89678328e-01
0.00000000e+00
-1.45458183e+00
5.52740646e-01
7.02312252e-02
0.00000000e+00
0.00000000e+00
0.00000000e+00
1.64451321e-01
-4.98652001e-01
7.24327015e-01
1.19382760e-01
-7.95426296e-02
1.30531580e-01
-6.68867825e-01
-2.98201824e-01
5.66563032e-01
-1.44508694e+00
2.24471913e-01
4.53080696e-01
2.32610872e-01
1.38121242e-01
-6.27379455e-01
-2.50128805e-01
1.95860272e-01
-1.39937801e-01
2.64113584e-01
3.95691529e-01
7.39370901e-01
1.63787657e-01
-6.46717909e-01
1.57914974e-01
0.00000000e+00
0.00000000e+00
0.00000000e+00
0.00000000e+00
0.00000000e+00
0.00000000e+00
0.00000000e+00
0.00000000e+00
0.00000000e+00
0.00000000e+00
0.00000000e+00
0.00000000e+00
0.00000000e+00
0.00000000e+00
0.00000000e+00
0.00000000e+00
-1.77418654e+00
-1.79164711e+00
-1.56231423e+00
0.00000000e+00
0.00000000e+00
0.00000000e+00
5.58728825e-01
-1.82639029e+00
-1.22945211e-01
1.65978546e-01
-1.55585040e-01
3.21894517e-01
6.40888071e-01
1.06530816e+00
-1.84296908e+00
0.00000000e+00
2.70121281e-01
-6.86512994e-01
-6.72905069e-01
2.53652472e-01
9.31040263e-01
9.52405226e-01
5.65920265e-01
-1.67774610e+00
-2.57738431e-01
-4.54596409e-02
-2.07842374e+00
0.00000000e+00
0.00000000e+00
0.00000000e+00
1.39865053e-01
2.01371195e+00
-6.64319568e-01
-4.48363434e-02
-3.55645720e-01
2.11116497e-01
6.16489197e-01
2.18881909e-01
-2.48632704e+00
0.00000000e+00
-3.97799449e-01
2.38251677e+00
-1.00060914e+00
1.00262571e-01
-7.10640083e-01
2.11043399e-01
2.50205244e-01
-1.65906220e+00
-5.72744331e-01
-3.30532469e-01
5 1
-2.7084e+00 3.7569e-01
6 1
0 1 2 6 3 7 
217
-4.09011163e-01
-2.03435203e-01
9.85530364e-01
-1.30547469e+00
0.00000000e+00
0.00000000e+00
-4.20384629e+00
3.99482305e+00
-1.46573184e+00
1.77478823e+00
3.40606763e-01
-4.65905398e-01
1.02236386e+00
6.15604746e-01
5.62541205e-01
-7.45326277e-02
2.34459849e+00
-3.34737408e+00
2.28151669e-02
2.17968945e+00
1.28350598e-01
-1.26086848e-02
1.88482969e+00
2.24747111e+00
3.40352150e-03
1.09386372e+00
0.00000000e+00
0.00000000e+00
0.00000000e+00
0.00000000e+00
0.00000000e+00
0.00000000e+00
0.00000000e+00
-2.25235674e+00
-9.31808504e-01
3.51348275e-01
0.00000000e+00
-4.41574771e-01
6.66187350e-01
-2.09477480e+00
-1.20552454e+00
0.00000000e+00
0.00000000e+00
0.00000000e+00
0.00000000e+00
-7.71458641e-01
-1.79546784e+00
-9.81930204e-02
0.00000000e+00
0.00000000e+00
-8.85744927e-02
3.22198918e+00
0.00000000e+00
0.00000000e+00
-9.08694437e-01
1.68947517e+00
0.00000000e+00
0.00000000e+00
0.00000000e+00
2.84550060e-01
-2.12721750e-01
-4.38811115e-01
2.42521702e-01
-3.38642940e-01
-9.42539144e-01
0.00000000e+00
-3.64105508e-01
2.98444570e+00
1.23627643e+00
2.63518478e-01
0.00000000e+00
-2.91830102e+00
0.00000000e+00
2.25344118e+00
2.08671939e-01
1.56319812e+00
7.30989505e-01
0.00000000e+00
1.26739127e+00
0.00000000e+00
-2.36112825e-01
1.07067411e+00
-1.32940156e-01
-8.71192525e-01
0.00000000e+00
7.47872593e-01
2.27320783e+00
-8.30796799e-01
1.35048733e+00
9.81262490e-01
-1.05154550e+00
1.28739826e+00
-1.18933136e-01
0.00000000e+00
-4.08433367e-02
1.64517423e+00
-1.53663295e+00
-4.36858565e-01
0.00000000e+00
-6.34019872e-01
0.00000000e+00
0.00000000e+00
0.00000000e+00
9.44111059e-01
6.55837679e-01
0.00000000e+00
0.00000000e+00
0.00000000e+00
0.00000000e+00
0.00000000e+00
0.00000000e+00
0.00000000e+00
0.00000000e+00
0.00000000e+00
0.00000000e+00
0.00000000e+00
0.00000000e+00
0.00000000e+00
0.00000000e+00
-3.02847239e+00
-4.95587933e+00
-3.01455361e-01
0.00000000e+00
0.00000000e+00
0.00000000e+00
1.10517208e+00
1.63117888e-01
6.41069545e-01
1.02369118e-01
-3.32158078e+00
1.52264128e+00
1.64497557e+00
1.50597853e+00
-1.23108454e+00
0.00000000e+00
1.57846369e+00
0.00000000e+00
-4.73513579e-01
-1.62687399e+00
3.02432665e-01
3.50142933e+00
3.36449217e+00
-4.66380465e-01
-5.06445263e+00
-2.97458792e+00
-1.31655929e+00
0.00000000e+00
0.00000000e+00
0.00000000e+00
4.89680700e-01
-4.97063595e-01
-5.03029778e-01
6.57763927e-01
9.37185543e-01
-4.55680603e-01
4.86850156e-01
-9.77876468e-02
3.30281474e-01
0.00000000e+00
4.21610057e-01
0.00000000e+00
-3.16816780e-01
1.95346923e+00
5.62137815e-01
-4.13393539e-01
-5.10945513e-01
1.90019236e-02
1.95639616e+00
1.36776065e+00
-2.36929015e+00
0.00000000e+00
0.00000000e+00
0.00000000e+00
-1.70819469e+00
3.12908008e+00
-4.22593534e-01
1.27119809e+00
2.15945153e+00
3.94979948e+00
-1.17303057e+00
6.22788652e-01
-1.25605180e-03
0.00000000e+00
-3.59507819e+00
-8.71997720e-01
1.79916139e+00
1.60960684e-01
-1.17059624e+00
2.05996974e+00
3.52246685e+00
0.00000000e+00
-1.64540408e+00
-4.08295007e+00
-1.71855653e+00
0.00000000e+00
0.00000000e+00
0.00000000e+00
1.24654479e+00
1.65123751e+00
7.18954183e-01
1.25022604e+00
1.27904058e-01
-1.42507549e-01
1.42113195e+00
1.19256015e+00
-2.30453752e-03
0.00000000e+00
1.93522102e+00
2.20701638e+00
-7.41577625e-01
-1.22387098e-01
1.07058009e+00
-5.55569938e-02
-3.30525017e-01
0.00000000e+00
1.00563691e+00
1.90520308e+00
136
9.66896426e-01
4.49073963e-01
2.80783419e-02
1.96227728e-01
2.22725617e-03
3.89133390e-01
-4.89915756e-03
-6.75386545e-02
6.22288667e-04
0.00000000e+00
0.00000000e+00
0.00000000e+00
0.00000000e+00
0.00000000e+00
0.00000000e+00
-1.17627988e-02
1.83902643e-01
4.71105156e-01
4.66522768e-01
-1.71628277e-01
1.46626770e-01
4.34732056e-01
2.35791790e-02
-3.26326643e-02
2.59666123e-01
3.06553240e-01
0.00000000e+00
-1.71628277e-01
2.25327284e-02
-4.69707227e-01
7.76450736e-01
0.00000000e+00
6.59621419e-01
-4.71252234e-01
6.19252082e-01
0.00000000e+00
-1.67485528e-01
-2.14312639e-01
9.70576741e-01
0.00000000e+00
-1.51219725e+00
6.05126348e-01
3.19919530e-01
0.00000000e+00
0.00000000e+00
0.00000000e+00
-8.97890159e-02
-6.31985014e-01
7.13851784e-01
-4.82723763e-03
-9.70431788e-02
-2.45507201e-01
-9.23649709e-01
-4.60026331e-01
4.68130823e-01
-1.37028145e+00
0.00000000e+00
8.51604445e-01
1.37714968e-01
3.19800760e-01
-5.49829036e-01
-3.63258156e-01
-7.96912733e-02
-2.77687381e-01
3.27903630e-01
3.84726018e-01
8.03247966e-01
2.33333491e-01
-6.97982070e-01
1.90602429e-01
2.83097670e-02
0.00000000e+00
8.38043616e-01
-2.69552442e-01
2.37740800e-01
3.99025619e-01
0.00000000e+00
0.00000000e+00
0.00000000e+00
0.00000000e+00
0.00000000e+00
0.00000000e+00
0.00000000e+00
0.00000000e+00
0.00000000e+00
0.00000000e+00
-1.68585544e+00
-1.75991471e+00
-1.54739846e+00
0.00000000e+00
0.00000000e+00
0.00000000e+00
5.55954186e-01
-1.79169801e+00
-1.10985794e-01
2.53475356e-01
-1.15450627e-01
3.59843904e-01
6.18298203e-01
1.03282206e+00
-1.83270261e+00
0.00000000e+00
2.89917587e-01
-6.45843141e-01
-6.81668542e-01
1.54738092e-01
9.94839307e-01
9.40931461e-01
6.05135079e-01
-1.85762707e+00
-2.34507365e-01
-8.28705338e-02
-2.09758894e+00
0.00000000e+00
0.00000000e+00
0.00000000e+00
1.88155369e-01
1.97288395e+00
-7.77535002e-01
-1.39801649e-01
-2.84057878e-01
1.54867281e-01
5.18573942e-01
1.61207661e-01
-2.53830564e+00
0.00000000e+00
-3.57795599e-01
2.28028263e+00
-9.19386535e-01
4.06903977e-02
-7.38219556e-01
3.02211571e-01
3.71315083e-01
-1.75602719e+00
-4.43712755e-01
-1.32935022e-01
