1 6 -999999999 -1 -1
1 2 0 -1 -1
0.07489 -0.4326
356
-1.01652652e+00
-1.01652652e+00
0.00000000e+00
2.87227955e-01
6.84672952e-01
-1.68768788e-01
2.52699855e-01
0.00000000e+00
0.00000000e+00
9.32337765e-01
2.73798868e-01
0.00000000e+00
0.00000000e+00
2.62565419e-01
2.07946781e-01
-1.83284246e-01
0.00000000e+00
0.00000000e+00
0.00000000e+00
0.00000000e+00
0.00000000e+00
0.00000000e+00
0.00000000e+00
0.00000000e+00
0.00000000e+00
0.00000000e+00
0.00000000e+00
0.00000000e+00
0.00000000e+00
0.00000000e+00
0.00000000e+00
0.00000000e+00
0.00000000e+00
0.00000000e+00
0.00000000e+00
0.00000000e+00
0.00000000e+00
0.00000000e+00
0.00000000e+00
0.00000000e+00
0.00000000e+00
0.00000000e+00
0.00000000e+00
0.00000000e+00
0.00000000e+00
0.00000000e+00
0.00000000e+00
0.00000000e+00
0.00000000e+00
0.00000000e+00
0.00000000e+00
-8.77986378e-01
1.54100562e+00
7.22477541e-01
0.00000000e+00
0.00000000e+00
0.00000000e+00
0.00000000e+00
-2.06673539e-01
-6.83265135e-01
-1.30346729e+00
5.79834729e-01
-9.99585745e-01
1.76655259e+00
9.63344468e-01
8.25983149e-01
5.29855585e-01
-1.65520531e+00
-6.15876127e-01
1.88866743e-02
5.43998298e-01
-1.37893491e+00
6.20884922e-03
1.09005812e+00
-4.41920049e-01
4.01553630e-03
7.74276845e-01
1.42020457e+00
-4.63492487e-03
1.32383720e-01
-7.85520280e-01
-1.81723825e-01
-4.92824144e-02
0.00000000e+00
0.00000000e+00
0.00000000e+00
0.00000000e+00
0.00000000e+00
0.00000000e+00
0.00000000e+00
-9.26215127e-01
-2.73779120e-01
-1.82882432e+00
-2.74668710e-01
-2.02109420e+00
-5.74595880e-01
7.75732349e-02
-1.45728395e-02
1.90936258e-01
4.23346013e-01
-7.66697761e-01
9.88724315e-02
0.00000000e+00
0.00000000e+00
3.40273162e+00
1.43241560e+00
-1.03949534e-01
5.14659290e-01
5.54300408e-01
-1.14548988e-01
-1.16247661e-01
-1.03838366e+00
5.67548390e-01
5.07553768e-01
-7.56526281e-02
-2.51486916e-02
-1.48314559e+00
-3.60624325e+00
0.00000000e+00
0.00000000e+00
0.00000000e+00
0.00000000e+00
0.00000000e+00
0.00000000e+00
-6.07641527e-01
-7.25244986e-01
-1.73973347e-01
3.06916040e-02
8.67316611e-02
-1.05950553e+00
6.47808672e+00
6.71824705e+00
7.07202830e+00
6.91523673e+00
6.77740873e+00
6.80092503e+00
-1.26346756e-01
-6.61345537e-01
-1.22417106e-01
-1.97812810e-01
-1.15240674e-01
-3.66670714e-01
-7.07588397e-01
-5.61095765e-01
7.48328289e-03
-5.89280976e-01
-4.01404313e-01
2.15584540e-01
-3.04170141e-01
0.00000000e+00
0.00000000e+00
0.00000000e+00
0.00000000e+00
0.00000000e+00
0.00000000e+00
0.00000000e+00
-7.12356379e-01
4.32858968e-01
-2.51711341e+00
0.00000000e+00
-1.39218326e+00
-1.36671314e+00
-5.09961471e-01
-1.08222898e+00
-1.90214473e+00
0.00000000e+00
0.00000000e+00
0.00000000e+00
-5.10642511e-01
1.26891793e-02
-7.68629054e-01
7.05783783e-04
2.09020488e+00
1.06404094e+00
-3.80454615e-01
8.31043712e-01
-6.57322469e-01
0.00000000e+00
-5.09245337e-01
5.07283478e-01
-1.14675665e+00
-2.84842050e-01
-8.88495911e-01
-1.23906653e-02
-3.81952359e-01
-1.34184178e+00
1.89856292e-01
2.84604403e-01
4.04676648e-01
0.00000000e+00
0.00000000e+00
0.00000000e+00
1.63042988e-01
0.00000000e+00
-1.21630261e-02
-1.74939061e-01
-3.00407710e-01
-1.46691037e-01
1.05507384e-01
-9.00735270e-01
3.12580747e-01
0.00000000e+00
-4.25480013e-01
-8.25768453e-01
-2.45324245e-01
-3.63355932e-02
3.39206407e-01
1.85169723e-01
7.56116958e-01
0.00000000e+00
-1.61441140e-01
1.04844495e-02
-6.46975829e-01
-8.19445504e-01
1.05753979e-01
-3.75081449e-01
-5.49986051e-01
5.58706555e-01
-1.27730323e+00
-1.00848825e-01
-4.16866391e-01
0.00000000e+00
0.00000000e+00
0.00000000e+00
-1.81196996e+00
0.00000000e+00
-3.29454812e-01
-4.26923996e-01
5.66935860e-01
-3.35978634e-01
2.27154369e-01
-1.02331966e+00
9.49570556e-02
0.00000000e+00
-7.54254750e-01
8.12094791e-01
-6.85993018e-01
-3.60986958e-02
-6.72954341e-01
-1.32787721e+00
4.17879905e-01
0.00000000e+00
-3.15242483e-01
-5.22937850e-01
1.72469675e-01
6.34223868e-01
1.01560459e-01
-5.01990850e-01
-1.25516890e+00
-5.72737755e-01
-7.73964963e-01
4.06180026e-01
0.00000000e+00
-7.13422941e-01
-1.07940500e+00
1.22009018e+00
-6.82431146e-01
1.36238962e+00
0.00000000e+00
0.00000000e+00
-2.44894212e+00
0.00000000e+00
0.00000000e+00
0.00000000e+00
-5.78280933e-01
-2.36695432e+00
-1.40418211e-01
2.72649787e-01
3.30206586e-01
5.88914929e-01
1.34415494e+00
3.50149503e-01
-7.65847230e-01
0.00000000e+00
-1.61293668e-01
6.41590749e-01
-2.17475949e+00
-9.25494626e-01
1.24061226e+00
1.10921349e+00
-1.22428401e-01
-1.21622120e+00
-5.49457654e-01
6.74721369e-01
7.99019711e-02
0.00000000e+00
0.00000000e+00
0.00000000e+00
6.15832503e-01
-2.05058852e-01
-3.29726412e-01
-1.05666269e-02
2.04907215e-01
-1.04863421e-01
-2.28355849e-01
-1.90968959e-01
8.94811857e-02
0.00000000e+00
1.39104202e-01
-4.76769937e-01
4.68012705e-01
4.11196265e-01
-1.74234808e-01
-1.46999290e-01
1.90811130e-01
2.42259610e-01
-2.18902187e-01
-1.95256502e-01
-4.87561874e-01
-5.38460358e-01
0.00000000e+00
3.76118822e-01
-1.55443477e-01
1.30933291e-02
-1.64189889e+00
1.09034521e+00
-2.24404597e-01
0.00000000e+00
0.00000000e+00
0.00000000e+00
7.83568470e-01
-5.02941992e-02
-2.60506249e-01
4.36046348e-01
-6.76459280e-01
-4.13498731e-01
4.67644612e-03
5.03320600e-01
-1.81482432e+00
0.00000000e+00
3.59549374e-02
-2.60056164e-01
-3.65874707e-01
-3.37087190e-01
1.05153812e+00
1.02610402e+00
-7.11765612e-01
-3.62931036e-01
1.19725169e+00
-9.56774622e-03
5.08984831e-02
0.00000000e+00
6.06857990e-02
4.84594939e-01
-1.96138025e+00
-8.28252787e-01
0.00000000e+00
0.00000000e+00
-1.60202596e+00
8.76558377e-01
-1.81157077e+00
1.06759605e-01
-1.13312746e+00
0.00000000e+00
0.00000000e+00
6.80717252e-01
247
-3.20330405e-01
-3.20330405e-01
0.00000000e+00
-4.50596993e-01
1.30266589e-01
0.00000000e+00
0.00000000e+00
0.00000000e+00
0.00000000e+00
0.00000000e+00
0.00000000e+00
0.00000000e+00
0.00000000e+00
0.00000000e+00
0.00000000e+00
0.00000000e+00
0.00000000e+00
0.00000000e+00
0.00000000e+00
0.00000000e+00
0.00000000e+00
0.00000000e+00
0.00000000e+00
0.00000000e+00
0.00000000e+00
0.00000000e+00
0.00000000e+00
0.00000000e+00
0.00000000e+00
0.00000000e+00
0.00000000e+00
0.00000000e+00
0.00000000e+00
0.00000000e+00
0.00000000e+00
0.00000000e+00
0.00000000e+00
0.00000000e+00
0.00000000e+00
0.00000000e+00
0.00000000e+00
-4.37451274e-01
2.23598350e-02
3.60363987e-01
-1.33331025e-02
-6.63620874e-01
-4.53349864e-03
4.20377757e-01
-4.94131505e-02
8.29361647e-02
-8.59698228e-01
4.56431659e-01
0.00000000e+00
0.00000000e+00
0.00000000e+00
0.00000000e+00
0.00000000e+00
0.00000000e+00
0.00000000e+00
5.35931138e+00
2.50712673e+00
3.34902053e+00
5.97359543e-01
-3.35422007e-01
-7.30091974e-01
6.87937270e-01
-1.86768376e+00
2.63037114e+00
2.97278530e+00
2.81459920e+00
2.58538215e+00
2.02049260e+00
0.00000000e+00
0.00000000e+00
0.00000000e+00
0.00000000e+00
0.00000000e+00
0.00000000e+00
0.00000000e+00
9.23610170e-01
-4.60313566e-01
-9.47765411e-01
4.41880603e-02
-5.40928405e-01
-1.84624798e+00
6.72022891e+00
6.32781665e+00
6.37849356e+00
7.25410959e+00
7.16021014e+00
5.98100126e+00
0.00000000e+00
-1.80663347e+00
-1.85365780e+00
-5.21729503e-01
-1.32148429e+00
1.23954933e-01
0.00000000e+00
8.07923959e-03
-5.67577089e-01
-1.22752079e+00
-1.31926611e+00
7.86935784e-01
1.70111960e+00
0.00000000e+00
0.00000000e+00
0.00000000e+00
-2.02145000e+00
-2.57701214e+00
-3.49030003e+00
0.00000000e+00
-9.91070828e-01
-1.19827093e+00
-1.34176394e+00
-5.12975868e-01
-2.18934175e+00
0.00000000e+00
0.00000000e+00
0.00000000e+00
-1.04620166e+00
0.00000000e+00
3.27078543e-01
9.34176432e-01
3.02337457e+00
2.16876735e+00
-1.15617802e+00
-7.46182524e-01
-3.14549503e+00
0.00000000e+00
-4.52254036e-01
2.25683320e+00
-1.14819024e-01
-7.00162468e-01
1.28996708e+00
1.76429203e-01
1.71731083e-01
-5.01637581e-01
2.81480754e-01
4.53753250e-01
-8.82897495e-01
-7.59765309e-01
-9.19289860e-01
-4.78026854e-01
6.56048847e-01
-3.69467341e-01
0.00000000e+00
0.00000000e+00
0.00000000e+00
1.67511902e+00
0.00000000e+00
4.86134825e-01
1.12715350e+00
2.75117567e-01
3.41631019e-01
1.79100987e+00
2.28931982e+00
0.00000000e+00
0.00000000e+00
1.44284078e+00
0.00000000e+00
1.31445620e+00
5.69216422e-01
1.43744123e+00
1.29659229e+00
1.25822392e+00
0.00000000e+00
8.63824432e-01
1.28496201e+00
-1.23132186e-01
4.43940195e-01
-7.00402398e-01
1.33330017e-01
-1.30644426e+00
-2.31305519e-01
-2.00499774e+00
6.88598072e-01
0.00000000e+00
-1.07513874e+00
-5.14442946e-01
0.00000000e+00
0.00000000e+00
-1.85473981e+00
0.00000000e+00
0.00000000e+00
0.00000000e+00
-1.35389978e+00
-1.12940542e+00
2.39050511e-02
1.00614856e+00
1.32431340e-02
3.88768173e-01
-2.19121371e-02
5.03005444e-01
2.32947279e-02
0.00000000e+00
-1.74271899e+00
-4.62850179e-01
-1.43962587e+00
3.56249348e-01
9.44523796e-01
1.15955603e+00
-7.01863780e-01
1.51270771e-01
-4.10892536e-01
8.38463849e-01
-3.81597327e-01
-6.61780745e-01
0.00000000e+00
-6.27618632e-02
-5.83011153e-02
7.22561909e-01
0.00000000e+00
0.00000000e+00
0.00000000e+00
7.70053437e-02
8.51526744e-01
2.70985460e-01
-5.74324871e-01
3.77686269e-01
9.22696916e-02
4.07032111e-01
-2.14498963e-01
7.97489614e-01
0.00000000e+00
1.89781611e-01
2.06442167e-01
-2.88960361e-01
-4.59731599e-01
-1.34764086e+00
-3.33422611e-01
5.11360090e-01
1.64590575e-01
-7.60947676e-02
7.10662650e-02
2.80183417e-01
0.00000000e+00
-2.03157908e+00
-8.81458072e-01
-1.47314248e+00
-6.79983196e-01
0.00000000e+00
0.00000000e+00
-1.04689447e+00
-7.93159286e-01
0.00000000e+00
0.00000000e+00
0.00000000e+00
0 -999999999 7 1 -1
1 0 2 1 -1
-1.9632e-01 -1.7734e-02
356
-7.96315232e-01
0.00000000e+00
0.00000000e+00
0.00000000e+00
0.00000000e+00
0.00000000e+00
0.00000000e+00
0.00000000e+00
0.00000000e+00
0.00000000e+00
0.00000000e+00
0.00000000e+00
0.00000000e+00
0.00000000e+00
0.00000000e+00
0.00000000e+00
-6.28614002e-01
-1.67701229e-01
-3.98136632e-01
2.39401240e+00
0.00000000e+00
0.00000000e+00
0.00000000e+00
0.00000000e+00
0.00000000e+00
0.00000000e+00
0.00000000e+00
0.00000000e+00
-1.61242178e+00
5.40091795e-01
6.74193352e-01
-2.76736122e-01
-5.19579110e-01
-1.10022351e+00
-1.46701632e+00
6.73668468e-02
1.29131676e+00
6.22916267e-01
-9.22431309e-01
2.00571123e-01
4.65135268e-01
0.00000000e+00
0.00000000e+00
0.00000000e+00
0.00000000e+00
0.00000000e+00
0.00000000e+00
0.00000000e+00
0.00000000e+00
0.00000000e+00
0.00000000e+00
-1.98557894e+00
1.33358163e+00
-1.06372698e+00
0.00000000e+00
0.00000000e+00
0.00000000e+00
0.00000000e+00
-2.67900298e-02
-2.82093308e-01
-1.27057220e+00
9.81081214e-01
-2.69746807e-01
4.86227431e-01
1.74588972e-01
4.15841275e-01
5.96204837e-01
9.46671770e-03
-1.82489922e+00
-6.30297063e-03
1.19917988e+00
-8.79586631e-01
4.31187061e-03
7.26131799e-01
1.19697765e+00
-6.37128676e-03
4.44920246e-01
7.11192968e-01
1.25628885e-02
3.38811849e-01
-5.23290607e-01
1.24856285e-01
-3.97880910e-01
0.00000000e+00
0.00000000e+00
0.00000000e+00
0.00000000e+00
0.00000000e+00
0.00000000e+00
0.00000000e+00
-1.99547730e+00
-6.69344145e-01
-4.47307541e+00
-1.20184515e+00
-3.43842699e+00
-8.11582508e-01
-7.97735533e-01
-3.51264443e-01
-6.59011988e-01
-4.86892488e-01
-8.96294194e-02
2.38343169e-01
0.00000000e+00
0.00000000e+00
2.98326946e+00
1.49747818e+00
2.12703908e+00
5.43578324e-01
-1.11951031e-01
-2.61306900e-01
6.24204601e-02
-1.22677894e+00
-4.68147328e-02
5.70160632e-02
-8.65405767e-02
-1.09806726e+00
-2.50438133e+00
-1.23379784e+00
0.00000000e+00
0.00000000e+00
0.00000000e+00
0.00000000e+00
0.00000000e+00
0.00000000e+00
1.87448466e-01
-1.08705352e+00
-6.38354935e-01
-7.88276520e-02
-2.15108644e-01
-4.61897127e-01
3.59096305e+00
3.33441451e+00
3.44271510e+00
3.52626237e+00
3.71840145e+00
3.59323153e+00
-1.17391795e-01
9.76177440e-01
6.95112174e-01
4.34186963e-01
1.37051073e-01
5.65156676e-02
-2.18932408e-01
1.05360815e+00
1.00818610e+00
1.27060384e+00
7.71345480e-01
3.52572911e-01
1.13300099e+00
0.00000000e+00
0.00000000e+00
0.00000000e+00
0.00000000e+00
0.00000000e+00
0.00000000e+00
0.00000000e+00
-1.92931622e+00
-1.45591824e+00
-1.31094487e+00
0.00000000e+00
-1.50625083e+00
-1.21599465e+00
-9.62388989e-01
-1.07779877e+00
-2.46863981e+00
0.00000000e+00
0.00000000e+00
0.00000000e+00
-1.27892860e+00
-1.85381118e+00
-2.96845706e-01
1.42066295e-01
1.75344296e+00
1.30661625e-01
7.33706673e-01
-7.35529184e-01
-9.45968917e-01
0.00000000e+00
-1.70834858e-01
6.64247713e-01
1.76862847e-01
7.40585249e-02
4.30798603e-01
6.06601487e-02
5.20911853e-01
-3.17217443e+00
4.55709910e-01
8.42325904e-01
7.98594811e-01
0.00000000e+00
0.00000000e+00
0.00000000e+00
3.29070349e-01
1.03934167e+00
-1.58686331e-01
1.65365319e-01
3.48632632e-01
3.26428631e-01
-4.28796318e-01
8.54807216e-02
2.25291596e-01
0.00000000e+00
-2.72616765e-01
3.99536942e-01
-3.84198094e-01
-6.19183299e-01
-3.31586216e-01
-3.56547964e-03
-2.23023916e-01
7.61815776e-01
-1.49052655e-02
-4.45807137e-01
-8.68002242e-01
-1.24107205e+00
1.10369518e+00
1.19930218e+00
5.62174489e-01
2.60440681e+00
7.13389225e-01
0.00000000e+00
-2.30288862e-01
0.00000000e+00
0.00000000e+00
0.00000000e+00
-1.10434872e+00
0.00000000e+00
-1.04403969e+00
-2.16299612e-01
1.23241325e+00
7.89430423e-01
-8.55534303e-02
-1.07237028e+00
-1.76579277e-01
0.00000000e+00
-3.46609496e-01
6.41239335e-01
-4.77073004e-01
1.28202849e+00
-9.73450600e-01
-3.74265235e-01
3.31746978e-01
1.82053716e+00
-4.63699916e-01
2.94113043e-01
3.73069806e-01
3.68579183e-01
1.28528199e+00
5.71065676e-01
-1.60063757e+00
-2.65178778e-01
-7.10860812e-02
-4.05738758e-01
2.11646061e-01
1.18361829e+00
-7.39015360e-01
0.00000000e+00
-1.33545879e+00
1.00035076e+00
0.00000000e+00
0.00000000e+00
-2.29379342e+00
0.00000000e+00
0.00000000e+00
0.00000000e+00
-3.13774958e-01
7.32325118e-01
6.04662366e-01
4.05093654e-01
-5.35170912e-01
-1.39392545e+00
1.37137937e+00
7.73120413e-01
-1.41340635e+00
0.00000000e+00
-5.36388792e-01
1.26866496e+00
-3.07849648e+00
-1.10907938e+00
1.94085984e+00
1.08507539e+00
-1.46466446e+00
-1.72581786e-01
-1.40127803e+00
9.43792074e-01
4.27121615e-01
0.00000000e+00
0.00000000e+00
0.00000000e+00
1.03300086e-01
-1.16451711e+00
-2.78048086e-01
1.96658263e-01
3.95478515e-01
4.31012343e-01
-1.64691438e-01
-1.12326003e-02
6.24071906e-01
0.00000000e+00
-2.57639051e-01
-5.90468821e-01
4.65293936e-01
2.92854258e-01
-1.29838961e-01
1.61006532e-01
5.23903651e-01
-4.59985545e-01
3.66835310e-01
-7.68715696e-02
-3.30439001e-01
3.01905017e-02
0.00000000e+00
1.21909930e+00
1.10263208e+00
1.37027362e+00
6.01909155e-01
-1.94199227e+00
-7.28151751e-01
0.00000000e+00
0.00000000e+00
0.00000000e+00
-5.53205137e-01
1.38540948e+00
9.06218215e-02
1.84469385e-01
-1.26614189e-01
-1.00744612e+00
-2.53712562e-01
4.72977896e-01
-1.42407059e-01
0.00000000e+00
3.31335468e-01
-2.81427895e-02
-2.52878935e-01
-4.29113162e-01
7.40859577e-01
1.53816183e-02
-9.38162300e-02
-9.91529680e-01
9.60884170e-02
-1.66429547e-01
-3.60629502e-01
0.00000000e+00
1.78280318e+00
-7.38091317e-02
-1.96335442e+00
-1.24618515e+00
0.00000000e+00
0.00000000e+00
3.41945804e-01
1.08482329e+00
-3.92986584e-01
0.00000000e+00
-7.17169265e-01
0.00000000e+00
0.00000000e+00
1.72578234e-02
247
-1.54772219e+00
0.00000000e+00
0.00000000e+00
0.00000000e+00
0.00000000e+00
0.00000000e+00
0.00000000e+00
0.00000000e+00
0.00000000e+00
0.00000000e+00
0.00000000e+00
0.00000000e+00
0.00000000e+00
0.00000000e+00
-6.68943851e-01
-8.78778341e-01
-1.11340804e+00
4.44464187e-01
0.00000000e+00
0.00000000e+00
0.00000000e+00
0.00000000e+00
0.00000000e+00
0.00000000e+00
0.00000000e+00
0.00000000e+00
0.00000000e+00
-3.95373491e+00
0.00000000e+00
-1.02589309e+01
6.30519604e+00
0.00000000e+00
3.13966093e+00
2.77616054e+00
0.00000000e+00
0.00000000e+00
0.00000000e+00
0.00000000e+00
0.00000000e+00
0.00000000e+00
0.00000000e+00
-6.37927620e-01
2.45151832e-02
-2.47645101e-01
1.99710501e-03
-4.20539467e-01
1.00546654e-02
-2.41610004e-01
7.06130537e-03
-9.69530189e-01
-4.64918663e-01
-1.13273340e-01
0.00000000e+00
0.00000000e+00
0.00000000e+00
0.00000000e+00
0.00000000e+00
0.00000000e+00
0.00000000e+00
4.11253174e+00
3.17483363e+00
1.49964779e-01
5.23611611e-01
5.73615572e-01
1.47353684e-01
-3.36843886e-01
-1.59778853e+00
6.62331428e-01
4.78685485e-03
-1.15156308e-01
-5.41629279e-01
-1.39995815e+00
-3.73054171e+00
0.00000000e+00
0.00000000e+00
0.00000000e+00
0.00000000e+00
0.00000000e+00
0.00000000e+00
-3.73964373e-01
-1.03999172e+00
-6.98404366e-01
6.01376943e-03
-5.38119986e-01
-2.07808914e+00
8.32370456e+00
8.18009222e+00
8.63792768e+00
8.54415280e+00
7.70847578e+00
7.79887201e+00
-6.14271238e-02
-1.91995137e-02
-1.84245286e-01
2.09372435e-01
3.12666189e-01
3.86588185e-01
0.00000000e+00
-3.42182087e-01
-1.64276958e-01
-3.19320142e-02
-3.22098317e-01
5.79187029e-01
-5.40086771e-01
0.00000000e+00
0.00000000e+00
0.00000000e+00
-1.00763542e+00
6.93936079e-02
-3.36136122e+00
0.00000000e+00
-6.13914925e-01
-1.68497779e+00
-1.10799927e+00
-1.34491014e+00
-2.29889271e+00
0.00000000e+00
0.00000000e+00
0.00000000e+00
1.36210345e+00
2.33140841e+00
5.83596579e-01
8.47239398e-01
3.07645546e+00
1.43978582e+00
1.17405614e+00
1.79179292e+00
2.05016221e+00
0.00000000e+00
8.84110951e-01
2.69478301e+00
2.72895128e-01
1.13003170e+00
1.11176078e+00
1.77296358e+00
9.71219500e-01
0.00000000e+00
1.11542712e+00
2.41881255e+00
-9.13300876e-01
8.53618447e-02
1.49311729e+00
4.01704264e-01
1.13599049e+00
-8.42387075e-01
0.00000000e+00
0.00000000e+00
0.00000000e+00
4.98487734e-02
0.00000000e+00
3.58347673e-01
3.88504244e-01
0.00000000e+00
0.00000000e+00
3.11653713e-01
5.75637142e-01
0.00000000e+00
0.00000000e+00
0.00000000e+00
4.81765197e-01
0.00000000e+00
3.81526470e-01
2.80139485e-01
4.18948737e-01
6.54362879e-02
0.00000000e+00
0.00000000e+00
2.72812888e-01
-9.98662720e-01
2.00674280e+00
1.27730607e+00
9.59161524e-01
-1.38559184e+00
-6.99276770e-01
1.61311690e-01
-1.16568849e+00
3.23630613e-01
-6.86315067e-01
1.14165562e+00
-3.06208486e-01
-1.49682406e+00
-2.45290941e+00
0.00000000e+00
0.00000000e+00
0.00000000e+00
1.33688262e+00
0.00000000e+00
2.65216884e-01
6.11053619e-01
1.85577223e+00
1.45391779e+00
8.26958484e-01
-3.06568210e-01
5.87125527e-01
0.00000000e+00
4.18566524e-01
-1.06578982e+00
-4.27683420e-01
7.06995617e-01
1.73801953e+00
2.06248854e+00
1.33480739e+00
5.26575417e-01
3.38178339e-01
1.39621936e+00
-6.06628623e-01
1.39979155e-01
0.00000000e+00
6.96301065e-01
8.42547685e-01
-1.51573106e+00
0.00000000e+00
0.00000000e+00
0.00000000e+00
9.46935938e-01
0.00000000e+00
0.00000000e+00
8.04910171e-01
0.00000000e+00
1.52266407e+00
1.32408592e+00
0.00000000e+00
1.23811262e+00
0.00000000e+00
1.10874419e+00
1.43914653e+00
1.07479637e+00
1.49412657e+00
4.67950041e-01
9.08804473e-01
1.17481605e+00
1.29864517e+00
1.27350028e+00
1.46081631e+00
-7.46607779e-01
0.00000000e+00
1.07095260e+00
4.66349874e-01
-1.84628079e+00
-1.24797843e+00
0.00000000e+00
0.00000000e+00
0.00000000e+00
-5.98302361e-01
0.00000000e+00
0.00000000e+00
-4.07985870e-01
4 1
-3.0996e-01 -7.3294e-02
2 1
1 0 
217
-1.23103864e+00
-1.03238170e+00
1.78664515e+00
-1.08373470e+00
-1.12804439e+00
1.92916329e-01
-6.32906683e-01
-1.86943024e-01
-4.78947497e-01
3.35837957e-01
-6.03079964e-01
1.78104727e+00
1.61193989e+00
7.14342169e-01
-1.28931971e+00
-5.50657661e-04
1.59309159e+00
-6.80625123e-01
2.60310369e-03
1.32183037e+00
-3.04819647e-01
5.05973395e-03
1.07474877e+00
1.04372584e+00
-6.92918225e-02
1.89524797e+00
8.31092478e-02
-4.82498083e-01
-8.31649808e-01
0.00000000e+00
0.00000000e+00
0.00000000e+00
0.00000000e+00
0.00000000e+00
0.00000000e+00
0.00000000e+00
0.00000000e+00
-1.14647017e+00
-4.79387221e-02
0.00000000e+00
0.00000000e+00
0.00000000e+00
0.00000000e+00
0.00000000e+00
0.00000000e+00
-1.04255818e+00
-1.03911987e-01
-4.79387221e-02
0.00000000e+00
0.00000000e+00
0.00000000e+00
0.00000000e+00
0.00000000e+00
0.00000000e+00
0.00000000e+00
0.00000000e+00
0.00000000e+00
0.00000000e+00
0.00000000e+00
0.00000000e+00
-4.79387221e-02
-1.04255818e+00
-1.03911987e-01
0.00000000e+00
-1.40541741e-01
-1.82243620e+00
-5.31562567e-01
8.12288711e-01
-5.58934335e-01
9.83198330e-01
-9.12750044e-02
-9.87912929e-01
0.00000000e+00
-3.75250927e-01
4.38148367e-01
2.23400218e-01
9.27676082e-01
0.00000000e+00
0.00000000e+00
0.00000000e+00
0.00000000e+00
0.00000000e+00
0.00000000e+00
0.00000000e+00
0.00000000e+00
0.00000000e+00
0.00000000e+00
0.00000000e+00
0.00000000e+00
0.00000000e+00
0.00000000e+00
0.00000000e+00
0.00000000e+00
0.00000000e+00
0.00000000e+00
0.00000000e+00
0.00000000e+00
0.00000000e+00
0.00000000e+00
0.00000000e+00
0.00000000e+00
0.00000000e+00
0.00000000e+00
0.00000000e+00
0.00000000e+00
0.00000000e+00
0.00000000e+00
0.00000000e+00
0.00000000e+00
0.00000000e+00
0.00000000e+00
0.00000000e+00
0.00000000e+00
0.00000000e+00
0.00000000e+00
0.00000000e+00
0.00000000e+00
0.00000000e+00
0.00000000e+00
-3.96134832e-04
-2.05035895e+00
-1.06126888e+00
0.00000000e+00
0.00000000e+00
0.00000000e+00
-3.90052225e+00
-4.50437146e-01
4.72518455e-01
-8.64694178e-01
8.42872731e-01
2.30157044e+00
3.86279550e-01
2.09899636e+00
-6.01574602e-01
0.00000000e+00
-1.45277590e+00
-1.68919776e-01
-1.27612520e+00
-9.26784100e-01
1.25726584e+00
2.48139490e+00
-6.89459542e-01
-6.86620374e-01
-3.73237820e-01
4.88983738e-01
8.32917838e-02
0.00000000e+00
0.00000000e+00
0.00000000e+00
1.89320958e+00
-1.51382997e+00
-3.47208553e-01
7.23176818e-01
2.07737880e-01
-5.55577786e-01
-1.13602990e-01
-5.07280929e-01
1.73916249e-01
0.00000000e+00
5.72373891e-01
-2.87173760e-01
3.12383299e-01
5.39297222e-01
-1.14547405e+00
-6.69645488e-01
6.67353172e-01
-4.39736776e-01
4.89230398e-01
8.41435880e-02
-2.02859205e+00
0.00000000e+00
0.00000000e+00
0.00000000e+00
-1.34165293e-01
-5.54456659e-01
4.80437257e-01
4.97894275e-02
1.29504238e+00
7.51637268e-01
2.77578536e-01
-1.35959972e+00
1.02071942e+00
0.00000000e+00
-4.20882599e-01
-8.73971746e-01
-1.56428470e+00
1.26887821e-01
-3.72687404e-01
6.07383330e-02
9.94038488e-01
-1.77353648e+00
-3.34971875e-01
3.03095491e-01
1.43158803e-02
0.00000000e+00
0.00000000e+00
0.00000000e+00
1.40647067e-01
-4.99045260e-01
-2.64405570e-01
4.12549330e-02
1.72236310e-01
-6.38093309e-02
-4.58736088e-02
3.77287921e-01
-2.98148834e-01
0.00000000e+00
-4.03693189e-02
1.91701458e-01
4.12749175e-01
-1.97121675e-01
2.53773495e-01
8.10542542e-02
-3.49356616e-01
2.94006735e-01
5.81194681e-02
-2.50384722e-01
136
-1.24304592e+00
-1.30025431e+00
1.02023460e-02
-4.21719495e-01
3.21340081e-03
2.04251767e-01
-4.86491624e-03
2.74676111e-01
-3.73073854e-02
-1.15119108e-01
-4.92223906e-01
-6.35702908e-01
0.00000000e+00
0.00000000e+00
0.00000000e+00
0.00000000e+00
0.00000000e+00
0.00000000e+00
0.00000000e+00
1.69072100e+00
-1.21980320e+00
-1.71396372e+00
0.00000000e+00
0.00000000e+00
0.00000000e+00
0.00000000e+00
0.00000000e+00
1.69072100e+00
-2.53186869e+00
1.31206549e+00
-1.71396372e+00
0.00000000e+00
0.00000000e+00
0.00000000e+00
0.00000000e+00
0.00000000e+00
0.00000000e+00
0.00000000e+00
0.00000000e+00
0.00000000e+00
0.00000000e+00
0.00000000e+00
0.00000000e+00
0.00000000e+00
0.00000000e+00
0.00000000e+00
0.00000000e+00
3.48222823e+00
2.16249205e+00
2.10439406e+00
-2.11230334e+00
-8.78526792e-02
-7.53295008e-01
8.57286229e-01
-2.61756679e-01
0.00000000e+00
0.00000000e+00
0.00000000e+00
0.00000000e+00
0.00000000e+00
-1.71396372e+00
-2.53186869e+00
1.31206549e+00
0.00000000e+00
0.00000000e+00
0.00000000e+00
0.00000000e+00
0.00000000e+00
0.00000000e+00
0.00000000e+00
0.00000000e+00
0.00000000e+00
0.00000000e+00
0.00000000e+00
0.00000000e+00
0.00000000e+00
0.00000000e+00
0.00000000e+00
0.00000000e+00
0.00000000e+00
0.00000000e+00
0.00000000e+00
0.00000000e+00
0.00000000e+00
0.00000000e+00
0.00000000e+00
-1.51520821e+00
-7.38601391e-01
-2.10444788e+00
0.00000000e+00
0.00000000e+00
0.00000000e+00
2.67675566e-01
-6.26026328e-01
-2.35963879e-01
4.38672234e-03
1.29412659e-01
-2.28063946e-01
6.41097703e-01
2.75259946e-01
9.68375713e-01
0.00000000e+00
-5.29083606e-02
8.44269897e-01
-1.23293258e+00
-6.61505821e-01
5.58543113e-01
9.27922245e-01
4.53782233e-02
-3.75977704e+00
-7.92059108e-01
8.22467393e-01
-1.71186136e+00
0.00000000e+00
0.00000000e+00
0.00000000e+00
4.70287355e-01
-2.54436591e+00
-9.48122852e-01
-8.62016193e-02
1.23869221e-01
1.39596340e+00
3.57006304e-01
-8.80928003e-01
-3.90987252e-01
0.00000000e+00
-1.79585543e-01
-2.88749969e-01
-2.00016817e+00
6.15588940e-01
9.41318691e-01
7.76703847e-01
6.83447866e-01
-8.02316711e-01
2.54453386e-01
7.90925655e-01
2 1
-3.7575e-01 -2.2863e-02
3 0
1 0 4 
217
8.07505944e-01
-1.23583103e+00
3.70777893e-01
1.33553080e+00
7.31379242e-02
1.36783131e-01
-5.50593821e-02
1.19566421e+00
6.61551339e-01
6.49864677e-02
9.27818686e-01
-5.58873515e-01
-7.99942623e-01
-3.40512946e-01
1.34865918e-01
-3.88191129e-02
6.96732390e-01
-3.88811404e-01
-1.18632125e-02
5.20535442e-01
3.95861261e-01
-3.44747687e-03
2.30799668e-01
6.65590170e-01
-2.49638951e-03
-9.82912880e-02
8.82722149e-02
1.26806547e+00
-5.48831746e-01
0.00000000e+00
0.00000000e+00
0.00000000e+00
0.00000000e+00
0.00000000e+00
0.00000000e+00
0.00000000e+00
-3.38626619e-03
3.58975279e-03
2.52130393e-01
5.55172065e-01
0.00000000e+00
0.00000000e+00
0.00000000e+00
0.00000000e+00
-3.38626619e-03
-1.50757460e-01
5.53120507e-01
-2.48860617e-01
0.00000000e+00
5.48005287e-02
4.46190481e-01
5.55172065e-01
0.00000000e+00
0.00000000e+00
0.00000000e+00
0.00000000e+00
0.00000000e+00
0.00000000e+00
0.00000000e+00
0.00000000e+00
7.52501929e-01
-4.94730226e-01
5.53120507e-01
7.17651860e-01
-1.20500433e-01
-1.91342259e+00
-7.76081694e-02
-1.81211124e-01
2.87962686e-01
4.10459185e-01
-6.36238646e-01
1.38122154e-01
0.00000000e+00
1.18045088e+00
3.89703220e-01
1.25171555e-01
3.99457305e-01
4.18120354e-01
-2.68004190e-01
-3.96472164e-01
-6.36983254e-02
7.05531848e-01
7.21088106e-01
1.23602937e+00
0.00000000e+00
0.00000000e+00
0.00000000e+00
0.00000000e+00
0.00000000e+00
0.00000000e+00
0.00000000e+00
0.00000000e+00
0.00000000e+00
0.00000000e+00
0.00000000e+00
0.00000000e+00
0.00000000e+00
0.00000000e+00
0.00000000e+00
0.00000000e+00
0.00000000e+00
0.00000000e+00
0.00000000e+00
0.00000000e+00
0.00000000e+00
0.00000000e+00
0.00000000e+00
0.00000000e+00
0.00000000e+00
0.00000000e+00
0.00000000e+00
0.00000000e+00
0.00000000e+00
0.00000000e+00
0.00000000e+00
0.00000000e+00
0.00000000e+00
0.00000000e+00
0.00000000e+00
-2.30685797e+00
-1.91162141e+00
-2.83088008e+00
0.00000000e+00
0.00000000e+00
0.00000000e+00
7.78990008e-01
-1.12748348e-02
3.67880807e-01
1.24338876e+00
6.85097097e-01
2.35293972e+00
-1.06762682e+00
3.53461347e-01
4.78041754e-01
0.00000000e+00
1.08117466e+00
-1.27907395e+00
-1.01299704e+00
-5.11149892e-01
-4.59960710e-02
2.30105634e+00
1.97844858e+00
-1.90447802e+00
-1.46106202e-01
6.32845278e-01
-8.97354409e-01
0.00000000e+00
0.00000000e+00
0.00000000e+00
1.07184740e+00
-2.12106397e-02
6.65194041e-01
8.39754537e-01
1.24541389e+00
2.50442206e-01
1.68629618e+00
1.22376375e+00
6.41026478e-02
0.00000000e+00
1.00343577e+00
1.39188092e+00
1.57290568e+00
1.52276307e+00
5.91862095e-01
5.84189384e-01
6.99541420e-01
4.66940066e-02
1.11037152e+00
1.17063187e+00
-2.63251143e+00
0.00000000e+00
0.00000000e+00
0.00000000e+00
1.31282929e+00
-1.51205562e-02
-2.91117548e-01
-3.68884273e-01
3.55855173e-01
-5.89062892e-01
-1.49842267e+00
9.52568987e-02
-4.55213877e-01
0.00000000e+00
-2.38050209e-01
1.00961151e+00
-2.11364794e-01
4.76372972e-01
-2.53795855e+00
1.21859877e+00
-2.34341029e-01
-8.21595136e-01
7.28420850e-01
2.61375893e+00
-4.09805578e-01
0.00000000e+00
0.00000000e+00
0.00000000e+00
1.52131810e-01
-3.61369329e-02
3.24110376e-02
5.79250344e-01
4.26627211e-01
1.08453758e+00
1.24046518e+00
5.45963480e-01
6.16533006e-01
0.00000000e+00
4.13744227e-01
-4.60575496e-01
-2.49803257e-01
1.92066840e-02
1.75561381e+00
1.91297459e-01
6.33647999e-01
-5.35686545e-03
3.66381754e-01
-3.23674886e-01
136
-1.53583358e+00
-5.81942015e-01
1.33723296e-02
9.12582767e-02
-8.15197855e-03
-7.78218122e-01
3.18213850e-04
-2.66931724e-01
-1.60372256e-03
-5.72336531e-01
-5.37727278e-01
-4.25769775e-01
0.00000000e+00
0.00000000e+00
0.00000000e+00
0.00000000e+00
0.00000000e+00
0.00000000e+00
0.00000000e+00
0.00000000e+00
6.64751033e-01
-2.04605502e-01
-1.99597911e+00
0.00000000e+00
0.00000000e+00
0.00000000e+00
0.00000000e+00
0.00000000e+00
-6.75451971e-01
1.34020300e+00
-1.59220622e+00
0.00000000e+00
-2.33077596e+00
3.71837667e+00
-1.99597911e+00
0.00000000e+00
0.00000000e+00
0.00000000e+00
0.00000000e+00
0.00000000e+00
0.00000000e+00
0.00000000e+00
0.00000000e+00
0.00000000e+00
0.00000000e+00
0.00000000e+00
3.22270570e+00
1.83587398e+00
2.05904666e+00
1.65089593e+00
-2.65326413e+00
-1.48702118e+00
-1.51920675e+00
8.45979438e-01
-2.79191424e-02
0.00000000e+00
-6.08476621e-01
-3.18978565e-01
6.79559248e-01
2.93777009e-01
-1.67661778e+00
-3.00622793e+00
1.34020300e+00
0.00000000e+00
0.00000000e+00
0.00000000e+00
0.00000000e+00
0.00000000e+00
0.00000000e+00
0.00000000e+00
0.00000000e+00
0.00000000e+00
0.00000000e+00
0.00000000e+00
0.00000000e+00
0.00000000e+00
0.00000000e+00
0.00000000e+00
0.00000000e+00
0.00000000e+00
0.00000000e+00
0.00000000e+00
0.00000000e+00
0.00000000e+00
0.00000000e+00
0.00000000e+00
-9.34514610e-01
-1.29433549e+00
-1.69080461e+00
0.00000000e+00
0.00000000e+00
0.00000000e+00
2.52854419e-01
-1.66028535e+00
-3.01221796e-01
3.67736440e-01
3.68445428e-01
3.98105644e-01
4.81967532e-01
5.94647616e-01
5.20703841e-01
0.00000000e+00
1.52581226e-01
7.72996764e-01
-1.35686126e+00
-1.49438182e-01
4.42213100e-01
9.17313101e-01
-7.34157904e-02
-3.84134268e+00
-4.81505443e-02
4.70345885e-01
-1.89754797e+00
0.00000000e+00
0.00000000e+00
0.00000000e+00
2.78087704e-01
-2.02336754e+00
-5.90338813e-01
-5.09254931e-02
5.83619901e-01
8.30688279e-01
2.25498691e-01
-8.27345883e-01
-6.56739156e-02
0.00000000e+00
-1.07256699e-01
-1.16432424e-01
-1.05890509e+00
3.65385908e-01
1.46292445e-01
6.66502428e-01
2.25164852e-01
-9.17803011e-01
-2.98529727e-01
8.37790418e-01
3 1
-7.0996e-01 1.8893e-01
4 1
1 0 4 2 
217
-2.34798933e+00
-9.49732671e-02
2.19615522e+00
2.87940372e-02
-1.24003379e+00
-1.49162430e+00
-2.89866740e+00
2.07536266e+00
-3.22546412e-01
1.41870704e-02
3.76732284e-01
-8.20346088e-01
1.73652598e+00
-4.11901908e-02
4.26244302e-01
-5.99622075e-03
5.63515961e-01
-6.07105244e-01
2.21057294e-02
6.41196973e-01
-1.97847545e+00
1.41200774e-02
1.94268956e+00
-1.88652933e-01
5.62786724e-02
1.12152722e+00
-1.23777717e+00
-1.28736924e-01
-9.81475236e-01
0.00000000e+00
0.00000000e+00
0.00000000e+00
0.00000000e+00
0.00000000e+00
0.00000000e+00
0.00000000e+00
0.00000000e+00
-8.28652864e-01
-8.39508538e-01
-5.80807271e-01
-9.90206561e-02
0.00000000e+00
0.00000000e+00
0.00000000e+00
0.00000000e+00
-1.80067413e-01
-6.10605134e-01
2.44121707e-01
0.00000000e+00
-7.85463165e-01
5.27000633e-01
-6.85996218e-01
0.00000000e+00
-4.09089271e-01
-4.16078442e-01
-9.69766097e-02
0.00000000e+00
2.01616968e-01
5.48588065e-04
-9.90206561e-02
-3.17794859e-01
-9.65530578e-01
-1.06466389e+00
0.00000000e+00
-5.37114671e-01
-1.92855961e+00
-9.29816797e-01
1.47401429e-01
-8.81057861e-01
1.26246930e-02
-7.08115673e-02
-1.14017163e+00
0.00000000e+00
9.72407541e-02
9.13796165e-01
-1.23424689e+00
1.43868497e+00
-8.69651525e-01
-6.37023955e-01
0.00000000e+00
-7.75155501e-01
1.94919450e+00
-6.61583482e-02
1.23181647e+00
-8.53058450e-01
-6.37951139e-01
2.36314837e-01
-5.31699697e-01
-9.44033961e-01
-3.25280042e-01
3.01965719e-01
0.00000000e+00
0.00000000e+00
0.00000000e+00
0.00000000e+00
0.00000000e+00
0.00000000e+00
0.00000000e+00
0.00000000e+00
0.00000000e+00
0.00000000e+00
0.00000000e+00
0.00000000e+00
0.00000000e+00
0.00000000e+00
0.00000000e+00
0.00000000e+00
0.00000000e+00
0.00000000e+00
0.00000000e+00
0.00000000e+00
0.00000000e+00
0.00000000e+00
0.00000000e+00
0.00000000e+00
0.00000000e+00
0.00000000e+00
0.00000000e+00
0.00000000e+00
-2.07536404e-01
-2.32972231e+00
-1.42847490e+00
0.00000000e+00
0.00000000e+00
0.00000000e+00
-1.02816082e-01
-2.08816723e-01
-6.13155186e-01
-8.81878443e-01
-3.39944785e-01
8.55738307e-01
4.44772478e-02
3.21426914e+00
3.43231271e-01
0.00000000e+00
-5.26070353e-01
-7.17197687e-01
-1.56754269e+00
-8.41345881e-01
5.93487777e-01
6.64309192e-01
-1.32753640e+00
-1.09395580e+00
3.81996788e-01
6.94275406e-01
-3.75479398e-02
0.00000000e+00
0.00000000e+00
0.00000000e+00
6.34266563e-01
-8.38585374e-01
-2.60043519e-01
6.50558470e-01
-4.90556858e-01
5.06457332e-02
3.83496684e-01
-1.08224868e+00
8.09385758e-02
0.00000000e+00
4.39318802e-01
7.32714302e-01
-6.73869988e-01
-8.81414544e-02
3.64919925e-01
3.31462019e-01
1.04335526e+00
-1.10430806e+00
-3.40832789e-01
1.29362442e-01
-2.84837280e+00
0.00000000e+00
0.00000000e+00
0.00000000e+00
1.64823671e-01
-2.91189631e-02
1.08284016e-02
-6.36249705e-01
4.69958899e-01
5.70050359e-01
-1.65101638e-01
9.48885152e-01
1.63343919e-01
0.00000000e+00
-2.39700227e+00
5.83183299e-01
2.60235374e-01
2.14636747e+00
6.28412499e-01
2.04481605e+00
9.01832396e-01
-2.54204280e-01
-5.49493568e-01
-9.76162380e-01
-7.33294438e-01
0.00000000e+00
0.00000000e+00
0.00000000e+00
1.64605841e+00
-6.13359082e-02
5.80242103e-01
9.97109045e-01
4.13902792e-01
9.98346209e-01
9.61594759e-01
4.33384268e-01
-4.72694397e-01
0.00000000e+00
2.07733836e+00
-3.89610742e-01
3.07101448e-01
-3.84245711e-01
5.85763974e-01
8.44443496e-01
2.28408267e-01
8.44334939e-01
1.29115025e+00
1.87292020e+00
136
-2.57392641e-01
-2.71162631e-01
9.45881990e-03
2.38022776e-01
-3.02727206e-03
1.62141655e-01
1.88448280e-03
-3.86394441e-01
2.09269590e-03
1.20092336e-01
-1.78822305e-01
-1.98662673e-01
0.00000000e+00
0.00000000e+00
0.00000000e+00
0.00000000e+00
0.00000000e+00
0.00000000e+00
0.00000000e+00
0.00000000e+00
4.03971770e-01
-1.81143686e-02
-2.70401712e-01
-3.72848331e-01
0.00000000e+00
0.00000000e+00
0.00000000e+00
0.00000000e+00
-7.24475209e-01
1.25161230e-01
5.61263182e-01
0.00000000e+00
-1.36731873e+00
6.66604428e-01
3.21625160e-02
1.00328575e+00
2.89882957e-01
5.53719324e-02
-3.04691878e-01
0.00000000e+00
-5.15208744e-01
5.17336394e-01
-3.72848331e-01
0.00000000e+00
0.00000000e+00
0.00000000e+00
0.00000000e+00
2.70537122e+00
9.86209871e-01
6.87709221e-01
-1.57216225e+00
-4.93561675e-01
-1.04419044e+00
6.48093946e-01
-1.59413907e-03
-2.91047182e-01
4.06671722e-01
5.99126241e-01
5.82958465e-01
1.88070766e-01
-1.20280735e+00
-7.35969171e-01
-8.78608430e-01
-3.19887382e-01
2.13631192e-01
5.26669355e-01
0.00000000e+00
0.00000000e+00
0.00000000e+00
0.00000000e+00
0.00000000e+00
0.00000000e+00
0.00000000e+00
0.00000000e+00
0.00000000e+00
0.00000000e+00
0.00000000e+00
0.00000000e+00
0.00000000e+00
0.00000000e+00
0.00000000e+00
0.00000000e+00
0.00000000e+00
0.00000000e+00
0.00000000e+00
0.00000000e+00
-6.38846579e-01
-8.92444672e-01
-1.41763717e+00
0.00000000e+00
0.00000000e+00
0.00000000e+00
-2.48344231e-01
-2.28659739e+00
-1.88717254e-01
3.23793929e-01
5.99502822e-01
9.15414860e-02
-1.11715276e-01
5.01074622e-01
7.71502235e-01
0.00000000e+00
7.79762994e-02
7.14888624e-01
-7.35816728e-01
1.94714795e-02
1.56069918e-01
8.27044255e-01
-2.07892287e-01
-3.16834619e+00
4.30203382e-01
1.01672314e+00
-1.67775568e+00
0.00000000e+00
0.00000000e+00
0.00000000e+00
-1.63205849e-02
-1.88246383e+00
-4.41193309e-01
-1.86598138e-01
7.57575329e-01
1.12423943e+00
2.70198065e-01
-7.73482710e-01
-6.16690638e-03
0.00000000e+00
-2.82215146e-01
-2.82495962e-01
-1.23544096e+00
2.52163343e-01
8.46061604e-01
2.40344342e-01
6.06365680e-01
-9.89231319e-01
-1.71983154e-01
4.92888536e-01
8 1
-1.2332e+00 2.6647e-01
5 1
1 0 4 2 3 
217
-9.39823784e-01
-7.62080332e-02
1.69502912e+00
6.68600124e-01
-1.51404782e+00
5.33550550e-02
-2.56289962e-01
6.33197804e-01
2.59248288e-01
1.73055926e+00
7.24939864e-01
-2.10527460e+00
-1.53674157e-01
9.09615630e-01
-1.30402512e+00
8.50558551e-03
5.15681938e-01
-1.86772953e-01
-4.47543089e-03
1.52370828e-01
-5.74631534e-01
-7.41999815e-03
4.09662144e-01
0.00000000e+00
0.00000000e+00
0.00000000e+00
6.73757203e-01
-1.26017877e+00
-3.53402217e-01
0.00000000e+00
0.00000000e+00
0.00000000e+00
0.00000000e+00
0.00000000e+00
0.00000000e+00
0.00000000e+00
0.00000000e+00
-1.46174032e+00
3.03326470e-01
5.35445321e-01
-1.71317424e-01
-1.45537832e-01
0.00000000e+00
0.00000000e+00
0.00000000e+00
-2.99635628e-01
-2.13324939e+00
5.31530720e-02
0.00000000e+00
-1.30529407e+00
2.64579247e-01
1.22709178e+00
0.00000000e+00
4.75986338e-01
-1.13706327e+00
6.04496996e-01
0.00000000e+00
-1.23188009e+00
-6.70527594e-02
3.00250488e-01
-1.20648472e+00
-1.60492970e+00
1.87159063e+00
0.00000000e+00
-7.63992670e-01
-2.44108050e+00
6.10871722e-01
-7.88665082e-02
-7.86702836e-01
5.20100909e-01
5.51749493e-01
-6.03779436e-01
0.00000000e+00
-8.76705474e-02
7.11811459e-01
-8.00123293e-01
1.97290664e+00
0.00000000e+00
-1.27518380e-01
-1.14281903e-01
-6.43863549e-01
1.22493145e+00
-1.68441855e-01
-3.07292028e-01
-1.20351567e+00
-9.89839324e-01
0.00000000e+00
1.05759423e+00
-9.46849039e-01
1.95936974e-01
1.35679189e+00
0.00000000e+00
-9.00512664e-01
-1.36592727e+00
-1.25713824e-01
2.54073876e-01
8.64027038e-02
-1.72987084e+00
0.00000000e+00
0.00000000e+00
0.00000000e+00
0.00000000e+00
0.00000000e+00
0.00000000e+00
0.00000000e+00
0.00000000e+00
0.00000000e+00
0.00000000e+00
0.00000000e+00
0.00000000e+00
0.00000000e+00
0.00000000e+00
0.00000000e+00
0.00000000e+00
0.00000000e+00
0.00000000e+00
0.00000000e+00
0.00000000e+00
0.00000000e+00
3.74089900e-03
-2.72636968e+00
-1.70021151e+00
0.00000000e+00
0.00000000e+00
0.00000000e+00
3.29608083e-02
-3.75799658e-03
-1.45509809e+00
2.53778428e-01
0.00000000e+00
-1.03257232e+00
1.58123139e+00
3.43587361e+00
1.36829260e+00
0.00000000e+00
-1.74902888e+00
-1.83575062e-01
2.13351514e+00
-2.49866508e-01
1.07533784e+00
-1.15533460e-01
2.08520092e+00
-2.76734341e+00
6.78129198e-01
7.43666846e-01
-3.30596294e-01
0.00000000e+00
0.00000000e+00
0.00000000e+00
1.02718467e+00
-3.66644820e-03
3.94040611e-01
1.27752248e+00
0.00000000e+00
1.67720646e+00
3.92010840e-01
-1.42707471e+00
1.18264253e-01
0.00000000e+00
1.90055026e+00
5.49211436e-01
-1.44700664e+00
5.36124508e-01
8.36821220e-01
9.11282752e-01
5.70227779e-01
-1.74820847e-01
6.00832978e-01
7.04144665e-01
-3.98412432e+00
0.00000000e+00
0.00000000e+00
0.00000000e+00
3.36483926e+00
-1.63917790e-02
9.92701870e-01
-5.03400906e+00
2.15040722e+00
2.76676074e+00
7.74883726e-02
4.41096559e-01
-7.85472065e-02
0.00000000e+00
-4.61520595e-01
9.19074483e-01
-1.04574673e+00
6.84447930e-02
-1.43752952e-01
3.09746967e+00
8.71067875e-01
-6.96035285e-01
-3.68611042e-01
1.80204955e+00
-7.67648949e-01
0.00000000e+00
0.00000000e+00
0.00000000e+00
5.83623017e-01
-3.58385732e-02
-7.10607513e-02
3.35173194e+00
1.07644947e+00
3.24444918e-01
1.82318068e+00
8.69408748e-01
-1.26210890e-01
0.00000000e+00
1.85936972e+00
-5.88067960e-01
2.16111395e+00
1.83449973e+00
2.01070492e+00
2.75599362e-01
1.19222855e+00
1.08686487e+00
1.45257130e+00
1.78558318e-01
136
-1.65487846e+00
-1.18010386e+00
1.13844667e-02
-5.73919868e-01
-2.97027363e-03
-1.95460170e-01
-5.61268442e-03
2.94605439e-01
-1.51895901e-01
-1.61303352e+00
1.14060584e-01
-1.55905530e-01
0.00000000e+00
0.00000000e+00
0.00000000e+00
0.00000000e+00
0.00000000e+00
0.00000000e+00
0.00000000e+00
0.00000000e+00
2.22701956e-02
4.33337111e-01
-2.20008585e-01
-1.62682103e+00
-2.63656150e-01
0.00000000e+00
0.00000000e+00
0.00000000e+00
-5.71210572e-01
-7.65702950e-03
1.61563754e-02
0.00000000e+00
-2.07900452e+00
1.14473029e+00
-1.29964409e-01
1.28236165e+00
3.31569792e-02
-1.28087511e+00
-7.58778277e-01
0.00000000e+00
-6.71285970e-01
1.31944055e+00
8.29620819e-02
0.00000000e+00
0.00000000e+00
0.00000000e+00
0.00000000e+00
2.45701465e+00
8.57312770e-01
8.95082612e-01
-1.67681374e+00
-7.26058295e-01
-1.31483463e+00
7.52819987e-01
8.53898162e-02
-1.73195917e+00
0.00000000e+00
6.76537594e-01
8.53065078e-01
-2.53032840e-02
-2.47492309e+00
-1.36085066e+00
-1.34625072e+00
-2.43445534e-01
2.00730478e-01
3.38026998e-02
0.00000000e+00
2.70018482e+00
8.54102911e-01
3.98686462e-01
6.05115092e-01
0.00000000e+00
0.00000000e+00
0.00000000e+00
0.00000000e+00
0.00000000e+00
0.00000000e+00
0.00000000e+00
0.00000000e+00
0.00000000e+00
0.00000000e+00
0.00000000e+00
0.00000000e+00
0.00000000e+00
0.00000000e+00
0.00000000e+00
-5.87856071e-01
-5.92990787e-01
-1.42843404e+00
0.00000000e+00
0.00000000e+00
0.00000000e+00
4.07317361e-01
-2.11389611e+00
-1.35839952e-01
1.73722854e-01
9.58047238e-01
2.63145731e-01
1.52750118e-01
2.12345182e-01
7.79497518e-01
0.00000000e+00
1.01485353e-01
-2.12100771e-01
-1.46733193e+00
8.53597905e-02
4.15270658e-01
6.66129191e-01
3.12149210e-02
-2.96899020e+00
3.37106784e-01
8.86332211e-01
-1.57031819e+00
0.00000000e+00
0.00000000e+00
0.00000000e+00
1.91034198e-01
-2.37794299e+00
-7.35112833e-01
6.78299622e-02
3.36703915e-01
1.05920400e+00
1.94627511e-01
-3.33572016e-01
-3.71721910e-02
0.00000000e+00
-4.67865635e-02
-4.28648881e-01
-1.07321317e+00
4.50014848e-01
6.90946718e-01
6.11389318e-01
1.21723218e-01
-6.25769095e-01
2.16573477e-01
1.47852377e-01
9 1
-1.4529e+00 3.4851e-01
6 1
1 0 4 2 3 8 
217
-1.05444414e-01
-7.31898328e-01
8.62035225e-01
-7.84380307e-01
-1.45347929e+00
7.87417687e-01
-3.52065379e-01
1.00466132e+00
1.14985613e+00
-1.33163429e+00
7.58993606e-01
1.58659433e-02
0.00000000e+00
0.00000000e+00
-1.99882770e+00
1.18478806e-01
-4.74568853e-02
1.83539873e+00
-5.79706805e-04
6.43685957e-01
-7.11775671e-01
3.26373426e-02
1.06641766e+00
7.69760228e-01
-8.35777764e-02
2.16295979e+00
-6.03747736e-01
2.00120009e-01
2.98183314e-01
0.00000000e+00
0.00000000e+00
0.00000000e+00
0.00000000e+00
0.00000000e+00
0.00000000e+00
0.00000000e+00
0.00000000e+00
-4.38433181e-01
1.60552157e-01
1.27102849e-01
-1.04721736e+00
-9.00121159e-01
0.00000000e+00
0.00000000e+00
0.00000000e+00
2.91221135e-01
-3.98357289e-01
3.93315368e-01
0.00000000e+00
-8.97062643e-01
1.93268768e-01
-3.48879686e-01
0.00000000e+00
-9.73996842e-01
-1.40443022e+00
6.40638078e-01
0.00000000e+00
3.71333158e-01
-7.13475171e-02
1.43802701e+00
-7.78109478e-01
-6.05841507e-01
1.27850657e+00
0.00000000e+00
-1.02003999e+00
0.00000000e+00
-1.83902919e-01
-1.89997417e-01
1.09849850e+00
1.18545185e+00
-1.02064216e-01
-4.45614705e-01
0.00000000e+00
5.47715487e-01
1.25862872e+00
-1.05480979e-01
-2.43381286e-01
1.62790243e+00
-1.76427292e+00
0.00000000e+00
3.24031019e-01
-2.31224887e-01
-2.93104936e-01
4.07840330e-01
-3.61732727e-01
-4.04761620e-01
7.00657141e-01
8.01445914e-01
-9.16409703e-01
-1.40395980e-01
-1.58115009e+00
0.00000000e+00
-2.36947555e-01
0.00000000e+00
7.30205878e-01
-5.55814050e-02
4.76244653e-01
1.50059299e+00
6.15728299e-01
-9.96454207e-01
0.00000000e+00
8.41268255e-01
-1.96226006e+00
-5.65986761e-01
8.62013530e-01
0.00000000e+00
0.00000000e+00
0.00000000e+00
0.00000000e+00
0.00000000e+00
0.00000000e+00
0.00000000e+00
0.00000000e+00
0.00000000e+00
0.00000000e+00
0.00000000e+00
0.00000000e+00
0.00000000e+00
0.00000000e+00
-1.70844707e-01
-8.87071603e-01
-1.52592750e+00
0.00000000e+00
0.00000000e+00
0.00000000e+00
-4.40286794e-01
-1.54387461e-01
-2.37944098e+00
-3.86472295e-01
7.60944028e-01
-1.20062254e+00
-1.57416935e+00
8.33676573e-01
1.06530434e+00
0.00000000e+00
1.02877840e+00
2.62862258e+00
-1.89637307e-01
-4.12482888e+00
9.27812636e-01
1.85845106e+00
1.29260608e+00
-4.44837155e+00
1.34587294e+00
1.63022102e+00
-5.45085395e-02
0.00000000e+00
0.00000000e+00
0.00000000e+00
3.68501852e-01
-1.01821099e+00
1.26363740e+00
-4.94024939e-01
6.20376783e-01
1.15238615e+00
1.27042764e+00
-6.23980994e-01
-2.60681623e-02
0.00000000e+00
-5.03094321e-01
-1.03482031e+00
-9.78820691e-01
1.56479032e+00
-4.88683034e-01
-7.50670263e-01
-6.71756595e-01
1.81064234e+00
-7.50928578e-01
-7.64212150e-01
-2.23558278e+00
0.00000000e+00
0.00000000e+00
0.00000000e+00
2.04337131e+00
-5.95374614e-02
-9.91347806e-01
-3.75813619e-01
3.23654615e-01
-3.99341823e-01
3.20931833e+00
-6.32646438e-01
4.19011646e-01
0.00000000e+00
-1.03527019e+00
-6.78316018e-01
-1.49400691e+00
-1.93068549e+00
3.07078763e-01
1.28987964e+00
-2.47470734e-01
1.04680830e+00
8.24088801e-01
5.24781421e-01
-7.06496250e-01
0.00000000e+00
0.00000000e+00
0.00000000e+00
2.54805346e-03
-2.01141277e-01
6.87370606e-01
5.18613202e-01
-6.61861507e-02
7.68227155e-01
-9.65003225e-01
8.18298326e-01
2.06553526e-01
0.00000000e+00
9.36257834e-01
1.36646478e+00
2.87665552e-01
2.38326715e+00
9.03394877e-01
-2.38022175e-01
6.47773443e-01
-8.49141212e-02
4.28145837e-01
1.05708491e+00
136
-7.92914344e-01
-2.12721194e+00
5.19674727e-02
3.09141456e-01
1.88035087e-03
6.53366674e-01
5.13904417e-04
3.71789465e-01
1.35268423e-02
6.38717807e-02
-3.08124969e-01
-5.48661156e-01
0.00000000e+00
0.00000000e+00
0.00000000e+00
0.00000000e+00
0.00000000e+00
0.00000000e+00
0.00000000e+00
0.00000000e+00
3.99667350e-01
4.44892335e-01
-1.70972852e-01
-6.58832279e-02
-4.37221171e-01
-9.63396777e-01
0.00000000e+00
0.00000000e+00
-8.51741993e-01
-8.95617745e-03
2.83136942e-01
0.00000000e+00
-1.69201198e+00
1.16805173e+00
2.99131287e-01
1.17688862e+00
5.47450387e-02
-3.25305556e-01
-2.76117688e-01
0.00000000e+00
-3.45429775e-01
2.71311747e-01
-4.15783093e-01
0.00000000e+00
0.00000000e+00
0.00000000e+00
0.00000000e+00
2.48039062e+00
9.16340609e-01
7.14109102e-01
-1.89224035e+00
-6.14505238e-01
-1.17387830e+00
5.83767651e-01
-5.12739022e-02
-1.22775654e+00
2.24743773e-01
-1.72094591e-01
4.80900537e-01
-7.33186791e-02
-1.48981610e+00
-5.75701171e-01
-6.23757822e-01
-1.58859249e-01
9.55276079e-02
-7.09263930e-01
7.73843740e-01
1.94794599e+00
7.44526159e-01
2.46025157e-01
-1.57437540e-01
1.05853021e+00
-6.97352405e-01
-6.39276675e-01
3.09598129e-01
3.60282880e-02
0.00000000e+00
0.00000000e+00
0.00000000e+00
0.00000000e+00
0.00000000e+00
0.00000000e+00
0.00000000e+00
0.00000000e+00
0.00000000e+00
0.00000000e+00
-8.82067603e-01
-1.01914988e+00
-1.63909476e+00
0.00000000e+00
0.00000000e+00
0.00000000e+00
2.61954490e-01
-2.43283868e+00
-6.81366974e-01
4.96262132e-01
4.08668250e-01
-5.52387239e-04
3.37084939e-02
4.76654896e-01
6.82669443e-01
0.00000000e+00
8.19704380e-02
4.41943452e-01
-8.49366583e-01
2.84851127e-02
3.45153857e-01
9.83234122e-01
3.92115409e-01
-4.02335340e+00
5.76406174e-01
1.13915700e+00
-1.74343186e+00
0.00000000e+00
0.00000000e+00
0.00000000e+00
3.02071059e-01
-2.13934201e+00
-5.74376240e-01
-2.20095402e-01
7.45032943e-01
1.09905099e+00
1.79224419e-01
-6.30235658e-01
-1.72597697e-01
0.00000000e+00
-2.41784894e-01
-5.06577452e-01
-1.07539867e+00
1.34111446e-01
8.33128542e-01
5.70153663e-01
5.23170947e-01
-1.04244740e+00
-1.15374775e-01
5.88854339e-01
10 1
-1.6123e+00 3.4552e-01
7 1
1 0 4 2 3 8 9 
217
-1.23853522e+00
-1.09489541e-01
2.44310922e+00
1.34488555e+00
-2.29268907e+00
2.53998612e+00
4.60279400e-02
4.08216823e-01
6.99123454e-01
-6.61632849e-01
1.37721949e+00
-6.15414344e-01
0.00000000e+00
0.00000000e+00
1.14670905e+00
-7.45208636e-03
8.61062526e-01
-2.69380626e-01
2.79030972e-03
1.44658697e+00
-2.60397735e-01
8.82168956e-03
1.08740610e+00
-1.85546591e+00
1.14100869e+00
-1.00246910e+00
7.56118383e-01
-3.69394531e-01
-1.62525908e+00
0.00000000e+00
0.00000000e+00
0.00000000e+00
0.00000000e+00
0.00000000e+00
0.00000000e+00
0.00000000e+00
0.00000000e+00
-5.50280667e-01
6.41242911e-02
-1.31681665e+00
-1.72406033e+00
-1.34708299e+00
3.37153210e-01
0.00000000e+00
0.00000000e+00
3.97586773e-01
-1.12051859e+00
2.59642196e-01
0.00000000e+00
-8.83882540e-01
-8.00949831e-01
1.58092418e-01
0.00000000e+00
2.22388380e+00
7.68491519e-01
-6.54059919e-02
0.00000000e+00
-2.00484660e-01
0.00000000e+00
-5.21646669e-01
-1.94048384e+00
-4.86295767e-01
1.18824438e+00
0.00000000e+00
-2.60632055e+00
0.00000000e+00
8.42925668e-01
-4.38618086e-01
5.24859662e-01
9.96224492e-02
-1.85006122e+00
-2.29157439e+00
0.00000000e+00
2.02180693e+00
7.77782469e-01
8.81293452e-01
-1.86932324e+00
0.00000000e+00
-1.48078271e+00
0.00000000e+00
-1.01757811e-01
6.78820196e-01
3.44005295e-01
7.21484544e-01
-1.04446173e+00
-9.45567849e-01
-6.11274980e-01
-1.76812298e-01
2.09507994e-01
9.28306649e-01
1.13512785e+00
0.00000000e+00
-8.46075156e-01
0.00000000e+00
8.14665696e-03
-1.17217129e-01
-4.00606725e-01
-7.08701372e-01
0.00000000e+00
-1.62599456e+00
-1.91721479e+00
6.98060674e-01
-3.80275771e+00
4.57426374e-01
-5.49213277e-01
0.00000000e+00
-2.31865706e+00
-2.37155165e+00
1.20384055e+00
-1.11793680e+00
-1.23718709e-01
1.11665166e+00
0.00000000e+00
0.00000000e+00
0.00000000e+00
0.00000000e+00
0.00000000e+00
0.00000000e+00
0.00000000e+00
-7.81723831e-01
-9.87253394e-01
-3.84053208e+00
0.00000000e+00
0.00000000e+00
0.00000000e+00
2.26039878e+00
0.00000000e+00
-1.68534663e+00
-1.19189882e+00
1.62418955e+00
-3.24017012e-01
-3.23486256e+00
1.05131862e+00
1.57483559e+00
0.00000000e+00
4.31391157e+00
5.92575649e+00
2.67012301e+00
-5.99365991e-01
-2.32846623e+00
2.76820222e+00
2.78355260e+00
-2.11185236e+00
1.25843627e+00
1.47418832e+00
-9.54176185e-01
0.00000000e+00
0.00000000e+00
0.00000000e+00
1.36819335e+00
0.00000000e+00
2.30673887e+00
3.05319106e+00
1.64425111e+00
2.72853792e+00
3.55898204e+00
1.24680498e+00
1.23982213e+00
0.00000000e+00
-1.30386359e+00
-2.57914455e+00
-1.06855699e+00
3.72204168e+00
2.73552740e+00
1.75066670e-01
5.86450866e-01
1.70932091e+00
1.36104686e+00
1.92342523e+00
-2.06743930e+00
0.00000000e+00
0.00000000e+00
0.00000000e+00
4.29369897e-01
-2.82617022e-02
2.38647248e+00
6.29530618e-01
7.35891361e-01
4.40670670e+00
-7.25905532e-01
-7.92948169e-01
4.02052331e-01
0.00000000e+00
5.20375237e-01
5.42540693e-01
6.30402748e-02
5.60868272e+00
1.87482704e+00
1.58768383e+00
-6.81641455e-02
-3.70088974e+00
3.01462112e+00
-5.92304042e-01
-2.24254129e+00
0.00000000e+00
0.00000000e+00
0.00000000e+00
2.01706090e+00
-5.98873978e-02
-8.70056253e-02
2.22032681e+00
1.33351851e+00
4.72604402e-01
2.92208873e+00
2.14451334e+00
2.70310302e-01
0.00000000e+00
1.63637843e+00
1.02957627e+00
-8.24702833e-01
-1.12040361e+00
1.13824419e+00
1.83640507e+00
2.59833981e+00
2.38511951e+00
3.55543288e-01
1.77289485e+00
136
-1.36091037e+00
-1.18449673e+00
1.40019556e-02
-5.51421714e-01
-2.40604517e-03
-1.69121185e-01
-4.89526786e-03
5.44129264e-01
-1.62721562e-01
-6.98362582e-01
-2.24315082e-01
-4.38232704e-01
0.00000000e+00
0.00000000e+00
0.00000000e+00
0.00000000e+00
0.00000000e+00
0.00000000e+00
0.00000000e+00
0.00000000e+00
2.18550881e-01
1.61819232e-01
-2.33539374e-01
-2.63608735e-01
-4.79802361e-01
-8.95232011e-01
0.00000000e+00
0.00000000e+00
-7.95172913e-01
-3.33120600e-01
-2.69966507e-02
0.00000000e+00
-1.59119276e+00
8.84307039e-01
-2.68923429e-02
9.32513481e-01
1.51567495e-01
-4.93277418e-01
-2.49975598e-01
0.00000000e+00
-4.25399626e-01
9.02689968e-01
-2.80688846e-01
0.00000000e+00
0.00000000e+00
0.00000000e+00
0.00000000e+00
1.91320341e+00
6.54940259e-01
6.58698420e-01
-1.97110638e+00
-6.34641249e-01
-1.10231467e+00
5.83623512e-01
1.59569394e-02
-1.69495488e+00
0.00000000e+00
1.62328002e+00
9.92029378e-01
6.41405224e-02
-1.93217710e+00
-1.45478865e+00
-1.49301153e+00
-3.46391803e-01
-5.92029863e-02
-1.25053079e+00
0.00000000e+00
3.60579875e+00
1.02654018e+00
6.18488503e-01
-4.39021658e-03
1.47196811e-01
5.29537353e-02
-7.28452989e-01
4.40894801e-01
4.39334232e-01
0.00000000e+00
-5.93810561e-01
3.24419598e-01
-9.17349132e-02
-6.84398082e-01
0.00000000e+00
0.00000000e+00
0.00000000e+00
0.00000000e+00
0.00000000e+00
-5.78559312e-01
-7.44384430e-01
-1.43668336e+00
0.00000000e+00
0.00000000e+00
0.00000000e+00
5.44593496e-01
-2.35506017e+00
-4.90618561e-01
4.09772814e-01
9.71913239e-01
1.26612849e-01
3.18173288e-01
3.66080006e-01
6.88355391e-01
0.00000000e+00
1.53555175e-01
-4.40825603e-01
-1.05149020e+00
-4.06465948e-01
5.64862365e-01
7.43827396e-01
4.49228692e-01
-3.42025912e+00
4.55122013e-01
9.35939519e-01
-1.65653944e+00
0.00000000e+00
0.00000000e+00
0.00000000e+00
6.14886898e-01
-2.23376633e+00
-9.13992472e-01
-2.36296799e-01
4.95211500e-01
1.00513289e+00
2.38516246e-01
-4.00864315e-01
-3.68090748e-02
0.00000000e+00
-1.68026371e-01
-4.16709562e-01
-6.73492286e-01
1.95458269e-01
8.12115440e-01
5.39476232e-01
-1.91120163e-01
-6.46913675e-01
1.92162490e-01
1.68491646e-01
5 1
-1.6837e+00 3.3625e-01
8 0
1 0 4 2 3 8 9 10 
217
3.51610460e-02
-1.83734917e+00
1.67682304e+00
3.43075691e-01
-6.63007840e-01
4.49104372e-01
-2.14369200e-02
5.73554844e-01
3.66859681e-01
1.38241845e-01
3.30434439e-01
9.84111174e-01
2.23116855e-02
-2.40047368e+00
2.00420999e-01
-5.38695631e-02
8.50167640e-01
1.63616761e+00
-3.40147278e-02
8.46160642e-02
6.42689665e-01
-1.19431090e-02
-9.59915913e-02
-2.44411723e+00
-1.38387498e-03
6.98578941e-01
2.13296668e-01
-3.86147086e-01
2.08011465e-01
0.00000000e+00
0.00000000e+00
0.00000000e+00
0.00000000e+00
0.00000000e+00
0.00000000e+00
0.00000000e+00
0.00000000e+00
1.83386894e-01
5.56034448e-01
-3.73563283e-01
-9.14426243e-01
-1.47295377e+00
-2.01031855e+00
0.00000000e+00
0.00000000e+00
2.12340067e-01
-1.68388173e-01
8.05297810e-01
0.00000000e+00
-1.11035759e+00
2.89580129e-01
-1.42092543e-01
0.00000000e+00
-3.27090196e-01
1.22897657e+00
3.66558673e-01
0.00000000e+00
1.37435950e+00
-3.95663223e-01
5.22024866e-01
-8.38866618e-02
-8.98017524e-01
1.01706523e+00
-1.40810402e+00
-2.57775524e-01
-2.84063042e-01
6.63976384e-01
3.97329544e-01
1.03706421e+00
5.64929395e-01
-1.93233623e+00
-5.38796832e-01
0.00000000e+00
2.49595527e+00
2.18309734e-01
1.03388358e-02
-5.27960713e-01
-3.90999758e-01
-1.11690338e-01
0.00000000e+00
2.14591633e-01
1.57756942e+00
3.23259509e-01
-1.99862367e-01
0.00000000e+00
-1.13620301e-01
1.17781548e+00
2.11034530e-01
-3.99410478e-01
-6.22531830e-02
-3.42145322e-01
7.53612851e-01
-4.53264103e-01
-1.99657941e+00
-1.88177925e-01
5.20856568e-01
-7.70097760e-02
-3.74380421e-01
-3.66370083e-01
-4.07780386e-01
0.00000000e+00
2.21973458e-02
-3.03011881e+00
7.87114169e-01
1.95478776e-01
5.77508624e-01
-1.28138849e+00
-1.29965021e+00
-6.38694443e-02
2.76973520e+00
8.02910361e-01
-4.79752079e-02
-8.90255725e-01
-1.00864381e-01
0.00000000e+00
-1.60927386e-01
1.10529889e+00
1.18720854e+00
6.58996955e-02
-1.62008183e+00
-2.52098976e+00
-3.01670239e+00
0.00000000e+00
0.00000000e+00
0.00000000e+00
1.83503994e+00
0.00000000e+00
-1.76894254e+00
7.11324861e-02
2.00412115e+00
2.10606850e+00
-3.90833509e-01
2.36331234e+00
-3.03614243e-01
0.00000000e+00
3.10421436e-01
-2.48971957e+00
-1.54576145e+00
-8.61927520e-01
9.03230386e-01
2.01997525e+00
1.46505721e+00
-2.41839794e+00
1.20080512e+00
1.36646389e+00
-4.34423074e-01
0.00000000e+00
0.00000000e+00
0.00000000e+00
-8.50455102e-03
0.00000000e+00
1.32348523e+00
5.31811271e-01
2.01944693e-02
3.57571578e-01
1.26986898e+00
-1.73026575e-01
8.49626736e-01
0.00000000e+00
1.11123573e+00
2.30062501e+00
9.84073370e-01
1.58241401e+00
1.00804121e+00
4.77575367e-01
2.72748725e-01
8.39299233e-02
7.53040827e-02
8.08307851e-01
-3.14754612e+00
0.00000000e+00
0.00000000e+00
0.00000000e+00
1.80004296e+00
-1.23905765e-01
-6.15673127e-01
2.70640397e-01
5.95117626e-01
1.63297518e+00
9.59671439e-01
9.19309752e-02
-1.64114572e-01
0.00000000e+00
-2.16783303e+00
8.85456366e-01
-7.07728899e-01
-1.05098166e+00
-1.37451785e+00
1.93493095e+00
1.85596861e+00
-3.45082141e+00
-1.04297095e+00
-1.96820593e-01
-1.31634437e-01
0.00000000e+00
0.00000000e+00
0.00000000e+00
-5.73675377e-01
-1.25873904e-01
5.41072498e-01
-7.60203480e-02
1.57635954e-01
2.08247931e-01
-6.40636318e-01
1.13905248e-01
5.30177463e-01
0.00000000e+00
1.24554036e+00
-6.24025069e-03
-2.84607145e-01
5.97668968e-01
1.26679607e+00
-5.30429824e-01
-6.22816843e-01
9.19739166e-01
6.50081243e-01
4.98997029e-01
136
-5.45439717e-01
2.93541192e-01
-1.19071893e-02
8.73121439e-02
-8.24074246e-03
-4.96446025e-01
-6.47005102e-04
-4.29847028e-01
-4.23835406e-04
-5.81453395e-02
-1.74399098e-01
-3.12895279e-01
0.00000000e+00
0.00000000e+00
0.00000000e+00
0.00000000e+00
0.00000000e+00
0.00000000e+00
0.00000000e+00
0.00000000e+00
9.85182134e-01
5.86226481e-01
-3.31110565e-02
-3.52491802e-01
-6.12141946e-01
-7.21377403e-01
-3.97726124e-01
0.00000000e+00
4.20692028e-01
-3.51373141e-01
-9.14272945e-02
0.00000000e+00
-6.61591985e-01
4.80793800e-01
-6.46225670e-01
3.45908733e-01
-4.93301555e-01
8.33392165e-01
8.16357731e-02
0.00000000e+00
-1.16117330e+00
1.11392263e+00
-2.69916343e-01
0.00000000e+00
0.00000000e+00
0.00000000e+00
1.77186959e+00
5.03999035e-01
5.16853214e-01
4.14131990e-01
-1.91315005e+00
-9.64775424e-01
-7.31466214e-01
4.99241535e-01
-2.42751710e-01
-7.21779502e-01
4.17656335e-01
3.27870375e-01
6.04127452e-01
1.74731959e-01
-6.84051697e-01
-2.69269846e+00
3.35261630e-01
-1.25170867e-01
1.27254699e-01
-9.38517661e-01
1.34706812e+00
2.21935569e+00
8.60874445e-01
3.53226953e-01
-1.61121164e-01
6.22769546e-01
1.83744986e-01
-6.18822177e-01
4.59273694e-01
1.85785366e-01
2.09796162e-01
-5.11933364e-01
3.49924776e-01
3.18699102e-02
-8.99162332e-01
-2.26350951e-01
6.93948413e-01
-3.72151211e-02
3.62355188e-01
-7.76072128e-01
-1.04857081e+00
-1.22541025e+00
-1.94556095e+00
0.00000000e+00
0.00000000e+00
0.00000000e+00
4.98190117e-01
-3.21994301e+00
-5.58732963e-01
5.92042014e-01
4.54808086e-01
2.15498826e-01
1.41492795e-01
6.35744308e-01
-3.07929608e-02
0.00000000e+00
3.57111436e-01
7.50547985e-01
-8.65729757e-01
-7.04249301e-02
3.09433647e-01
8.10490424e-01
1.85548085e-01
-3.59668788e+00
2.28345881e-01
1.21749694e+00
-2.01422038e+00
0.00000000e+00
0.00000000e+00
0.00000000e+00
5.54156137e-01
-2.47756163e+00
-7.63281405e-01
-2.82047128e-01
3.69923267e-01
8.81252640e-01
3.80095627e-01
-5.63311732e-01
-2.30018051e-01
0.00000000e+00
-3.44954235e-01
-6.49915880e-02
-1.26444235e+00
3.24308521e-01
1.05477290e+00
5.78674927e-01
1.55885270e-01
-1.14445530e+00
-4.60068643e-02
8.67780614e-01
6 2
-2.5879e+00 4.1589e-01
8 -1
1 0 4 2 3 8 9 10 
217
1.13151124e+00
8.49908572e-01
-9.35553271e-01
-8.29831077e-01
-4.65286425e-01
3.62728227e-01
2.20263065e-01
7.16924012e-01
1.00890425e+00
7.75736823e-01
1.18863606e+00
-3.01364404e+00
0.00000000e+00
0.00000000e+00
0.00000000e+00
0.00000000e+00
0.00000000e+00
0.00000000e+00
0.00000000e+00
0.00000000e+00
0.00000000e+00
0.00000000e+00
0.00000000e+00
1.13549075e+00
5.58115873e-03
6.68210591e-01
-9.29913800e-01
7.89199409e-01
1.27222563e+00
0.00000000e+00
0.00000000e+00
0.00000000e+00
0.00000000e+00
0.00000000e+00
0.00000000e+00
0.00000000e+00
0.00000000e+00
-1.54484305e-01
-7.95196039e-01
-1.54144481e+00
3.45220223e-01
0.00000000e+00
0.00000000e+00
0.00000000e+00
0.00000000e+00
-4.14388107e-01
-3.26451430e-01
4.44457313e-01
0.00000000e+00
-1.61263132e-01
0.00000000e+00
0.00000000e+00
0.00000000e+00
8.36736127e-01
1.32085361e-02
0.00000000e+00
0.00000000e+00
8.25906312e-01
0.00000000e+00
0.00000000e+00
-1.35207076e+00
-5.75651240e-01
3.05923324e+00
1.12193189e+00
-1.85586809e+00
0.00000000e+00
1.20852492e+00
-1.40559802e-01
6.56922525e-01
1.26467171e+00
4.81788297e-01
-6.81697181e-01
0.00000000e+00
1.70125129e+00
4.17168304e-01
-3.69831168e-01
3.20357291e-01
-8.88188413e-01
5.30429892e-01
0.00000000e+00
1.00408484e+00
4.66483273e-01
4.85184924e-01
8.78775079e-01
2.74418626e-02
2.37727107e-02
0.00000000e+00
1.40357676e+00
1.28490239e-02
0.00000000e+00
0.00000000e+00
1.20987596e+00
-2.67831477e-01
0.00000000e+00
7.64676195e-02
4.06178135e-01
1.12999135e-01
-1.16076199e+00
-8.81135350e-02
2.09816307e-02
0.00000000e+00
1.36469728e+00
-1.24396738e+00
-1.66054134e-01
-6.90828791e-01
-1.43490572e+00
-4.75697167e-01
0.00000000e+00
2.28230478e+00
-3.85813112e+00
7.59809343e-01
-1.42054394e+00
1.77439617e-01
-2.48021290e-01
0.00000000e+00
1.46582233e+00
-2.65318575e+00
-2.63729413e-01
-2.10959548e+00
-1.23244836e+00
-1.85027264e+00
-2.50466416e+00
0.00000000e+00
0.00000000e+00
0.00000000e+00
-2.37569192e+00
-9.47216883e-04
-1.35226951e+00
6.11399232e-01
0.00000000e+00
-7.13126983e-01
-5.18245595e-01
2.08259621e+00
1.78103660e+00
0.00000000e+00
2.74376004e+00
2.84900995e+00
-4.97442951e-02
-1.17173459e-01
-1.07111085e+00
8.81573761e-01
-7.40275049e-01
0.00000000e+00
1.72296753e-01
6.18430313e+00
-8.62311957e-01
0.00000000e+00
0.00000000e+00
0.00000000e+00
2.25561491e+00
-3.01087718e-03
1.08884477e+00
1.61910162e+00
0.00000000e+00
1.37960167e+00
1.17391188e+00
5.16461528e-01
1.17024771e+00
0.00000000e+00
3.70675976e-01
1.85184945e-01
-8.69684677e-02
1.62518319e+00
8.00830437e-01
1.16376402e+00
1.12091107e+00
0.00000000e+00
-6.74928971e-01
-1.14457001e+00
-3.82598933e+00
0.00000000e+00
0.00000000e+00
0.00000000e+00
2.09910757e+00
-6.22410031e-03
6.52609583e-01
4.72579746e-01
1.93082613e+00
3.32308944e+00
-1.10347661e+00
-1.84492611e+00
-6.55456618e-03
0.00000000e+00
-1.11295542e+00
0.00000000e+00
-1.53743210e-02
2.30835295e+00
2.28980131e+00
-9.41040860e-01
7.01518299e-01
-1.36452868e+00
-2.20712045e+00
-9.74675207e-01
-9.70919774e-01
0.00000000e+00
0.00000000e+00
0.00000000e+00
1.04184731e+00
-1.41737980e-02
4.61769764e-03
5.52150759e-01
1.04905326e+00
1.54534952e-01
1.68755414e+00
1.92815181e+00
8.30058610e-01
0.00000000e+00
1.20568305e+00
0.00000000e+00
-3.46918439e-02
-8.79374973e-01
1.09914370e+00
1.76558239e+00
9.30254030e-01
2.09718560e+00
2.24922009e+00
1.96511826e+00
136
-7.71072446e-02
0.00000000e+00
0.00000000e+00
0.00000000e+00
0.00000000e+00
-1.91568941e-03
5.18468191e-03
-2.07848105e-01
2.30601732e-05
1.23050857e-01
-4.20353209e-02
-1.58122781e-01
0.00000000e+00
0.00000000e+00
0.00000000e+00
0.00000000e+00
0.00000000e+00
0.00000000e+00
0.00000000e+00
0.00000000e+00
8.40849315e-01
4.42485208e-01
-1.01174910e-01
-2.21042420e-01
-5.99483645e-01
-6.12825569e-01
1.74084777e-01
0.00000000e+00
-2.61432658e-01
-1.28803662e-01
5.47926729e-01
0.00000000e+00
-1.02850570e+00
8.45668279e-01
1.22194159e-01
3.81497567e-01
2.66118581e-01
1.47110417e-01
-2.32241117e-01
0.00000000e+00
-2.98854132e-01
2.55946969e-01
-6.41556543e-01
0.00000000e+00
0.00000000e+00
0.00000000e+00
1.31965547e+00
1.29587972e-01
3.05775861e-01
2.34062314e-01
-1.58608781e+00
-1.98065672e-01
-7.95286804e-01
6.64777856e-01
3.97799064e-02
-1.11780295e+00
4.12944307e-01
3.07231549e-01
6.00605799e-01
1.05692824e-01
-1.00440007e+00
-2.66786358e-01
-1.36743964e-01
2.83239362e-02
1.89634823e-01
-2.31039607e-01
7.42164488e-01
1.34401019e+00
6.69437618e-01
1.97777431e-01
-1.39022123e-01
5.37405856e-01
1.56316465e-01
-6.34576346e-01
4.57013474e-01
-2.64288616e-01
4.87915543e-02
-2.94058492e-01
3.91542130e-01
2.65134506e-02
-9.16749870e-01
-1.74378433e-01
5.50780828e-01
-1.91694582e-01
3.09087806e-01
-4.09803239e-01
-9.24401767e-01
-1.53139219e+00
-1.78067046e+00
0.00000000e+00
0.00000000e+00
0.00000000e+00
5.18886853e-01
-2.90769762e+00
-4.41886839e-01
4.12370786e-01
4.25117863e-01
7.64021330e-02
6.63765122e-02
5.82962831e-01
3.04873801e-01
0.00000000e+00
2.80268126e-01
6.44295719e-01
-9.98734094e-01
-2.89268731e-01
3.66655919e-01
9.72715013e-01
2.92837568e-01
-3.59089388e+00
4.68586864e-01
1.03546072e+00
-2.10133693e+00
0.00000000e+00
0.00000000e+00
0.00000000e+00
4.27153566e-01
-2.34526271e+00
-6.18163703e-01
-4.28473426e-01
5.93705510e-01
6.62386441e-01
1.71733193e-01
-5.71252394e-01
-2.32636062e-01
0.00000000e+00
-2.75265049e-01
-1.64787516e-01
-9.90189533e-01
1.52250642e-01
8.37534490e-01
6.10194882e-01
4.57596644e-01
-1.15022989e+00
4.01091041e-02
7.22258888e-01
7 2
-2.8979e+00 4.2868e-01
8 -1
1 0 4 2 3 8 9 10 
217
-4.49195798e-01
-2.22974898e+00
4.35953897e-01
2.85428674e+00
-1.77760555e+00
3.12937213e+00
3.05621111e+00
4.88700141e+00
4.02687375e+00
6.24980643e+00
7.29214296e-02
-2.38051907e+00
0.00000000e+00
0.00000000e+00
-8.56830540e-01
7.31309289e-02
-2.24765949e+00
4.07634742e-01
-1.10378304e-01
-2.05812848e+00
0.00000000e+00
0.00000000e+00
0.00000000e+00
0.00000000e+00
0.00000000e+00
0.00000000e+00
0.00000000e+00
-1.05704793e+00
6.07852134e-01
0.00000000e+00
0.00000000e+00
0.00000000e+00
0.00000000e+00
0.00000000e+00
0.00000000e+00
0.00000000e+00
0.00000000e+00
8.21837083e-01
6.25109140e-01
-3.87701166e+00
-3.12397392e+00
5.64831265e+00
8.31741627e-01
0.00000000e+00
0.00000000e+00
8.61264908e-01
1.25969000e+01
4.02465794e+00
0.00000000e+00
-1.32592963e+00
0.00000000e+00
5.95458870e+00
2.81683947e+00
0.00000000e+00
2.98501734e-01
-2.78146063e+00
0.00000000e+00
0.00000000e+00
0.00000000e+00
-2.00227321e+00
2.59009468e+00
-4.64664723e-01
-2.57462575e+00
0.00000000e+00
-4.30839126e+00
0.00000000e+00
2.57913669e+00
-1.48139761e-01
1.28005877e+00
1.61376648e-01
-1.08263978e+00
2.56316191e+00
0.00000000e+00
3.28841313e+00
1.09741836e+00
-5.21813106e+00
-7.04588657e+00
0.00000000e+00
-4.22473104e-01
0.00000000e+00
5.39074222e+00
-2.84047341e-01
0.00000000e+00
0.00000000e+00
1.43855959e+00
-3.06748857e+00
0.00000000e+00
2.30724868e+00
-9.82837238e-01
-1.12751551e+00
-1.02898802e+01
0.00000000e+00
3.29321143e+00
0.00000000e+00
2.16456252e+00
2.38423880e+00
0.00000000e+00
0.00000000e+00
0.00000000e+00
-9.58520013e-01
0.00000000e+00
1.36633882e+00
-6.68459189e+00
-8.57014608e-01
1.72915832e+01
0.00000000e+00
2.37800663e+00
-1.28860047e+00
-2.03244658e+00
3.45801944e+00
-7.94755849e-01
-4.26752728e-01
0.00000000e+00
-5.14612942e+00
0.00000000e+00
3.32374237e+00
-3.89913038e+00
1.37319125e+00
1.20405232e+00
-1.65589098e+00
2.94766126e+00
-4.00872298e+00
0.00000000e+00
0.00000000e+00
0.00000000e+00
5.58381265e-01
-8.96351190e-03
-1.66832907e-02
9.14988107e+00
-4.36772065e-01
3.17204743e+00
-1.24623656e+00
0.00000000e+00
0.00000000e+00
0.00000000e+00
0.00000000e+00
-1.00228384e+01
0.00000000e+00
0.00000000e+00
8.75092168e+00
2.65305249e+00
-3.37714466e+00
-1.16485385e-02
7.63963811e+00
6.36577786e+00
-2.37396132e+00
0.00000000e+00
0.00000000e+00
0.00000000e+00
4.71633960e+00
-6.98409936e-03
-2.22714963e-02
-2.70805964e+00
3.49907084e+00
3.85498731e-01
4.13106972e-02
0.00000000e+00
0.00000000e+00
0.00000000e+00
0.00000000e+00
7.93416768e+00
0.00000000e+00
0.00000000e+00
1.29717046e+00
1.57995212e+00
4.66386854e+00
-1.55682629e-02
-5.24139753e+00
-1.77001003e+00
-3.70805531e+00
0.00000000e+00
0.00000000e+00
0.00000000e+00
1.42558310e+00
0.00000000e+00
-1.22213418e-03
-4.07473073e+00
0.00000000e+00
-4.90397015e+00
0.00000000e+00
-2.31638820e+00
-1.91385296e+00
0.00000000e+00
1.04690320e+01
6.03980628e+00
-1.98181080e-02
1.50193787e+00
1.25549696e+01
8.67048788e+00
8.19184972e-01
-1.23126797e-03
0.00000000e+00
1.56995870e+00
8.15936779e-01
0.00000000e+00
0.00000000e+00
0.00000000e+00
-4.42281283e-01
0.00000000e+00
-2.54527186e-03
-1.83873292e+00
0.00000000e+00
1.72842944e+00
0.00000000e+00
9.13986023e-01
-1.73179314e+00
0.00000000e+00
-6.80884970e+00
-6.07536224e+00
-2.60923723e-02
-2.20715668e+00
-8.02128729e+00
-7.03228243e+00
1.35432626e+00
-2.91264390e-03
0.00000000e+00
4.20012069e-01
136
-2.90320356e+00
-1.59621163e+00
6.97302314e-03
-1.30699193e+00
4.58800450e-04
0.00000000e+00
0.00000000e+00
0.00000000e+00
0.00000000e+00
0.00000000e+00
7.26725038e-01
4.35803533e-01
0.00000000e+00
0.00000000e+00
0.00000000e+00
0.00000000e+00
0.00000000e+00
0.00000000e+00
0.00000000e+00
0.00000000e+00
5.98266984e-01
2.31884626e-01
-1.75338317e-01
-5.17472999e-01
-7.02326726e-01
-1.18827356e+00
-1.14994357e+00
0.00000000e+00
-4.17044878e-01
-2.45323731e-01
1.44461886e-01
0.00000000e+00
-1.29870784e+00
7.87669319e-02
-5.01457431e-01
1.09963960e+00
-1.37063378e-01
-4.92297399e-01
-5.00561878e-01
0.00000000e+00
-8.60295729e-01
3.57137452e-01
-1.00514644e-01
0.00000000e+00
0.00000000e+00
0.00000000e+00
0.00000000e+00
7.88846098e-01
4.85820102e-01
4.88502027e-01
-2.13530606e+00
-5.81005807e-01
-1.06240894e+00
5.73061346e-01
-3.63939551e-03
-1.38134100e+00
0.00000000e+00
3.80235612e-01
7.48077524e-01
-6.64412586e-02
-2.95326489e+00
-2.74920011e+00
-2.44090400e+00
-4.68566909e-01
-1.92739269e-01
-3.87660831e-01
0.00000000e+00
5.73190890e+00
1.65789944e+00
9.67972050e-01
-3.37056575e-01
0.00000000e+00
2.90140207e+00
-2.02315804e-01
9.69046139e-01
6.49018102e-01
0.00000000e+00
-2.43976184e+00
-1.79147189e-01
-2.94584505e-01
-9.16079404e-01
0.00000000e+00
1.76897201e+00
1.29769588e-01
5.79191394e-01
-6.56800298e-01
-8.44891269e-01
-1.14169820e-01
-1.61702169e+00
0.00000000e+00
0.00000000e+00
0.00000000e+00
5.56219799e-01
-2.58911077e+00
-2.98377450e-01
3.72232954e-01
9.10332051e-01
2.42800976e-01
4.13106181e-01
-1.05783364e-03
2.86354132e-01
0.00000000e+00
1.39582611e-01
-1.95111364e-01
-1.37079975e+00
-3.00671888e-01
7.26941165e-01
6.93780869e-01
4.07164343e-01
-3.32489727e+00
4.44721091e-01
1.26976847e+00
-1.43685993e+00
0.00000000e+00
0.00000000e+00
0.00000000e+00
5.98002103e-01
-2.20038180e+00
-9.19879423e-01
-1.85345182e-01
5.95248515e-01
1.03118319e+00
4.08549527e-01
-5.73513725e-01
1.88500242e-02
0.00000000e+00
-2.23522567e-01
-3.58789249e-01
-7.96316217e-01
2.64629235e-01
7.42812374e-01
7.84215691e-01
-4.69190901e-01
-6.76265730e-01
4.02065900e-01
1.20788301e-01
