2 2
1  0.000 1.000 1000000000.000
4 0 1 2 8
1 0
1 4
1 13
0 29
1 29
1 45
0 90
1 90
0 156
1 156
0
209
178
4	0	TRYP #num good tryp terminals
2	-1e+09	1
3	0.050212357	0.050212357	-0.065319831
5	0	TRYP #num missed tryp terminals
2	-1e+09	0
3	0.35883818	0.35883818	-0.28335547
6	0	TRYP C-term AA
3	-1e+09	9	12
4	-0.17237779	-0.17237779	0	-0.17237779
7	0	TRYP #frags at digest when C-term is R
6	-1e+09	0	1	2	3	4
7	0.21179125	0.16218143	0.33532929	0.31043862	0.20201916	0.10807194	0.27025337
8	0	TRYP #frags at digest when C-term is K
4	-1e+09	0	2	4
5	0.0094137387	-0.032387552	0.043238593	0.064951284	0.059929798
9	0	TRYP #frags at digest when C-term is other
7	-1e+09	1	2	3	4	5	6
8	0.044501577	0.056760028	0.065436182	0.052177955	0.061421534	0.03684064	0.061576214	0.033979152
11	0	TRYP AA at N-terminal When C-term is K
3	-1e+09	4	18
4	0.019372001	0.019372001	0	0.019372001
12	0	TRYP AA at N-terminal When C-term is other
13	-1e+09	4	7	9	10	14	15	17	18	19	20	21	22
14	-0.17533018	-0.10652834	-0.39441423	-0.8242622	-0.57930988	-0.22615225	-0.30289436	-0.47177726	-0.73531469	-0.067255933	-0.056883787	-0.73082791	-0.36707741	-0.2513648
13	0	ANN PEAK diff from org pm_with_19
15	-1e+09	-2.9210205	-2.7209473	-1.7209473	-0.92102051	-0.82104492	-0.8137207	-0.72094727	-0.52099609	-0.32104492	-0.22094727	-0.020996094	0.17895508	0.27905273	0.38635254
16	-0.33549661	-0.33549661	0.42454143	0.4315016	0.47845415	0.47678987	0.46019339	0.33975725	0.29427968	0.37463894	0.22575318	0.14940887	0.010900157	-0.04059107	-0.19355467	-0.33549661
15	0	ANN PEAK %ann intensity
25	-1e+09	0.12983996	0.16271655	0.17192464	0.18884873	0.19675791	0.2116565	0.22609423	0.2333869	0.24035828	0.2470482	0.25386953	0.26057062	0.28101307	0.28808296	0.30228007	0.35745648	0.36630267	0.37547612	0.38487431	0.40512967	0.42794004	0.45506755	0.50666356	0.59617001
26	-0.0001076331	0.29336784	0.20303004	0.16269926	0.13427947	0.080668131	0.10718711	0.04988915	-0.025839604	-0.036050802	-0.03939662	-0.083843181	-0.089563048	-0.07208502	-0.068463782	-0.084796656	-0.15699828	-0.15025474	-0.1530724	-0.22782973	-0.18295675	-0.21025355	-0.22113032	-0.22461531	-0.26853967	-0.27368994
16	0	ANN PEAK %ann peaks
22	-1e+09	0.088495575	0.10344828	0.11320755	0.14	0.14414415	0.15053764	0.15384616	0.16304348	0.16528925	0.16842106	0.17142858	0.1923077	0.21186441	0.21495327	0.22115384	0.23958333	0.24444444	0.25510204	0.26785713	0.27619049	0.28735632
23	-0.13361841	-0.13643917	-0.13019817	0.0069166963	0.056207622	0.074926576	0.035817532	0.052913367	0.050827741	0.013121248	-0.051259001	0.015235649	0.013857482	-0.00014803965	-0.020466681	0.034282327	0.030652203	-0.0063903464	-0.017526383	-0.032131394	-0.049176718	-0.12099656	-0.13013428
17	0	ANN PEAK #ann in top 25
12	-1e+09	3	4	5	6	7	8	10	11	12	13	14
13	0.10578089	0.097326216	-0.014254247	-0.10906999	-0.082989705	-0.059050657	-0.064692445	-0.015359436	-0.031706469	-0.010209888	0.026377456	0.095047579	0.11215361
18	0	ANN PEAK #ann in top half (up to 50)
16	-1e+09	7	8	9	10	11	12	13	14	15	16	17	18	19	20	21
17	0.066568768	-0.72525886	-0.60283194	-0.54417177	-0.49851196	-0.41237291	-0.34622726	-0.28528844	-0.19960717	-0.11414025	0.0091666496	0.14517073	0.28650977	0.32930759	0.4376849	0.6530343	0.77975206
19	0	ANN PEAK #ann in top third - #ann in mid third
10	-1e+09	-4	-2	0	1	2	4	6	7	10
11	0.030602466	0.058942451	0.018989309	0.061526677	0.037428009	-0.0055106603	-0.015246678	-0.041561326	-0.085072807	-0.024973248	-0.013789048
20	0	ANN PEAK #ann in top third - #ann in last third
11	-1e+09	1	2	3	4	5	6	7	8	10	11
12	0.03251436	0.11591672	0.029503954	-0.023981867	0.018869438	-0.0029969063	0.0075681739	-0.009205239	-0.0012848121	-0.025867551	-0.069700145	-0.05589136
21	0	ANN PEAK #ann in mid third - #ann in last third
11	-1e+09	-4	-3	-1	0	1	2	4	6	7	8
12	0.048230874	0.048230874	-0.015114249	-0.039873543	-0.031155302	-0.019241071	-0.025136476	-0.015703879	0.037160809	0.055368768	0.0065307007	0.048230874
22	0	ANN PEAK #y annotated
5	-1e+09	1	3	4	5
6	0.095241754	0.12041659	-0.068925976	-0.10106787	-0.0076150465	-0.0032654894
23	0	ANN PEAK #b annotated
5	-1e+09	0	1	2	5
6	0.080424954	0.080424954	0.050810982	-0.00032892691	-0.081684546	0.080424954
24	0	ANN PEAK #b-H2O annotated
5	-1e+09	0	1	2	4
6	0.041495394	0.041495394	-0.030204653	-0.060996861	-0.074480566	0.041495394
25	0	ANN PEAK #y2 annotated
5	-1e+09	0	1	2	3
6	0.0067599852	-0.099635455	-0.12014457	-0.1009431	0.015529608	0.096370663
26	0	ANN PEAK #y-H2O annotated
4	-1e+09	0	2	3
5	0.0054636802	0.0061506728	-0.0088633396	-0.0073593789	0.0047620233
27	0	ANN PEAK #b2 annotated
3	-1e+09	0	1
4	-0.0068984105	-0.0068984105	0.00685745	-0.0068984105
28	0	ANN PEAK #a annotated
3	-1e+09	0	2
4	0.0047556415	-0.011454113	-0.023183103	0.021131961
29	0	PEAK OFF y num frags detected
5	-1e+09	1	3	4	5
6	0.091694111	0.14006939	-0.09638828	-0.11939194	-0.023615378	-0.014118966
30	0	PEAK OFF y max self offset
22	-1e+09	0.069629669	0.10478592	0.11628342	0.12720871	0.14869308	0.15403366	0.15947342	0.17051315	0.17612839	0.19343185	0.21223068	0.21888351	0.22587204	0.24048996	0.25703049	0.26597214	0.27562332	0.29676437	0.33403397	0.34840012	0.46802902
23	-0.017561421	0.039925578	0.047033123	0.037568074	-0.017923909	-0.021118473	-0.099534005	-0.085341819	-0.036946791	-0.0077265302	-0.011235546	-0.054662092	-0.044275069	-0.11573875	-0.078891457	-0.13377863	-0.16703121	-0.22819079	-0.23290533	-0.29585529	-0.27833652	-0.3330516	-0.24630053
31	0	PEAK OFF y avg self offset
24	-1e+09	0.02687645	0.034130096	0.051525116	0.054897308	0.058265686	0.067754745	0.070845284	0.073917389	0.080072783	0.089392342	0.092634834	0.095932007	0.12576294	0.13008347	0.15006638	0.16210556	0.17634964	0.18441239	0.193381	0.24412307	0.26122919	0.30550575	0.36937332
25	-0.3153132	-0.50846324	-0.568233	-0.58045987	-0.60134827	-0.59761349	-0.56108611	-0.59480519	-0.60642324	-0.6262513	-0.61044976	-0.65110504	-0.67357916	-0.614312	-0.56958497	-0.63723243	-0.59853572	-0.61240467	-0.59138941	-0.47251071	-0.50462719	-0.46718543	-0.41211517	-0.37706292	-0.098092609
32	0	PEAK OFF y max consecutive offset
16	-1e+09	0.048156738	0.059631348	0.068359375	0.099212646	0.13195801	0.13641357	0.14538574	0.168396	0.20019531	0.20617676	0.22595215	0.23309326	0.26849365	0.29180908	0.36279297
17	-0.32729251	-0.20986372	-0.15773199	-0.076682909	-0.063572536	-0.0044893044	-0.038039837	-0.089920002	-0.072714971	-0.15235532	-0.17699935	-0.17807053	-0.21778817	-0.22802801	-0.31934487	-0.40901747	-0.41899925
33	0	PEAK OFF y avg consecutive offset
19	-1e+09	0.026412964	0.037231445	0.044654846	0.0479187	0.064453125	0.072021484	0.074691772	0.082482912	0.090576172	0.093225099	0.099182129	0.10521241	0.11894532	0.12646484	0.15009765	0.16939545	0.22825623	0.25159913
20	-0.1690465	-0.1690465	-0.18061736	-0.18451847	-0.18744729	-0.24854828	-0.2649873	-0.26354204	-0.22081491	-0.2179416	-0.27001651	-0.26287046	-0.25730512	-0.19185007	-0.20364415	-0.20153985	-0.149872	-0.04546984	-0.063420475	-0.1690465
34	0	PEAK OFF y grab offset #1
18	-1e+09	0.0087890625	0.024902344	0.028808594	0.032897949	0.040771484	0.056884766	0.065185547	0.07409668	0.092895508	0.10327148	0.12011719	0.20214844	0.22796631	0.24230957	0.27807617	0.3659668	0.60083008
19	0.014487518	0.014487518	0.020937034	0.0071982537	-0.026682846	-0.031716735	0.0092652297	0.014978932	-0.047122336	-0.034095551	-0.094052427	-0.10781834	-0.079982694	-0.060238091	-0.072469024	-0.082534991	-0.12709588	-0.14139211	0.014487518
35	0	PEAK OFF y grab offset #2
14	-1e+09	0.0057373047	0.026123047	0.03112793	0.043823242	0.046142578	0.072021484	0.079467773	0.088195801	0.09387207	0.098876953	0.10461426	0.11535645	0.18530273
15	0.059287084	0.06579423	0.057167	0.049897356	0.038769926	0.09308437	0.10869017	0.12428306	-0.060591495	0.12606597	0.1176556	0.11692852	0.081501548	0.039682233	0.055087057
36	0	PEAK OFF y grab offset #3
7	-1e+09	0.012695312	0.050048828	0.13977051	2	3	4
8	-0.036095602	-0.036095602	-0.044430304	-0.031077494	-0.044324249	-0.047273214	-0.039647375	0.0042606367
37	0	PEAK OFF b num frags detected
17	-1e+09	0.0440799	0.073224187	0.12281525	0.17469513	0.20152557	0.22960174	0.26014435	0.27672088	0.29417694	0.37913239	0.40367401	0.45423615	0.4772464	1	3	5
18	-0.06778183	-0.06778183	-0.15900659	-0.065353146	-0.052037628	-0.091225849	-0.10182496	-0.095310722	-0.097438574	-0.13343194	-0.20596303	-0.15271697	-0.18072315	-0.15615368	-0.067196649	-0.093824129	-0.11962863	-0.06778183
38	0	PEAK OFF b max self offset
30	-1e+09	0.042277645	0.063940585	0.069537044	0.080060124	0.089806974	0.094494939	0.099368833	0.10404694	0.11326873	0.11796844	0.12254608	0.13194549	0.13679779	0.14157104	0.15178192	0.16783886	0.17936981	0.18559539	0.19194305	0.21257293	0.22841156	0.23732269	0.25621307	0.27863801	0.30488312	0.31987274	0.35584748	0.4012326	0.42845428
31	-0.19430365	-0.16770259	-0.19132587	-0.16544183	-0.23388891	-0.24963395	-0.24131973	-0.25624098	-0.28768357	-0.27028289	-0.28271908	-0.23852543	-0.32963969	-0.34115037	-0.28341073	-0.2822213	-0.30472347	-0.34953787	-0.31875114	-0.31731503	-0.33164765	-0.33422051	-0.34572568	-0.377956	-0.35145779	-0.34842224	-0.37255695	-0.32957428	-0.33145071	-0.19888466	-0.19430365
39	0	PEAK OFF b avg self offset
17	-1e+09	0.04083252	0.057970881	0.074536443	0.081132352	0.08748281	0.097390294	0.11161029	0.12341277	0.14197266	0.15827805	0.1857605	0.19433868	0.20369883	0.21344574	0.34282613	0.38280609
18	0.11514099	0.11604895	0.11960891	0.099994995	0.054870563	0.04257565	0.060714033	0.081613155	0.087898625	0.054380576	0.065381702	0.041967793	0.0076708947	-0.021894068	0.0013567239	-0.036227979	0.043814	0.11261934
40	0	PEAK OFF b max consecutive offset
16	-1e+09	0.088043213	0.092346191	0.10494995	0.12628174	0.14379883	0.14837646	0.15765381	0.16729736	0.17233276	0.19989014	0.20605469	0.22007751	0.22712708	0.27288818	0.28601074
17	0.026782667	0.16510913	0.12531774	0.022410936	0.015875776	0.0099355318	-0.00044788121	-0.025998377	0.011240978	0.0033769005	-0.042966237	-0.057184044	-0.062137297	-0.084600041	-0.085291358	-0.015427971	-0.082590642
41	0	PEAK OFF b avg consecutive offset
14	-1e+09	0.02734375	0.039642334	0.052734375	0.079086304	0.088623047	0.098144531	0.10147095	0.11254883	0.14404297	0.16875458	0.1940918	0.2045227	0.21603394
15	-0.10398895	-0.048210003	-0.012735286	-0.0043069697	-0.0086280387	-0.0066577071	0.0053594676	0.0039322976	0.0017183693	-0.01589561	-0.031897994	-0.074061237	-0.082973695	-0.11730113	-0.14917164
42	0	PEAK OFF b grab offset #1
10	-1e+09	0.011962891	0.015991211	0.020507812	0.041015625	0.14111328	0.15588379	0.18878174	0.21887207	0.375
11	0.054976258	0.07045611	0.048370232	0.043741025	0.070674183	0.08736852	0.050580822	0.055002425	0.061037264	0.074714819	0.049460437
43	0	PEAK OFF b grab offset #2
6	-1e+09	0.046875	0.05682373	0.060180664	0.13220215	0.19799805
7	-0.014079188	-0.042056363	-0.041358592	-0.039210236	0.035225021	-0.03098582	0.020835266
45	0	PEP COMP start cat N (len 3)
9	-1e+09	1	2	6	9	11	13	16	18
10	0.028946944	-0.11181984	-0.025941198	0.10948727	0.085529631	0.18104735	0.16251635	0.1765794	0.19772547	0.27795444
46	0	PEP COMP end cat C (len 3)
8	-1e+09	4	6	8	10	12	16	18
9	-0.11503728	-0.12777205	-0.08472992	-0.12569558	-0.0016392335	-0.041005096	-0.077938688	-0.096693492	-0.10094948
47	0	PEP COMP len 3 # cat 19-20
3	-1e+09	0	1
4	-0.018720511	-0.025039625	0.013703605	0.005528573
51	0	PEP COMP len 3 # cat 1-2
2	-1e+09	0
3	0.022966796	0.022966796	0
52	0	PEP COMP min cat, len 3
10	-1e+09	1	2	3	4	5	9	11	13	17
11	0.00056105683	-0.0020006432	0.02087382	0.041070341	0.056304528	0.05922865	0.019075768	-0.068744073	0.0090773689	-0.010725681	0.024735019
53	0	PEP COMP avg cat, len 3
17	-1e+09	0.5	0.83333331	1.3333334	1.6666666	2	2.1666667	2.5	3.1666667	3.5	3.8333333	4	4.8333335	5.5	5.8333335	6	6.3333335
18	-0.020135215	-0.13540506	-0.11766375	-0.10070992	-0.099305646	-0.097572035	-0.0070666053	-0.034261698	-0.016901529	0.0067913748	0.070560732	0.033798057	0.0856594	0.093590819	0.10328799	0.10429103	0.11954535	0.080535415
54	0	PEP COMP before cat score 1
11	-1e+09	3	5	8	10	12	14	15	16	17	18
12	-0.053343667	-0.053343667	-0.038376861	-0.012877227	-0.043884166	-0.080883244	0.037417251	0.066250708	-0.12612313	-0.12750642	-0.020535258	-0.053343667
55	0	PEP COMP after cat score 1
14	-1e+09	3	5	7	8	10	11	12	13	14	15	17	18	19
15	-0.1487123	-0.1487123	-0.028662627	-0.11144723	0.037453056	0.035960587	0.0032012513	0.011309835	-0.022466265	-0.037814966	-0.096050362	0.073616925	-0.05236014	0.014413417	-0.1487123
56	0	PEP COMP span cat score 1
11	-1e+09	1	3	4	6	9	10	14	16	17	18
12	0.054604747	0.076163944	0.097890172	0.0014717707	-0.011256628	0.032431973	-0.041986289	-0.0336604	0.021820491	0.055913853	0.039313712	0.020968975
57	0	PEP COMP before cat score 2
12	-1e+09	3	9	10	11	12	13	14	15	16	17	18
13	0.015819561	-0.0034140412	0.0058579553	-0.025279155	0.00087397056	-0.043254879	-0.043937484	0.036688951	0.016921969	-0.0013444036	-0.032250849	-0.024787761	0.021957568
58	0	PEP COMP after cat score 2
12	-1e+09	3	7	8	9	11	14	15	16	17	18	19
13	-0.12685149	-0.12615251	-0.046650068	-0.011476677	0.042086909	-0.043295932	-0.023751183	-0.019420546	0.019464653	0.12389949	-0.044417145	-0.036913099	-0.12892557
59	0	PEP COMP span cat score 2
14	-1e+09	1	2	3	5	7	8	10	12	13	14	16	17	19
15	0.0076662817	0.0076662817	0.014292026	-0.0092299087	-0.014786106	0.022960785	0.067311151	0.027043903	-0.030601762	-0.048226337	-0.0024141935	0.0085071648	-0.0024672481	-0.011745624	0.012135842
60	0	PEP COMP before cat score 3
11	-1e+09	2	5	8	9	13	14	15	17	18	19
12	0.052189222	0.062419511	0.071105548	0.046245414	-0.0080474495	0.018304412	0.027346952	-0.07463854	0.047007037	0.02254638	0.039163008	0.042185438
61	0	PEP COMP after cat score 3
12	-1e+09	4	5	8	10	11	12	13	15	16	17	19
13	-0.10384229	-0.069847089	-0.080372084	-0.060769382	-0.062914437	-0.024812751	-0.077914372	-0.11755938	-0.09643794	-0.027419695	0.029625102	-0.070863669	-0.1408548
62	0	PEP COMP span cat score 3
13	-1e+09	1	2	3	4	5	8	10	11	12	14	16	17
14	-0.03765775	0.014000797	0.030804109	-0.033737962	-0.024608417	-0.10587909	-0.058053917	-0.046447346	-0.066770092	-0.068153662	-0.087648203	-0.06277943	-0.071882653	-0.106723
63	0	PEP COMP before cat score 4
13	-1e+09	3	7	8	10	12	13	14	15	16	17	18	19
14	-0.22111717	-0.2145571	-0.17501222	-0.20384543	-0.3121559	-0.22787306	-0.30381383	-0.33736983	-0.42121507	-0.18515999	-0.12997798	-0.32405363	-0.13395923	-0.22760614
64	0	PEP COMP after cat score 4
13	-1e+09	3	7	8	10	11	12	13	14	16	17	18	19
14	0.039642166	0.094602668	0.14115521	0.12664577	0.1024793	0.017733316	0.018426157	-0.20078135	0.030706279	0.15013262	0.16811592	0.17560302	0.15326709	0.0014089386
65	0	PEP COMP span cat score 4
10	-1e+09	1	2	6	8	10	11	15	17	19
11	-0.059700425	-0.059700425	0.014204861	-0.018110682	-0.039008432	-0.009311397	-0.049451147	-0.0066208378	-0.041839332	-0.082608993	-0.059700425
66	0	PEP COMP #aa A
2	-1e+09	1
3	-0.017021449	-0.017021449	0
67	0	PEP COMP #aa R
2	-1e+09	1
3	-0.031322083	-0.031322083	0
68	0	PEP COMP #aa N
2	-1e+09	1
3	-0.0045508341	-0.064379718	-0.077702968
69	0	PEP COMP #aa D
2	-1e+09	1
3	0.018280147	0.018280147	-0.019815807
70	0	PEP COMP #aa C
1	-1e+09
2	0	0.16006837
71	0	PEP COMP #aa Q
2	-1e+09	1
3	-0.12868587	-0.38606786	-0.69481368
72	0	PEP COMP #aa E
1	-1e+09
2	0	-0.059207241
73	0	PEP COMP #aa G
2	-1e+09	1
3	0.0055114629	0	0.01786431
74	0	PEP COMP #aa H
2	-1e+09	1
3	-0.0077429007	-0.216866	-0.22949366
75	0	PEP COMP #aa L
2	-1e+09	1
3	0.057504668	0.097470062	0.24871672
76	0	PEP COMP #aa K
2	-1e+09	1
3	-0.014086072	-0.0056697222	-0.25314825
77	0	PEP COMP #aa M
1	-1e+09
2	0	0.16751944
78	0	PEP COMP #aa F
2	-1e+09	1
3	-0.092599335	-0.088124912	-0.26962217
79	0	PEP COMP #aa P
2	-1e+09	1
3	0.18005591	0.26317512	0.61714491
80	0	PEP COMP #aa S
2	-1e+09	1
3	-0.036590905	-0.052078898	-0.0094968793
81	0	PEP COMP #aa T
2	-1e+09	1
3	-0.018387056	-0.021997175	-0.0036101196
82	0	PEP COMP #aa W
1	-1e+09
2	0	-0.13510116
83	0	PEP COMP #aa Y
2	-1e+09	1
3	0.0043380341	0.027848154	0.02351012
84	0	PEP COMP #aa V
2	-1e+09	1
3	0.027491964	0.07243598	0.1217674
85	0	PEP COMP #problematic double combos
1	-1e+09
2	0	-0.039786803
96	0	PRM N/-C delta mass
13	-1e+09	-0.95979309	-0.30327606	-0.25518799	-0.093330383	-0.081977844	-0.061729431	0.0030670166	0.098243713	0.12363434	0.17353821	0.34104156	0.56655884
14	-0.062353489	-0.062353489	0.055629458	0.12725542	0.28436066	0.35191672	0.36171846	0.38440962	0.41973965	0.35261228	0.33750619	0.30739215	-0.0030758106	-0.062353489
97	0	PRM N/-C total breakage score
8	-1e+09	-47.470661	-33.64225	-21.417116	-1.602954	1.6860188	9.5737886	12.688244
9	0.02513727	0.02513727	-0.016118993	-0.0024968951	0.030935152	0.028122459	0.028817622	0.043539351	0.02513727
98	0	PRM N/-C average breakage score
10	-1e+09	-3.692235	-2.0457928	0.6192311	1.2403641	1.8600889	3.3963771	5.7556076	6.5626869	9.1414127
11	-0.095799316	-0.095799316	-0.093444626	-0.05404347	-0.039514641	-0.030934162	0.015312445	-0.0014975029	-0.0021836921	0.022096782	-0.095799316
99	0	PRM N/-C normalized average breakage score
8	-1e+09	-7.911777	-5.6070418	-3.5695193	-0.26715901	0.28100315	1.5956315	2.1147072
9	0.002872264	0.002872264	-0.013971602	-0.0017526452	0.0035815775	0.00073764063	0.0014237228	0.016780302	0.002872264
100	0	PRM N/-C path score
12	-1e+09	35.372894	41.105106	43.646103	55.944714	58.09626	59.164207	61.22036	63.316154	66.841652	69.326653	71.744324
13	0.018831422	0.074309749	0.071304931	0.037315917	0.019536871	-0.0027268146	-0.0078888487	-0.030580366	-0.020189791	-0.017099176	-0.073955749	-0.043791078	-0.065016062
101	0	PRM N/-C average path score
13	-1e+09	5.8954825	6.8508511	7.073153	7.2743506	9.3241186	9.6827097	9.8607016	10.203393	10.552692	11.140275	11.554442	11.957387
14	-0.044155263	0.088152424	0.083679639	0.035603506	0.012537748	-0.020016058	-0.032858129	-0.037962305	-0.08835109	-0.082335417	-0.078561782	-0.13513675	-0.1191289	-0.13172567
102	0	PRM -N/C delta mass
30	-1e+09	-0.93058014	-0.6875	-0.36424255	-0.27094269	-0.24049377	-0.21588898	-0.17604065	-0.10852051	-0.098197937	-0.078529358	-0.060638428	-0.043754578	-0.012390137	0.010879517	0.01890564	0.027778625	0.046356201	0.067962646	0.080833435	0.096244812	0.11365509	0.13568115	0.1645813	0.20011902	0.30044556	0.39596558	0.5442276	0.75154877	0.90483093
31	-0.63590628	-0.63590628	-0.32104959	0.37694992	0.44007636	0.6228549	0.64755355	0.82783644	0.90376476	0.98782429	0.99330834	1.0205279	1.0198278	1.0873828	1.0587415	1.0775589	1.1175336	1.0524791	1.020927	0.93066825	0.89986574	0.89646808	0.79037555	0.6774808	0.5210345	0.35959096	0.062835208	-0.096774915	-0.19867123	-0.43291384	-0.63590628
103	0	PRM -N/C total breakage score
9	-1e+09	-71.872864	-12.844991	-11.100011	-7.6101527	-5.9221988	-0.75558329	10.247164	23.288172
10	0.012195662	0.047917981	0.038851064	0.033014407	0.00030344114	-0.0092255989	-0.011377838	0.0051263562	0.0034245068	-0.021680958
104	0	PRM -N/C average breakage score
11	-1e+09	-14.738456	-8.3833418	-7.8543143	-4.8309841	-3.7303851	-3.375253	-2.7008426	-1.7266215	-1.4145764	1.5468746
12	-0.021664497	-0.021664497	-0.024504506	-0.049564864	-0.054063114	-0.098556337	0.079658117	-0.0035171346	0.087277034	0.047005569	0.0025518873	-0.021664497
105	0	PRM -N/C normalized average breakage score
7	-1e+09	-11.97881	-2.1408317	-1.8500018	-0.98703313	-0.12593055	3.881362
8	0.012176233	0.039473112	0.030539714	0.02585834	0.0015870274	0.00085616335	0.010733879	-0.0096289145
106	0	PRM -N/C path score
14	-1e+09	32.988285	34.79953	42.322731	44.892723	46.154961	49.83218	50.993999	54.457253	61.495308	68.731361	70.080887	80.87883	93.106026
15	-0.017618462	-0.017618462	-0.036743644	-0.04511322	-0.0023490703	0.00228941	0.020161897	-0.00089060837	-0.059287556	-0.014313546	-0.05268216	-0.048215668	-0.046446451	-0.027230148	-0.017618462
107	0	PRM -N/C average path score
14	-1e+09	5.4980474	5.7999215	7.0537887	7.4821205	7.6924934	8.3053637	8.4989996	9.0762091	10.249218	11.455227	11.680148	13.479805	15.517671
15	-0.046672074	-0.046672074	-0.066185967	-0.076857347	-0.00715208	-0.0027565037	0.011441307	-0.012361082	-0.068117622	-0.036202986	-0.099033863	-0.094613911	-0.09193394	-0.065779749	-0.046672074
108	0	PRM -N/-C delta mass
26	-1e+09	-0.81980133	-0.55435944	-0.3902359	-0.35070038	-0.29936981	-0.25144958	-0.19880676	-0.18119049	-0.16485596	-0.15675354	-0.14173126	-0.12682343	-0.063690186	-0.045204163	-0.035087585	-0.013191223	-0.000831604	0.013442993	0.028717041	0.045372009	0.065132141	0.089668274	0.20848083	0.28566742	0.43340302
27	-0.17629802	-0.34204459	0.026529013	0.095970372	0.23174297	0.24370104	0.26670687	0.345441	0.34333246	0.40936289	0.3630089	0.34224566	0.40824421	0.25738874	0.25170748	0.21161825	0.23098534	0.21718688	0.22008574	0.15889906	0.14412065	0.093665989	0.016370987	-0.055167825	0.11258491	0.10545022	0.021526423
110	0	PRM -N/-C average breakage score
5	-1e+09	-9.5208044	1.1011082	4.5114222	8.8066006
6	-0.0018016803	-0.0018016803	-0.0031886413	-0.015759302	0.011867628	-0.0018016803
111	0	PRM -N/-C normalized average breakage score
9	-1e+09	-8.4048796	-5.3217163	-0.66895562	2.0299194	2.5683622	3.6712964	7.4591603	7.8906741
10	-0.029523362	-0.029523362	-0.022236299	-0.044330169	-0.028388659	-0.019845367	-0.00070383813	0.018205266	-0.0054971668	-0.029523362
112	0	PRM -N/-C path score
16	-1e+09	29.094095	33.680489	45.756218	48.192451	55.098427	57.308075	58.375187	60.645229	68.978058	71.48835	72.819923	74.225739	86.021591	93.91301	97.876862
17	-0.092366494	-0.17418114	-0.11984849	-0.10622948	-0.12501776	-0.11204246	-0.11716997	-0.10372457	-0.10022751	-0.083889009	-0.092905964	-0.090171368	-0.073162715	-0.071672562	-0.053880491	-0.017837375	0.078664459
113	0	PRM -N/-C average path score
18	-1e+09	4.8490157	5.6134148	7.6260362	8.0320749	9.1830711	9.5513458	9.7291975	9.9219818	10.107538	10.88091	11.496343	11.914725	12.136654	12.370956	14.336932	15.652168	16.312811
19	-0.025631643	-0.19226529	-0.14497315	-0.12741407	-0.1474258	-0.14371569	-0.14805298	-0.14299827	-0.14107727	-0.13853784	-0.12164119	-0.064373664	-0.077482216	-0.070860084	-0.047208982	0.0042465951	0.023698607	0.053626032	0.093113587
114	0	PRM path score
22	-1e+09	-79.806366	-66.703499	-51.836475	-46.651192	-42.318523	-34.898766	-26.136066	-23.517351	-21.003735	-14.316516	-10.28006	-2.6960473	2.5817304	4.3287811	9.586153	14.834015	16.578098	20.299118	30.44216	35.084328	47.283333
23	-0.016780699	-0.016780699	-0.025680154	-0.029828371	0.020825978	-0.020477854	-0.030316454	-0.029606403	-0.018623285	-0.0046072788	0.011287682	-0.011442178	0.047220004	0.077220667	0.094329916	0.045674051	0.044261773	0.073339675	0.03532899	0.016923263	0.0024808808	-0.00025817813	-0.016780699
115	0	PRM total breakage score
24	-1e+09	20.130146	24.546045	27.64109	30.095364	40.453285	41.84153	43.174026	44.458282	48.133499	49.290451	50.473961	52.719574	56.118782	62.847252	66.419968	68.899857	70.174774	74.25473	75.74659	80.690971	89.318939	92.455643	96.474319
25	0.42550106	0.42550106	0.28355954	0.23240239	-0.0037644268	-0.089539346	-0.12976752	-0.19398784	-0.22466773	-0.25002757	-0.14682213	-0.21367473	-0.23419524	-0.1796738	-0.21871155	-0.20772626	-0.22052399	-0.16836698	-0.15745209	-0.090432921	-0.061748699	0.073482961	0.15075685	0.23552792	0.42550106
116	0	PRM SeqPath rank
15	-1e+09	0	1	2	3	4	5	6	9	13	15	22	40	46	71
16	0.20845536	0.11774968	-0.40492339	-0.38722247	-0.24172123	-0.13555939	-0.082823954	-0.003597094	0.013492085	0.032015572	0.092083963	0.1962783	0.21263805	0.23486663	0.26841549	0.3093948
117	0	PRM multipath score
20	-1e+09	28.799145	32.387852	37.268532	42.486511	45.399895	46.741894	49.278969	50.473633	51.650955	55.118671	58.480244	61.790974	64.007744	66.291756	72.296036	76.455597	77.957497	81.182487	89.700134
21	-0.082479449	0.014771134	-0.025961991	-0.039498339	-0.064256656	-0.049734344	-0.058368523	-0.0098939706	0.0078072341	0.048016946	0.00093607422	-0.022722669	-0.066215459	-0.048832124	-0.041227001	-0.039783589	-0.096726332	-0.10566976	-0.10777005	-0.11547521	-0.16059511
118	0	PRM delta score
24	-1e+09	0	0.043312073	2.2268696	2.9530945	3.7366562	6.0987854	8.5263214	10.162327	11.774509	12.560402	15.831154	16.693466	18.402782	19.285702	20.202946	21.134029	22.105949	25.11554	26.164455	27.253788	33.384472	36.282394	47.107521
25	-0.33656588	0.012641139	0.52533737	0.41631905	0.39269864	0.37689145	0.35653717	0.29420916	0.25929852	0.25683873	0.097129963	0.09644004	-0.00013027522	-0.029027219	-0.029714217	-0.043446135	-0.028243932	-0.055949573	-0.10744637	-0.1264255	-0.21331481	-0.26580901	-0.37498326	-0.53446828	-0.55389836
119	0	PRM rank, delta score<=1.5
4	-1e+09	0	1	2
5	0.14334481	0.14334481	0.12802377	0.015321037	0.14334481
120	0	PRM rank, 1.5<delta score<=7.5
6	-1e+09	2	3	4	6	13
7	-0.051396964	-0.054896202	-0.024662387	-0.01262961	0.018409547	0.017722245	-0.047546717
121	0	PRM rank, 7.5<delta score<=15
7	-1e+09	1	4	6	9	27	34
8	-0.075697438	-0.13879221	-0.159543	-0.11975312	-0.0092270441	-0.0057907878	-0.089421209	-0.045607357
122	0	PRM rank, delta score>15
9	-1e+09	16	21	27	30	37	48	67	73
10	-0.086440817	-0.11021974	-0.062368516	-0.043621617	-0.05671626	-0.03234044	-0.054340582	-0.036886853	-0.035094785	-0.069851364
123	0	PRM tag, percent in top 5 denovo
5	-1e+09	0.2	0.40000001	0.60000002	0.80000001
6	0.064433483	-0.01803875	-0.033669071	-0.0025277188	0.027549453	0.15900954
124	0	PRM tag, percent in top 20 denovo
13	-1e+09	0.050000001	0.1	0.15000001	0.2	0.25	0.30000001	0.40000001	0.55000001	0.64999998	0.69999999	0.85000002	0.94999999
14	0.22851147	0.15855373	0.060072897	-0.045774186	-0.02576153	0.033167928	0.025958284	0.037066753	0.073889365	0.12435536	0.15589555	0.20805274	0.18059122	0.30184885
125	0	PRM tag, percent in all denovo
16	-1e+09	0.039999999	0.059999999	0.079999998	0.1	0.14	0.16	0.18000001	0.30000001	0.31999999	0.40000001	0.44	0.47999999	0.56	0.60000002	0.81999999
17	0.12677164	-0.0063939872	0.0042683548	0.065094954	0.12726594	0.21909902	0.28052548	0.32216292	0.32656995	0.30190255	0.33623711	0.35727312	0.38362296	0.31962103	0.32103417	0.30378562	0.16225939
126	0	PRM tag, rank if in top 5
12	-1e+09	0	1	2	4	6	8	11	12	14	26	67
13	0.25558431	0.38123207	0.34873007	0.28561662	0.12565276	0.031268009	0.040820909	0.07223152	0.070065118	0.038038066	0.029130176	0.061730071	0.07682794
127	0	PRM tag, rank if in top 5-20
6	-1e+09	0	3	7	15	169
7	-0.032497134	-0.032497134	-0.0094163949	-0.020334303	-0.044500653	-0.023080739	-0.032497134
128	0	PRM tag, rank if in top 20-all
14	-1e+09	0	1	4	6	7	8	11	15	20	32	42	46	49
15	0.77320676	0.41652746	0.33993982	0.3139594	0.37660482	0.40719477	0.48378241	0.29511605	0.29295626	0.29080851	0.3416432	0.34236497	0.50284724	0.57407185	0.59397127
130	0	PRM delta num breakage scores (missing)
3	-1e+09	-1	0
4	-0.14589493	-0.14589493	0.15711641	-0.14589493
132	0	PRM num breakage scores
3	-1e+09	5	6
4	-0.0339891	-0.0339891	0	-0.0339891
133	0	PRM breakage score min 1
18	-1e+09	-51.062103	-30.73243	-29.513842	-28.434374	-27.485519	-25.877945	-24.48818	-22.516047	-20.568583	-14.89211	-12.297174	-11.619212	-10.293026	-9.6166859	-8.2171011	-6.0413208	-0.1540063
19	0.05537091	0.05537091	-0.042164037	-0.066114916	-0.052764796	-0.03348179	-0.024579964	-0.0014425596	0.00073037083	-0.033395125	0.028614217	0.033067907	-0.027147387	0.033548066	0.050468574	0.040904628	0.03238568	0.045440367	0.05537091
134	0	PRM breakage score min 2
29	-1e+09	-26.217392	-23.608683	-21.757814	-20.341593	-16.877773	-15.891253	-13.447231	-12.004231	-11.34616	-10.737206	-9.0439663	-8.4998102	-7.4927998	-7.0122581	-6.5516663	-6.0763221	-5.6359091	-4.2994466	-3.8580341	-3.4240165	-2.5477617	-1.6507621	-0.70975351	-0.23443167	0.75686103	1.81073	4.3598943	5.1546388
30	-0.021743358	-0.023193939	-0.039820483	-0.0447826	-0.032695101	-0.0018371696	0.0049099399	0.018446466	0.0014370161	0.041417577	0.061065688	-0.043729385	-0.028233803	0.031673961	-0.0096652603	-0.0068865359	-0.0054842599	-0.0179542	0.026387119	0.10818652	-0.005360151	-0.050358584	-0.00039914618	-0.031379602	-0.03418037	-0.016922543	-0.045892235	0.0088298798	0.005884215	-0.018137636
135	0	PRM breakage score min 3
26	-1e+09	-18.100534	-14.928873	-10.206198	-9.1690979	-7.484622	-6.136301	-4.9645157	-4.4627881	-3.9843762	-2.2120497	-0.60902524	-0.23929967	0.47862065	0.83867472	1.1951869	2.2553163	2.6006374	3.3139806	4.0436096	4.4055843	4.797401	5.1959686	6.403389	6.8499227	7.3296647
27	0.3785303	0.3785303	0.42876832	0.37433363	0.33778847	0.38771437	0.43337208	0.45306411	0.39605608	0.46359162	0.36557715	0.37522173	0.36040358	0.37315488	0.33902486	0.37456131	0.39943462	0.40450999	0.44707276	0.38963415	0.45047822	0.42190459	0.39330523	0.3735052	0.37271836	0.41197291	0.3785303
136	0	PRM breakage score min consecutive 3
30	-1e+09	-67.36039	-52.245438	-44.759182	-39.185444	-34.800671	-32.81134	-29.322931	-27.690451	-24.801704	-22.12326	-20.781578	-19.541904	-18.304449	-15.829432	-11.13612	-9.9816074	-8.8358879	-7.7203112	-5.4689116	-3.1375875	-0.82092535	2.9835525	5.6344509	7.1168947	12.057289	14.115794	16.373966	18.924437	22.276651
31	0.022089947	0.133698	0.1470016	0.088064721	0.13638114	0.11745101	0.092864419	0.06787301	0.042371362	0.0074559336	0.038432853	0.024836877	0.012907742	0.020760238	0.014998551	-0.011308687	0.0230825	-0.044587211	-0.054713902	-0.044336482	-0.040578216	-0.047388209	-0.082677523	-0.019815961	-0.050516351	-0.055633593	-0.10919552	-0.15245736	-0.12380514	-0.10903005	-0.060107467
137	0	PRM breakage score max consecutive 3
21	-1e+09	-26.587667	-18.951389	-3.0369506	0.60596752	2.2480373	7.8270636	9.0122519	10.139665	13.375709	18.290293	19.24921	20.147297	21.044462	21.921627	24.612627	28.2402	31.121777	34.341377	36.829906	43.181324
22	-0.025328903	0.08061332	0.12180558	0.038281142	0.061490612	0.058581067	0.039535296	0.052210529	0.065030518	-0.0063253668	0.027663689	0.002530073	0.053279271	0.005281051	-0.077567688	-0.050115339	-0.016466837	-0.003752384	-0.064977327	-0.045070037	-0.15433603	-0.098574775
138	0	PRM breakage score min consecutive 2
15	-1e+09	-52.542984	-37.412365	-32.181774	-23.581762	-21.569414	-19.634705	-18.721241	-11.552299	-10.638487	-7.9582348	-6.0917263	1.6963496	4.5966506	10.864622
16	0.09282514	0.09282514	0.050956956	0.071652728	0.038812383	0.022219856	0.037204785	-0.029871625	-0.019092944	-0.11720764	-0.019588635	-0.027011292	-0.010971261	-0.017685731	0.01969502	0.09282514
139	0	PRM breakage score max consecutive 2
25	-1e+09	-6.0619931	-0.49625981	1.4406796	3.0004249	5.6266298	8.7274618	10.466191	11.244505	12.799582	15.528859	16.174938	17.384054	17.982639	19.732479	23.109501	23.647625	24.793842	25.424545	26.66518	28.022274	28.792704	29.575827	30.44957	32.613182
26	0.041330382	0.057731839	0.023010023	0.095519434	0.10131057	0.10497882	0.064514728	0.076452672	0.026334714	-0.0011453494	-0.011783288	0.052448259	0.0046170629	-0.023007298	-0.010733831	-0.071182777	-0.053270333	-0.036462632	-0.028394757	0.049383155	0.077224726	0.066992176	0.037144082	-0.0013336006	-0.0041349454	0.02799294
141	0	PRM #breakage scores 0 - -10
5	-1e+09	0	1	2	3
6	-0.0125932	-0.0125932	-0.0038693267	-0.018473948	0.011037252	-0.0125932
142	0	PRM #breakage scores 0 - 8
5	-1e+09	0	1	2	3
6	-0.023329949	-0.027913388	-0.0096603702	0.030036112	0.035111212	-0.0098135113
143	0	PRM #breakage scores 8 - 15
3	-1e+09	0	2
4	-0.0015531844	-0.0015531844	0.00623951	-0.0015531844
144	0	PRM #breakage scores above 15
3	-1e+09	0	1
4	-0.0034240227	0.023720419	0.057409163	-0.049266426
145	0	PRM %breakage scores below -10
6	-1e+09	0	0.14285715	0.16666667	0.2857143	0.33333334
7	0.019697965	0.019697965	0.0081956316	-0.0021412499	-0.019037348	3.0068702e-05	0.019697965
146	0	PRM %breakage scores below 0
8	-1e+09	0.14285715	0.2857143	0.33333334	0.40000001	0.5	0.5714286	0.60000002
9	-0.0096901043	-0.0096901043	0.00051121508	0.0026954264	-0.0041566971	0.006349547	0.0094725513	-0.010389546	-0.0096901043
147	0	PRM %breakage scores above 0
9	-1e+09	0.2	0.33333334	0.40000001	0.42857143	0.5714286	0.60000002	0.66666669	0.83333331
10	-0.0032249371	-0.0032249371	-0.015708654	-0.016404546	0.02363618	0.019872447	-0.0052899159	2.7929132e-05	-0.00068753272	-0.0032249371
148	0	PRM %breakage scores above 8
7	-1e+09	0.14285715	0.16666667	0.33333334	0.40000001	0.5714286	0.66666669
8	0.036114695	0.036114695	-0.00074262325	-0.011710646	-0.014407786	-0.038252579	0.0045560592	0.036114695
149	0	PRM Score connected to N-terminal
12	-1e+09	-6.6675291	-4.2341099	2.3477507	4.1463118	6.2421403	7.0387554	7.873414	11.689573	13.978791	15.948685	16.660818
13	0.24230365	0.24230365	0.061035768	-0.10008001	0.028742799	0.16717536	0.23087659	0.21054422	0.16956287	0.18331773	0.20021058	0.2215121	0.24230365
150	0	PRM Score connected to C-terminal
13	-1e+09	2.3944833	2.7045159	3.247082	4.3698206	4.7145925	5.54182	6.7133436	7.5837188	8.3790073	9.8127184	10.496762	14.775949
14	-0.29017909	-0.56953449	-0.4568115	-0.43691062	-0.43828981	-0.36046408	-0.17841628	-0.10683602	-0.089340501	-0.10496683	-0.086313328	-0.066780618	0.12474078	-0.050857992
151	0	PRM %breakages with 1 frag detected
4	-1e+09	0	0.14285715	0.16666667
5	-0.027353903	-0.024738036	0.034483874	-0.031112854	0.028325044
152	0	PRM %breakages with 2 frag detected
5	-1e+09	0	0.2	0.33333334	0.5
6	-0.012301609	-0.045240618	-0.014754613	0.0050157156	0.035501146	0.029081276
153	0	PRM %breakages with > 5 frags detected
4	-1e+09	0	0.14285715	0.2
5	0.035566288	0.035566288	-0.035195641	-0.0083876978	0.035566288
154	0	PRM %breakages with dual orientation frags
11	-1e+09	0.2857143	0.33333334	0.42857146	0.5	0.5714286	0.60000002	0.66666669	0.71428573	0.83333337	0.85714293
12	-0.041841112	-0.15949961	-0.084318221	-0.047882053	-0.050989435	0.021203962	0.024050078	0.047662017	0.10322203	0.14651379	0.14136394	0.17323604
155	0	PRM #orientation switches
3	-1e+09	0	1
4	0.086359654	0.14273533	0.12911522	-0.11211532
157	0	COMP PPP frag 1 obs_ratio
9	-1e+09	0.33333334	0.40000001	0.5	0.5714286	0.66666669	0.71428573	0.80000001	0.83333331
10	0.083727972	0.25642145	0.17299574	-0.014172775	-0.13798469	-0.18489213	-0.23115235	-0.29165128	-0.11039791	-0.089729856
158	0	COMP PPP frag 2 obs_ratio
10	-1e+09	0.16666667	0.33333334	0.5	0.60000002	0.66666669	0.71428573	0.80000001	0.83333331	0.85714287
11	0.049157266	0.089820782	0.001655632	0.0066502952	0.0081261619	-0.062830296	0.011245718	-0.036812515	-0.028166069	0.012291303	0.00012864174
159	0	COMP PPP frag 3 obs_ratio
9	-1e+09	0	0.14285715	0.2857143	0.33333334	0.42857143	0.5	0.5714286	0.71428573
10	0.031729032	0.031729032	0.0094496956	-0.0017788192	-0.010145943	-0.022892256	-0.028373412	-0.026214807	-0.022174465	0.031729032
160	0	COMP PPP num missed peaks
4	-1e+09	27	33	35
5	0.019246338	0.019246338	-0.017480691	0.013132044	0.019246338
161	0	COMP PPP MOBILE sum ranks of missed 1-5
29	-1e+09	13	19	21	26	27	31	32	33	34	35	36	39	41	45	46	47	51	52	53	55	57	58	60	63	66	69	71	74
30	-0.057478545	-0.12521752	-0.37858861	-0.38492929	-0.4444065	-0.43425953	-0.37758157	-0.30713348	-0.35733204	-0.36406864	-0.36266762	-0.38116249	-0.31140473	-0.32639524	-0.30442346	-0.16354494	-0.20467521	-0.21390773	-0.16265388	-0.14434944	-0.12503769	-0.12572823	-0.079321589	-0.038459921	-0.066654637	0.03907157	0.068542141	0.16401996	0.18090013	0.19956437
162	0	COMP PPP PARTMOBILE sum ranks of missed 1-5
10	-1e+09	23	27	40	41	42	44	51	55	58
11	-0.061258381	-0.061258381	-0.018703394	-0.056296093	-0.058445337	-0.080880893	-0.16768663	-0.037407531	-0.061475877	-0.052692068	-0.061258381
164	0	COMP PPP sum ranks of missed 1-5
19	-1e+09	13	17	27	29	30	31	33	35	38	39	40	42	44	47	48	53	55	62
20	-0.00083425215	-0.12898363	-0.15392846	-0.20820488	-0.1954619	-0.19685609	-0.13037782	-0.058287773	-0.070456732	-0.011701137	-0.0066782862	0.105389	0.092838984	0.077311192	0.10194248	0.098194988	0.17816542	0.17886613	0.23492546	0.24995907
165	0	COMP PPP MOBILE sum ranks of missed 6-10
15	-1e+09	52	55	59	60	63	65	69	74	79	84	86	90	95	99
16	-0.094378779	-0.094378779	-0.11385055	-0.20156547	-0.17192276	-0.25110749	-0.21544585	-0.26316579	-0.23409852	-0.25716558	-0.2202876	-0.19375007	-0.16605102	-0.14916255	-0.088371412	-0.094378779
166	0	COMP PPP PARTMOBILE sum ranks of missed 6-10
8	-1e+09	70	80	100	105	106	114	120
9	-0.029663669	-0.03928393	-0.0019422849	0.0063003328	0.016103352	0.020743856	0.029759694	0.013675907	-0.023665738
168	0	COMP PPP sum ranks of missed 6-10
14	-1e+09	50	55	60	64	65	77	81	88	90	95	100	105	109
15	0.09262992	0.09262992	-0.11834952	-0.12762238	-0.13115221	-0.077879586	-0.083037219	-0.041392167	0.035132553	-0.031555398	-0.030517187	0.017327197	0.038811737	0.063217271	0.09262992
169	0	COMP PPP MOBILE sum ranks of missed 11-15
5	-1e+09	90	100	135	140
6	0	0	-0.019604304	-0.17095626	-0.11236521	0
170	0	COMP PPP PARTMOBILE sum ranks of missed 11-15
6	-1e+09	100	110	130	145	150
7	-0.09860433	-0.099395344	-0.098674748	-0.099395344	-0.00072059594	-0.02656859	-0.09779131
173	0	COMB PPP observed rank of predicted rank 1
7	-1e+09	1	2	3	4	6	8
8	-0.04247291	0.12331863	0.014524694	-0.026796358	-0.053856437	-0.073197606	-0.25271187	-0.2584562
174	0	COMB PPP observed rank of predicted rank 2
8	-1e+09	0	3	5	6	7	9	14
9	-0.059677544	0.011911033	0.10297806	0.019108351	-0.020780955	-0.068602904	-0.10371143	-0.15067803	-0.059677544
175	0	COMB PPP observed rank of predicted rank 3
9	-1e+09	0	1	3	4	5	6	7	10
10	-0.085403012	-0.060398184	0.021093743	0.039519375	0.013880771	-0.027317378	-0.036515501	-0.059933127	-0.10180461	-0.10615346
176	0	COMB PPP observed rank of predicted rank 4
9	-1e+09	0	1	2	5	6	7	8	9
10	-0.10124946	-0.08094909	0.029430731	0.040259624	0.040961303	0.026312681	0.039054413	-0.036575095	-0.084303739	-0.11500921
177	0	COMB PPP observed rank of predicted rank 5
10	-1e+09	1	2	3	4	5	7	8	9	11
11	-0.030510271	0.0027901564	0.030318684	0.089469017	0.098333421	0.10228587	0.10306782	0.08082217	0.0017549327	-0.019793637	-0.076279322
178	0	COMB PPP observed rank of predicted rank 6
8	-1e+09	2	3	4	5	7	8	10
9	-0.079650855	-0.061557949	-0.010925485	0.0093779529	0.032330583	0.046869244	0.0041963695	-0.019216466	-0.11634664
179	0	COMB PPP observed rank of predicted rank 7
12	-1e+09	0	1	2	4	5	6	8	9	10	12	16
13	0.027038389	0.027038389	0.028451376	0.033435988	0.082050695	0.11314177	0.12446203	0.14352873	0.062825153	0.036732165	-0.0077008487	-0.089496078	0.028458813
180	0	COMB PPP predicted rank of observed rank 1
4	-1e+09	5	9	11
5	0.0074057909	0.0074057909	-0.0048267295	-0.011212077	0.0074057909
181	0	COMB PPP predicted rank of observed rank 2
10	-1e+09	0	1	3	5	6	7	9	13	17
11	0.067468847	0.067468847	0.092589948	-0.00503566	-0.048865474	-0.061866249	-0.068556708	-0.067859802	-0.073577669	0.0070222689	0.067468847
182	0	COMB PPP predicted rank of observed rank 3
8	-1e+09	0	1	6	7	8	11	16
9	0.019625158	0.036129082	0.049155976	0.065016723	-0.020041431	-0.0063061916	-0.03301241	0.036598331	-0.036428714
183	0	COMB PPP predicted rank of observed rank 4
11	-1e+09	0	1	3	4	7	8	9	10	11	17
12	0.077219465	0.09401791	0.089110976	0.10867106	0.031291317	0.013629231	-0.064600444	-0.059501088	-0.053867384	-0.019097569	-0.019783785	0.051627361
184	0	COMB PPP predicted rank of observed rank 5
12	-1e+09	1	2	3	4	5	7	8	9	10	11	12
13	0.023355926	0.076485433	0.044563035	0.040556928	0.038248045	0.033126994	0.017267604	0.0060535344	-0.018899817	-0.0096818456	0.0084825483	-0.032313553	-0.020100217
185	0	COMB PPP predicted rank of observed rank 6
10	-1e+09	0	3	4	5	6	10	12	13	19
11	0.051602992	0.040939754	0.065244702	0.052964469	0.030660186	0.023314838	0.015132407	0.04917312	-0.075523556	-0.047250355	0.062523507
186	0	COMB PPP predicted rank of observed rank 7
10	-1e+09	0	1	3	7	8	11	14	15	21
11	0.028220827	0.028220827	0.023151825	0.050816386	0.053644288	0.0066783565	-0.0063213601	0.0022815511	-0.02538301	-0.087000933	0.028220827
187	0	COMB PPP rank of missed #1
13	-1e+09	1	2	3	4	5	6	7	8	9	10	11	13
14	-0.061885337	-0.3623921	-0.18358288	-0.12553426	-0.031673006	-0.032661921	0.024388627	-0.0054774342	0.020097564	0.038382807	0.08607824	0.13881546	0.14336396	0.19210534
188	0	COMB PPP rank of missed #3
13	-1e+09	2	5	6	8	9	10	11	12	14	15	16	18
14	0.078218603	0.078218603	-0.005370402	-0.01415537	-0.051548968	-0.047125048	-0.098224603	-0.093064066	-0.10390836	-0.047556746	-0.024255527	-0.017392555	-0.0095373478	0.099509814
189	0	COMB PPP rank of missed #5
8	-1e+09	8	9	10	12	14	19	21
9	-0.018267487	-0.018267487	0.039990139	0.031081991	-0.0091762633	-0.014152201	0.0046926499	-0.022545586	-0.018267487
190	0	COMB PPP rank of missed #7
7	-1e+09	9	11	12	13	16	21
8	0.03833188	-0.033916352	-0.1053199	-0.072989265	-0.037526776	0.029747446	0.11435234	0.10764957
191	0	COMB PPP rank of missed #9
5	-1e+09	14	15	19	21
6	0.020016991	0.020016991	-0.030395761	-0.029567674	-0.01691901	0.020016991
192	0	COMB PPP rank of missed #11
4	-1e+09	13	15	26
5	0.036686849	0.036686849	-0.037539701	0.015513901	0.036686849
193	0	COMB PPP rank of missed #13
5	-1e+09	16	21	22	24
6	-0.025525604	-0.025525604	0.035606987	0.0059284929	-0.024581332	-0.025525604
196	0	COMB PPP delta score #1
16	-1e+09	0.26290727	0.47977972	0.62781858	0.70563221	0.94215488	1.1955705	1.2824428	1.3728	1.4650114	1.562027	1.6618154	2.1560817	2.4901345	2.7010667	3.3327403
17	-0.31853163	-0.01742925	0.0091710396	-0.068258921	-0.14195694	-0.18190726	-0.23655024	-0.21469757	-0.17547154	-0.18878511	-0.18303135	-0.23739418	-0.30283277	-0.35088172	-0.35967747	-0.39166146	-0.49230867
197	0	COMB PPP delta score #2
25	-1e+09	-1.2552283	-0.90352297	-0.68085194	-0.50910091	-0.36986852	-0.14137101	-0.040043831	0	0.11554337	0.18232703	0.31180894	0.37819648	0.51528335	0.6518724	0.79317951	0.93492985	1.0077149	1.241644	1.4970351	1.5909888	1.6914656	1.8017226	1.9207288	2.379338
26	0.21089609	0.35637888	0.39021539	0.33512312	0.32158486	0.32667563	0.3244849	0.30982015	0.33021065	0.45155696	0.43014968	0.3397121	0.3058756	0.29996059	0.34334298	0.29567716	0.2653415	0.26604475	0.24776677	0.20157997	0.25081037	0.20969917	0.20357461	0.14745073	0.10908846	0.019286054
198	0	COMB PPP delta score #3
27	-1e+09	-1.4961932	-1.1728551	-0.96171153	-0.7982707	-0.43428469	-0.24303174	-0.077831268	-0.0024120808	0.048181295	0.10913444	0.16945839	0.22998953	0.29103351	0.35223341	0.54096818	0.60615396	0.67177474	0.80611181	0.87681866	0.9480499	1.090169	1.2396041	1.3189197	1.6847641	1.9310032	2.4996901
28	0.27821394	0.37375356	0.43835051	0.49710448	0.49267628	0.44876703	0.43897448	0.40663763	0.41696653	0.43017741	0.37362623	0.35507823	0.38150727	0.38855965	0.3454436	0.32428566	0.29925944	0.27654845	0.30849988	0.27496088	0.21540238	0.25543003	0.26073648	0.20400396	0.11926231	0.11785966	0.12244183	0.12174715
199	0	COMB PPP delta score #4
25	-1e+09	-1.6259289	-1.3007636	-1.0857348	-0.77649117	-0.65333694	-0.36337054	-0.28221512	-0.12900281	0.022740364	0.25191998	0.36684191	0.4870218	0.54790902	0.67210031	0.86393851	0.99172401	1.0576556	1.127738	1.272037	1.435326	1.5285497	1.6311916	1.7484944	2.0540109
26	0.22091862	0.36635916	0.38248779	0.44273913	0.42714052	0.39435394	0.40411597	0.3708817	0.33191338	0.33857482	0.41324369	0.35153655	0.3765514	0.33151238	0.38262268	0.29006214	0.29512514	0.28809509	0.26653712	0.25300414	0.28572046	0.18453516	0.17097462	0.11889638	0.15844663	0.094268377
200	0	COMB PPP delta score #5
27	-1e+09	-1.7273412	-1.3934929	-1.1668214	-0.99807668	-0.85979986	-0.73779178	-0.6280992	-0.44084215	-0.35723662	-0.073704481	0	0.052880168	0.1674403	0.28176975	0.39621663	0.50861835	0.62620533	0.74538565	0.86479151	0.98919469	1.2580808	1.4209231	1.5174344	1.6263205	1.75298	2.1231034
28	-0.18360818	-0.086509739	-0.057410032	-0.04567678	0.028055896	0.087151307	0.079692659	0.015531559	0.012635074	0.014799528	0.030951288	0.0039605758	-0.024824216	-0.038481642	0.0047013313	-0.0061544753	-0.0025685975	-0.048028254	-0.093150898	-0.12030814	-0.14010801	-0.16168742	-0.1550721	-0.18207553	-0.20636565	-0.2535184	-0.21797035	-0.31065528
201	0	COMB PPP delta score #6
22	-1e+09	-1.8048902	-1.2125198	-0.89977264	-0.77882069	-0.67432952	-0.49060631	-0.40942407	-0.059136391	0.037325859	0.093459845	0.15040064	0.20475006	0.31115353	0.36535943	0.75040907	0.86103404	1.0463918	1.2574954	1.3387966	1.8086958	2.0136018
23	0.015040486	0.015040486	0.2299475	0.24564252	0.2375282	0.28612421	0.22263735	0.20550975	0.16745001	0.20788363	0.19572079	0.22617832	0.23805664	0.19723746	0.15854023	0.12863076	0.086564338	0.067550982	0.062265701	0.017132342	0.010180839	-0.027426762	0.015040486
202	0	COMB PPP delta score #7
26	-1e+09	-1.8671062	-1.2372315	-1.0622474	-0.9226805	-0.80385184	-0.51269531	-0.43178177	-0.2873978	-0.092671275	-0.031959891	0	0.022361755	0.18285275	0.28685167	0.44365078	0.49435008	0.54704082	0.65347099	0.70727777	0.8169471	0.87286961	1.1216511	1.4598337	1.7286959	1.9313412
27	0.011619467	0.038445338	0.14297317	0.13947575	0.17909384	0.24867397	0.21121571	0.14071368	0.075824611	0.1015001	0.067049668	0.067748224	0.15694842	0.17663539	0.14997193	0.13658771	0.10619825	0.093445992	0.10526087	0.10917532	0.11163186	0.072013767	0.042489727	0.022776989	-0.024446875	0.017109246	-0.023570991
203	0	COMB PPP dot prod pred-obs top 15
21	-1e+09	0.27906317	0.43221483	0.49981436	0.56084257	0.57375705	0.58453846	0.61649376	0.63692719	0.65310919	0.68068278	0.6897763	0.7106809	0.72709757	0.75254881	0.75870359	0.78344512	0.79403698	0.80931479	0.86829686	0.90323305
22	-0.069732059	-0.17901309	-0.11207291	-0.089353082	-0.021183548	0.038043551	0.081084082	0.1030813	0.093850889	0.047536901	0.11226949	0.10873905	0.092191771	0.071890732	0.070501614	0.022388899	0.038500624	-0.0027135675	-0.017573653	-0.016879795	-0.018960105	0.044105014
204	0	COMB PPP dot prod obs-pred top 15
19	-1e+09	0.30621532	0.42852727	0.49769327	0.54955935	0.60304564	0.63929617	0.66463566	0.70472175	0.7514258	0.75765318	0.79799509	0.80539614	0.81237626	0.85229677	0.91720676	0.93293315	0.95089114	0.96118081
20	0.056094751	-0.025501573	0.013296314	0.020977171	0.035857003	-0.066241386	-0.10564107	-0.079946267	-0.18888874	-0.17043844	-0.10876513	-0.020306878	0.078274604	0.10143716	0.1089128	0.12983215	0.079765151	0.079052605	0.10452045	0.11940724
205	0	COMB PPP dot prod pred-obs top 30
26	-1e+09	0.18517508	0.28788725	0.32141548	0.33499348	0.34720835	0.37882239	0.39634082	0.41356835	0.42060164	0.45130518	0.45717162	0.46342555	0.49119636	0.50375026	0.51164842	0.51950693	0.53892225	0.55539483	0.57868373	0.59458411	0.60504436	0.62508297	0.63912457	0.66769236	0.70484585
27	-0.10351915	-0.17793524	-0.078457673	-0.011489339	-0.0022154362	-0.031121734	0.0056113437	0.0079232607	0.030313884	0.041342405	0.057069814	0.088376264	0.10194124	0.11944155	0.1257406	0.11271101	0.080383326	0.074775078	0.052202533	0.075426276	0.092036629	0.08554543	0.047061164	0.043430335	0.04274389	-0.0093417536	-0.038088195
206	0	COMB PPP dot prod obs-pred top 30
14	-1e+09	0.19872524	0.32301643	0.37357143	0.39143968	0.40953258	0.41491169	0.44758248	0.46732175	0.50263655	0.52973485	0.54111749	0.57548571	0.61515832
15	-0.072516335	-0.10171219	-0.051919111	-0.016559341	0.057037487	0.035208883	0.041295164	0.052985424	0.063622029	0.037669996	-8.2894766e-05	-0.0030292958	-0.053789497	-0.046136997	-0.033665184
207	0	COMB PPP dot prod pred-obs top 45
24	-1e+09	0.22748178	0.253975	0.26470402	0.27435592	0.29933661	0.31317925	0.32679206	0.3323496	0.35661083	0.36124635	0.36618805	0.38813189	0.39805171	0.40429261	0.42584378	0.43886003	0.45726237	0.46982649	0.4780919	0.49392599	0.50502133	0.52759492	0.55695271
25	-0.045596535	-0.21441718	-0.12084752	-0.063640724	-0.077852968	-0.05724718	-0.055713764	-0.033279724	-0.027707438	0.018113273	0.053064959	0.10862368	0.12493154	0.1406493	0.13636092	0.11514539	0.10697982	0.13483074	0.15388591	0.14981702	0.13683472	0.13392186	0.13321902	0.10162272	0.068398017
208	0	COMB PPP dot prod obs-pred top 45
14	-1e+09	0.15702805	0.25524005	0.29518741	0.3093065	0.32360309	0.32785353	0.35366923	0.36926675	0.39717168	0.41858408	0.42757839	0.45473534	0.48608378
15	-0.052791636	-0.074043886	-0.033464763	-0.0050615338	0.05481228	0.034887082	0.039550501	0.052863372	0.060687825	0.04281408	0.0068625922	0.0019149378	-0.037810938	-0.033167926	-0.023954344
