1 2
1  0.000 1.000 1000000000.000
4 0 1 2 8
1 0
1 4
1 13
0 29
1 29
1 45
0 90
1 90
0 156
1 156
0
209
157
5	0	TRYP #num missed tryp terminals
2	-1e+09	0
3	0.30039699	0.30039699	-0.2540989
8	0	TRYP #frags at digest when C-term is K
6	-1e+09	0	1	3	4	5
7	0.010049284	0	0.044405256	0.23471384	0.1921374	0.12825625	0.041420882
9	0	TRYP #frags at digest when C-term is other
5	-1e+09	1	4	5	6
6	-0.13488366	-0.097706609	0	-0.016399633	-0.1112885	-0.16858039
12	0	TRYP AA at N-terminal When C-term is other
10	-1e+09	6	7	9	10	11	14	18	20	22
11	-0.32875653	-0.32875653	-0.41890277	-0.7566594	-0.61587432	-0.55556987	-0.19922683	-0.51693923	-0.37305605	-0.38410017	-0.32875653
13	0	ANN PEAK diff from org pm_with_19
11	-1e+09	-2.2095947	-2.0096436	-1.8096924	-1.1096191	-1.0096436	-0.80969238	-0.30969238	0.19030762	0.29040527	0.99035645
12	-0.052497491	0.5815345	0.58731306	0.7556539	0.68855627	0.64508586	0.50691313	0.55669653	0.49723054	0.22158328	-0.083422944	-0.65282821
15	0	ANN PEAK %ann intensity
17	-1e+09	0.071078785	0.10419198	0.11330708	0.13717429	0.14427894	0.1514349	0.15815058	0.17110233	0.18345524	0.21501701	0.22754762	0.25320396	0.27391034	0.28831193	0.32019737	0.47134131
18	-0.036501793	0.18982359	0.21794481	0.14486516	0.13944634	0.12546703	0.11925649	0.046089139	0.039883565	-0.066729036	-0.075294357	-0.052224095	-0.067743288	-0.12470319	-0.13041183	-0.2007432	-0.28841182	-0.30284208
16	0	ANN PEAK %ann peaks
14	-1e+09	0.0859375	0.11940298	0.12844037	0.13600001	0.13953489	0.16504854	0.17777778	0.1882353	0.1965812	0.21212122	0.21897811	0.22689076	0.2635659
15	0.021988012	0.021988012	-0.14472757	-0.12929557	-0.0032424423	-0.099908426	-0.10425884	-0.019900651	0.015128298	-0.027017577	-0.014987215	0.029801282	0.043771629	0.096250632	0.021988012
17	0	ANN PEAK #ann in top 25
7	-1e+09	2	6	8	10	11	14
8	0.045422705	0.045422705	-0.015616551	0.016850926	0.028755795	0.0008724399	0.046801282	0.045422705
18	0	ANN PEAK #ann in top half (up to 50)
13	-1e+09	9	10	12	13	15	16	17	18	20	21	23	24
14	-0.01636151	-0.41847857	-0.28449441	-0.19049554	-0.047462383	-0.038708837	0.04046281	0.053861757	0.12241109	0.20885043	0.24006796	0.34173238	0.3641074	0.40027549
19	0	ANN PEAK #ann in top third - #ann in mid third
10	-1e+09	-7	-5	-4	-3	-1	0	2	5	7
11	0.031441507	0.068919892	0.011603098	-0.018996729	-0.02385359	-0.033539921	-0.056009928	-0.087472644	-0.044966337	-0.037806286	-0.00042724155
20	0	ANN PEAK #ann in top third - #ann in last third
10	-1e+09	-4	-2	0	3	9	12	13	17	19
11	0.10521474	0.10521474	0.083120315	0.031486691	-0.019374523	-0.067841806	-0.085606678	-0.099178013	-0.094784281	-0.090594929	0.10521474
21	0	ANN PEAK #ann in mid third - #ann in last third
7	-1e+09	-1	1	2	6	7	10
8	0.0054685887	0.0054685887	0.008257834	0.0044779966	0.00018786894	0.019733928	-0.0055091257	0.0054685887
22	0	ANN PEAK #y annotated
4	-1e+09	1	2	5
5	-0.010191216	-0.010191216	0.044016499	-0.026951379	-0.010191216
23	0	ANN PEAK #b annotated
6	-1e+09	0	1	2	4	5
7	0.047905068	-0.014582687	-0.042123907	-0.095001255	-0.25134329	-0.18963958	0.086878754
24	0	ANN PEAK #b-H2O annotated
6	-1e+09	0	2	3	4	5
7	0.053632107	0.053632107	0.011083433	-0.1148494	-0.187059	-0.18037327	0.053632107
26	0	ANN PEAK #y-H2O annotated
4	-1e+09	0	1	2
5	0.0034944051	0.019863111	-0.0010733204	-0.01025968	-0.023497362
28	0	ANN PEAK #a annotated
4	-1e+09	0	1	2
5	-0.073340884	-0.24998843	-0.16664987	-0.06072984	0.20677642
29	0	PEAK OFF y num frags detected
4	-1e+09	1	2	5
5	-0.02270694	-0.02270694	0	-0.025669985	-0.02270694
30	0	PEAK OFF y max self offset
16	-1e+09	0.03370285	0.0560112	0.10123825	0.1365242	0.16474533	0.20075607	0.22083664	0.23542404	0.242939	0.25947189	0.29883957	0.32276535	0.33649826	0.36854172	0.45384598
17	-0.15489848	-0.11551193	-0.13723389	-0.15664006	-0.12098575	-0.00027817125	-0.043783488	-0.051028267	-0.072661687	-0.042095775	-0.092239855	-0.089490543	-0.098715997	-0.14303513	-0.15772093	-0.17700651	-0.15489848
31	0	PEAK OFF y avg self offset
16	-1e+09	0.016590118	0.049418133	0.060985565	0.074655533	0.077907562	0.084243774	0.097688042	0.11557897	0.14454269	0.14967728	0.15488204	0.19400151	0.27337265	0.29841232	0.33295059
17	-0.01008256	0.017355416	0.0081297965	-0.013413644	-0.040342665	-0.06547894	-0.095200156	-0.051356966	-0.096151285	-0.12358926	-0.16146251	-0.17494674	-0.18275788	-0.17387017	-0.16919783	-0.13259945	-0.025657132
32	0	PEAK OFF y max consecutive offset
10	-1e+09	0.069824219	0.087524414	0.10070801	0.17669678	0.19775391	0.23339844	0.328125	0.46728516	0.515625
11	-0.048058634	-0.048058634	-0.016493616	0.021186579	0.039184728	-0.0029267724	0.013819608	-0.0056262776	-0.10525624	-0.083283052	-0.048058634
33	0	PEAK OFF y avg consecutive offset
11	-1e+09	0.030838013	0.082748413	0.085380554	0.11838379	0.1295166	0.13369751	0.15693359	0.1920166	0.20209961	0.3058838
12	-0.071023585	-0.037146123	-0.027668542	-0.053794632	-0.056918052	-0.050887452	-0.025253489	0.0074056485	-0.071589039	-0.07782619	-0.12871627	-0.091661349
34	0	PEAK OFF y grab offset #1
11	-1e+09	0.023193359	0.045654297	0.051025391	0.088867188	0.094482422	0.22412109	0.234375	0.24743652	0.3046875	0.66271973
12	-0.10145552	-0.10145552	-0.056462794	-0.035000212	0.0072876375	-0.069663326	-0.11448318	-0.11778953	-0.13636002	-0.13916467	-0.13339408	-0.10145552
35	0	PEAK OFF y grab offset #2
6	-1e+09	0.018066406	0.08581543	0.12329102	0.171875	0.26806641
7	0.048499862	0.048499862	0.035512946	0.066518345	-0.011926772	0.024404346	0.048499862
36	0	PEAK OFF y grab offset #3
3	-1e+09	0.13696289	3
4	-0.045125574	-0.045125574	0	-0.045125574
37	0	PEAK OFF b num frags detected
9	-1e+09	0.12376678	0.14976776	0.20826447	0.2953006	0.30988801	0.40184295	1	2
10	-0.055174529	-0.055174529	-0.027647925	-0.03485801	-0.05736985	-0.056023855	-0.11345749	-0.028872598	-0.052754036	-0.055174529
38	0	PEAK OFF b max self offset
14	-1e+09	0.049223445	0.069836736	0.075671077	0.13190949	0.14779429	0.15324676	0.16448075	0.1703366	0.18815887	0.25694549	0.27680695	0.3598758	0.40185317
15	0.02561125	0.02561125	-0.038137424	-0.058773994	-0.10869214	-0.010469281	-0.074361248	-0.08420053	-0.09027605	-0.11454013	-0.13384831	-0.06656948	-0.086036612	-0.026231346	0.027061491
39	0	PEAK OFF b avg self offset
13	-1e+09	0.023694158	0.056286931	0.069145001	0.091247559	0.1159668	0.13031006	0.16637433	0.19451904	0.20098877	0.24543019	0.27404785	0.43104279
14	-0.065968658	-0.065968658	-0.015364011	0.025591966	0.092457402	0.11390463	0.080982538	0.08381418	0.056736568	0.052023627	0.039832293	0.019921895	-0.010772354	-0.065968658
40	0	PEAK OFF b max consecutive offset
10	-1e+09	0.031860352	0.039642334	0.045312501	0.066137694	0.093151852	0.10703125	0.12243652	0.1267395	0.23855591
11	-0.047599013	-0.047599013	-0.042874111	0.059487757	0.10192795	0.089271845	0.10192795	0.082745146	-0.0034135507	-0.041864486	-0.047599013
41	0	PEAK OFF b avg consecutive offset
8	-1e+09	0.029785156	0.045898438	0.07421875	0.11233521	0.13977051	0.17578125	0.27856445
9	-0.10532351	-0.10532351	-0.079654254	-0.057505381	-0.058869223	-0.11399585	-0.05649047	-0.14241215	-0.10532351
42	0	PEAK OFF b grab offset #1
7	-1e+09	0.023193359	0.061767578	0.12011719	0.16418457	0.17382812	0.29223633
8	-0.10103041	-0.10103041	-0.0104594	-0.016189758	-0.0057303575	-0.022192209	-0.082243827	-0.10103041
43	0	PEAK OFF b grab offset #2
4	-1e+09	0.021972656	0.14575195	0.28198242
5	0	0	0.052911152	0.028964294	0
45	0	PEP COMP start cat N (len 3)
8	-1e+09	1	2	3	5	8	13	16
9	0.20105407	-0.22349244	-0.098570059	0.015428953	0.20599739	0.43581884	0.49451194	0.54363532	0.65997858
46	0	PEP COMP end cat C (len 3)
9	-1e+09	2	4	6	7	10	11	12	13
10	-0.080131166	-0.23257921	-0.22717158	-0.1430579	-0.13277821	-0.027799369	-0.026448769	-0.010457263	0.032204476	0.079624727
47	0	PEP COMP len 3 # cat 19-20
2	-1e+09	0
3	-0.014543051	-0.014543051	0.019656945
52	0	PEP COMP min cat, len 3
9	-1e+09	1	2	4	8	10	12	14	17
10	-0.023713522	-0.023713522	0.0021432273	0.049025551	-0.0033156868	0.018067038	-0.041717446	-0.00022244276	-0.046424414	-0.023713522
53	0	PEP COMP avg cat, len 3
12	-1e+09	0.66666669	1.3333334	2	2.3333333	2.5	2.6666667	3	4.3333335	4.5	4.6666665	4.8333335
13	0.05767792	0.033361944	0.042009111	-0.03325011	-0.074841475	-0.073477694	-0.057684869	-0.010896078	-0.019837071	0.015010869	0.073924415	0.075326328	0.076728137
54	0	PEP COMP before cat score 1
12	-1e+09	5	8	10	11	12	13	14	15	17	18	19
13	-0.0077838935	-0.02268247	-0.017132481	-0.14320036	-0.1273919	0.0046242693	-0.021564059	0.090908831	0.17431801	-0.013493963	0.08900855	0.084494025	0.046124998
55	0	PEP COMP after cat score 1
7	-1e+09	7	12	14	16	17	19
8	-0.063720781	-0.063720781	-0.015759576	0.00054839892	-0.0051730887	0.048097677	-0.018570864	-0.063720781
56	0	PEP COMP span cat score 1
11	-1e+09	2	5	7	9	10	14	15	16	17	19
12	-0.042569255	-0.062273888	-0.053515793	0.0087049305	0.031812181	-0.022359139	-0.011201564	0.019916031	0.049835628	0.10431035	0.017664511	-0.0095182742
57	0	PEP COMP before cat score 2
8	-1e+09	3	8	9	12	13	17	19
9	0.058697749	0.046056235	0.043128248	0.016548205	-0.012428188	-0.066937091	0.069070652	0.075040085	0.058697749
58	0	PEP COMP after cat score 2
10	-1e+09	3	7	12	14	15	16	17	18	19
11	-0.059052016	-0.061283159	-0.090694572	0.044658057	0.019101271	0.024983433	0.045849323	0.076278683	0.017721999	-0.016291216	-0.059052016
59	0	PEP COMP span cat score 2
8	-1e+09	4	7	9	10	13	15	19
9	0.028624326	0.028624326	-0.021799934	0.031746456	0.017502505	-0.049405758	-0.026744525	-0.012379597	0.028624326
60	0	PEP COMP before cat score 3
12	-1e+09	3	5	8	9	10	14	15	16	17	18	19
13	-0.089709673	-0.089709673	-0.0052088874	0.0070508672	-0.027448953	-0.01421589	-0.020872351	-0.062885225	0.029058402	0.14540152	-0.073796175	-0.022288018	-0.089709673
61	0	PEP COMP after cat score 3
8	-1e+09	5	11	12	13	14	17	19
9	-0.038475639	-0.011469581	0.028535484	0.043732767	0.040986366	0.083243538	0.063316382	0.034574398	-0.08341909
62	0	PEP COMP span cat score 3
9	-1e+09	2	6	9	10	13	14	16	19
10	0.058203573	0.058203573	-0.040942433	-0.0018334628	-0.019093323	-0.087921698	-0.065353051	-0.015164356	-0.029345337	0.058203573
63	0	PEP COMP before cat score 4
12	-1e+09	7	8	9	10	12	13	14	15	16	17	18
13	0.11756011	0.17531135	0.093024152	-0.058015009	0.086024918	0.087786197	0.083570401	0.025838263	-0.045521919	0.20075294	0.22412374	-0.11990734	0.059343021
64	0	PEP COMP after cat score 4
8	-1e+09	3	5	9	10	13	14	19
9	-0.10434908	-0.10434908	-0.095565954	-0.029337756	-0.018061014	-0.078974907	-0.0076304719	-0.025892329	-0.10434908
65	0	PEP COMP span cat score 4
8	-1e+09	4	8	9	10	13	16	19
9	0.0059143103	0.051498051	-0.10374479	-0.090922174	-0.027721049	0.0041555431	-0.067378197	-0.029787898	-0.028391528
66	0	PEP COMP #aa A
2	-1e+09	1
3	0.0076075564	0	0.098860572
68	0	PEP COMP #aa N
1	-1e+09
2	0	-0.12227592
69	0	PEP COMP #aa D
1	-1e+09
2	0	0.07409568
70	0	PEP COMP #aa C
1	-1e+09
2	0	0.11083816
71	0	PEP COMP #aa Q
2	-1e+09	1
3	-0.12170482	-0.4961697	-0.77771481
72	0	PEP COMP #aa E
1	-1e+09
2	0	-0.010747278
73	0	PEP COMP #aa G
1	-1e+09
2	0	0.069197168
75	0	PEP COMP #aa L
2	-1e+09	1
3	0	0	-0.030389132
76	0	PEP COMP #aa K
2	-1e+09	1
3	0.024974136	0.024974136	0
77	0	PEP COMP #aa M
1	-1e+09
2	0	0.27601951
78	0	PEP COMP #aa F
2	-1e+09	1
3	-0.016218937	-0.25217475	-0.28680738
79	0	PEP COMP #aa P
2	-1e+09	1
3	0.13124539	0.35611145	0.67137255
83	0	PEP COMP #aa Y
2	-1e+09	1
3	0.032286491	0.07419466	0.041908168
84	0	PEP COMP #aa V
2	-1e+09	1
3	-0.0061111338	-0.0096625025	0
96	0	PRM N/-C delta mass
6	-1e+09	-0.93130493	-0.012252808	0.031211853	0.20188904	0.25081635
7	0	0	0.079767554	0.095269008	0.096628783	0.080585938	0
97	0	PRM N/-C total breakage score
3	-1e+09	-74.136269	20.177652
4	0.059108019	0.059108019	-0.0080741127	0.059108019
98	0	PRM N/-C average breakage score
3	-1e+09	-4.0633516	2.9977121
4	0.026780441	0.026780441	0	0.026780441
101	0	PRM N/-C average path score
9	-1e+09	6.3516045	6.5306039	7.1714835	7.325428	7.7626929	7.9153514	9.4401207	11.180705
10	-0.0081802088	-0.0081802088	-0.0068071463	0.019155342	0.030647112	0.051085709	0.054590311	0.078061011	0.031163958	-0.0081802088
102	0	PRM -N/C delta mass
17	-1e+09	-0.74603271	-0.37057495	-0.28653717	-0.18169403	-0.13256073	-0.079956055	-0.042457581	-0.022590637	0.016441345	0.046150208	0.10845184	0.14470673	0.21828461	0.35129547	0.72766876	0.91264343
18	-0.72912605	-0.74453944	0.11137067	0.14800357	0.31282922	0.33773555	0.46250678	0.51270259	0.55747294	0.69470641	0.58409227	0.55527323	0.52958041	0.47805026	0.4056712	0.23094734	-0.17419172	-0.70375383
103	0	PRM -N/C total breakage score
3	-1e+09	-33.72094	13.612701
4	0	0	-0.0055109937	0
104	0	PRM -N/C average breakage score
5	-1e+09	-9.4679604	3.5048044	4.4995527	9.4935064
6	-0.024238129	-0.024238129	0.017788568	-0.070679855	-0.11037654	-0.024238129
107	0	PRM -N/C average path score
4	-1e+09	4.7966304	7.8592753	12.369636
5	-0.0041628149	-0.0041628149	0	-0.010140096	-0.0041628149
108	0	PRM -N/-C delta mass
14	-1e+09	-0.76010895	-0.31496429	-0.22138977	-0.21135712	-0.20174408	-0.17294312	-0.092453003	-0.082756042	-0.063438416	-0.042518616	-0.0069885254	0.077522278	0.13096619
15	-0.03599402	-0.03599402	0.080336744	0.07758924	0.11004084	0.12399813	0.19381401	0.22577233	0.1887933	0.080238921	0.068752786	0.036962673	0.0081112828	-0.02857458	-0.03599402
109	0	PRM -N/-C total breakage score
6	-1e+09	-83.510437	-27.869396	-24.945318	47.198761	66.887405
7	0.0088979236	0.0088979236	0	0.0056774113	0.023190322	0.02115998	0.0088979236
110	0	PRM -N/-C average breakage score
8	-1e+09	-5.2576785	-3.4558086	-1.5714703	0.82489288	3.5134132	5.4577703	8.6377115
9	0.044591862	0.044591862	0.0083670789	0.072445458	0.034991882	-0.009842511	-0.012668266	0.057848809	0.044591862
111	0	PRM -N/-C normalized average breakage score
7	-1e+09	-13.918406	-4.6448994	-4.1575532	5.3761311	7.8664603	11.147901
8	0.021307543	0.021307543	-0.0063985575	0.00085157354	0.029115227	0.033284114	0.029030965	0.021307543
112	0	PRM -N/-C path score
6	-1e+09	25.348761	37.334824	59.013634	65.672516	80.051857
7	0.020128158	0.020128158	0.0020233607	-0.0039079382	0.0050240098	0.0131438	0.020128158
113	0	PRM -N/-C average path score
9	-1e+09	4.2247934	6.2224708	7.741838	9.8356056	10.945419	11.717807	13.341976	13.628071
10	0.11169517	0.11169517	0.062343233	-0.043003235	-0.049015935	-0.042992281	0.042961436	0.047042559	0.067376138	0.11169517
114	0	PRM path score
14	-1e+09	-73.143616	-54.847126	-25.258366	-22.87788	-20.525066	-15.938254	-1.1666765	6.761147	12.830801	26.025499	36.724289	43.703259	47.909298
15	-0.084427115	-0.084427115	-0.087227074	-0.064617232	-0.050493243	-0.03534255	-0.055819652	0.0061428168	-0.0080425342	-0.0052100986	-0.0037344102	0.047166556	0.051589808	-0.048417148	-0.084427115
115	0	PRM total breakage score
16	-1e+09	22.554186	30.015736	36.320648	42.350368	43.686184	51.829723	56.22049	62.965847	68.988197	70.289322	75.977943	81.045731	87.483551	90.078758	101.76347
17	0.22311845	0.22311845	0.1868268	0.12385374	0.062861003	-0.038063585	-0.02383885	-0.059361835	-0.08520356	-0.092353926	-0.23706575	-0.16533985	-0.12397576	-0.094450598	-0.041054343	0.0065845569	0.22311845
116	0	PRM SeqPath rank
12	-1e+09	0	1	2	3	6	12	18	32	40	45	62
13	0.081980612	0.20955312	0.017950147	-0.080724865	-0.20906633	-0.19608739	-0.19988645	-0.18485019	-0.19335604	-0.12044247	-0.10771615	-0.080245913	-0.075698208
117	0	PRM multipath score
11	-1e+09	34.431702	49.160076	51.672886	55.127083	63.894962	66.08316	70.76738	75.807793	89.640228	98.499786
12	-0.047504164	-0.066690365	-0.045013515	-0.047744746	-0.022864291	-0.037875175	-0.039274729	0.010273222	0.028018669	0.04002165	0.038663933	-0.00025288351
118	0	PRM delta score
20	-1e+09	0	0.37246704	2.0787315	4.9976196	6.255043	8.4848251	9.4636002	10.417381	11.332039	12.201046	17.015709	22.500473	23.318291	24.144585	25.829659	26.700737	31.304153	36.745869	40.775169
21	0.14406599	0.36976925	0.30692867	0.35637317	0.36610766	0.34774849	0.33272796	0.27613775	0.33919194	0.23309384	0.25073432	0.25356196	0.23011272	0.21687985	0.20034227	0.15662083	0.10799339	0.08128222	-0.15172522	-0.16673115	-0.31045018
119	0	PRM rank, delta score<=1.5
3	-1e+09	0	2
4	0.043637347	0.10338357	0.059746221	0.10338357
120	0	PRM rank, 1.5<delta score<=7.5
3	-1e+09	2	5
4	0	0	0.0057332556	0
121	0	PRM rank, 7.5<delta score<=15
3	-1e+09	3	18
4	-0.009156133	-0.009156133	0	-0.009156133
122	0	PRM rank, delta score>15
6	-1e+09	20	29	54	65	71
7	-0.081556924	-0.099031678	-0.071941645	-0.086239067	-0.020909657	-0.014297422	-0.067559972
123	0	PRM tag, percent in top 5 denovo
3	-1e+09	0.40000001	0.80000001
4	-0.018110051	-0.090371204	-0.078521468	0.050275694
124	0	PRM tag, percent in top 20 denovo
8	-1e+09	0.050000001	0.15000001	0.25	0.40000001	0.5	0.64999998	0.69999999
9	-0.048339118	-0.09052207	-0.089175024	-0.094712527	-0.09052207	-0.033709467	-0.031323859	-0.0038268671	-0.0013470463
125	0	PRM tag, percent in all denovo
10	-1e+09	0.02	0.059999999	0.079999998	0.1	0.12	0.28	0.36000001	0.54000002	0.72000003
11	-0.01135521	-0.072272008	-0.11157961	-0.07824897	-0.043171329	-0.011803613	0.037486811	0.080666498	0.1259782	0.13560094	0.13853172
126	0	PRM tag, rank if in top 5
6	-1e+09	1	5	11	102	149
7	0.095523614	0.095523614	0.028498436	-0.022340545	-0.044187467	0.078221542	0.095523614
127	0	PRM tag, rank if in top 5-20
4	-1e+09	2	14	26
5	-0.059496416	-0.059496416	-0.035174853	0	-0.056768387
128	0	PRM tag, rank if in top 20-all
11	-1e+09	0	2	3	4	6	11	14	16	26	41
12	0.92615817	0.92615817	0.78754123	0.79314376	0.88641846	0.68794868	0.57320736	0.65847149	0.70596982	0.51050361	0.45304478	0.40107953
130	0	PRM delta num breakage scores (missing)
3	-1e+09	-1	0
4	-0.025411684	-0.025411684	0.030033931	-0.025411684
132	0	PRM num breakage scores
3	-1e+09	5	6
4	-0.0044360027	-0.0044360027	0	-0.0044360027
133	0	PRM breakage score min 1
12	-1e+09	-43.786823	-38.37632	-35.026836	-30.788277	-28.971132	-23.803141	-16.657364	-12.665697	-11.864084	-3.0840256	0.039123178
13	0.0054434347	0.0054434347	-0.069134318	-0.0062695542	-0.060980387	-0.05961573	-0.022865058	-0.017778284	0.012094665	0.021531066	0.040579351	0.033196104	0.0054434347
134	0	PRM breakage score min 2
13	-1e+09	-22.057016	-19.721037	-15.994354	-14.423213	-11.040517	-8.6405115	-6.9795761	-5.3565717	-4.2957749	-2.216063	2.678884	3.5067158
14	0.051813263	0.051813263	0.033780414	0.012710348	-0.029766866	-0.058248437	-0.024032916	-0.029990158	-0.046853971	-0.0033092618	-0.034448551	-0.02157014	0.032335022	0.051813263
135	0	PRM breakage score min 3
17	-1e+09	-13.915549	-12.630899	-10.537711	-5.4607306	-3.3302133	-2.0046246	-0.73934841	-0.33310744	0.055288583	1.2163554	3.3152483	5.5838585	6.0908885	9.1816387	10.019743	11.124743
18	0.11107093	0.11107093	0.088100102	0.085218299	0.088062504	0.07989661	0.06264766	0.11805185	0.12281631	0.12529935	0.12730721	0.12900866	0.13043749	0.037810705	0.031963057	0.036074156	0.088547085	0.11107093
136	0	PRM breakage score min consecutive 3
16	-1e+09	-75.014389	-59.689587	-47.952652	-43.270855	-39.135925	-37.296356	-33.749466	-28.965439	-22.968605	-13.079082	-10.308532	-4.6019559	5.0113478	6.8481579	11.166883
17	-0.0064197793	0.013702458	0.054531516	0.074471162	0.081743966	0.075742039	0.04632822	0.032887178	-0.036851932	-0.0026167034	-0.0040324404	-0.052868557	-0.041347529	-0.095026082	-0.028594856	-0.017560895	-0.035964374
137	0	PRM breakage score max consecutive 3
14	-1e+09	-7.7952623	1.7352419	7.2720523	8.5203295	11.001763	16.531258	19.730341	30.64135	33.036915	37.449005	39.103813	41.031212	48.49054
15	-0.0056283235	-0.0056283235	4.2198819e-05	0.011883863	0.08902012	0.1049135	0.085546368	0.014733104	0.034276037	0.031487039	-0.063230371	-0.073749769	-0.075111629	0.013433506	-0.0056283235
138	0	PRM breakage score min consecutive 2
12	-1e+09	-65.055374	-53.128349	-50.44796	-43.87336	-40.476822	-33.314369	-18.042191	-10.235301	-2.7194643	-1.2914066	0.27964973
13	0.038920034	0.038920034	0.059382832	0.050413461	0.044877773	0.062730547	0.065535541	-0.023128574	0.028315861	-0.069283661	-0.035729694	0.048702337	0.038920034
139	0	PRM breakage score max consecutive 2
9	-1e+09	3.6505518	7.3647566	11.166665	11.990394	17.048744	18.99453	28.048845	34.331886
10	0.013059378	0.036710691	-0.0080641509	-0.046563064	-0.013841501	0.012598109	0.01966263	-0.038250199	0.01655196	0.0067349245
141	0	PRM #breakage scores 0 - -10
3	-1e+09	1	2
4	0.028685575	0.028685575	-0.02674551	0.028685575
143	0	PRM #breakage scores 8 - 15
4	-1e+09	0	1	2
5	-0.0065195288	-0.0065195288	0.0072452298	-0.015279163	-0.0065195288
144	0	PRM #breakage scores above 15
2	-1e+09	0
3	0.0075388673	0.0075388673	-0.0044676846
145	0	PRM %breakage scores below -10
5	-1e+09	0.14285715	0.33333334	0.42857143	0.5
6	0.042749177	0.042749177	0.063730381	0.028508617	-0.055938485	0.042749177
146	0	PRM %breakage scores below 0
7	-1e+09	0	0.2	0.5	0.5714286	0.80000001	0.83333331
8	0.023909205	0.023909205	0.028594685	0.015206135	0.00054135768	-0.030651146	0.0036246473	0.023909205
148	0	PRM %breakage scores above 8
6	-1e+09	0.2	0.33333334	0.40000001	0.5	0.60000002
7	-0.015899755	-0.015899755	0.017609305	-0.008838369	-0.011628938	-0.014528686	-0.015899755
149	0	PRM Score connected to N-terminal
4	-1e+09	-1.429204	4.5055265	6.6493649
5	0.034188414	0.034188414	0	0.0070186322	0.034188414
150	0	PRM Score connected to C-terminal
9	-1e+09	1.0193372	6.1743698	10.120949	11.105254	11.760466	13.390042	14.086528	17.153694
10	0.0045790491	0.0045790491	0.097588603	0.096249093	0.069673533	0.057112255	0.054351188	0.082689891	0.070122302	0.0045790491
151	0	PRM %breakages with 1 frag detected
4	-1e+09	0	0.14285715	0.16666667
5	-0.0091106067	-0.071199405	-0.05466389	0.039923363	0.065033204
152	0	PRM %breakages with 2 frag detected
6	-1e+09	0	0.14285715	0.16666667	0.2857143	0.42857146
7	-0.022146943	-0.086134188	-0.078675839	-0.06466117	0.057561116	0.045761722	0.062791521
153	0	PRM %breakages with > 5 frags detected
8	-1e+09	0	0.2	0.2857143	0.33333334	0.42857146	0.5	0.60000002
9	0.038309094	0.055529486	0.12619198	0.092156566	0.039413423	0.012667117	-0.13756865	-0.0024496698	0.012673657
154	0	PRM %breakages with dual orientation frags
8	-1e+09	0.14285715	0.16666667	0.2857143	0.40000001	0.42857146	0.5	0.83333337
9	-0.006947512	-0.11546868	-0.069101891	-0.024293904	0.044118996	0.05527688	0.059570173	0.076370074	0.085115032
155	0	PRM #orientation switches
3	-1e+09	0	1
4	0.093193099	0.11372302	-0.048334233	-0.06778772
157	0	COMP PPP frag 1 obs_ratio
8	-1e+09	0.25	0.33333334	0.5	0.5714286	0.60000002	0.66666669	0.71428573
9	0.31889672	0.31889672	0.35102127	0.1890484	0.26030091	0.034189996	0.17371054	0.21243529	0.31889672
158	0	COMP PPP frag 2 obs_ratio
10	-1e+09	0	0.14285715	0.2	0.2857143	0.40000001	0.42857143	0.5	0.71428573	0.83333331
11	-0.015945311	0.00091558129	0.0156136	-0.10078455	-0.14760578	-0.17319952	-0.19451376	-0.16352655	-0.25249803	-0.2017327	0.022778893
159	0	COMP PPP frag 3 obs_ratio
4	-1e+09	0.14285715	0.33333334	0.66666669
5	0	0	-0.03164431	-0.016546718	0
162	0	COMP PPP PARTMOBILE sum ranks of missed 1-5
14	-1e+09	13	24	25	28	29	31	37	39	41	58	60	65	70
15	0.30278747	0.30278747	0.031170836	0.05574373	0.05435892	0.10435457	0.10118921	0.17786054	0.15123987	0.16329369	0.17078298	0.19832004	0.25125914	0.28337715	0.30278747
163	0	COMP PPP NONMOBILE sum ranks of missed 1-5
4	-1e+09	25	27	51
5	0.075291199	0	0.049192018	0.2057957	0.15987638
164	0	COMP PPP sum ranks of missed 1-5
14	-1e+09	12	19	24	26	31	34	35	36	41	47	59	64	66
15	0.024882939	0.024882939	-0.35500335	-0.34374534	-0.2806927	-0.25194871	-0.22407351	-0.21918702	-0.21016017	-0.123841	-0.11420356	-0.027468052	0.0077544992	0.067749319	0.11161845
166	0	COMP PPP PARTMOBILE sum ranks of missed 6-10
11	-1e+09	52	62	65	68	70	83	86	97	101	115
12	0.080506101	0.080506101	0.07364046	0.098132042	0.089406899	0.026181622	0.024813801	0.01672107	0.0068656414	0.046840865	0.064939726	0.080506101
167	0	COMP PPP NONMOBILE sum ranks of missed 6-10
3	-1e+09	48	58
4	0.11129931	0.067631788	0	0.14336274
168	0	COMP PPP sum ranks of missed 6-10
6	-1e+09	65	78	84	88	99
7	0.019963596	0.019963596	0.00076474566	-0.019696476	-0.027077634	-0.0091869766	0.019963596
170	0	COMP PPP PARTMOBILE sum ranks of missed 11-15
9	-1e+09	90	95	99	100	115	125	130	145
10	0.12476838	0.12476838	0.071909725	0.052831899	0.039197054	0.068197385	0.029000331	0.032232624	0.10468049	0.12476838
172	0	COMP PPP sum ranks of missed 11-15
4	-1e+09	90	108	130
5	0.013201638	0.013201638	-0.017329625	0.011800912	0.013201638
173	0	COMB PPP observed rank of predicted rank 1
6	-1e+09	1	2	3	6	10
7	-0.10955133	0.13926869	0.075784786	-0.11199689	-0.19074996	-0.29939824	-0.43807716
174	0	COMB PPP observed rank of predicted rank 2
7	-1e+09	0	2	3	4	7	8
8	-0.18846957	0.015005532	0.062134928	-0.010469619	-0.047074479	-0.16254534	-0.20113473	-0.24774413
175	0	COMB PPP observed rank of predicted rank 3
6	-1e+09	3	5	7	9	14
7	0.065606514	0.11207399	0.064847066	0.015597759	-0.057503162	-0.095154334	0.030576077
176	0	COMB PPP observed rank of predicted rank 4
10	-1e+09	0	1	3	5	6	7	8	9	16
11	-0.038755354	-0.0095648805	0.022506946	0.075642083	0.012794464	-0.02794974	-0.0073132408	-0.040179608	-0.087718095	-0.12627085	-0.091316077
177	0	COMB PPP observed rank of predicted rank 5
10	-1e+09	0	2	3	5	6	7	8	9	10
11	-0.030775265	-0.030775265	-0.024195051	0.0090722994	0.053144281	0.030799654	0.016080574	-0.034397759	0.022736262	-0.0043668902	-0.030775265
178	0	COMB PPP observed rank of predicted rank 6
10	-1e+09	2	3	5	6	7	8	9	11	13
11	-0.069092865	-0.069092865	-0.042246256	-0.0064691935	-0.004920091	0.013582881	0.050494472	-0.022211553	-0.064671639	-0.1004487	-0.069092865
179	0	COMB PPP observed rank of predicted rank 7
8	-1e+09	3	5	6	8	9	11	13
9	-0.031896286	-0.031896286	0.030372859	0.08440117	0.087143982	0.025298902	-0.01026688	0.010304616	-0.031896286
180	0	COMB PPP predicted rank of observed rank 1
4	-1e+09	2	3	11
5	0.063412947	0.063412947	0.027991121	-0.033155003	0.063412947
181	0	COMB PPP predicted rank of observed rank 2
4	-1e+09	0	12	14
5	-0.041384703	-0.03854136	0.066294861	0.015743772	-0.050301295
182	0	COMB PPP predicted rank of observed rank 3
7	-1e+09	0	1	3	8	11	18
8	-0.022734527	-0.015418899	0.059762907	0.087068268	0.074317711	0.031164561	-0.10088219	-0.039097301
183	0	COMB PPP predicted rank of observed rank 4
5	-1e+09	1	9	11	21
6	0.026294813	0.030095975	0.046975327	0.009424195	-0.056458271	0.022878144
184	0	COMB PPP predicted rank of observed rank 5
8	-1e+09	0	1	3	6	8	14	16
9	0.004731896	0.004731896	0.019253403	0.01788148	0.024836327	-0.015552788	-0.043021783	0.011718181	0.004731896
185	0	COMB PPP predicted rank of observed rank 6
9	-1e+09	1	4	5	6	7	8	14	17
10	0.0062417241	0.0062417241	0.0089480019	-0.014806731	-0.017513009	-0.010726736	-0.012071538	0.001598683	-0.042938674	0.0062417241
186	0	COMB PPP predicted rank of observed rank 7
9	-1e+09	0	1	4	7	10	11	13	17
10	0.0016480611	0.0016480611	-0.0068825936	-0.019866675	-0.015663514	-0.0036090389	0.018592919	0.022037796	0.029249238	0.0016480611
187	0	COMB PPP rank of missed #1
10	-1e+09	1	2	3	4	6	7	8	9	11
11	-0.12215081	-0.38784185	-0.36461848	-0.17443493	-0.071126892	0.009970941	0.053573759	0.12146092	0.13731512	0.17032945	0.39196336
188	0	COMB PPP rank of missed #3
10	-1e+09	2	6	8	9	10	11	12	13	15
11	-0.0077390779	-0.15252391	-0.19240788	-0.22806354	-0.18240246	-0.17167967	-0.064758497	0.062288391	0.13980364	0.16210831	0.19556611
189	0	COMB PPP rank of missed #5
7	-1e+09	5	6	8	13	14	18
8	0.055962554	0.055962554	-0.057584561	-0.07068966	-0.089059417	-0.018430596	0.080752794	0.055962554
190	0	COMB PPP rank of missed #7
4	-1e+09	13	14	23
5	-0.0028659651	-0.0028659651	0.0060071563	-0.0043559497	-0.0028659651
192	0	COMB PPP rank of missed #11
3	-1e+09	18	21
4	-0.026197426	-0.026197426	0.014963454	-0.026197426
196	0	COMB PPP delta score #1
14	-1e+09	0.33007503	0.40965104	0.5660789	0.72313547	1.036705	1.2014902	1.4673336	1.6579781	1.759589	2.53283	2.7061384	3.1350808	3.8333144
15	-0.32717202	0.076025354	-0.080542547	-0.1790927	-0.1314454	-0.20469416	-0.25529279	-0.29027806	-0.50038333	-0.55227316	-0.55395212	-0.57443795	-0.71104755	-0.72003235	-0.78685363
197	0	COMB PPP delta score #2
14	-1e+09	-1.1632805	-0.80760908	-0.27387428	0.13084817	0.5005641	0.61949301	0.67977786	0.92284048	1.0551155	1.1979728	1.7397487	2.1381114	2.8359315
15	-0.18021968	0.10072439	0.08880146	0.079387115	-0.024299885	-0.077987077	-0.16162761	-0.25161495	-0.25853012	-0.25717786	-0.29035118	-0.36805971	-0.45227281	-0.56113034	-0.35993285
198	0	COMB PPP delta score #3
17	-1e+09	-2.0323143	-1.3718781	-0.81510901	-0.4187901	-0.32234144	-0.23265505	0.19041705	0.39687943	0.60208249	0.70673907	0.82401991	0.94677901	1.2353294	1.6265684	2.0748215	2.3164747
18	-0.12517113	-0.065189196	0.051568415	0.042910281	0.038717832	0.051608292	0.012866907	-0.024609351	-0.081961064	-0.058012179	-0.098620762	-0.097040899	-0.13942225	-0.15294225	-0.22706894	-0.2298392	-0.23256968	-0.2051486
199	0	COMB PPP delta score #4
19	-1e+09	-2.0585341	-1.4534268	-1.1658008	-0.96659207	-0.57715821	-0.39485455	-0.037693977	0	0.14488721	0.28998137	0.4828819	0.63787055	0.80639601	0.86799169	0.99892569	1.325784	1.4298389	1.5440295
20	-0.12440805	-0.12440805	0.061783106	0.093242804	0.11819041	0.14681811	0.12733271	0.039778033	0.091008393	0.075977593	0.059910848	0.019274964	0.050902263	0.019442565	-0.017782555	-0.051030533	-0.023704356	-0.1298752	-0.12031433	-0.12440805
200	0	COMB PPP delta score #5
19	-1e+09	-2.1249495	-1.6016905	-0.80170035	-0.41323376	-0.25956225	-0.00360322	0.15815282	0.29227161	0.33820748	0.43138576	0.6247431	0.67755783	0.84949958	1.0549352	1.1311934	1.2183415	1.5496236	1.7035216
20	-0.091180651	-0.091180651	0.0085183163	0.15190847	0.17326146	0.15786419	0.16967048	0.17674366	0.17206453	0.11339546	0.085473416	0.11956234	0.12157876	0.14754262	0.061949085	0.020152998	0.0005479082	-0.010985639	-0.053973294	-0.091180651
201	0	COMB PPP delta score #6
12	-1e+09	-2.1316838	-1.6106367	-0.79333282	0.39426446	0.52724314	0.6740123	0.97107995	1.0446138	1.1236606	1.2116686	1.5787946
13	-0.063671826	-0.040186319	0.0089258684	0.041398097	0.11613164	0.095366863	0.070193917	-0.00052610329	0.012951095	-0.009147037	-0.039632189	-0.044614727	-0.090749394
202	0	COMB PPP delta score #7
11	-1e+09	-2.0308783	-1.0421777	-0.64901328	-0.40155017	-0.33401227	0	0.50465202	0.54974723	0.75701368	1.1133957
12	-0.085852889	-0.040496108	0.024407397	0.054284207	0.12324654	0.056738066	0.044934412	0.063795208	0.023235949	-0.0066408613	-0.10224404	-0.12207401
203	0	COMB PPP dot prod pred-obs top 15
15	-1e+09	0.28828838	0.42176923	0.5005222	0.55587578	0.6220594	0.63220465	0.65909535	0.66782963	0.68696988	0.70422131	0.72872502	0.75523859	0.77906281	0.80722922
16	-0.027682605	-0.027682605	-0.11330393	-0.070825374	0.010693246	0.01350115	-0.0053238469	-0.036457516	-0.015099553	-0.0017090543	0.01629202	0.013380539	0.0021404574	-0.036492059	-0.0219087	-0.027682605
204	0	COMB PPP dot prod obs-pred top 15
17	-1e+09	0.24092673	0.42737281	0.50847572	0.52895844	0.64645296	0.66305649	0.72842586	0.74078739	0.75052887	0.8072176	0.8523789	0.87064677	0.91156071	0.92792422	0.94416565	0.97500557
18	-0.031266773	-0.031266773	-0.1250572	-0.10776689	-0.094443213	-0.10003669	-0.091772007	-0.048988348	-0.090026588	-0.074167607	-0.01206323	0.056861816	0.083105784	0.13702927	0.11540323	0.072979232	0.042525761	-0.031266773
205	0	COMB PPP dot prod pred-obs top 30
12	-1e+09	0.26334736	0.29954001	0.34042281	0.38370407	0.39345038	0.42818075	0.52022958	0.54134071	0.59407669	0.67900127	0.69867319
13	-0.0080757169	-0.0080757169	0.008263016	-0.049371744	-0.034008352	0.0044992649	0.0096650239	0.029935725	0.011923386	-0.037391752	-0.015457881	-0.014074661	-0.0080757169
206	0	COMB PPP dot prod obs-pred top 30
14	-1e+09	0.15631662	0.27728546	0.32990617	0.34319562	0.39555621	0.41942769	0.43020034	0.47262469	0.48065034	0.49308899	0.50238061	0.55509359	0.61355966
15	-0.0075481438	-0.0075481438	-0.032305212	-0.019738175	-0.015056083	-0.020675391	-0.017883733	-0.014068271	-0.009404332	-0.012546178	0.012672066	0.015389318	0.00077192442	0.015036086	-0.0075481438
207	0	COMB PPP dot prod pred-obs top 45
12	-1e+09	0.20809093	0.23668952	0.26899415	0.30319399	0.31089532	0.33833843	0.41107327	0.42775479	0.46942556	0.53653091	0.55207521
13	0.011956702	0.011956702	0.027694812	-0.043079451	-0.02557619	-0.003025738	0.0037055534	0.024151627	0.012568226	-0.030705793	-0.00076543386	0.00068368304	0.011956702
208	0	COMB PPP dot prod obs-pred top 45
12	-1e+09	0.12351774	0.21910448	0.26068413	0.27118516	0.33142197	0.33993426	0.37979868	0.38962743	0.39696944	0.438622	0.48482051
13	0.0072629402	0.0072629402	-0.040908978	-0.021903318	-0.012679834	-0.019881402	-0.011248964	0.0082438067	0.040915781	0.042277161	0.022409367	0.040843663	0.0072629402
