3 2
1  0.000 1.000 1000000000.000
4 0 1 3 5
1 0
1 4
1 13
0 29
1 29
1 45
0 90
1 90
0 156
1 156
0
209
138
5	0	TRYP #num missed tryp terminals
2	-1e+09	0
3	0.10471329	0.10471329	-0.20542914
7	0	TRYP #frags at digest when C-term is R
2	-1e+09	0
3	0.06959436	0	0.15237837
8	0	TRYP #frags at digest when C-term is K
3	-1e+09	3	4
4	-0.023939621	-0.023939621	0	-0.023939621
9	0	TRYP #frags at digest when C-term is other
5	-1e+09	1	2	3	4
6	-0.12837301	-0.087544843	-0.016150974	-0.05239037	-0.10530549	-0.17147946
12	0	TRYP AA at N-terminal When C-term is other
4	-1e+09	5	14	18
5	0	0	-0.084228328	-0.10104628	0
13	0	ANN PEAK diff from org pm_with_19
15	-1e+09	-2.9960938	-2.2961426	-1.9963379	-1.7963867	-1.7036133	-1.5961914	-1.0961914	-0.99633789	-0.7890625	-0.69628906	-0.58911133	-0.49633789	-0.29614258	-0.18896484
16	0.030021081	0.43136056	0.60319743	0.57448957	0.48396055	0.40546536	0.39151809	0.30600426	0.10033737	0.019998641	-0.0084150427	-0.032858458	-0.10651233	-0.21912378	-0.27004213	-0.35932812
15	0	ANN PEAK %ann intensity
20	-1e+09	0.10556052	0.12046126	0.15450257	0.16102894	0.16749753	0.18014477	0.20620373	0.2127987	0.23312631	0.24005529	0.24721363	0.2692301	0.29367626	0.30234826	0.3547864	0.3816444	0.3969999	0.41315174	0.48036629
21	0.022869927	0.30257545	0.21365412	0.14925901	0.1437866	0.13153733	0.06831487	-0.0044980071	-0.055053091	-0.060154432	-0.072868178	-0.14552349	-0.18360038	-0.22557556	-0.23633647	-0.25760669	-0.33157204	-0.37046908	-0.3751758	-0.36058284	-0.30417581
16	0	ANN PEAK %ann peaks
14	-1e+09	0.071999997	0.080291972	0.093333334	0.10447761	0.1119403	0.11450382	0.13333334	0.14285715	0.15517241	0.15789473	0.17391305	0.17777778	0.1971831
15	0.11275243	0.11275243	-0.030109183	-0.091356529	-0.14657492	-0.14891743	-0.097756775	-0.081282888	-0.065615618	0.017853255	-0.0076842244	-0.015013557	0.053962828	0.11521646	0.11275243
17	0	ANN PEAK #ann in top 25
6	-1e+09	2	3	4	6	8
7	0.10824894	0.10824894	-0.1042388	-0.086779472	-0.06769448	0.045306889	0.10824894
18	0	ANN PEAK #ann in top half (up to 50)
10	-1e+09	7	8	10	13	14	15	17	18	20
11	0.019618836	-0.26341178	-0.23596208	-0.19623797	-0.17392121	-0.076499583	-0.05735164	-0.0076566336	0.027451087	0.16984891	0.2738928
19	0	ANN PEAK #ann in top third - #ann in mid third
8	-1e+09	-5	-1	1	3	4	5	10
9	0.032887502	0.032887502	0.017693285	-0.030951809	-0.028589681	-0.019583828	-0.0033637552	0.018868706	0.032887502
20	0	ANN PEAK #ann in top third - #ann in last third
11	-1e+09	-1	1	2	3	5	7	8	9	13	14
12	0.054281383	0.054281383	-0.017675548	0.012216616	-0.046631823	-0.036196641	-0.020323787	-0.01449605	0.0015312283	0.013148529	0.032958364	0.054281383
21	0	ANN PEAK #ann in mid third - #ann in last third
6	-1e+09	-3	-2	-1	2	3
7	0.051920259	0.051920259	-0.015511904	-0.031784345	-0.043843183	-0.003580738	0.051920259
24	0	ANN PEAK #b-H2O annotated
4	-1e+09	0	1	3
5	0.061640189	0.075360223	0.024477399	-0.058905309	0.056567814
25	0	ANN PEAK #y2 annotated
6	-1e+09	0	1	2	4	5
7	0.27757646	0.20223447	0.067561139	-0.10429834	-0.27721698	-0.079558335	0.31470772
26	0	ANN PEAK #y-H2O annotated
3	-1e+09	0	1
4	-0.00040881042	-0.0084724995	-0.0035251026	0.016078611
27	0	ANN PEAK #b2 annotated
6	-1e+09	0	1	2	4	5
7	0.031378024	0.031378024	0.01333194	-0.021900764	-0.047995553	0.017035827	0.031378024
29	0	PEAK OFF y num frags detected
3	-1e+09	3	5
4	0.02244634	0.02244634	-0.011363564	0.02244634
30	0	PEAK OFF y max self offset
13	-1e+09	0.098926544	0.18287277	0.24018478	0.27647781	0.31615067	0.33693314	0.38105392	0.41444016	0.44591141	0.4556694	0.46513748	0.48326492
14	0.10780946	0.10780946	0.12920713	0.17036912	0.09225968	0.047920475	0.025843923	-0.054466005	-0.076033022	-0.085629598	-0.06495663	-0.057246975	-0.0024939147	0.029700024
31	0	PEAK OFF y avg self offset
13	-1e+09	0.05500412	0.064538322	0.073783875	0.096185684	0.13549805	0.14116439	0.19288406	0.22681808	0.26826859	0.29329911	0.37356439	0.39419937
14	0.19364075	0.17167975	0.090341788	0.063047554	0.019379467	-0.03893994	-0.088510379	-0.10397358	-0.10147889	-0.090572766	-0.028762385	-0.0094554852	0.16353934	0.21310978
32	0	PEAK OFF y max consecutive offset
12	-1e+09	0.055725098	0.069030762	0.13293457	0.15020752	0.15625	0.17999268	0.21936035	0.23532104	0.38562012	0.4256897	0.65933228
13	0.04862255	0.10549007	0.21029998	0.21266374	0.20587346	0.1851912	0.084806858	0.026672193	-0.055830971	-0.11732707	-0.1526981	-0.16232161	-0.11073824
33	0	PEAK OFF y avg consecutive offset
3	-1e+09	0.072929382	0.18726197
4	0	0	-0.024348234	0
34	0	PEAK OFF y grab offset #1
6	-1e+09	0.01171875	0.054992676	0.15673828	0.20458984	0.87329102
7	-0.090285786	-0.090285786	-0.037011403	-0.068342186	-0.031330782	-0.10594794	-0.090285786
35	0	PEAK OFF y grab offset #2
4	-1e+09	0.081787109	0.13397217	0.20385742
5	-0.005519153	0.021056186	0.042003168	-0.0088485813	-0.039904217
36	0	PEAK OFF y grab offset #3
3	-1e+09	0.32629395	2
4	-0.024705423	-0.024705423	0	-0.024705423
37	0	PEAK OFF b num frags detected
11	-1e+09	0.15550506	0.17650115	0.25782502	0.30015838	0.3430661	0.36558807	0.42894256	1	3	4
12	0.08954389	0.08954389	0.070978676	0.062731601	0.11437979	0.11679007	0.097271141	0.054058474	0.089723515	0.092156773	0.11679007	0.08954389
38	0	PEAK OFF b max self offset
13	-1e+09	0.029284358	0.088885188	0.12878418	0.14775985	0.16694367	0.20946014	0.22452408	0.24144256	0.2590501	0.2774533	0.35460174	0.39477122
14	0.13434292	0.13434292	0.14160976	0.076049502	0.04545548	0.017302186	0.020020811	0.024329597	0.056934789	0.10176295	0.091727602	0.13403931	0.14160976	0.13434292
39	0	PEAK OFF b avg self offset
12	-1e+09	0.039355159	0.11965708	0.13500977	0.14606073	0.15762909	0.20225799	0.20958221	0.28631592	0.39845002	0.42372039	0.45593262
13	0.1848728	0.1848728	0.24378349	0.23844004	0.1800797	0.10272446	0.061511459	0.0071894123	-0.020525169	-0.090289421	0.05253731	0.11740929	0.1848728
40	0	PEAK OFF b max consecutive offset
7	-1e+09	0.041418456	0.059704591	0.11923218	0.18212891	0.29896545	0.35067749
8	-0.10977476	-0.10977476	-0.097463209	-0.018900302	0	-0.081540217	-0.097702881	-0.10977476
41	0	PEAK OFF b avg consecutive offset
6	-1e+09	0.070892334	0.16165161	0.17602539	0.18392944	0.71166992
7	-0.0050908869	-0.0050908869	0	-0.012221725	-0.017077605	-0.030436966	-0.0050908869
45	0	PEP COMP start cat N (len 3)
3	-1e+09	6	12
4	-0.047301807	-0.18638238	-0.096141744	0.086245477
46	0	PEP COMP end cat C (len 3)
8	-1e+09	3	4	5	6	8	12	13
9	-0.22593937	-0.45869635	-0.309334	-0.090246543	-0.081580981	-0.065349426	-0.02814737	-0.0020437526	0.019225317
49	0	PEP COMP len 3 # cat 7-14
2	-1e+09	0
3	-0.024320417	-0.024320417	0
51	0	PEP COMP len 3 # cat 1-2
3	-1e+09	0	1
4	-0.0024436693	-0.0024436693	0	-0.0024436693
52	0	PEP COMP min cat, len 3
9	-1e+09	2	6	8	9	11	15	16	18
10	-0.010318457	-0.010318457	-0.043932148	-0.025433177	0.0055713793	0.031094346	0.043563708	0.0062515002	0.011203637	-0.010318457
53	0	PEP COMP avg cat, len 3
9	-1e+09	1.3333334	1.5	1.6666666	3.8333333	4.8333335	5	5.1666665	6.5
10	-0.0297628	-0.0297628	-0.017091182	-0.0051462384	0.00023041058	0.0097296302	0.047914694	0.027442956	0.0063112175	-0.0297628
54	0	PEP COMP before cat score 1
9	-1e+09	7	9	10	12	14	15	17	19
10	-0.0043929426	-0.0043929426	-0.053748865	-0.078629495	-0.10897263	0.098957503	0.11719654	-0.13647267	0.011672654	-0.0043929426
55	0	PEP COMP after cat score 1
12	-1e+09	3	5	7	8	11	12	13	14	15	17	19
13	-0.046327204	0.0098067555	0.069987375	0.0599769	0.038155349	-0.025758742	0.0092447312	0.087240165	-0.0026589856	-0.081479761	0.01592815	-0.08466952	-0.093588317
56	0	PEP COMP span cat score 1
5	-1e+09	9	12	17	18
6	-0.01002746	-0.01002746	0.031367534	-0.01893978	-0.024119914	-0.01002746
57	0	PEP COMP before cat score 2
9	-1e+09	4	5	7	11	13	14	16	19
10	0.022208151	0.022208151	0.0066817932	-0.0018121356	-0.032026115	-0.02033323	0.024732987	0.035427063	0.025391134	0.022208151
58	0	PEP COMP after cat score 2
11	-1e+09	3	5	8	9	12	14	15	16	17	19
12	-0.019987825	-0.015002164	0.050017728	0.14641667	0.058788434	0.043356153	0.030858771	0.077639337	0.098145716	0.14980824	0.088003592	-0.025326285
59	0	PEP COMP span cat score 2
11	-1e+09	1	2	3	7	10	15	16	17	18	19
12	0.031815756	0.031815756	0.064618092	-0.026915111	-0.057788667	-0.0087356097	-0.040451801	-0.051279266	-0.072917835	-0.10295133	-0.087693915	0.031815756
60	0	PEP COMP before cat score 3
9	-1e+09	3	7	8	11	13	14	15	17
10	-0.2250696	-0.2250696	-0.096141942	-0.17867053	-0.2342284	-0.19252763	-0.21364574	-0.24993355	-0.17062842	-0.2250696
61	0	PEP COMP after cat score 3
7	-1e+09	5	7	12	14	15	19
8	-0.14171615	-0.14171615	-0.11578374	-0.080447756	-0.11195213	-0.049178351	-0.031504371	-0.14171615
62	0	PEP COMP span cat score 3
12	-1e+09	1	3	4	5	7	8	9	10	16	17	19
13	-0.13525258	-0.13525258	-0.059724764	-0.12477166	-0.18037479	-0.17300151	-0.13864317	-0.1240872	-0.12647984	-0.12304267	-0.18747862	-0.19472824	-0.13525258
63	0	PEP COMP before cat score 4
8	-1e+09	5	8	12	15	16	17	18
9	-0.12339727	-0.095416908	-0.0023868456	-0.16659008	-0.3152181	-0.16570946	-0.036232896	-0.2087012	-0.15072392
64	0	PEP COMP after cat score 4
7	-1e+09	7	9	12	13	17	19
8	0.058547328	0.058547328	0.079994931	0.094295676	-0.1032158	0.10920857	0.13788321	0.058547328
65	0	PEP COMP span cat score 4
5	-1e+09	1	2	8	16
6	-0.085040408	-0.085040408	-0.012308855	-0.082366205	-0.050952577	-0.085040408
66	0	PEP COMP #aa A
2	-1e+09	1
3	0.021728248	0	0.050281317
71	0	PEP COMP #aa Q
2	-1e+09	1
3	-0.082409301	-0.38600995	-0.57496018
72	0	PEP COMP #aa E
2	-1e+09	1
3	-0.033038762	-0.071970712	-0.14548217
73	0	PEP COMP #aa G
2	-1e+09	1
3	0.097162672	0.094934896	0.28107715
74	0	PEP COMP #aa H
2	-1e+09	1
3	0.095683091	0.095683091	0
76	0	PEP COMP #aa K
2	-1e+09	1
3	0	0	-0.23069384
77	0	PEP COMP #aa M
2	-1e+09	1
3	0.14061991	0.14315138	0
78	0	PEP COMP #aa F
1	-1e+09
2	0	-0.20265187
79	0	PEP COMP #aa P
2	-1e+09	1
3	0.081665951	0.38399941	0.59282942
80	0	PEP COMP #aa S
2	-1e+09	1
3	-0.049827519	-0.056265581	0
81	0	PEP COMP #aa T
2	-1e+09	1
3	-0.0023631814	-0.0023631814	0
83	0	PEP COMP #aa Y
2	-1e+09	1
3	0.020216834	0.020216834	0
96	0	PRM N/-C delta mass
6	-1e+09	-0.6556778	-0.31745911	0.028503418	0.35394287	0.48793793
7	-0.18782665	-0.18782665	0.065020425	0.42056957	0.40241145	0.11586842	-0.18782665
102	0	PRM -N/C delta mass
20	-1e+09	-0.9282074	-0.55880737	-0.3910675	-0.3022995	-0.24344635	-0.079223633	-0.036140442	-0.023963928	-0.0021820068	0.11828613	0.13568115	0.1571579	0.18452454	0.22034454	0.27313995	0.49660492	0.69674683	0.83953094	0.92123413
21	-1.5825976	-1.5825976	-1.0137696	-0.29028131	-0.052605318	0.13468828	0.35241408	0.49763714	0.54978542	0.66625949	0.71749877	0.67552816	0.56521363	0.49239247	0.37773489	0.15251962	0.039921481	-0.061213751	-0.14523488	-0.69290838	-1.5825976
104	0	PRM -N/C average breakage score
5	-1e+09	-1.3098952	2.1015592	6.2719264	6.6772513
6	-0.047064422	-0.047064422	0.0028942794	-0.0044133185	-0.029370966	-0.047064422
106	0	PRM -N/C path score
5	-1e+09	29.038467	46.413662	57.368416	74.626556
6	-0.010779152	-0.018698928	-0.047429313	-0.039838776	-0.02893372	0
107	0	PRM -N/C average path score
7	-1e+09	4.8397446	7.7356105	9.132926	9.5614023	10.333145	12.437759
8	-0.10541552	-0.17393199	-0.22572421	-0.22077977	-0.21805318	-0.15514488	-0.1012939	0
108	0	PRM -N/-C delta mass
12	-1e+09	-0.86026001	-0.65467834	-0.39860535	-0.36493683	-0.33647919	-0.16645813	-0.115242	0.25141907	0.29207611	0.60510254	0.69763184
13	-0.022294997	-0.10584521	0.0949125	0.10018945	0.16758535	0.18089424	0.31636366	0.39238016	0.2982814	0.26056031	0.26295384	0.21199996	0.013674906
110	0	PRM -N/-C average breakage score
6	-1e+09	-0.96347117	2.3798611	5.0829096	7.1892486	7.7245545
7	0.096262434	0.096262434	0.059470191	0.03936593	0	0.054565772	0.096262434
112	0	PRM -N/-C path score
8	-1e+09	35.892178	45.279892	50.110352	56.375278	58.027531	64.527031	84.128151
9	0.05563344	0.05563344	0.045331228	0.031335629	0.033873916	0.026379061	0.0025382871	0.031306502	0.05563344
113	0	PRM -N/-C average path score
7	-1e+09	5.9820294	7.5466485	8.3517256	9.6712551	10.754505	14.021358
8	0.083886588	0.083886588	0.068087487	0.033310891	0.035717862	-0.0029233655	0.021805049	0.083886588
114	0	PRM path score
9	-1e+09	-35.853664	-19.266077	-3.4568491	-1.9336536	6.1990342	22.146416	26.200907	29.111338
10	-0.027512023	-0.027512023	-0.0031689578	0.033594225	0.025331156	0.014644982	0.0089542661	0.00061546184	-0.004472171	-0.027512023
115	0	PRM total breakage score
15	-1e+09	29.7992	36.94809	38.158638	40.343235	46.726177	54.72646	56.328842	61.525063	65.608643	72.093018	75.647873	77.884369	80.561546	84.121796
16	0.20038209	0.20038209	0.090395437	0.075544097	-0.042336146	-0.12574971	-0.1320271	-0.11947508	-0.14833942	-0.13177069	-0.1547039	-0.040062238	0.010343533	0.015465027	0.061591311	0.20038209
116	0	PRM SeqPath rank
12	-1e+09	0	1	3	6	9	12	22	27	52	58	73
13	-0.14023553	0.069536535	-0.02370426	-0.12161047	-0.14671277	-0.34018004	-0.34807734	-0.35703158	-0.34664407	-0.29102818	-0.2731422	-0.26694627	-0.23814173
117	0	PRM multipath score
8	-1e+09	42.139038	43.644043	47.213482	63.245766	65.544083	68.084946	75.340958
9	-0.045276149	-0.045276149	0.15062903	-0.036523055	-0.086497174	-0.1011562	-0.10353076	-0.074063189	-0.045276149
118	0	PRM delta score
20	-1e+09	0	3.0564346	4.7845955	5.5572739	7.7127838	8.4132004	9.7369308	11.010513	11.626247	12.861393	13.462357	16.44326	17.037552	18.851189	21.31303	21.978321	22.653721	27.172688	28.964531
21	0.5830166	0.98824817	0.8248555	0.68802873	0.62892562	0.61026032	0.65472197	0.50615019	0.52697492	0.47331029	0.46832808	0.40230138	0.39289961	0.30442676	0.31209504	0.29500833	0.2074887	0.13949353	0.068467438	-0.18411788	-0.21933238
119	0	PRM rank, delta score<=1.5
3	-1e+09	1	2
4	0.084338106	0.15550944	0.10471459	0
120	0	PRM rank, 1.5<delta score<=7.5
5	-1e+09	1	2	12	14
6	0	0	0.0074308201	0.026008944	0.020331138	0
121	0	PRM rank, 7.5<delta score<=15
9	-1e+09	7	14	20	21	25	31	34	38
10	-0.023682489	-0.023682489	0.027655369	0.064962255	0.082212235	0.092190574	0.089809208	0.087378271	-0.021117308	-0.023682489
122	0	PRM rank, delta score>15
4	-1e+09	39	43	64
5	-0.045190552	-0.045190552	0	-0.015342496	-0.045190552
128	0	PRM tag, rank if in top 20-all
14	-1e+09	1	3	5	7	13	30	46	85	193	242	349	399	537
15	0.19548024	0.39824353	0.33849824	0.30881762	0.28624574	0.28866226	0.24552147	0.2326632	0.23991292	0.1980408	0.19273905	0.12349208	0.032886001	0	0.070563204
130	0	PRM delta num breakage scores (missing)
3	-1e+09	-1	0
4	-0.016603853	-0.020569887	0.055638764	0.022120589
132	0	PRM num breakage scores
2	-1e+09	6
3	-0.0053335898	0.0098971029	-0.0053335898
133	0	PRM breakage score min 1
12	-1e+09	-26.20599	-20.863092	-18.818125	-15.693086	-14.207486	-11.357183	-10.83954	-9.8937807	-7.9975767	-7.111753	-3.3668582
13	-0.026455607	-0.026455607	-0.051179482	0.021809317	0.024226155	0.029209389	0.01385883	0.023760209	0.045368302	0.00060847863	-0.011789041	-0.018481211	-0.026455607
134	0	PRM breakage score min 2
8	-1e+09	-19.579735	-8.8132305	-5.3042121	-3.9351659	-3.6292737	-1.886564	-1.0339278
9	0.0074695981	-0.043068266	-0.086568281	-0.042228169	0.024528391	0.053460457	0.11797553	0.10964256	0.055337449
135	0	PRM breakage score min 3
12	-1e+09	-10.233542	-7.5588107	-2.6229792	-0.82103741	-0.28143397	1.6999838	2.396883	2.6498787	3.1563475	4.3403139	6.1810126
13	0.10689454	0.093167383	0.09553023	0.08482235	0.059873335	0.075234022	0.1030644	0.035719119	0.13423583	0.13661546	0.11850131	0.096387556	0.13095223
136	0	PRM breakage score min consecutive 3
12	-1e+09	-27.405296	-19.729839	-14.073831	-13.101068	-9.4447298	-8.564292	-1.8151245	4.378355	15.166671	17.077957	19.536831
13	0.086618455	0.086618455	0.038150287	0.0025960946	0.05794675	0.040903403	-0.067129732	-0.088839155	-0.093832379	-0.083415989	0.036378251	0.05968005	0.086618455
137	0	PRM breakage score max consecutive 3
9	-1e+09	2.4783602	13.759131	14.5199	17.45047	19.571215	32.790257	36.522263	39.901566
10	0.042435896	0.042435896	0.064123058	0.043422094	-0.053120481	-0.085432874	0.040302436	0.001129308	0.039205101	0.042435896
138	0	PRM breakage score min consecutive 2
15	-1e+09	-29.966282	-26.514648	-23.696438	-16.077747	-15.310897	-12.454472	-10.456581	-7.8412504	-3.9960904	-3.3569937	-1.991075	-1.2596526	1.8334873	4.7143626
16	-0.0065112821	-0.0065112821	0.074984123	-0.0064111146	-0.025588096	-0.0050608903	-0.025320683	-0.027741817	-0.020065647	-0.055994642	-0.032997559	0.011673782	0.01672138	0.063848369	0.033521969	-0.0065112821
139	0	PRM breakage score max consecutive 2
9	-1e+09	0.75654709	6.3771772	12.641825	16.752726	20.504932	21.00943	25.402065	31.750254
10	-0.015381401	-0.015381401	0.0082626235	-0.0015124904	0.028085752	0.071950156	0.040639895	-0.018763002	-0.051196223	-0.015381401
141	0	PRM #breakage scores 0 - -10
4	-1e+09	0	2	3
5	0.018328296	0.03218971	0.043624905	-0.012859561	0.018328296
142	0	PRM #breakage scores 0 - 8
5	-1e+09	0	2	3	4
6	-0.001223648	-0.001223648	-0.028540363	0.022708162	0.045822549	-0.001223648
147	0	PRM %breakage scores above 0
7	-1e+09	0.33333334	0.40000001	0.5	0.5714286	0.60000002	0.80000001
8	0.038261613	0.0096873936	-0.019755865	-0.027786954	-0.025391586	-0.021041773	0.0075324465	0.049197475
148	0	PRM %breakage scores above 8
4	-1e+09	0.14285715	0.33333334	0.5
5	-0.0088698328	-0.031376631	-0.013314273	0.031700697	0.0055853535
149	0	PRM Score connected to N-terminal
6	-1e+09	-4.0799851	2.9236176	3.1156468	3.7479343	5.4812222
7	0.17393703	0.17393703	-0.14436175	-0.051443209	0.064460303	0.068612039	0.17393703
150	0	PRM Score connected to C-terminal
5	-1e+09	0.043693274	0.23954973	2.2589178	2.75177
6	0.047820901	-0.0075899993	0.016975834	0.036544815	0.058507872	0.12094683
151	0	PRM %breakages with 1 frag detected
3	-1e+09	0	0.16666667
4	0.1009426	0.108042	-0.061042707	-0.070495051
152	0	PRM %breakages with 2 frag detected
5	-1e+09	0	0.2857143	0.33333334	0.42857146
6	0.0061665787	-0.036840244	-0.01252231	-0.0067509592	0.03783071	0.050282867
153	0	PRM %breakages with > 5 frags detected
2	-1e+09	0
3	0.04622833	0.077631832	-0.07659038
154	0	PRM %breakages with dual orientation frags
8	-1e+09	0.2857143	0.42857146	0.5714286	0.66666669	0.71428573	0.83333337	0.85714293
9	0.058948252	0.051281775	0.035904989	-0.014053998	0.0406449	0.016968575	0.042561772	0.028381145	0.073600615
155	0	PRM #orientation switches
2	-1e+09	0
3	0.031847675	0.043624419	-0.030373072
157	0	COMP PPP frag 1 obs_ratio
8	-1e+09	0.14285715	0.2	0.2857143	0.40000001	0.5	0.60000002	0.71428573
9	-0.0044253843	-0.061556347	-0.10588579	-0.21493578	-0.26572077	-0.22309985	-0.23670651	-0.17957555	0.028770892
158	0	COMP PPP frag 2 obs_ratio
6	-1e+09	0.14285715	0.40000001	0.60000002	0.71428573	0.80000001
7	0.12378946	0.025225106	-0.034595235	-0.039927183	-0.011352747	0.1390901	0.18159058
159	0	COMP PPP frag 3 obs_ratio
8	-1e+09	0.16666667	0.2857143	0.33333334	0.42857143	0.5714286	0.66666669	0.71428573
9	0.084063056	0.063702999	-0.055606492	-0.065316748	-0.076014809	-0.07907207	-0.019239308	-0.0068818975	0.089017785
161	0	COMP PPP MOBILE sum ranks of missed 1-5
9	-1e+09	15	31	33	35	36	43	49	50
10	0.24423077	0.020983639	-0.014537055	0.0016555144	0.048957135	0.17382781	0.11535343	0.33860056	0.34886973	0.36910145
164	0	COMP PPP sum ranks of missed 1-5
7	-1e+09	25	36	40	43	47	65
8	-0.11288032	-0.11288032	-0.02094035	-0.027429819	-0.047116784	-0.121988	-0.053840483	-0.044732805
165	0	COMP PPP MOBILE sum ranks of missed 6-10
4	-1e+09	63	65	100
5	-0.011600637	-0.011600637	0.0049440774	-0.01645705	-0.011600637
168	0	COMP PPP sum ranks of missed 6-10
4	-1e+09	72	79	98
5	-0.016335632	-0.016335632	0.022567147	0.017713115	-0.016335632
169	0	COMP PPP MOBILE sum ranks of missed 11-15
3	-1e+09	90	105
4	0.0052968611	0.0052968611	-0.015329833	0.0052968611
173	0	COMB PPP observed rank of predicted rank 1
5	-1e+09	1	2	3	5
6	0.015638695	0.11363619	0.039795578	-0.075915525	-0.1272408	-0.22185096
174	0	COMB PPP observed rank of predicted rank 2
7	-1e+09	0	1	2	3	6	9
8	-0.020339332	0.03448328	0.049146489	0.046227094	0.011729563	-0.043093049	-0.095895744	-0.046399807
175	0	COMB PPP observed rank of predicted rank 3
7	-1e+09	1	3	4	5	7	9
8	-0.0016809667	0.0073748901	0.0464433	0.038216616	-0.073620335	-0.088602533	-0.080922144	-0.058939899
176	0	COMB PPP observed rank of predicted rank 4
4	-1e+09	4	7	9
5	0.0040109226	0.062039764	-0.01397785	-0.084280585	-0.086686585
177	0	COMB PPP observed rank of predicted rank 5
5	-1e+09	0	2	5	6
6	-0.034457252	-0.031892966	-0.0078773853	0.018012472	-0.025730623	-0.039580073
178	0	COMB PPP observed rank of predicted rank 6
5	-1e+09	0	2	6	10
6	0	0	0.0095224931	0.045078481	0.035555988	0
179	0	COMB PPP observed rank of predicted rank 7
3	-1e+09	3	10
4	-0.035011875	-0.035011875	0	-0.035011875
180	0	COMB PPP predicted rank of observed rank 1
4	-1e+09	5	7	8
5	-0.022095498	-0.0042941656	0.031791311	-0.0012577192	-0.030849797
181	0	COMB PPP predicted rank of observed rank 2
8	-1e+09	0	3	5	6	8	9	15
9	-0.02949085	-0.00072288421	0.10659883	0.069703402	0.053980542	-0.0015030774	-0.070465427	-0.085580855	-0.066386281
182	0	COMB PPP predicted rank of observed rank 3
5	-1e+09	0	1	4	5
6	-0.0024323685	-0.0024323685	0.040977188	0.043409556	0	-0.0024323685
183	0	COMB PPP predicted rank of observed rank 4
5	-1e+09	4	5	6	16
6	0.0095890744	0.0095890744	-0.0072786444	-0.017966642	-0.025901746	0.0042138206
184	0	COMB PPP predicted rank of observed rank 5
6	-1e+09	1	5	6	7	10
7	0.03475737	0.03475737	0.058521964	-0.0054682543	-0.017264689	-0.045438751	0.03475737
185	0	COMB PPP predicted rank of observed rank 6
6	-1e+09	0	3	6	7	11
7	0.033164207	0.033164207	-0.037678036	-0.022090189	-0.043855087	-0.059442934	0.033164207
186	0	COMB PPP predicted rank of observed rank 7
6	-1e+09	0	2	7	8	11
7	-0.040120873	-0.031961053	-0.024456338	0.027188304	-0.041567136	-0.087168224	-0.054406569
187	0	COMB PPP rank of missed #1
11	-1e+09	0	1	2	3	4	5	6	7	8	9
12	-0.32509686	-0.65492127	-0.6330019	-0.56246532	-0.39620523	-0.44761883	-0.23111973	-0.14069674	-0.16751739	-0.045245131	0.0067698237	0.032646455
188	0	COMB PPP rank of missed #3
7	-1e+09	5	7	11	12	13	14
8	0.086948045	0.010339886	0.0003669885	0.076975148	0.043759354	0.068499729	0.079748648	0.086948045
189	0	COMB PPP rank of missed #5
4	-1e+09	12	13	18
5	0.035010237	0.035010237	0.0023785467	-0.016798951	0.035010237
191	0	COMB PPP rank of missed #9
3	-1e+09	12	22
4	0.012781901	0.012781901	-0.0079209893	0.012781901
196	0	COMB PPP delta score #1
12	-1e+09	0.16601706	0.21324134	0.39625311	0.57264447	0.6170969	0.90704417	1.0153694	1.3264208	1.7837504	1.9139304	2.27595
13	0.090504896	0.31489645	0.24237869	0.22399492	0.24513908	0.15885863	0.12696331	0.087947977	0.079009425	0.019572352	0.0024478264	-0.052033696	-0.086280448
197	0	COMB PPP delta score #2
11	-1e+09	-0.5222187	-0.28783631	-0.054149628	0.12958717	0.34301734	0.51408124	0.60456944	0.80528951	1.1053591	1.4510627
12	-0.16449911	-0.001746418	-0.02852107	-0.097925375	-0.076919244	-0.14514139	-0.10335208	-0.16440111	-0.20300005	-0.27834401	-0.29177629	-0.31691811
198	0	COMB PPP delta score #3
14	-1e+09	-0.52902889	-0.43862867	-0.15805292	-0.10156059	0.14749622	0.18902993	0.35653281	0.39948249	0.53413868	0.68504214	0.79556465	0.98966074	1.9688798
15	-0.22353815	-0.09490591	-0.0010932159	0.016774835	-0.01771876	-0.050126445	-0.081216093	-0.087785806	-0.1096788	-0.14756917	-0.12359992	-0.17856589	-0.21836628	-0.20859379	-0.31605734
199	0	COMB PPP delta score #4
18	-1e+09	-1.1848116	-0.93161654	-0.48031902	-0.34191012	-0.27857065	-0.11245537	0	0.042328119	0.35411024	0.44832993	0.54778838	0.59954405	0.71055889	0.83212304	1.2408381	1.3473765	2.359216
19	0.11090651	0.15610694	0.19113206	0.28506531	0.27165705	0.25596392	0.2227155	0.24899478	0.23490872	0.23222183	0.26775531	0.26304974	0.29996379	0.24272197	0.2220337	0.17348969	0.10905479	0.10625584	0.083828338
200	0	COMB PPP delta score #5
12	-1e+09	-1.3566506	-1.0664532	-0.56518555	-0.22958088	-0.019178152	0.063512325	0.20620298	0.30248451	0.67691827	0.94953358	1.5650082
13	0.02590605	0.02590605	0.22685205	0.27375127	0.18222946	0.1923401	0.28710398	0.30106049	0.28118959	0.26608808	0.15646818	0.082425851	0.02590605
201	0	COMB PPP delta score #6
13	-1e+09	-0.97305489	-0.71963406	-0.53299475	-0.45478749	-0.38337684	-0.088116407	0.062942743	0.11197829	0.52335668	1.1644874	1.5047704	1.6536963
14	0.05539122	0.10636971	0.12249455	0.15519838	0.15756249	0.1986632	0.19621152	0.20149837	0.19570186	0.19065742	0.16020653	0.10405748	0.032902236	0.0024516785
202	0	COMB PPP delta score #7
8	-1e+09	-0.88178372	-0.22530842	-0.16378546	0.29193926	0.70988131	1.19225	1.5392838
9	-0.06556571	-0.040748113	0.026008289	0.01243475	-0.014534207	0.058143963	-0.087183032	-0.02053815	-0.096014799
203	0	COMB PPP dot prod pred-obs top 15
12	-1e+09	0.4304325	0.54087257	0.55989236	0.60051811	0.61725789	0.63273537	0.66262734	0.67041212	0.70914674	0.73602557	0.78841817
13	-0.086092266	-0.086092266	-0.063477795	-0.0040638014	-0.0013012489	0.038303087	0.10372963	0.12510549	0.086201554	0.015971724	-0.0058563855	-0.021802877	-0.086092266
204	0	COMB PPP dot prod obs-pred top 15
13	-1e+09	0.42999488	0.51087654	0.59894282	0.6232385	0.63180977	0.63817519	0.66583037	0.6804589	0.68994361	0.69652104	0.76028699	0.77637339
14	0.026990173	0.0023582515	0.022749789	-0.024254568	-0.02670873	-0.029091431	-0.090916349	-0.098413281	-0.050500383	-0.045923574	-0.026220564	0.01147026	0.040808637	0.054352287
205	0	COMB PPP dot prod pred-obs top 30
12	-1e+09	0.18876283	0.34149298	0.35667098	0.39579868	0.40268868	0.44622996	0.46294555	0.49671936	0.52114797	0.53937626	0.56131375
13	0.049376288	0.029451704	0.00014995299	-0.013975887	-0.021015877	-0.072409485	-0.08984739	-0.061433763	-0.066595836	-0.043914459	0.019067936	0.06799304	0.090291974
206	0	COMB PPP dot prod obs-pred top 30
4	-1e+09	0.24811369	0.38860247	0.43200946
5	0.0048213551	0.0048213551	0.0023909911	0	0.0048213551
207	0	COMB PPP dot prod pred-obs top 45
10	-1e+09	0.14915597	0.26983979	0.31275088	0.31819519	0.35260049	0.36580878	0.39249605	0.42620251	0.44353703
11	0.023869632	0.023869632	0.018129922	0.013010872	0.010493975	0.0021705859	0.010582127	-0.0078958219	-0.0026956261	0.0027337564	0.023869632
208	0	COMB PPP dot prod obs-pred top 45
6	-1e+09	0.20385443	0.26191497	0.30706459	0.32391635	0.34136379
7	0.025258685	0.025258685	0.020377174	0.0030014859	-0.0079931746	-0.023989274	0.025258685
